wavelength species excitation loggf disassociation_energy comment
4792.152 106.00112 1.78 -6.131 3.464 AX23R225
4792.177 25.0 4.675 -1.59 "" ""
4792.213 14.0 4.93 -2.12 NIST/D ""
4792.217 24.0 3.419 -4.67 "" ""
4792.242 106.00112 1.78 -3.004 3.464 AX23Q235
4792.243 106.00112 1.152 -5.131 3.464 AX01P225
4792.249 22.0 0.812 -3.32 LAWLER ""
4792.264 106.00112 1.78 -2.931 3.464 AX23Q225
4792.281 106.00112 0.839 -6.559 3.464 BX02R105
4792.287 106.00112 1.152 -2.723 3.464 AX01Q215
4792.324 14.0 4.954 -1.53 NIST/D ""
4792.331 112.00124 0.009 -1.725 1.340 10R103b24
4792.354 106.00112 1.78 -5.229 3.464 AX23P235
4792.397 26.0 4.792 -2.07 "" ""
4792.407 6.0 7.94 -3.47 "" ""
4792.425 106.00113 0.52 -3.258 3.464 AX01R095
4792.426 112.00124 0.239 -3.701 1.340 21R209b24
4792.431 26.0 4.73 -3.15 "" ""
4792.432 22.1 1.236 -3.33 "" ""
4792.48 112.00124 0.239 -0.866 1.340 21Q109b24
4792.482 22.0 2.332 -0.14 LAWLER ""
4792.492 27.0 4.069 -2.36 "" ""
4792.509 24.0 3.11 -0.35 "" ""
4792.52 26.0 4.175 -3.19 "" ""
4792.544 112.00124 0.227 -0.966 1.340 21Q208b24
4792.579 63.0 1.667 -0.48 "" ""
4792.582 79.0 5.101 0.27 "" ""
4792.592 112.00124 0.227 -3.661 1.340 21P108b24
4792.625 60.0 0.0 -1.16 "" ""
4792.642 26.0 2.756 -4.89 "" ""
4792.659 6.0 7.94 -2.79 "" ""
4792.679 106.00113 0.52 -3.231 3.464 AX01R105
4792.701 106.00113 0.52 -4.904 3.464 AX01Q105
4792.74 42.0 2.595 -1.03 "" ""
4792.846 27.0 3.25 -0.07 "" ""
4792.896 106.00112 1.092 -5.337 3.464 BX12P155
4792.896 24.0 3.432 -2.66 "" ""
4792.916 112.00124 0.19 -0.923 1.340 10Q216b24
4792.924 21.0 3.055 -1.31 "" ""
4792.935 23.0 2.357 -0.81 "" ""
4792.944 58.1 1.212 -1.75 LAWLER ""
4792.961 21.0 3.055 -1.52 "" ""
4793.0 24.0 4.609 -3.27 "" ""
4793.01 112.00124 0.19 -4.282 1.340 10P116b24
4793.056 112.00124 0.216 -1.026 1.340 21Q207b24
4793.059 106.00113 1.364 -3.42 3.464 AX34R075
4793.06 112.00124 0.227 -3.656 1.340 21R208b24
4793.092 22.1 5.9 -3.14 "" ""
4793.099 112.00124 0.216 -3.614 1.340 21P107b24
4793.109 112.00124 0.227 -0.912 1.340 21Q108b24
4793.124 24.1 6.636 -2.43 "" ""
4793.125 58.1 1.405 -0.74 "" ""
4793.178 112.00124 0.19 -4.281 1.340 10R216b24
4793.205 106.00112 1.986 -3.424 3.464 AX23Q265
4793.235 106.00112 1.316 -2.647 3.464 AX12Q205
4793.255 106.00112 1.316 -5.379 3.464 AX12R195
4793.272 112.00124 0.19 -0.897 1.340 10Q116b24
4793.273 40.0 1.778 -0.83 "" ""
4793.28 106.00112 1.986 -7.947 3.464 AX23R255
4793.294 106.00113 2.161 -4.935 3.464 AX55P205
4793.314 26.0 4.368 -3.79 "" ""
4793.314 607.01314 2.653 -1.967 7.724 0710Rb0385
4793.323 106.00112 1.986 -5.446 3.464 AX23P265
4793.35 106.00113 0.521 -3.258 3.464 AX01R095
4793.352 106.00113 1.364 -4.8 3.464 AX34Q085
4793.356 106.00112 1.316 -4.954 3.464 AX12P205
4793.362 607.01314 2.653 -5.434 7.724 0710Qd0395
4793.377 106.00112 1.316 -2.642 3.464 AX12Q195
4793.381 106.00112 1.916 -3.235 3.464 AX23Q255
4793.381 106.00113 1.364 -3.409 3.464 AX34R085
4793.398 106.00112 1.986 -3.235 3.464 AX23Q255
4793.407 22.0 3.087 -3.18 "" ""
4793.409 42.0 2.596 -1.18 "" ""
4793.423 28.0 3.703 -2.19 "" ""
4793.45 106.00112 1.916 -6.88 3.464 AX23R245
4793.489 112.00124 0.206 -1.097 1.340 21Q206b24
4793.498 106.00112 1.916 -5.352 3.464 AX23P255
4793.503 23.1 3.75 -5.01 "" ""
4793.526 112.00124 0.206 -3.564 1.340 21P106b24
4793.53 106.00113 0.521 -3.231 3.464 AX01R105
4793.534 106.00112 2.204 -6.184 3.464 AX23R285
4793.548 106.00113 0.521 -4.887 3.464 AX01Q105
4793.554 25.1 6.181 -3.65 "" ""
4793.566 106.00112 1.916 -3.102 3.464 AX23Q245
4793.572 23.0 2.876 -2.39 "" ""
4793.609 106.00112 2.204 -8.103 3.464 AX23Q295
4793.611 106.00113 1.365 -3.42 3.464 AX34R075
4793.611 112.00124 0.177 -1.967 1.340 21R100b24
4793.616 42.0 2.985 -1.55 "" ""
4793.636 112.00124 0.216 -3.606 1.340 21R207b24
4793.648 106.00112 2.204 -4.254 3.464 AX23Q285
4793.679 112.00124 0.216 -0.964 1.340 21Q107b24
4793.695 106.00113 1.614 -6.243 3.464 AX45R075
4793.696 25.0 4.662 -2.99 "" ""
4793.714 106.00112 0.522 -3.258 3.464 AX01R095
4793.724 106.00112 2.204 -5.934 3.464 AX23P295
4793.787 112.00124 0.348 -1.903 1.340 32Q201b24
4793.796 112.00124 0.348 -2.204 1.340 32P101b24
4793.818 42.0 3.393 -0.89 "" ""
4793.838 112.00124 0.198 -1.182 1.340 21Q205b24
4793.852 106.00113 1.365 -4.786 3.464 AX34Q085
4793.862 106.00112 2.058 -3.715 3.464 AX23Q275
4793.866 106.00113 1.365 -3.409 3.464 AX34R085
4793.87 112.00124 0.198 -3.511 1.340 21P105b24
4793.943 106.00112 2.058 -7.545 3.464 AX23R265
4793.961 26.0 3.045 -3.53 "" ""
4793.965 106.00112 0.522 -3.23 3.464 AX01R105
4793.979 106.00112 2.058 -5.562 3.464 AX23P275
4793.985 106.00112 0.522 -4.903 3.464 AX01Q105
4793.993 76.0 0.515 -1.99 "" ""
4794.015 20.0 5.041 -3.24 "" ""
4794.056 106.00113 1.614 -6.219 3.464 AX45R075
4794.06 106.00112 2.058 -3.424 3.464 AX23Q265
4794.069 112.00124 0.168 -0.95 1.340 10Q215b24
4794.091 112.00124 0.191 -1.292 1.340 21Q204b24
4794.117 112.00124 0.191 -3.459 1.340 21P104b24
4794.152 112.00124 0.206 -3.552 1.340 21R206b24
4794.158 112.00124 0.168 -4.254 1.340 10P115b24
4794.18 112.00124 0.182 -1.703 1.340 21Q202b24
4794.19 112.00124 0.206 -1.024 1.340 21Q106b24
4794.195 112.00124 0.182 -3.471 1.340 21P102b24
4794.215 106.00112 1.316 -6.045 3.464 BX02R205
4794.216 21.0 2.109 -3.63 "" ""
4794.223 112.00124 0.186 -1.445 1.340 21Q203b24
4794.225 106.00113 1.031 -3.257 3.464 AX23R055
4794.23 27.0 4.069 -1.39 "" ""
4794.24 112.00124 0.004 -1.879 1.340 10R202b24
4794.243 106.00112 1.848 -3.102 3.464 AX23Q245
4794.243 112.00124 0.186 -3.423 1.340 21P103b24
4794.244 112.00124 0.0 -2.398 1.340 10R100b24
4794.245 106.00112 1.716 -5.929 3.464 AX23R215
4794.255 112.00124 0.004 -2.797 1.340 10Q102b24
4794.304 106.00112 1.848 -6.437 3.464 AX23R235
4794.341 106.00112 1.716 -2.931 3.464 AX23Q225
4794.344 112.00124 0.168 -4.253 1.340 10R215b24
4794.344 25.0 5.21 -0.56 "" ""
4794.354 26.0 2.422 -4.05 "" ""
4794.355 106.00112 1.716 -2.875 3.464 AX23Q215
4794.358 106.00112 1.848 -5.272 3.464 AX23P245
4794.386 44.0 1.062 -1.93 "" ""
4794.415 26.0 2.48 -8.61 "" ""
4794.419 106.00112 1.848 -3.004 3.464 AX23Q235
4794.433 112.00124 0.168 -0.922 1.340 10Q115b24
4794.45 106.00112 1.716 -5.168 3.464 AX23P225
4794.556 106.00113 1.031 -3.257 3.464 AX23R055
4794.568 23.1 1.702 -8.82 "" ""
4794.574 106.00112 1.368 -3.42 3.464 AX34R075
4794.601 42.0 3.209 -1.23 "" ""
4794.615 112.00124 0.198 -3.491 1.340 21R205b24
4794.647 112.00124 0.198 -1.094 1.340 21Q105b24
4794.65 106.00113 1.031 -4.487 3.464 AX23Q065
4794.655 106.00112 0.523 -3.258 3.464 AX01R095
4794.684 106.00113 1.25 -5.292 3.464 AX12R185
4794.714 106.00113 1.031 -3.211 3.464 AX23R065
4794.792 106.00113 1.25 -2.642 3.464 AX12Q195
4794.792 106.00113 1.648 -2.876 3.464 AX23Q215
4794.794 106.00113 1.25 -2.642 3.464 AX12Q185
4794.8 24.1 7.38 -2.58 "" ""
4794.814 22.1 1.13 -4.04 "" ""
4794.825 106.00112 0.523 -3.231 3.464 AX01R105
4794.839 106.00113 1.648 -5.796 3.464 AX23R205
4794.844 106.00112 0.523 -4.887 3.464 AX01Q105
4794.873 106.00112 1.368 -4.799 3.464 AX34Q085
4794.898 106.00112 1.368 -3.408 3.464 AX34R085
4794.902 106.00113 1.25 -4.945 3.464 AX12P195
4794.91 21.0 3.081 -3.43 "" ""
4794.94 40.0 1.529 -1.15 "" ""
4794.944 106.00113 1.648 -5.091 3.464 AX23P215
4794.946 106.00113 1.032 -4.476 3.464 AX23Q065
4794.968 25.0 4.824 -2.36 "" ""
4794.977 23.0 3.071 -1.42 "" ""
4794.991 106.00113 1.648 -2.833 3.464 AX23Q205
4795.02 106.00113 1.032 -3.211 3.464 AX23R065
4795.028 112.00124 0.191 -3.423 1.340 21R204b24
4795.033 106.00113 1.588 -5.638 3.464 AX23R195
4795.054 112.00124 0.191 -1.178 1.340 21Q104b24
4795.099 23.0 2.614 -0.59 "" ""
4795.1 106.00113 0.388 -5.464 3.464 AX01R055
4795.117 112.00124 0.351 -2.055 1.340 32Q202b24
4795.119 106.00113 1.588 -2.833 3.464 AX23Q205
4795.126 106.00112 1.368 -3.42 3.464 AX34R075
4795.131 112.00124 0.351 -1.833 1.340 32P102b24
4795.152 106.00113 1.588 -2.801 3.464 AX23Q195
4795.156 112.00124 0.147 -0.979 1.340 10Q214b24
4795.184 58.1 0.559 -1.41 LAWLER ""
4795.237 106.00113 1.588 -5.065 3.464 AX23P205
4795.24 112.00124 0.147 -4.225 1.340 10P114b24
4795.278 22.0 3.437 -3.98 "" ""
4795.323 106.00113 0.388 -5.445 3.464 AX01R055
4795.323 26.0 4.831 -2.38 "" ""
4795.345 112.00124 0.004 -1.826 1.340 10R102b24
4795.354 106.00113 1.078 -5.458 3.464 AX01R205
4795.362 42.0 3.441 -1.47 "" ""
4795.37 106.00112 1.369 -4.785 3.464 AX34Q085
4795.395 106.00112 1.369 -3.409 3.464 AX34R085
4795.403 112.00124 0.186 -3.349 1.340 21R203b24
4795.423 112.00124 0.186 -1.285 1.340 21Q103b24
4795.447 106.00113 1.078 -2.724 3.464 AX01Q215
4795.447 112.00124 0.147 -4.224 1.340 10R214b24
4795.447 22.0 3.421 -4.17 "" ""
4795.468 112.00124 0.355 -2.128 1.340 32P203b24
4795.491 106.00113 1.078 -2.729 3.464 AX01Q205
4795.517 23.1 6.141 -2.83 "" ""
4795.521 106.00112 2.131 -4.254 3.464 AX23Q285
4795.529 24.0 4.851 -0.61 "" ""
4795.531 112.00124 0.147 -0.949 1.340 10Q114b24
4795.554 58.1 0.976 -1.13 LAWLER ""
4795.563 44.0 0.997 -2.03 "" ""
4795.584 106.00113 1.078 -5.131 3.464 AX01P215
4795.599 607.01314 2.638 -1.977 7.724 0710Rb0375
4795.607 106.00112 2.131 -6.667 3.464 AX23R275
4795.637 106.00112 2.131 -5.708 3.464 AX23P285
4795.645 607.01314 2.638 -5.423 7.724 0710Qd0385
4795.665 106.00112 1.782 -3.005 3.464 AX23Q235
4795.665 77.0 1.514 -2.41 "" ""
4795.678 106.00112 1.034 -3.257 3.464 AX23R055
4795.717 106.00112 1.782 -6.159 3.464 AX23R225
4795.718 607.01314 2.653 -1.958 7.724 0710Ra0395
4795.724 106.00112 2.131 -3.715 3.464 AX23Q275
4795.761 112.00124 0.182 -3.277 1.340 21R202b24
4795.776 112.00124 0.182 -1.428 1.340 21Q102b24
4795.778 106.00112 1.782 -5.204 3.464 AX23P235
4795.8 28.0 3.655 -2.44 LAWLER ""
4795.812 21.0 2.336 -1.8 "" ""
4795.83 106.00112 1.782 -2.931 3.464 AX23Q225
4795.846 27.0 3.949 -1.64 "" ""
4795.86 6.0 7.94 -3.02 "" ""
4795.915 25.0 5.108 -2.27 "" ""
4795.921 106.00112 1.255 -5.292 3.464 AX12R185
4795.982 26.0 4.14 -3.79 "" ""
4796.007 23.0 3.085 -1.11 "" ""
4796.021 106.00112 1.034 -3.257 3.464 AX23R055
4796.021 28.0 3.696 -5.12 "" ""
4796.034 106.00112 1.255 -2.642 3.464 AX12Q185
4796.04 106.00112 1.255 -2.642 3.464 AX12Q195
4796.048 26.0 4.792 -1.47 "" ""
4796.107 106.00112 1.034 -4.486 3.464 AX23Q065
4796.113 6.0 7.94 -3.6 "" ""
4796.118 23.0 1.929 -2.33 "" ""
4796.118 24.0 4.189 -0.31 "" ""
4796.153 106.00112 1.255 -4.945 3.464 AX12P195
4796.157 112.00124 0.179 -3.25 1.340 21R201b24
4796.166 112.00124 0.179 -1.645 1.340 21Q101b24
4796.171 106.00112 1.034 -3.21 3.464 AX23R065
4796.177 112.00124 0.128 -1.011 1.340 10Q213b24
4796.207 22.0 2.331 -0.51 LAWLER ""
4796.222 106.00113 0.75 -3.189 3.464 AX12R065
4796.255 112.00124 0.128 -4.194 1.340 10P113b24
4796.278 106.00113 1.276 -5.135 3.464 AX34R035
4796.32 106.00113 0.804 -6.585 3.464 BX02R095
4796.348 106.00113 1.276 -5.122 3.464 AX34R035
4796.353 22.0 1.878 -2.74 LAWLER ""
4796.364 24.1 6.6 -3.99 "" ""
4796.366 25.0 5.177 -4.04 "" ""
4796.366 27.0 0.431 -4.91 "" ""
4796.392 21.0 1.942 -3.26 "" ""
4796.406 106.00112 1.035 -4.476 3.464 AX23Q065
4796.428 106.00112 0.389 -5.464 3.464 AX01R055
4796.472 106.00112 1.035 -3.211 3.464 AX23R065
4796.481 25.0 4.709 -3.18 "" ""
4796.486 112.00124 0.128 -4.193 1.340 10R213b24
4796.495 23.0 2.121 -2.63 "" ""
4796.505 106.00112 1.083 -5.457 3.464 AX01R205
4796.517 42.0 2.644 -0.69 "" ""
4796.539 24.1 7.381 -3.34 "" ""
4796.565 112.00124 0.128 -0.978 1.340 10Q113b24
4796.602 26.0 4.792 -3.52 "" ""
4796.607 106.00113 0.75 -4.557 3.464 AX12Q075
4796.612 106.00112 1.083 -2.724 3.464 AX01Q215
4796.636 106.00113 0.75 -3.147 3.464 AX12R075
4796.645 25.0 4.426 -2.24 "" ""
4796.651 106.00112 1.083 -2.729 3.464 AX01Q205
4796.655 106.00112 0.389 -5.445 3.464 AX01R055
4796.668 57.1139 0.926 -3.749 Lawle01HFS ""
4796.668 57.1139 0.926 -3.771 Lawle01HFS ""
4796.668 57.1139 0.926 -3.859 Lawle01HFS ""
4796.669 57.1139 0.926 -3.88 Lawle01HFS ""
4796.669 57.1139 0.926 -4.091 Lawle01HFS ""
4796.67 57.1139 0.926 -3.198 Lawle01HFS ""
4796.67 57.1139 0.926 -3.381 Lawle01HFS ""
4796.671 57.1139 0.926 -3.076 Lawle01HFS ""
4796.671 57.1139 0.926 -3.527 Lawle01HFS ""
4796.671 57.1139 0.926 -4.496 Lawle01HFS ""
4796.672 57.1139 0.926 -3.015 Lawle01HFS ""
4796.673 57.1139 0.926 -3.185 Lawle01HFS ""
4796.674 57.1139 0.926 -3.011 Lawle01HFS ""
4796.675 57.1139 0.926 -2.951 Lawle01HFS ""
4796.676 57.1139 0.926 -3.077 Lawle01HFS ""
4796.677 57.1139 0.926 -2.766 Lawle01HFS ""
4796.678 57.1139 0.926 -3.282 Lawle01HFS ""
4796.68 57.1139 0.926 -2.61 Lawle01HFS ""
4796.683 57.1139 0.926 -2.474 Lawle01HFS ""
4796.687 57.1139 0.926 -2.353 Lawle01HFS ""
4796.691 106.00113 0.75 -3.189 3.464 AX12R065
4796.694 106.00112 1.654 -5.77 3.464 AX23R205
4796.718 112.00124 0.177 -2.035 1.340 21Q100b24
4796.735 23.0 2.579 -2.27 "" ""
4796.748 28.1 4.029 -5.75 "" ""
4796.759 106.00112 1.083 -5.131 3.464 AX01P215
4796.795 106.00112 1.654 -2.875 3.464 AX23Q215
4796.799 106.00112 1.654 -2.832 3.464 AX23Q205
4796.821 24.0 3.447 -4.15 "" ""
4796.874 112.00124 0.001 -2.01 1.340 10R201b24
4796.88 24.0 4.156 -0.8 "" ""
4796.883 112.00124 0.001 -2.775 1.340 10Q101b24
4796.9 106.00112 1.654 -5.114 3.464 AX23P215
4796.908 23.0 2.096 0.19 LAWNOHFS ""
4796.962 22.0 3.125 -2.47 "" ""
4797.021 106.00113 0.75 -4.545 3.464 AX12Q075
4797.025 29.0 5.149 -2.08 "" ""
4797.057 27.0 4.172 -3.15 "" ""
4797.065 106.00113 0.75 -3.147 3.464 AX12R075
4797.129 112.00124 0.11 -1.045 1.340 10Q212b24
4797.15 60.1 0.559 -0.69 LAWLER ""
4797.203 112.00124 0.11 -4.161 1.340 10P112b24
4797.217 106.00112 1.618 -6.242 3.464 AX45R075
4797.229 23.0 1.063 -4.51 "" ""
4797.261 112.00124 0.355 -2.179 1.340 32Q203b24
4797.28 112.00124 0.355 -1.627 1.340 32P103b24
4797.281 20.0 5.667 -3.57 "" ""
4797.343 58.1 1.122 -1.87 LAWLER ""
4797.353 106.00113 1.251 -2.643 3.464 AX12Q195
4797.38 106.00113 1.251 -5.315 3.464 AX12R185
4797.394 607.01314 2.638 -1.967 7.724 0710Ra0385
4797.426 58.1 1.102 -1.43 LAWLER ""
4797.434 23.1 6.852 -2.17 "" ""
4797.46 112.00124 0.11 -4.16 1.340 10R212b24
4797.463 106.00113 1.251 -4.925 3.464 AX12P195
4797.49 106.00113 1.251 -2.642 3.464 AX12Q185
4797.533 112.00124 0.11 -1.01 1.340 10Q112b24
4797.537 106.00112 1.718 -2.931 3.464 AX23Q225
4797.545 74.0 2.456 -1.14 "" ""
4797.58 106.00112 1.718 -5.955 3.464 AX23R215
4797.587 106.00112 1.618 -6.219 3.464 AX45R075
4797.589 22.0 0.825 -4.9 "" ""
4797.605 106.00112 2.28 -5.874 3.464 AX23R295
4797.606 106.00112 0.752 -3.189 3.464 AX12R065
4797.623 26.0 4.183 -3.75 "" ""
4797.646 106.00112 1.718 -5.144 3.464 AX23P225
4797.68 106.00112 2.28 -4.162 3.464 AX23Q305
4797.689 106.00112 1.718 -2.875 3.464 AX23Q215
4797.695 23.0 2.676 -6.76 "" ""
4797.696 24.0 3.553 -1.5 "" ""
4797.717 106.00112 2.28 -8.103 3.464 AX23Q295
4797.739 27.0 3.407 -1.72 LAWNHFS ""
4797.752 106.00113 0.679 -5.019 3.464 AX12R035
4797.792 106.00112 2.28 -6.215 3.464 AX23P305
4797.804 607.01314 2.622 -1.987 7.724 0710Rb0365
4797.805 106.00112 1.279 -5.134 3.464 AX34R035
4797.814 25.1 5.832 -3.92 "" ""
4797.831 106.00113 0.679 -5.007 3.464 AX12R035
4797.835 27.0 3.968 -2.4 "" ""
4797.849 607.01314 2.622 -5.411 7.724 0710Qd0375
4797.85 58.1 0.6 -2.43 LAWLER ""
4797.877 106.00112 1.279 -5.122 3.464 AX34R035
4797.888 23.0 1.375 -3.9 "" ""
4797.929 22.0 3.455 -3.51 "" ""
4797.952 106.00112 1.233 -3.684 3.464 BX10P265
4797.959 23.0 1.929 -1.08 "" ""
4797.976 22.0 2.332 -0.63 LAWLER ""
4797.978 112.00124 0.36 -1.784 1.340 32P204b24
4797.992 106.00112 0.752 -4.557 3.464 AX12Q075
4798.012 112.00124 0.093 -1.083 1.340 10Q211b24
4798.02 60.1 1.136 -1.11 LAWLER ""
4798.021 25.0 4.426 -3.12 "" ""
4798.037 106.00112 0.752 -3.146 3.464 AX12R075
4798.08 106.00112 0.752 -3.188 3.464 AX12R065
4798.08 112.00124 0.093 -4.126 1.340 10P111b24
4798.176 23.1 2.375 -2.14 "" ""
4798.178 27.0 3.102 -4.64 "" ""
4798.265 26.0 4.183 -1.55 "" ""
4798.267 106.00113 1.589 -2.833 3.464 AX23Q205
4798.3 106.00113 1.589 -5.662 3.464 AX23R195
4798.3 23.0 2.925 -3.96 "" ""
4798.342 112.00124 0.001 -1.969 1.340 10R101b24
4798.346 25.0 4.709 -1.91 "" ""
4798.367 112.00124 0.093 -4.124 1.340 10R211b24
4798.381 106.00112 2.206 -8.103 3.464 AX23Q295
4798.407 106.00113 1.589 -5.043 3.464 AX23P205
4798.411 106.00112 0.752 -4.545 3.464 AX12Q075
4798.435 112.00124 0.093 -1.044 1.340 10Q111b24
4798.44 106.00113 1.589 -2.801 3.464 AX23Q195
4798.445 44.0 1.122 -1.88 "" ""
4798.451 106.00112 0.752 -3.147 3.464 AX12R075
4798.472 106.00112 2.206 -6.217 3.464 AX23R285
4798.496 106.00112 2.206 -5.903 3.464 AX23P295
4798.53 23.0 2.682 -7.44 "" ""
4798.531 22.1 1.079 -2.66 LAWLER ""
4798.572 27.0 1.048 -4.96 "" ""
4798.587 106.00112 2.206 -4.254 3.464 AX23Q285
4798.652 106.00113 1.08 -2.724 3.464 AX01Q215
4798.672 106.00112 1.256 -2.643 3.464 AX12Q195
4798.676 106.00113 1.08 -5.482 3.464 AX01R205
4798.679 106.00112 1.256 -5.314 3.464 AX12R185
4798.693 112.00124 0.351 -2.197 1.340 32P202b24
4798.732 26.0 1.607 -4.25 "" ""
4798.733 24.1 6.8 -4.56 "" ""
4798.753 106.00113 1.531 -5.524 3.464 AX23R185
4798.784 106.00112 1.256 -4.924 3.464 AX12P195
4798.788 106.00113 1.08 -5.109 3.464 AX01P215
4798.792 106.00112 1.256 -2.642 3.464 AX12Q185
4798.813 106.00113 1.08 -2.729 3.464 AX01Q205
4798.822 112.00124 0.078 -1.124 1.340 10Q210b24
4798.829 26.0 3.632 -7.43 "" ""
4798.849 106.00113 1.531 -2.801 3.464 AX23Q195
4798.863 106.00113 1.531 -2.777 3.464 AX23Q185
4798.872 20.0 5.014 -6.21 "" ""
4798.884 112.00124 0.078 -4.089 1.340 10P110b24
4798.887 62.1 1.374 -0.84 "" ""
4798.958 106.00113 1.531 -5.019 3.464 AX23P195
4799.007 23.0 2.573 -1.62 "" ""
4799.058 26.0 4.28 -2.77 "" ""
4799.112 607.01314 2.622 -1.977 7.724 0710Ra0375
4799.157 106.00112 0.681 -5.019 3.464 AX12R035
4799.208 112.00124 0.078 -4.086 1.340 10R210b24
4799.236 106.00112 0.681 -5.007 3.464 AX12R035
4799.237 106.00113 1.341 -3.434 3.464 AX34R065
4799.239 106.00113 0.976 -4.821 3.464 AX23R025
4799.256 24.0 3.008 -2.72 "" ""
4799.27 112.00124 0.078 -1.082 1.340 10Q110b24
4799.271 106.00113 0.976 -4.811 3.464 AX23R025
4799.276 112.00124 0.179 -2.031 1.340 21Q201b24
4799.285 112.00124 0.179 -2.332 1.340 21P101b24
4799.3 39.0 1.373 -0.36 "" ""
4799.304 23.1 6.529 -3.83 "" ""
4799.307 23.0 2.86 -2.23 "" ""
4799.314 23.0 1.802 -3.14 "" ""
4799.341 106.00112 0.807 -6.585 3.464 BX02R095
4799.373 112.00124 0.36 -2.263 1.340 32Q204b24
4799.398 112.00124 0.36 -1.499 1.340 32P104b24
4799.406 26.0 3.637 -2.23 "" ""
4799.414 106.00112 1.595 -5.637 3.464 AX23R195
4799.415 28.0 3.895 -2.08 "" ""
4799.42 60.1 0.0 -1.45 LAWLER ""
4799.485 24.0 3.548 -4.14 "" ""
4799.514 106.00112 1.595 -2.8 3.464 AX23Q195
4799.521 20.0 5.957 -4.39 "" ""
4799.521 24.0 3.435 -4.3 "" ""
4799.522 106.00112 1.595 -2.832 3.464 AX23Q205
4799.557 112.00124 0.064 -1.171 1.340 10Q209b24
4799.557 26.0 3.692 -6.85 "" ""
4799.576 106.00113 1.341 -4.727 3.464 AX34Q075
4799.611 23.0 1.349 -4.42 "" ""
4799.613 112.00124 0.064 -4.048 1.340 10P109b24
4799.616 27.0 3.968 -1.39 "" ""
4799.622 106.00112 1.595 -5.064 3.464 AX23P205
4799.622 106.00113 1.341 -3.411 3.464 AX34R075
4799.671 106.00113 1.341 -3.434 3.464 AX34R065
4799.685 26.0 4.28 -3.29 "" ""
4799.745 22.0 2.576 -3.65 "" ""
4799.753 19.0 1.616 -2.79 "" ""
4799.766 106.00112 1.656 -2.875 3.464 AX23Q215
4799.768 26.0 3.544 -3.06 "" ""
4799.777 23.0 0.0 -2.58 LAWNOHFS ""
4799.785 20.0 4.427 -3.66 "" ""
4799.79 28.0 3.703 -1.93 "" ""
4799.795 22.0 2.266 -0.02 LAWLER ""
4799.798 106.00112 1.656 -5.795 3.464 AX23R205
4799.809 26.0 4.383 -2.6 "" ""
4799.842 106.00112 1.085 -2.724 3.464 AX01Q215
4799.871 106.00112 1.656 -5.091 3.464 AX23P215
4799.875 106.00112 1.085 -5.482 3.464 AX01R205
4799.903 106.00112 1.656 -2.832 3.464 AX23Q205
4799.914 48.0 3.798 -0.4 "" ""
4799.915 74.0 2.434 -0.66 "" ""
4799.938 607.01314 2.607 -1.998 7.724 0710Rb0355
4799.943 23.1 1.816 -5.57 "" ""
4799.943 59.1 0.216 -1.98 "" ""
4799.963 106.00113 1.341 -4.714 3.464 AX34Q075
4799.979 112.00124 0.064 -4.044 1.340 10R209b24
4799.982 607.01314 2.607 -5.399 7.724 0710Qd0365
4799.989 106.00112 1.085 -5.109 3.464 AX01P215
4800.0 106.00113 1.341 -3.412 3.464 AX34R075
4800.017 57.0 1.234 -0.64 "" ""
4800.022 106.00112 1.085 -2.729 3.464 AX01Q205
4800.036 112.00124 0.064 -1.123 1.340 10Q109b24
4800.128 26.0 3.036 -2.74 "" ""
4800.172 90.1 0.83 -2.6 "" ""
4800.18 106.00113 1.193 -5.232 3.464 AX12R175
4800.215 112.00124 0.051 -1.223 1.340 10Q208b24
4800.245 57.0 0.951 -1.02 "" ""
4800.266 112.00124 0.051 -4.004 1.340 10P108b24
4800.28 106.00113 1.193 -2.646 3.464 AX12Q175
4800.299 106.00113 1.193 -2.643 3.464 AX12Q185
4800.337 112.00124 0.367 -1.587 1.340 32P205b24
4800.399 106.00113 1.193 -4.916 3.464 AX12P185
4800.505 72.0 0.699 -1.21 "" ""
4800.507 26.0 4.217 -2.6 "" ""
4800.554 26.0 3.299 -1.61 "" ""
4800.56 22.0 2.736 -4.12 "" ""
4800.607 42.0 2.985 -1.66 "" ""
4800.625 27.1 3.116 -5.51 "" ""
4800.641 66.0 1.929 -0.06 "" ""
4800.649 26.0 4.14 -1.26 "" ""
4800.684 112.00124 0.051 -3.999 1.340 10R208b24
4800.727 106.00112 0.979 -4.82 3.464 AX23R025
4800.734 112.00124 0.051 -1.17 1.340 10Q108b24
4800.759 106.00112 0.979 -4.811 3.464 AX23R025
4800.786 20.0 5.045 -3.84 "" ""
4800.788 106.00112 1.344 -3.434 3.464 AX34R065
4800.792 112.00124 0.04 -1.283 1.340 10Q207b24
4800.816 23.1 6.832 -3.42 "" ""
4800.819 25.0 4.675 -0.71 "" ""
4800.819 25.0 4.675 -2.14 "" ""
4800.838 112.00124 0.04 -3.957 1.340 10P107b24
4800.839 27.1 5.462 -7.17 "" ""
4800.86 607.01314 2.607 -1.987 7.724 0710Ra0365
4800.906 58.1 0.904 -1.07 "" ""
4801.003 42.0 3.396 -1.52 "" ""
4801.025 24.0 3.119 -0.13 "" ""
4801.073 15.0 6.93 -4.09 "" ""
4801.08 64.1 1.133 -0.67 LAWLER ""
4801.133 106.00112 1.345 -4.726 3.464 AX34Q075
4801.137 59.1 0.482 -0.88 "" ""
4801.152 42.0 3.779 -1.31 "" ""
4801.177 106.00112 1.345 -3.411 3.464 AX34R075
4801.222 106.00112 1.345 -3.433 3.464 AX34R065
4801.222 106.00113 2.269 -11.018 3.464 CX05P235
4801.273 112.00124 0.182 -2.203 1.340 21Q202b24
4801.285 112.00124 0.03 -1.354 1.340 10Q206b24
4801.288 112.00124 0.182 -1.959 1.340 21P102b24
4801.32 112.00124 0.04 -3.95 1.340 10R207b24
4801.324 112.00124 0.03 -3.905 1.340 10P106b24
4801.365 112.00124 0.04 -1.222 1.340 10Q107b24
4801.37 112.00124 0.0 -2.217 1.340 10R100b24
4801.47 112.00124 0.367 -2.342 1.340 32Q205b24
4801.481 106.00112 1.197 -5.232 3.464 AX12R175
4801.499 23.0 2.357 -1.67 "" ""
4801.5 112.00124 0.367 -1.394 1.340 32P105b24
4801.519 106.00112 1.345 -4.714 3.464 AX34Q075
4801.563 106.00112 1.345 -3.411 3.464 AX34R075
4801.571 106.00113 1.013 -3.303 3.464 AX23R045
4801.584 106.00112 1.197 -2.646 3.464 AX12Q175
4801.609 106.00112 1.197 -2.642 3.464 AX12Q185
4801.619 26.0 4.281 -2.65 "" ""
4801.646 23.0 3.096 -2.33 "" ""
4801.688 112.00124 0.021 -1.44 1.340 10Q205b24
4801.697 23.0 1.05 -4.64 "" ""
4801.699 106.00113 1.533 -2.801 3.464 AX23Q195
4801.706 27.0 3.407 -2.06 "" ""
4801.713 106.00112 1.197 -4.915 3.464 AX12P185
4801.716 106.00113 1.533 -5.547 3.464 AX23R185
4801.718 21.0 1.942 -3.59 "" ""
4801.721 112.00124 0.021 -3.851 1.340 10P105b24
4801.723 607.01314 2.821 -1.979 7.724 0811Rb0355
4801.741 27.0 2.784 -5.48 "" ""
4801.755 27.0 4.146 -2.82 "" ""
4801.773 26.0 4.831 -1.34 "" ""
4801.81 106.00113 1.013 -3.303 3.464 AX23R045
4801.827 106.00113 1.533 -4.998 3.464 AX23P195
4801.843 106.00113 1.533 -2.777 3.464 AX23Q185
4801.844 112.00124 0.186 -2.174 1.340 21P203b24
4801.859 23.1 2.048 -4.25 "" ""
4801.888 112.00124 0.03 -3.894 1.340 10R206b24
4801.902 22.0 0.818 -3.06 LAWLER ""
4801.927 112.00124 0.03 -1.282 1.340 10Q106b24
4801.949 22.0 0.825 -3.16 LAWLER ""
4801.987 112.00124 0.014 -1.549 1.340 10Q204b24
4802.008 607.01314 2.593 -2.008 7.724 0710Rb0345
4802.014 112.00124 0.014 -3.796 1.340 10P104b24
4802.048 106.00113 2.269 -7.201 3.464 CX05Q225
4802.051 607.01314 2.593 -5.387 7.724 0710Qd0355
4802.082 106.00113 1.013 -4.405 3.464 AX23Q055
4802.105 27.0 4.069 -4.55 "" ""
4802.137 22.0 2.248 -3.45 "" ""
4802.138 23.1 3.75 -3.8 "" ""
