wavelength species excitation loggf disassociation_energy comment
3821.424 106.00112 1.487 -3.014 3.464 AX10R295
3821.431 90.1 1.377 -0.59 "" ""
3821.452 23.0 1.71 -1.64 "" ""
3821.46 24.0 3.963 -3.16 "" ""
3821.465 66.0 1.055 -0.05 "" ""
3821.473 106.00112 1.487 -5.998 3.464 AX10Q305
3821.486 23.0 0.267 -1.02 LAWNOHFS ""
3821.498 607.01214 3.245 -2.542 7.724 1514Ra0015
3821.51 64.1 0.382 -1.58 LAWLER ""
3821.515 23.0 2.276 -3.79 "" ""
3821.526 607.01214 3.245 -2.801 7.724 1514Rb0005
3821.529 607.01214 3.245 -3.503 7.724 1514Qd0015
3821.536 106.00112 0.157 -6.799 3.464 AX10Q095
3821.536 106.00112 0.157 -7.845 3.464 AX10R095
3821.581 23.0 1.944 -3.31 "" ""
3821.583 24.0 2.542 -1.55 "" ""
3821.598 106.00112 1.794 -7.761 3.464 CX35Q125
3821.615 106.00113 1.451 -7.846 3.464 CX24P105
3821.616 607.01314 1.347 -0.386 7.724 0505Ra0255
3821.619 22.0 2.159 -2.25 "" ""
3821.627 27.0 3.102 -5.9 "" ""
3821.627 69.0 2.162 0.28 "" ""
3821.643 42.0 2.596 -1.6 "" ""
3821.645 607.01314 1.995 -0.227 7.724 0707Ra0395
3821.65 106.00112 1.794 -3.932 3.464 CX35P135
3821.654 607.01214 1.648 -0.354 7.724 0606Ra0285
3821.67 106.00112 1.794 -3.985 3.464 CX35P125
3821.677 607.01314 1.347 -0.403 7.724 0505Rb0245
3821.68 23.0 2.364 -1.62 "" ""
3821.695 607.01214 0.67 0.093 7.724 0101Ra0425
3821.699 58.1 0.529 -0.62 "" ""
3821.701 607.01314 1.347 -3.534 7.724 0505Qd0255
3821.704 607.01214 1.648 -0.37 7.724 0606Rb0275
3821.718 22.0 2.091 -0.91 "" ""
3821.723 607.01214 1.139 -0.329 7.724 0404Ra0255
3821.731 607.01214 1.648 -3.599 7.724 0606Qd0285
3821.755 607.01214 0.67 0.083 7.724 0101Rb0415
3821.758 106.00113 1.588 -3.405 3.464 AX53R195
3821.761 607.01214 1.366 -0.392 7.724 0505Ra0245
3821.765 607.01214 1.139 -0.347 7.724 0404Rb0245
3821.767 106.00113 1.588 -3.22 3.464 AX53R205
3821.771 24.0 3.844 -1.48 "" ""
3821.779 23.0 1.892 -2.28 "" ""
3821.791 607.01214 1.139 -3.476 7.724 0404Qd0255
3821.797 106.00112 0.021 -7.32 3.464 AX10R035
3821.799 607.01214 0.67 -3.483 7.724 0101Qd0425
3821.809 607.01214 1.366 -0.41 7.724 0505Rb0235
3821.813 106.00113 1.588 -6.027 3.464 AX53Q205
3821.825 607.01314 1.963 -0.266 7.724 0707Rb0365
3821.83 62.1 0.04 -1.54 LAWLER ""
3821.833 607.01214 1.366 -3.506 7.724 0505Qd0245
3821.835 26.0 2.607 -1.04 BEL17 ""
3821.841 106.00112 0.157 -6.946 3.464 AX10R085
3821.852 106.00112 0.021 -7.307 3.464 AX10R035
3821.859 607.01314 1.963 -3.735 7.724 0707Qd0375
3821.861 27.0 3.663 -1.88 "" ""
3821.862 607.01314 3.23 -4.573 7.724 1514Qc0145
3821.87 607.01314 1.612 -0.368 7.724 0606Ra0285
3821.874 66.0 1.055 0.01 "" ""
3821.89 607.01314 1.612 -0.384 7.724 0606Rb0275
3821.899 26.0 4.151 -2.44 "" ""
3821.907 607.01314 3.23 -1.945 7.724 1514Pa0155
3821.914 607.01314 3.23 -1.983 7.724 1514Pb0145
3821.916 607.01314 1.612 -3.612 7.724 0606Qd0285
3821.919 607.01214 3.244 -2.801 7.724 1514Ra0005
3821.924 27.0 3.213 -4.32 "" ""
3821.927 26.1 2.34 -3.83 "" ""
3821.932 106.00112 1.292 -7.15 3.464 AX31P235
3821.938 607.01214 3.244 -3.106 7.724 1514Qd0005
3821.947 92.0 0.471 -0.08 "" ""
3821.948 106.00113 1.395 -7.609 3.464 AX20P285
3821.949 42.0 2.621 -1.68 "" ""
3821.993 12.0 4.343 -2.0 "" ""
3821.999 106.00112 0.157 -6.784 3.464 AX10Q095
3822.0 106.00112 0.157 -7.845 3.464 AX10R095
3822.005 23.0 0.04 -0.86 LAWNOHFS ""
3822.023 22.0 2.115 -0.16 "" ""
3822.024 607.01314 1.124 -0.322 7.724 0404Ra0265
3822.039 607.01314 1.124 -0.338 7.724 0404Rb0255
3822.065 607.01314 1.124 -3.501 7.724 0404Qd0265
3822.088 44.0 2.006 0.3 "" ""
3822.092 24.0 2.542 -1.44 "" ""
3822.132 607.01314 1.979 -0.24 7.724 0707Ra0385
3822.146 90.1 1.188 -0.78 "" ""
3822.159 22.1 5.229 -4.52 "" ""
3822.17 64.1 0.6 -1.14 LAWLER ""
3822.18 607.01314 0.937 -0.2 7.724 0303Ra0305
3822.21 26.0 4.1 -1.94 "" ""
3822.21 27.0 3.629 -2.55 "" ""
3822.231 106.00112 1.382 -6.296 3.464 AX53R155
3822.232 607.01314 0.937 -0.214 7.724 0303Rb0295
3822.25 60.1 0.204 -1.5 LAWLER ""
3822.253 106.00112 1.382 -5.079 3.464 AX53Q165
3822.257 607.01214 0.569 0.238 7.724 0000Ra0495
3822.26 45.0 0.965 0.05 "" ""
3822.262 607.01314 0.937 -3.497 7.724 0303Qd0305
3822.27 106.00112 1.382 -6.098 3.464 AX53Q155
3822.293 106.00112 1.382 -6.773 3.464 AX53P165
3822.304 24.0 4.464 -3.35 "" ""
3822.318 607.01214 0.569 0.229 7.724 0000Rb0485
3822.344 92.0 1.282 0.42 "" ""
3822.346 24.0 2.98 -5.31 "" ""
3822.367 28.0 3.541 -3.67 "" ""
3822.371 607.01214 0.569 -3.467 7.724 0000Qd0495
3822.397 23.1 6.104 -3.46 "" ""
3822.403 40.0 0.0 -0.86 "" ""
3822.419 607.01314 1.336 -0.403 7.724 0505Ra0245
3822.429 607.01214 1.636 -0.37 7.724 0606Ra0275
3822.442 26.0 3.412 -3.13 "" ""
3822.478 607.01314 1.336 -0.421 7.724 0505Rb0235
3822.479 607.01214 1.636 -0.387 7.724 0606Rb0265
3822.492 25.0 4.791 -2.83 "" ""
3822.498 60.1 0.471 -0.31 "" ""
3822.5 23.1 5.826 -2.23 "" ""
3822.502 607.01314 1.336 -3.517 7.724 0505Qd0245
3822.505 607.01214 1.636 -3.584 7.724 0606Qd0275
3822.543 92.1 0.583 -1.16 "" ""
3822.559 24.0 4.446 -2.95 "" ""
3822.567 607.01214 1.356 -0.41 7.724 0505Ra0235
3822.574 106.00113 0.156 -6.946 3.464 AX10R085
3822.579 106.00113 1.425 -6.087 3.464 AX53R165
3822.579 66.1 0.925 -0.55 "" ""
3822.602 106.00113 1.425 -5.084 3.464 AX53Q165
3822.613 607.01214 1.128 -0.347 7.724 0404Ra0245
3822.613 607.01314 1.6 -0.384 7.724 0606Ra0275
3822.631 607.01314 1.948 -0.279 7.724 0707Rb0355
3822.633 607.01214 1.356 -0.429 7.724 0505Rb0225
3822.635 22.0 2.343 -1.91 "" ""
3822.64 607.01314 1.6 -0.4 7.724 0606Rb0265
3822.654 106.00113 1.425 -4.546 3.464 AX53Q175
3822.655 607.01214 1.128 -0.365 7.724 0404Rb0235
3822.656 607.01214 1.356 -3.489 7.724 0505Qd0235
3822.66 607.01314 1.963 -0.253 7.724 0707Ra0375
3822.661 607.01314 1.6 -3.598 7.724 0606Qd0275
3822.663 23.0 2.357 -0.51 "" ""
3822.664 607.01314 1.948 -3.724 7.724 0707Qd0365
3822.677 106.00113 1.425 -7.059 3.464 AX53P175
3822.68 607.01214 1.128 -3.459 7.724 0404Qd0245
3822.762 607.01314 3.236 -4.589 7.724 1514Qc0155
3822.773 106.00113 1.285 -4.575 3.464 AX53P135
3822.773 106.00113 1.285 -7.578 3.464 AX53Q135
3822.777 106.00113 0.156 -6.799 3.464 AX10Q095
3822.778 106.00113 0.156 -7.845 3.464 AX10R095
3822.81 607.01314 3.236 -1.908 7.724 1514Pa0165
3822.816 607.01314 3.236 -1.945 7.724 1514Pb0155
3822.84 26.0 3.394 -1.51 "" ""
3822.851 607.01214 3.245 -3.106 7.724 1514Qc0005
3822.854 607.01214 3.245 -2.808 7.724 1514Pa0015
3822.861 22.0 2.504 -0.87 "" ""
3822.872 607.01314 1.113 -0.338 7.724 0404Ra0255
3822.874 106.00113 1.285 -4.628 3.464 AX53P145
3822.889 23.0 0.286 -0.83 LAWNOHFS ""
3822.889 607.01314 1.113 -0.355 7.724 0404Rb0245
3822.914 607.01314 1.113 -3.485 7.724 0404Qd0255
3822.978 62.0 0.101 -1.25 "" ""
3822.981 42.0 1.38 -1.69 "" ""
3822.994 26.0 4.206 -2.99 "" ""
3823.016 607.01214 0.65 0.083 7.724 0101Ra0415
3823.064 106.00113 0.021 -7.32 3.464 AX10R035
3823.074 23.0 2.357 -1.36 "" ""
3823.078 106.00113 0.156 -6.946 3.464 AX10R085
3823.079 607.01214 0.65 0.073 7.724 0101Rb0405
3823.098 23.0 2.121 -3.65 "" ""
3823.118 106.00113 0.021 -7.307 3.464 AX10R035
3823.119 607.01214 0.65 -3.473 7.724 0101Qd0415
3823.122 26.0 3.981 -3.45 "" ""
3823.138 607.01314 0.568 0.237 7.724 0000Rb0495
3823.161 607.01314 0.924 -0.214 7.724 0303Ra0295
3823.166 24.0 4.204 -2.91 "" ""
3823.182 59.1 0.97 -0.16 "" ""
3823.188 106.00112 0.752 -7.767 3.464 CX02P065
3823.188 23.1 5.784 -3.1 "" ""
3823.189 607.01314 0.568 -3.476 7.724 0000Qd0505
3823.197 607.01214 1.624 -0.387 7.724 0606Ra0265
3823.212 23.0 0.275 -0.84 LAWNOHFS ""
3823.212 607.01314 1.326 -0.422 7.724 0505Ra0235
3823.213 607.01314 0.924 -0.229 7.724 0303Rb0285
3823.221 607.01314 1.948 -0.266 7.724 0707Ra0365
3823.236 106.00113 0.156 -6.784 3.464 AX10Q095
3823.237 106.00113 0.156 -7.845 3.464 AX10R095
3823.238 22.0 2.331 -1.78 "" ""
3823.241 607.01314 0.924 -3.483 7.724 0303Qd0295
3823.243 42.0 2.644 -2.35 "" ""
3823.247 607.01214 1.624 -0.404 7.724 0606Rb0255
3823.25 60.1 0.204 -1.25 "" ""
3823.27 607.01314 1.326 -0.44 7.724 0505Rb0225
3823.273 607.01214 1.624 -3.569 7.724 0606Qd0265
3823.292 607.01314 1.326 -3.5 7.724 0505Qd0235
3823.316 22.0 2.425 -1.39 "" ""
3823.32 20.0 2.707 -2.68 "" ""
3823.355 607.01314 1.589 -0.4 7.724 0606Ra0265
3823.356 607.01214 3.245 -3.503 7.724 1514Qc0015
3823.36 607.01214 3.245 -2.554 7.724 1514Pa0025
3823.367 607.01214 1.345 -0.429 7.724 0505Ra0225
3823.375 23.0 1.954 -0.84 "" ""
3823.375 607.01214 3.245 -2.808 7.724 1514Pb0015
3823.377 607.01314 1.588 -0.418 7.724 0606Rb0255
3823.392 22.0 1.872 -3.17 "" ""
3823.401 607.01314 1.589 -3.583 7.724 0606Qd0265
3823.411 40.1 0.802 -2.07 Ljung06 ""
3823.411 607.01314 1.933 -0.292 7.724 0707Rb0345
3823.443 607.01314 1.933 -3.714 7.724 0707Qd0355
3823.453 607.01214 1.345 -0.449 7.724 0505Rb0215
3823.468 607.01214 1.345 -3.471 7.724 0505Qd0225
3823.491 607.01214 1.117 -0.365 7.724 0404Ra0235
3823.494 58.1 0.56 -0.88 BIEMONT ""
3823.507 25.0 2.141 0.06 "" ""
3823.518 24.0 0.96 -2.07 "" ""
3823.532 607.01214 1.117 -0.383 7.724 0404Rb0225
3823.556 607.01214 1.117 -3.442 7.724 0404Qd0235
3823.585 90.1 1.642 -0.63 "" ""
3823.587 73.0 0.752 -1.61 "" ""
3823.59 59.1 0.0 -1.45 LINOHFS ""
3823.693 21.0 2.109 -2.67 "" ""
3823.693 607.01314 3.243 -4.604 7.724 1514Qc0165
3823.695 106.00112 1.172 -7.027 3.464 AX53P105
3823.709 106.00112 1.172 -7.953 3.464 CX13P105
3823.712 607.01314 1.102 -0.356 7.724 0404Ra0245
3823.73 607.01314 1.102 -0.373 7.724 0404Rb0235
3823.733 28.0 3.895 -2.9 "" ""
3823.737 40.1 0.757 -1.3 "" ""
3823.744 607.01314 3.243 -1.872 7.724 1514Pa0175
3823.749 607.01314 3.243 -1.908 7.724 1514Pb0165
3823.754 607.01314 1.102 -3.468 7.724 0404Qd0245
3823.758 607.01214 0.547 0.229 7.724 0000Ra0485
3823.793 106.00113 1.589 -3.22 3.464 AX53R205
3823.81 607.01314 1.933 -0.279 7.724 0707Ra0355
3823.818 20.0 2.519 -6.59 "" ""
3823.818 607.01214 0.547 0.22 7.724 0000Rb0475
3823.822 106.00113 1.286 -4.575 3.464 AX53P135
3823.822 106.00113 1.286 -7.602 3.464 AX53Q135
3823.836 106.00113 1.589 -5.995 3.464 AX53Q205
3823.839 106.00113 1.286 -7.15 3.464 AX31P235
3823.84 60.1 0.32 -1.87 LAWLER ""
3823.856 106.00113 1.589 -3.405 3.464 AX53R195
3823.86 69.1 1.086 -2.21 LAWLER ""
3823.868 607.01214 0.547 -3.458 7.724 0000Qd0485
3823.87 106.00113 1.286 -4.628 3.464 AX53P145
3823.887 25.0 2.162 -0.52 "" ""
3823.893 607.01214 3.247 -3.694 7.724 1514Qc0025
3823.899 607.01214 3.247 -2.4 7.724 1514Pa0035
3823.9 58.1 0.32 -0.48 LAWLER ""
3823.924 607.01214 3.247 -2.554 7.724 1514Pb0025
3823.958 607.01214 1.613 -0.404 7.724 0606Ra0255
3823.977 23.0 1.05 -1.14 LAWNOHFS ""
3823.995 607.01314 1.316 -0.44 7.724 0505Ra0225
3824.009 607.01214 1.613 -0.422 7.724 0606Rb0245
3824.017 66.0 1.597 0.48 "" ""
3824.033 607.01214 1.613 -3.553 7.724 0606Qd0255
3824.052 607.01314 1.316 -0.46 7.724 0505Rb0215
3824.06 59.1 0.977 -0.35 "" ""
3824.073 607.01314 1.316 -3.482 7.724 0505Qd0225
3824.074 26.0 2.586 -2.57 "" ""
3824.085 607.01314 1.578 -0.418 7.724 0606Ra0255
3824.091 106.00113 1.426 -6.108 3.464 AX53R165
3824.102 106.00113 1.426 -4.547 3.464 AX53Q175
3824.111 607.01314 1.578 -0.435 7.724 0606Rb0245
3824.116 106.00113 1.426 -5.084 3.464 AX53Q165
3824.126 106.00113 1.426 -7.04 3.464 AX53P175
3824.132 607.01314 0.911 -0.229 7.724 0303Ra0285
3824.135 607.01314 1.578 -3.567 7.724 0606Qd0255
3824.139 74.0 2.351 -0.69 "" ""
3824.152 64.0 0.937 0.02 "" ""
3824.161 607.01214 1.336 -0.449 7.724 0505Ra0215
3824.166 42.0 2.062 -1.84 "" ""
3824.169 607.01314 1.918 -0.306 7.724 0707Rb0335
3824.17 62.1 0.184 -0.94 LAWLER ""
3824.178 607.01314 0.911 -0.244 7.724 0303Rb0275
3824.2 607.01314 1.918 -3.703 7.724 0707Qd0345
3824.207 607.01314 0.911 -3.469 7.724 0303Qd0285
3824.235 27.1 2.727 -3.66 "" ""
3824.249 607.01214 1.336 -0.469 7.724 0505Rb0205
3824.256 27.0 4.11 -3.5 "" ""
3824.267 607.01214 1.336 -3.452 7.724 0505Qd0215
3824.288 106.00112 1.403 -7.609 3.464 AX20P285
3824.304 26.0 3.299 -0.16 "" ""
3824.322 607.01214 0.632 0.073 7.724 0101Ra0405
3824.329 24.0 2.98 -9.46 "" ""
3824.346 106.00112 1.173 -7.059 3.464 AX53P105
3824.358 607.01214 1.107 -0.383 7.724 0404Ra0225
3824.36 24.0 2.913 -3.35 "" ""
3824.361 22.0 2.332 -1.96 "" ""
3824.368 106.00112 0.433 -7.007 3.464 AX21R075
3824.369 106.00112 0.125 -6.276 3.464 AX10R075
3824.381 607.01214 0.632 0.062 7.724 0101Rb0395
3824.382 74.0 2.434 -0.17 "" ""
3824.398 607.01214 1.107 -0.403 7.724 0404Rb0215
3824.4 60.1 0.32 -1.52 LAWLER ""
3824.406 106.00112 1.456 -7.845 3.464 CX24P105
3824.42 607.01214 1.107 -3.424 7.724 0404Qd0225
3824.422 607.01314 1.918 -0.293 7.724 0707Ra0345
3824.423 607.01214 0.632 -3.463 7.724 0101Qd0405
3824.438 106.00113 1.482 -2.916 3.464 AX10R305
3824.444 26.0 0.0 -1.34 OBR91 ""
3824.452 25.0 4.602 -3.68 "" ""
3824.462 607.01214 3.248 -3.822 7.724 1514Qc0035
3824.47 607.01214 3.248 -2.287 7.724 1514Pa0045
3824.48 22.0 2.083 -3.03 "" ""
3824.505 607.01214 3.248 -2.4 7.724 1514Pb0035
3824.523 106.00112 1.64 -6.446 3.464 CX35P075
3824.53 62.1 0.248 -1.15 LAWLER ""
3824.532 607.01314 0.546 0.237 7.724 0000Ra0495
3824.537 26.0 4.1 -1.47 "" ""
3824.543 607.01314 1.092 -0.373 7.724 0404Ra0235
3824.553 106.00113 1.482 -5.955 3.464 AX10Q305
3824.556 26.0 2.69 -2.47 "" ""
3824.558 106.00112 1.294 -7.216 3.464 AX31P235
3824.563 607.01314 1.092 -0.392 7.724 0404Rb0225
3824.586 607.01314 1.092 -3.45 7.724 0404Qd0235
3824.589 39.1 3.98 0.2 "" ""
3824.594 607.01314 0.546 0.228 7.724 0000Rb0485
3824.601 106.00112 0.126 -6.692 3.464 AX10Q085
3824.613 106.00112 0.126 -6.938 3.464 AX10R085
3824.624 22.0 2.248 -0.89 "" ""
3824.637 106.00113 1.482 -3.014 3.464 AX10R295
3824.644 607.01314 0.546 -3.468 7.724 0000Qd0495
3824.646 106.00112 0.433 -6.983 3.464 AX21R075
3824.655 607.01314 3.25 -4.616 7.724 1514Qc0175
3824.679 26.0 4.206 -3.65 "" ""
3824.709 607.01314 3.25 -1.837 7.724 1514Pa0185
3824.711 607.01314 3.25 -1.872 7.724 1514Pb0175
3824.713 607.01214 1.602 -0.422 7.724 0606Ra0245
3824.726 26.0 2.607 -5.13 "" ""
3824.764 607.01214 1.602 -0.44 7.724 0606Rb0235
3824.768 607.01314 1.307 -0.46 7.724 0505Ra0215
3824.776 42.0 3.263 -0.67 "" ""
3824.782 106.00112 0.126 -6.276 3.464 AX10R075
3824.783 23.1 5.791 -3.19 "" ""
3824.787 607.01214 1.602 -3.537 7.724 0606Qd0245
3824.806 62.0 0.185 -1.72 "" ""
3824.812 607.01314 1.567 -0.435 7.724 0606Ra0245
3824.823 607.01314 1.307 -0.48 7.724 0505Rb0205
3824.827 23.1 2.554 -6.07 "" ""
3824.839 607.01314 1.567 -0.454 7.724 0606Rb0235
3824.843 607.01314 1.307 -3.463 7.724 0505Qd0215
3824.863 607.01314 1.567 -3.551 7.724 0606Qd0245
3824.882 41.0 0.086 -0.66 "" ""
3824.908 607.01314 1.904 -0.321 7.724 0707Rb0325
3824.926 42.0 3.387 -0.97 "" ""
3824.929 26.1 2.581 -3.41 "" ""
3824.936 44.0 1.316 -0.43 "" ""
3824.938 607.01314 1.904 -3.691 7.724 0707Qd0335
3824.946 607.01214 1.326 -0.469 7.724 0505Ra0205
3824.948 106.00112 1.49 -2.915 3.464 AX10R305
3824.972 106.00112 0.126 -6.679 3.464 AX10Q085
3824.985 106.00112 0.126 -6.938 3.464 AX10R085
3824.99 62.1 0.104 -1.61 LAWLER ""
3824.994 23.0 1.948 -1.35 LAWNOHFS ""
3825.008 25.1 7.376 -1.87 "" ""
3825.036 607.01214 1.326 -0.491 7.724 0505Rb0195
3825.039 29.0063 3.783 -2.4 KURHFS ""
3825.039 29.0063 3.783 -3.099 KURHFS ""
3825.039 29.0065 3.783 -2.4 KURHFS ""
3825.039 29.0065 3.783 -3.099 KURHFS ""
3825.042 23.1 6.84 -2.45 "" ""
3825.044 29.0063 3.783 -2.4 KURHFS ""
3825.044 29.0063 3.783 -2.4 KURHFS ""
3825.044 29.0065 3.783 -2.4 KURHFS ""
3825.044 29.0065 3.783 -2.4 KURHFS ""
3825.046 25.1 5.516 -1.71 "" ""
3825.051 607.01314 1.904 -0.307 7.724 0707Ra0335
3825.055 607.01214 1.326 -3.432 7.724 0505Qd0205
3825.063 607.01214 3.25 -3.919 7.724 1514Qc0045
3825.071 106.00112 1.49 -5.955 3.464 AX10Q305
3825.073 607.01214 3.25 -2.197 7.724 1514Pa0055
3825.084 607.01314 0.899 -0.245 7.724 0303Ra0275
3825.087 28.0 4.086 -4.25 "" ""
3825.117 607.01214 3.25 -2.287 7.724 1514Pb0045
3825.131 607.01314 0.899 -0.26 7.724 0303Rb0265
3825.137 106.00112 1.49 -3.014 3.464 AX10R295
3825.159 607.01314 0.899 -3.453 7.724 0303Qd0275
3825.209 607.01214 1.097 -0.403 7.724 0404Ra0215
3825.24 607.01214 0.525 0.22 7.724 0000Ra0475
3825.249 607.01214 1.097 -0.423 7.724 0404Rb0205
3825.261 25.1 5.05 -7.08 "" ""
3825.271 607.01214 1.097 -3.405 7.724 0404Qd0215
3825.299 607.01214 0.524 0.211 7.724 0000Rb0465
3825.311 23.0 2.357 -1.36 "" ""
3825.321 42.0 2.913 -0.81 "" ""
3825.339 23.1 6.096 -3.6 "" ""
3825.349 607.01214 0.525 -3.449 7.724 0000Qd0475
3825.355 24.1 4.747 -2.69 "" ""
3825.356 22.0 2.173 -3.29 "" ""
3825.366 106.00113 1.204 -7.985 3.464 CX13P115
3825.372 21.0 1.968 -1.01 "" ""
3825.385 24.0 2.706 -2.55 "" ""
3825.394 607.01314 1.082 -0.392 7.724 0404Ra0225
3825.402 23.0 1.71 -1.72 LAWNOHFS ""
3825.403 26.0 2.277 -2.15 "" ""
3825.408 607.01314 1.082 -3.432 7.724 0404Qd0225
3825.416 607.01314 1.082 -0.411 7.724 0404Rb0215
3825.458 42.0 2.932 -1.21 "" ""
3825.461 607.01214 1.591 -0.44 7.724 0606Ra0235
3825.51 23.0 2.357 -1.14 "" ""
3825.511 607.01214 1.591 -0.459 7.724 0606Rb0225
3825.523 24.0 3.842 -2.01 "" ""
3825.53 607.01314 1.298 -0.481 7.724 0505Ra0205
3825.532 607.01314 1.557 -0.454 7.724 0606Ra0235
3825.533 607.01214 1.591 -3.52 7.724 0606Qd0235
3825.536 106.00113 0.431 -7.007 3.464 AX21R075
3825.555 21.1 7.375 -2.89 "" ""
3825.562 607.01314 1.557 -0.473 7.724 0606Rb0225
3825.584 607.01314 1.298 -0.502 7.724 0505Rb0195
3825.585 607.01314 1.557 -3.533 7.724 0606Qd0235
3825.586 21.0 2.507 -3.07 "" ""
3825.603 106.00113 0.125 -6.275 3.464 AX10R075
3825.604 607.01314 1.298 -3.443 7.724 0505Qd0205
3825.612 607.01214 0.613 0.062 7.724 0101Ra0395
3825.632 607.01314 1.89 -0.335 7.724 0707Rb0315
3825.647 607.01314 3.257 -4.626 7.724 1514Qc0185
3825.661 607.01314 1.89 -3.679 7.724 0707Qd0325
3825.669 607.01214 0.613 0.051 7.724 0101Rb0385
3825.681 66.1 0.927 -0.15 "" ""
3825.693 25.1 6.663 -4.49 "" ""
3825.693 607.01314 1.89 -0.321 7.724 0707Ra0325
3825.697 607.01214 3.253 -3.996 7.724 1514Qc0055
3825.704 607.01314 3.257 -1.803 7.724 1514Pa0195
3825.705 607.01314 3.257 -1.837 7.724 1514Pb0185
3825.709 607.01214 3.253 -2.122 7.724 1514Pa0065
3825.711 607.01214 0.613 -3.452 7.724 0101Qd0395
3825.713 106.00112 1.601 -7.439 3.464 AX31Q275
3825.72 607.01214 1.317 -0.491 7.724 0505Ra0195
3825.722 23.0 2.357 -2.68 "" ""
3825.724 22.0 1.979 -1.61 "" ""
3825.752 607.01214 0.897 -0.288 7.724 0303Rb0245
3825.755 24.1 5.867 -3.68 "" ""
3825.756 27.0 3.512 -1.99 "" ""
3825.761 607.01214 3.253 -2.197 7.724 1514Pb0055
3825.762 106.00112 1.601 -4.097 3.464 AX31P285
3825.778 607.01214 0.897 -3.415 7.724 0303Qd0255
3825.784 26.0 3.879 -4.12 "" ""
3825.81 106.00113 0.432 -6.982 3.464 AX21R075
3825.812 607.01214 1.317 -0.513 7.724 0505Rb0185
3825.827 106.00112 1.601 -4.044 3.464 AX31P275
3825.831 607.01214 1.317 -3.411 7.724 0505Qd0195
3825.834 106.00113 0.125 -6.692 3.464 AX10Q085
3825.839 28.0 3.539 -0.4 "" ""
3825.847 106.00113 0.125 -6.938 3.464 AX10R085
3825.852 20.0 2.521 -6.76 "" ""
3825.872 23.1 6.16 -1.8 "" ""
3825.881 26.0 0.914 -0.02 OBR91 ""
3825.906 106.00112 1.846 -8.591 3.464 CX03R245
3825.916 42.0 3.031 -1.91 "" ""
3825.973 607.01314 0.524 0.228 7.724 0000Ra0485
3825.996 21.0 2.507 -3.82 "" ""
3826.011 106.00113 0.125 -6.275 3.464 AX10R075
3826.023 607.01314 0.887 -0.26 7.724 0303Ra0265
3826.033 20.0 5.667 -3.67 "" ""
3826.034 607.01314 0.524 0.219 7.724 0000Rb0475
3826.05 64.1 0.492 -0.67 LAWLER ""
3826.051 607.01214 1.087 -0.423 7.724 0404Ra0205
3826.057 26.0 3.069 -5.59 "" ""
3826.07 607.01314 0.887 -0.277 7.724 0303Rb0255
3826.08 106.00113 1.568 -2.819 3.464 AX10R315
3826.081 26.0 4.206 -2.88 "" ""
3826.083 607.01314 0.524 -3.459 7.724 0000Qd0485
3826.089 607.01214 1.087 -0.444 7.724 0404Rb0195
3826.097 607.01314 0.887 -3.438 7.724 0303Qd0265
3826.11 607.01214 1.087 -3.385 7.724 0404Qd0205
3826.122 23.1 5.845 -4.07 "" ""
3826.156 106.00113 0.775 -7.812 3.464 CX02P075
3826.171 106.00113 1.568 -2.917 3.464 AX10R305
3826.173 73.0 1.594 -1.28 "" ""
3826.183 106.00112 1.832 -7.73 3.464 CX35Q135
3826.188 607.01314 1.072 -0.412 7.724 0404Ra0215
3826.189 25.0 4.636 -2.52 "" ""
3826.195 74.0 1.867 -0.73 "" ""
3826.197 106.00113 1.568 -5.885 3.464 AX10Q315
3826.2 607.01214 1.581 -0.459 7.724 0606Ra0225
3826.201 106.00113 0.125 -6.679 3.464 AX10Q085
3826.21 607.01314 1.072 -0.432 7.724 0404Rb0205
3826.21 62.1 0.543 -0.19 LAWLER ""
3826.215 106.00113 0.125 -6.938 3.464 AX10R085
3826.22 607.01314 1.072 -3.413 7.724 0404Qd0215
3826.222 106.00112 1.832 -3.879 3.464 CX35P145
3826.249 21.0 1.985 -2.27 "" ""
3826.25 607.01214 1.581 -0.479 7.724 0606Rb0215
3826.25 607.01314 1.547 -0.473 7.724 0606Ra0225
3826.261 106.00112 1.832 -3.932 3.464 CX35P135
3826.267 27.0 3.565 -2.04 "" ""
3826.27 22.0 2.736 -4.27 "" ""
3826.272 607.01214 1.581 -3.502 7.724 0606Qd0225
3826.279 607.01314 1.547 -0.493 7.724 0606Rb0215
3826.282 607.01314 1.289 -0.502 7.724 0505Ra0195
3826.283 607.01314 0.611 0.059 7.724 0101Rb0395
3826.286 26.0 3.926 -4.13 "" ""
3826.3 607.01314 1.547 -3.515 7.724 0606Qd0225
3826.324 607.01314 0.611 -3.465 7.724 0101Qd0405
3826.335 607.01314 1.289 -0.524 7.724 0505Rb0185
3826.342 607.01314 1.877 -0.35 7.724 0707Rb0305
3826.346 607.01314 1.877 -0.335 7.724 0707Ra0315
3826.353 607.01314 1.289 -3.422 7.724 0505Qd0195
3826.362 23.1 2.599 -4.41 "" ""
3826.364 607.01214 3.256 -4.059 7.724 1514Qc0065
3826.369 90.0 1.304 -0.58 "" ""
3826.37 607.01314 1.877 -3.667 7.724 0707Qd0315
3826.377 607.01214 3.256 -2.058 7.724 1514Pa0075
3826.383 21.0 1.985 -1.54 "" ""
3826.386 69.0 0.0 -1.32 "" ""
3826.41 60.1 0.064 -0.41 LAWLER ""
3826.414 24.0 2.707 -1.6 "" ""
3826.437 607.01214 3.256 -2.122 7.724 1514Pb0065
3826.482 607.01214 1.309 -0.513 7.724 0505Ra0185
3826.498 106.00113 1.288 -7.216 3.464 AX31P235
3826.507 92.1 0.036 -0.9 "" ""
3826.516 22.0 2.235 -1.24 "" ""
3826.534 58.1 0.559 -1.44 LAWLER ""
3826.546 28.0 3.536 -5.29 "" ""
3826.56 62.1 0.543 -1.21 LAWLER ""
3826.577 607.01214 1.309 -0.537 7.724 0505Rb0175
3826.596 607.01214 1.309 -3.389 7.724 0505Qd0185
3826.613 25.0 3.07 -2.36 "" ""
3826.63 26.0 2.452 -2.4 "" ""
3826.65 607.01214 0.886 -0.288 7.724 0303Ra0245
3826.671 607.01314 3.265 -4.635 7.724 1514Qc0195
3826.68 63.1 3.325 0.52 "" ""
3826.682 59.1 1.016 -0.21 "" ""
3826.693 42.0 1.419 -1.06 "" ""
3826.699 607.01214 0.886 -0.305 7.724 0303Rb0235
3826.704 607.01214 0.503 0.211 7.724 0000Ra0465
3826.724 607.01214 0.886 -3.398 7.724 0303Qd0245
3826.729 607.01314 3.265 -1.803 7.724 1514Pb0195
3826.731 607.01314 3.265 -1.769 7.724 1514Pa0205
3826.734 25.0 4.604 -1.2 "" ""
3826.765 607.01214 0.503 0.202 7.724 0000Rb0455
3826.769 23.0 1.042 -1.16 "" ""
3826.777 23.0 1.711 -6.21 "" ""
3826.789 28.0 3.838 -1.45 "" ""
3826.814 607.01214 0.503 -3.44 7.724 0000Qd0465
3826.842 26.0 2.725 -1.64 "" ""
3826.844 73.0 0.249 -2.03 "" ""
3826.879 607.01214 1.078 -0.444 7.724 0404Ra0195
3826.884 607.01214 0.595 0.051 7.724 0101Ra0385
3826.9 26.1 1.963 -8.38 "" ""
3826.916 607.01214 1.078 -0.467 7.724 0404Rb0185
3826.934 607.01214 1.571 -0.479 7.724 0606Ra0215
3826.936 607.01214 1.078 -3.364 7.724 0404Qd0195
3826.941 607.01214 0.595 0.039 7.724 0101Rb0375
3826.943 106.00113 1.485 -7.825 3.464 CX24P115
3826.949 607.01314 0.876 -0.277 7.724 0303Ra0255
3826.949 90.1 1.778 -0.39 "" ""
3826.956 607.01314 1.538 -0.493 7.724 0606Ra0215
3826.968 23.1 2.554 -1.08 LAWNOHFS ""
3826.969 22.0 1.429 -1.53 "" ""
3826.982 607.01214 0.595 -3.441 7.724 0101Qd0385
3826.982 607.01214 1.571 -0.5 7.724 0606Rb0205
3826.985 607.01314 1.063 -0.432 7.724 0404Ra0205
3826.985 607.01314 1.538 -0.513 7.724 0606Rb0205
3826.996 607.01314 0.876 -0.294 7.724 0303Rb0245
3827.0 20.0 5.792 -5.96 "" ""
3827.003 607.01214 1.571 -3.483 7.724 0606Qd0215
3827.005 607.01314 1.864 -0.35 7.724 0707Ra0305
3827.007 607.01314 1.063 -0.453 7.724 0404Rb0195
3827.008 607.01314 1.538 -3.497 7.724 0606Qd0215
3827.013 41.0 1.674 -0.27 "" ""
3827.021 607.01314 0.876 -3.422 7.724 0303Qd0255
3827.021 607.01314 1.063 -3.393 7.724 0404Qd0205
3827.024 607.01314 1.281 -0.524 7.724 0505Ra0185
3827.026 106.00112 1.538 -3.591 3.464 AX53R185
3827.035 106.00112 1.538 -3.394 3.464 AX53R195
3827.041 607.01314 1.864 -0.366 7.724 0707Rb0295
3827.051 24.0 4.436 -2.5 "" ""
3827.064 607.01214 3.259 -4.113 7.724 1514Qc0075
3827.068 607.01314 1.864 -3.654 7.724 0707Qd0305
3827.074 607.01314 1.281 -0.548 7.724 0505Rb0175
3827.079 607.01214 3.259 -2.0 7.724 1514Pa0085
3827.083 26.1 4.728 -2.64 "" ""
3827.092 607.01314 1.281 -3.4 7.724 0505Qd0185
3827.099 106.00112 1.538 -6.265 3.464 AX53Q195
3827.1 106.00112 1.577 -2.818 3.464 AX10R315
3827.115 22.1 4.891 -1.42 "" ""
3827.133 28.0 3.541 -3.19 "" ""
3827.142 76.0 2.802 -0.29 "" ""
3827.145 607.01214 3.259 -2.058 7.724 1514Pb0075
3827.154 42.0 2.932 -0.53 "" ""
3827.165 23.0 2.357 -4.81 "" ""
3827.174 106.00112 1.577 -2.916 3.464 AX10R305
3827.177 22.0 2.238 -2.98 "" ""
3827.184 23.1 6.832 -3.24 "" ""
3827.188 24.0 4.183 -2.6 "" ""
3827.213 26.0 4.1 -3.29 "" ""
3827.214 106.00113 1.435 -7.373 3.464 AX42Q215
3827.221 58.1 0.674 -0.6 BIEMONT ""
3827.222 106.00112 1.577 -5.884 3.464 AX10Q315
3827.228 22.0 1.886 -2.07 "" ""
3827.231 607.01214 1.301 -0.537 7.724 0505Ra0175
3827.256 23.1 2.599 -2.32 "" ""
3827.265 106.00113 1.435 -4.171 3.464 AX42P225
3827.284 106.00113 1.435 -4.113 3.464 AX42P215
3827.29 62.1 0.434 -1.93 LAWLER ""
3827.31 21.0 1.864 -1.01 "" ""
3827.316 68.0 0.624 -0.51 "" ""
3827.326 64.1 1.674 0.23 "" ""
3827.332 607.01214 1.301 -0.562 7.724 0505Rb0165
3827.35 607.01214 1.301 -3.366 7.724 0505Qd0175
3827.37 58.1 1.854 0.49 "" ""
3827.398 607.01314 0.503 0.219 7.724 0000Ra0475
3827.414 23.1 4.7 -2.17 "" ""
3827.427 20.0 5.685 -2.79 "" ""
3827.433 607.01214 0.716 -0.139 7.724 0202Rb0295
3827.458 607.01314 0.503 0.21 7.724 0000Rb0465
3827.464 607.01214 0.716 -3.42 7.724 0202Qd0305
3827.468 22.0 2.101 -0.7 "" ""
3827.47 607.01314 0.593 0.059 7.724 0101Ra0395
3827.501 27.0 3.565 -1.61 "" ""
3827.506 607.01314 0.503 -3.45 7.724 0000Qd0475
3827.51 60.1 0.204 -1.35 LAWLER ""
3827.521 607.01314 0.593 0.048 7.724 0101Rb0385
3827.53 23.0 1.892 -3.0 "" ""
3827.553 106.00112 0.098 -5.952 3.464 AX10R065
3827.561 607.01314 0.593 -3.455 7.724 0101Qd0395
3827.571 26.0 2.69 -1.42 "" ""
3827.583 607.01214 0.875 -0.306 7.724 0303Ra0235
3827.631 607.01214 0.875 -0.324 7.724 0303Rb0225
3827.635 22.0 2.235 -0.24 "" ""
3827.655 607.01214 0.875 -3.381 7.724 0303Qd0235
3827.658 607.01314 1.529 -0.513 7.724 0606Ra0205
3827.659 607.01214 1.562 -0.5 7.724 0606Ra0205
3827.669 607.01314 1.851 -0.366 7.724 0707Ra0295
3827.672 26.1 4.476 -2.84 "" ""
3827.689 607.01314 1.529 -0.535 7.724 0606Rb0195
3827.694 607.01214 1.07 -0.467 7.724 0404Ra0185
3827.707 607.01214 1.562 -0.521 7.724 0606Rb0195
3827.708 607.01314 1.529 -3.477 7.724 0606Qd0205
3827.726 607.01214 1.562 -3.463 7.724 0606Qd0205
3827.727 607.01314 3.273 -4.642 7.724 1514Qc0205
3827.73 607.01214 1.07 -0.49 7.724 0404Rb0175
3827.731 607.01314 1.851 -0.382 7.724 0707Rb0285
3827.743 28.0 3.536 -4.09 "" ""
3827.748 607.01214 1.07 -3.342 7.724 0404Qd0185
3827.754 607.01314 1.273 -0.548 7.724 0505Ra0175
3827.757 607.01314 1.851 -3.641 7.724 0707Qd0295
3827.772 607.01314 1.055 -0.453 7.724 0404Ra0195
3827.785 607.01314 3.273 -1.769 7.724 1514Pb0205
3827.793 607.01314 1.055 -0.475 7.724 0404Rb0185
3827.797 607.01214 3.262 -4.16 7.724 1514Qc0085
3827.806 607.01314 1.273 -0.573 7.724 0505Rb0165
3827.812 607.01314 1.055 -3.372 7.724 0404Qd0195
3827.814 607.01214 3.262 -1.948 7.724 1514Pa0095
3827.82 106.00112 0.098 -6.589 3.464 AX10Q075
3827.82 607.01314 1.273 -3.377 7.724 0505Qd0175
3827.823 26.0 1.556 0.09 OBR91 ""
3827.832 23.1 2.555 -2.97 "" ""
3827.846 106.00112 0.098 -6.266 3.464 AX10R075
3827.856 58.1 0.6 -0.77 BIEMONT ""
3827.861 607.01314 0.865 -0.294 7.724 0303Ra0245
3827.866 26.0 3.632 -0.77 "" ""
3827.878 106.00112 0.098 -5.952 3.464 AX10R065
3827.884 607.01214 3.262 -2.0 7.724 1514Pb0085
3827.892 25.0 3.071 -2.05 "" ""
3827.905 24.0 3.077 -1.59 "" ""
3827.908 607.01314 0.865 -0.312 7.724 0303Rb0235
3827.932 607.01314 0.865 -3.405 7.724 0303Qd0245
3827.944 24.0 4.437 -3.36 "" ""
3827.967 607.01214 1.293 -0.562 7.724 0505Ra0165
3827.98 60.1 0.0 -0.94 LAWLER ""
3828.009 22.0 2.248 -0.15 "" ""
3828.012 106.00112 1.208 -7.985 3.464 CX13P115
3828.035 26.0 3.881 -3.65 "" ""
3828.05 62.1 0.04 -1.42 LAWLER ""
3828.075 607.01214 1.293 -0.588 7.724 0505Rb0155
3828.092 607.01214 1.293 -3.342 7.724 0505Qd0165
3828.108 106.00112 0.098 -6.577 3.464 AX10Q075
3828.134 106.00112 0.098 -6.266 3.464 AX10R075
3828.136 22.0 0.835 -5.94 "" ""
3828.143 607.01214 0.578 0.039 7.724 0101Ra0375
3828.15 26.0 3.366 -1.48 "" ""
3828.153 607.01214 0.482 0.201 7.724 0000Ra0455
3828.187 22.0 2.133 0.05 "" ""
3828.198 607.01214 0.578 0.028 7.724 0101Rb0365
3828.213 607.01214 0.482 0.192 7.724 0000Rb0445
3828.238 607.01214 0.578 -3.43 7.724 0101Qd0375
3828.24 41.1 1.69 -0.86 Nilsson10 ""
3828.247 6.0 7.679 -3.8 "" ""
3828.261 607.01214 0.482 -3.431 7.724 0000Qd0455
3828.334 607.01314 1.839 -0.382 7.724 0707Ra0285
3828.346 24.0 3.844 -1.38 "" ""
3828.352 607.01314 1.52 -0.535 7.724 0606Ra0195
3828.377 607.01214 1.553 -0.521 7.724 0606Ra0195
3828.381 24.0 4.443 -2.73 "" ""
3828.383 607.01314 1.52 -0.557 7.724 0606Rb0185
3828.385 90.0 0.0 -0.67 "" ""
3828.394 26.0 4.412 -3.5 "" ""
3828.401 607.01314 1.52 -3.456 7.724 0606Qd0195
3828.413 607.01314 1.839 -0.398 7.724 0707Rb0275
3828.423 607.01214 1.553 -0.544 7.724 0606Rb0185
3828.435 42.0 3.154 -1.42 "" ""
3828.438 607.01314 1.839 -3.627 7.724 0707Qd0285
3828.442 607.01214 1.553 -3.443 7.724 0606Qd0195
3828.462 607.01214 0.702 -0.139 7.724 0202Ra0295
3828.474 607.01314 1.266 -0.573 7.724 0505Ra0165
3828.478 45.0 1.142 -0.09 "" ""
3828.496 607.01214 1.062 -0.49 7.724 0404Ra0175
3828.501 607.01214 0.864 -0.324 7.724 0303Ra0225
3828.504 26.0 2.756 -2.2 "" ""
3828.504 607.01214 0.702 -0.154 7.724 0202Rb0285
3828.522 607.01314 1.266 -0.599 7.724 0505Rb0155
3828.53 607.01214 1.062 -0.515 7.724 0404Rb0165
3828.534 607.01214 0.702 -3.406 7.724 0202Qd0295
3828.538 607.01314 1.266 -3.353 7.724 0505Qd0165
3828.548 607.01214 1.062 -3.318 7.724 0404Qd0175
3828.549 607.01214 0.864 -0.343 7.724 0303Rb0215
3828.551 607.01314 1.046 -0.475 7.724 0404Ra0185
3828.557 23.0 0.017 -0.34 LAWNOHFS ""
3828.564 607.01214 3.266 -4.2 7.724 1514Qc0095
3828.569 68.1 0.891 -2.22 LAWLER ""
3828.572 607.01214 0.864 -3.363 7.724 0303Qd0225
3828.572 607.01314 1.046 -0.499 7.724 0404Rb0175
3828.582 607.01214 3.267 -1.901 7.724 1514Pa0105
3828.586 20.0 2.707 -8.52 "" ""
3828.591 607.01314 1.046 -3.35 7.724 0404Qd0185
3828.596 58.1 0.721 -0.77 BIEMONT ""
3828.639 106.00112 1.539 -3.395 3.464 AX53R195
3828.644 26.0 4.214 -1.84 "" ""
3828.652 22.0 1.967 -2.06 "" ""
3828.655 607.01214 3.266 -1.948 7.724 1514Pb0095
3828.662 28.0 3.737 -2.92 "" ""
3828.668 106.00112 0.778 -7.811 3.464 CX02P075
3828.683 20.0 2.707 -6.65 "" ""
3828.687 607.01214 1.286 -0.588 7.724 0505Ra0155
3828.694 607.01314 0.576 0.048 7.724 0101Ra0385
3828.703 106.00112 1.539 -6.234 3.464 AX53Q195
3828.709 106.00112 1.539 -3.591 3.464 AX53R185
3828.719 44.0 1.087 -1.27 "" ""
3828.744 607.01314 0.576 0.037 7.724 0101Rb0375
3828.759 106.00113 0.578 -1.578 3.464 BX10Q175
3828.76 106.00113 0.578 -5.087 3.464 BX10P185
3828.76 607.01314 0.854 -0.312 7.724 0303Ra0235
3828.766 24.0 3.446 -3.5 "" ""
3828.777 106.00113 0.097 -5.952 3.464 AX10R065
3828.783 607.01314 0.576 -3.444 7.724 0101Qd0385
3828.806 607.01314 0.482 0.21 7.724 0000Ra0465
3828.806 607.01314 0.854 -0.33 7.724 0303Rb0225
3828.808 607.01214 1.286 -0.616 7.724 0505Rb0145
3828.815 23.1 5.875 -3.0 "" ""
3828.82 106.00113 0.578 -5.068 3.464 BX10R175
3828.821 106.00113 0.578 -1.585 3.464 BX10Q185
3828.823 607.01214 1.286 -3.316 7.724 0505Qd0155
3828.828 607.01314 0.854 -3.387 7.724 0303Qd0235
3828.83 23.0 1.375 -1.24 "" ""
3828.836 6.0 7.679 -3.24 "" ""
3828.865 607.01314 0.482 0.201 7.724 0000Rb0455
3828.876 42.0 1.469 -0.68 "" ""
3828.884 607.01314 0.697 -0.143 7.724 0202Rb0295
3828.913 607.01314 0.482 -3.441 7.724 0000Qd0465
3828.915 607.01314 0.697 -3.424 7.724 0202Qd0305
3828.925 25.0 3.37 -3.96 "" ""
3828.928 106.00112 1.604 -4.098 3.464 AX31P285
3828.928 73.0 1.324 -1.15 "" ""
3828.987 106.00112 1.604 -7.483 3.464 AX31Q275
3828.99 24.0 3.875 -2.73 "" ""
3829.0 607.01314 1.827 -0.398 7.724 0707Ra0275
3829.02 92.1 0.113 -1.32 "" ""
3829.038 607.01314 1.512 -0.558 7.724 0606Ra0185
3829.042 106.00113 0.097 -6.589 3.464 AX10Q075
3829.055 22.0 1.995 -2.16 "" ""
3829.069 106.00113 0.097 -6.266 3.464 AX10R075
3829.069 607.01314 1.512 -0.581 7.724 0606Rb0175
3829.086 607.01214 1.545 -0.544 7.724 0606Ra0185
3829.086 607.01314 1.512 -3.434 7.724 0606Qd0185
3829.088 607.01314 1.827 -0.415 7.724 0707Rb0265
3829.098 106.00113 0.097 -5.952 3.464 AX10R065
3829.101 106.00112 1.604 -4.044 3.464 AX31P275
3829.112 607.01314 1.827 -3.613 7.724 0707Qd0275
3829.115 26.0 4.1 -2.27 "" ""
3829.122 26.0 3.692 -1.19 "" ""
3829.126 74.0 0.207 -2.33 "" ""
3829.132 607.01214 1.545 -0.568 7.724 0606Rb0175
3829.15 60.1 0.742 -0.41 LAWLER ""
3829.15 607.01214 1.545 -3.421 7.724 0606Qd0185
3829.183 607.01314 1.259 -0.599 7.724 0505Ra0155
3829.223 25.1 6.666 -4.03 "" ""
3829.229 607.01314 1.259 -0.627 7.724 0505Rb0145
3829.244 607.01314 1.259 -3.327 7.724 0505Qd0155
3829.284 607.01214 1.054 -0.515 7.724 0404Ra0165
3829.318 607.01214 1.054 -0.541 7.724 0404Rb0155
3829.319 607.01314 1.039 -0.499 7.724 0404Ra0175
3829.328 106.00113 0.098 -6.577 3.464 AX10Q075
3829.334 607.01214 1.054 -3.294 7.724 0404Qd0165
3829.336 106.00113 1.437 -4.172 3.464 AX42P225
3829.34 607.01314 1.039 -0.523 7.724 0404Rb0165
3829.354 106.00113 0.098 -6.266 3.464 AX10R075
3829.355 12.0 2.707 -0.23 "" ""
3829.357 106.00113 1.243 -8.021 3.464 CX13P125
3829.358 607.01314 1.039 -3.327 7.724 0404Qd0175
3829.363 26.0 3.692 -2.75 "" ""
3829.364 607.01214 3.271 -4.235 7.724 1514Qc0105
3829.37 92.1 0.568 -0.97 "" ""
3829.383 26.1 7.488 -4.54 "" ""
3829.384 106.00113 1.437 -7.409 3.464 AX42Q215
3829.384 607.01214 0.561 0.028 7.724 0101Ra0365
3829.384 607.01214 3.271 -1.857 7.724 1514Pa0115
3829.387 607.01214 1.279 -0.616 7.724 0505Ra0145
3829.405 607.01214 0.854 -0.343 7.724 0303Ra0215
3829.415 90.1 2.121 0.09 "" ""
3829.436 607.01214 0.561 0.016 7.724 0101Rb0355
3829.448 106.00113 1.204 -7.084 3.464 AX53P115
3829.448 106.00113 1.437 -4.113 3.464 AX42P215
3829.452 26.0 3.271 -1.06 "" ""
3829.452 607.01214 0.854 -0.363 7.724 0303Rb0205
3829.458 607.01214 3.271 -1.901 7.724 1514Pb0105
3829.46 64.1 1.275 -0.17 "" ""
3829.474 607.01214 0.854 -3.343 7.724 0303Qd0215
3829.477 607.01214 0.561 -3.419 7.724 0101Qd0365
3829.501 24.0 3.847 -0.72 "" ""
3829.518 607.01214 0.689 -0.154 7.724 0202Ra0285
3829.522 23.1 1.07 -2.81 "" ""
3829.529 607.01214 1.279 -0.645 7.724 0505Rb0135
3829.543 607.01214 1.279 -3.288 7.724 0505Qd0145
3829.559 607.01214 0.689 -0.169 7.724 0202Rb0275
3829.579 26.0 2.431 -3.52 "" ""
3829.58 27.0 3.295 -5.17 "" ""
3829.587 607.01214 0.461 0.192 7.724 0000Ra0445
3829.588 607.01214 0.689 -3.391 7.724 0202Qd0285
3829.644 607.01314 0.844 -0.33 7.724 0303Ra0225
3829.645 607.01214 0.461 0.182 7.724 0000Rb0435
3829.659 23.1 1.095 -2.59 "" ""
3829.662 26.0 3.926 -2.01 "" ""
3829.665 607.01314 1.816 -0.415 7.724 0707Ra0265
3829.685 72.0 2.077 -0.03 "" ""
3829.689 607.01314 0.844 -0.35 7.724 0303Rb0215
3829.692 58.1 0.175 -1.05 "" ""
3829.692 607.01214 0.461 -3.422 7.724 0000Qd0445
3829.694 106.00112 0.011 -7.046 3.464 AX10R025
3829.694 26.0 3.036 -2.44 "" ""
3829.695 24.0 3.844 -0.38 "" ""
3829.704 25.1 6.828 -7.08 "" ""
3829.71 607.01314 0.844 -3.369 7.724 0303Qd0225
3829.717 607.01314 1.505 -0.581 7.724 0606Ra0175
3829.718 106.00112 0.011 -7.036 3.464 AX10R025
3829.718 25.0 2.177 -1.34 "" ""
3829.722 22.0 1.442 -1.21 LAWLER ""
3829.747 607.01314 1.505 -0.606 7.724 0606Rb0165
3829.757 607.01314 1.816 -0.432 7.724 0707Rb0255
3829.759 106.00112 1.491 -7.824 3.464 CX24P115
3829.761 26.0 2.557 -1.99 "" ""
3829.763 607.01314 1.505 -3.411 7.724 0606Qd0175
3829.779 20.0 5.014 -3.07 "" ""
3829.78 607.01314 1.816 -3.598 7.724 0707Qd0265
3829.785 42.0 2.595 -1.02 "" ""
3829.79 607.01214 1.537 -0.568 7.724 0606Ra0175
3829.794 92.0 0.0 -0.85 "" ""
3829.807 25.1 6.908 -2.78 "" ""
3829.82 58.1 0.459 -1.52 LAWLER ""
3829.832 607.01214 1.537 -0.593 7.724 0606Rb0165
3829.837 24.0 4.452 -1.26 "" ""
3829.844 106.00113 1.572 -2.819 3.464 AX10R315
3829.849 607.01214 1.537 -3.398 7.724 0606Qd0175
3829.881 607.01314 1.253 -0.627 7.724 0505Ra0145
3829.899 26.1 7.488 -3.35 "" ""
3829.902 607.01314 0.559 0.037 7.724 0101Ra0375
3829.908 42.0 2.521 -1.33 "" ""
3829.912 607.01314 0.684 -0.143 7.724 0202Ra0295
3829.919 607.01314 0.684 -0.158 7.724 0202Rb0285
3829.926 607.01314 1.253 -0.656 7.724 0505Rb0135
3829.939 607.01314 1.253 -3.299 7.724 0505Qd0145
3829.943 58.1 0.536 -0.92 BIEMONT ""
3829.948 24.0 3.875 -3.64 "" ""
3829.948 607.01314 0.684 -3.41 7.724 0202Qd0295
3829.951 607.01314 0.559 0.025 7.724 0101Rb0365
3829.961 106.00113 1.572 -5.84 3.464 AX10Q315
3829.97 27.0 3.574 -3.24 "" ""
3829.974 25.0 3.073 -1.88 "" ""
3829.989 607.01314 0.559 -3.433 7.724 0101Qd0375
3830.001 41.0 1.079 -1.36 "" ""
3830.006 26.1 7.489 -3.64 "" ""
3830.01 72.0 1.746 -0.05 "" ""
3830.016 24.0 3.447 0.47 "" ""
3830.023 58.1 0.792 -0.66 LAWLER ""
3830.038 106.00113 0.704 -4.692 3.464 BX00R205
3830.049 106.00113 1.572 -2.917 3.464 AX10R305
3830.052 42.0 2.521 -0.94 "" ""
3830.055 27.0 3.772 -3.39 "" ""
3830.056 607.01214 1.273 -0.645 7.724 0505Ra0135
3830.06 607.01214 1.047 -0.541 7.724 0404Ra0155
3830.06 90.0 1.29 -0.3 "" ""
3830.071 26.0 3.544 -2.08 "" ""
3830.075 607.01314 1.031 -0.523 7.724 0404Ra0165
3830.092 607.01214 1.047 -0.569 7.724 0404Rb0145
3830.097 607.01314 1.031 -0.549 7.724 0404Rb0155
3830.108 607.01214 1.047 -3.267 7.724 0404Qd0155
3830.113 607.01314 1.031 -3.302 7.724 0404Qd0165
3830.196 24.0 3.432 -2.7 "" ""
3830.199 607.01214 3.276 -4.267 7.724 1514Qc0115
3830.199 607.01314 0.462 0.2 7.724 0000Ra0455
3830.213 42.0 2.596 -2.07 "" ""
3830.221 607.01214 3.276 -1.815 7.724 1514Pa0125
3830.229 106.00113 1.205 -7.119 3.464 AX53P115
3830.239 607.01214 1.273 -0.677 7.724 0505Rb0125
3830.241 22.0 2.015 -1.83 "" ""
3830.252 607.01214 1.273 -3.258 7.724 0505Qd0135
3830.257 607.01314 0.462 0.191 7.724 0000Rb0445
3830.263 23.0 2.573 -0.03 "" ""
3830.292 607.01214 3.276 -1.857 7.724 1514Pb0115
3830.294 607.01214 0.845 -0.363 7.724 0303Ra0205
3830.3 62.1 0.104 -1.12 LAWLER ""
3830.304 607.01314 0.462 -3.432 7.724 0000Qd0455
3830.327 607.01314 1.805 -0.432 7.724 0707Ra0255
3830.34 607.01214 0.845 -0.384 7.724 0303Rb0195
3830.361 607.01214 0.845 -3.323 7.724 0303Qd0205
3830.363 28.0 3.737 -2.11 "" ""
3830.388 607.01314 1.498 -0.606 7.724 0606Ra0165
3830.4 24.0 3.548 -1.78 "" ""
3830.417 607.01314 1.498 -0.633 7.724 0606Rb0155
3830.42 607.01314 1.805 -0.45 7.724 0707Rb0245
3830.432 607.01314 1.498 -3.387 7.724 0606Qd0165
3830.443 607.01314 1.805 -3.582 7.724 0707Qd0255
3830.45 23.1 5.791 -3.96 "" ""
3830.479 60.1 1.944 1.24 "" ""
3830.482 607.01214 1.529 -0.593 7.724 0606Ra0165
3830.482 68.1 0.0 -0.22 LAWLER ""
3830.488 25.1 6.172 -5.44 "" ""
3830.514 23.0 2.676 -0.4 "" ""
3830.516 607.01314 0.835 -0.35 7.724 0303Ra0215
3830.522 26.1 7.489 -4.08 "" ""
3830.524 607.01214 1.529 -0.619 7.724 0606Rb0155
3830.525 22.0 1.878 -1.96 "" ""
3830.54 607.01214 1.529 -3.373 7.724 0606Qd0165
3830.553 607.01314 0.835 -0.37 7.724 0303Rb0205
3830.554 58.1 0.956 0.19 "" ""
3830.558 607.01214 0.676 -0.169 7.724 0202Ra0275
3830.568 607.01314 1.247 -0.657 7.724 0505Ra0135
3830.577 607.01314 0.835 -3.35 7.724 0303Qd0215
3830.582 106.00113 1.593 -7.438 3.464 AX31Q275
3830.591 106.00113 1.593 -4.043 3.464 AX31P275
3830.599 607.01214 0.676 -0.185 7.724 0202Rb0265
3830.608 106.00113 1.593 -4.096 3.464 AX31P285
3830.608 607.01214 0.544 0.016 7.724 0101Ra0355
3830.611 607.01314 1.247 -0.688 7.724 0505Rb0125
3830.623 22.0 2.152 -2.39 "" ""
3830.624 607.01314 1.247 -3.269 7.724 0505Qd0135
3830.627 607.01214 0.676 -3.376 7.724 0202Qd0275
3830.632 23.1 5.845 -3.65 "" ""
3830.642 607.01214 1.267 -0.677 7.724 0505Ra0125
3830.66 23.0 2.364 -2.26 "" ""
3830.661 607.01214 0.544 0.004 7.724 0101Rb0345
3830.699 607.01214 0.544 -3.407 7.724 0101Qd0355
3830.733 26.0 3.015 -5.75 "" ""
3830.744 106.00112 0.409 -7.068 3.464 AX21R065
3830.757 26.0 2.607 -1.94 "" ""
3830.774 90.0 0.0 -1.28 "" ""
3830.814 42.0 3.196 -0.7 "" ""
3830.82 607.01314 1.024 -0.55 7.724 0404Ra0155
3830.822 607.01214 1.04 -0.569 7.724 0404Ra0145
3830.841 607.01314 1.024 -0.577 7.724 0404Rb0145
3830.853 607.01214 1.04 -0.598 7.724 0404Rb0135
3830.856 607.01314 1.024 -3.276 7.724 0404Qd0155
3830.86 106.00112 1.58 -2.819 3.464 AX10R315
3830.862 26.0 2.69 -1.67 "" ""
3830.867 607.01214 1.04 -3.24 7.724 0404Qd0145
3830.872 106.00112 0.073 -5.758 3.464 AX10R055
3830.911 58.1 0.326 -0.79 LAWLER ""
3830.923 106.00113 0.011 -7.045 3.464 AX10R025
3830.933 607.01314 0.671 -0.158 7.724 0202Ra0285
3830.935 28.0 3.652 -4.29 "" ""
3830.937 607.01314 0.671 -0.173 7.724 0202Rb0275
3830.938 607.01214 1.267 -0.711 7.724 0505Rb0115
3830.946 106.00113 0.011 -7.035 3.464 AX10R025
3830.95 607.01214 1.267 -3.226 7.724 0505Qd0125
3830.951 106.00112 0.41 -7.046 3.464 AX21R065
3830.966 607.01314 0.671 -3.396 7.724 0202Qd0285
3830.985 106.00112 1.58 -5.84 3.464 AX10Q315
3830.985 607.01314 1.795 -0.45 7.724 0707Ra0245
3830.985 64.1 1.674 0.12 "" ""
3831.003 22.1 5.008 -3.21 "" ""
3831.003 607.01214 0.44 0.182 7.724 0000Ra0435
3831.012 27.1 5.462 -5.5 "" ""
3831.018 23.1 1.127 -2.55 "" ""
3831.028 24.0 1.003 -2.04 "" ""
3831.05 607.01314 1.491 -0.633 7.724 0606Ra0155
3831.054 106.00112 1.58 -2.917 3.464 AX10R305
3831.06 607.01214 0.44 0.172 7.724 0000Rb0425
3831.068 607.01214 3.281 -4.294 7.724 1514Qc0125
3831.07 42.0 3.393 -0.62 "" ""
3831.075 66.1 1.787 -0.17 "" ""
3831.078 607.01314 1.491 -0.661 7.724 0606Rb0145
3831.079 58.1 0.477 -0.14 BIEMONT ""
3831.079 607.01314 1.795 -0.469 7.724 0707Rb0235
3831.085 106.00112 1.873 -7.697 3.464 CX35Q145
3831.091 607.01214 3.281 -1.776 7.724 1514Pa0135
3831.093 607.01314 1.491 -3.361 7.724 0606Qd0155
3831.094 607.01314 0.543 0.025 7.724 0101Ra0365
3831.101 607.01314 1.795 -3.566 7.724 0707Qd0245
3831.106 607.01214 0.44 -3.412 7.724 0000Qd0435
3831.113 106.00112 1.873 -3.826 3.464 CX35P155
3831.118 106.00112 0.073 -5.758 3.464 AX10R055
3831.143 607.01314 0.543 0.013 7.724 0101Rb0355
3831.159 607.01214 3.281 -1.815 7.724 1514Pb0125
3831.16 23.1 5.829 -4.66 "" ""
3831.167 607.01214 1.522 -0.619 7.724 0606Ra0155
3831.168 607.01214 0.836 -0.385 7.724 0303Ra0195
3831.169 106.00112 1.873 -3.879 3.464 CX35P145
3831.174 26.0 3.015 -6.24 "" ""
3831.18 607.01314 0.543 -3.421 7.724 0101Qd0365
3831.185 106.00112 0.074 -6.485 3.464 AX10Q065
3831.185 21.1 7.375 -1.91 "" ""
3831.209 607.01214 1.522 -0.647 7.724 0606Rb0145
3831.213 607.01214 0.836 -0.407 7.724 0303Rb0185
3831.223 607.01214 1.522 -3.348 7.724 0606Qd0155
3831.227 106.00112 0.074 -5.94 3.464 AX10R065
3831.233 607.01214 0.836 -3.302 7.724 0303Qd0195
3831.242 106.00113 0.804 -7.848 3.464 CX02P085
3831.244 607.01314 1.241 -0.688 7.724 0505Ra0125
3831.265 26.0 4.227 -2.82 "" ""
3831.276 106.00112 1.666 -6.491 3.464 CX35P085
3831.284 607.01314 1.241 -0.722 7.724 0505Rb0115
3831.297 607.01314 1.241 -3.237 7.724 0505Qd0125
3831.37 607.01314 0.826 -0.37 7.724 0303Ra0205
3831.399 106.00112 0.074 -6.475 3.464 AX10Q065
