wavelength species excitation loggf disassociation_energy comment
5288.173 607.01314 1.113 -2.683 7.724 1104Pa0255
5288.193 28.0 3.895 -2.75 LAWLER ""
5288.202 106.00113 1.942 -5.877 3.464 AX46R105
5288.207 106.00113 2.294 -5.85 3.464 AX24R265
5288.22 607.01214 2.073 -2.285 7.724 1608Rb0245
5288.233 607.01314 1.906 -2.925 7.724 1608Rb0065
5288.238 607.01214 0.345 -4.804 7.724 0600Qc0375
5288.242 26.0 3.6 -5.6 "" ""
5288.247 607.01314 1.906 -2.956 7.724 1608Qd0075
5288.255 112.00124 1.001 -0.526 1.340 12R132b24
5288.263 607.01214 2.073 -2.962 7.724 1608Qd0255
5288.264 607.01214 0.569 -3.599 7.724 0600Ra0495
5288.269 106.00113 2.294 -3.063 3.464 AX24Q275
5288.29 26.0 5.096 -1.12 "" ""
5288.297 23.1 3.755 -2.22 "" ""
5288.307 106.00113 0.949 -7.085 3.464 AX02R135
5288.309 607.01314 0.301 -4.251 7.724 0701Rd0155
5288.312 607.01314 1.896 -3.296 7.724 1608Qb0015
5288.316 607.01214 0.345 -3.806 7.724 0600Pa0385
5288.316 607.01314 1.896 -3.602 7.724 1608Pd0025
5288.316 6.0 8.636 -3.12 "" ""
5288.368 26.0 2.988 -5.29 "" ""
5288.38 112.00124 0.998 -0.453 1.340 23R128b24
5288.38 92.1 0.669 -2.36 "" ""
5288.412 112.00124 0.794 -2.953 1.340 23R121b24
5288.416 20.0 5.177 -2.96 "" ""
5288.421 106.00113 2.294 -3.093 3.464 AX24Q265
5288.445 607.01214 2.626 -3.091 7.724 2011Rc0095
5288.45 106.00112 2.372 -3.028 3.464 AX24Q285
5288.461 607.01214 2.626 -2.407 7.724 2011Qa0105
5288.466 26.0 4.368 -2.68 "" ""
5288.47 23.0 2.876 -3.95 "" ""
5288.471 607.01214 0.295 -4.344 7.724 0701Pc0125
5288.483 106.00113 2.294 -5.654 3.464 AX24P275
5288.5 24.0 3.446 -3.69 "" ""
5288.525 26.0 3.695 -1.49 RUF14 ""
5288.534 607.01214 1.967 -3.327 7.724 1608Pc0115
5288.555 106.00112 2.372 -5.857 3.464 AX24R275
5288.555 607.01214 1.366 -3.489 7.724 1205Rd0245
5288.591 106.00112 2.372 -5.627 3.464 AX24P285
5288.628 607.01314 0.282 -4.956 7.724 0600Rc0345
5288.658 607.01314 0.25 -4.456 7.724 0701Rd0035
5288.665 607.01214 0.74 -5.233 7.724 0600Rd0565
5288.696 106.00112 2.372 -3.063 3.464 AX24Q275
5288.698 607.01314 0.282 -3.483 7.724 0600Qa0355
5288.711 607.01314 2.491 -3.315 7.724 1910Pc0265
5288.74 607.01214 1.234 -3.498 7.724 1205Rc0015
5288.744 607.01214 1.234 -3.323 7.724 1205Qa0025
5288.749 20.0 4.677 -6.29 "" ""
5288.758 607.01214 1.233 -3.551 7.724 1205Rc0005
5288.761 607.01214 1.233 -3.578 7.724 1205Qa0015
5288.764 23.0 3.087 -4.27 "" ""
5288.794 22.0 2.425 -1.08 "" ""
5288.848 607.01314 1.89 -3.102 7.724 1507Qc0315
5288.862 25.0 5.392 -0.58 "" ""
5288.903 607.01314 1.89 -2.311 7.724 1507Pa0325
5288.908 607.01214 1.262 -2.603 7.724 1205Qb0105
5288.916 607.01214 1.235 -3.449 7.724 1205Rc0025
5288.923 607.01214 1.235 -3.161 7.724 1205Qa0035
5288.93 607.01214 1.262 -3.359 7.724 1205Pd0115
5288.989 607.01214 0.454 -3.193 7.724 0701Rb0285
5289.045 106.00113 1.942 -5.846 3.464 AX46R105
5289.047 27.0 4.392 -3.12 "" ""
5289.048 607.01214 0.454 -4.055 7.724 0701Qd0295
5289.088 106.00112 0.952 -7.126 3.464 AX02R135
5289.092 607.01314 1.91 -2.858 7.724 1608Rb0075
5289.104 607.01314 1.91 -2.934 7.724 1608Qd0085
5289.128 607.01214 2.61 -3.621 7.724 2011Pc0045
5289.168 607.01314 1.897 -3.112 7.724 1608Qb0025
5289.174 607.01314 1.897 -3.471 7.724 1608Pd0035
5289.189 607.01214 1.985 -2.921 7.724 1608Qc0145
5289.202 607.01314 0.308 -4.255 7.724 0701Rd0165
5289.215 607.01214 1.985 -2.614 7.724 1608Pa0155
5289.222 106.00113 1.9 -6.186 3.464 AX13R245
5289.254 63.0 2.194 0.06 "" ""
5289.269 22.0 0.835 -2.73 LAWLER ""
5289.272 106.00112 2.3 -5.85 3.464 AX24R265
5289.272 24.0 3.367 -1.09 "" ""
5289.275 106.00113 1.9 -3.355 3.464 AX13Q255
5289.286 607.01214 1.237 -3.41 7.724 1205Rc0035
5289.294 607.01214 1.237 -3.039 7.724 1205Qa0045
5289.33 607.01214 2.615 -2.964 7.724 2011Qc0065
5289.332 607.01214 0.441 -3.187 7.724 0701Ra0285
5289.343 59.0 0.603 -0.04 "" ""
5289.345 607.01214 2.063 -2.273 7.724 1608Ra0245
5289.351 607.01214 2.615 -3.029 7.724 2011Pa0075
5289.356 607.01214 1.273 -2.704 7.724 1205Ra0135
5289.359 106.00112 2.3 -3.063 3.464 AX24Q275
5289.38 25.0 5.516 -0.42 "" ""
5289.407 25.0 5.411 -0.05 "" ""
5289.41 106.00113 1.9 -3.369 3.464 AX13Q245
5289.411 607.01214 2.015 -3.161 7.724 1608Rc0185
5289.415 106.00112 2.3 -3.093 3.464 AX24Q265
5289.431 607.01214 0.381 -3.046 7.724 0701Qb0225
5289.444 607.01314 0.208 -4.692 7.724 0600Qc0295
5289.445 607.01214 2.015 -2.129 7.724 1608Qa0195
5289.462 106.00113 1.9 -5.846 3.464 AX13P255
5289.478 607.01214 0.381 -4.246 7.724 0701Pd0235
5289.488 607.01314 1.896 -3.833 7.724 1608Pb0015
5289.49 607.01314 2.538 -2.231 7.724 1910Pb0305
5289.493 607.01214 1.249 -3.143 7.724 1205Pb0075
5289.502 106.00112 2.3 -5.654 3.464 AX24P275
5289.504 607.01314 0.208 -3.902 7.724 0600Pa0305
5289.506 106.00112 1.255 -4.286 3.464 AX02R195
5289.51 24.0 3.886 -3.76 "" ""
5289.516 607.01214 2.675 -2.87 7.724 2011Qd0185
5289.526 106.00112 1.255 -4.301 3.464 AX02R185
5289.576 607.01314 0.249 -4.54 7.724 0701Rd0025
5289.583 106.00113 1.636 -5.962 3.464 AX35R085
5289.586 607.01214 2.675 -2.406 7.724 2011Rb0175
5289.615 23.0 2.262 -2.63 "" ""
5289.645 23.0 2.614 -2.92 "" ""
5289.671 106.00112 1.255 -6.318 3.464 AX02Q195
5289.671 607.01314 1.958 -3.239 7.724 1608Rd0175
5289.773 607.01214 1.999 -2.553 7.724 1608Pb0165
5289.776 20.0 4.677 -3.25 "" ""
5289.82 39.1 1.033 -1.68 Biemont11 ""
5289.833 23.0 3.224 -4.51 "" ""
5289.848 607.01214 1.239 -3.38 7.724 1205Rc0045
5289.859 607.01214 1.239 -2.939 7.724 1205Qa0055
5289.91 607.01214 1.301 -2.632 7.724 1205Rb0165
5289.943 607.01214 1.301 -3.091 7.724 1205Qd0175
5289.998 23.0 2.614 -1.55 "" ""
5290.101 607.01314 1.913 -2.798 7.724 1608Rb0085
5290.12 607.01314 1.913 -2.917 7.724 1608Qd0095
5290.14 106.00113 1.637 -5.935 3.464 AX35R085
5290.178 607.01314 1.899 -2.973 7.724 1608Qb0035
5290.183 23.0 1.868 -4.14 "" ""
5290.183 23.0 2.241 -3.35 "" ""
5290.186 607.01314 1.899 -3.384 7.724 1608Pd0045
5290.241 607.01314 0.316 -4.259 7.724 0701Rd0175
5290.269 607.01214 2.631 -2.756 7.724 2011Pb0105
5290.273 607.01314 0.157 -5.023 7.724 0600Pc0255
5290.286 23.0 1.892 -1.9 "" ""
5290.305 607.01214 2.647 -3.119 7.724 2011Pd0145
5290.313 607.01214 2.66 -2.415 7.724 2011Ra0165
5290.316 607.01214 2.647 -2.274 7.724 2011Qb0135
5290.323 27.0 4.471 -3.2 "" ""
5290.392 607.01314 1.173 -3.581 7.724 1104Rc0295
5290.406 607.01214 2.631 -3.087 7.724 2011Rc0105
5290.417 607.01214 2.631 -2.359 7.724 2011Qa0115
5290.448 607.01314 1.173 -2.249 7.724 1104Qa0305
5290.46 607.01214 2.606 -3.357 7.724 1910Pc0315
5290.465 106.00113 1.251 -4.287 3.464 AX02R195
5290.474 22.0 1.066 -7.34 "" ""
5290.474 27.0 4.11 -2.08 "" ""
5290.507 607.01314 0.298 -3.483 7.724 0600Qb0355
5290.53 607.01214 0.324 -3.95 7.724 0701Qc0165
5290.565 607.01214 0.324 -3.537 7.724 0701Pa0175
5290.579 607.01314 0.298 -5.008 7.724 0600Pd0365
5290.603 607.01214 1.242 -3.357 7.724 1205Rc0055
5290.614 6.0 8.636 -4.26 "" ""
5290.615 607.01214 1.242 -2.855 7.724 1205Qa0065
5290.62 106.00113 1.251 -6.288 3.464 AX02Q195
5290.626 607.01314 0.248 -4.667 7.724 0701Rd0015
5290.651 607.01214 0.278 -5.135 7.724 0600Pc0335
5290.653 106.00113 1.251 -4.301 3.464 AX02R185
5290.71 607.01314 0.222 -3.894 7.724 0600Pb0305
5290.725 106.00112 0.952 -7.084 3.464 AX02R135
5290.776 607.01214 1.234 -3.674 7.724 1205Qc0015
5290.781 607.01214 1.234 -4.158 7.724 1205Pa0025
5290.79 607.01214 1.279 -2.671 7.724 1205Ra0145
5290.799 26.0 4.317 -2.65 "" ""
5290.82 57.1 0.0 -1.65 LAWNOHFS ""
5290.83 23.0 1.948 -4.4 "" ""
5290.838 23.1 3.8 -3.19 "" ""
5290.86 23.1 3.755 -2.85 "" ""
5290.924 58.0 0.159 -0.78 "" ""
5290.929 26.0 4.73 -3.58 "" ""
5290.942 22.0 0.818 -5.22 "" ""
5290.995 6.0 8.634 -3.75 "" ""
5291.003 607.01214 0.37 -4.22 7.724 0701Rc0215
5291.048 607.01214 0.37 -3.045 7.724 0701Qa0225
5291.049 607.01214 2.729 -3.275 7.724 2011Rd0245
5291.095 607.01314 1.904 -2.304 7.724 1507Pb0325
5291.113 26.0 4.909 -2.96 "" ""
5291.129 607.01314 1.897 -3.557 7.724 1608Pb0025
5291.143 69.0 2.701 0.17 "" ""
5291.161 607.01214 2.033 -2.102 7.724 1608Qb0205
5291.165 607.01214 1.267 -2.556 7.724 1205Qb0115
5291.168 44.0 1.13 -1.85 "" ""
5291.184 106.00113 1.641 -2.098 3.464 BX12P245
5291.187 607.01214 2.033 -3.204 7.724 1608Pd0215
5291.188 607.01214 1.267 -3.354 7.724 1205Pd0125
5291.188 6.0 8.636 -3.01 "" ""
5291.236 63.0 2.388 0.55 "" ""
5291.26 607.01314 1.082 -3.658 7.724 1104Pc0215
5291.272 607.01314 1.918 -2.744 7.724 1608Rb0095
5291.275 607.01214 0.461 -3.404 7.724 0600Qb0435
5291.278 607.01214 1.377 -3.496 7.724 1205Rd0255
5291.29 58.0 0.953 -0.41 "" ""
5291.29 607.01314 1.186 -2.248 7.724 1104Qb0305
5291.291 58.0 0.384 -0.98 "" ""
5291.293 607.01314 1.918 -2.905 7.724 1608Qd0105
5291.32 106.00112 1.984 -6.195 3.464 AX13R255
5291.325 23.0 3.111 -1.31 "" ""
5291.336 106.00113 1.641 -5.879 3.464 BX12Q245
5291.34 26.0 3.94 -3.86 "" ""
5291.344 607.01314 1.901 -2.86 7.724 1608Qb0045
5291.348 607.01314 1.186 -3.626 7.724 1104Pd0315
5291.353 607.01314 1.901 -3.322 7.724 1608Pd0055
5291.356 92.1 0.718 -2.06 Nils02/10 ""
5291.365 607.01214 0.461 -5.116 7.724 0600Pd0445
5291.388 607.01314 1.966 -3.243 7.724 1608Rd0185
5291.403 607.01214 2.618 -2.934 7.724 2011Qc0075
5291.407 106.00113 1.641 -1.655 3.464 BX12P255
5291.415 27.0 4.501 -2.4 "" ""
5291.418 106.00112 1.984 -3.336 3.464 AX13Q265
5291.423 607.01214 2.618 -2.946 7.724 2011Pa0085
5291.428 607.01314 0.324 -4.264 7.724 0701Rd0185
5291.477 24.0 4.529 -2.48 "" ""
5291.513 607.01214 2.612 -3.514 7.724 2011Pc0055
5291.524 106.00112 1.984 -3.351 3.464 AX13Q255
5291.549 607.01214 1.245 -3.339 7.724 1205Rc0065
5291.558 6.0 8.641 -3.17 "" ""
5291.563 607.01214 1.245 -2.782 7.724 1205Qa0075
5291.622 106.00112 1.984 -5.855 3.464 AX13P265
5291.656 60.0 0.849 0.4 "" ""
5291.657 607.01214 0.578 -4.424 7.724 0701Rd0375
5291.701 23.0 1.063 -4.15 "" ""
5291.703 23.1 3.756 -3.06 "" ""
5291.768 607.01214 1.235 -3.467 7.724 1205Qc0025
5291.775 607.01214 1.235 -3.808 7.724 1205Pa0035
5291.807 607.01214 0.341 -3.485 7.724 0701Pb0185
5291.807 607.01314 0.248 -4.895 7.724 0701Rd0005
5291.859 106.00112 1.641 -5.961 3.464 AX35R085
5291.878 20.0 5.317 -3.92 "" ""
5291.945 28.0 3.938 -3.35 "" ""
5291.949 607.01214 0.364 -3.802 7.724 0600Pb0385
5292.02 59.1 0.629 -0.27 "" ""
5292.042 23.1 2.52 -6.0 "" ""
5292.073 42.0 2.593 -1.34 "" ""
5292.134 607.01214 1.253 -3.074 7.724 1205Pb0085
5292.135 45.0 1.576 -1.81 "" ""
5292.163 607.01314 1.851 -3.43 7.724 1507Pc0285
5292.205 27.0 4.107 -0.65 "" ""
5292.258 106.00112 1.949 -5.877 3.464 AX46R105
5292.276 607.01214 2.085 -2.265 7.724 1608Rb0255
5292.295 607.01214 1.309 -2.603 7.724 1205Rb0175
5292.311 607.01214 1.972 -3.315 7.724 1608Pc0125
5292.315 607.01214 0.302 -4.338 7.724 0701Pc0135
5292.32 607.01214 2.085 -2.969 7.724 1608Qd0265
5292.33 607.01214 1.309 -3.096 7.724 1205Qd0185
5292.391 68.1 1.35 -2.29 LAWLER ""
5292.408 607.01214 1.286 -2.64 7.724 1205Ra0155
5292.44 106.00112 1.641 -5.935 3.464 AX35R085
5292.45 58.0 0.515 -0.85 "" ""
5292.459 26.1 6.221 -4.14 "" ""
5292.51 29.0 5.391 -0.44 "" ""
5292.55 59.1141 0.648 -2.274 LI/LAW ""
5292.565 59.1141 0.648 -2.079 LI/LAW ""
5292.566 607.01214 2.683 -2.877 7.724 2011Qd0195
5292.574 607.01214 2.636 -3.085 7.724 2011Rc0115
5292.579 59.1141 0.648 -2.033 LI/LAW ""
5292.58 607.01214 2.636 -2.316 7.724 2011Qa0125
5292.581 607.01314 0.25 -4.302 7.724 0701Rb0025
5292.588 607.01314 0.25 -4.133 7.724 0701Qd0035
5292.592 59.1141 0.648 -2.085 LI/LAW ""
5292.597 26.0 4.987 -0.03 "" ""
5292.604 59.1141 0.648 -2.283 LI/LAW ""
5292.607 59.1141 0.648 -0.916 LI/LAW ""
5292.607 607.01314 1.922 -2.695 7.724 1608Rb0105
5292.615 59.1141 0.648 -1.005 LI/LAW ""
5292.622 59.1141 0.648 -1.093 LI/LAW ""
5292.628 59.1141 0.648 -1.175 LI/LAW ""
5292.629 607.01314 0.249 -4.476 7.724 0701Rb0015
5292.629 607.01314 1.922 -2.896 7.724 1608Qd0115
5292.634 59.1141 0.648 -1.245 LI/LAW ""
5292.634 607.01314 0.249 -4.222 7.724 0701Qd0025
5292.638 59.1141 0.648 -1.292 LI/LAW ""
5292.656 607.01214 2.683 -2.379 7.724 2011Rb0185
5292.665 607.01314 0.252 -4.172 7.724 0701Rb0035
5292.668 59.1141 0.648 -2.283 LI/LAW ""
5292.668 607.01314 1.903 -2.766 7.724 1608Qb0055
5292.671 59.1141 0.648 -2.085 LI/LAW ""
5292.672 59.1141 0.648 -2.033 LI/LAW ""
5292.672 59.1141 0.648 -2.274 LI/LAW ""
5292.673 59.1141 0.648 -2.079 LI/LAW ""
5292.674 607.01314 0.252 -4.068 7.724 0701Qd0045
5292.677 607.01314 1.903 -3.275 7.724 1608Pd0065
5292.685 607.01214 1.249 -3.326 7.724 1205Rc0075
5292.699 106.00112 1.256 -4.286 3.464 AX02R195
5292.7 607.01214 0.592 -3.602 7.724 0600Rb0495
5292.701 607.01214 1.249 -2.717 7.724 1205Qa0085
5292.735 607.01214 2.668 -2.388 7.724 2011Ra0175
5292.763 607.01314 0.332 -4.269 7.724 0701Rd0195
5292.77 607.01214 1.992 -2.922 7.724 1608Qc0155
5292.771 23.0 1.868 -2.46 "" ""
5292.796 607.01214 1.992 -2.578 7.724 1608Pa0165
5292.802 607.01214 0.592 -4.862 7.724 0600Qd0505
5292.808 607.01314 0.248 -4.751 7.724 0701Rb0005
5292.811 607.01314 0.248 -4.352 7.724 0701Qd0015
5292.858 24.0 3.446 -3.84 "" ""
5292.864 106.00112 1.256 -6.288 3.464 AX02Q195
5292.872 25.0 3.38 -2.9 "" ""
5292.874 106.00112 1.256 -4.301 3.464 AX02R185
5292.882 607.01314 0.254 -4.067 7.724 0701Rb0045
5292.893 607.01314 0.254 -4.02 7.724 0701Qd0055
5292.925 607.01314 1.899 -3.383 7.724 1608Pb0035
5292.955 607.01214 1.237 -3.352 7.724 1205Qc0035
5292.964 607.01214 1.237 -3.598 7.724 1205Pa0045
5292.969 607.01214 2.024 -3.167 7.724 1608Rc0195
5292.971 607.01214 1.361 -2.894 7.724 0902Pb0605
5292.996 607.01214 0.468 -3.176 7.724 0701Rb0295
5293.002 607.01214 2.024 -2.104 7.724 1608Qa0205
5293.032 26.0 4.383 -2.35 "" ""
5293.042 607.01214 0.454 -3.171 7.724 0701Ra0295
5293.057 607.01214 0.468 -4.065 7.724 0701Qd0305
5293.078 607.01214 2.073 -2.254 7.724 1608Ra0255
5293.102 106.00112 1.949 -5.845 3.464 AX46R105
5293.117 607.01314 1.124 -3.324 7.724 1104Qc0255
5293.119 607.01314 0.248 -4.519 7.724 0701Qd0005
5293.16 60.1 0.822 0.1 LAWLER ""
5293.166 607.01314 1.124 -2.662 7.724 1104Pa0265
5293.23 106.00113 1.868 -3.676 3.464 AX02Q285
5293.233 607.01314 0.257 -3.978 7.724 0701Rb0055
5293.234 42.0 3.396 -2.33 "" ""
5293.24 106.00113 2.296 -3.064 3.464 AX24Q275
5293.245 607.01314 0.257 -3.985 7.724 0701Qd0065
5293.276 607.01314 1.974 -3.248 7.724 1608Rd0195
5293.358 106.00113 2.296 -5.883 3.464 AX24R265
5293.361 106.00113 1.376 -3.922 3.464 AX13R155
5293.376 24.0 3.373 -1.36 "" ""
5293.377 607.01214 2.654 -3.119 7.724 2011Pd0155
5293.385 607.01314 1.136 -2.652 7.724 1104Pb0265
5293.389 607.01214 0.392 -3.024 7.724 0701Qb0235
5293.399 607.01214 2.654 -2.237 7.724 2011Qb0145
5293.41 106.00113 1.376 -3.907 3.464 AX13R165
5293.415 23.0 3.129 -1.16 "" ""
5293.424 106.00113 1.868 -6.684 3.464 AX02R275
5293.438 607.01214 0.392 -4.254 7.724 0701Pd0245
5293.447 42.0 2.289 -1.57 "" ""
5293.457 106.00113 1.868 -6.207 3.464 AX02P285
5293.517 106.00113 2.296 -5.624 3.464 AX24P275
5293.52 106.00113 1.376 -5.829 3.464 AX13Q165
5293.533 106.00112 1.875 -3.676 3.464 AX02Q285
5293.537 15.0 7.17 -1.3 "" ""
5293.563 607.01214 2.636 -2.706 7.724 2011Pb0115
5293.563 607.01314 2.538 -2.966 7.724 1910Qc0305
5293.582 607.01214 1.273 -2.513 7.724 1205Qb0125
5293.605 26.0 3.045 -7.12 "" ""
5293.607 607.01214 1.273 -3.351 7.724 1205Pd0135
5293.61 607.01314 2.538 -2.226 7.724 1910Pa0315
5293.634 106.00113 2.296 -3.094 3.464 AX24Q265
5293.643 106.00112 1.875 -6.684 3.464 AX02R275
5293.65 106.00113 1.868 -3.691 3.464 AX02Q275
5293.673 63.0 1.93 -0.2 "" ""
5293.688 607.01214 2.622 -2.91 7.724 2011Qc0085
5293.707 607.01214 2.622 -2.874 7.724 2011Pa0095
5293.719 607.01314 0.26 -3.902 7.724 0701Rb0065
5293.724 25.1 6.489 -5.45 "" ""
5293.733 607.01314 0.26 -3.958 7.724 0701Qd0075
5293.789 106.00112 1.875 -6.207 3.464 AX02P285
5293.792 112.00124 0.73 -3.178 1.340 12R124b24
5293.806 607.01214 1.235 -4.303 7.724 1205Pc0025
5293.811 23.0 3.242 -4.12 "" ""
5293.878 23.0 2.914 -4.08 "" ""
5293.899 106.00112 1.875 -3.691 3.464 AX02Q275
5293.919 607.01214 1.217 -4.134 7.724 1003Pc0445
5293.92 22.0 3.332 -2.65 "" ""
5293.959 26.0 4.14 -1.87 "" ""
5293.979 23.0 2.284 -1.24 "" ""
5293.987 21.0 3.099 -3.53 "" ""
5294.0 607.01214 2.007 -2.522 7.724 1608Pb0175
5294.01 607.01214 1.253 -3.317 7.724 1205Rc0085
5294.028 607.01214 1.253 -2.659 7.724 1205Qa0095
5294.032 24.1 5.869 -4.53 "" ""
5294.053 58.0 0.52 -0.26 "" ""
5294.086 26.0 5.06 -0.66 "" ""
5294.106 607.01314 1.927 -2.651 7.724 1608Rb0115
5294.114 607.01214 2.615 -3.439 7.724 2011Pc0065
5294.115 106.00113 2.388 -6.457 3.464 AX56P205
5294.126 607.01314 0.248 -4.519 7.724 0701Qb0005
5294.126 607.01314 1.927 -2.89 7.724 1608Qd0125
5294.129 607.01314 0.248 -4.82 7.724 0701Pd0015
5294.147 607.01314 1.906 -2.685 7.724 1608Qb0065
5294.158 607.01314 1.906 -3.24 7.724 1608Pd0075
5294.174 607.01214 1.389 -3.504 7.724 1205Rd0265
5294.182 607.01214 0.332 -3.954 7.724 0701Qc0175
5294.183 607.01214 0.461 -5.062 7.724 0600Rc0435
5294.21 607.01214 1.293 -2.611 7.724 1205Ra0165
5294.219 607.01214 0.332 -3.506 7.724 0701Pa0185
5294.247 607.01314 0.341 -4.275 7.724 0701Rd0205
5294.273 607.01214 0.461 -3.393 7.724 0600Qa0445
5294.337 607.01214 1.239 -3.277 7.724 1205Qc0045
5294.341 607.01314 0.264 -3.835 7.724 0701Rb0075
5294.347 607.01214 1.239 -3.446 7.724 1205Pa0055
5294.357 607.01314 0.264 -3.938 7.724 0701Qd0085
5294.363 22.0 3.109 -1.68 "" ""
5294.392 106.00112 2.302 -3.064 3.464 AX24Q275
5294.413 27.0 4.107 -1.5 "" ""
5294.47 69.0 3.049 0.52 "" ""
5294.478 25.0 3.37 -3.01 "" ""
5294.49 106.00112 2.302 -5.883 3.464 AX24R265
5294.535 106.00112 2.302 -5.624 3.464 AX24P275
5294.538 112.00124 0.977 -0.752 1.340 01R235b24
5294.547 26.0 3.637 -2.86 "" ""
5294.555 22.0 0.812 -4.82 "" ""
5294.575 26.0 4.984 -2.39 "" ""
5294.615 63.0 2.194 0.36 "" ""
5294.631 607.01214 0.381 -4.229 7.724 0701Rc0225
5294.633 106.00112 2.302 -3.093 3.464 AX24Q265
5294.644 106.00113 1.827 -3.563 3.464 AX35R135
5294.652 62.0 1.712 0.2 "" ""
5294.678 607.01214 0.381 -3.023 7.724 0701Qa0235
5294.691 23.0 2.364 -2.29 "" ""
5294.723 112.00124 0.977 -3.634 1.340 01Q135b24
5294.754 106.00113 1.827 -3.537 3.464 AX35R145
5294.796 106.00113 1.827 -5.383 3.464 AX35Q145
5294.8 26.0 5.029 -3.56 "" ""
5294.823 40.0 0.998 -1.49 "" ""
5294.825 607.01314 0.249 -4.28 7.724 0701Qb0015
5294.83 607.01314 0.249 -4.591 7.724 0701Pd0025
5294.849 607.01214 1.317 -2.576 7.724 1205Rb0185
5294.855 58.1 1.347 -1.66 LAWLER ""
5294.865 6.0 8.641 -3.67 "" ""
5294.868 72.0 0.566 -1.63 "" ""
5294.872 607.01314 1.901 -3.252 7.724 1608Pb0045
5294.885 607.01214 1.317 -3.101 7.724 1205Qd0195
5294.908 106.00113 1.563 -3.725 3.464 AX24R135
5294.932 607.01214 1.257 -3.013 7.724 1205Pb0095
5294.949 607.01214 2.642 -2.275 7.724 2011Qa0135
5294.951 607.01214 2.642 -3.085 7.724 2011Rc0125
5294.954 58.0 0.588 -0.78 "" ""
5294.99 607.01314 0.222 -4.7 7.724 0600Qc0305
5294.998 106.00113 1.563 -3.706 3.464 AX24R145
5295.011 73.0 1.146 -1.72 "" ""
5295.029 112.00124 0.977 -0.741 1.340 01R135b24
5295.052 607.01314 0.222 -3.885 7.724 0600Pa0315
5295.064 26.0 4.73 -3.61 "" ""
5295.09 106.00113 1.563 -5.537 3.464 AX24Q145
5295.101 607.01314 0.268 -3.775 7.724 0701Rb0085
5295.119 607.01314 0.268 -3.924 7.724 0701Qd0095
5295.155 58.1 1.48 -1.75 LAWLER ""
5295.245 607.01314 2.502 -3.324 7.724 1910Pc0275
5295.25 20.0 5.295 -4.6 "" ""
5295.251 106.00113 1.903 -3.355 3.464 AX13Q255
5295.279 607.01214 2.042 -2.078 7.724 1608Qb0215
5295.282 607.01314 1.904 -3.11 7.724 1507Qc0325
5295.308 607.01214 1.361 -4.227 7.724 0902Qc0605
5295.311 23.1 4.513 -2.35 "" ""
5295.313 26.0 4.412 -1.69 "" ""
5295.314 21.1 1.356 -3.09 "" ""
5295.317 607.01214 2.042 -3.211 7.724 1608Pd0225
5295.333 607.01314 1.982 -3.254 7.724 1608Rd0205
5295.339 607.01314 1.904 -2.295 7.724 1507Pa0335
5295.355 607.01214 2.675 -2.362 7.724 2011Ra0185
5295.36 607.01214 0.364 -4.812 7.724 0600Qc0385
5295.378 106.00113 1.903 -6.215 3.464 AX13R245
5295.419 106.00113 2.225 -5.866 3.464 AX24R255
5295.426 6.0 8.531 -2.81 "" ""
5295.429 607.01214 1.361 -2.887 7.724 0902Pa0615
5295.44 106.00113 1.903 -5.818 3.464 AX13P255
5295.44 607.01214 0.364 -3.793 7.724 0600Pa0395
5295.455 42.0 2.513 -1.5 "" ""
5295.46 607.01214 0.592 -3.588 7.724 0600Ra0505
5295.485 106.00113 2.225 -3.094 3.464 AX24Q265
5295.502 26.0 2.69 -5.24 "" ""
5295.523 607.01214 1.257 -3.312 7.724 1205Rc0095
5295.543 607.01214 1.257 -2.607 7.724 1205Qa0105
5295.566 106.00113 1.903 -3.37 3.464 AX13Q245
5295.624 106.00113 2.225 -3.119 3.464 AX24Q255
5295.639 46.0 4.451 0.51 "" ""
5295.655 607.01314 0.25 -4.096 7.724 0701Qb0025
5295.662 607.01314 0.25 -4.463 7.724 0701Pd0035
5295.673 76.0 2.009 -2.15 "" ""
5295.691 106.00113 2.225 -5.647 3.464 AX24P265
5295.73 20.0 5.296 -4.42 "" ""
5295.766 607.01314 1.933 -2.609 7.724 1608Rb0125
5295.776 22.0 1.066 -1.59 LAWLER ""
5295.785 607.01314 1.91 -2.614 7.724 1608Qb0075
5295.789 607.01314 1.933 -2.887 7.724 1608Qd0135
5295.797 607.01214 1.658 -2.724 7.724 0902Rb0705
5295.797 607.01314 1.91 -3.214 7.724 1608Pd0085
5295.801 607.01214 2.691 -2.885 7.724 2011Qd0205
5295.811 607.01214 1.237 -4.0 7.724 1205Pc0035
5295.882 607.01314 0.35 -4.282 7.724 0701Rd0215
5295.888 106.00113 1.377 -3.908 3.464 AX13R165
5295.913 607.01214 1.242 -3.223 7.724 1205Qc0055
5295.914 607.01214 2.691 -2.353 7.724 2011Rb0195
5295.925 607.01214 1.242 -3.327 7.724 1205Pa0065
5295.937 607.01214 1.658 -4.239 7.724 0902Qd0715
5295.949 20.0 5.386 -5.75 "" ""
5295.955 106.00113 1.377 -3.922 3.464 AX13R155
5295.998 106.00113 1.377 -5.802 3.464 AX13Q165
5295.999 607.01314 0.272 -3.721 7.724 0701Rb0095
5296.02 607.01314 0.272 -3.913 7.724 0701Qd0105
5296.036 607.01214 0.35 -3.457 7.724 0701Pb0195
5296.036 607.01314 0.169 -5.031 7.724 0600Pc0265
5296.083 607.01214 1.504 -2.508 7.724 0902Qb0655
5296.09 26.0 4.298 -2.51 "" ""
5296.104 607.01214 0.595 -4.431 7.724 0701Rd0385
5296.113 25.0 4.751 -2.87 "" ""
5296.135 106.00112 1.832 -3.563 3.464 AX35R135
5296.138 607.01314 0.249 -4.82 7.724 0701Pb0015
5296.153 607.01314 2.551 -2.215 7.724 1910Pb0315
5296.16 607.01214 1.279 -2.473 7.724 1205Qb0135
5296.175 26.0 4.987 -1.7 "" ""
5296.185 607.01214 2.626 -2.893 7.724 2011Qc0095
5296.188 607.01214 1.279 -3.35 7.724 1205Pd0145
5296.194 607.01214 1.301 -2.584 7.724 1205Ra0175
5296.201 607.01214 2.626 -2.81 7.724 2011Pa0105
5296.202 607.01214 0.766 -5.237 7.724 0600Rd0575
5296.214 607.01214 1.504 -4.524 7.724 0902Pd0665
5296.234 106.00112 1.832 -3.536 3.464 AX35R145
5296.25 106.00113 1.503 -6.208 3.464 BX02P225
5296.289 607.01214 1.978 -3.306 7.724 1608Pc0135
5296.308 106.00112 1.832 -5.382 3.464 AX35Q145
5296.338 607.01214 0.309 -4.334 7.724 0701Pc0145
5296.342 106.00113 1.827 -3.537 3.464 AX35R145
5296.349 41.0 1.761 -1.49 "" ""
5296.371 112.00124 0.673 -3.526 1.340 01R127b24
5296.408 106.00112 2.231 -5.866 3.464 AX24R255
5296.412 106.00113 1.827 -3.563 3.464 AX35R135
5296.419 24.0 3.887 -2.22 "" ""
5296.437 26.0 3.271 -6.85 "" ""
5296.446 106.00112 1.986 -3.337 3.464 AX13Q265
5296.459 106.00113 1.827 -5.359 3.464 AX35Q145
5296.498 106.00112 2.231 -3.094 3.464 AX24Q265
5296.519 607.01214 2.096 -2.247 7.724 1608Rb0265
5296.529 607.01314 0.236 -3.878 7.724 0600Pb0315
5296.536 607.01314 1.092 -3.663 7.724 1104Pc0225
5296.538 106.00112 1.986 -6.226 3.464 AX13R255
5296.539 24.0 3.123 -6.87 "" ""
5296.548 607.01214 1.999 -2.925 7.724 1608Qc0165
5296.551 106.00112 2.231 -3.119 3.464 AX24Q255
5296.564 58.0 0.493 0.01 "" ""
5296.565 607.01214 2.096 -2.976 7.724 1608Qd0275
5296.577 607.01214 1.999 -2.544 7.724 1608Pa0175
5296.616 607.01314 0.252 -3.955 7.724 0701Qb0035
5296.625 607.01314 0.252 -4.378 7.724 0701Pd0045
5296.635 607.01214 2.66 -3.12 7.724 2011Pd0165
5296.641 106.00112 2.231 -5.647 3.464 AX24P265
5296.648 106.00112 1.986 -5.827 3.464 AX13P265
5296.654 106.00112 1.381 -3.921 3.464 AX13R155
5296.659 22.0 2.159 -3.15 "" ""
5296.66 24.1 6.863 -4.37 "" ""
5296.671 607.01214 2.66 -2.202 7.724 2011Qb0155
5296.691 24.0 0.982 -1.36 SOBECK ""
5296.711 106.00113 1.564 -3.706 3.464 AX24R145
5296.715 106.00112 1.381 -3.907 3.464 AX13R165
5296.716 106.00113 1.564 -3.725 3.464 AX24R135
5296.721 607.01214 2.033 -3.174 7.724 1608Rc0205
5296.724 22.0 2.173 -3.66 "" ""
5296.74 106.00112 1.986 -3.351 3.464 AX13Q255
5296.748 26.0 3.015 -5.87 "" ""
5296.757 607.01214 2.033 -2.08 7.724 1608Qa0215
5296.792 106.00113 1.564 -5.514 3.464 AX24Q145
5296.806 40.0 0.998 -1.19 "" ""
5296.828 106.00112 1.381 -5.828 3.464 AX13Q165
5296.873 24.0 4.532 -3.08 "" ""
5296.913 42.0 2.985 -2.07 "" ""
5296.919 607.01214 0.468 -3.155 7.724 0701Ra0305
5296.93 607.01214 2.618 -3.384 7.724 2011Pc0075
5296.932 6.0 8.636 -2.64 "" ""
5296.949 27.0 3.25 -4.29 "" ""
5296.956 24.0 4.443 -2.83 "" ""
5296.979 607.01314 1.903 -3.146 7.724 1608Pb0055
5296.984 42.0 2.595 -2.47 "" ""
5297.005 607.01214 2.085 -2.237 7.724 1608Ra0265
5297.038 607.01314 0.277 -3.672 7.724 0701Rb0105
5297.044 607.01214 2.642 -2.66 7.724 2011Pb0125
5297.06 607.01314 0.277 -3.906 7.724 0701Qd0115
5297.135 26.0 2.988 -5.82 "" ""
5297.166 607.01214 0.483 -3.16 7.724 0701Rb0305
5297.225 607.01214 1.262 -3.308 7.724 1205Rc0105
5297.229 22.0 1.872 -0.6 LAWLER ""
5297.229 607.01214 0.483 -4.076 7.724 0701Qd0315
5297.244 607.01214 1.401 -3.511 7.724 1205Rd0275
5297.246 607.01214 1.262 -2.559 7.724 1205Qa0115
5297.247 23.0 1.941 -4.71 "" ""
5297.35 106.00112 1.568 -3.725 3.464 AX24R135
5297.353 607.01314 2.562 -3.273 7.724 2011Rd0065
5297.367 25.0 5.38 -0.82 "" ""
5297.377 24.0 2.897 0.17 "" ""
5297.398 21.0 2.612 -3.13 "" ""
5297.399 106.00113 2.389 -6.513 3.464 AX56P205
5297.4 26.0 5.066 -4.0 "" ""
5297.425 22.0 3.106 -3.55 "" ""
5297.429 607.01314 2.564 -3.247 7.724 2011Rd0075
5297.447 607.01314 2.559 -3.307 7.724 2011Rd0055
5297.467 106.00112 1.568 -3.706 3.464 AX24R145
5297.508 607.01214 0.404 -3.003 7.724 0701Qb0245
5297.523 607.01214 2.647 -2.238 7.724 2011Qa0145
5297.534 607.01214 2.647 -3.087 7.724 2011Rc0135
5297.543 106.00112 1.568 -5.537 3.464 AX24Q145
5297.56 607.01214 0.404 -4.261 7.724 0701Pd0255
5297.563 607.01314 1.991 -3.26 7.724 1608Rd0215
5297.564 25.0 5.108 -3.7 "" ""
5297.571 607.01214 1.326 -2.55 7.724 1205Rb0195
5297.578 607.01314 1.913 -2.55 7.724 1608Qb0085
5297.59 26.0 3.015 -4.92 "" ""
5297.593 607.01314 1.938 -2.571 7.724 1608Rb0135
5297.596 607.01314 1.913 -3.194 7.724 1608Pd0095
5297.61 607.01214 1.326 -3.107 7.724 1205Qd0205
5297.617 607.01314 1.938 -2.885 7.724 1608Qd0145
5297.667 607.01314 0.36 -4.289 7.724 0701Rd0225
5297.676 607.01314 2.568 -3.228 7.724 2011Rd0085
5297.682 607.01214 1.245 -3.184 7.724 1205Qc0065
5297.696 607.01214 1.245 -3.229 7.724 1205Pa0075
5297.71 607.01314 0.254 -3.842 7.724 0701Qb0045
5297.71 607.01314 2.557 -3.352 7.724 2011Rd0045
5297.721 607.01314 0.254 -4.317 7.724 0701Pd0055
5297.743 90.0 1.09 -1.23 "" ""
5297.746 607.01314 1.901 -2.913 7.724 1608Ra0055
5297.779 607.01314 1.903 -2.852 7.724 1608Ra0065
5297.802 42.0 2.596 -2.64 "" ""
5297.815 607.01314 1.918 -2.289 7.724 1507Pb0335
5297.834 112.00124 0.967 -0.478 1.340 23R227b24
5297.844 607.01314 0.25 -4.543 7.724 0701Pb0025
5297.869 607.01214 1.658 -2.714 7.724 0902Ra0715
5297.888 106.00112 1.832 -3.537 3.464 AX35R145
5297.888 106.00112 1.832 -3.563 3.464 AX35R135
5297.888 607.01214 1.262 -2.958 7.724 1205Pb0105
5297.902 607.01314 1.899 -2.981 7.724 1608Ra0045
5297.904 25.0 5.407 0.15 "" ""
5297.961 106.00112 1.832 -5.359 3.464 AX35Q145
5297.963 26.0 4.962 -3.05 "" ""
5297.976 112.00124 0.967 -3.059 1.340 23Q127b24
5297.997 607.01214 0.294 -5.143 7.724 0600Pc0345
5298.002 607.01314 1.906 -2.796 7.724 1608Ra0075
5298.006 607.01214 0.341 -3.959 7.724 0701Qc0185
5298.011 607.01214 1.239 -3.837 7.724 1205Pc0045
5298.016 24.0 2.897 -0.06 "" ""
5298.029 22.0 3.699 -3.31 "" ""
5298.04 72.1 1.89 -1.26 LAWLER ""
5298.042 26.1 6.724 -3.77 "" ""
5298.042 42.0 2.678 -1.92 "" ""
5298.046 607.01214 0.341 -3.476 7.724 0701Pa0195
5298.069 106.00112 2.398 -6.456 3.464 AX56P205
5298.09 59.1 0.633 -0.45 LINOHFS ""
5298.095 607.01314 2.571 -3.214 7.724 2011Rd0095
5298.1 26.0 4.987 -3.37 "" ""
5298.143 607.01314 2.556 -3.413 7.724 2011Rd0035
