wavelength species excitation loggf disassociation_energy comment
3610.811 607.01214 1.972 -0.995 7.724 0908Rb0125
3610.816 26.0 3.981 -1.22 "" ""
3610.821 607.01214 1.972 -3.565 7.724 0908Qd0135
3610.84 60.1 0.204 -1.88 LAWLER ""
3610.841 24.1 5.315 -4.76 "" ""
3610.845 106.00112 0.786 -4.062 3.464 AX31Q165
3610.885 106.00112 0.786 -6.213 3.464 AX31P165
3610.905 78.0 1.92 -2.55 DH05nohfs ""
3610.912 58.1 0.909 -0.58 BIEMONT ""
3610.92 64.1 1.126 -0.49 LAWLER ""
3610.965 106.00112 0.035 -4.448 3.464 BX10R045
3610.994 26.0 4.217 -3.42 "" ""
3610.995 607.01314 1.958 -0.856 7.724 0908Rb0165
3611.008 607.01314 1.958 -3.646 7.724 0908Qd0175
3611.013 607.01214 1.834 -3.748 7.724 0807Qc0235
3611.023 27.0 3.295 -6.22 "" ""
3611.032 607.01214 1.834 -0.668 7.724 0807Pa0245
3611.033 607.01314 1.958 -0.833 7.724 0908Ra0175
3611.04 39.1 0.13 0.05 Biemont11 ""
3611.051 28.0 3.541 -4.17 "" ""
3611.088 607.01214 1.834 -0.685 7.724 0807Pb0235
3611.095 607.01314 1.757 -3.639 7.724 0807Qc0195
3611.1 106.00112 1.445 -4.483 3.464 AX41P265
3611.11 607.01314 1.757 -0.718 7.724 0807Pa0205
3611.145 106.00112 1.445 -7.128 3.464 AX41Q255
3611.145 607.01314 1.757 -0.739 7.724 0807Pb0195
3611.15 22.1 5.055 -2.37 "" ""
3611.176 106.00112 1.222 -5.871 3.464 AX31R235
3611.176 607.01214 1.967 -0.995 7.724 0908Ra0125
3611.177 106.00113 1.435 -4.483 3.464 AX41P265
3611.189 607.01214 1.967 -1.027 7.724 0908Rb0115
3611.198 607.01214 1.967 -3.531 7.724 0908Qd0125
3611.226 66.0 0.937 0.01 "" ""
3611.232 106.00112 1.445 -4.546 3.464 AX41P255
3611.236 92.1 0.284 -1.54 "" ""
3611.262 106.00112 1.222 -6.693 3.464 AX31Q235
3611.27 65.1 0.771 -0.12 LAWNOHFS ""
3611.278 27.0 3.126 -6.38 "" ""
3611.293 106.00112 1.222 -5.366 3.464 AX31R225
3611.295 26.0 3.571 -4.59 "" ""
3611.299 607.01314 1.951 -0.88 7.724 0908Rb0155
3611.302 70.1 4.648 -0.66 "" ""
3611.306 58.1 0.295 -1.05 BIEMONT ""
3611.311 607.01314 1.951 -3.62 7.724 0908Qd0165
3611.337 607.01314 1.951 -0.856 7.724 0908Ra0165
3611.341 58.1 0.318 -0.91 BIEMONT ""
3611.396 92.0 0.0 -0.93 "" ""
3611.42 28.0 3.603 -0.74 "" ""
3611.431 55.0 0.0 -2.21 "" ""
3611.449 106.00113 0.035 -4.448 3.464 BX10R045
3611.45 65.1 0.641 -0.24 LAWNOHFS ""
3611.458 24.1 4.934 -5.67 "" ""
3611.482 26.0 3.981 -0.34 "" ""
3611.482 607.01214 3.178 -1.019 7.724 1513Pb0255
3611.494 24.0 3.102 -2.79 "" ""
3611.507 24.1 5.666 -4.37 "" ""
3611.522 607.01214 1.845 -3.767 7.724 0807Qc0245
3611.533 23.0 2.357 -3.78 "" ""
3611.543 607.01214 1.845 -0.651 7.724 0807Pa0255
3611.546 28.0 0.165 -4.02 "" ""
3611.56 607.01314 1.766 -3.662 7.724 0807Qc0205
3611.561 607.01214 1.961 -1.027 7.724 0908Ra0115
3611.574 26.0 3.329 -4.16 "" ""
3611.574 607.01214 1.961 -1.062 7.724 0908Rb0105
3611.577 607.01314 1.766 -0.698 7.724 0807Pa0215
3611.58 63.1 1.278 -1.23 "" ""
3611.582 607.01214 1.961 -3.495 7.724 0908Qd0115
3611.596 607.01214 1.845 -0.668 7.724 0807Pb0245
3611.606 26.0 2.843 -7.21 "" ""
3611.608 69.1 2.431 -0.13 "" ""
3611.611 607.01314 1.766 -0.718 7.724 0807Pb0205
3611.621 607.01314 1.945 -0.905 7.724 0908Rb0145
3611.633 607.01314 1.945 -3.593 7.724 0908Qd0155
3611.634 106.00113 1.436 -4.546 3.464 AX41P255
3611.638 58.1 0.976 -1.14 "" ""
3611.658 607.01314 1.945 -0.88 7.724 0908Ra0155
3611.662 25.0 4.229 -1.5 "" ""
3611.693 24.0 3.32 -3.6 "" ""
3611.693 27.0059 2.326 -0.844 Lawle15HFS ""
3611.694 27.0059 2.326 -1.311 Lawle15HFS ""
3611.7 607.01214 3.178 -4.158 7.724 1513Qc0255
3611.704 27.0059 2.326 -1.165 Lawle15HFS ""
3611.705 27.0059 2.326 -1.165 Lawle15HFS ""
3611.71 27.0059 2.326 -1.186 Lawle15HFS ""
3611.714 27.0059 2.326 -1.642 Lawle15HFS ""
3611.728 58.1 0.417 -1.47 "" ""
3611.761 607.01214 3.178 -1.005 7.724 1513Pa0265
3611.768 22.1 4.947 -3.19 "" ""
3611.829 24.0 2.706 -3.77 "" ""
3611.839 21.0 1.952 -2.23 "" ""
3611.85 23.0 2.377 -3.56 "" ""
3611.855 20.0 4.621 -3.62 "" ""
3611.864 25.1 6.9 -3.52 "" ""
3611.889 40.1 1.742 0.45 "" ""
3611.896 68.1 0.636 -2.73 LAWLER ""
3611.952 607.01214 1.957 -1.062 7.724 0908Ra0105
3611.96 106.00113 0.782 -6.708 3.464 AX31R155
3611.962 106.00112 0.522 -4.595 3.464 AX31P095
3611.962 607.01314 1.938 -0.932 7.724 0908Rb0135
3611.964 607.01214 1.957 -1.1 7.724 0908Rb0095
3611.971 607.01314 1.938 -3.563 7.724 0908Qd0145
3611.972 607.01214 1.957 -3.457 7.724 0908Qd0105
3611.973 106.00112 0.787 -6.727 3.464 AX31R155
3611.973 106.00113 1.436 -7.128 3.464 AX41Q255
3611.976 106.00112 0.522 -6.276 3.464 AX31Q095
3611.99 42.0 2.521 -0.8 "" ""
3611.994 607.01314 1.938 -0.905 7.724 0908Ra0145
3611.997 106.00112 0.787 -4.062 3.464 AX31Q165
3612.014 106.00112 0.787 -4.083 3.464 AX31Q155
3612.021 23.0 1.847 -7.35 "" ""
3612.025 106.00113 0.782 -4.083 3.464 AX31Q155
3612.027 607.01314 1.775 -3.683 7.724 0807Qc0215
3612.035 607.01214 1.856 -3.786 7.724 0807Qc0255
3612.037 106.00112 0.787 -6.196 3.464 AX31P165
3612.044 106.00113 0.782 -4.062 3.464 AX31Q165
3612.045 607.01314 1.775 -0.679 7.724 0807Pa0225
3612.056 106.00112 1.381 -9.23 3.464 CX13R165
3612.057 607.01214 1.856 -0.636 7.724 0807Pa0265
3612.068 26.0 2.83 -0.72 "" ""
3612.079 607.01314 1.775 -0.698 7.724 0807Pb0215
3612.108 607.01214 1.856 -0.652 7.724 0807Pb0255
3612.109 106.00113 0.782 -6.213 3.464 AX31P165
3612.113 106.00112 1.091 -9.282 3.464 CX02R165
3612.127 106.00112 0.126 -4.626 3.464 BX10R085
3612.131 106.00112 0.522 -4.538 3.464 AX31P105
3612.157 28.0 3.895 -3.71 "" ""
3612.165 24.0 3.847 -1.28 "" ""
3612.2 42.0 2.079 -2.49 "" ""
3612.21 22.0 2.039 -0.84 "" ""
3612.24 22.0 1.995 -2.06 "" ""
3612.276 26.0 4.073 -2.06 "" ""
3612.31 607.01314 1.933 -0.962 7.724 0908Rb0125
3612.32 106.00113 1.065 -4.268 3.464 AX20Q255
3612.322 607.01314 1.933 -3.532 7.724 0908Qd0135
3612.34 607.01314 1.933 -0.932 7.724 0908Ra0135
3612.343 57.1 3.038 0.64 "" ""
3612.346 58.1 0.56 -0.8 "" ""
3612.349 607.01214 1.952 -1.1 7.724 0908Ra0095
3612.361 607.01214 1.952 -1.142 7.724 0908Rb0085
3612.368 607.01214 1.952 -3.414 7.724 0908Qd0095
3612.372 106.00112 1.071 -4.268 3.464 AX20Q255
3612.372 106.00113 1.065 -7.544 3.464 AX20R245
3612.387 69.1 2.227 -0.17 "" ""
3612.403 25.0 4.662 -1.97 "" ""
3612.416 106.00112 1.071 -7.544 3.464 AX20R245
3612.425 24.0 3.382 -3.5 "" ""
3612.427 90.0 0.0 -0.9 "" ""
3612.435 106.00113 1.065 -6.687 3.464 AX20P255
3612.439 106.00112 1.071 -6.687 3.464 AX20P255
3612.442 23.0 1.217 -3.58 "" ""
3612.452 42.0 2.595 -0.88 "" ""
3612.47 45.0 0.43 -0.46 "" ""
3612.476 62.1 1.461 -0.36 "" ""
3612.482 106.00112 1.071 -4.281 3.464 AX20Q245
3612.487 106.00113 1.065 -4.281 3.464 AX20Q245
3612.491 106.00112 0.523 -4.595 3.464 AX31P095
3612.496 607.01314 1.785 -3.704 7.724 0807Qc0225
3612.505 26.0 3.299 -2.59 "" ""
3612.506 106.00112 0.523 -6.293 3.464 AX31Q095
3612.515 607.01314 1.785 -0.661 7.724 0807Pa0235
3612.542 23.0 2.377 -1.18 "" ""
3612.546 106.00113 0.125 -4.625 3.464 BX10R085
3612.547 21.0 2.0 -1.7 "" ""
3612.549 607.01314 1.785 -0.679 7.724 0807Pb0225
3612.552 607.01214 1.868 -3.804 7.724 0807Qc0265
3612.573 607.01214 1.868 -0.621 7.724 0807Pa0275
3612.604 24.0 3.847 -0.22 "" ""
3612.619 106.00112 0.523 -4.538 3.464 AX31P105
3612.628 607.01214 1.868 -0.636 7.724 0807Pb0265
3612.636 106.00113 1.193 -11.884 3.464 AX42R185
3612.666 92.1 0.113 -1.31 "" ""
3612.673 607.01314 1.927 -0.994 7.724 0908Rb0115
3612.684 607.01314 1.927 -3.499 7.724 0908Qd0125
3612.699 607.01314 1.927 -0.962 7.724 0908Ra0125
3612.713 106.00113 1.214 -5.365 3.464 AX31R225
3612.714 25.0 4.35 -4.36 "" ""
3612.72 106.00112 0.433 -7.047 3.464 AX31P065
3612.735 106.00113 1.214 -5.87 3.464 AX31R235
3612.74 28.0 0.275 -1.41 LAWLER ""
3612.743 60.1 1.337 -0.02 "" ""
3612.746 24.0 2.707 -3.96 "" ""
3612.753 607.01214 1.948 -1.143 7.724 0908Ra0085
3612.756 106.00113 1.214 -6.728 3.464 AX31Q235
3612.763 607.01214 1.948 -1.19 7.724 0908Rb0075
3612.77 607.01214 1.948 -3.367 7.724 0908Qd0085
3612.795 607.01214 3.189 -1.005 7.724 1513Pb0265
3612.819 22.0 2.152 -1.25 "" ""
3612.866 90.0 0.0 -1.36 "" ""
3612.875 48.0 3.943 -0.3 "" ""
3612.878 25.0 4.602 -2.65 "" ""
3612.918 26.0 3.6 -2.43 "" ""
3612.919 26.0 3.94 -1.45 "" ""
3612.927 26.0 2.174 -2.92 "" ""
3612.94 26.0 1.556 -2.89 "" ""
3612.94 26.0 3.684 -2.06 "" ""
3612.964 26.0 3.637 -4.56 "" ""
3612.968 607.01314 1.795 -3.723 7.724 0807Qc0235
3612.988 607.01314 1.795 -0.644 7.724 0807Pa0245
3612.996 22.1 3.092 -5.44 "" ""
3612.998 106.00112 0.433 -7.068 3.464 AX31P065
3613.022 607.01314 1.795 -0.661 7.724 0807Pb0235
3613.024 106.00113 0.52 -4.595 3.464 AX31P095
3613.031 69.1 2.053 -0.39 "" ""
3613.04 106.00113 0.52 -6.275 3.464 AX31Q095
3613.046 607.01314 1.922 -1.029 7.724 0908Rb0105
3613.047 23.0 2.764 -3.9 "" ""
3613.052 24.1 4.916 -2.91 "" ""
3613.055 607.01314 1.922 -3.463 7.724 0908Qd0115
3613.067 607.01314 1.922 -0.994 7.724 0908Ra0115
3613.073 57.0 0.0 -0.84 "" ""
3613.073 607.01214 1.88 -3.822 7.724 0807Qc0275
3613.077 66.1 2.091 0.61 "" ""
3613.081 26.0 2.873 -1.46 "" ""
3613.097 607.01214 1.88 -0.607 7.724 0807Pa0285
3613.098 40.1 0.039 -0.58 Ljung06 ""
3613.104 106.00112 1.294 -7.878 3.464 AX41P235
3613.124 24.1 2.706 -2.44 Lawler17 ""
3613.144 607.01214 1.88 -0.621 7.724 0807Pb0275
3613.145 26.0 2.873 -1.72 "" ""
3613.163 607.01214 1.945 -1.19 7.724 0908Ra0075
3613.171 607.01214 1.945 -1.243 7.724 0908Rb0065
3613.177 607.01214 1.945 -3.315 7.724 0908Qd0075
3613.179 24.1 2.706 -1.74 Lawler17 ""
3613.18 106.00113 0.783 -6.727 3.464 AX31R155
3613.195 106.00113 0.52 -4.538 3.464 AX31P105
3613.203 106.00113 0.783 -4.083 3.464 AX31Q155
3613.205 106.00113 0.783 -4.062 3.464 AX31Q165
3613.227 106.00113 0.783 -6.196 3.464 AX31P165
3613.252 23.0 2.741 -3.55 "" ""
3613.321 22.1 1.581 -2.9 "" ""
3613.329 76.0 2.369 -2.24 Quinet06 ""
3613.334 106.00112 0.021 -4.383 3.464 BX10R035
3613.373 42.0 1.419 -1.65 "" ""
3613.395 64.1 1.156 0.2 "" ""
3613.423 40.1 0.359 -1.1 "" ""
3613.426 607.01314 1.918 -1.068 7.724 0908Rb0095
3613.429 22.0 2.159 -1.11 "" ""
3613.431 24.1 6.636 -4.64 "" ""
3613.434 607.01314 1.918 -3.425 7.724 0908Qd0105
3613.442 26.0 3.249 -1.04 "" ""
3613.443 607.01314 1.805 -3.742 7.724 0807Qc0245
3613.443 607.01314 1.918 -1.029 7.724 0908Ra0105
3613.444 26.0 3.265 -0.47 "" ""
3613.445 40.1 0.713 -1.1 "" ""
3613.463 607.01314 1.805 -0.628 7.724 0807Pa0255
3613.475 22.0 2.173 -2.23 "" ""
3613.497 607.01314 1.805 -0.644 7.724 0807Pb0245
3613.552 106.00113 0.521 -4.595 3.464 AX31P095
3613.559 42.0 3.245 -1.1 "" ""
3613.56 106.00113 0.521 -6.293 3.464 AX31Q095
3613.578 607.01214 1.942 -1.243 7.724 0908Ra0065
3613.585 607.01214 1.942 -1.305 7.724 0908Rb0055
3613.591 607.01214 1.942 -3.256 7.724 0908Qd0065
3613.593 22.0 0.0 -4.02 "" ""
3613.598 607.01214 1.893 -3.839 7.724 0807Qc0285
3613.606 26.0 3.298 -1.64 "" ""
3613.615 25.0 4.824 -2.27 "" ""
3613.623 607.01214 1.893 -0.593 7.724 0807Pa0295
3613.635 42.0 2.621 -0.94 "" ""
3613.662 24.0 2.913 -1.11 "" ""
3613.668 607.01214 1.893 -0.607 7.724 0807Pb0285
3613.672 106.00113 0.521 -4.538 3.464 AX31P105
3613.679 65.1 0.856 0.23 "" ""
3613.689 40.0 0.519 -0.74 "" ""
3613.694 58.1 0.32 -0.57 BIEMONT ""
3613.705 58.1 0.529 -0.46 BIEMONT ""
3613.715 26.0 2.452 -1.41 "" ""
3613.736 22.0 2.039 -1.44 "" ""
3613.744 29.0 5.391 -0.62 "" ""
3613.765 26.0 3.6 -3.53 "" ""
3613.779 90.1 0.514 -1.42 "" ""
3613.797 74.1 1.813 -1.07 "" ""
3613.798 21.1045 0.022 -1.26 LAWHFS ""
3613.798 21.1045 0.022 -1.41 LAWHFS ""
3613.801 21.1045 0.022 -1.06 LAWHFS ""
3613.802 21.1045 0.022 -1.08 LAWHFS ""
3613.803 21.1045 0.022 -1.74 LAWHFS ""
3613.806 21.1045 0.022 -0.83 LAWHFS ""
3613.808 21.1045 0.022 -0.96 LAWHFS ""
3613.809 21.1045 0.022 -1.63 LAWHFS ""
3613.813 607.01314 1.913 -1.11 7.724 0908Rb0085
3613.814 21.1045 0.022 -0.65 LAWHFS ""
3613.816 21.1045 0.022 -0.9 LAWHFS ""
3613.818 21.1045 0.022 -1.65 LAWHFS ""
3613.819 106.00113 0.021 -4.383 3.464 BX10R035
3613.82 607.01314 1.913 -3.382 7.724 0908Qd0095
3613.825 21.1045 0.022 -0.49 LAWHFS ""
3613.826 607.01314 1.913 -1.068 7.724 0908Ra0095
3613.827 21.1045 0.022 -0.89 LAWHFS ""
3613.829 106.00113 0.431 -7.046 3.464 AX31P065
3613.829 21.1045 0.022 -1.76 LAWHFS ""
3613.838 21.1045 0.022 -0.35 LAWHFS ""
3613.84 21.1045 0.022 -0.96 LAWHFS ""
3613.843 21.1045 0.022 -1.97 LAWHFS ""
3613.853 21.1045 0.022 -0.23 LAWHFS ""
3613.856 21.1045 0.022 -1.16 LAWHFS ""
3613.859 21.1045 0.022 -2.38 LAWHFS ""
3613.92 607.01314 1.816 -3.761 7.724 0807Qc0255
3613.941 607.01314 1.816 -0.612 7.724 0807Pa0265
3613.944 26.0 3.265 -6.27 "" ""
3613.956 106.00113 1.194 -11.83 3.464 AX42R185
3613.974 607.01314 1.816 -0.628 7.724 0807Pb0255
3613.987 22.1 4.305 -1.93 "" ""
3613.998 607.01214 1.939 -1.305 7.724 0908Ra0055
3614.004 607.01214 1.939 -1.378 7.724 0908Rb0045
3614.01 607.01214 1.939 -3.188 7.724 0908Qd0055
3614.01 90.1 1.794 -0.15 "" ""
3614.02 20.0 2.519 -7.11 "" ""
3614.03 25.0 4.243 -2.27 "" ""
3614.055 23.0 2.377 -1.99 "" ""
3614.073 66.1 1.787 0.43 "" ""
3614.089 27.0 3.102 -4.66 "" ""
3614.099 27.0 1.954 -2.91 LAWNHFS ""
3614.105 106.00113 0.431 -7.068 3.464 AX31P065
3614.106 21.1 7.154 -5.39 "" ""
3614.112 26.0 3.299 -1.02 "" ""
3614.128 607.01214 1.906 -3.856 7.724 0807Qc0295
3614.153 27.0 3.295 -5.49 "" ""
3614.153 607.01214 1.906 -0.58 7.724 0807Pa0305
3614.169 24.0 4.2 -1.73 "" ""
3614.18 22.0 1.979 -1.08 "" ""
3614.189 22.0 1.738 -6.99 "" ""
3614.196 607.01214 1.906 -0.593 7.724 0807Pb0295
3614.206 29.0 5.501 -1.0 "" ""
3614.206 607.01314 1.91 -1.158 7.724 0908Rb0075
3614.21 64.1 0.731 -0.9 LAWLER ""
3614.213 607.01314 1.91 -3.336 7.724 0908Qd0085
3614.216 607.01314 1.91 -1.11 7.724 0908Ra0085
3614.241 64.0 0.0 -0.74 "" ""
3614.262 24.1 4.916 -3.54 "" ""
3614.3 42.0 2.079 0.4 "" ""
3614.321 24.0 4.236 -1.13 "" ""
3614.353 90.0 1.304 -0.07 "" ""
3614.401 607.01314 1.827 -3.779 7.724 0807Qc0265
3614.424 607.01214 1.937 -1.378 7.724 0908Ra0045
3614.424 607.01314 1.827 -0.597 7.724 0807Pa0275
3614.43 607.01214 1.937 -1.466 7.724 0908Rb0035
3614.434 607.01214 1.937 -3.107 7.724 0908Qd0045
3614.455 48.0 3.943 -1.3 "" ""
3614.455 607.01314 1.827 -0.612 7.724 0807Pb0265
3614.505 25.1 6.828 -1.91 "" ""
3614.516 106.00112 0.58 -6.938 3.464 AX20Q175
3614.556 26.0 3.879 -0.33 "" ""
3614.562 106.00112 0.58 -4.682 3.464 AX20P175
3614.594 106.00112 0.58 -4.636 3.464 AX20P185
3614.604 607.01314 1.906 -1.211 7.724 0908Rb0065
3614.608 607.01314 1.906 -1.158 7.724 0908Ra0075
3614.611 607.01314 1.906 -3.283 7.724 0908Qd0075
3614.624 20.0 3.907 -4.12 "" ""
3614.642 106.00112 1.579 -7.028 3.464 CX02R245
3614.644 23.0 1.798 -4.78 "" ""
3614.663 26.0 3.881 -0.6 "" ""
3614.663 607.01214 1.919 -3.872 7.724 0807Qc0305
3614.678 42.0 2.985 -1.02 "" ""
3614.68 60.1 0.064 -1.46 LAWLER ""
3614.689 607.01214 1.919 -0.568 7.724 0807Pa0315
3614.7 66.1 1.22 -1.13 LAWLER ""
3614.712 26.0 3.249 -3.09 "" ""
3614.728 607.01214 1.919 -0.58 7.724 0807Pb0305
3614.743 106.00112 1.579 -9.906 3.464 CX02Q245
3614.765 40.1 0.359 -0.25 "" ""
3614.771 42.0 2.932 -1.62 "" ""
3614.772 26.0 2.996 -1.33 "" ""
3614.774 106.00113 1.216 -5.871 3.464 AX31R235
3614.775 45.0 1.997 0.18 "" ""
3614.777 20.0 4.128 -3.71 "" ""
3614.782 106.00112 1.579 -6.851 3.464 CX02R235
3614.796 23.0 2.682 -4.12 "" ""
3614.801 27.0 2.925 -5.58 "" ""
3614.856 607.01214 1.935 -1.466 7.724 0908Ra0035
3614.86 607.01214 1.935 -1.578 7.724 0908Rb0025
3614.864 607.01214 1.935 -3.007 7.724 0908Qd0035
3614.876 26.1 4.15 -2.34 "" ""
3614.885 607.01314 1.839 -3.796 7.724 0807Qc0275
3614.907 607.01314 1.839 -0.582 7.724 0807Pa0285
3614.915 25.0 4.604 -3.01 "" ""
3614.933 26.0 3.639 -3.92 "" ""
3614.935 106.00113 1.216 -6.692 3.464 AX31Q235
3614.937 25.0 4.191 -4.06 "" ""
3614.938 607.01314 1.839 -0.597 7.724 0807Pb0275
3614.948 66.1 1.845 0.02 "" ""
3614.959 106.00113 1.216 -5.365 3.464 AX31R225
3615.002 26.0 2.397 -5.46 "" ""
3615.011 607.01314 1.903 -1.211 7.724 0908Ra0065
3615.011 607.01314 1.903 -1.273 7.724 0908Rb0055
3615.014 607.01314 1.903 -3.224 7.724 0908Qd0065
3615.039 72.0 0.0 -1.72 "" ""
3615.051 106.00113 0.663 -5.904 3.464 AX42R015
3615.053 106.00113 0.663 -5.898 3.464 AX42R015
3615.101 22.1 3.121 -7.08 "" ""
3615.133 90.1 0.514 -0.88 "" ""
3615.138 106.00112 0.665 -5.904 3.464 AX42R015
3615.14 106.00112 0.665 -5.898 3.464 AX42R015
3615.144 26.0 3.957 -2.48 "" ""
3615.158 42.0 3.3 -0.46 "" ""
3615.191 26.0 3.281 -1.47 "" ""
3615.203 607.01214 1.933 -3.888 7.724 0807Qc0315
3615.23 607.01214 1.933 -0.556 7.724 0807Pa0325
3615.26 62.1 0.248 -1.67 LAWLER ""
3615.265 607.01214 1.933 -0.568 7.724 0807Pb0315
3615.294 607.01214 1.934 -1.578 7.724 0908Ra0025
3615.297 607.01214 1.934 -1.732 7.724 0908Rb0015
3615.299 607.01214 1.934 -2.877 7.724 0908Qd0025
3615.307 25.0 4.265 -0.83 "" ""
3615.319 22.1 3.938 -1.84 "" ""
3615.353 21.1 4.008 -1.53 "" ""
3615.373 607.01314 1.851 -3.813 7.724 0807Qc0285
3615.377 27.0059 1.954 -1.757 Lawle15HFS ""
3615.383 27.0059 1.954 -1.973 Lawle15HFS ""
3615.388 27.0059 1.954 -2.256 Lawle15HFS ""
3615.391 27.0059 1.954 -2.695 Lawle15HFS ""
3615.393 27.0059 1.954 -2.383 Lawle15HFS ""
3615.395 607.01314 1.851 -0.569 7.724 0807Pa0295
3615.396 27.0059 1.954 -2.222 Lawle15HFS ""
3615.397 27.0059 1.954 -2.23 Lawle15HFS ""
3615.398 27.0059 1.954 -2.394 Lawle15HFS ""
3615.403 27.0059 1.954 -2.394 Lawle15HFS ""
3615.405 27.0059 1.954 -2.57 Lawle15HFS ""
3615.405 27.0059 1.954 -3.248 Lawle15HFS ""
3615.406 27.0059 1.954 -2.82 Lawle15HFS ""
3615.418 607.01314 1.901 -1.273 7.724 0908Ra0055
3615.418 607.01314 1.901 -1.346 7.724 0908Rb0045
3615.42 24.1 4.924 -3.69 "" ""
3615.421 607.01314 1.901 -3.156 7.724 0908Qd0055
3615.427 607.01314 1.851 -0.583 7.724 0807Pb0285
3615.443 22.0 1.748 -6.66 "" ""
3615.497 106.00113 0.577 -6.938 3.464 AX20Q175
3615.498 41.0 1.531 -0.08 "" ""
3615.521 92.0 0.0 -0.64 "" ""
3615.539 23.0 1.217 -2.5 "" ""
3615.555 106.00113 0.577 -4.681 3.464 AX20P175
3615.556 23.1 1.554 -3.22 "" ""
3615.557 106.00112 0.157 -4.658 3.464 BX10R095
3615.571 106.00113 0.577 -4.635 3.464 AX20P185
3615.595 24.1 4.916 -3.92 "" ""
3615.63 65.1 0.771 -0.3 LAWNOHFS ""
3615.634 58.1 0.265 -1.31 "" ""
3615.637 28.0 3.838 -1.57 "" ""
3615.645 24.0 0.0 -3.05 "" ""
3615.663 26.0 1.484 -2.7 OBR91 ""
3615.723 24.0 2.897 -6.06 "" ""
3615.737 607.01214 1.933 -1.732 7.724 0908Ra0015
3615.737 607.01214 1.933 -1.986 7.724 0908Rb0005
3615.74 607.01214 1.933 -2.685 7.724 0908Qd0015
3615.748 607.01214 1.947 -3.903 7.724 0807Qc0325
3615.77 24.0 3.432 -2.42 "" ""
3615.775 607.01214 1.947 -0.545 7.724 0807Pa0335
3615.785 25.0 4.723 -2.89 "" ""
3615.807 607.01214 1.947 -0.556 7.724 0807Pb0325
3615.81 60.1 0.204 -0.76 LAWLER ""
3615.83 607.01314 1.899 -1.346 7.724 0908Ra0045
3615.83 607.01314 1.899 -1.434 7.724 0908Rb0035
3615.834 607.01314 1.899 -3.075 7.724 0908Qd0045
3615.837 20.0 2.521 -6.27 "" ""
3615.865 607.01314 1.864 -3.83 7.724 0807Qc0295
3615.889 607.01314 1.864 -0.556 7.724 0807Pa0305
3615.918 607.01314 1.864 -0.569 7.724 0807Pb0295
3615.925 106.00113 0.156 -4.658 3.464 BX10R095
3615.941 106.00112 1.197 -11.883 3.464 AX42R185
3615.955 26.0 3.298 -2.57 "" ""
3616.063 106.00112 0.581 -6.968 3.464 AX20Q175
3616.064 26.0 3.981 -2.92 "" ""
3616.066 106.00112 0.581 -4.636 3.464 AX20P185
3616.074 42.0 3.221 -1.31 "" ""
3616.078 66.1 1.223 -0.48 "" ""
3616.105 23.0 2.113 -4.71 "" ""
3616.108 106.00112 0.581 -4.682 3.464 AX20P175
3616.108 26.0 1.556 -6.22 "" ""
3616.135 106.00112 1.197 -7.359 3.464 AX52P175
3616.149 26.0 3.209 -1.38 "" ""
3616.159 63.1 3.325 0.23 "" ""
3616.161 25.0 4.35 -4.21 "" ""
3616.184 607.01214 1.933 -1.986 7.724 0908Ra0005
3616.186 607.01214 1.933 -2.287 7.724 0908Qd0005
3616.201 58.1 0.7 -0.54 "" ""
3616.247 607.01314 1.897 -1.434 7.724 0908Ra0035
3616.247 607.01314 1.897 -1.546 7.724 0908Rb0025
3616.25 24.1 4.924 -2.38 "" ""
3616.251 607.01314 1.897 -2.976 7.724 0908Qd0035
3616.298 607.01214 1.962 -3.919 7.724 0807Qc0335
3616.321 26.0 2.422 -2.15 "" ""
3616.327 607.01214 1.962 -0.534 7.724 0807Pa0345
3616.331 92.0 0.471 0.16 "" ""
3616.353 607.01214 1.962 -0.545 7.724 0807Pb0335
3616.356 23.0 1.941 -4.28 "" ""
3616.36 66.1 1.17 -1.25 LAWLER ""
3616.361 607.01314 1.877 -3.846 7.724 0807Qc0305
3616.387 607.01314 1.877 -0.543 7.724 0807Pa0315
3616.413 607.01314 1.877 -0.556 7.724 0807Pb0305
3616.444 24.0 4.093 -1.65 "" ""
3616.529 24.0 4.774 -2.89 "" ""
3616.563 24.0 3.548 -2.82 "" ""
3616.566 26.0 3.881 -0.34 "" ""
3616.566 68.1 0.0 -0.31 LAWLER ""
3616.573 76.0 1.259 -1.15 "" ""
3616.617 68.1 0.055 -1.03 LAWLER ""
3616.665 42.0 3.075 -1.51 "" ""
3616.669 106.00112 0.011 -4.303 3.464 BX10R025
3616.669 607.01314 1.896 -1.546 7.724 0908Ra0025
3616.669 607.01314 1.896 -1.7 7.724 0908Rb0015
3616.672 607.01314 1.896 -2.845 7.724 0908Qd0025
3616.731 28.0 3.536 -5.05 "" ""
3616.756 92.1 0.036 -1.16 "" ""
3616.779 27.0 3.229 -5.21 "" ""
3616.812 42.0 2.678 -1.29 "" ""
3616.818 106.00112 0.314 -7.671 3.464 AX20P125
3616.818 25.1 4.82 -6.5 "" ""
3616.842 26.0 3.692 -9.91 "" ""
3616.843 23.1 4.772 -3.51 "" ""
3616.854 607.01214 1.977 -3.934 7.724 0807Qc0345
3616.862 607.01314 1.89 -3.861 7.724 0807Qc0315
3616.864 42.0 2.258 -1.49 "" ""
3616.876 26.0 3.692 -7.74 "" ""
3616.884 607.01214 1.977 -0.523 7.724 0807Pa0355
3616.891 607.01314 1.89 -0.531 7.724 0807Pa0325
3616.895 72.0 0.292 -0.71 "" ""
3616.902 22.0 2.159 -2.49 "" ""
3616.905 607.01214 1.977 -0.534 7.724 0807Pb0345
3616.912 607.01314 1.89 -0.543 7.724 0807Pb0315
3616.952 44.0 1.13 -1.42 "" ""
3617.008 26.0 3.428 -2.74 "" ""
3617.018 90.1 1.896 0.63 "" ""
3617.029 106.00113 0.578 -6.968 3.464 AX20Q175
3617.031 106.00113 0.578 -4.636 3.464 AX20P185
3617.04 26.0 2.938 -3.88 "" ""
3617.062 26.0 3.692 -8.77 "" ""
3617.08 106.00113 0.578 -4.681 3.464 AX20P175
3617.085 75.0 1.954 -1.42 "" ""
3617.094 607.01214 1.933 -2.287 7.724 0908Qc0005
3617.095 607.01214 1.933 -1.985 7.724 0908Pa0015
3617.095 607.01314 1.895 -1.7 7.724 0908Ra0015
3617.095 607.01314 1.895 -1.955 7.724 0908Rb0005
3617.097 607.01314 1.895 -2.653 7.724 0908Qd0015
3617.1 26.0 3.045 -2.79 "" ""
3617.117 90.1 1.345 0.08 "" ""
3617.149 106.00113 0.011 -4.303 3.464 BX10R025
3617.168 64.1 1.287 0.23 "" ""
3617.17 23.0 1.852 -6.33 "" ""
3617.182 24.0 4.093 -0.34 "" ""
3617.204 22.0 2.173 -0.89 "" ""
3617.208 66.1 0.538 -1.16 "" ""
3617.209 77.0 1.224 -1.49 "" ""
3617.247 75.0 1.954 -0.91 "" ""
3617.256 24.1 4.924 -1.29 "" ""
3617.268 55.0 0.0 -3.12 "" ""
3617.27 23.0 1.349 -2.64 "" ""
3617.27 24.1 4.039 -1.42 Gurell10 ""
3617.303 106.00112 1.199 -11.829 3.464 AX42R185
3617.344 21.0 1.985 -2.89 "" ""
3617.358 26.0 2.69 -4.81 "" ""
3617.368 607.01314 1.904 -3.877 7.724 0807Qc0325
3617.401 607.01314 1.904 -0.519 7.724 0807Pa0335
3617.416 607.01314 1.904 -0.531 7.724 0807Pb0325
3617.417 607.01214 1.993 -3.949 7.724 0807Qc0355
3617.429 26.0 3.271 -1.55 "" ""
3617.447 607.01214 1.993 -0.513 7.724 0807Pa0365
3617.463 21.0 1.985 -1.38 "" ""
3617.463 607.01214 1.993 -0.523 7.724 0807Pb0355
3617.49 92.0 0.88 -0.07 "" ""
3617.522 74.0 0.366 -0.84 "" ""
3617.527 607.01314 1.895 -1.955 7.724 0908Ra0005
3617.528 607.01314 1.895 -2.255 7.724 0908Qd0005
3617.534 26.0 2.88 -3.09 "" ""
3617.535 106.00112 0.84 -6.783 3.464 AX31R165
3617.548 106.00113 0.727 -4.595 3.464 AX42R055
3617.556 607.01214 1.934 -2.685 7.724 0908Qc0015
3617.559 607.01214 1.934 -1.729 7.724 0908Pa0025
3617.559 607.01214 1.934 -1.985 7.724 0908Pb0015
3617.566 106.00112 1.199 -7.41 3.464 AX52P175
3617.58 25.1 4.689 -4.68 "" ""
3617.582 106.00112 0.84 -4.063 3.464 AX31Q165
3617.617 106.00112 0.84 -4.046 3.464 AX31Q175
3617.618 25.0 2.886 -5.05 "" ""
3617.624 92.0 0.471 -0.47 "" ""
3617.635 66.1 1.169 -0.6 "" ""
3617.664 106.00112 0.84 -6.225 3.464 AX31P175
3617.689 22.0 2.015 -3.3 "" ""
3617.7 106.00112 0.314 -7.711 3.464 AX20P125
3617.7 60.1 0.38 -1.97 LAWLER ""
3617.704 72.0 1.802 -0.25 "" ""
3617.706 26.0 3.298 -1.94 "" ""
3617.711 26.0 3.692 -9.76 "" ""
3617.711 41.0 2.165 0.33 "" ""
3617.728 106.00113 0.708 -4.63 3.464 AX42R045
3617.749 106.00113 0.727 -4.595 3.464 AX42R055
3617.759 106.00112 0.729 -4.595 3.464 AX42R055
3617.781 66.1 2.181 0.35 "" ""
3617.786 26.0 3.015 -0.05 "" ""
3617.804 106.00113 0.727 -5.778 3.464 AX42Q065
3617.834 23.0 1.217 -4.33 "" ""
3617.845 106.00113 0.727 -4.558 3.464 AX42R065
3617.851 68.1 1.588 0.6 "" ""
3617.86 65.1 0.126 -0.48 LAWNOHFS ""
3617.873 106.00113 0.708 -4.63 3.464 AX42R045
3617.875 106.00113 0.75 -4.57 3.464 AX42R065
3617.879 607.01314 1.918 -3.892 7.724 0807Qc0335
3617.88 23.1 4.513 -2.96 "" ""
3617.902 106.00112 0.71 -4.63 3.464 AX42R045
3617.906 607.01314 1.918 -0.508 7.724 0807Pa0345
3617.913 106.00113 0.312 -7.671 3.464 AX20P125
3617.925 607.01314 1.918 -0.519 7.724 0807Pb0335
3617.928 26.0 3.265 -2.19 "" ""
3617.963 106.00112 0.73 -4.595 3.464 AX42R055
3617.964 26.0 2.452 -2.49 "" ""
3617.979 106.00113 0.728 -5.767 3.464 AX42Q065
3618.005 25.0 4.662 -2.96 "" ""
3618.008 27.0 1.048 -2.56 LAWNHFS ""
3618.011 25.1 4.689 -5.71 "" ""
3618.017 106.00112 0.73 -5.778 3.464 AX42Q065
3618.02 106.00113 0.728 -4.558 3.464 AX42R065
3618.023 607.01214 1.935 -2.877 7.724 0908Qc0025
3618.026 607.01214 1.935 -1.574 7.724 0908Pa0035
3618.026 607.01214 2.009 -0.513 7.724 0807Pb0365
3618.029 607.01214 1.935 -1.729 7.724 0908Pb0025
3618.035 106.00113 0.708 -5.698 3.464 AX42Q055
3618.048 106.00112 0.71 -4.63 3.464 AX42R045
3618.053 106.00112 0.73 -4.558 3.464 AX42R065
3618.06 64.1 1.126 -1.12 LAWLER ""
3618.09 106.00113 0.708 -4.579 3.464 AX42R055
3618.094 106.00113 0.75 -5.847 3.464 AX42Q075
3618.101 66.1 2.015 0.65 "" ""
3618.123 106.00113 0.75 -4.545 3.464 AX42R075
3618.136 106.00112 0.752 -4.57 3.464 AX42R065
3618.141 106.00113 0.75 -4.57 3.464 AX42R065
3618.158 106.00113 0.708 -5.689 3.464 AX42Q055
3618.178 24.1 5.867 -3.03 "" ""
3618.179 26.0 3.015 -3.29 "" ""
3618.194 106.00112 0.73 -5.767 3.464 AX42Q065
3618.202 26.0 3.692 -7.7 "" ""
3618.21 106.00112 0.71 -5.698 3.464 AX42Q055
3618.214 106.00113 0.708 -4.58 3.464 AX42R055
3618.23 106.00112 0.73 -4.558 3.464 AX42R065
3618.262 106.00112 0.71 -4.579 3.464 AX42R055
3618.299 26.0 2.83 -1.0 DEN14 ""
3618.322 25.1 5.366 -3.01 "" ""
3618.33 106.00113 0.75 -5.835 3.464 AX42Q075
3618.334 24.0 2.707 -4.86 "" ""
3618.335 106.00112 0.71 -5.689 3.464 AX42Q055
3618.355 106.00112 0.752 -5.847 3.464 AX42Q075
3618.359 106.00113 0.75 -4.545 3.464 AX42R075
3618.363 90.0 0.929 -0.25 "" ""
3618.38 106.00112 0.752 -4.545 3.464 AX42R075
3618.38 26.0 3.239 -1.27 "" ""
3618.386 106.00112 0.71 -4.58 3.464 AX42R055
3618.386 26.0 2.725 -0.8 "" ""
3618.389 106.00113 0.692 -4.678 3.464 AX42R035
3618.395 607.01314 1.933 -3.906 7.724 0807Qc0345
3618.401 607.01314 1.895 -2.255 7.724 0908Qc0005
3618.402 607.01314 1.895 -1.954 7.724 0908Pa0015
3618.404 106.00112 0.752 -4.57 3.464 AX42R065
3618.424 607.01314 1.933 -0.497 7.724 0807Pa0355
3618.435 41.0 0.019 -1.66 "" ""
3618.436 27.1 5.204 -4.84 "" ""
3618.439 607.01314 1.933 -0.508 7.724 0807Pb0345
3618.486 106.00113 0.692 -4.678 3.464 AX42R035
3618.495 607.01214 1.937 -3.008 7.724 0908Qc0035
3618.5 607.01214 1.937 -1.461 7.724 0908Pa0045
3618.503 607.01214 1.937 -1.574 7.724 0908Pb0035
3618.51 66.1 0.1 -1.06 LAWLER ""
3618.535 106.00112 0.694 -4.678 3.464 AX42R035
3618.558 23.0 1.71 -5.2 "" ""
3618.559 25.1 5.414 -2.91 "" ""
3618.563 27.0 1.881 -4.13 "" ""
3618.577 58.1 0.621 -0.62 BIEMONT ""
3618.594 106.00112 0.752 -5.835 3.464 AX42Q075
3618.597 26.0 3.249 -0.85 "" ""
3618.618 106.00112 0.752 -4.545 3.464 AX42R075
3618.62 26.0 3.263 -1.29 "" ""
3618.634 106.00112 0.694 -4.678 3.464 AX42R035
3618.657 25.0 2.951 -2.79 "" ""
3618.724 20.0 2.519 -7.12 "" ""
3618.737 106.00113 0.775 -4.555 3.464 AX42R075
3618.746 22.0 1.442 -2.69 "" ""
3618.76 24.0 2.706 -7.36 "" ""
3618.768 26.0 0.989 0.0 OBR91 ""
3618.77 106.00113 0.692 -5.602 3.464 AX42Q045
3618.785 106.00113 0.313 -7.71 3.464 AX20P125
3618.81 106.00112 0.559 -4.529 3.464 AX31P105
3618.811 20.0 2.519 -5.91 "" ""
3618.812 26.0 2.947 -1.83 "" ""
3618.815 106.00112 0.559 -6.307 3.464 AX31Q105
3618.823 106.00113 0.836 -6.783 3.464 AX31R165
3618.845 106.00113 0.692 -4.609 3.464 AX42R045
3618.845 607.01314 1.896 -2.653 7.724 0908Qc0015
3618.847 607.01314 1.896 -1.698 7.724 0908Pa0025
3618.847 607.01314 1.896 -1.954 7.724 0908Pb0015
3618.849 106.00113 0.692 -5.595 3.464 AX42Q045
3618.85 20.0 2.519 -5.77 "" ""
3618.889 106.00112 0.841 -6.803 3.464 AX31R165
3618.897 41.0 0.619 -1.2 "" ""
3618.899 106.00113 0.836 -4.062 3.464 AX31Q165
3618.9 106.00113 0.836 -4.046 3.464 AX31Q175
3618.903 106.00112 0.841 -4.046 3.464 AX31Q175
3618.91 26.0 2.422 -2.16 "" ""
3618.916 68.1 0.669 -0.5 LAWLER ""
3618.918 607.01314 1.948 -3.921 7.724 0807Qc0355
3618.919 106.00112 0.694 -5.602 3.464 AX42Q045
3618.924 106.00113 0.692 -4.609 3.464 AX42R045
3618.927 106.00113 0.775 -5.911 3.464 AX42Q085
3618.931 23.1 2.759 -0.49 "" ""
3618.936 106.00112 0.841 -4.063 3.464 AX31Q165
3618.945 106.00113 0.775 -4.543 3.464 AX42R085
3618.947 607.01314 1.948 -0.487 7.724 0807Pa0365
3618.95 106.00112 0.841 -6.207 3.464 AX31P175
3618.955 106.00112 0.559 -4.476 3.464 AX31P115
3618.958 26.0 2.221 -4.64 "" ""
3618.959 607.01314 1.948 -0.497 7.724 0807Pb0355
3618.968 60.1 0.38 -0.42 "" ""
3618.973 607.01214 1.939 -3.108 7.724 0908Qc0045
3618.976 106.00113 0.836 -6.225 3.464 AX31P175
3618.978 607.01214 1.939 -1.372 7.724 0908Pa0055
3618.982 607.01214 1.939 -1.461 7.724 0908Pb0045
3618.984 24.1 4.934 -4.1 "" ""
3618.989 106.00112 0.694 -4.609 3.464 AX42R045
3618.999 106.00112 0.694 -5.595 3.464 AX42Q045
3619.016 106.00113 1.328 -9.522 3.464 CX13R155
3619.057 106.00112 0.778 -4.555 3.464 AX42R075
3619.057 25.1 6.653 -4.99 "" ""
3619.069 106.00112 0.694 -4.609 3.464 AX42R045
3619.075 106.00113 0.775 -4.555 3.464 AX42R075
3619.08 26.0 2.938 -3.45 "" ""
3619.081 25.1 6.64 -4.95 "" ""
3619.1 23.0 1.798 -3.07 "" ""
3619.1 23.0 1.802 -4.63 "" ""
3619.108 27.0 3.407 -5.19 "" ""
3619.149 28.0 3.652 -3.02 "" ""
3619.197 44.0 1.588 -0.79 "" ""
3619.232 106.00113 0.776 -5.897 3.464 AX42Q085
3619.249 106.00112 0.778 -5.911 3.464 AX42Q085
3619.251 106.00113 0.776 -4.543 3.464 AX42R085
3619.262 106.00112 0.778 -4.543 3.464 AX42R085
3619.263 25.0 4.357 -4.03 "" ""
3619.265 24.0 3.193 -2.0 "" ""
3619.268 25.0 2.185 -0.65 "" ""
3619.273 24.0 3.102 -2.37 "" ""
3619.277 27.1 2.777 -2.76 "" ""
3619.292 23.1 2.37 -3.0 "" ""
3619.293 27.0 2.628 -1.29 LAWNHFS ""
3619.293 607.01314 1.897 -2.846 7.724 0908Qc0025
3619.296 607.01314 1.897 -1.543 7.724 0908Pa0035
3619.296 607.01314 1.897 -1.698 7.724 0908Pb0025
3619.302 23.0 2.503 -6.53 "" ""
3619.33 23.0 1.871 -7.39 "" ""
3619.352 106.00113 1.142 -7.625 3.464 AX20R255
3619.388 106.00113 1.142 -4.263 3.464 AX20Q265
3619.391 28.0 0.422 0.03 LAWLER ""
3619.399 106.00112 0.778 -4.555 3.464 AX42R075
3619.411 22.0 2.394 -2.94 "" ""
3619.412 26.0 2.448 -4.46 "" ""
3619.428 76.0 1.907 -0.82 "" ""
3619.442 106.00112 0.559 -4.529 3.464 AX31P105
3619.446 106.00112 0.559 -6.326 3.464 AX31Q105
3619.447 607.01314 1.963 -3.935 7.724 0807Qc0365
3619.448 106.00113 1.142 -4.269 3.464 AX20Q255
3619.45 66.1 1.75 0.13 "" ""
3619.455 22.0 2.015 -2.15 "" ""
3619.456 607.01214 1.942 -3.189 7.724 0908Qc0055
3619.46 24.0 2.542 -1.74 "" ""
3619.46 24.0 4.201 -3.8 "" ""
3619.462 607.01214 1.942 -1.299 7.724 0908Pa0065
3619.467 607.01214 1.942 -1.372 7.724 0908Pb0055
3619.477 607.01314 1.963 -0.477 7.724 0807Pa0375
3619.484 106.00113 1.142 -6.709 3.464 AX20P265
3619.486 607.01314 1.963 -0.487 7.724 0807Pb0365
3619.494 106.00113 0.679 -4.749 3.464 AX42R025
3619.501 41.1093 0.98 -2.69 Nils10HFS ""
3619.502 41.1093 0.98 -2.25 Nils10HFS ""
3619.503 41.1093 0.98 -1.99 Nils10HFS ""
3619.504 41.1093 0.98 -1.81 Nils10HFS ""
3619.505 41.1093 0.98 -1.66 Nils10HFS ""
3619.506 23.0 1.944 -3.95 "" ""
3619.506 41.1093 0.98 -1.75 Nils10HFS ""
3619.507 41.1093 0.98 -1.52 Nils10HFS ""
3619.507 41.1093 0.98 -1.56 Nils10HFS ""
3619.507 41.1093 0.98 -1.57 Nils10HFS ""
3619.507 41.1093 0.98 -1.76 Nils10HFS ""
3619.51 41.1093 0.98 -2.16 Nils10HFS ""
3619.511 41.1093 0.98 -1.72 Nils10HFS ""
3619.512 41.1093 0.98 -1.23 Nils10HFS ""
3619.512 41.1093 0.98 -1.44 Nils10HFS ""
3619.513 41.1093 0.98 -1.06 Nils10HFS ""
3619.525 24.0 2.708 -3.69 "" ""
3619.54 106.00112 0.559 -4.476 3.464 AX31P115
3619.553 106.00113 0.679 -4.749 3.464 AX42R025
3619.557 106.00112 0.778 -5.897 3.464 AX42Q085
3619.57 106.00112 0.778 -4.543 3.464 AX42R085
3619.624 106.00112 0.681 -4.749 3.464 AX42R025
3619.657 26.0 2.422 -2.75 "" ""
3619.666 25.1 6.828 -1.8 "" ""
3619.68 24.0 2.707 -5.61 "" ""
3619.683 106.00112 0.681 -4.749 3.464 AX42R025
3619.709 90.1 1.322 -1.16 "" ""
3619.71 60.1 0.182 -1.85 LAWLER ""
3619.71 65.1 0.649 -0.06 LAWNOHFS ""
3619.725 41.1 1.976 -0.51 "" ""
3619.746 607.01314 1.899 -2.976 7.724 0908Qc0035
3619.75 27.1 5.171 -5.75 "" ""
3619.75 607.01314 1.899 -1.43 7.724 0908Pa0045
3619.75 607.01314 1.899 -1.543 7.724 0908Pb0035
3619.754 23.0 2.764 -3.22 "" ""
3619.767 21.0 2.318 -4.18 "" ""
3619.768 26.0 2.402 -2.22 "" ""
3619.804 70.1 3.563 -0.23 "" ""
3619.824 106.00113 0.556 -4.529 3.464 AX31P105
3619.832 106.00113 0.556 -6.307 3.464 AX31Q105
3619.848 106.00112 1.148 -7.624 3.464 AX20R255
3619.873 23.1 6.312 -4.1 "" ""
3619.897 106.00112 1.148 -4.263 3.464 AX20Q265
3619.915 106.00112 1.148 -4.269 3.464 AX20Q255
3619.915 28.1 6.468 -6.02 "" ""
3619.944 58.1 0.318 -1.19 "" ""
3619.945 607.01214 1.945 -3.257 7.724 0908Qc0065
3619.95 26.0 3.6 -2.31 "" ""
3619.952 607.01214 1.945 -1.236 7.724 0908Pa0075
3619.955 69.1 4.25 0.67 "" ""
3619.956 607.01214 1.945 -1.299 7.724 0908Pb0065
3619.96 69.1 2.439 -0.11 LAWLER ""
3619.964 106.00112 1.148 -6.709 3.464 AX20P265
3619.971 106.00113 0.556 -4.476 3.464 AX31P115
3619.974 66.1 2.111 0.58 "" ""
3619.984 607.01314 1.979 -3.949 7.724 0807Qc0375
3619.993 22.0 1.979 -1.49 "" ""
3619.993 26.0 2.88 -1.98 "" ""
3619.997 106.00113 0.679 -5.483 3.464 AX42Q035
3620.01 25.1 6.908 -7.55 "" ""
3620.014 607.01314 1.979 -0.467 7.724 0807Pa0385
3620.016 27.0 2.079 -1.99 "" ""
3620.017 106.00113 1.25 -8.678 3.464 AX42R195
3620.019 607.01314 1.979 -0.477 7.724 0807Pb0375
3620.027 28.0 0.275 -4.29 LAWLER ""
3620.041 72.0 0.684 -1.44 "" ""
3620.042 106.00113 0.679 -5.478 3.464 AX42Q035
3620.046 23.0 2.038 -8.31 "" ""
3620.084 92.0 0.0 -0.31 "" ""
3620.097 106.00113 0.679 -4.648 3.464 AX42R035
3620.1 62.1 0.04 -1.54 LAWLER ""
3620.129 106.00112 0.681 -5.483 3.464 AX42Q035
3620.142 106.00113 0.679 -4.648 3.464 AX42R035
3620.146 106.00112 1.292 -10.005 3.464 AX31R245
3620.155 26.0 3.651 -3.32 "" ""
3620.159 106.00113 0.804 -4.551 3.464 AX42R085
3620.161 66.1 1.462 0.39 "" ""
3620.174 106.00112 0.681 -5.478 3.464 AX42Q035
3620.183 106.00113 0.837 -6.803 3.464 AX31R165
3620.186 106.00112 1.292 -5.874 3.464 AX31R235
3620.199 106.00113 0.837 -4.046 3.464 AX31Q175
3620.204 607.01314 1.901 -3.076 7.724 0908Qc0045
3620.208 106.00113 0.837 -4.062 3.464 AX31Q165
3620.208 607.01314 1.901 -1.341 7.724 0908Pa0055
3620.208 607.01314 1.901 -1.43 7.724 0908Pb0045
3620.223 106.00113 0.837 -6.207 3.464 AX31P175
3620.224 106.00112 0.681 -4.648 3.464 AX42R035
3620.238 106.00112 1.292 -6.82 3.464 AX31Q245
3620.242 26.0 2.849 -1.78 "" ""
3620.269 106.00112 0.681 -4.648 3.464 AX42R035
3620.281 44.0 1.691 -0.91 "" ""
3620.322 25.1 5.344 -5.79 "" ""
3620.327 106.00113 0.804 -5.971 3.464 AX42Q095
3620.336 106.00113 0.804 -4.553 3.464 AX42R095
3620.337 29.0 5.391 -1.1 "" ""
3620.361 24.0 3.11 -2.06 "" ""
3620.369 106.00112 1.314 -6.697 3.464 AX52Q195
3620.37 90.1 1.557 -0.23 "" ""
3620.404 26.0 3.632 -4.64 "" ""
3620.421 106.00112 1.314 -4.374 3.464 AX52P195
3620.421 27.0 2.278 -1.08 LAWNHFS ""
3620.433 106.00112 1.314 -4.328 3.464 AX52P205
3620.438 607.01214 1.948 -3.316 7.724 0908Qc0075
3620.443 24.0 2.706 -3.84 "" ""
3620.446 607.01214 1.948 -1.182 7.724 0908Pa0085
3620.449 45.0 0.965 -1.18 "" ""
3620.45 64.1 0.99 -0.34 LAWLER ""
3620.451 106.00113 0.557 -6.325 3.464 AX31Q105
3620.452 607.01214 1.948 -1.236 7.724 0908Pb0075
3620.454 106.00113 0.557 -4.529 3.464 AX31P105
3620.466 26.0 3.249 -1.17 "" ""
3620.488 23.1 3.121 -0.9 "" ""
3620.494 28.0 3.83 -2.41 "" ""
3620.499 27.0 1.881 -4.41 "" ""
3620.527 607.01314 1.995 -3.963 7.724 0807Qc0385
3620.544 106.00113 0.557 -4.476 3.464 AX31P115
3620.546 20.0 2.521 -5.93 "" ""
3620.549 24.1 5.869 -3.94 "" ""
3620.554 106.00112 0.806 -4.551 3.464 AX42R085
3620.558 25.0 4.27 -4.18 "" ""
3620.559 607.01314 1.995 -0.458 7.724 0807Pa0395
3620.559 607.01314 1.995 -0.467 7.724 0807Pb0385
3620.567 106.00112 0.192 -4.686 3.464 BX10R105
3620.579 106.00113 0.804 -4.551 3.464 AX42R085
3620.58 62.1 0.484 -1.09 LAWLER ""
3620.627 106.00112 1.334 -9.522 3.464 CX13R155
3620.633 20.0 2.521 -5.41 "" ""
3620.666 607.01314 1.903 -3.157 7.724 0908Qc0055
3620.67 607.01314 1.903 -1.268 7.724 0908Pa0065
3620.67 607.01314 1.903 -1.341 7.724 0908Pb0055
3620.709 106.00113 0.804 -5.956 3.464 AX42Q095
3620.718 106.00113 0.804 -4.553 3.464 AX42R095
3620.722 106.00112 0.806 -5.971 3.464 AX42Q095
3620.727 106.00112 0.806 -4.553 3.464 AX42R095
3620.743 25.0 4.265 -1.65 "" ""
