wavelength species excitation loggf disassociation_energy comment
4054.952 106.00113 0.841 -5.112 3.464 BX10P225
4054.987 58.1 0.322 -0.71 BIEMONT ""
4054.993 106.00113 0.841 -1.387 3.464 BX10Q215
4054.995 23.0 3.213 -4.1 "" ""
4055.011 22.0 1.045 -0.81 LAWLER ""
4055.02 106.00113 0.841 -1.125 3.464 BX10Q225
4055.035 26.0 2.557 -1.8 "" ""
4055.036 40.0 0.622 -0.35 "" ""
4055.061 106.00113 0.841 -4.659 3.464 BX10R215
4055.082 26.0 3.684 -3.02 "" ""
4055.089 23.0 1.929 -3.24 "" ""
4055.112 25.0 4.27 -1.61 "" ""
4055.128 20.0 5.574 -2.47 "" ""
4055.131 106.00112 1.568 -4.915 3.464 AX54R145
4055.14 66.1 1.22 -0.43 LAWLER ""
4055.152 58.1 0.808 -0.44 BIEMONT ""
4055.188 58.1 1.253 -0.36 "" ""
4055.214 25.0 4.357 -0.04 "" ""
4055.234 106.00113 0.986 -4.456 3.464 AX00R245
4055.247 106.00113 1.697 -8.14 3.464 CX14P175
4055.312 106.00113 1.077 -5.861 3.464 AX43P075
4055.353 106.00113 1.751 -5.785 3.464 AX10Q325
4055.376 106.00113 1.751 -3.788 3.464 AX10P335
4055.397 24.0 3.695 -1.71 "" ""
4055.407 68.1 0.886 -1.5 LAWLER ""
4055.432 21.0 2.612 -3.0 "" ""
4055.464 68.1 0.636 -0.6 LAWLER ""
4055.472 47.0 3.661 -0.64 "" ""
4055.474 26.0 4.253 -2.59 "" ""
4055.485 106.00113 1.751 -4.032 3.464 AX10P325
4055.518 25.0055 2.141 -1.473 LAWHFS ""
4055.518 25.0055 2.141 -1.728 LAWHFS ""
4055.522 25.0055 2.141 -1.53 LAWHFS ""
4055.523 25.0055 2.141 -1.409 LAWHFS ""
4055.523 25.0055 2.141 -1.728 LAWHFS ""
4055.529 25.0055 2.141 -1.465 LAWHFS ""
4055.53 25.0055 2.141 -1.234 LAWHFS ""
4055.53 25.0055 2.141 -1.53 LAWHFS ""
4055.538 25.0055 2.141 -1.496 LAWHFS ""
4055.539 25.0055 2.141 -1.042 LAWHFS ""
4055.54 25.0055 2.141 -1.465 LAWHFS ""
4055.549 25.0055 2.141 -1.678 LAWHFS ""
4055.55 25.0055 2.141 -0.857 LAWHFS ""
4055.551 25.0055 2.141 -1.496 LAWHFS ""
4055.553 23.0 3.222 -4.58 "" ""
4055.564 25.0055 2.141 -0.686 LAWHFS ""
4055.565 25.0055 2.141 -1.678 LAWHFS ""
4055.61 106.00113 1.697 -4.659 3.464 CX14Q165
4055.617 106.00112 1.567 -7.195 3.464 CX25R045
4055.678 106.00113 1.697 -4.578 3.464 CX14Q175
4055.686 106.00113 1.588 -8.876 3.464 CX03P205
4055.719 106.00113 1.078 -5.885 3.464 AX43P075
4055.719 40.0 1.582 0.48 "" ""
4055.728 106.00112 0.559 -2.153 3.464 BX11R105
4055.73 106.00113 0.992 -6.792 3.464 AX32P135
4055.742 607.01214 3.376 -3.566 7.724 1414Qc0245
4055.756 607.01214 3.376 -0.478 7.724 1414Pb0245
4055.77 106.00113 0.841 -7.786 3.464 AX10P215
4055.792 607.01214 3.376 -0.462 7.724 1414Pa0255
4055.806 69.0 1.625 -0.23 "" ""
4055.836 58.0 0.159 -0.03 "" ""
4055.852 68.1 0.891 -1.38 LAWLER ""
4055.897 106.00112 0.846 -7.786 3.464 AX10P215
4055.903 106.00112 0.559 -6.613 3.464 BX11Q115
4055.907 22.0 2.504 -4.43 "" ""
4055.914 106.00112 0.995 -6.792 3.464 AX32P135
4055.94 24.0 3.09 -7.7 "" ""
4055.941 25.1 4.932 -5.47 "" ""
4055.948 106.00112 0.559 -2.162 3.464 BX11R115
4055.961 23.0 0.0 -5.3 "" ""
4055.962 25.0 4.824 -2.38 "" ""
4055.983 26.0 3.637 -4.29 "" ""
4055.995 23.0 2.357 -7.46 "" ""
4056.012 42.0 2.075 -1.12 "" ""
4056.023 24.0 4.444 -1.01 "" ""
4056.041 106.00113 1.697 -8.42 3.464 CX14R165
4056.056 24.1 5.658 -3.27 "" ""
4056.07 106.00112 1.641 -5.082 3.464 CX25R075
4056.13 27.0 3.809 -2.83 "" ""
4056.143 106.00112 1.569 -4.872 3.464 AX54R145
4056.147 106.00113 1.651 -4.914 3.464 AX54R165
4056.174 106.00112 1.641 -4.995 3.464 CX25R085
4056.187 22.1 0.607 -3.28 LAWLER ""
4056.2 22.0 2.394 -5.2 "" ""
4056.201 106.00113 1.588 -5.397 3.464 CX03Q195
4056.203 24.0 4.528 -4.26 "" ""
4056.216 23.1 6.052 -3.89 "" ""
4056.224 22.0 0.848 -4.12 "" ""
4056.233 106.00112 1.641 -8.067 3.464 CX25Q085
4056.24 106.00112 1.271 -4.42 3.464 AX54R025
4056.258 106.00113 1.588 -5.337 3.464 CX03Q205
4056.261 106.00112 1.271 -4.411 3.464 AX54R025
4056.265 26.1 7.483 -3.05 "" ""
4056.275 23.1 1.574 -2.7 "" ""
4056.277 25.1 5.433 -4.02 "" ""
4056.301 25.0 5.108 -1.38 "" ""
4056.318 24.0 4.416 -2.64 "" ""
4056.324 56.1 6.007 -1.76 "" ""
4056.337 45.0 1.142 -2.03 "" ""
4056.346 26.0 3.639 -2.01 "" ""
4056.433 24.0 4.774 -3.68 "" ""
4056.535 59.1 0.629 0.56 "" ""
4056.537 27.1 3.418 -3.36 "" ""
4056.539 26.0 2.863 -4.29 "" ""
4056.551 23.0 1.08 -6.46 "" ""
4056.565 106.00112 0.846 -4.902 3.464 BX00P225
4056.596 21.0 1.986 -0.2 "" ""
4056.603 106.00112 0.846 -1.194 3.464 BX00Q215
4056.634 106.00112 0.846 -1.251 3.464 BX00Q225
4056.668 20.0 4.677 -4.26 "" ""
4056.673 106.00112 0.846 -4.947 3.464 BX00R215
4056.75 62.1 0.378 -2.67 LAWLER ""
4056.771 24.0 4.446 -2.55 "" ""
4056.773 106.00113 1.588 -9.373 3.464 CX03R195
4056.778 106.00112 1.431 -4.499 3.464 AX43R165
4056.785 25.0 5.108 -1.11 "" ""
4056.789 106.00113 0.371 -2.125 3.464 BX11P035
4056.8 25.1 4.933 -4.17 "" ""
4056.804 106.00113 0.371 -6.028 3.464 BX11Q035
4056.812 26.0 3.684 -3.53 "" ""
4056.834 106.00112 1.431 -2.363 3.464 AX43Q165
4056.834 26.0 4.217 -3.02 "" ""
4056.836 60.1 1.49 -0.09 "" ""
4056.838 27.0 2.716 -3.02 "" ""
4056.845 20.0 4.128 -2.15 "" ""
4056.873 106.00112 1.431 -2.291 3.464 AX43Q175
4056.896 58.1 1.041 -0.57 "" ""
4056.897 106.00113 0.992 -6.833 3.464 AX32P135
4056.929 106.00112 1.431 -4.887 3.464 AX43P175
4056.94 27.0 3.629 -0.8 "" ""
4056.942 41.0 1.608 -0.94 "" ""
4056.956 607.01214 3.386 -3.584 7.724 1414Qc0255
4056.97 607.01214 3.386 -0.462 7.724 1414Pb0255
4057.006 22.0 2.332 -4.64 "" ""
4057.016 106.00112 1.08 -5.861 3.464 AX43P075
4057.04 106.00112 0.994 -4.387 3.464 AX00R245
4057.053 23.0051 2.121 -1.414 LAWLER ""
4057.054 23.0051 2.121 -1.21 LAWLER ""
4057.056 23.0051 2.121 -1.146 LAWLER ""
4057.057 23.0051 2.121 -1.152 LAWLER ""
4057.059 23.0051 2.121 -1.218 LAWLER ""
4057.06 23.0051 2.121 -1.356 LAWLER ""
4057.062 23.0051 2.121 -1.636 LAWLER ""
4057.063 23.0051 2.121 -0.698 LAWLER ""
4057.063 23.0051 2.121 -0.917 LAWLER ""
4057.063 23.0051 2.121 -1.18 LAWLER ""
4057.063 23.0051 2.121 -1.511 LAWLER ""
4057.063 23.0051 2.121 -1.958 LAWLER ""
4057.063 23.0051 2.121 -2.657 LAWLER ""
4057.064 23.0051 2.121 -0.511 LAWLER ""
4057.065 23.0051 2.121 -1.636 LAWLER ""
4057.066 23.0051 2.121 -1.356 LAWLER ""
4057.068 23.0051 2.121 -1.218 LAWLER ""
4057.069 23.0051 2.121 -1.152 LAWLER ""
4057.071 23.0051 2.121 -1.146 LAWLER ""
4057.073 23.0051 2.121 -1.21 LAWLER ""
4057.074 23.0051 2.121 -1.414 LAWLER ""
4057.084 106.00112 0.996 -6.833 3.464 AX32P135
4057.137 24.0 4.443 -1.42 "" ""
4057.171 106.00113 0.358 -3.682 3.464 BX11P025
4057.182 27.0 0.224 -3.25 "" ""
4057.185 23.0 2.676 -3.52 "" ""
4057.187 106.00112 1.248 -6.227 3.464 CX03R135
4057.209 106.00112 1.248 -6.278 3.464 CX03R125
4057.21 24.0 3.085 -1.99 "" ""
4057.251 24.0 4.529 -3.88 "" ""
4057.262 42.0 2.513 -1.8 "" ""
4057.266 28.0 3.304 -2.08 "" ""
4057.272 20.0 4.677 -3.81 "" ""
4057.277 106.00112 1.248 -9.797 3.464 CX03Q135
4057.287 41.0 1.913 -0.7 "" ""
4057.303 106.00113 0.371 -2.074 3.464 BX11P045
4057.343 26.0 2.756 -2.01 "" ""
4057.374 106.00113 1.077 -8.891 3.464 CX03R085
4057.387 26.0 4.291 -2.59 "" ""
4057.409 106.00113 1.652 -4.866 3.464 AX54R165
4057.428 106.00112 1.081 -5.885 3.464 AX43P075
4057.432 42.0 3.44 -0.73 "" ""
4057.442 66.1 2.937 0.96 "" ""
4057.446 26.0 2.756 -4.31 "" ""
4057.461 26.1 7.268 -1.54 "" ""
4057.505 12.0 4.343 -1.2 "" ""
4057.535 20.0 2.93 -2.07 "" ""
4057.548 23.0 2.33 -3.25 "" ""
4057.582 42.0 3.176 -0.65 "" ""
4057.618 22.0 2.304 -0.36 "" ""
4057.62 106.00112 2.111 -7.867 3.464 CX25R195
4057.645 106.00112 1.723 -2.082 3.464 AX32Q265
4057.646 23.1 5.471 -2.97 "" ""
4057.655 26.0 3.412 -1.64 "" ""
4057.671 106.00112 1.761 -5.785 3.464 AX10Q325
4057.671 22.0 1.459 -3.25 "" ""
4057.681 106.00112 2.111 -3.872 3.464 CX25Q205
4057.701 106.00112 1.723 -4.638 3.464 AX32R255
4057.711 27.1 5.051 -3.85 "" ""
4057.718 106.00112 0.372 -2.125 3.464 BX11P035
4057.726 106.00112 1.761 -3.788 3.464 AX10P335
4057.732 106.00112 0.372 -6.028 3.464 BX11Q035
4057.749 106.00112 2.111 -3.924 3.464 CX25Q195
4057.764 82.0207 1.32 -1.396 Roe12HFS ""
4057.767 106.00112 1.723 -5.079 3.464 AX32P265
4057.77 24.0 3.847 -1.71 "" ""
4057.801 82.0207 1.32 -0.442 Roe12HFS ""
4057.801 82.0208 1.32 -0.22 Roe12HFS ""
4057.809 106.00112 1.761 -4.031 3.464 AX10P325
4057.809 106.00112 2.111 -7.756 3.464 CX25P205
4057.813 23.0 1.944 -2.48 "" ""
4057.814 82.0206 1.32 -0.22 Roe12HFS ""
4057.823 106.00112 1.723 -2.172 3.464 AX32Q255
4057.826 82.0204 1.32 -0.22 Roe12HFS ""
4057.836 82.0207 1.32 -0.697 Roe12HFS ""
4057.878 20.0 5.485 -3.14 "" ""
4057.949 25.0 3.07 -0.92 "" ""
4058.06 25.1 5.344 -3.54 "" ""
4058.093 106.00112 0.359 -3.682 3.464 BX11P025
4058.093 106.00113 1.302 -8.053 3.464 CX14R055
4058.098 27.0 3.772 -2.41 "" ""
4058.107 24.0 3.119 -5.84 "" ""
4058.13 106.00113 1.302 -2.875 3.464 AX54R045
4058.14 22.0 2.316 -0.13 "" ""
4058.165 106.00113 0.431 -1.816 3.464 BX11Q065
4058.165 106.00113 0.988 -4.387 3.464 AX00R245
4058.184 27.0 0.513 -2.6 LAWNHFS ""
4058.187 92.1 0.036 -1.25 "" ""
4058.198 26.0 4.291 -2.69 "" ""
4058.217 26.0 3.209 -1.18 DEN14 ""
4058.219 24.0 4.413 -3.83 "" ""
4058.22 64.0 0.027 0.1 "" ""
4058.225 27.0 2.041 -3.39 "" ""
4058.237 106.00113 0.431 -4.558 3.464 BX11R065
4058.238 106.00112 0.372 -2.073 3.464 BX11P045
4058.248 58.1 0.459 -1.14 LAWLER ""
4058.296 106.00113 1.303 -2.875 3.464 AX54R045
4058.311 22.0 0.812 -5.41 "" ""
4058.32 106.00113 1.613 -5.174 3.464 CX25R065
4058.343 106.00113 1.32 -2.791 3.464 AX54R055
4058.35 106.00112 1.432 -4.52 3.464 AX43R165
4058.358 106.00113 1.613 -8.041 3.464 CX25Q075
4058.364 106.00112 1.432 -2.292 3.464 AX43Q175
4058.376 24.0 4.444 -1.38 "" ""
4058.389 26.0 4.291 -2.23 "" ""
4058.406 106.00112 1.432 -2.363 3.464 AX43Q165
4058.42 106.00112 1.432 -4.868 3.464 AX43P175
4058.458 106.00113 0.432 -4.423 3.464 BX11P075
4058.463 24.0 3.077 -3.58 "" ""
4058.464 26.0 3.639 -4.04 "" ""
4058.471 106.00113 1.303 -4.046 3.464 AX54Q055
4058.471 106.00113 1.39 -8.893 3.464 CX14Q095
4058.475 73.0 1.393 -1.34 "" ""
4058.486 106.00113 0.432 -1.778 3.464 BX11Q075
4058.508 106.00113 1.613 -5.081 3.464 CX25R075
4058.546 106.00113 1.39 -5.758 3.464 CX14R085
4058.552 106.00113 1.303 -2.776 3.464 AX54R055
4058.563 106.00113 1.288 -2.973 3.464 AX54R035
4058.574 106.00113 1.32 -2.791 3.464 AX54R055
4058.575 27.0059 2.006 -2.271 Lawle15HFS ""
4058.586 27.0059 2.006 -2.125 Lawle15HFS ""
4058.595 27.0059 2.006 -2.146 Lawle15HFS ""
4058.598 27.0059 2.006 -1.804 Lawle15HFS ""
4058.613 106.00113 1.303 -4.037 3.464 AX54Q055
4058.613 27.0059 2.006 -2.125 Lawle15HFS ""
4058.624 27.0059 2.006 -2.602 Lawle15HFS ""
4058.627 106.00113 1.32 -4.106 3.464 AX54Q065
4058.675 106.00113 1.288 -2.973 3.464 AX54R035
4058.689 106.00113 1.32 -2.703 3.464 AX54R065
4058.694 106.00113 1.303 -2.776 3.464 AX54R055
4058.701 106.00113 1.39 -5.665 3.464 CX14R095
4058.741 28.0 4.102 -1.3 "" ""
4058.745 27.0 2.041 -3.49 "" ""
4058.751 58.1 0.459 -1.25 LAWLER ""
4058.754 26.0 2.422 -2.06 "" ""
4058.769 24.0 3.847 0.26 "" ""
4058.77 22.0 0.835 -4.47 "" ""
4058.8 59.1 0.422 -0.41 LINOHFS ""
4058.83 106.00113 1.321 -4.096 3.464 AX54Q065
4058.86 62.1 0.484 -0.86 LAWLER ""
4058.893 106.00113 1.321 -2.703 3.464 AX54R065
4058.908 25.0055 2.177 -1.36 LAWHFS ""
4058.913 20.0 2.707 -1.01 "" ""
4058.914 25.0055 2.177 -1.247 LAWHFS ""
4058.922 25.0055 2.177 -1.344 LAWHFS ""
4058.926 41.0 0.13 0.58 "" ""
4058.927 25.0055 2.177 -1.791 LAWHFS ""
4058.935 25.0055 2.177 -1.247 LAWHFS ""
4058.945 25.0055 2.177 -0.883 LAWHFS ""
4058.968 25.1 4.934 -3.65 "" ""
4058.973 23.0 3.236 -3.25 "" ""
4058.989 106.00113 1.288 -3.97 3.464 AX54Q045
4059.012 106.00112 2.059 -7.865 3.464 CX25R185
4059.016 26.0 4.183 -3.16 "" ""
4059.045 26.0 4.368 -2.53 "" ""
4059.078 106.00112 2.059 -3.924 3.464 CX25Q195
4059.08 106.00113 1.288 -3.962 3.464 AX54Q045
4059.093 106.00113 1.288 -2.855 3.464 AX54R045
4059.1 69.1 1.086 -2.55 LAWLER ""
4059.104 106.00112 1.704 -8.42 3.464 CX14R165
4059.134 106.00112 2.059 -3.979 3.464 CX25Q185
4059.16 26.0 4.291 -2.16 "" ""
4059.169 24.0 3.108 -9.48 "" ""
4059.184 106.00113 1.288 -2.856 3.464 AX54R045
4059.191 106.00112 1.704 -4.577 3.464 CX14Q175
4059.2 106.00112 1.704 -4.658 3.464 CX14Q165
4059.2 106.00112 2.059 -7.742 3.464 CX25P195
4059.206 106.00112 0.433 -1.815 3.464 BX11Q065
4059.219 106.00112 1.595 -9.372 3.464 CX03R195
4059.219 42.0 3.396 -1.49 "" ""
4059.223 24.0 2.965 -4.44 "" ""
4059.232 106.00112 0.433 -4.557 3.464 BX11R065
4059.246 24.0 4.443 -1.72 "" ""
4059.25 106.00113 1.341 -2.714 3.464 AX54R065
4059.253 90.0 0.788 -0.5 "" ""
4059.287 106.00112 1.704 -8.139 3.464 CX14P175
4059.292 106.00112 1.595 -5.336 3.464 CX03Q205
4059.307 27.0 0.0 -4.58 "" ""
4059.324 24.1 3.736 -6.09 "" ""
4059.335 106.00112 1.595 -5.396 3.464 CX03Q195
4059.359 64.1 1.725 -0.15 "" ""
4059.388 25.0 3.071 -0.69 "" ""
4059.408 106.00112 1.595 -8.875 3.464 CX03P205
4059.408 22.0 0.812 -5.25 "" ""
4059.456 106.00112 0.433 -4.423 3.464 BX11P075
4059.467 26.0 2.452 -5.94 "" ""
4059.484 106.00112 0.433 -1.778 3.464 BX11Q075
4059.492 106.00113 1.341 -4.153 3.464 AX54Q075
4059.497 41.0 1.255 -0.49 "" ""
4059.506 68.0 1.332 1.02 "" ""
4059.537 20.0 2.521 -5.01 LAWLER ""
4059.54 106.00113 1.341 -2.634 3.464 AX54R075
4059.546 21.0 2.606 -3.94 "" ""
4059.557 106.00113 1.341 -2.714 3.464 AX54R065
4059.59 106.00113 1.276 -3.096 3.464 AX54R025
4059.597 23.0 1.944 -2.74 "" ""
4059.605 26.0 4.175 -4.4 "" ""
4059.608 42.0 2.644 -0.94 "" ""
4059.629 106.00112 1.314 -5.203 3.464 AX32Q195
4059.656 28.0 3.396 -2.51 "" ""
4059.657 106.00113 1.276 -3.096 3.464 AX54R025
4059.662 106.00113 1.714 -4.608 3.464 AX32R255
4059.663 22.0 1.738 -4.52 "" ""
4059.67 41.1 1.69 -1.18 Nilsson10 ""
4059.687 22.0 2.776 -4.12 "" ""
4059.699 106.00113 1.714 -2.081 3.464 AX32Q265
4059.703 106.00112 1.314 -3.473 3.464 AX32P195
4059.709 106.00112 1.314 -3.373 3.464 AX32P205
4059.713 26.0 3.544 -1.22 "" ""
4059.73 60.1 0.064 -1.89 LAWLER ""
4059.734 22.0 2.504 -2.96 "" ""
4059.747 25.0 4.265 -3.12 "" ""
4059.766 106.00113 1.341 -4.141 3.464 AX54Q075
4059.774 26.0 4.151 -2.32 "" ""
4059.775 20.0 5.87 -3.82 "" ""
4059.779 68.1 0.669 -0.81 LAWLER ""
4059.814 106.00113 1.341 -2.634 3.464 AX54R075
4059.822 27.1 2.777 -6.2 "" ""
4059.852 106.00113 0.952 -8.717 3.464 AX21P185
4059.87 64.0 0.896 0.6 "" ""
4059.903 106.00113 1.714 -2.171 3.464 AX32Q255
4059.921 24.0 4.407 -3.31 "" ""
4059.94 106.00113 1.714 -5.105 3.464 AX32P265
4059.95 60.1 0.204 -0.52 LAWLER ""
4059.952 106.00113 1.513 -5.466 3.464 AX21Q265
4059.963 106.00113 1.755 -3.789 3.464 AX10P335
4059.985 106.00113 1.513 -3.528 3.464 AX21P275
4060.055 106.00112 0.956 -8.717 3.464 AX21P185
4060.069 106.00113 1.755 -5.834 3.464 AX10Q325
4060.076 22.0 2.295 -0.58 "" ""
4060.106 106.00113 1.513 -3.694 3.464 AX21P265
4060.15 26.0 2.431 -5.14 "" ""
4060.152 106.00113 1.276 -3.871 3.464 AX54Q035
4060.186 26.0 4.217 -4.0 "" ""
4060.201 106.00113 1.755 -4.032 3.464 AX10P325
4060.203 106.00113 1.276 -3.865 3.464 AX54Q035
4060.213 20.0 2.521 -3.87 LAWLER ""
4060.22 24.0 3.085 -4.11 "" ""
4060.262 22.0 1.052 -0.69 LAWLER ""
4060.287 106.00113 1.276 -2.945 3.464 AX54R035
4060.31 41.0 0.348 -1.26 "" ""
4060.338 106.00113 1.276 -2.946 3.464 AX54R035
4060.346 57.0 0.511 -0.17 "" ""
4060.374 26.0 4.368 -4.24 "" ""
4060.382 27.0 3.684 -2.25 "" ""
4060.408 106.00113 1.204 -3.332 3.464 AX43P115
4060.408 106.00113 1.204 -4.827 3.464 AX43Q115
4060.423 24.0 4.532 -3.4 "" ""
4060.462 26.0 4.14 -3.92 "" ""
4060.465 106.00113 1.309 -5.203 3.464 AX32Q195
4060.47 58.1 0.811 -0.69 "" ""
4060.487 24.0 4.444 -1.56 "" ""
4060.499 106.00113 1.309 -3.473 3.464 AX32P195
4060.536 106.00113 1.309 -3.373 3.464 AX32P205
4060.541 20.0 2.521 -3.75 LAWLER ""
4060.549 106.00113 1.204 -3.262 3.464 AX43P125
4060.57 66.1 1.65 -0.74 LAWLER ""
4060.58 24.0 3.077 -2.71 "" ""
4060.611 106.00113 0.41 -4.302 3.464 BX00P145
4060.634 24.0 4.446 -0.51 "" ""
4060.665 24.0 4.413 -2.69 "" ""
4060.665 26.0 4.317 -3.91 "" ""
4060.7 74.0 2.456 -0.59 "" ""
4060.714 58.0 0.0 -0.53 "" ""
4060.727 25.0 4.791 -4.01 "" ""
4060.757 26.0 3.637 -2.17 "" ""
4060.783 41.0 0.019 -1.1 "" ""
4060.826 23.0 2.136 -1.23 LAWNOHFS ""
4060.837 22.0 2.406 -5.91 "" ""
4060.9 106.00113 1.364 -2.643 3.464 AX54R075
4060.906 20.0 4.621 -3.79 "" ""
4060.965 106.00113 1.55 -7.136 3.464 CX25R035
4060.967 106.00112 1.081 -8.891 3.464 CX03R085
4061.05 62.1 0.659 -1.34 LAWLER ""
4061.061 106.00112 2.009 -7.863 3.464 CX25R175
4061.067 27.0 3.684 -1.75 "" ""
4061.08 60.1 0.471 0.55 LAWLER ""
4061.095 26.0 4.257 -0.67 "" ""
4061.11 106.00113 1.364 -4.189 3.464 AX54Q085
4061.113 106.00113 1.267 -3.276 3.464 AX54R015
4061.133 106.00112 2.009 -3.979 3.464 CX25Q185
4061.145 106.00113 1.267 -3.275 3.464 AX54R015
4061.146 106.00113 1.364 -2.567 3.464 AX54R085
4061.177 106.00112 2.009 -4.036 3.464 CX25Q175
4061.196 24.0 4.532 -3.05 "" ""
4061.249 106.00112 2.009 -7.731 3.464 CX25P185
4061.253 41.0 1.268 -1.22 "" ""
4061.255 25.0 3.85 -4.12 "" ""
4061.261 23.0 2.636 -2.77 "" ""
4061.288 106.00113 1.205 -3.332 3.464 AX43P115
4061.29 106.00113 1.205 -4.848 3.464 AX43Q115
4061.292 106.00113 1.365 -2.643 3.464 AX54R075
4061.293 64.1 1.496 0.01 "" ""
4061.322 59.1 0.633 -0.74 "" ""
4061.337 25.0 3.85 -3.69 "" ""
4061.347 92.0 0.077 -1.05 "" ""
4061.377 73.0 0.749 -1.13 "" ""
4061.379 106.00113 1.205 -3.262 3.464 AX43P125
4061.416 58.1 0.326 -1.67 LAWLER ""
4061.428 21.0 2.008 -2.64 "" ""
4061.464 106.00113 1.365 -4.175 3.464 AX54Q085
4061.488 26.1 4.734 -4.8 "" ""
4061.498 106.00113 1.259 -3.489 3.464 AX54R005
4061.501 106.00113 1.365 -2.567 3.464 AX54R085
4061.513 106.00113 1.259 -3.489 3.464 AX54R005
4061.515 40.0 0.519 -0.83 "" ""
4061.519 25.0 3.85 -3.47 "" ""
4061.525 24.1 5.007 -4.64 "" ""
4061.539 41.0 0.348 -1.18 "" ""
4061.588 23.0 1.892 -1.39 "" ""
4061.595 106.00112 1.52 -5.465 3.464 AX21Q265
4061.652 25.0 5.345 -3.34 "" ""
4061.653 106.00112 1.521 -3.528 3.464 AX21P275
4061.68 106.00112 1.52 -3.694 3.464 AX21P265
4061.73 25.0 3.073 -0.56 "" ""
4061.75 27.0 3.71 -0.84 "" ""
4061.753 92.1 0.941 -0.95 "" ""
4061.759 106.00112 1.316 -3.373 3.464 AX32P205
4061.773 106.00112 1.316 -5.236 3.464 AX32Q195
4061.782 26.1 5.952 -2.02 "" ""
4061.796 20.0 5.979 -7.05 "" ""
4061.8 58.0 0.52 -0.27 "" ""
4061.83 20.0 2.523 -3.84 LAWLER ""
4061.847 106.00112 1.316 -3.473 3.464 AX32P195
4061.857 75.0 1.866 -1.42 "" ""
4061.871 106.00112 0.412 -4.302 3.464 BX00P145
4061.871 106.00113 0.953 -8.772 3.464 AX21P185
4061.885 20.0 5.979 -5.01 "" ""
4061.9 24.1 3.101 -4.65 "" ""
4061.945 106.00113 1.267 -3.739 3.464 AX54Q025
4061.953 26.0 4.151 -1.01 "" ""
4061.966 106.00113 1.267 -3.735 3.464 AX54Q025
4061.969 106.00112 1.265 -4.206 3.464 AX54R015
4061.97 41.1 1.98 -1.02 Nilsson10 ""
4061.971 106.00112 1.265 -4.2 3.464 AX54R015
4061.974 106.00113 1.477 -4.478 3.464 AX43R175
4062.024 106.00112 1.306 -8.052 3.464 CX14R055
4062.027 106.00113 1.477 -2.293 3.464 AX43Q175
4062.04 106.00113 1.649 -8.155 3.464 CX14P165
4062.044 106.00112 0.917 -4.44 3.464 AX00R235
4062.051 106.00113 1.477 -2.223 3.464 AX43Q185
4062.06 62.1 0.543 -2.15 LAWLER ""
4062.077 42.0 2.079 -0.36 "" ""
4062.104 106.00113 1.477 -4.861 3.464 AX43P185
4062.108 106.00112 0.958 -8.772 3.464 AX21P185
4062.129 106.00113 1.267 -3.053 3.464 AX54R025
4062.136 82.0 2.658 -0.1 "" ""
4062.15 106.00113 1.267 -3.054 3.464 AX54R025
4062.222 58.1 1.365 0.26 "" ""
4062.275 28.0 3.737 -0.96 "" ""
4062.295 106.00112 1.764 -3.788 3.464 AX10P335
4062.298 607.01314 3.446 -0.657 7.724 1515Ra0175
4062.302 607.01314 3.439 -0.679 7.724 1515Ra0165
4062.309 106.00112 1.395 -5.757 3.464 CX14R085
4062.316 607.01314 3.446 -0.679 7.724 1515Rb0165
4062.319 62.0 0.387 -0.43 "" ""
4062.32 607.01314 3.439 -0.704 7.724 1515Rb0155
4062.326 607.01314 3.453 -0.635 7.724 1515Ra0185
4062.335 607.01314 3.433 -0.704 7.724 1515Ra0155
4062.341 607.01314 3.453 -0.657 7.724 1515Rb0175
4062.358 607.01314 3.433 -0.73 7.724 1515Rb0145
4062.363 607.01314 3.446 -3.478 7.724 1515Qd0175
4062.364 106.00113 1.65 -4.741 3.464 CX14Q155
4062.366 607.01314 3.439 -3.452 7.724 1515Qd0165
4062.374 106.00112 1.764 -5.833 3.464 AX10Q325
4062.376 106.00112 1.618 -5.173 3.464 CX25R065
4062.385 607.01314 3.46 -0.615 7.724 1515Ra0195
4062.391 607.01314 3.453 -3.503 7.724 1515Qd0185
4062.398 106.00112 1.395 -5.665 3.464 CX14R095
4062.398 24.0 2.87 -5.69 "" ""
4062.398 607.01314 3.433 -3.424 7.724 1515Qd0155
4062.398 607.01314 3.46 -0.635 7.724 1515Rb0185
4062.399 607.01314 3.427 -0.73 7.724 1515Ra0145
4062.421 607.01314 3.427 -0.758 7.724 1515Rb0135
4062.44 106.00113 1.649 -4.66 3.464 CX14Q165
4062.441 26.0 2.843 -0.78 "" ""
4062.45 607.01314 3.46 -3.527 7.724 1515Qd0195
4062.456 106.00112 1.395 -8.892 3.464 CX14Q095
4062.46 607.01314 3.427 -3.395 7.724 1515Qd0145
4062.476 607.01314 3.468 -0.596 7.724 1515Ra0205
4062.485 607.01314 3.468 -0.615 7.724 1515Rb0195
4062.486 106.00113 1.31 -3.373 3.464 AX32P205
4062.493 607.01314 3.422 -0.758 7.724 1515Ra0135
4062.507 20.0 2.523 -3.39 LAWLER ""
4062.515 607.01314 3.422 -0.788 7.724 1515Rb0125
4062.516 106.00112 1.764 -4.032 3.464 AX10P325
4062.518 106.00113 1.311 -5.236 3.464 AX32Q195
4062.522 106.00112 1.618 -5.081 3.464 CX25R075
4062.523 42.0 2.595 -2.4 "" ""
4062.528 106.00112 1.208 -4.827 3.464 AX43Q115
4062.534 106.00112 1.208 -3.332 3.464 AX43P115
4062.54 607.01314 3.468 -3.549 7.724 1515Qd0205
4062.544 92.1 0.0 -0.98 "" ""
4062.552 607.01314 3.422 -3.364 7.724 1515Qd0135
4062.565 23.0 1.954 -3.14 "" ""
4062.575 106.00112 1.618 -8.04 3.464 CX25Q075
4062.59 64.1 1.275 0.07 LAWLER ""
4062.598 607.01314 3.476 -0.578 7.724 1515Ra0215
4062.604 607.01314 3.476 -0.596 7.724 1515Rb0205
4062.618 607.01314 3.417 -0.788 7.724 1515Ra0125
4062.632 29.0065 3.814 -1.71 KURHFS ""
4062.633 29.0063 3.814 -1.71 KURHFS ""
4062.634 29.0063 3.814 -1.388 KURHFS ""
4062.634 29.0063 3.814 -1.756 KURHFS ""
4062.634 29.0065 3.814 -1.388 KURHFS ""
4062.634 29.0065 3.814 -1.756 KURHFS ""
4062.636 29.0063 3.814 -1.138 KURHFS ""
4062.636 29.0063 3.814 -1.643 KURHFS ""
4062.636 29.0063 3.814 -2.71 KURHFS ""
4062.636 29.0065 3.814 -1.138 KURHFS ""
4062.636 29.0065 3.814 -1.643 KURHFS ""
4062.636 29.0065 3.814 -2.71 KURHFS ""
4062.639 29.0063 3.814 -0.932 KURHFS ""
4062.639 29.0063 3.814 -1.74 KURHFS ""
4062.639 29.0063 3.814 -2.886 KURHFS ""
4062.639 29.0065 3.814 -0.932 KURHFS ""
4062.639 29.0065 3.814 -1.74 KURHFS ""
4062.639 29.0065 3.814 -2.886 KURHFS ""
4062.639 607.01314 3.417 -0.82 7.724 1515Rb0115
4062.641 106.00113 1.311 -3.473 3.464 AX32P195
4062.662 607.01314 3.476 -3.571 7.724 1515Qd0215
4062.663 26.0 4.28 -4.05 "" ""
4062.673 607.01314 3.417 -3.331 7.724 1515Qd0125
4062.674 106.00112 1.208 -3.262 3.464 AX43P125
4062.683 22.0 1.872 -4.67 "" ""
4062.697 22.0 0.818 -4.88 "" ""
4062.701 106.00113 1.716 -2.081 3.464 AX32Q265
4062.703 23.0 1.892 -1.51 LAWNOHFS ""
4062.715 25.0 2.886 -3.0 "" ""
4062.718 106.00113 1.716 -5.078 3.464 AX32P265
4062.739 59.1141 0.422 -0.319 LI/LAW ""
4062.742 25.0 3.132 -6.46 "" ""
4062.75 24.0 4.774 0.01 "" ""
4062.754 607.01314 3.484 -0.578 7.724 1515Rb0215
4062.754 607.01314 3.485 -0.561 7.724 1515Ra0225
4062.762 23.1 6.253 -1.69 "" ""
4062.764 106.00113 1.65 -8.445 3.464 CX14R155
4062.768 59.1141 0.422 -1.742 LI/LAW ""
4062.769 607.01314 3.412 -0.82 7.724 1515Ra0115
4062.775 59.1141 0.422 -0.384 LI/LAW ""
4062.776 106.00113 0.911 -7.829 3.464 AX10P225
4062.792 607.01314 3.412 -0.856 7.724 1515Rb0105
4062.794 59.1141 0.422 -3.508 LI/LAW ""
4062.796 106.00113 1.716 -4.637 3.464 AX32R255
4062.801 59.1141 0.422 -1.544 LI/LAW ""
4062.807 59.1141 0.422 -0.45 LI/LAW ""
4062.813 106.00113 1.716 -2.171 3.464 AX32Q255
4062.814 20.0 2.93 -4.35 "" ""
4062.815 607.01314 3.485 -3.592 7.724 1515Qd0225
4062.823 607.01314 3.412 -3.295 7.724 1515Qd0115
4062.824 59.1141 0.422 -3.199 LI/LAW ""
4062.83 59.1141 0.422 -1.497 LI/LAW ""
4062.834 72.0 1.302 -0.74 "" ""
4062.835 59.1141 0.422 -0.518 LI/LAW ""
4062.839 23.1 2.759 -4.35 "" ""
4062.85 59.1141 0.422 -3.137 LI/LAW ""
4062.852 44.0 2.485 -0.42 "" ""
4062.855 59.1141 0.422 -1.548 LI/LAW ""
4062.86 59.1141 0.422 -0.587 LI/LAW ""
4062.872 59.1141 0.422 -3.32 LI/LAW ""
4062.876 59.1141 0.422 -1.746 LI/LAW ""
4062.88 59.1141 0.422 -0.655 LI/LAW ""
4062.903 20.0 2.93 -8.34 "" ""
4062.937 58.1 0.32 -0.78 LAWLER ""
4062.937 607.01314 3.493 -0.561 7.724 1515Rb0225
4062.942 106.00112 0.917 -7.829 3.464 AX10P225
4062.942 607.01314 3.493 -0.545 7.724 1515Ra0235
4062.944 68.1 0.891 -1.58 LAWLER ""
4062.951 607.01314 3.408 -0.856 7.724 1515Ra0105
4062.973 607.01314 3.408 -0.895 7.724 1515Rb0095
4062.99 44.0 1.732 -0.82 "" ""
4063.001 607.01314 3.408 -3.256 7.724 1515Qd0105
4063.001 607.01314 3.493 -3.613 7.724 1515Qd0235
4063.006 23.1 1.554 -4.35 "" ""
4063.045 58.1 0.6 -1.73 LAWLER ""
4063.116 106.00112 1.611 -4.913 3.464 AX54R155
4063.145 24.0 4.443 -1.83 "" ""
4063.153 607.01314 3.503 -0.545 7.724 1515Rb0235
4063.162 607.01314 3.404 -0.895 7.724 1515Ra0095
4063.163 607.01314 3.503 -0.53 7.724 1515Ra0245
4063.165 27.0 3.527 -1.9 "" ""
4063.176 27.0 0.581 -3.81 "" ""
4063.183 607.01314 3.404 -0.938 7.724 1515Rb0085
4063.193 106.00113 0.911 -4.44 3.464 AX00R235
4063.201 23.0 1.217 -3.89 "" ""
4063.209 607.01314 3.404 -3.214 7.724 1515Qd0095
4063.219 607.01314 3.503 -3.632 7.724 1515Qd0245
4063.231 29.0063 3.814 -2.524 KURHFS ""
4063.231 29.0065 3.814 -2.524 KURHFS ""
4063.232 29.0063 3.814 -2.32 KURHFS ""
4063.232 29.0063 3.814 -2.524 KURHFS ""
4063.232 29.0063 3.814 -2.922 KURHFS ""
4063.232 29.0065 3.814 -2.32 KURHFS ""
4063.232 29.0065 3.814 -2.524 KURHFS ""
4063.232 29.0065 3.814 -2.922 KURHFS ""
4063.235 29.0063 3.814 -2.223 KURHFS ""
4063.235 29.0063 3.814 -2.32 KURHFS ""
4063.235 29.0063 3.814 -2.378 KURHFS ""
4063.235 29.0065 3.814 -2.223 KURHFS ""
4063.235 29.0065 3.814 -2.32 KURHFS ""
4063.235 29.0065 3.814 -2.378 KURHFS ""
4063.238 29.0063 3.814 -1.776 KURHFS ""
4063.238 29.0063 3.814 -2.378 KURHFS ""
4063.238 29.0065 3.814 -1.776 KURHFS ""
4063.238 29.0065 3.814 -2.378 KURHFS ""
4063.276 20.0 4.677 -4.09 "" ""
4063.276 26.0 3.368 -0.81 RUF14 ""
4063.328 22.0 2.133 -2.54 "" ""
4063.347 106.00113 1.391 -2.575 3.464 AX54R085
4063.38 64.1 0.99 0.33 LAWLER ""
4063.387 106.00112 1.209 -4.848 3.464 AX43Q115
4063.392 106.00112 1.209 -3.331 3.464 AX43P115
4063.4 607.01314 3.401 -0.938 7.724 1515Ra0085
4063.402 607.01314 3.512 -0.53 7.724 1515Rb0245
4063.404 27.0 3.277 -6.68 "" ""
4063.404 27.0 3.295 -7.51 "" ""
4063.407 90.0 1.387 0.34 "" ""
4063.411 106.00113 1.516 -3.528 3.464 AX21P275
4063.418 26.0 4.257 -1.71 "" ""
4063.419 607.01314 3.401 -0.986 7.724 1515Rb0075
4063.438 20.0 4.621 -3.3 "" ""
4063.444 607.01314 3.401 -3.167 7.724 1515Qd0085
4063.457 106.00113 1.516 -5.508 3.464 AX21Q265
4063.467 25.0 3.133 -5.18 "" ""
4063.471 607.01314 3.512 -3.652 7.724 1515Qd0255
4063.473 106.00112 1.209 -3.262 3.464 AX43P125
4063.506 25.0055 2.162 -2.151 LAWHFS ""
4063.508 25.0055 2.162 -2.151 LAWHFS ""
4063.508 25.0055 2.162 -2.917 LAWHFS ""
4063.509 25.0055 2.162 -1.889 LAWHFS ""
4063.513 25.0055 2.162 -1.889 LAWHFS ""
4063.513 25.0055 2.162 -2.218 LAWHFS ""
4063.514 25.0055 2.162 -1.787 LAWHFS ""
4063.521 25.0055 2.162 -1.771 LAWHFS ""
4063.521 25.0055 2.162 -1.787 LAWHFS ""
4063.522 25.0055 2.162 -1.792 LAWHFS ""
4063.531 106.00113 1.391 -4.215 3.464 AX54Q095
4063.531 25.0055 2.162 -1.44 LAWHFS ""
4063.531 25.0055 2.162 -1.792 LAWHFS ""
4063.532 25.0055 2.162 -1.955 LAWHFS ""
4063.54 62.1 0.04 -0.79 LAWLER ""
4063.543 25.0055 2.162 -1.955 LAWHFS ""
4063.544 25.0055 2.162 -1.177 LAWHFS ""
4063.556 106.00113 1.391 -2.502 3.464 AX54R095
4063.568 42.0 2.497 -2.45 "" ""
4063.577 6.0 7.475 -3.78 "" ""
4063.579 106.00113 1.516 -3.694 3.464 AX21P265
4063.59 64.1 0.499 -0.77 LAWLER ""
4063.594 26.0 1.556 0.06 OBR91 ""
4063.617 106.00112 1.961 -7.862 3.464 CX25R165
4063.637 26.0 4.1 -0.8 "" ""
4063.645 23.0 1.948 -2.37 "" ""
4063.669 607.01314 3.398 -0.986 7.724 1515Ra0075
4063.688 607.01314 3.398 -1.04 7.724 1515Rb0065
4063.695 106.00112 1.961 -4.036 3.464 CX25Q175
4063.708 607.01314 3.398 -3.115 7.724 1515Qd0075
4063.727 106.00112 1.961 -4.095 3.464 CX25Q165
4063.733 25.0 4.243 -1.76 "" ""
4063.805 106.00112 1.961 -7.721 3.464 CX25P175
4063.832 106.00113 1.391 -2.575 3.464 AX54R085
4063.848 25.0 3.133 -5.98 "" ""
4063.848 25.0 4.682 -0.65 "" ""
4063.878 106.00113 1.478 -2.223 3.464 AX43Q185
4063.878 106.00113 1.478 -4.5 3.464 AX43R175
4063.883 20.0 4.677 -3.63 "" ""
4063.903 42.0 2.075 -2.24 "" ""
4063.92 58.1 0.464 -1.08 LAWLER ""
4063.921 23.0 2.113 0.03 "" ""
4063.936 106.00113 1.478 -2.293 3.464 AX43Q175
4063.936 106.00113 1.478 -4.841 3.464 AX43P185
4063.947 23.1 5.471 -3.67 "" ""
4063.963 607.01314 3.395 -1.04 7.724 1515Ra0065
4063.975 106.00113 1.391 -4.2 3.464 AX54Q095
4063.982 607.01314 3.395 -1.102 7.724 1515Rb0055
4064.0 607.01314 3.395 -3.056 7.724 1515Qd0065
4064.001 106.00113 1.391 -2.502 3.464 AX54R095
4064.014 22.1 5.055 -2.64 "" ""
4064.048 26.0 4.281 -2.55 "" ""
4064.057 24.1 3.103 -4.37 "" ""
4064.061 26.0 2.947 -7.86 "" ""
4064.109 44.0 1.176 -1.4 "" ""
4064.124 25.0 2.939 -4.15 "" ""
4064.152 22.0 2.66 -3.08 "" ""
4064.154 40.0 0.65 -0.03 "" ""
4064.17 92.0 0.742 -0.26 "" ""
4064.178 42.0 3.3 -1.3 "" ""
4064.192 22.0 2.29 -0.81 "" ""
4064.211 22.0 1.052 -0.92 LAWLER ""
4064.265 26.0 3.651 -5.3 "" ""
4064.266 106.00112 1.612 -4.867 3.464 AX54R155
4064.268 6.0 7.477 -3.43 "" ""
4064.287 607.01314 3.393 -1.102 7.724 1515Ra0055
4064.304 607.01314 3.393 -1.175 7.724 1515Rb0045
4064.31 62.1 0.184 -1.28 LAWLER ""
4064.319 607.01314 3.393 -2.988 7.724 1515Qd0055
4064.331 90.0 1.387 -0.31 "" ""
4064.336 23.0 2.682 -3.77 "" ""
4064.36 22.1 2.596 -1.56 LAWLER ""
4064.369 28.0 3.838 -1.09 "" ""
4064.387 24.0 4.444 -2.71 "" ""
4064.393 106.00113 1.261 -3.554 3.464 AX54Q015
4064.394 106.00113 1.261 -3.552 3.464 AX54Q015
4064.395 106.00113 1.593 -5.276 3.464 CX25R055
4064.397 23.1 6.286 -2.02 "" ""
4064.424 106.00113 1.204 -9.809 3.464 CX03Q125
4064.44 24.0 3.102 -6.29 "" ""
4064.45 26.0 1.556 -3.5 "" ""
4064.455 44.0 1.062 -1.0 "" ""
4064.5 106.00113 1.593 -7.998 3.464 CX25Q065
4064.55 62.1 0.333 -0.67 LAWLER ""
4064.555 42.0 3.031 -1.81 "" ""
4064.579 62.1 0.248 -0.68 "" ""
4064.591 106.00113 0.388 -2.074 3.464 BX11P045
4064.595 73.0 0.752 -1.43 "" ""
4064.608 106.00113 0.388 -6.554 3.464 BX11Q045
4064.609 24.0 2.542 -5.87 "" ""
4064.628 23.1 5.476 -3.6 "" ""
4064.631 106.00113 1.593 -5.173 3.464 CX25R065
4064.641 607.01314 3.391 -1.175 7.724 1515Ra0045
4064.65 607.01314 3.391 -1.264 7.724 1515Rb0035
4064.658 106.00113 1.205 -6.331 3.464 CX03R115
4064.661 42.0 3.3 -1.72 "" ""
4064.663 106.00113 1.261 -3.199 3.464 AX54R015
4064.664 106.00113 1.261 -3.2 3.464 AX54R015
4064.667 607.01314 3.391 -2.907 7.724 1515Qd0045
4064.736 106.00113 0.638 -1.343 3.464 BX00P185
4064.75 106.00113 1.204 -6.279 3.464 CX03R125
4064.756 26.1 2.853 -5.53 "" ""
4064.785 57.0 0.433 -0.39 "" ""
4064.785 74.0 2.386 -0.06 "" ""
4064.798 58.1 0.7 -1.84 LAWLER ""
4064.802 106.00113 0.638 -6.486 3.464 BX00Q185
4064.802 41.0 1.572 -0.57 "" ""
4064.83 106.00112 0.919 -4.373 3.464 AX00R235
4064.856 22.0 1.748 -4.72 "" ""
4064.881 28.1 6.534 -4.86 "" ""
4064.887 106.00113 0.638 -1.353 3.464 BX00P195
4064.897 20.0 5.581 -2.83 "" ""
4064.904 58.1 0.459 -1.19 LAWLER ""
4064.919 23.0 2.573 -2.55 "" ""
