wavelength species excitation loggf disassociation_energy comment
4064.265 26.0 3.651 -5.3 "" ""
4064.266 106.00112 1.612 -4.867 3.464 AX54R155
4064.268 6.0 7.477 -3.43 "" ""
4064.287 607.01314 3.393 -1.102 7.724 1515Ra0055
4064.304 607.01314 3.393 -1.175 7.724 1515Rb0045
4064.31 62.1 0.184 -1.28 LAWLER ""
4064.319 607.01314 3.393 -2.988 7.724 1515Qd0055
4064.331 90.0 1.387 -0.31 "" ""
4064.336 23.0 2.682 -3.77 "" ""
4064.36 22.1 2.596 -1.56 LAWLER ""
4064.369 28.0 3.838 -1.09 "" ""
4064.387 24.0 4.444 -2.71 "" ""
4064.393 106.00113 1.261 -3.554 3.464 AX54Q015
4064.394 106.00113 1.261 -3.552 3.464 AX54Q015
4064.395 106.00113 1.593 -5.276 3.464 CX25R055
4064.397 23.1 6.286 -2.02 "" ""
4064.424 106.00113 1.204 -9.809 3.464 CX03Q125
4064.44 24.0 3.102 -6.29 "" ""
4064.45 26.0 1.556 -3.5 "" ""
4064.455 44.0 1.062 -1.0 "" ""
4064.5 106.00113 1.593 -7.998 3.464 CX25Q065
4064.55 62.1 0.333 -0.67 LAWLER ""
4064.555 42.0 3.031 -1.81 "" ""
4064.579 62.1 0.248 -0.68 "" ""
4064.591 106.00113 0.388 -2.074 3.464 BX11P045
4064.595 73.0 0.752 -1.43 "" ""
4064.608 106.00113 0.388 -6.554 3.464 BX11Q045
4064.609 24.0 2.542 -5.87 "" ""
4064.628 23.1 5.476 -3.6 "" ""
4064.631 106.00113 1.593 -5.173 3.464 CX25R065
4064.641 607.01314 3.391 -1.175 7.724 1515Ra0045
4064.65 607.01314 3.391 -1.264 7.724 1515Rb0035
4064.658 106.00113 1.205 -6.331 3.464 CX03R115
4064.661 42.0 3.3 -1.72 "" ""
4064.663 106.00113 1.261 -3.199 3.464 AX54R015
4064.664 106.00113 1.261 -3.2 3.464 AX54R015
4064.667 607.01314 3.391 -2.907 7.724 1515Qd0045
4064.736 106.00113 0.638 -1.343 3.464 BX00P185
4064.75 106.00113 1.204 -6.279 3.464 CX03R125
4064.756 26.1 2.853 -5.53 "" ""
4064.785 57.0 0.433 -0.39 "" ""
4064.785 74.0 2.386 -0.06 "" ""
4064.798 58.1 0.7 -1.84 LAWLER ""
4064.802 106.00113 0.638 -6.486 3.464 BX00Q185
4064.802 41.0 1.572 -0.57 "" ""
4064.83 106.00112 0.919 -4.373 3.464 AX00R235
4064.856 22.0 1.748 -4.72 "" ""
4064.881 28.1 6.534 -4.86 "" ""
4064.887 106.00113 0.638 -1.353 3.464 BX00P195
4064.897 20.0 5.581 -2.83 "" ""
4064.904 58.1 0.459 -1.19 LAWLER ""
4064.919 23.0 2.573 -2.55 "" ""
4064.97 24.0 4.452 -2.9 "" ""
4065.01 62.1 0.04 -2.34 LAWLER ""
4065.014 106.00113 0.388 -2.028 3.464 BX11P055
4065.015 26.0 4.253 -3.43 "" ""
4065.02 607.01314 3.389 -1.264 7.724 1515Ra0035
4065.023 106.00113 0.596 -2.164 3.464 BX11R115
4065.032 607.01314 3.389 -1.376 7.724 1515Rb0025
4065.042 607.01314 3.389 -2.808 7.724 1515Qd0035
4065.045 106.00112 1.523 -3.528 3.464 AX21P275
4065.051 26.0 3.632 -2.43 "" ""
4065.066 26.0 3.981 -4.27 "" ""
4065.067 79.0 4.628 -0.08 "" ""
4065.071 23.1 3.793 -0.24 "" ""
4065.071 25.0 4.243 -0.06 "" ""
4065.095 22.0 1.052 -0.79 LAWLER ""
4065.108 106.00112 1.523 -5.507 3.464 AX21Q265
4065.119 20.0 5.581 -2.33 "" ""
4065.136 106.00112 1.556 -7.135 3.464 CX25R035
4065.162 58.1 0.899 -0.58 BIEMONT ""
4065.175 27.0 3.277 -6.48 "" ""
4065.181 106.00113 0.596 -6.693 3.464 BX11Q125
4065.184 24.0 2.542 -4.95 "" ""
4065.192 106.00112 1.523 -3.694 3.464 AX21P265
4065.23 106.00113 0.596 -2.189 3.464 BX11R125
4065.23 21.0 2.008 -3.9 "" ""
4065.231 22.0 0.818 -3.97 "" ""
4065.243 6.0 7.482 -3.16 "" ""
4065.359 23.0 1.08 -2.96 "" ""
4065.37 22.0 2.394 -4.15 "" ""
4065.379 106.00113 1.531 -8.877 3.464 CX03P195
4065.381 26.0 3.428 -1.32 "" ""
4065.421 20.0 2.526 -3.1 LAWLER ""
4065.428 607.01314 3.388 -1.376 7.724 1515Ra0025
4065.435 23.0 1.948 -3.34 "" ""
4065.438 607.01314 3.388 -1.531 7.724 1515Rb0015
4065.445 607.01314 3.388 -2.677 7.724 1515Qd0025
4065.466 23.0 0.017 -4.66 "" ""
4065.485 22.1 5.419 -1.67 "" ""
4065.49 62.1 0.277 -2.49 LAWLER ""
4065.505 106.00113 0.458 -1.779 3.464 BX11Q075
4065.537 106.00113 0.458 -4.635 3.464 BX11R075
4065.557 20.0 4.621 -4.24 "" ""
4065.57 23.0 2.377 -6.38 "" ""
4065.575 57.0 0.13 -1.11 "" ""
4065.577 106.00112 0.389 -2.073 3.464 BX11P045
4065.585 22.0 2.152 -1.11 "" ""
4065.595 106.00112 0.389 -6.554 3.464 BX11Q045
4065.635 24.0 2.543 -5.19 "" ""
4065.64 106.00113 0.914 -7.894 3.464 AX10P225
4065.657 106.00113 1.698 -4.911 3.464 AX54R175
4065.688 90.1 1.188 -1.38 "" ""
4065.701 24.0 4.102 -0.02 "" ""
4065.711 106.00113 0.458 -4.509 3.464 BX11P085
4065.743 106.00113 0.458 -1.752 3.464 BX11Q085
4065.805 25.1 5.414 -3.76 "" ""
4065.806 106.00113 1.759 -4.568 3.464 AX11R305
4065.845 106.00112 0.919 -7.894 3.464 AX10P225
4065.852 106.00113 1.531 -5.454 3.464 CX03Q185
4065.862 607.01314 3.387 -1.531 7.724 1515Ra0015
4065.869 106.00113 0.732 -5.322 3.464 BX11R155
4065.87 25.0 4.824 -3.04 "" ""
4065.871 607.01314 3.387 -1.786 7.724 1515Rb0005
4065.875 607.01314 3.387 -2.485 7.724 1515Qd0015
4065.913 106.00113 1.531 -5.398 3.464 CX03Q195
4065.947 106.00113 0.914 -4.373 3.464 AX00R235
4065.948 106.00112 1.656 -8.445 3.464 CX14R155
4065.956 106.00113 1.105 -5.873 3.464 AX43P085
4066.003 106.00112 0.389 -2.028 3.464 BX11P055
4066.022 26.0 3.329 -1.98 "" ""
4066.032 64.0 0.937 0.24 "" ""
4066.038 106.00112 1.656 -4.74 3.464 CX14Q155
4066.042 106.00112 1.656 -4.659 3.464 CX14Q165
4066.063 20.0 5.724 -2.95 "" ""
4066.084 26.0 4.14 -2.94 "" ""
4066.09 23.0 2.614 -4.02 "" ""
4066.118 41.0 1.368 -0.77 "" ""
4066.133 106.00112 1.656 -8.154 3.464 CX14P165
4066.154 24.1 5.666 -3.99 "" ""
4066.17 65.1 0.771 -0.18 LAWNOHFS ""
4066.176 24.0 2.998 -3.66 "" ""
4066.18 62.1 0.378 -1.79 LAWLER ""
4066.181 106.00112 1.767 -4.568 3.464 AX11R305
4066.199 106.00112 0.642 -1.343 3.464 BX00P185
4066.21 72.0 1.802 -0.47 "" ""
4066.268 25.0 4.27 -1.5 "" ""
4066.289 106.00112 0.642 -6.486 3.464 BX00Q185
4066.316 76.0 1.368 -2.48 Quinet06 ""
4066.326 607.01314 3.387 -1.786 7.724 1515Ra0005
4066.332 22.0 0.818 -3.81 "" ""
4066.333 607.01314 3.387 -2.087 7.724 1515Qd0005
4066.345 27.0059 0.922 -3.224 Lawle15HFS ""
4066.351 27.0059 0.922 -3.02 Lawle15HFS ""
4066.353 25.0 5.083 -0.36 "" ""
4066.356 106.00112 0.642 -1.352 3.464 BX00P195
4066.356 27.0059 0.922 -2.956 Lawle15HFS ""
4066.359 27.0059 0.922 -2.321 Lawle15HFS ""
4066.36 27.0059 0.922 -2.962 Lawle15HFS ""
4066.364 27.0059 0.922 -2.508 Lawle15HFS ""
4066.364 27.0059 0.922 -3.028 Lawle15HFS ""
4066.364 42.0 3.075 -0.81 "" ""
4066.367 27.0059 0.922 -2.727 Lawle15HFS ""
4066.367 27.0059 0.922 -3.166 Lawle15HFS ""
4066.369 27.0059 0.922 -2.99 Lawle15HFS ""
4066.37 27.0059 0.922 -3.321 Lawle15HFS ""
4066.37 27.0059 0.922 -3.446 Lawle15HFS ""
4066.372 27.0059 0.922 -3.768 Lawle15HFS ""
4066.372 27.0059 0.922 -4.467 Lawle15HFS ""
4066.375 27.0059 0.922 -3.446 Lawle15HFS ""
4066.377 27.0059 0.922 -3.166 Lawle15HFS ""
4066.378 27.0059 0.922 -3.028 Lawle15HFS ""
4066.378 27.0059 0.922 -3.224 Lawle15HFS ""
4066.379 27.0059 0.922 -2.962 Lawle15HFS ""
4066.379 27.0059 0.922 -3.02 Lawle15HFS ""
4066.38 27.0059 0.922 -2.956 Lawle15HFS ""
4066.382 21.0 1.942 -2.85 "" ""
4066.386 106.00113 1.531 -9.382 3.464 CX03R185
4066.414 106.00112 1.306 -2.873 3.464 AX54R045
4066.467 106.00113 1.105 -5.9 3.464 AX43P085
4066.469 106.00112 0.598 -2.163 3.464 BX11R115
4066.502 58.1 1.519 -0.1 "" ""
4066.547 106.00112 1.915 -7.861 3.464 CX25R155
4066.547 28.0 4.263 -3.78 "" ""
4066.561 106.00112 0.46 -1.778 3.464 BX11Q075
4066.583 106.00112 1.306 -2.873 3.464 AX54R045
4066.585 26.0 2.99 -1.62 RUF14 ""
4066.588 24.0 4.532 -0.49 "" ""
4066.592 106.00112 0.46 -4.635 3.464 BX11R075
4066.623 106.00113 1.364 -8.892 3.464 CX14Q085
4066.629 106.00112 0.598 -6.693 3.464 BX11Q125
4066.633 106.00112 1.916 -4.095 3.464 CX25Q165
4066.644 106.00113 1.364 -5.852 3.464 CX14R075
4066.647 106.00113 1.42 -2.509 3.464 AX54R095
4066.651 106.00112 1.915 -4.155 3.464 CX25Q155
4066.652 106.00112 1.291 -2.972 3.464 AX54R035
4066.653 24.0 4.446 -1.07 "" ""
4066.677 106.00112 0.598 -2.188 3.464 BX11R125
4066.697 76.0 2.802 0.66 "" ""
4066.729 20.0 4.677 -3.95 "" ""
4066.73 62.1 0.277 -0.74 LAWLER ""
4066.736 106.00112 1.916 -7.712 3.464 CX25P165
4066.736 28.1 3.666 -4.23 "" ""
4066.751 6.0 7.477 -3.91 "" ""
4066.761 106.00112 1.306 -4.044 3.464 AX54Q055
4066.765 106.00112 1.291 -2.971 3.464 AX54R035
4066.769 106.00112 0.46 -4.509 3.464 BX11P085
4066.797 28.0 3.676 -1.67 "" ""
4066.8 106.00112 0.46 -1.752 3.464 BX11Q085
4066.811 106.00113 1.42 -4.233 3.464 AX54Q105
4066.823 106.00112 1.306 -2.774 3.464 AX54R055
4066.823 106.00112 1.483 -4.477 3.464 AX43R175
4066.827 106.00113 1.42 -2.439 3.464 AX54R105
4066.829 106.00113 1.364 -5.758 3.464 CX14R085
4066.857 24.0 3.102 -1.41 "" ""
4066.859 106.00112 1.324 -2.789 3.464 AX54R055
4066.886 106.00112 1.483 -2.292 3.464 AX43Q175
4066.905 106.00112 1.306 -4.035 3.464 AX54Q055
4066.911 106.00112 1.483 -2.222 3.464 AX43Q185
4066.914 58.0 0.493 -0.01 "" ""
4066.933 24.0 2.706 -0.88 "" ""
4066.941 106.00113 1.675 -4.55 3.464 AX11R295
4066.955 23.0 1.929 -0.94 "" ""
4066.958 25.0 2.939 -4.91 "" ""
4066.967 106.00112 1.306 -2.774 3.464 AX54R055
4066.974 106.00112 1.483 -4.86 3.464 AX43P185
4066.974 26.0 2.829 -0.86 "" ""
4066.975 21.0045 1.986 -2.19 LAWHFS ""
4066.978 21.0045 1.986 -1.93 LAWHFS ""
4066.979 21.0045 1.986 -1.8 LAWHFS ""
4066.98 21.0045 1.986 -2.22 LAWHFS ""
4066.983 21.0045 1.986 -1.74 LAWHFS ""
4066.984 21.0045 1.986 -1.54 LAWHFS ""
4066.986 21.0045 1.986 -2.19 LAWHFS ""
4066.99 21.0045 1.986 -1.65 LAWHFS ""
4066.992 21.0045 1.986 -1.35 LAWHFS ""
4066.995 21.0045 1.986 -2.24 LAWHFS ""
4066.997 24.0 2.965 -4.62 "" ""
4066.998 24.1 6.479 -2.49 "" ""
4066.999 21.0045 1.986 -1.63 LAWHFS ""
4067.001 21.0045 1.986 -1.18 LAWHFS ""
4067.006 21.0045 1.986 -2.36 LAWHFS ""
4067.01 106.00112 1.683 -4.55 3.464 AX11R295
4067.01 21.0045 1.986 -1.04 LAWHFS ""
4067.01 21.0045 1.986 -1.68 LAWHFS ""
4067.018 21.0045 1.986 -2.58 LAWHFS ""
4067.019 23.1 1.475 -2.67 "" ""
4067.021 21.0045 1.986 -1.88 LAWHFS ""
4067.03 21.0045 1.986 -3.0 LAWHFS ""
4067.031 28.1 4.026 -1.29 "" ""
4067.041 23.1 5.979 -4.03 "" ""
4067.064 106.00113 1.699 -4.86 3.464 AX54R175
4067.084 106.00112 1.291 -3.968 3.464 AX54Q045
4067.092 106.00113 1.038 -6.746 3.464 AX32P145
4067.095 106.00112 1.324 -2.789 3.464 AX54R055
4067.149 106.00112 1.324 -4.104 3.464 AX54Q065
4067.15 23.0 3.222 -4.3 "" ""
4067.158 41.0 1.504 -0.33 "" ""
4067.168 106.00112 1.291 -2.853 3.464 AX54R045
4067.175 20.0 5.983 -2.44 "" ""
4067.177 106.00112 1.291 -3.961 3.464 AX54Q045
4067.193 106.00112 1.324 -2.701 3.464 AX54R065
4067.203 23.0 3.242 -3.65 "" ""
4067.211 73.0 0.249 -1.93 "" ""
4067.234 25.0 4.604 -3.97 "" ""
4067.236 106.00113 1.42 -2.509 3.464 AX54R095
4067.256 21.0 2.336 -1.19 "" ""
4067.26 106.00112 1.291 -2.854 3.464 AX54R045
4067.271 26.0 2.557 -1.42 "" ""
4067.285 58.1 1.057 0.0 BIEMONT ""
4067.313 106.00112 1.042 -6.746 3.464 AX32P145
4067.331 607.01314 3.387 -2.087 7.724 1515Qc0005
4067.335 607.01314 3.387 -1.786 7.724 1515Pa0015
4067.337 20.0 4.677 -5.13 "" ""
4067.345 24.0 3.09 -3.39 "" ""
4067.347 57.1139 0.173 -1.96 Lawle01HFS ""
4067.349 57.1139 0.173 -2.231 Lawle01HFS ""
4067.353 24.0 4.774 -3.0 "" ""
4067.354 106.00112 1.324 -4.094 3.464 AX54Q065
4067.354 106.00113 1.42 -4.216 3.464 AX54Q105
4067.354 57.1139 0.173 -2.671 Lawle01HFS ""
4067.357 24.0 3.102 -2.67 "" ""
4067.36 57.1139 0.173 -1.976 Lawle01HFS ""
4067.367 57.1139 0.173 -1.856 Lawle01HFS ""
4067.37 106.00113 1.42 -2.439 3.464 AX54R105
4067.377 57.1139 0.173 -1.972 Lawle01HFS ""
4067.378 57.1139 0.173 -2.231 Lawle01HFS ""
4067.391 57.1139 0.173 -1.776 Lawle01HFS ""
4067.399 106.00112 1.324 -2.701 3.464 AX54R065
4067.406 57.1139 0.173 -1.483 Lawle01HFS ""
4067.451 90.0 0.355 -1.34 "" ""
4067.487 26.0 2.947 -3.13 "" ""
4067.498 67.0 1.044 0.08 "" ""
4067.52 106.00112 1.279 -3.095 3.464 AX54R025
4067.555 22.0 1.872 -3.56 "" ""
4067.583 26.0 4.253 -1.65 "" ""
4067.588 106.00112 1.279 -3.094 3.464 AX54R025
4067.605 26.0 3.298 -2.79 "" ""
4067.607 44.0 2.006 -0.34 "" ""
4067.62 21.0045 1.987 -3.34 LAWHFS ""
4067.62 21.0045 1.987 -3.34 LAWHFS ""
4067.62 21.0045 1.987 -3.5 LAWHFS ""
4067.621 21.0045 1.987 -3.44 LAWHFS ""
4067.623 21.0045 1.987 -2.8 LAWHFS ""
4067.623 21.0045 1.987 -3.65 LAWHFS ""
4067.624 21.0045 1.987 -2.6 LAWHFS ""
4067.625 21.0045 1.987 -2.87 LAWHFS ""
4067.625 21.0045 1.987 -4.04 LAWHFS ""
4067.626 21.0045 1.987 -2.5 LAWHFS ""
4067.627 21.0045 1.987 -2.6 LAWHFS ""
4067.629 21.0045 1.987 -2.45 LAWHFS ""
4067.631 21.0045 1.987 -2.4 LAWHFS ""
4067.632 21.0045 1.987 -2.46 LAWHFS ""
4067.635 21.0045 1.987 -2.23 LAWHFS ""
4067.636 21.0045 1.987 -2.53 LAWHFS ""
4067.64 21.0045 1.987 -2.08 LAWHFS ""
4067.64 21.0045 1.987 -2.74 LAWHFS ""
4067.645 21.0045 1.987 -1.95 LAWHFS ""
4067.651 21.0045 1.987 -1.84 LAWHFS ""
4067.657 21.0045 1.987 -1.73 LAWHFS ""
4067.715 42.0 3.075 -1.34 "" ""
4067.72 60.1 0.204 -1.61 LAWLER ""
4067.736 23.0 1.892 -0.93 LAWNOHFS ""
4067.748 92.1 0.778 -0.44 "" ""
4067.775 106.00112 1.108 -5.873 3.464 AX43P085
4067.814 23.0 2.129 -0.25 "" ""
4067.851 26.0 4.175 -1.84 "" ""
4067.867 106.00113 0.371 -3.892 3.464 BX11P035
4067.871 607.01314 3.388 -2.485 7.724 1515Qc0015
4067.879 607.01314 3.388 -1.531 7.724 1515Pa0025
4067.879 607.01314 3.388 -1.786 7.724 1515Pb0015
4067.89 73.0 0.249 -1.49 "" ""
4067.966 23.0 0.04 -2.46 LAWNOHFS ""
4067.978 26.0 3.209 -0.53 DEN14 ""
4068.012 25.0 2.177 -1.86 "" ""
4068.026 106.00112 1.209 -6.331 3.464 CX03R115
4068.027 106.00112 1.209 -6.279 3.464 CX03R125
4068.037 106.00112 1.344 -2.713 3.464 AX54R065
4068.09 106.00112 1.279 -3.869 3.464 AX54Q035
4068.112 106.00112 1.209 -9.808 3.464 CX03Q125
4068.134 22.0 2.152 -1.19 "" ""
4068.141 106.00112 1.279 -3.864 3.464 AX54Q035
4068.203 21.0 2.336 -2.31 "" ""
4068.204 106.00112 1.279 -2.943 3.464 AX54R035
4068.251 41.0 1.353 -0.4 "" ""
4068.255 106.00112 1.279 -2.944 3.464 AX54R035
4068.271 27.0 2.04 -6.71 "" ""
4068.285 106.00112 1.345 -4.151 3.464 AX54Q075
4068.288 106.00112 1.108 -5.9 3.464 AX43P085
4068.315 106.00112 1.345 -2.632 3.464 AX54R075
4068.319 21.0 2.612 -3.53 "" ""
4068.32 62.1 0.434 -0.76 LAWLER ""
4068.342 64.0 0.92 0.53 "" ""
4068.349 106.00112 1.345 -2.712 3.464 AX54R065
4068.35 21.0 2.606 -4.23 "" ""
4068.365 44.0 1.821 0.07 "" ""
4068.4 27.0 3.62 -8.32 "" ""
4068.406 27.1 3.483 -2.63 "" ""
4068.416 106.00113 1.039 -6.79 3.464 AX32P145
4068.439 607.01314 3.389 -2.678 7.724 1515Qc0025
4068.445 58.1 0.902 -0.53 BIEMONT ""
4068.45 607.01314 3.389 -1.377 7.724 1515Pa0035
4068.45 607.01314 3.389 -1.531 7.724 1515Pb0025
4068.479 25.1 5.102 -3.76 "" ""
4068.503 106.00112 1.598 -5.275 3.464 CX25R055
4068.536 27.0059 1.954 -1.913 Lawle15HFS ""
4068.536 27.0059 1.954 -2.196 Lawle15HFS ""
4068.536 27.0059 1.954 -2.635 Lawle15HFS ""
4068.537 27.0059 1.954 -1.697 Lawle15HFS ""
4068.542 27.0059 1.954 -2.334 Lawle15HFS ""
4068.544 27.0059 1.954 -2.17 Lawle15HFS ""
4068.546 27.0059 1.954 -2.162 Lawle15HFS ""
4068.546 27.0059 1.954 -2.334 Lawle15HFS ""
4068.549 27.0059 1.954 -2.323 Lawle15HFS ""
4068.55 27.0059 1.954 -2.51 Lawle15HFS ""
4068.554 27.0059 1.954 -2.76 Lawle15HFS ""
4068.559 27.0059 1.954 -3.188 Lawle15HFS ""
4068.56 106.00112 1.484 -4.499 3.464 AX43R175
4068.562 106.00112 1.345 -4.139 3.464 AX54Q075
4068.564 106.00112 1.484 -2.222 3.464 AX43Q185
4068.567 24.1 4.94 -3.66 "" ""
4068.58 23.1 7.104 -3.53 "" ""
4068.592 106.00112 1.345 -2.632 3.464 AX54R075
4068.615 106.00113 1.604 -8.168 3.464 CX14P155
4068.624 106.00112 1.484 -2.292 3.464 AX43Q175
4068.627 106.00112 1.484 -4.84 3.464 AX43P185
4068.641 106.00112 1.043 -6.79 3.464 AX32P145
4068.654 22.0 2.287 -1.08 "" ""
4068.672 24.0 4.528 -2.25 "" ""
4068.7 106.00112 1.598 -5.172 3.464 CX25R065
4068.708 25.0 4.317 -2.15 "" ""
4068.708 40.0 1.349 -0.64 "" ""
4068.744 64.0 0.937 0.24 "" ""
4068.747 106.00112 1.598 -7.997 3.464 CX25Q065
4068.827 106.00112 1.601 -4.532 3.464 AX11R285
4068.836 58.1 0.703 -0.17 LAWLER ""
4068.85 106.00113 1.825 -7.695 3.464 CX25P145
4068.86 106.00112 0.372 -3.891 3.464 BX11P035
4068.89 60.1 0.0 -1.42 LAWLER ""
4068.901 106.00113 1.605 -4.823 3.464 CX14Q145
4068.923 106.00112 1.27 -3.275 3.464 AX54R015
4068.933 20.0 5.877 -1.63 "" ""
4068.955 106.00112 1.27 -3.274 3.464 AX54R015
4068.974 28.0 3.737 -1.05 "" ""
4068.983 106.00112 1.538 -9.382 3.464 CX03R185
4068.985 106.00113 1.604 -4.742 3.464 CX14Q155
4068.986 22.0 2.736 -0.27 "" ""
4068.999 106.00113 1.593 -4.532 3.464 AX11R285
4069.034 607.01314 3.391 -2.808 7.724 1515Qc0035
4069.044 607.01314 3.391 -1.264 7.724 1515Pa0045
4069.051 607.01314 3.391 -1.377 7.724 1515Pb0035
4069.062 106.00112 1.538 -5.397 3.464 CX03Q195
4069.066 26.0 3.281 -1.89 "" ""
4069.074 26.0 3.571 -3.36 "" ""
4069.083 106.00113 1.825 -4.282 3.464 CX25Q135
4069.095 106.00112 1.538 -5.453 3.464 CX03Q185
4069.101 106.00113 1.287 -8.01 3.464 CX14R045
4069.123 106.00113 1.825 -4.219 3.464 CX25Q145
4069.15 28.0 3.676 -0.79 "" ""
4069.175 106.00112 1.538 -8.876 3.464 CX03P195
4069.201 90.1 0.829 -0.52 "" ""
4069.224 106.00112 1.263 -3.487 3.464 AX54R005
4069.24 106.00112 1.263 -3.487 3.464 AX54R005
4069.253 26.0 3.412 -4.63 "" ""
4069.26 60.1 0.064 -0.57 LAWLER ""
4069.271 106.00113 1.605 -8.467 3.464 CX14R145
4069.314 106.00113 1.243 -4.813 3.464 AX43Q125
4069.321 25.1 5.433 -4.37 "" ""
4069.324 106.00113 1.243 -3.257 3.464 AX43P125
4069.357 106.00113 1.825 -7.858 3.464 CX25R135
4069.441 106.00113 1.243 -3.185 3.464 AX43P135
4069.531 29.0 4.834 -2.64 "" ""
4069.533 27.0 3.71 -2.7 "" ""
4069.541 25.0 4.602 -3.44 "" ""
4069.572 24.1 3.744 -5.1 "" ""
4069.579 106.00112 1.78 -1.992 3.464 AX43R235
4069.608 26.0 4.206 -1.8 "" ""
4069.617 106.00112 1.78 -2.049 3.464 AX43R225
4069.64 26.0 4.183 -3.88 "" ""
4069.657 607.01314 3.393 -2.908 7.724 1515Qc0045
4069.669 22.0 1.748 -4.03 "" ""
4069.672 607.01314 3.393 -1.176 7.724 1515Pa0055
4069.676 607.01314 3.393 -1.264 7.724 1515Pb0045
4069.682 106.00112 1.78 -4.462 3.464 AX43Q235
4069.682 26.0 4.1 -0.8 "" ""
4069.711 25.0 4.682 -1.3 "" ""
4069.736 106.00112 1.872 -7.86 3.464 CX25R145
4069.747 24.0 4.443 -3.35 "" ""
4069.761 90.1 0.231 -2.57 Nils02/9 ""
4069.765 106.00112 1.271 -3.738 3.464 AX54Q025
4069.766 62.0 0.185 -2.12 "" ""
4069.786 106.00112 1.271 -3.734 3.464 AX54Q025
4069.786 74.0 2.456 -0.09 "" ""
4069.794 106.00113 1.762 -4.488 3.464 AX11R305
4069.794 25.1 5.103 -4.46 "" ""
4069.83 106.00112 1.872 -4.156 3.464 CX25Q155
4069.834 106.00112 1.872 -4.217 3.464 CX25Q145
4069.881 42.0 2.079 -0.05 "" ""
4069.883 26.1 5.906 -2.75 "" ""
4069.9 28.1 3.602 -4.26 "" ""
4069.917 77.0 1.605 -1.15 "" ""
4069.923 106.00112 1.271 -3.051 3.464 AX54R025
4069.928 106.00112 1.872 -7.703 3.464 CX25P155
4069.945 106.00112 1.271 -3.052 3.464 AX54R025
4069.948 74.0 0.598 -1.48 "" ""
4069.959 26.0 4.368 -3.3 "" ""
4069.992 42.0 2.079 -0.88 "" ""
4070.001 106.00112 1.368 -2.641 3.464 AX54R075
4070.009 26.0 2.873 -3.48 "" ""
4070.026 21.0 4.681 -3.32 "" ""
4070.028 26.1 2.542 -5.22 "" ""
4070.06 24.0 3.008 -3.44 "" ""
4070.092 58.1 2.587 0.76 "" ""
4070.125 106.00112 1.77 -4.488 3.464 AX11R305
4070.167 26.0 4.604 -3.03 "" ""
4070.205 22.0 2.159 -3.82 "" ""
4070.205 26.0 4.188 -2.3 "" ""
4070.217 106.00112 1.368 -4.187 3.464 AX54Q085
4070.234 106.00112 1.368 -2.565 3.464 AX54R085
4070.249 106.00113 1.542 -7.057 3.464 CX25R025
4070.257 106.00113 1.576 -5.392 3.464 CX25R045
4070.262 25.0055 2.185 -2.072 LAWHFS ""
4070.27 64.1 0.556 -0.52 LAWLER ""
4070.275 25.0055 2.185 -1.528 LAWHFS ""
4070.276 25.0055 2.185 -1.528 LAWHFS ""
4070.29 25.0055 2.185 -1.625 LAWHFS ""
4070.308 607.01314 3.395 -2.989 7.724 1515Qc0055
4070.326 607.01314 3.395 -1.103 7.724 1515Pa0065
4070.33 60.1 0.32 -1.82 LAWLER ""
4070.333 607.01314 3.395 -1.176 7.724 1515Pb0055
4070.346 106.00113 1.244 -4.836 3.464 AX43Q125
4070.354 106.00112 0.844 -4.423 3.464 AX00R225
4070.354 106.00113 1.244 -3.257 3.464 AX43P125
4070.357 20.0 4.621 -5.41 "" ""
4070.38 64.1 0.425 -1.06 LAWLER ""
4070.399 106.00112 1.368 -2.641 3.464 AX54R075
4070.407 23.0 1.941 -2.53 "" ""
4070.418 106.00113 1.244 -3.185 3.464 AX43P135
4070.443 106.00113 1.576 -7.933 3.464 CX25Q055
4070.451 26.0 3.045 -3.38 "" ""
4070.474 23.1 6.291 -1.9 "" ""
4070.483 106.00112 1.368 -5.852 3.464 CX14R075
4070.508 106.00112 1.376 -5.154 3.464 AX32Q205
4070.545 106.00113 1.052 -8.854 3.464 CX03R075
4070.556 106.00113 1.576 -5.273 3.464 CX25R055
4070.575 106.00112 1.369 -4.173 3.464 AX54Q085
4070.582 106.00112 1.796 -4.563 3.464 AX32R265
4070.583 106.00112 1.376 -3.27 3.464 AX32P215
4070.59 106.00112 1.376 -3.372 3.464 AX32P205
4070.592 106.00112 1.369 -2.565 3.464 AX54R085
4070.598 74.0 0.207 -2.12 "" ""
4070.6 23.0 2.357 -2.68 "" ""
4070.607 106.00112 1.369 -5.757 3.464 CX14R085
4070.639 106.00112 1.796 -1.996 3.464 AX32Q275
4070.66 106.00112 1.369 -8.891 3.464 CX14Q085
4070.663 26.0 4.257 -2.4 "" ""
4070.673 77.0 1.466 -1.52 "" ""
4070.678 22.0 2.152 -1.28 "" ""
4070.681 25.0 4.341 -0.57 "" ""
4070.711 106.00112 1.796 -2.083 3.464 AX32Q265
4070.716 106.00113 1.013 -8.33 3.464 AX21P195
4070.738 22.0 1.878 -3.18 "" ""
4070.741 106.00113 1.678 -4.472 3.464 AX11R295
4070.759 23.0 0.069 -2.62 "" ""
4070.766 24.0 3.695 -2.42 "" ""
4070.766 26.0 3.692 -1.49 "" ""
4070.767 106.00112 1.796 -5.026 3.464 AX32P275
4070.771 26.0 3.239 -0.87 DEN14 ""
4070.782 106.00112 1.686 -4.472 3.464 AX11R295
4070.84 24.1 6.482 -0.75 "" ""
4070.846 58.1 1.532 -0.18 "" ""
4070.855 76.0 1.84 -0.88 "" ""
4070.857 20.0 5.878 -3.54 "" ""
4070.867 106.00113 1.452 -2.445 3.464 AX54R105
4070.951 23.1 5.476 -3.14 "" ""
4070.961 41.0 1.608 -0.34 "" ""
4070.972 6.0 7.482 -3.91 "" ""
4070.98 62.1 0.184 -2.04 LAWLER ""
4070.986 607.01314 3.398 -3.057 7.724 1515Qc0065
4070.993 24.0 4.444 -1.97 "" ""
4071.001 106.00112 1.018 -8.329 3.464 AX21P195
4071.001 24.0 4.446 -1.78 "" ""
4071.004 607.01314 3.398 -1.04 7.724 1515Pa0075
4071.007 28.1 4.029 -3.47 "" ""
4071.013 106.00113 1.452 -4.245 3.464 AX54Q115
4071.016 607.01314 3.398 -1.103 7.724 1515Pb0065
4071.019 23.0 2.377 -4.43 "" ""
4071.02 106.00113 1.452 -2.377 3.464 AX54R115
4071.072 58.1 0.674 -1.0 LAWLER ""
4071.08 60.1 0.204 -2.19 LAWLER ""
4071.089 40.1 0.999 -1.66 Ljung06 ""
4071.108 24.0 3.085 -3.36 "" ""
4071.129 26.0 3.637 -3.09 "" ""
4071.151 22.0 2.343 -4.31 "" ""
4071.159 106.00113 1.593 -5.381 3.464 AX21Q275
4071.188 106.00113 1.593 -3.369 3.464 AX21P285
4071.191 22.0 2.295 -0.83 "" ""
4071.198 24.0 4.528 -4.44 "" ""
4071.321 106.00113 1.267 -3.653 3.464 AX54Q015
4071.323 106.00113 1.593 -3.528 3.464 AX21P275
4071.353 106.00113 1.267 -3.65 3.464 AX54Q015
4071.399 44.0 1.691 -0.8 "" ""
4071.467 22.0 2.304 -0.74 "" ""
4071.481 60.1 1.519 0.0 "" ""
4071.486 106.00113 0.839 -4.423 3.464 AX00R225
4071.52 26.0 2.586 -2.02 "" ""
4071.53 106.00112 1.521 -4.516 3.464 AX11R275
4071.531 23.0 1.929 -0.19 "" ""
4071.565 76.0 1.84 -0.99 "" ""
4071.567 106.00113 1.452 -2.445 3.464 AX54R105
4071.578 24.0 4.437 -1.29 "" ""
4071.591 106.00113 1.267 -3.689 3.464 AX54R015
4071.624 106.00113 1.267 -3.693 3.464 AX54R015
4071.633 24.0 3.009 -3.42 "" ""
4071.647 106.00112 1.247 -4.812 3.464 AX43Q125
4071.662 106.00112 1.247 -3.257 3.464 AX43P125
4071.663 106.00113 1.452 -4.226 3.464 AX54Q115
4071.671 106.00113 1.452 -2.378 3.464 AX54R115
4071.693 607.01314 3.401 -3.116 7.724 1515Qc0075
4071.7 106.00113 1.371 -5.153 3.464 AX32Q205
4071.715 607.01314 3.401 -0.986 7.724 1515Pa0085
4071.729 607.01314 3.401 -1.04 7.724 1515Pb0075
4071.735 106.00113 1.371 -3.372 3.464 AX32P205
4071.738 26.0 1.607 -0.01 OBR91 ""
4071.746 26.0 4.217 -2.06 "" ""
4071.75 22.0 2.394 -5.27 "" ""
4071.751 90.0 1.021 -0.68 "" ""
4071.76 60.1 0.471 -1.09 LAWLER ""
4071.764 106.00113 1.371 -3.27 3.464 AX32P215
4071.775 58.1 0.326 -0.2 LAWLER ""
4071.78 106.00112 1.248 -3.185 3.464 AX43P135
4071.831 22.0 2.173 -2.8 "" ""
4071.89 106.00113 1.513 -4.516 3.464 AX11R275
4071.89 26.0 4.217 -2.59 "" ""
4071.923 74.0 1.915 -0.79 "" ""
4071.939 25.0 2.939 -2.95 "" ""
4071.947 106.00113 1.531 -4.455 3.464 AX43R185
4071.977 22.0 2.29 -1.02 "" ""
4072.007 106.00113 1.531 -2.224 3.464 AX43Q185
4072.016 106.00113 1.531 -2.153 3.464 AX43Q195
4072.017 24.0 3.886 -3.09 "" ""
4072.047 106.00112 1.782 -1.992 3.464 AX43R235
4072.055 41.1 1.693 -1.0 "" ""
4072.076 106.00113 1.531 -4.831 3.464 AX43P195
4072.079 20.0 5.879 -3.48 "" ""
4072.094 25.1 5.105 -5.83 "" ""
4072.097 27.1 3.116 -4.72 "" ""
4072.104 22.0 0.899 -4.03 "" ""
4072.129 23.0 1.217 -1.55 LAWNOHFS ""
4072.132 22.1 5.424 -3.9 "" ""
4072.137 106.00112 1.265 -3.553 3.464 AX54Q015
4072.138 106.00112 1.265 -3.551 3.464 AX54Q015
4072.151 106.00112 1.782 -4.425 3.464 AX43Q235
4072.156 106.00113 1.267 -4.019 3.464 AX54P025
4072.178 106.00113 1.267 -4.017 3.464 AX54P025
4072.189 106.00112 1.782 -2.049 3.464 AX43R225
4072.193 20.0 5.987 -8.2 "" ""
4072.254 24.0 4.529 -3.87 "" ""
4072.264 106.00113 1.787 -7.683 3.464 CX25P135
4072.335 22.0 2.425 -5.24 "" ""
4072.374 106.00112 1.265 -3.198 3.464 AX54R015
4072.376 106.00112 1.265 -3.199 3.464 AX54R015
4072.426 106.00112 1.604 -4.456 3.464 AX11R285
4072.427 106.00113 1.267 -3.265 3.464 AX54Q025
4072.427 607.01314 3.404 -3.168 7.724 1515Qc0085
4072.448 106.00113 1.267 -3.265 3.464 AX54Q025
4072.453 607.01314 3.404 -0.938 7.724 1515Pa0095
4072.459 106.00113 1.787 -4.346 3.464 CX25Q125
4072.467 607.01314 3.404 -0.986 7.724 1515Pb0085
4072.492 22.0 2.406 -3.8 "" ""
4072.502 26.0 3.428 -1.44 "" ""
4072.512 59.1 0.895 -0.24 "" ""
4072.516 106.00113 1.787 -4.282 3.464 CX25Q135
4072.556 24.1 3.714 -2.56 Lawler17 ""
4072.557 106.00113 0.986 -7.966 3.464 AX10P235
4072.568 106.00112 1.611 -8.467 3.464 CX14R145
4072.576 27.0 3.684 -4.71 "" ""
4072.61 66.1 2.111 0.06 "" ""
4072.613 106.00113 1.596 -4.456 3.464 AX11R285
4072.636 23.0 1.929 -2.91 "" ""
4072.641 106.00112 1.248 -4.835 3.464 AX43Q125
4072.653 106.00112 1.611 -4.822 3.464 CX14Q145
4072.656 106.00112 1.248 -3.256 3.464 AX43P125
4072.671 106.00112 1.611 -4.741 3.464 CX14Q155
4072.702 40.0 0.686 0.31 "" ""
4072.71 106.00112 1.248 -3.185 3.464 AX43P135
4072.712 106.00113 1.787 -7.853 3.464 CX25R125
4072.756 106.00112 1.611 -8.167 3.464 CX14P155
4072.763 24.0 3.11 -1.54 "" ""
4072.806 106.00112 0.992 -7.966 3.464 AX10P235
4072.81 106.00112 1.395 -2.573 3.464 AX54R085
4072.815 106.00112 1.378 -3.271 3.464 AX32P215
4072.838 106.00112 1.378 -5.188 3.464 AX32Q205
4072.856 28.0 3.844 -1.23 "" ""
4072.918 24.0 4.532 -1.34 "" ""
4072.918 58.1 0.327 -0.64 LAWLER ""
4072.92 106.00112 1.378 -3.372 3.464 AX32P205
4072.924 106.00113 1.015 -8.387 3.464 AX21P195
4072.962 106.00112 0.846 -4.358 3.464 AX00R225
4072.98 73.0 1.907 -1.08 "" ""
4072.999 22.0 0.825 -3.62 "" ""
4072.999 44.0 1.138 -1.26 "" ""
4073.0 106.00112 1.395 -4.213 3.464 AX54Q095
4073.006 106.00112 1.395 -2.5 3.464 AX54R095
4073.08 41.1 1.83 -1.36 Nilsson10 ""
4073.083 106.00112 1.832 -7.857 3.464 CX25R135
4073.099 106.00112 1.656 -4.91 3.464 AX54R165
4073.102 106.00112 1.291 -8.009 3.464 CX14R045
4073.12 66.1 0.54 -0.32 LAWLER ""
4073.146 23.0 1.954 -4.04 "" ""
4073.146 74.0 1.867 -0.93 "" ""
4073.174 106.00112 1.832 -4.281 3.464 CX25Q135
4073.186 106.00112 1.832 -4.218 3.464 CX25Q145
4073.19 607.01314 3.408 -3.215 7.724 1515Qc0095
4073.19 64.1 0.427 -0.85 LAWLER ""
4073.193 24.0 3.11 -2.82 "" ""
4073.197 29.0 4.97 -1.78 "" ""
4073.199 106.00113 1.276 -3.192 3.464 AX54Q025
4073.218 607.01314 3.408 -0.895 7.724 1515Pa0105
4073.234 607.01314 3.408 -0.938 7.724 1515Pb0095
4073.245 106.00112 1.02 -8.387 3.464 AX21P195
4073.266 106.00113 1.276 -3.191 3.464 AX54Q025
4073.266 24.0 4.446 -2.79 "" ""
4073.269 106.00113 0.408 -2.028 3.464 BX11P055
4073.278 106.00112 1.832 -7.694 3.464 CX25P145
4073.285 106.00113 0.408 -7.155 3.464 BX11Q055
4073.303 106.00112 1.395 -2.573 3.464 AX54R085
4073.344 24.0 2.985 -3.12 "" ""
4073.384 106.00113 1.276 -3.829 3.464 AX54R025
4073.449 106.00112 1.395 -4.198 3.464 AX54Q095
4073.451 106.00113 1.276 -3.834 3.464 AX54R025
4073.455 106.00112 1.395 -2.5 3.464 AX54R095
4073.464 6.0 7.482 -5.08 "" ""
4073.474 58.1 0.477 0.21 LAWLER ""
4073.497 106.00112 1.601 -5.381 3.464 AX21Q275
4073.506 41.0 1.913 -0.23 "" ""
4073.552 25.1 6.86 -4.4 "" ""
4073.553 106.00112 1.601 -3.369 3.464 AX21P285
4073.581 106.00112 1.601 -3.528 3.464 AX21P275
4073.624 106.00113 0.408 -1.99 3.464 BX11P065
4073.629 26.0 3.639 -4.59 "" ""
4073.666 20.0 5.881 -6.6 "" ""
4073.72 65.1 0.771 -0.83 LAWNOHFS ""
4073.734 58.1 1.047 -0.18 "" ""
4073.742 58.1 1.122 0.13 BIEMONT ""
4073.75 64.1 0.818 0.04 LAWLER ""
4073.762 26.0 3.263 -0.97 DEN14 ""
4073.765 106.00113 1.276 -4.057 3.464 AX54P035
4073.78 23.1 3.121 -0.92 "" ""
4073.806 27.0 4.229 -1.6 "" ""
4073.816 106.00113 1.276 -4.054 3.464 AX54P035
4073.84 24.0 3.011 -4.82 "" ""
4073.859 20.0 4.677 -4.77 "" ""
4073.876 106.00113 1.372 -3.271 3.464 AX32P215
4073.904 106.00112 1.798 -1.996 3.464 AX32Q275
4073.92 106.00113 1.372 -5.188 3.464 AX32Q205
4073.95 106.00113 1.276 -3.0 3.464 AX54Q035
4073.965 106.00112 1.798 -4.594 3.464 AX32R265
4073.98 607.01314 3.412 -3.258 7.724 1515Qc0105
4073.99 66.1 1.46 -0.99 LAWLER ""
4073.992 106.00113 0.488 -1.753 3.464 BX11Q085
4073.999 25.0 4.317 -1.24 "" ""
4074.001 106.00113 1.276 -3.001 3.464 AX54Q035
4074.003 68.1 1.56 -0.21 "" ""
4074.012 607.01314 3.412 -0.856 7.724 1515Pa0115
4074.027 106.00113 0.488 -4.713 3.464 BX11R085
4074.027 607.01314 3.412 -0.895 7.724 1515Pb0105
4074.033 106.00112 1.798 -4.997 3.464 AX32P275
4074.035 106.00112 0.735 -5.32 3.464 BX11R155
4074.058 106.00113 1.533 -2.154 3.464 AX43Q195
4074.059 106.00113 1.372 -3.372 3.464 AX32P205
4074.063 106.00113 0.841 -4.358 3.464 AX00R225
4074.07 106.00113 1.533 -4.478 3.464 AX43R185
4074.077 25.0 5.108 -1.15 "" ""
4074.094 106.00112 1.798 -2.084 3.464 AX32Q265
4074.119 26.1 5.906 -3.14 "" ""
4074.124 106.00113 1.533 -4.81 3.464 AX43P195
4074.136 106.00113 1.533 -2.224 3.464 AX43Q185
4074.164 106.00113 0.488 -4.592 3.464 BX11P095
4074.191 23.0 2.121 -0.37 "" ""
4074.199 106.00113 0.488 -1.736 3.464 BX11Q095
4074.231 106.00112 1.056 -8.853 3.464 CX03R075
4074.256 24.0 3.887 -3.74 "" ""
