wavelength species excitation loggf disassociation_energy comment
5187.616 607.01314 0.004 -4.637 7.724 0600Qb0035
5187.624 607.01314 0.004 -5.061 7.724 0600Pd0045
5187.638 607.01214 2.481 -3.164 7.724 1910Rc0205
5187.669 607.01214 2.481 -2.084 7.724 1910Qa0215
5187.673 23.0 1.871 -5.42 "" ""
5187.705 607.01214 0.364 -5.144 7.724 0600Rd0395
5187.73 72.1 1.869 -1.75 LAWLER ""
5187.775 607.01214 1.804 -3.057 7.724 1507Qc0205
5187.812 607.01214 1.804 -2.537 7.724 1507Pa0215
5187.819 28.0 3.703 -1.91 "" ""
5187.847 607.01214 1.022 -3.312 7.724 1104Qc0105
5187.861 112.00124 0.624 -2.35 1.340 00Q230b24
5187.868 607.01214 1.022 -3.153 7.724 1104Pa0115
5187.881 64.0 0.812 -0.89 "" ""
5187.901 607.01314 1.697 -2.901 7.724 1507Pb0105
5187.915 26.0 4.14 -1.26 "" ""
5187.921 607.01314 0.03 -4.352 7.724 0600Rb0105
5187.927 607.01314 2.343 -3.201 7.724 1910Rc0045
5187.928 607.01314 2.343 -2.781 7.724 1910Qa0055
5187.943 607.01314 0.03 -4.592 7.724 0600Qd0115
5187.953 607.01214 1.139 -2.391 7.724 1003Qb0405
5188.001 607.01314 1.681 -3.108 7.724 1507Qc0065
5188.001 607.01314 1.681 -3.173 7.724 1507Pa0075
5188.031 607.01214 1.139 -4.023 7.724 1003Pd0415
5188.037 112.00124 0.624 0.347 1.340 00P130h24
5188.041 24.1 4.38 -4.85 "" ""
5188.058 607.01314 1.697 -3.226 7.724 1507Rc0105
5188.075 112.00125 0.623 0.347 1.340 00P130h25
5188.077 607.01314 1.697 -2.503 7.724 1507Qa0115
5188.08 24.0 3.102 -4.1 "" ""
5188.083 607.01214 0.989 -4.042 7.724 1003Pc0315
5188.105 112.00126 0.623 0.347 1.340 00P130h26
5188.132 607.01314 1.675 -3.765 7.724 1507Pc0045
5188.14 106.00112 1.579 -4.219 3.464 AX02R245
5188.199 607.01314 0.113 -4.975 7.724 0600Rd0225
5188.206 57.1 2.447 -0.01 "" ""
5188.21 607.01314 0.911 -3.616 7.724 1003Qc0275
5188.22 59.1 0.922 -1.23 LINOHFS ""
5188.234 607.01214 2.464 -2.496 7.724 1910Pb0185
5188.245 607.01314 1.733 -2.527 7.724 1507Ra0175
5188.262 607.01314 0.911 -2.891 7.724 1003Pa0285
5188.263 607.01314 2.876 -3.277 7.724 2212Pc0225
5188.27 27.0 4.501 -1.73 "" ""
5188.329 607.01314 2.369 -2.584 7.724 1910Ra0125
5188.356 607.01314 2.338 -3.503 7.724 1910Qc0015
5188.357 106.00112 1.579 -6.351 3.464 AX02Q245
5188.36 607.01314 2.338 -3.997 7.724 1910Pa0025
5188.361 26.0 4.981 -3.27 "" ""
5188.364 26.0 4.442 -2.32 "" ""
5188.387 106.00113 1.972 -3.573 3.464 AX24R225
5188.396 607.01214 0.108 -4.116 7.724 0600Pb0205
5188.43 106.00112 1.579 -4.232 3.464 AX02R235
5188.463 607.01214 1.777 -3.409 7.724 1507Pc0175
5188.467 66.1 2.298 -0.48 "" ""
5188.473 607.01214 0.064 -5.022 7.724 0600Pc0155
5188.556 106.00113 1.972 -5.681 3.464 AX24Q225
5188.566 106.00113 2.335 -7.343 3.464 AX45P235
5188.583 607.01314 1.816 -3.4 7.724 1507Rd0265
5188.619 607.01214 1.051 -3.718 7.724 1003Qc0355
5188.62 106.00113 1.972 -3.593 3.464 AX24R215
5188.641 22.0 2.266 -4.09 "" ""
5188.667 607.01314 0.007 -4.523 7.724 0600Qb0045
5188.676 106.00113 1.078 -5.758 3.464 BX13P075
5188.678 607.01314 0.007 -5.001 7.724 0600Pd0055
5188.68 22.1 1.581 -1.21 "" ""
5188.687 607.01214 1.051 -2.783 7.724 1003Pa0365
5188.745 607.01314 2.345 -2.698 7.724 1910Qa0065
5188.748 607.01314 2.345 -3.175 7.724 1910Rc0055
5188.752 607.01314 2.951 -1.936 7.724 2212Qb0295
5188.777 24.0 3.11 -4.16 "" ""
5188.791 607.01214 0.232 -3.82 7.724 0600Ra0315
5188.809 607.01314 2.951 -3.239 7.724 2212Pd0305
5188.814 607.01314 0.003 -5.225 7.724 0600Pb0025
5188.823 22.0 2.776 -2.69 "" ""
5188.843 106.00112 1.555 -9.706 3.464 CX05P025
5188.844 20.0 2.933 -0.07 LAWLER ""
5188.853 23.0 1.892 -2.04 LAWNOHFS ""
5188.856 607.01314 2.392 -2.508 7.724 1910Rb0155
5188.871 106.00112 1.143 -7.255 3.464 AX02R175
5188.876 106.00113 1.564 -6.379 3.464 AX24R145
5188.882 607.01214 1.04 -3.021 7.724 1104Pb0135
5188.882 607.01314 2.392 -2.883 7.724 1910Qd0165
5188.893 22.0 1.979 -6.66 "" ""
5188.893 26.0 4.987 -3.14 "" ""
5188.899 68.1 1.769 -0.28 "" ""
5188.919 24.1 6.28 -3.72 "" ""
5188.936 73.0 1.594 -2.02 "" ""
5189.044 607.01314 0.035 -4.307 7.724 0600Rb0115
5189.045 106.00112 1.568 -6.422 3.464 AX24R145
5189.067 607.01314 0.035 -4.588 7.724 0600Qd0125
5189.07 607.01314 0.924 -2.883 7.724 1003Pb0285
5189.105 607.01214 2.434 -3.292 7.724 1910Pc0145
5189.11 22.0 0.825 -5.19 "" ""
5189.116 607.01214 0.247 -3.827 7.724 0600Rb0315
5189.12 607.01214 1.07 -2.539 7.724 1104Qb0175
5189.146 26.0 4.952 -2.07 "" ""
5189.154 607.01214 1.07 -3.569 7.724 1104Pd0185
5189.18 607.01214 0.247 -4.747 7.724 0600Qd0325
5189.186 41.0 0.13 -1.37 "" ""
5189.206 607.01314 2.44 -3.247 7.724 1910Rd0225
5189.208 24.0 5.24 -2.56 "" ""
5189.226 607.01314 2.906 -2.943 7.724 2212Qc0255
5189.263 58.0 1.162 0.12 "" ""
5189.276 607.01314 2.906 -2.329 7.724 2212Pa0265
5189.278 112.00124 0.206 -1.59 1.340 11P206b24
5189.29 607.01314 2.339 -3.293 7.724 1910Qc0025
5189.29 607.01314 2.339 -3.648 7.724 1910Pa0035
5189.31 23.0 1.891 -4.48 "" ""
5189.449 607.01214 0.164 -3.665 7.724 0600Qb0255
5189.49 607.01214 1.054 -3.522 7.724 1104Rc0155
5189.501 607.01214 0.164 -4.971 7.724 0600Pd0265
5189.521 607.01214 1.054 -2.571 7.724 1104Qa0165
5189.554 607.01214 1.107 -2.666 7.724 1104Ra0225
5189.566 106.00112 1.978 -3.573 3.464 AX24R225
5189.575 607.01314 1.719 -2.379 7.724 1507Qb0145
5189.578 22.0 2.238 -1.19 LAWLER ""
5189.6 607.01314 1.719 -3.263 7.724 1507Pd0155
5189.624 607.01314 2.355 -2.915 7.724 1910Pb0085
5189.641 23.0 3.957 -2.96 "" ""
5189.656 607.01314 1.757 -2.494 7.724 1507Rb0195
5189.671 106.00113 1.329 -6.73 3.464 AX13R155
5189.673 24.0 3.886 -4.13 "" ""
5189.677 90.1 2.514 -0.82 "" ""
5189.689 607.01314 1.757 -3.01 7.724 1507Qd0205
5189.698 106.00112 1.978 -5.681 3.464 AX24Q225
5189.711 106.00113 1.14 -7.203 3.464 AX02R175
5189.749 106.00112 1.978 -3.593 3.464 AX24R215
5189.749 607.01314 2.348 -2.625 7.724 1910Qa0075
5189.761 607.01314 2.348 -3.155 7.724 1910Rc0065
5189.778 607.01314 2.374 -2.549 7.724 1910Ra0135
5189.792 25.0 4.422 -1.38 "" ""
5189.841 607.01314 1.684 -3.078 7.724 1507Qc0075
5189.846 607.01314 0.009 -4.428 7.724 0600Qb0055
5189.855 607.01314 1.684 -3.09 7.724 1507Pa0085
5189.858 607.01314 0.009 -4.957 7.724 0600Pd0065
5189.866 607.01214 0.098 -4.662 7.724 0600Qc0195
5189.885 15.0 6.949 -1.91 "" ""
5189.889 607.01314 2.369 -2.401 7.724 1910Qb0115
5189.89 607.01314 1.702 -3.223 7.724 1507Rc0115
5189.906 607.01214 0.098 -4.131 7.724 0600Pa0205
5189.91 607.01214 1.013 -3.771 7.724 1104Pc0085
5189.911 607.01314 1.702 -2.459 7.724 1507Qa0125
5189.911 607.01314 2.369 -3.154 7.724 1910Pd0125
5189.916 607.01214 0.152 -4.926 7.724 0600Rc0245
5189.92 607.01214 2.543 -2.252 7.724 1910Rb0265
5189.922 607.01214 1.107 -2.982 7.724 0902Pb0505
5189.959 607.01214 2.543 -2.963 7.724 1910Qd0275
5189.965 23.0 3.275 -2.25 "" ""
5189.966 607.01214 0.152 -3.666 7.724 0600Qa0255
5190.037 607.01314 0.124 -4.981 7.724 0600Rd0235
5190.068 607.01214 2.532 -2.241 7.724 1910Ra0265
5190.072 607.01214 2.456 -2.92 7.724 1910Qc0175
5190.098 112.00124 0.977 -3.293 1.340 01R135b24
5190.098 607.01214 2.456 -2.516 7.724 1910Pa0185
5190.113 23.1 3.755 -2.67 "" ""
5190.181 112.00124 0.001 -0.959 1.340 00Q201b24
5190.181 112.00124 0.001 -1.26 1.340 00P101h24
5190.197 112.00125 0.001 -1.26 1.340 00P101h25
5190.207 112.00126 0.001 -1.26 1.340 00P101h26
5190.257 607.01314 2.917 -2.318 7.724 2212Pb0265
5190.296 25.0 5.407 -2.88 "" ""
5190.303 607.01314 0.041 -4.266 7.724 0600Rb0125
5190.328 607.01314 0.041 -4.586 7.724 0600Qd0135
5190.339 607.01314 1.678 -3.658 7.724 1507Pc0055
5190.415 607.01314 1.741 -2.501 7.724 1507Ra0185
5190.415 607.01314 2.341 -3.176 7.724 1910Qc0035
5190.415 607.01314 2.341 -3.439 7.724 1910Pa0045
5190.43 62.1 0.543 -2.42 LAWLER ""
5190.439 25.0 4.422 -1.56 "" ""
5190.459 607.01214 1.028 -3.306 7.724 1104Qc0115
5190.482 607.01214 1.028 -3.102 7.724 1104Pa0125
5190.539 112.00124 0.586 0.318 1.340 00P229h24
5190.546 106.00112 1.716 -3.838 3.464 AX13R225
5190.568 112.00125 0.585 0.318 1.340 00P229h25
5190.579 112.00126 0.584 0.318 1.340 00P229h26
5190.59 607.01314 0.004 -5.05 7.724 0600Pb0035
5190.605 106.00112 1.716 -3.85 3.464 AX13R215
5190.626 112.00124 0.467 -2.004 1.340 22P213b24
5190.684 23.0 2.372 -1.62 LAWNOHFS ""
5190.702 106.00112 1.569 -6.379 3.464 AX24R145
5190.717 106.00112 1.716 -5.957 3.464 AX13Q225
5190.734 106.00113 1.865 -10.475 3.464 CX05P145
5190.765 25.0 4.422 -1.52 "" ""
5190.769 106.00112 1.29 -2.796 3.464 BX13Q135
5190.796 607.01214 1.128 -2.657 7.724 1104Rb0235
5190.841 607.01214 1.128 -3.339 7.724 1104Qd0245
5190.842 607.01314 1.702 -2.851 7.724 1507Pb0115
5190.853 106.00112 1.29 -6.131 3.464 BX13R135
5190.855 106.00112 1.29 -6.228 3.464 BX13P145
5190.872 90.1 0.51 -2.06 Nils02/19 ""
5190.874 112.00124 0.586 -2.333 1.340 00Q229b24
5190.885 607.01314 1.663 -3.602 7.724 1406Pc0315
5190.888 607.01314 2.352 -2.56 7.724 1910Qa0085
5190.913 607.01214 2.5 -2.059 7.724 1910Qb0225
5190.939 106.00112 1.29 -2.742 3.464 BX13Q145
5190.946 607.01214 2.5 -3.208 7.724 1910Pd0235
5190.963 607.01214 1.139 -3.971 7.724 1003Rc0405
5190.966 607.01314 2.352 -3.14 7.724 1910Rc0075
5191.017 607.01314 2.339 -4.129 7.724 1910Pc0025
5191.02 106.00113 2.364 -3.58 3.464 AX02Q345
5191.04 607.01214 1.139 -2.38 7.724 1003Qa0415
5191.047 112.00124 0.586 0.334 1.340 00P129h24
5191.073 112.00125 0.585 0.334 1.340 00P129h25
5191.08 64.1 1.597 -0.91 LAWLER ""
5191.095 112.00126 0.585 0.334 1.340 00P129h26
5191.153 607.01314 0.013 -4.346 7.724 0600Qb0065
5191.167 607.01314 0.013 -4.924 7.724 0600Pd0075
5191.206 28.0 5.276 -1.54 "" ""
5191.219 22.0 3.389 -3.8 "" ""
5191.223 23.0 1.847 -5.16 "" ""
5191.267 106.00113 2.364 -6.25 3.464 AX02P345
5191.287 24.0 4.443 -1.88 "" ""
5191.291 607.01314 2.399 -2.477 7.724 1910Rb0165
5191.294 106.00113 2.364 -6.684 3.464 AX02R335
5191.315 607.01314 2.399 -2.886 7.724 1910Qd0175
5191.32 59.1 0.422 -0.68 "" ""
5191.385 26.0 3.265 -4.19 "" ""
5191.413 607.01314 2.38 -2.517 7.724 1910Ra0145
5191.416 106.00112 1.144 -7.203 3.464 AX02R175
5191.428 24.1 3.755 -3.36 "" ""
5191.44 60.1 0.204 -0.62 LAWLER ""
5191.446 607.01214 1.361 -2.808 7.724 0902Rb0605
5191.454 26.0 3.036 -0.55 "" ""
5191.454 42.0 3.907 -0.23 "" ""
5191.54 106.00113 2.364 -3.597 3.464 AX02Q335
5191.562 607.01214 1.361 -4.201 7.724 0902Qd0615
5191.587 26.1 3.195 -4.86 "" ""
5191.592 40.1 1.755 -0.71 "" ""
5191.625 23.1 3.796 -4.2 "" ""
5191.633 58.1 0.869 -0.6 LAWLER ""
5191.669 607.01214 2.49 -3.171 7.724 1910Rc0215
5191.689 607.01314 1.827 -3.407 7.724 1507Rd0275
5191.699 607.01314 0.047 -4.227 7.724 0600Rb0135
5191.702 607.01214 2.49 -2.061 7.724 1910Qa0225
5191.714 58.0 0.719 -0.04 "" ""
5191.727 607.01314 0.047 -4.587 7.724 0600Qd0145
5191.737 607.01314 2.343 -3.097 7.724 1910Qc0045
5191.737 607.01314 2.343 -3.289 7.724 1910Pa0055
5191.769 106.00113 1.33 -6.683 3.464 AX13R155
5191.8 607.01214 1.823 -2.498 7.724 1507Pb0225
5191.823 22.0 3.688 -2.17 "" ""
5191.867 607.01314 1.688 -3.054 7.724 1507Qc0085
5191.884 24.0 3.842 -2.82 "" ""
5191.884 607.01314 1.688 -3.018 7.724 1507Pa0095
5191.899 22.0 1.501 -4.47 "" ""
5191.901 607.01314 1.707 -3.222 7.724 1507Rc0125
5191.924 607.01314 1.707 -2.419 7.724 1507Qa0135
5191.969 607.01314 2.449 -3.253 7.724 1910Rd0235
5191.975 607.01214 1.068 -2.778 7.724 1003Pb0365
5191.977 106.00112 1.915 -10.343 3.464 CX05P155
5191.989 23.0 2.245 -0.87 "" ""
5191.995 24.0 3.392 -0.4 SOBECK ""
5192.02 607.01314 0.134 -4.988 7.724 0600Rd0245
5192.046 106.00112 1.334 -6.73 3.464 AX13R155
5192.046 26.0 5.06 -2.06 "" ""
5192.055 607.01214 1.856 -3.32 7.724 1507Rc0255
5192.092 58.1 1.625 -1.2 LAWLER ""
5192.1 607.01214 1.856 -2.083 7.724 1507Qa0265
5192.178 607.01214 1.062 -3.528 7.724 1104Rc0165
5192.21 607.01214 1.062 -2.541 7.724 1104Qa0175
5192.28 607.01214 0.382 -5.151 7.724 0600Rd0405
5192.302 21.0 3.17 -1.76 "" ""
5192.315 27.0 4.146 -0.96 "" ""
5192.317 607.01314 0.876 -3.951 7.724 1003Pc0245
5192.32 607.01314 2.359 -2.854 7.724 1910Pb0095
5192.324 607.01214 1.813 -3.063 7.724 1507Qc0215
5192.332 607.01214 1.868 -2.081 7.724 1507Qb0265
5192.336 607.01214 1.047 -2.982 7.724 1104Pb0145
5192.339 22.0 3.675 -2.72 "" ""
5192.344 26.0 2.996 -0.42 "" ""
5192.362 607.01214 1.813 -2.512 7.724 1507Pa0225
5192.364 607.01314 2.355 -3.129 7.724 1910Rc0085
5192.364 607.01314 2.374 -2.357 7.724 1910Qb0125
5192.374 607.01214 1.078 -2.51 7.724 1104Qb0185
5192.379 607.01214 1.868 -3.362 7.724 1507Pd0275
5192.383 607.01314 1.726 -2.345 7.724 1507Qb0155
5192.386 607.01314 2.374 -3.149 7.724 1910Pd0135
5192.393 106.00113 1.168 -3.282 3.464 BX13P105
5192.393 27.0 4.144 -0.48 "" ""
5192.399 27.1 5.462 -6.02 "" ""
5192.401 25.0 5.345 -4.0 "" ""
5192.41 607.01214 1.078 -3.575 7.724 1104Pd0195
5192.412 607.01314 1.726 -3.265 7.724 1507Pd0165
5192.419 607.01314 2.355 -2.503 7.724 1910Qa0095
5192.456 106.00113 1.168 -7.354 3.464 BX13Q105
5192.482 607.01214 1.117 -2.645 7.724 1104Ra0235
5192.491 607.01314 0.007 -4.918 7.724 0600Pb0045
5192.495 26.0 4.412 -4.28 "" ""
5192.495 28.0 3.696 -1.3 LAWLER ""
5192.503 112.00124 1.001 -2.903 1.340 12R132b24
5192.521 607.01314 1.766 -2.469 7.724 1507Rb0205
5192.549 112.00124 0.004 -1.177 1.340 00Q202b24
5192.556 607.01314 1.766 -3.016 7.724 1507Qd0215
5192.567 112.00124 0.004 -0.89 1.340 00P102h24
5192.569 112.00125 0.004 -0.89 1.340 00P102h25
5192.573 112.00126 0.004 -0.89 1.340 00P102h26
5192.575 607.01214 1.107 -4.18 7.724 0902Qc0505
5192.59 607.01314 0.016 -4.275 7.724 0600Qb0075
5192.603 607.01214 1.229 -2.594 7.724 0902Qb0555
5192.606 607.01314 0.016 -4.9 7.724 0600Pd0085
5192.61 60.1 1.136 0.27 LAWLER ""
5192.673 607.01214 1.107 -2.975 7.724 0902Pa0515
5192.685 607.01214 0.072 -5.023 7.724 0600Pc0165
5192.706 74.0 1.855 -1.62 "" ""
5192.71 607.01214 1.229 -4.479 7.724 0902Pd0565
5192.712 106.00113 1.168 -3.224 3.464 BX13P115
5192.731 607.01314 1.681 -3.583 7.724 1507Pc0065
5192.746 607.01314 1.749 -2.477 7.724 1507Ra0195
5192.756 607.01314 2.951 -3.219 7.724 2212Rc0295
5192.769 607.01214 0.118 -4.091 7.724 0600Pb0215
5192.813 607.01314 2.951 -1.921 7.724 2212Qa0305
5192.819 607.01214 2.472 -2.468 7.724 1910Pb0195
5192.837 22.0 3.455 -4.07 "" ""
5192.837 607.01314 2.341 -3.823 7.724 1910Pc0035
5192.871 66.1 0.0 -1.9 "" ""
5192.874 607.01214 0.247 -3.805 7.724 0600Ra0325
5192.914 27.1 5.204 -2.27 "" ""
5192.941 27.0 4.061 -2.31 "" ""
5192.96 607.01214 1.017 -3.743 7.724 1104Pc0095
5192.969 22.0 0.021 -0.95 LAWLER ""
5192.973 106.00113 1.251 -6.446 3.464 BX02P185
5192.984 23.0 2.314 0.13 LAWNOHFS ""
5193.004 106.00113 2.195 -6.969 3.464 AX56P165
5193.068 41.0 0.197 -1.25 "" ""
5193.13 45.0 3.536 0.74 "" ""
5193.223 607.01214 1.786 -3.411 7.724 1507Pc0185
5193.235 607.01314 0.054 -4.192 7.724 0600Rb0145
5193.242 607.01314 2.386 -2.486 7.724 1910Ra0155
5193.252 607.01214 1.034 -3.302 7.724 1104Qc0125
5193.253 607.01314 2.345 -3.04 7.724 1910Qc0055
5193.253 607.01314 2.345 -3.171 7.724 1910Pa0065
5193.264 607.01314 0.054 -4.588 7.724 0600Qd0155
5193.277 607.01214 1.034 -3.055 7.724 1104Pa0135
5193.3 23.0 3.824 -3.21 "" ""
5193.302 24.1 6.817 -4.32 "" ""
5193.31 24.0 3.887 -3.91 "" ""
5193.315 24.0 4.444 -2.49 "" ""
5193.32 68.1 0.886 -2.77 LAWLER ""
5193.343 112.00124 0.549 0.304 1.340 00P228h24
5193.362 112.00125 0.548 0.304 1.340 00P228h25
5193.368 112.00126 0.547 0.304 1.340 00P228h26
5193.394 23.1 3.756 -3.91 "" ""
5193.403 112.00126 0.008 -1.095 1.340 00P203h26
5193.405 27.0 4.146 -3.74 "" ""
5193.415 112.00125 0.009 -1.095 1.340 00P203h25
5193.42 607.01214 2.441 -3.288 7.724 1910Pc0155
5193.426 112.00124 0.009 -1.095 1.340 00P203h24
5193.432 23.1 2.523 -2.15 "" ""
5193.448 607.01214 0.262 -3.812 7.724 0600Rb0325
5193.478 607.01314 0.924 -3.624 7.724 1003Qc0285
5193.492 24.0 3.419 -0.72 "" ""
5193.514 607.01214 0.262 -4.754 7.724 0600Qd0335
5193.529 76.0 1.367 -2.52 "" ""
5193.532 607.01314 0.924 -2.874 7.724 1003Pa0295
5193.578 23.0 2.252 -0.72 "" ""
5193.642 23.0 2.246 -5.47 "" ""
5193.664 24.0 5.258 -2.11 "" ""
5193.682 112.00124 0.549 -2.315 1.340 00Q228b24
5193.698 42.0 2.916 -2.23 "" ""
5193.709 607.01214 0.177 -3.646 7.724 0600Qb0265
5193.74 607.01214 1.361 -2.797 7.724 0902Ra0615
5193.763 607.01214 0.177 -4.979 7.724 0600Pd0275
5193.774 21.0 2.612 -2.23 "" ""
5193.826 90.1 0.0 -2.38 Nils02/12 ""
5193.851 112.00124 0.485 -2.041 1.340 22P214b24
5193.851 112.00124 0.549 0.321 1.340 00P128h24
5193.867 112.00125 0.548 0.321 1.340 00P128h25
5193.881 22.0 2.343 -1.15 LAWLER ""
5193.882 112.00126 0.547 0.321 1.340 00P128h26
5193.882 607.01214 0.164 -4.934 7.724 0600Rc0255
5193.886 607.01214 0.108 -4.669 7.724 0600Qc0205
5193.891 73.0 2.154 -1.57 "" ""
5193.895 607.01314 2.407 -2.448 7.724 1910Rb0175
5193.921 607.01314 2.407 -2.89 7.724 1910Qd0185
5193.928 607.01214 0.108 -4.105 7.724 0600Pa0215
5193.933 607.01214 0.164 -3.647 7.724 0600Qa0265
5193.941 607.01314 1.707 -2.805 7.724 1507Pb0125
5193.947 22.0 1.052 -3.44 "" ""
5193.952 607.01314 2.359 -3.121 7.724 1910Rc0095
5193.986 607.01314 2.359 -2.45 7.724 1910Qa0105
5194.008 106.00112 1.335 -6.683 3.464 AX13R155
5194.037 22.0 2.101 -0.56 "" ""
5194.037 607.01314 2.886 -3.282 7.724 2212Pc0235
5194.055 27.0 4.501 -4.25 "" ""
5194.074 26.0 4.952 -2.52 "" ""
5194.08 607.01314 1.692 -3.037 7.724 1507Qc0095
5194.087 25.0 4.824 -3.83 "" ""
5194.087 25.0 4.824 -4.01 "" ""
5194.091 607.01314 1.713 -3.223 7.724 1507Rc0135
5194.092 607.01314 1.692 -2.954 7.724 1507Pa0105
5194.117 607.01314 1.713 -2.382 7.724 1507Qa0145
5194.122 28.0 5.276 -1.65 "" ""
5194.151 607.01314 0.146 -4.996 7.724 0600Rd0255
5194.157 607.01314 0.02 -4.211 7.724 0600Qb0085
5194.175 607.01314 0.02 -4.883 7.724 0600Pd0095
5194.177 112.00124 0.216 -1.657 1.340 11P207b24
5194.183 607.01314 2.334 -3.409 7.724 1809Pc0315
5194.202 607.01214 1.139 -2.637 7.724 1104Rb0245
5194.213 607.01314 0.013 -4.456 7.724 0600Ra0075
5194.217 22.0 3.102 -1.41 "" ""
5194.228 24.1 6.798 -3.42 "" ""
5194.242 607.01314 0.009 -4.512 7.724 0600Ra0065
5194.25 607.01214 1.139 -3.346 7.724 1104Qd0255
5194.256 607.01214 2.464 -2.924 7.724 1910Qc0185
5194.278 106.00112 1.081 -5.757 3.464 BX13P075
5194.281 106.00112 1.718 -3.838 3.464 AX13R225
5194.283 607.01214 2.464 -2.486 7.724 1910Pa0195
5194.346 22.0 1.967 -5.95 "" ""
5194.35 607.01314 0.016 -4.404 7.724 0600Ra0085
5194.355 607.01214 2.543 -2.224 7.724 1910Ra0275
5194.375 607.01214 1.018 -4.514 7.724 0902Pc0465
5194.392 24.0 3.09 -5.97 "" ""
5194.398 59.0 0.171 -0.02 "" ""
5194.437 607.01314 0.007 -4.574 7.724 0600Ra0055
5194.454 106.00112 1.718 -5.922 3.464 AX13Q225
5194.487 23.0 2.364 -3.27 "" ""
5194.504 106.00112 1.718 -3.85 3.464 AX13R215
5194.515 607.01214 2.555 -2.234 7.724 1910Rb0275
5194.521 607.01314 0.009 -4.811 7.724 0600Pb0055
5194.555 607.01214 2.555 -2.97 7.724 1910Qd0285
5194.597 24.0 2.706 -5.25 "" ""
5194.622 607.01314 0.937 -2.866 7.724 1003Pb0295
5194.641 106.00113 2.223 -4.815 3.464 AX50Q385
5194.65 607.01314 0.02 -4.357 7.724 0600Ra0095
5194.668 607.01314 2.964 -1.92 7.724 2212Qb0305
5194.724 62.0 1.622 0.24 "" ""
5194.743 20.0 5.724 -2.78 "" ""
5194.766 58.0 0.0 -1.29 "" ""
5194.778 23.0 2.294 -0.02 LAWNOHFS ""
5194.798 607.01314 0.004 -4.643 7.724 0600Ra0045
5194.829 106.00113 1.827 -6.222 3.464 AX35R145
5194.853 607.01314 2.343 -3.657 7.724 1910Pc0045
5194.874 23.0 2.262 -0.39 LAWNOHFS ""
5194.899 607.01214 1.229 -4.413 7.724 0902Rc0555
5194.91 607.01314 2.459 -3.259 7.724 1910Rd0245
5194.911 607.01314 0.061 -4.158 7.724 0600Rb0155
5194.911 607.01314 2.917 -2.951 7.724 2212Qc0265
5194.917 607.01214 1.158 -2.379 7.724 1003Qb0415
5194.942 26.0 1.556 -2.02 OBR91 ""
5194.942 607.01314 0.061 -4.591 7.724 0600Qd0165
5194.958 607.01314 2.348 -2.998 7.724 1910Qc0065
5194.963 607.01314 2.917 -2.31 7.724 2212Pa0275
5194.964 607.01314 2.348 -3.073 7.724 1910Pa0075
5194.965 607.01314 1.839 -3.415 7.724 1507Rd0285
5194.991 112.00124 0.009 -1.319 1.340 00Q203b24
5194.997 607.01214 1.158 -4.03 7.724 1003Pd0425
5195.006 607.01214 1.229 -2.585 7.724 0902Qa0565
5195.008 607.01314 2.38 -2.317 7.724 1910Qb0135
5195.011 112.00126 0.009 -0.681 1.340 00P103h26
5195.013 112.00125 0.009 -0.681 1.340 00P103h25
5195.016 112.00124 0.009 -0.681 1.340 00P103h24
5195.016 44.0 1.087 -1.2 "" ""
5195.03 607.01314 2.38 -3.145 7.724 1910Pd0145
5195.042 607.01214 1.07 -3.533 7.724 1104Rc0175
5195.074 607.01214 1.534 -4.554 7.724 0902Rd0675
5195.076 607.01214 1.07 -2.512 7.724 1104Qa0185
5195.087 106.00113 2.253 -6.198 3.464 AX13R295
5195.089 607.01214 1.004 -4.05 7.724 1003Pc0325
5195.096 106.00113 2.253 -3.266 3.464 AX13Q305
5195.11 59.1 1.11 -0.18 LINOHFS ""
5195.114 607.01314 0.025 -4.313 7.724 0600Ra0105
5195.154 26.0 5.06 -2.21 "" ""
5195.184 607.01314 2.364 -2.799 7.724 1910Pb0105
5195.248 106.00113 2.196 -7.016 3.464 AX56P165
5195.253 607.01314 2.392 -2.457 7.724 1910Ra0165
5195.26 607.01314 1.757 -2.453 7.724 1507Ra0205
5195.295 106.00113 2.253 -3.289 3.464 AX13Q295
5195.304 106.00113 2.253 -5.903 3.464 AX13P305
5195.31 59.1 0.795 -0.27 LINOHFS ""
5195.31 607.01314 1.684 -3.528 7.724 1507Pc0075
5195.312 26.0 5.008 -4.14 "" ""
5195.329 607.01314 0.003 -4.72 7.724 0600Ra0035
5195.356 607.01314 1.733 -2.312 7.724 1507Qb0165
5195.358 23.0 2.276 -0.18 LAWNOHFS ""
5195.384 607.01314 1.733 -3.267 7.724 1507Pd0175
5195.391 106.00113 1.576 -10.233 3.464 CX05P045
5195.407 25.0 3.132 -3.35 "" ""
5195.472 26.0 4.217 0.02 "" ""
5195.477 106.00112 2.281 -6.662 3.464 AX02R325
5195.494 607.01214 2.51 -2.037 7.724 1910Qb0235
5195.496 607.01214 1.068 -3.725 7.724 1003Qc0365
5195.528 607.01214 2.51 -3.215 7.724 1910Pd0245
5195.535 106.00112 1.832 -6.222 3.464 AX35R145
5195.552 607.01314 1.775 -2.445 7.724 1507Rb0215
5195.565 106.00112 2.281 -3.599 3.464 AX02Q335
5195.566 607.01214 1.068 -2.769 7.724 1003Pa0375
5195.584 607.01214 1.128 -2.626 7.724 1104Ra0245
5195.589 607.01314 1.775 -3.021 7.724 1507Qd0225
5195.621 74.0 3.219 -0.58 "" ""
5195.672 21.0 3.055 -3.8 "" ""
5195.732 607.01314 2.364 -3.115 7.724 1910Rc0105
5195.739 607.01314 0.03 -4.273 7.724 0600Ra0115
5195.742 23.0 3.27 -2.96 "" ""
5195.758 607.01314 2.364 -2.403 7.724 1910Qa0115
5195.767 106.00112 2.281 -3.614 3.464 AX02Q325
5195.767 21.0 3.081 -2.71 "" ""
5195.79 607.01214 1.087 -2.484 7.724 1104Qb0195
5195.814 90.0 0.615 -1.46 "" ""
5195.828 607.01214 1.087 -3.581 7.724 1104Pd0205
5195.834 41.0 0.142 -1.4 "" ""
5195.855 106.00112 2.281 -6.278 3.464 AX02P335
5195.857 607.01314 0.025 -4.154 7.724 0600Qb0095
5195.877 607.01314 0.025 -4.87 7.724 0600Pd0105
5195.898 607.01214 2.5 -3.178 7.724 1910Rc0225
5195.931 607.01214 2.5 -2.039 7.724 1910Qa0235
5195.94 112.00124 0.513 0.289 1.340 00P227h24
5195.942 27.0 3.968 -0.69 "" ""
5195.949 607.01214 1.054 -2.946 7.724 1104Pb0155
5195.951 112.00125 0.512 0.289 1.340 00P227h25
5195.951 112.00126 0.511 0.289 1.340 00P227h26
5196.028 607.01314 0.001 -4.806 7.724 0600Ra0025
5196.037 42.0 2.756 -2.19 "" ""
5196.059 26.0 4.253 -0.52 "" ""
5196.088 70.0 3.384 0.06 "" ""
5196.152 112.00126 0.014 -0.772 1.340 00P204h26
5196.152 33.0 6.28 0.2 "" ""
5196.166 112.00125 0.014 -0.772 1.340 00P204h25
5196.174 23.1 2.219 -7.36 "" ""
5196.18 112.00124 0.014 -0.772 1.340 00P204h24
5196.195 607.01214 1.022 -3.721 7.724 1104Pc0105
5196.199 22.0 1.995 -6.54 "" ""
5196.225 607.01214 1.04 -3.3 7.724 1104Qc0135
5196.23 26.0 2.947 -5.7 "" ""
5196.252 607.01214 1.04 -3.012 7.724 1104Pa0145
5196.273 106.00112 2.204 -6.969 3.464 AX56P165
5196.28 607.01314 2.928 -2.3 7.724 2212Pb0275
5196.282 112.00124 0.513 -2.297 1.340 00Q227b24
5196.335 22.0 0.899 -5.11 "" ""
5196.347 106.00113 1.827 -6.179 3.464 AX35R145
5196.353 112.00124 0.004 -1.261 1.340 00P202b24
5196.376 24.0 4.443 -3.42 "" ""
5196.42 39.1 1.748 -1.23 Biemont11 ""
5196.429 607.01314 0.157 -5.003 7.724 0600Rd0265
5196.444 21.0 3.17 -3.17 "" ""
5196.446 24.0 3.446 -0.27 "" ""
5196.447 112.00124 0.513 0.307 1.340 00P127h24
5196.454 22.0 3.109 -3.69 "" ""
5196.456 112.00125 0.512 0.307 1.340 00P127h25
5196.46 607.01314 1.719 -3.225 7.724 1507Rc0145
5196.464 112.00126 0.511 0.307 1.340 00P127h26
5196.464 24.0 3.553 -3.06 "" ""
5196.474 607.01314 1.697 -3.025 7.724 1507Qc0105
5196.488 607.01314 1.697 -2.897 7.724 1507Pa0115
5196.488 607.01314 1.719 -2.347 7.724 1507Qa0155
5196.494 24.0 2.707 -3.73 "" ""
5196.513 20.0 5.667 -3.19 "" ""
5196.525 607.01314 0.035 -4.235 7.724 0600Ra0125
5196.553 25.0055 3.133 -3.783 LAWHFS ""
5196.558 25.0055 3.133 -2.686 LAWHFS ""
5196.558 25.0055 3.133 -3.653 LAWHFS ""
5196.561 25.0055 3.133 -2.175 LAWHFS ""
5196.564 24.0 3.446 -0.36 "" ""
5196.564 25.0055 3.133 -2.498 LAWHFS ""
5196.564 25.0055 3.133 -3.748 LAWHFS ""
5196.569 25.0055 3.133 -2.042 LAWHFS ""
5196.572 25.0055 3.133 -2.443 LAWHFS ""
5196.573 25.0055 3.133 -4.085 LAWHFS ""
5196.578 25.0055 3.133 -1.912 LAWHFS ""
5196.583 25.0055 3.133 -2.481 LAWHFS ""
5196.59 25.0055 3.133 -1.79 LAWHFS ""
5196.594 25.0055 3.133 -2.669 LAWHFS ""
5196.604 25.0055 3.133 -1.677 LAWHFS ""
5196.604 71.0 2.293 0.1 "" ""
5196.619 25.0055 3.133 -1.573 LAWHFS ""
5196.628 26.0 5.016 -2.83 "" ""
5196.663 23.0 3.803 -2.59 "" ""
5196.673 607.01314 2.414 -2.42 7.724 1910Rb0185
5196.679 607.01314 0.013 -4.721 7.724 0600Pb0065
5196.682 23.0 3.284 -2.02 "" ""
5196.701 607.01314 2.414 -2.895 7.724 1910Qd0195
5196.727 607.01314 0.069 -4.127 7.724 0600Rb0165
5196.737 20.0 5.295 -5.16 "" ""
5196.742 607.01214 1.868 -3.327 7.724 1507Rc0265
5196.76 607.01314 0.069 -4.595 7.724 0600Qd0175
5196.789 607.01214 1.868 -2.064 7.724 1507Qa0275
5196.846 112.00124 0.504 -2.076 1.340 22P215b24
5196.864 607.01314 2.352 -2.966 7.724 1910Qc0075
5196.87 607.01314 2.352 -2.99 7.724 1910Pa0085
5196.885 607.01214 1.834 -2.476 7.724 1507Pb0235
5196.897 607.01314 0.0 -4.902 7.724 0600Ra0015
5197.014 24.0 4.446 -2.09 "" ""
5197.019 607.01214 0.401 -5.157 7.724 0600Rd0415
5197.055 24.1 6.277 -4.14 "" ""
5197.061 106.00112 2.339 -7.278 3.464 AX45P235
5197.062 607.01214 1.823 -3.07 7.724 1507Qc0225
5197.065 607.01314 2.345 -3.549 7.724 1910Pc0055
5197.069 607.01214 0.08 -5.025 7.724 0600Pc0175
5197.084 24.0 3.844 -2.69 "" ""
5197.097 26.0 3.981 -3.64 "" ""
5197.102 607.01214 1.823 -2.488 7.724 1507Pa0235
5197.122 607.01214 0.262 -3.79 7.724 0600Ra0335
5197.126 106.00112 1.832 -6.179 3.464 AX35R145
5197.157 28.0 3.895 -1.19 "" ""
5197.199 607.01314 1.713 -2.763 7.724 1507Pb0135
5197.2 20.0 5.296 -4.11 "" ""
5197.216 24.0 3.553 -2.09 "" ""
5197.217 25.0 3.133 -1.81 "" ""
5197.256 20.0 5.317 -4.86 "" ""
5197.298 607.01214 0.129 -4.068 7.724 0600Pb0225
5197.327 607.01214 1.88 -2.063 7.724 1507Qb0275
5197.347 112.00124 0.014 -1.433 1.340 00Q204b24
5197.365 112.00126 0.014 -0.539 1.340 00P104h26
5197.372 112.00125 0.014 -0.539 1.340 00P104h25
5197.376 607.01214 1.88 -3.37 7.724 1507Pd0285
5197.379 112.00124 0.014 -0.539 1.340 00P104h24
5197.449 607.01314 2.399 -2.43 7.724 1910Ra0175
5197.472 607.01314 0.041 -4.2 7.724 0600Ra0135
5197.48 26.1 5.952 -2.72 "" ""
5197.577 26.0 4.952 -2.32 "" ""
5197.577 26.1 3.231 -2.22 MELBAR ""
5197.586 20.0 4.621 -4.5 "" ""
5197.594 607.01214 2.481 -2.441 7.724 1910Pb0205
