wavelength species excitation loggf disassociation_energy comment
4781.133 64.0 1.494 -0.05 "" ""
4781.14 112.00124 0.191 -1.437 1.340 21R204b24
4781.144 106.00113 1.42 -4.939 3.464 AX34Q105
4781.145 106.00113 1.42 -3.434 3.464 AX34R105
4781.166 112.00124 0.191 -2.632 1.340 21Q104b24
4781.176 106.00113 1.437 -5.524 3.464 AX12R215
4781.199 24.0 3.553 -3.93 "" ""
4781.221 106.00112 0.41 -5.531 3.464 AX01R065
4781.228 24.0 4.183 -1.76 "" ""
4781.235 106.00113 1.437 -5.016 3.464 AX12P225
4781.26 106.00112 1.081 -4.61 3.464 AX23Q085
4781.285 106.00112 1.081 -3.166 3.464 AX23R085
4781.302 112.00124 0.525 -0.548 1.340 32Q216b24
4781.31 106.00113 1.437 -2.655 3.464 AX12Q215
4781.327 23.0 2.357 -1.65 LAWNOHFS ""
4781.341 25.1 5.811 -5.42 "" ""
4781.364 24.0 5.176 -3.76 "" ""
4781.367 27.0059 1.881 -3.556 Lawle15HFS ""
4781.368 38.1 5.914 -2.73 "" ""
4781.372 27.0059 1.881 -3.357 Lawle15HFS ""
4781.374 27.0059 1.881 -3.811 Lawle15HFS ""
4781.383 27.0059 1.881 -3.293 Lawle15HFS ""
4781.383 27.0059 1.881 -5.461 Lawle15HFS ""
4781.386 112.00124 0.525 -3.202 1.340 32P116b24
4781.391 27.0059 1.881 -3.556 Lawle15HFS ""
4781.398 27.0059 1.881 -3.324 Lawle15HFS ""
4781.398 27.0059 1.881 -4.221 Lawle15HFS ""
4781.409 27.0059 1.881 -3.357 Lawle15HFS ""
4781.417 27.0059 1.881 -3.504 Lawle15HFS ""
4781.418 27.0059 1.881 -3.505 Lawle15HFS ""
4781.432 27.0059 1.881 -3.293 Lawle15HFS ""
4781.441 27.0059 1.881 -3.098 Lawle15HFS ""
4781.451 23.0 2.614 -3.79 "" ""
4781.46 27.0059 1.881 -3.324 Lawle15HFS ""
4781.47 27.0059 1.881 -2.806 Lawle15HFS ""
4781.493 27.0059 1.881 -3.505 Lawle15HFS ""
4781.511 112.00124 0.179 -2.282 1.340 21R101b24
4781.558 112.00124 0.459 -0.581 1.340 21Q220b24
4781.644 112.00124 0.411 -0.761 1.340 10Q224b24
4781.665 112.00124 0.459 -4.042 1.340 21P120b24
4781.666 106.00113 2.051 -11.023 3.464 CX05Q195
4781.669 24.0 4.2 -2.39 "" ""
4781.685 112.00124 0.504 -0.694 1.340 32Q215b24
4781.711 22.0 0.848 -1.95 LAWLER ""
4781.712 112.00124 0.525 -2.988 1.340 32R216b24
4781.742 106.00113 1.42 -3.422 3.464 AX34R095
4781.742 26.0 3.571 -3.08 "" ""
4781.765 112.00124 0.504 -1.748 1.340 32P115b24
4781.772 112.00124 0.459 -4.042 1.340 21R220b24
4781.774 112.00124 0.411 -4.465 1.340 10P124b24
4781.797 112.00124 0.525 -0.522 1.340 32Q116b24
4781.799 20.0 4.551 -2.1 "" ""
4781.83 62.1 0.484 -1.47 LAWLER ""
4781.841 112.00124 0.411 -4.465 1.340 10R224b24
4781.848 106.00113 0.556 -3.235 3.464 AX01R105
4781.86 15.0 7.398 -2.0 "" ""
4781.879 112.00124 0.459 -0.56 1.340 21Q120b24
4781.881 106.00113 1.42 -3.435 3.464 AX34R105
4781.899 106.00112 2.339 -12.057 3.464 CX05R235
4781.905 106.00113 1.42 -4.922 3.464 AX34Q105
4781.921 20.0 5.041 -3.75 "" ""
4781.922 20.0 5.989 -2.47 "" ""
4781.926 64.0 0.124 -0.92 "" ""
4781.93 66.1 2.39 0.0 LAWLER ""
4781.955 112.00124 0.191 -1.39 1.340 21R104b24
4781.959 106.00112 2.339 -7.778 3.464 CX05Q245
4781.971 112.00124 0.411 -0.743 1.340 10Q124b24
4781.972 23.1 6.16 -3.02 "" ""
4782.046 106.00113 0.556 -3.212 3.464 AX01R115
4782.064 22.1 1.23 -9.98 "" ""
4782.074 106.00112 2.339 -7.385 3.464 CX05Q235
4782.075 26.0 4.431 -3.12 "" ""
4782.087 106.00113 0.556 -4.948 3.464 AX01Q115
4782.134 106.00112 2.339 -11.245 3.464 CX05P245
4782.141 25.0 4.27 -4.26 "" ""
4782.17 112.00124 0.351 -1.427 1.340 32R102b24
4782.225 106.00112 1.443 -2.67 3.464 AX12Q225
4782.267 23.0 2.113 -3.72 "" ""
4782.269 106.00112 1.443 -5.524 3.464 AX12R215
4782.301 24.0 3.32 -4.67 "" ""
4782.301 26.0 4.412 -4.36 "" ""
4782.31 106.00112 2.234 -4.872 3.464 AX44P255
4782.338 106.00112 1.424 -3.422 3.464 AX34R095
4782.359 106.00113 2.052 -7.633 3.464 CX05R185
4782.363 106.00112 1.443 -5.016 3.464 AX12P225
4782.363 27.0 3.949 -1.98 "" ""
4782.363 74.1 2.905 -1.09 "" ""
4782.406 106.00112 1.443 -2.655 3.464 AX12Q215
4782.43 24.0 3.32 -4.3 "" ""
4782.434 112.00124 0.03 -1.57 1.340 10R206b24
4782.434 27.1 3.405 -7.27 "" ""
4782.461 106.00113 2.051 -7.587 3.464 CX05R195
4782.473 112.00124 0.03 -3.055 1.340 10Q106b24
4782.517 24.0 4.614 -2.56 "" ""
4782.553 112.00124 0.504 -3.298 1.340 32R215b24
4782.563 106.00112 1.424 -3.434 3.464 AX34R105
4782.57 27.0 0.922 -3.95 LAWNHFS ""
4782.571 106.00112 1.424 -4.939 3.464 AX34Q105
4782.633 112.00124 0.504 -0.548 1.340 32Q115b24
4782.722 20.0 5.045 -3.57 "" ""
4782.736 112.00124 0.433 -0.601 1.340 21Q219b24
4782.741 72.0 2.258 -0.26 "" ""
4782.761 90.1 0.829 -2.35 "" ""
4782.788 26.0 3.234 -3.68 "" ""
4782.84 112.00124 0.433 -4.018 1.340 21P119b24
4782.889 67.0 1.133 -0.49 "" ""
4782.917 42.0 2.595 -1.16 "" ""
4782.933 106.00113 0.557 -3.235 3.464 AX01R105
4782.933 24.0 3.011 -2.98 "" ""
4782.972 42.0 2.494 -1.6 "" ""
4782.986 112.00124 0.433 -4.018 1.340 21R219b24
4782.991 14.0 4.954 -1.76 NIST/D ""
4783.033 112.00124 0.03 -1.529 1.340 10R106b24
4783.042 24.0 4.172 -0.31 "" ""
4783.048 106.00112 0.559 -3.235 3.464 AX01R105
4783.05 112.00124 0.485 -0.601 1.340 32Q214b24
4783.063 106.00113 0.557 -3.213 3.464 AX01R115
4783.089 27.0 3.949 -3.85 "" ""
4783.09 112.00124 0.433 -0.578 1.340 21Q119b24
4783.095 106.00113 0.557 -4.929 3.464 AX01Q115
4783.1 62.0 0.036 -0.26 "" ""
4783.101 106.00113 0.871 -6.529 3.464 BX02R115
4783.126 112.00124 0.485 -3.674 1.340 32P114b24
4783.139 106.00113 1.216 -2.722 3.464 AX01Q235
4783.16 106.00112 1.424 -3.421 3.464 AX34R095
4783.17 112.00124 0.348 -1.593 1.340 32R201b24
4783.178 112.00124 0.348 -2.392 1.340 32Q101b24
4783.181 106.00113 1.216 -5.581 3.464 AX01R225
4783.23 112.00124 0.379 -0.777 1.340 10Q223b24
4783.243 24.0 3.077 -1.57 "" ""
4783.263 106.00112 0.559 -3.212 3.464 AX01R115
4783.291 106.00113 1.216 -5.154 3.464 AX01P235
4783.298 106.00112 0.559 -4.947 3.464 AX01Q115
4783.302 22.0 0.818 -2.95 LAWLER ""
4783.308 21.0 1.942 -4.2 "" ""
4783.319 106.00112 1.424 -3.434 3.464 AX34R105
4783.327 106.00112 1.424 -4.921 3.464 AX34Q105
4783.334 106.00113 1.216 -2.721 3.464 AX01Q225
4783.352 59.1 0.371 -0.9 "" ""
4783.355 112.00124 0.379 -4.445 1.340 10P123b24
4783.378 112.00124 0.485 -3.673 1.340 32R214b24
4783.391 25.0055 2.296 -1.557 LAWHFS ""
4783.404 25.0055 2.296 -1.375 LAWHFS ""
4783.415 25.0055 2.296 -0.565 LAWHFS ""
4783.415 25.0055 2.296 -1.344 LAWHFS ""
4783.424 25.0055 2.296 -0.736 LAWHFS ""
4783.425 25.0055 2.296 -1.409 LAWHFS ""
4783.432 112.00124 0.379 -4.445 1.340 10R223b24
4783.432 25.0055 2.296 -0.921 LAWHFS ""
4783.433 25.0055 2.296 -1.607 LAWHFS ""
4783.438 25.0055 2.296 -1.113 LAWHFS ""
4783.441 25.0055 2.296 -1.288 LAWHFS ""
4783.444 25.0055 2.296 -1.352 LAWHFS ""
4783.449 25.0055 2.296 -1.557 LAWHFS ""
4783.453 112.00124 0.485 -0.571 1.340 32Q114b24
4783.453 25.0055 2.296 -1.375 LAWHFS ""
4783.453 25.0055 2.296 -1.607 LAWHFS ""
4783.454 25.0055 2.296 -1.344 LAWHFS ""
4783.454 25.0055 2.296 -1.409 LAWHFS ""
4783.459 64.0 1.448 -0.3 "" ""
4783.467 106.00113 1.371 -5.423 3.464 AX12R205
4783.517 21.0 2.336 -1.47 "" ""
4783.539 23.0 0.286 -5.03 "" ""
4783.542 106.00113 1.77 -6.133 3.464 AX23R225
4783.556 106.00113 1.371 -2.656 3.464 AX12Q215
4783.556 64.0 1.466 -0.29 "" ""
4783.558 112.00124 0.379 -0.759 1.340 10Q123b24
4783.584 112.00124 0.004 -2.687 1.340 10R102b24
4783.59 24.0 3.32 -4.63 "" ""
4783.593 106.00113 1.371 -2.646 3.464 AX12Q205
4783.6 106.00113 1.77 -3.006 3.464 AX23Q235
4783.613 21.0 3.187 -4.23 "" ""
4783.682 106.00113 1.371 -5.007 3.464 AX12P215
4783.686 106.00113 1.77 -2.932 3.464 AX23Q225
4783.725 23.1 6.161 -2.44 "" ""
4783.745 106.00113 1.77 -5.231 3.464 AX23P235
4783.751 106.00112 1.256 -6.11 3.464 BX02R195
4783.781 106.00113 0.692 -5.15 3.464 AX12R045
4783.792 24.0 3.963 -2.8 "" ""
4783.798 6.0 7.94 -2.56 "" ""
4783.8 112.00124 0.467 -0.632 1.340 32Q213b24
4783.828 60.1 0.064 -1.67 "" ""
4783.871 112.00124 0.467 -3.643 1.340 32P113b24
4783.898 112.00124 0.408 -0.622 1.340 21Q218b24
4783.915 112.00124 0.186 -1.519 1.340 21R203b24
4783.92 106.00113 0.692 -5.135 3.464 AX12R045
4783.936 112.00124 0.186 -2.565 1.340 21Q103b24
4783.964 58.1 1.581 -0.61 "" ""
4783.996 112.00124 0.408 -3.993 1.340 21P118b24
4784.04 90.0 1.935 -0.58 "" ""
4784.145 106.00113 1.837 -3.104 3.464 AX23Q245
4784.157 106.00112 0.559 -3.235 3.464 AX01R105
4784.159 112.00124 0.408 -3.993 1.340 21R218b24
4784.163 106.00112 1.222 -2.722 3.464 AX01Q235
4784.165 112.00124 0.467 -3.641 1.340 32R213b24
4784.218 106.00112 1.222 -5.581 3.464 AX01R225
4784.235 106.00113 1.837 -6.439 3.464 AX23R235
4784.236 112.00124 0.467 -0.599 1.340 32Q113b24
4784.258 112.00124 0.408 -0.598 1.340 21Q118b24
4784.27 44.0 1.418 -1.71 "" ""
4784.285 106.00112 0.559 -3.212 3.464 AX01R115
4784.316 38.0 1.797 -0.51 "" ""
4784.319 106.00112 0.559 -4.929 3.464 AX01Q115
4784.327 21.0 2.108 -2.76 "" ""
4784.328 106.00112 1.222 -5.153 3.464 AX01P235
4784.334 106.00113 1.837 -5.274 3.464 AX23P245
4784.383 106.00112 1.222 -2.72 3.464 AX01Q225
4784.413 42.0 3.435 -1.25 "" ""
4784.423 106.00113 1.837 -3.006 3.464 AX23Q235
4784.469 23.0 0.017 -2.67 LAWNOHFS ""
4784.515 112.00124 0.45 -0.665 1.340 32Q212b24
4784.545 106.00112 1.376 -5.423 3.464 AX12R205
4784.582 112.00124 0.45 -3.609 1.340 32P112b24
4784.625 25.1 6.568 -1.5 "" ""
4784.635 106.00113 1.288 -5.281 3.464 AX34R045
4784.638 64.0 0.985 0.11 "" ""
4784.649 106.00112 1.376 -2.655 3.464 AX12Q215
4784.676 106.00112 1.376 -2.646 3.464 AX12Q205
4784.697 24.0 3.11 -3.35 "" ""
4784.72 6.0 7.94 -3.47 "" ""
4784.757 23.0 2.372 -3.97 "" ""
4784.76 106.00113 1.288 -5.266 3.464 AX34R045
4784.77 112.00124 0.349 -0.795 1.340 10Q222b24
4784.78 106.00112 1.376 -5.007 3.464 AX12P215
4784.785 58.0 0.52 -0.51 "" ""
4784.798 106.00113 1.636 -6.412 3.464 AX45R085
4784.882 112.00124 0.186 -1.468 1.340 21R103b24
4784.891 112.00124 0.349 -4.424 1.340 10P122b24
4784.908 112.00124 0.45 -3.607 1.340 32R212b24
4784.913 40.0 0.686 -0.49 "" ""
4784.962 112.00124 0.348 -1.59 1.340 32R101b24
4784.974 112.00124 0.45 -0.629 1.340 32Q112b24
4784.978 112.00124 0.349 -4.424 1.340 10R222b24
4785.008 106.00112 1.872 -10.811 3.464 CX05R155
4785.014 112.00124 0.384 -0.645 1.340 21Q217b24
4785.062 27.0 3.949 -0.92 "" ""
4785.094 106.00112 0.694 -5.15 3.464 AX12R045
4785.1 112.00124 0.349 -0.775 1.340 10Q122b24
4785.108 112.00124 0.384 -3.968 1.340 21P117b24
4785.118 42.0 2.258 -1.13 "" ""
4785.175 22.0 1.872 -2.1 LAWLER ""
4785.181 112.00124 0.434 -0.702 1.340 32Q211b24
4785.235 106.00112 0.694 -5.134 3.464 AX12R045
4785.242 112.00124 0.434 -3.574 1.340 32P111b24
4785.263 106.00113 1.637 -6.385 3.464 AX45R085
4785.28 23.0 1.944 -3.03 "" ""
4785.283 24.0 2.542 -6.21 "" ""
4785.286 112.00124 0.384 -3.967 1.340 21R217b24
4785.332 27.0 2.716 -4.98 "" ""
4785.381 112.00124 0.384 -0.62 1.340 21Q117b24
4785.433 71.1 2.147 -1.37 "" ""
4785.516 112.00124 0.021 -1.627 1.340 10R205b24
4785.549 112.00124 0.021 -2.996 1.340 10Q105b24
4785.606 112.00124 0.434 -3.571 1.340 32R211b24
4785.667 112.00124 0.434 -0.663 1.340 32Q111b24
4785.687 41.0 1.608 -1.42 "" ""
4785.723 26.0 4.073 -2.3 "" ""
4785.738 27.0 4.146 -3.59 "" ""
4785.747 24.1 6.636 -4.64 "" ""
4785.763 27.0 4.146 -4.03 "" ""
4785.796 112.00124 0.42 -0.743 1.340 32Q210b24
4785.802 23.0 1.929 -4.39 "" ""
4785.806 25.0 4.662 -3.28 "" ""
4785.814 24.0 3.461 -4.3 "" ""
4785.852 112.00124 0.42 -3.536 1.340 32P110b24
4785.878 62.0 0.101 -0.32 "" ""
4785.92 92.0 0.479 -1.26 "" ""
4785.936 24.0 5.176 -3.78 "" ""
4785.957 26.0 4.14 -1.93 "" ""
4786.042 106.00112 0.874 -6.528 3.464 BX02R115
4786.063 106.00112 1.294 -5.441 3.464 BX11P235
4786.08 112.00124 0.361 -0.669 1.340 21Q216b24
4786.08 24.0 2.542 -5.9 "" ""
4786.087 26.0 2.756 -4.5 "" ""
4786.095 106.00112 1.291 -5.281 3.464 AX34R045
4786.11 60.1 0.182 -1.41 LAWLER ""
4786.17 112.00124 0.361 -3.941 1.340 21P116b24
4786.18 112.00124 0.021 -1.583 1.340 10R105b24
4786.196 23.0 1.948 -3.35 "" ""
4786.224 106.00112 1.291 -5.265 3.464 AX34R045
4786.246 27.0 4.172 -3.87 "" ""
4786.255 112.00124 0.42 -3.532 1.340 32R210b24
4786.262 112.00124 0.319 -0.812 1.340 10Q221b24
4786.281 28.0 1.675 -3.14 LAWLER ""
4786.29 23.0 2.573 -4.54 "" ""
4786.297 67.0 2.073 0.36 "" ""
4786.312 112.00124 0.42 -0.7 1.340 32Q110b24
4786.352 112.00124 0.406 -0.788 1.340 32Q209b24
4786.366 112.00124 0.361 -3.94 1.340 21R216b24
4786.379 112.00124 0.319 -4.402 1.340 10P121b24
4786.403 112.00124 0.406 -3.495 1.340 32P109b24
4786.434 106.00113 0.985 -4.995 3.464 AX23R035
4786.456 112.00124 0.361 -0.643 1.340 21Q116b24
4786.456 42.0 1.334 -2.37 "" ""
4786.477 112.00124 0.319 -4.402 1.340 10R221b24
4786.491 19.0 1.609 -3.09 "" ""
4786.493 20.0 4.551 -4.3 "" ""
4786.5 23.0 2.073 0.07 LAWNOHFS ""
4786.509 106.00113 0.985 -4.983 3.464 AX23R035
4786.535 28.0 3.417 -0.18 LAWLER ""
4786.541 112.00124 0.177 -2.126 1.340 21R100b24
4786.542 106.00113 1.372 -2.656 3.464 AX12Q215
4786.573 58.0 0.206 -0.73 "" ""
4786.58 106.00113 1.362 -4.945 3.464 BX11P245
4786.58 39.1 1.033 -1.09 Biemont11 ""
4786.582 112.00124 0.182 -1.622 1.340 21R202b24
4786.595 112.00124 0.319 -0.792 1.340 10Q121b24
4786.596 112.00124 0.182 -2.502 1.340 21Q102b24
4786.597 21.0 3.099 -3.45 "" ""
4786.601 106.00113 1.372 -5.448 3.464 AX12R205
4786.613 70.1 3.919 0.06 "" ""
4786.627 25.0 3.769 -2.68 "" ""
4786.657 73.0 1.202 -2.21 "" ""
4786.664 23.0 2.294 -4.78 "" ""
4786.668 106.00113 1.372 -4.984 3.464 AX12P215
4786.689 27.0 4.146 -3.04 "" ""
4786.713 106.00113 1.053 -3.222 3.464 AX23R065
4786.727 106.00113 1.372 -2.646 3.464 AX12Q205
4786.757 64.0 1.53 0.22 "" ""
4786.807 26.0 3.015 -1.59 "" ""
4786.85 112.00124 0.395 -0.84 1.340 32Q208b24
4786.85 22.0 2.736 -1.82 "" ""
4786.856 112.00124 0.406 -3.491 1.340 32R209b24
4786.861 25.0 5.228 -0.71 "" ""
4786.876 39.0 1.917 0.12 "" ""
4786.896 112.00124 0.395 -3.451 1.340 32P108b24
4786.907 112.00124 0.406 -0.741 1.340 32Q109b24
4786.91 64.1 1.133 -1.08 LAWLER ""
4786.92 66.1 0.0 -2.39 "" ""
4786.939 106.00113 1.391 -3.416 3.464 AX34R085
4787.0 23.0 2.364 -1.69 "" ""
4787.074 106.00113 1.053 -4.559 3.464 AX23Q075
4787.095 112.00124 0.34 -0.696 1.340 21Q215b24
4787.114 106.00113 1.053 -3.185 3.464 AX23R075
4787.155 106.00113 1.053 -3.222 3.464 AX23R065
4787.163 21.0 2.109 -4.41 "" ""
4787.165 58.1 0.879 -1.33 LAWLER ""
4787.18 112.00124 0.34 -3.913 1.340 21P115b24
4787.195 106.00113 1.391 -4.87 3.464 AX34Q095
4787.198 27.0 4.069 -4.17 "" ""
4787.209 106.00113 1.391 -3.416 3.464 AX34R095
4787.233 106.00113 1.088 -5.338 3.464 BX12P155
4787.278 20.0 6.041 -3.65 "" ""
4787.283 112.00124 0.384 -0.9 1.340 32Q207b24
4787.301 25.0 4.824 -1.98 "" ""
4787.302 24.0 3.548 -2.86 "" ""
4787.324 112.00124 0.384 -3.405 1.340 32P107b24
4787.389 112.00124 0.34 -3.912 1.340 21R215b24
4787.406 112.00124 0.395 -3.445 1.340 32R208b24
4787.41 60.0 0.14 -0.96 "" ""
4787.422 106.00113 0.775 -3.156 3.464 AX12R075
4787.423 106.00113 1.707 -5.93 3.464 AX23R215
4787.444 106.00113 1.145 -5.505 3.464 AX01R215
4787.447 20.0 6.041 -2.73 "" ""
4787.452 112.00124 0.395 -0.786 1.340 32Q108b24
4787.473 106.00113 1.053 -4.547 3.464 AX23Q075
4787.474 112.00124 0.34 -0.667 1.340 21Q115b24
4787.49 106.00113 1.707 -2.932 3.464 AX23Q225
4787.495 26.0 3.015 -4.19 "" ""
4787.515 106.00113 1.053 -3.186 3.464 AX23R075
4787.521 20.0 6.041 -2.32 "" ""
4787.528 106.00113 1.145 -2.721 3.464 AX01Q225
4787.541 23.0 2.136 -7.0 "" ""
4787.55 24.0 4.385 -4.38 "" ""
4787.559 106.00113 1.707 -2.876 3.464 AX23Q215
4787.586 26.0 3.249 -3.91 "" ""
4787.589 106.00113 1.145 -2.723 3.464 AX01Q215
4787.608 20.0 5.951 -4.9 "" ""
4787.621 106.00113 1.391 -3.416 3.464 AX34R085
4787.625 42.0 2.494 -1.98 "" ""
4787.626 106.00113 1.707 -5.169 3.464 AX23P225
4787.635 22.0 0.818 -3.28 LAWLER ""
4787.646 112.00124 0.375 -0.971 1.340 32Q206b24
4787.673 106.00113 1.145 -5.154 3.464 AX01P225
4787.682 112.00124 0.375 -3.355 1.340 32P106b24
4787.704 112.00124 0.291 -0.832 1.340 10Q220b24
4787.729 106.00113 1.772 -3.006 3.464 AX23Q235
4787.732 112.00124 0.347 -1.849 1.340 32R100b24
4787.739 106.00112 1.378 -2.656 3.464 AX12Q215
4787.74 24.0 3.119 -2.47 "" ""
4787.755 106.00113 0.775 -4.619 3.464 AX12Q085
4787.772 106.00112 1.378 -5.448 3.464 AX12R205
4787.772 106.00113 0.775 -3.122 3.464 AX12R085
4787.782 112.00124 0.182 -1.571 1.340 21R102b24
4787.805 106.00113 1.772 -6.16 3.464 AX23R225
4787.814 106.00113 1.391 -3.416 3.464 AX34R095
4787.817 112.00124 0.291 -4.38 1.340 10P120b24
4787.819 106.00113 1.391 -4.854 3.464 AX34Q095
4787.827 26.0 2.996 -2.62 DEN14 ""
4787.842 106.00112 0.988 -4.995 3.464 AX23R035
4787.869 106.00112 1.378 -4.984 3.464 AX12P215
4787.895 23.1 2.274 -4.29 "" ""
4787.902 106.00112 1.378 -2.646 3.464 AX12Q205
4787.904 112.00124 0.384 -3.396 1.340 32R207b24
4787.906 106.00113 1.772 -5.205 3.464 AX23P235
4787.917 106.00112 0.988 -4.982 3.464 AX23R035
4787.924 74.0 1.654 -1.93 "" ""
4787.926 112.00124 0.291 -4.38 1.340 10R220b24
4787.934 112.00124 0.367 -1.057 1.340 32Q205b24
4787.945 112.00124 0.384 -0.838 1.340 32Q107b24
4787.953 24.0 5.176 -3.74 "" ""
4787.964 112.00124 0.367 -3.303 1.340 32P105b24
4787.982 106.00113 1.772 -2.932 3.464 AX23Q225
4787.986 20.0 5.951 -4.25 "" ""
4788.009 106.00113 0.775 -3.156 3.464 AX12R075
4788.025 25.0 3.769 -3.75 "" ""
4788.029 20.0 4.551 -4.56 "" ""
4788.04 112.00124 0.291 -0.811 1.340 10Q120b24
4788.054 112.00124 0.32 -0.725 1.340 21Q214b24
4788.122 106.00112 1.056 -3.222 3.464 AX23R065
4788.129 112.00124 0.351 -1.588 1.340 32Q202b24
4788.13 112.00124 0.36 -1.169 1.340 32Q204b24
4788.134 112.00124 0.32 -3.837 1.340 21P114b24
4788.143 112.00124 0.351 -3.43 1.340 32P102b24
4788.154 112.00124 0.36 -3.352 1.340 32P104b24
4788.163 24.0 5.076 -3.44 "" ""
4788.174 42.0 2.289 -1.86 "" ""
4788.21 112.00124 0.355 -1.325 1.340 32Q203b24
4788.216 46.0 4.221 0.04 "" ""
4788.219 26.0 4.442 -3.17 "" ""
4788.23 112.00124 0.355 -3.345 1.340 32P103b24
4788.23 58.1 1.041 -1.45 LAWLER ""
4788.263 24.0 3.108 -9.33 "" ""
4788.282 59.0 0.0 -0.97 "" ""
4788.289 106.00113 0.776 -4.605 3.464 AX12Q085
4788.306 106.00113 0.776 -3.122 3.464 AX12R085
4788.328 15.0 7.398 -2.5 "" ""
4788.333 106.00112 1.641 -6.411 3.464 AX45R085
4788.333 15.0 7.398 -2.5 "" ""
4788.352 112.00124 0.375 -3.342 1.340 32R206b24
4788.384 112.00124 0.32 -3.895 1.340 21R214b24
4788.388 112.00124 0.375 -0.898 1.340 32Q106b24
4788.404 25.0 4.422 -1.88 "" ""
4788.412 106.00112 1.395 -3.415 3.464 AX34R085
4788.425 58.0 0.493 -0.25 "" ""
4788.427 74.0 2.036 -1.65 "" ""
4788.438 25.1 6.128 -4.84 "" ""
4788.464 112.00124 0.32 -0.695 1.340 21Q114b24
4788.487 106.00112 1.056 -4.559 3.464 AX23Q075
4788.517 106.00112 1.15 -5.505 3.464 AX01R215
4788.522 112.00124 0.014 -1.695 1.340 10R204b24
4788.527 106.00112 1.056 -3.185 3.464 AX23R075
4788.549 112.00124 0.014 -2.932 1.340 10Q104b24
4788.573 106.00112 1.056 -3.222 3.464 AX23R065
4788.609 106.00113 1.36 -5.557 3.464 BX01P245
4788.618 106.00112 1.15 -2.721 3.464 AX01Q225
4788.658 20.0 5.045 -5.09 "" ""
4788.673 106.00112 1.15 -2.723 3.464 AX01Q215
4788.675 106.00112 1.395 -4.869 3.464 AX34Q095
4788.682 106.00112 1.395 -3.416 3.464 AX34R095
4788.684 40.0 0.73 -1.19 "" ""
4788.718 27.0 2.716 -5.92 "" ""
4788.719 42.0 2.593 -2.37 "" ""
4788.743 112.00124 0.367 -3.281 1.340 32R205b24
4788.747 106.00112 0.778 -3.155 3.464 AX12R075
4788.747 106.00112 2.06 -7.586 3.464 CX05R195
4788.757 26.0 3.234 -1.81 "" ""
4788.773 112.00124 0.367 -0.968 1.340 32Q105b24
4788.774 106.00112 1.15 -5.154 3.464 AX01P225
4788.779 26.0 4.14 -3.44 "" ""
4788.808 106.00112 1.641 -6.385 3.464 AX45R085
4788.841 24.0 4.204 -0.71 "" ""
4788.862 27.0 4.143 -2.53 "" ""
4788.873 22.0 2.736 -3.58 "" ""
4788.887 106.00112 1.056 -4.546 3.464 AX23Q075
4788.901 25.0 4.426 -4.23 "" ""
4788.908 106.00112 2.06 -11.022 3.464 CX05Q195
4788.922 106.00112 2.06 -7.632 3.464 CX05R185
4788.927 106.00112 1.056 -3.185 3.464 AX23R075
4788.941 112.00124 0.301 -0.755 1.340 21Q213b24
4788.99 112.00124 0.001 -2.561 1.340 10R101b24
4789.016 112.00124 0.301 -3.852 1.340 21P113b24
4789.023 106.00112 1.984 -7.917 3.464 AX23R255
4789.034 106.00112 2.111 -4.808 3.464 AX55P195
4789.076 112.00124 0.36 -3.006 1.340 32R204b24
4789.076 21.0 3.17 -2.1 "" ""
4789.082 106.00112 0.778 -4.619 3.464 AX12Q085
4789.082 112.00124 0.179 -1.752 1.340 21R201b24
4789.091 112.00124 0.179 -2.487 1.340 21Q101b24
4789.092 112.00124 0.264 -0.853 1.340 10Q219b24
4789.093 106.00112 1.395 -3.415 3.464 AX34R085
4789.1 112.00124 0.36 -1.051 1.340 32Q104b24
4789.101 106.00113 1.309 -5.355 3.464 AX12R195
4789.102 106.00112 0.778 -3.121 3.464 AX12R085
4789.103 106.00112 1.984 -3.424 3.464 AX23Q265
4789.138 40.0 0.622 -1.9 "" ""
4789.14 106.00112 1.984 -3.235 3.464 AX23Q255
4789.199 106.00113 1.309 -2.647 3.464 AX12Q205
4789.201 112.00124 0.264 -4.227 1.340 10P119b24
4789.219 106.00113 1.309 -2.642 3.464 AX12Q195
4789.22 106.00112 1.984 -5.474 3.464 AX23P265
4789.278 112.00124 0.014 -1.647 1.340 10R104b24
4789.296 106.00112 1.395 -4.854 3.464 AX34Q095
4789.297 112.00124 0.351 -2.647 1.340 32R202b24
4789.303 106.00112 1.395 -3.416 3.464 AX34R095
4789.303 112.00124 0.301 -3.851 1.340 21R213b24
4789.306 106.00113 0.836 -6.56 3.464 BX02R105
4789.311 112.00124 0.351 -1.379 1.340 32Q102b24
4789.317 106.00113 1.309 -4.975 3.464 AX12P205
4789.317 112.00124 0.355 -2.844 1.340 32R203b24
4789.324 112.00124 0.264 -4.249 1.340 10R219b24
4789.324 21.1 6.903 -3.86 "" ""
4789.336 112.00124 0.355 -1.164 1.340 32Q103b24
4789.338 42.0 2.521 -1.99 "" ""
4789.34 24.0 2.542 -0.33 SOBECK ""
4789.345 106.00112 0.778 -3.155 3.464 AX12R075
4789.378 112.00124 0.301 -0.723 1.340 21Q113b24
4789.381 25.1 6.795 -5.12 "" ""
4789.387 90.0 0.457 -1.61 "" ""
4789.391 26.0 4.635 -1.87 "" ""
4789.422 106.00112 1.914 -6.85 3.464 AX23R245
4789.425 28.0 3.696 -2.33 "" ""
4789.428 60.1 0.32 -1.03 "" ""
4789.432 112.00124 0.264 -0.83 1.340 10Q119b24
4789.457 106.00112 2.055 -7.513 3.464 AX23R265
4789.505 106.00112 1.914 -3.235 3.464 AX23Q255
4789.514 23.1 6.524 -1.87 "" ""
4789.534 24.0 4.141 -1.41 "" ""
4789.535 106.00112 2.055 -3.715 3.464 AX23Q275
4789.538 106.00112 1.914 -3.102 3.464 AX23Q245
4789.567 21.1 4.832 -1.38 "" ""
4789.574 106.00112 2.055 -3.424 3.464 AX23Q265
4789.576 26.0 4.47 -0.96 "" ""
4789.621 106.00112 0.778 -4.605 3.464 AX12Q085
4789.621 106.00112 1.914 -5.379 3.464 AX23P255
4789.641 106.00112 0.778 -3.122 3.464 AX12R085
4789.651 26.0 3.544 -0.84 "" ""
4789.652 106.00112 2.055 -5.591 3.464 AX23P275
4789.682 58.1 0.74 -1.49 LAWLER ""
4789.709 26.0 4.151 -4.16 "" ""
4789.711 23.0 2.038 -6.02 "" ""
4789.776 25.0 4.422 -3.0 "" ""
4789.786 22.0 0.835 -2.75 LAWLER ""
4789.809 112.00124 0.284 -0.789 1.340 21Q212b24
4789.879 112.00124 0.284 -3.819 1.340 21P112b24
4789.884 20.0 5.014 -3.5 "" ""
4789.893 41.1 2.439 -0.14 "" ""
4789.922 69.1 3.503 0.08 "" ""
4789.925 26.0 4.59 -3.18 "" ""
4789.929 65.1 0.79 -1.06 "" ""
4789.975 23.1 6.052 -4.56 "" ""
4789.978 62.0 0.387 -0.32 "" ""
4790.061 92.0 0.947 -0.69 "" ""
4790.116 26.0 4.442 -3.53 "" ""
4790.17 112.00124 0.284 -3.817 1.340 21R212b24
4790.228 23.0 3.076 -1.25 "" ""
4790.24 112.00124 0.284 -0.754 1.340 21Q112b24
4790.258 24.1 6.636 -4.32 "" ""
4790.264 106.00112 1.314 -5.355 3.464 AX12R195
4790.271 24.0 2.543 -3.22 "" ""
4790.279 106.00113 1.193 -2.459 3.464 BX12P175
4790.287 23.0 1.217 -6.14 "" ""
4790.293 15.0 7.207 -3.0 "" ""
4790.333 24.0 2.543 -1.48 SOBECK ""
4790.368 106.00113 1.193 -6.872 3.464 BX12Q175
4790.375 106.00112 1.314 -2.646 3.464 AX12Q205
4790.386 106.00112 1.314 -2.642 3.464 AX12Q195
4790.426 112.00124 0.238 -0.875 1.340 10Q218b24
4790.457 23.0 2.276 -5.32 "" ""
4790.469 23.1 2.37 -2.77 "" ""
4790.486 106.00113 1.193 -2.503 3.464 BX12P185
4790.497 106.00112 1.314 -4.975 3.464 AX12P205
4790.507 106.00112 1.846 -6.409 3.464 AX23R235
4790.52 106.00113 2.159 -4.879 3.464 AX55P205
4790.53 112.00124 0.238 -4.333 1.340 10P118b24
4790.56 26.0 4.151 -2.64 "" ""
4790.589 112.00124 0.267 -0.827 1.340 21Q211b24
4790.593 106.00112 1.846 -3.102 3.464 AX23Q245
4790.618 23.0 2.262 -4.84 "" ""
4790.622 106.00112 1.846 -3.004 3.464 AX23Q235
4790.654 112.00124 0.268 -3.784 1.340 21P111b24
4790.662 23.0 2.053 -6.13 "" ""
4790.665 112.00124 0.238 -4.333 1.340 10R218b24
4790.675 112.00124 0.179 -1.715 1.340 21R101b24
4790.68 23.0 3.069 -4.72 "" ""
4790.692 106.00112 1.292 -2.181 3.464 BX11P235
4790.698 23.0 0.275 -5.49 "" ""
4790.708 106.00112 1.846 -5.298 3.464 AX23P245
4790.708 72.1 2.194 -1.11 "" ""
4790.725 26.0 4.412 -3.12 "" ""
4790.746 26.0 3.249 -3.24 "" ""
4790.769 112.00124 0.238 -0.851 1.340 10Q118b24
4790.808 24.0 5.077 -0.99 "" ""
4790.809 106.00112 1.292 -6.184 3.464 BX11Q235
4790.883 26.0 2.402 -6.34 "" ""
4790.888 106.00113 1.31 -5.614 3.464 BX12R205
4790.892 106.00112 1.292 -1.616 3.464 BX11P245
4790.895 106.00112 2.129 -6.634 3.464 AX23R275
4790.912 112.00124 0.348 -3.061 1.340 32R201b24
4790.921 112.00124 0.348 -1.521 1.340 32Q101b24
4790.94 607.01314 2.669 -1.958 7.724 0710Rb0395
4790.961 26.0 3.632 -3.92 "" ""
4790.963 24.0 4.096 -1.49 "" ""
4790.965 28.0 1.949 -3.59 LAWLER ""
4790.971 106.00112 2.129 -4.254 3.464 AX23Q285
4790.973 22.0 3.407 -0.51 "" ""
4790.974 106.00113 1.147 -2.721 3.464 AX01Q225
4790.98 112.00124 0.267 -3.781 1.340 21R211b24
4790.989 607.01314 2.669 -5.446 7.724 0710Qd0405
4791.008 106.00113 1.147 -5.53 3.464 AX01R215
4791.011 106.00112 2.129 -3.715 3.464 AX23Q275
4791.045 112.00124 0.268 -0.788 1.340 21Q111b24
4791.049 19.0 1.609 -2.75 "" ""
4791.087 106.00112 2.129 -5.738 3.464 AX23P285
4791.096 106.00112 1.368 -5.556 3.464 BX01P245
