wavelength species excitation loggf disassociation_energy comment
3733.08 64.1 1.232 -0.01 LAWLER ""
3733.083 106.00112 1.52 -7.415 3.464 AX31R265
3733.132 106.00112 1.521 -4.67 3.464 AX31Q275
3733.145 28.0 3.844 -1.91 "" ""
3733.156 23.0 1.194 -3.49 "" ""
3733.192 106.00112 1.52 -4.403 3.464 AX31Q265
3733.192 26.0 2.557 -2.02 "" ""
3733.193 27.0 3.213 -4.92 "" ""
3733.196 106.00113 0.914 -7.667 3.464 AX20P225
3733.198 25.0 4.662 -2.58 "" ""
3733.24 106.00112 1.521 -6.459 3.464 AX31P275
3733.318 26.0 0.11 -1.39 OBR91 ""
3733.335 41.0 2.271 0.17 "" ""
3733.338 27.0 3.565 -4.84 "" ""
3733.347 22.1 5.212 -3.99 "" ""
3733.357 607.01214 2.821 -3.271 7.724 1312Rb0005
3733.367 106.00112 1.034 -4.617 3.464 AX53Q055
3733.373 607.01214 2.821 -3.022 7.724 1312Ra0015
3733.385 607.01214 2.821 -3.965 7.724 1312Qd0015
3733.39 22.0 2.248 -4.75 "" ""
3733.406 42.0 3.731 -0.12 "" ""
3733.419 106.00112 1.034 -6.364 3.464 AX53R055
3733.437 24.0 3.008 -1.77 "" ""
3733.445 22.0 1.967 -3.58 "" ""
3733.471 24.0 4.201 -3.41 "" ""
3733.486 27.0 2.079 -0.42 LAWNHFS ""
3733.519 21.0 2.0 -1.32 "" ""
3733.527 58.1 0.529 -0.67 BIEMONT ""
3733.554 106.00113 1.284 -8.429 3.464 CX13P145
3733.574 106.00113 0.908 -6.841 3.464 AX42P115
3733.575 106.00112 1.034 -4.617 3.464 AX53Q055
3733.585 68.1 1.614 -1.04 LAWLER ""
3733.591 92.0 0.774 0.25 "" ""
3733.614 23.1 2.513 -1.91 "" ""
3733.618 41.0 0.142 -1.53 "" ""
3733.627 106.00112 1.034 -5.889 3.464 AX53P065
3733.627 106.00112 1.034 -6.372 3.464 AX53R055
3733.637 25.0 2.886 -6.35 "" ""
3733.651 25.0 4.329 -0.69 "" ""
3733.668 106.00113 0.894 -7.173 3.464 AX31P175
3733.672 90.0 1.005 -0.58 "" ""
3733.679 106.00112 1.034 -4.575 3.464 AX53Q065
3733.695 106.00112 1.581 -6.419 3.464 CX35R055
3733.743 42.0 1.53 -2.67 "" ""
3733.771 22.0 2.083 -0.53 "" ""
3733.775 106.00113 1.284 -5.832 3.464 CX13Q135
3733.785 72.0 0.566 -0.91 "" ""
3733.789 25.1 6.806 -3.08 "" ""
3733.79 607.01214 2.82 -3.271 7.724 1312Ra0005
3733.797 607.01214 2.82 -3.566 7.724 1312Qd0005
3733.808 106.00112 1.035 -5.882 3.464 AX53P065
3733.831 24.0 3.889 -1.39 "" ""
3733.84 106.00113 1.284 -5.942 3.464 CX13Q145
3733.86 106.00112 1.035 -4.575 3.464 AX53Q065
3733.929 28.0 3.655 -2.16 "" ""
3733.947 106.00113 1.302 -5.649 3.464 CX24R045
3733.976 106.00113 0.578 -7.247 3.464 AX10R185
3734.009 22.0 2.238 -4.46 "" ""
3734.049 21.0 1.942 -3.8 "" ""
3734.061 106.00113 1.284 -10.949 3.464 CX13R135
3734.072 106.00112 0.979 -8.247 3.464 CX13R025
3734.098 22.1 5.203 -4.79 "" ""
3734.114 106.00113 1.302 -8.473 3.464 CX24Q055
3734.12 69.1 0.029 -0.71 LAWLER ""
3734.141 27.0 2.041 -0.98 LAWNHFS ""
3734.145 25.0 4.329 -2.36 "" ""
3734.157 23.1 6.832 -3.03 "" ""
3734.187 23.0 2.636 -6.58 "" ""
3734.195 29.0 5.501 -1.12 "" ""
3734.208 106.00113 1.302 -5.492 3.464 CX24R055
3734.257 24.0 4.201 -1.04 "" ""
3734.272 23.0 1.194 -1.38 "" ""
3734.32 106.00113 0.908 -6.876 3.464 AX42P115
3734.34 106.00113 1.392 -7.104 3.464 AX20Q285
3734.367 42.0 2.513 -0.99 "" ""
3734.368 1.0 10.191 -1.87 "" ""
3734.369 106.00113 1.392 -4.227 3.464 AX20P295
3734.38 66.1 0.93 -1.14 LAWLER ""
3734.43 23.0 1.868 -2.71 "" ""
3734.453 68.1 0.636 -0.84 "" ""
3734.463 44.1 2.542 0.0 "" ""
3734.485 106.00113 1.392 -4.249 3.464 AX20P285
3734.488 24.0 3.887 0.01 "" ""
3734.506 6.0 7.475 -3.2 "" ""
3734.521 23.0 2.121 -5.31 "" ""
3734.568 24.0 3.553 -1.68 "" ""
3734.583 68.1 0.0 -1.32 LAWLER ""
3734.598 90.1 0.556 -1.59 "" ""
3734.613 106.00113 0.462 -1.915 3.464 BX10R155
3734.628 106.00112 1.016 -6.692 3.464 CX13R045
3734.632 25.0 2.886 -6.65 "" ""
3734.635 106.00112 0.911 -6.84 3.464 AX42P115
3734.652 106.00112 1.271 -7.427 3.464 CX24R025
3734.674 22.0 2.115 -4.53 "" ""
3734.688 607.01214 2.821 -3.566 7.724 1312Qc0005
3734.691 70.0 2.229 -0.12 "" ""
3734.7 60.1 0.471 -1.15 LAWLER ""
3734.707 106.00113 0.462 -7.249 3.464 BX10Q165
3734.715 607.01214 2.821 -3.26 7.724 1312Pa0015
3734.761 106.00113 0.462 -1.919 3.464 BX10R165
3734.767 25.0 4.723 -1.95 "" ""
3734.811 22.0 1.459 -1.96 LAWLER ""
3734.86 62.1 0.184 -1.82 LAWLER ""
3734.864 26.0 0.858 0.33 OBR91 ""
3734.887 106.00112 1.016 -6.689 3.464 CX13R055
3734.89 106.00112 0.521 -7.409 3.464 AX10R175
3734.896 22.1 4.959 -3.95 "" ""
3734.918 106.00112 1.016 -9.216 3.464 CX13Q055
3734.959 26.0 3.394 -1.76 "" ""
3734.99 75.0 1.456 -0.99 "" ""
3735.14 25.1 7.376 -2.12 "" ""
3735.156 23.1 2.52 -1.09 LAWNOHFS ""
3735.161 106.00112 1.508 -3.883 3.464 AX42R235
3735.166 607.01214 2.822 -3.965 7.724 1312Qc0015
3735.173 607.01214 2.822 -3.26 7.724 1312Pb0015
3735.192 106.00112 1.507 -4.178 3.464 AX42R225
3735.196 24.0 4.183 -3.23 "" ""
3735.206 42.0 2.494 -1.93 "" ""
3735.212 607.01214 2.822 -3.003 7.724 1312Pa0025
3735.242 24.0 4.613 -0.63 "" ""
3735.249 106.00112 1.508 -8.617 3.464 AX42Q235
3735.25 23.1 6.096 -2.18 "" ""
3735.269 24.0 4.447 -4.29 "" ""
3735.281 45.0 1.675 0.24 "" ""
3735.314 75.0 2.928 0.88 "" ""
3735.324 26.0 2.938 -0.32 DEN14 ""
3735.327 28.0 3.838 -1.63 "" ""
3735.39 106.00112 0.912 -6.876 3.464 AX42P115
3735.416 106.00113 1.086 -8.258 3.464 CX02P165
3735.452 42.0 2.595 -2.03 "" ""
3735.454 106.00112 1.381 -6.855 3.464 AX53R165
3735.535 60.1 0.559 0.21 "" ""
3735.544 23.1 6.052 -3.0 "" ""
3735.617 42.0 3.209 -0.42 "" ""
3735.661 22.0 2.091 -0.4 "" ""
3735.668 607.01214 2.823 -4.16 7.724 1312Qc0025
3735.68 607.01214 2.823 -3.003 7.724 1312Pb0025
3735.711 26.0 2.422 -6.59 "" ""
3735.713 68.0 0.954 -0.13 "" ""
3735.715 26.0 3.299 -2.65 "" ""
3735.726 106.00113 1.086 -5.289 3.464 CX02Q155
3735.732 607.01214 2.823 -2.847 7.724 1312Pa0035
3735.773 106.00113 1.086 -5.284 3.464 CX02Q165
3735.778 6.0 7.477 -2.93 "" ""
3735.823 106.00113 0.36 -1.598 3.464 BX10Q135
3735.846 57.1 0.173 -2.01 "" ""
3735.86 23.0 2.364 -4.02 "" ""
3735.866 24.1 5.867 -2.11 "" ""
3735.869 106.00113 0.36 -4.835 3.464 BX10R135
3735.874 106.00113 0.36 -4.853 3.464 BX10P145
3735.894 26.0 4.14 -1.35 "" ""
3735.904 106.00112 1.289 -10.948 3.464 CX13R135
3735.904 42.0 2.521 -1.17 "" ""
3735.919 106.00113 0.36 -1.574 3.464 BX10Q145
3735.926 27.0 2.079 -0.73 LAWNHFS ""
3735.97 62.1 0.277 -0.28 LAWLER ""
3735.972 106.00112 1.289 -5.832 3.464 CX13Q135
3735.992 22.0 2.159 -4.23 "" ""
3735.998 106.00112 1.523 -4.671 3.464 AX31Q275
3736.005 106.00112 1.289 -5.941 3.464 CX13Q145
3736.014 23.0 2.241 -1.67 "" ""
3736.014 23.1 2.52 -1.01 LAWNOHFS ""
3736.036 42.0 1.38 -2.72 "" ""
3736.05 106.00112 1.523 -7.445 3.464 AX31R265
3736.058 28.0 3.844 -1.99 "" ""
3736.065 22.0 2.736 -3.56 "" ""
3736.072 106.00112 1.289 -8.428 3.464 CX13P145
3736.082 106.00113 1.086 -9.476 3.464 CX02R155
3736.086 23.0 2.121 -2.78 "" ""
3736.106 106.00112 1.523 -6.432 3.464 AX31P275
3736.159 106.00112 1.523 -4.403 3.464 AX31Q265
3736.174 42.0 2.513 -1.24 "" ""
3736.192 607.01214 2.825 -4.294 7.724 1312Qc0035
3736.194 23.0 2.123 -2.51 "" ""
3736.208 607.01214 2.825 -2.847 7.724 1312Pb0035
3736.222 74.1 2.23 -1.13 "" ""
3736.231 23.0 2.377 -1.94 "" ""
3736.273 607.01214 2.825 -2.734 7.724 1312Pa0045
3736.294 23.0 1.871 -2.78 "" ""
3736.297 4.0 5.273 -2.1 "" ""
3736.307 25.1 4.82 -7.9 "" ""
3736.31 23.0 2.121 -3.34 "" ""
3736.317 106.00112 0.522 -7.356 3.464 AX10R175
3736.318 106.00112 1.306 -5.648 3.464 CX24R045
3736.395 22.0 2.133 -2.82 "" ""
3736.399 26.0 3.692 -7.78 "" ""
3736.406 23.0 1.948 -5.66 "" ""
3736.421 106.00113 0.518 -7.409 3.464 AX10R175
3736.434 58.1 0.696 -1.35 LAWLER ""
3736.439 23.0 1.217 -1.74 "" ""
3736.444 24.0 3.011 -1.89 "" ""
3736.453 23.1 6.019 -4.63 "" ""
3736.529 106.00113 1.077 -4.551 3.464 AX53Q075
3736.529 23.1 6.097 -1.68 "" ""
3736.532 24.1 3.101 -4.62 "" ""
3736.556 106.00112 1.306 -5.491 3.464 CX24R055
3736.57 106.00113 1.077 -6.783 3.464 AX53R075
3736.573 28.0 3.831 -2.46 "" ""
3736.59 106.00112 1.306 -8.473 3.464 CX24Q055
3736.591 106.00112 1.382 -6.806 3.464 AX53R165
3736.624 106.00113 1.243 -8.368 3.464 CX13P135
3736.625 23.1 6.674 -4.44 "" ""
3736.642 23.0 2.267 -1.31 "" ""
3736.72 106.00113 1.077 -5.99 3.464 AX53P085
3736.739 607.01214 2.827 -4.397 7.724 1312Qc0045
3736.756 73.0 1.461 -0.73 "" ""
3736.76 607.01214 2.827 -2.734 7.724 1312Pb0045
3736.761 106.00113 1.077 -4.556 3.464 AX53Q085
3736.78 22.0 2.266 -6.42 "" ""
3736.81 106.00113 1.243 -5.764 3.464 CX13Q125
3736.81 28.0 0.422 -1.95 LAWLER ""
3736.824 27.1 5.051 -3.14 "" ""
3736.834 106.00113 0.75 -6.218 3.464 CX02R065
3736.836 607.01214 2.827 -2.646 7.724 1312Pa0055
3736.846 75.0 3.063 -0.34 "" ""
3736.871 106.00113 0.75 -9.397 3.464 CX02Q075
3736.875 106.00113 1.078 -4.551 3.464 AX53Q075
3736.879 22.0 1.995 -3.92 "" ""
3736.886 106.00113 1.243 -5.833 3.464 CX13Q135
3736.892 25.0 4.229 -0.03 "" ""
3736.894 106.00112 0.362 -1.598 3.464 BX10Q135
3736.9 20.1 3.151 -0.15 Saf11-DH21 ""
3736.916 106.00113 1.078 -6.793 3.464 AX53R075
3736.938 106.00112 0.362 -4.835 3.464 BX10R135
3736.945 106.00112 0.362 -4.852 3.464 BX10P145
3736.983 23.0 1.349 -2.67 "" ""
3736.988 106.00112 0.362 -1.574 3.464 BX10Q145
3737.011 106.00112 1.4 -7.104 3.464 AX20Q285
3737.02 62.1 0.04 -2.07 LAWLER ""
3737.027 20.0 2.519 -6.31 "" ""
3737.032 106.00113 0.75 -6.193 3.464 CX02R075
3737.036 106.00113 1.078 -5.981 3.464 AX53P085
3737.058 106.00112 1.4 -4.227 3.464 AX20P295
3737.072 106.00113 1.243 -12.71 3.464 CX13R125
3737.077 106.00113 1.078 -4.556 3.464 AX53Q085
3737.08 60.1 0.32 -0.71 LAWLER ""
3737.081 106.00112 1.4 -4.248 3.464 AX20P285
3737.131 26.0 0.052 -0.57 OBR91 ""
3737.141 62.1 0.277 -0.74 "" ""
3737.186 6.0 7.477 -3.43 "" ""
3737.198 106.00113 0.997 -6.733 3.464 CX13R035
3737.21 106.00113 0.19 -4.603 3.464 BX10P095
3737.231 42.0 2.474 -1.99 "" ""
3737.234 106.00113 1.243 -5.306 3.464 AX53R125
3737.247 21.0 2.336 -1.49 "" ""
3737.252 20.0 2.519 -5.11 "" ""
3737.272 45.0 1.483 -0.14 "" ""
3737.308 607.01214 2.829 -4.483 7.724 1312Qc0055
3737.331 106.00112 1.509 -3.883 3.464 AX42R235
3737.333 607.01214 2.829 -2.646 7.724 1312Pb0055
3737.335 106.00113 1.243 -4.852 3.464 AX53R135
3737.341 106.00113 1.243 -7.509 3.464 AX53Q135
3737.356 20.0 2.519 -4.97 "" ""
3737.382 40.0 0.632 -1.26 "" ""
3737.398 44.0 1.122 -0.81 "" ""
3737.419 106.00112 1.509 -8.581 3.464 AX42Q235
3737.42 607.01214 2.829 -2.574 7.724 1312Pa0065
3737.429 23.0 1.05 -1.77 LAWNOHFS ""
3737.451 106.00112 1.509 -4.179 3.464 AX42R225
3737.47 62.1 0.378 -0.86 LAWLER ""
3737.476 106.00113 0.997 -9.081 3.464 CX13Q045
3737.484 22.0 1.979 -5.64 "" ""
3737.488 106.00112 0.191 -4.603 3.464 BX10P095
3737.498 24.0 4.204 -2.6 "" ""
3737.508 106.00113 1.013 -5.075 3.464 AX53P045
3737.512 90.0 0.479 -0.8 "" ""
3737.527 58.1 0.553 -0.88 BIEMONT ""
3737.53 23.0 2.636 -6.39 "" ""
3737.542 24.1 4.771 -1.45 "" ""
3737.553 106.00112 1.0 -5.299 3.464 AX53P035
3737.573 106.00113 0.997 -6.69 3.464 CX13R045
3737.613 106.00112 1.091 -9.476 3.464 CX02R155
3737.622 106.00113 1.013 -6.093 3.464 AX53Q045
3737.653 106.00113 1.013 -5.074 3.464 AX53P045
3737.654 106.00112 1.0 -5.297 3.464 AX53P035
3737.663 106.00113 1.395 -4.228 3.464 AX20P295
3737.687 106.00112 1.0 -6.033 3.464 AX53Q035
3737.698 106.00112 1.091 -5.289 3.464 CX02Q155
3737.703 106.00112 1.091 -5.283 3.464 CX02Q165
3737.704 23.0 2.252 -1.73 "" ""
3737.713 26.0 3.684 -2.54 "" ""
3737.734 58.1 0.856 -0.56 BIEMONT ""
3737.74 106.00113 1.395 -7.148 3.464 AX20Q285
3737.746 23.0 1.929 -2.44 "" ""
3737.75 23.0 2.372 -1.76 "" ""
3737.758 44.0 1.176 -1.46 "" ""
3737.768 106.00113 1.013 -6.103 3.464 AX53Q045
3737.788 106.00112 1.0 -6.041 3.464 AX53Q035
3737.788 106.00112 1.091 -8.257 3.464 CX02P165
3737.83 106.00113 0.519 -7.356 3.464 AX10R175
3737.851 106.00113 1.395 -4.249 3.464 AX20P285
3737.863 26.0 2.402 -5.66 "" ""
3737.866 27.0 3.295 -6.73 "" ""
3737.869 72.1 2.341 0.16 "" ""
3737.901 607.01214 2.832 -4.558 7.724 1312Qc0065
3737.903 42.0 2.079 -0.97 "" ""
3737.93 607.01214 2.832 -2.575 7.724 1312Pb0065
3737.932 106.00113 1.013 -4.965 3.464 AX53P055
3737.948 106.00113 1.287 -5.83 3.464 CX24R035
3737.956 106.00113 1.513 -7.414 3.464 AX31R265
3737.958 106.00113 0.268 -1.926 3.464 BX10P115
3737.979 23.0 1.847 -0.53 "" ""
3737.984 106.00113 1.513 -4.669 3.464 AX31Q275
3737.994 106.00113 0.268 -9.639 3.464 BX10Q115
3738.007 25.0 4.432 -3.48 "" ""
3738.014 25.0 4.341 -2.9 "" ""
3738.024 106.00112 1.056 -4.571 3.464 AX53Q065
3738.027 607.01214 2.832 -2.515 7.724 1312Pa0075
3738.04 92.1 0.717 -0.28 "" ""
3738.058 106.00113 1.013 -4.965 3.464 AX53P055
3738.06 60.1 0.559 -0.04 LAWLER ""
3738.062 106.00112 1.056 -6.553 3.464 AX53R065
3738.074 28.0 3.938 -1.64 "" ""
3738.076 106.00112 1.0 -5.151 3.464 AX53P045
3738.088 22.0 2.173 -2.91 "" ""
3738.105 106.00113 1.244 -5.306 3.464 AX53R125
3738.123 40.1 0.559 -1.84 Ljung06 ""
3738.133 106.00113 0.268 -1.894 3.464 BX10P125
3738.157 106.00112 1.0 -5.151 3.464 AX53P045
3738.159 106.00113 1.244 -4.853 3.464 AX53R135
3738.162 68.1 1.618 0.2 LAWLER ""
3738.165 106.00113 1.244 -7.487 3.464 AX53Q135
3738.177 106.00113 1.513 -4.402 3.464 AX31Q265
3738.179 22.1 5.229 -3.7 "" ""
3738.182 27.0 3.565 -2.38 "" ""
3738.205 106.00113 1.513 -6.458 3.464 AX31P275
3738.21 106.00113 1.287 -8.395 3.464 CX24Q045
3738.247 106.00112 1.056 -5.939 3.464 AX53P075
3738.27 106.00112 0.27 -1.926 3.464 BX10P115
3738.281 26.0 3.692 -5.6 "" ""
3738.284 106.00112 1.056 -4.551 3.464 AX53Q075
3738.286 24.0 4.204 -1.03 "" ""
3738.289 106.00113 1.287 -5.645 3.464 CX24R045
3738.299 106.00112 1.056 -4.571 3.464 AX53Q065
3738.305 26.0 3.265 -0.03 BEL17 ""
3738.328 106.00112 0.27 -9.639 3.464 BX10Q115
3738.336 106.00112 1.056 -6.563 3.464 AX53R065
3738.359 24.1 3.105 -1.69 Lawler17 ""
3738.372 22.0 2.015 -4.72 "" ""
3738.396 22.0 1.886 -5.62 "" ""
3738.417 41.0 1.268 -0.22 "" ""
3738.422 27.1 3.626 -6.93 "" ""
3738.443 106.00112 0.27 -1.894 3.464 BX10P125
3738.465 27.0 3.927 -1.82 "" ""
3738.491 106.00112 1.056 -5.931 3.464 AX53P075
3738.493 24.0 3.963 -4.34 "" ""
3738.5 26.0 3.637 -1.9 "" ""
3738.516 607.01214 2.835 -4.624 7.724 1312Qc0075
3738.528 106.00112 1.056 -4.551 3.464 AX53Q075
3738.53 77.0 0.783 -2.07 "" ""
3738.55 607.01214 2.835 -2.515 7.724 1312Pb0075
3738.563 24.1 5.315 -3.99 "" ""
3738.611 39.0 2.056 0.09 "" ""
3738.614 23.1 6.068 -2.17 "" ""
3738.617 22.0 2.675 -1.5 "" ""
3738.628 44.0 1.697 -1.14 "" ""
3738.655 607.01214 2.835 -2.464 7.724 1312Pa0085
3738.668 24.0 3.373 -2.97 "" ""
3738.713 22.0 1.872 -6.78 "" ""
3738.722 23.0051 1.892 -1.474 LAWLER ""
3738.722 23.0051 1.892 -1.474 LAWLER ""
3738.722 23.0051 1.892 -1.775 LAWLER ""
3738.729 23.0 1.941 -5.75 "" ""
3738.733 23.0051 1.892 -1.31 LAWLER ""
3738.733 23.0051 1.892 -1.336 LAWLER ""
3738.733 23.0051 1.892 -1.65 LAWLER ""
3738.736 22.0 2.66 -3.07 "" ""
3738.747 23.0051 1.892 -1.053 LAWLER ""
3738.748 23.0051 1.892 -1.302 LAWLER ""
3738.748 23.0051 1.892 -1.9 LAWLER ""
3738.748 23.1 6.052 -0.71 "" ""
3738.765 23.0051 1.892 -0.837 LAWLER ""
3738.766 23.0051 1.892 -1.463 LAWLER ""
3738.767 23.0051 1.892 -2.328 LAWLER ""
3738.844 90.1 1.048 -0.87 "" ""
3738.849 106.00112 1.208 -6.064 3.464 AX53R115
3738.853 23.0 2.636 -2.36 "" ""
3738.853 27.0 3.25 -5.48 "" ""
3738.855 24.0 3.319 -3.23 "" ""
3738.859 22.0 1.748 -3.59 "" ""
3738.881 106.00112 0.752 -6.217 3.464 CX02R065
3738.912 44.0 2.012 -0.43 "" ""
3738.944 106.00112 1.22 -6.69 3.464 AX31Q225
3738.952 26.0 3.015 -6.81 "" ""
3738.954 106.00112 1.208 -5.299 3.464 AX53R125
3738.97 20.0 2.521 -5.12 "" ""
3738.973 106.00112 1.208 -7.074 3.464 AX53Q125
3738.976 106.00112 1.247 -12.71 3.464 CX13R125
3738.991 58.1 0.703 -0.5 BIEMONT ""
3738.992 22.0 2.101 -0.29 "" ""
3739.002 106.00112 1.22 -4.019 3.464 AX31P235
3739.025 106.00112 1.22 -4.037 3.464 AX31P225
3739.032 72.0 1.305 -0.81 "" ""
3739.036 106.00112 0.752 -6.192 3.464 CX02R075
3739.038 106.00112 1.247 -5.764 3.464 CX13Q125
3739.067 106.00112 1.832 -3.747 3.464 CX35R145
3739.083 106.00112 0.752 -9.397 3.464 CX02Q075
3739.087 106.00112 1.248 -5.832 3.464 CX13Q135
3739.115 106.00112 1.832 -3.809 3.464 CX35R135
3739.116 26.0 2.221 -2.2 "" ""
3739.12 62.1 0.04 -0.43 LAWLER ""
3739.135 23.0 2.357 -2.49 "" ""
3739.149 106.00112 1.248 -8.367 3.464 CX13P135
3739.153 106.00112 1.832 -7.297 3.464 CX35Q145
3739.155 607.01214 2.839 -4.684 7.724 1312Qc0085
3739.177 26.0 3.109 -3.11 "" ""
3739.187 21.1 3.818 -3.67 "" ""
3739.19 62.1 0.543 -0.27 LAWLER ""
3739.192 607.01214 2.839 -2.464 7.724 1312Pb0085
3739.195 20.0 2.521 -4.62 "" ""
3739.201 59.1 0.725 0.08 "" ""
3739.221 28.0 0.165 -2.35 "" ""
3739.222 23.0 2.357 -3.66 "" ""
3739.249 106.00112 0.465 -7.526 3.464 AX10R165
3739.304 607.01214 2.839 -2.42 7.724 1312Pa0095
3739.306 106.00113 1.309 -7.883 3.464 AX42R195
3739.314 26.0 2.174 -2.32 "" ""
3739.324 25.0 5.108 -2.98 "" ""
3739.342 66.0 1.597 1.52 "" ""
3739.362 106.00113 1.309 -4.33 3.464 AX42Q195
3739.366 106.00113 1.309 -4.499 3.464 AX42Q205
3739.374 20.1 7.499 -3.51 "" ""
3739.422 106.00113 1.309 -6.24 3.464 AX42P205
3739.429 106.00113 0.679 -8.127 3.464 CX02R035
3739.44 22.0 1.967 -5.41 "" ""
3739.44 27.0 1.881 -2.64 "" ""
3739.47 44.0 1.697 -0.16 "" ""
3739.474 106.00112 1.0 -6.732 3.464 CX13R035
3739.478 106.00112 0.522 -4.953 3.464 BX10R175
3739.484 74.0 2.265 -0.79 "" ""
3739.5 25.0 3.132 -6.4 "" ""
3739.523 26.0 3.298 -0.54 "" ""
3739.527 26.0 3.265 -3.17 "" ""
3739.528 23.0 2.357 -3.25 "" ""
3739.536 106.00112 1.794 -3.809 3.464 CX35R135
3739.556 106.00113 1.204 -8.316 3.464 CX13P125
3739.566 106.00112 1.794 -3.874 3.464 CX35R125
3739.577 106.00112 1.209 -6.064 3.464 AX53R115
3739.596 22.1 2.588 -1.86 LAWLER ""
3739.616 106.00112 1.794 -7.318 3.464 CX35Q135
3739.631 106.00112 1.209 -5.3 3.464 AX53R125
3739.642 106.00113 1.261 -7.358 3.464 CX24R015
3739.65 106.00112 1.209 -7.054 3.464 AX53Q125
3739.705 106.00113 1.204 -5.724 3.464 CX13Q115
3739.739 23.0 2.121 -3.39 "" ""
3739.75 106.00112 1.567 -6.38 3.464 CX35R045
3739.76 64.0 0.124 -0.3 "" ""
3739.786 28.0 3.938 -0.28 "" ""
3739.796 106.00113 1.204 -5.765 3.464 CX13Q125
3739.797 41.0 0.086 0.0 "" ""
3739.808 22.0 2.159 -4.0 "" ""
3739.816 607.01214 2.843 -4.74 7.724 1312Qc0095
3739.818 106.00112 1.0 -6.69 3.464 CX13R045
3739.819 21.0 2.008 -3.82 "" ""
3739.83 24.0 3.419 -3.44 "" ""
3739.844 106.00112 1.0 -9.081 3.464 CX13Q045
3739.857 66.1 0.927 -0.91 "" ""
3739.858 607.01214 2.843 -2.42 7.724 1312Pb0095
3739.91 106.00113 0.97 -8.059 3.464 CX13R015
3739.935 82.0 2.658 -0.06 "" ""
3739.945 106.00113 1.204 -10.744 3.464 CX13R115
3739.975 607.01214 2.843 -2.382 7.724 1312Pa0105
3740.023 64.1 1.126 -0.11 "" ""
3740.039 106.00113 1.037 -8.228 3.464 CX02P155
3740.044 26.0 3.394 -6.56 "" ""
3740.059 26.0 3.045 -2.04 "" ""
3740.065 26.0 3.299 -2.6 "" ""
3740.098 75.0 1.761 -0.12 "" ""
3740.132 58.1 1.253 -0.27 "" ""
3740.188 27.0 2.041 -1.46 LAWNHFS ""
3740.21 20.0 4.128 -4.71 "" ""
3740.214 25.1 6.49 -2.88 "" ""
3740.236 23.0 1.892 -0.83 "" ""
3740.239 26.0 3.249 -0.58 "" ""
3740.286 68.1 1.7 0.19 "" ""
3740.311 106.00113 1.037 -5.3 3.464 CX02Q145
3740.312 25.1 6.86 -2.67 "" ""
3740.323 26.0 3.412 -2.93 "" ""
3740.347 106.00112 1.291 -5.829 3.464 CX24R035
3740.363 106.00112 1.403 -4.227 3.464 AX20P295
3740.368 106.00113 1.037 -5.29 3.464 CX02Q155
3740.405 106.00113 0.997 -7.064 3.464 AX53P035
3740.414 75.0 2.928 0.12 "" ""
3740.425 106.00112 1.403 -7.148 3.464 AX20Q285
3740.474 106.00112 1.758 -3.874 3.464 CX35R125
3740.486 106.00112 1.758 -3.943 3.464 CX35R115
3740.49 27.0 3.014 -6.23 "" ""
3740.496 106.00112 1.403 -4.249 3.464 AX20P285
3740.502 106.00113 0.997 -7.076 3.464 AX53P035
3740.502 607.01214 2.848 -4.792 7.724 1312Qc0105
3740.534 106.00112 0.466 -7.475 3.464 AX10R165
3740.547 607.01214 2.848 -2.382 7.724 1312Pb0105
3740.549 106.00112 1.758 -7.334 3.464 CX35Q125
3740.608 26.0 3.639 -5.52 "" ""
3740.641 106.00113 1.037 -9.375 3.464 CX02R145
3740.649 23.0 2.676 -4.78 "" ""
3740.666 106.00112 1.291 -5.645 3.464 CX24R045
3740.668 607.01214 2.848 -2.35 7.724 1312Pa0115
3740.695 106.00112 1.291 -8.394 3.464 CX24Q045
3740.709 22.0 0.899 -3.34 "" ""
3740.72 41.1 1.62 -0.31 Nilsson10 ""
3740.728 24.0 3.461 -3.84 "" ""
3740.784 106.00113 0.462 -7.525 3.464 AX10R165
3740.788 23.0 2.245 -1.84 "" ""
3740.789 6.0 7.477 -3.27 "" ""
3740.81 42.0 2.274 -1.67 "" ""
3740.827 20.0 5.485 -2.9 "" ""
3740.855 90.1 1.377 -0.74 "" ""
3740.86 23.0 2.113 -4.71 "" ""
3740.889 106.00112 0.465 -1.914 3.464 BX10R155
3740.899 20.0 5.317 -2.85 "" ""
3740.978 106.00113 1.516 -4.669 3.464 AX31Q275
3740.985 106.00112 0.465 -7.248 3.464 BX10Q165
3740.986 106.00113 1.516 -6.43 3.464 AX31P275
3740.995 24.0 4.201 -1.46 "" ""
3741.006 25.0 4.709 -0.32 "" ""
3741.006 58.1 0.327 -1.18 "" ""
3741.018 106.00113 1.516 -7.444 3.464 AX31R265
3741.026 106.00113 1.516 -4.402 3.464 AX31Q265
3741.037 106.00112 0.465 -1.917 3.464 BX10R165
3741.04 106.00113 1.31 -4.499 3.464 AX42Q205
3741.059 22.0 0.021 -0.15 LAWLER ""
3741.063 23.0 2.255 -2.25 "" ""
3741.067 106.00113 1.311 -7.907 3.464 AX42R195
3741.084 23.0 2.614 -3.08 "" ""
3741.102 106.00113 1.31 -6.219 3.464 AX42P205
3741.102 68.1 0.846 -0.38 "" ""
3741.103 25.1 6.9 -5.91 "" ""
3741.116 42.0 2.258 -1.4 "" ""
3741.118 27.0 2.784 -5.97 "" ""
3741.128 106.00113 1.311 -4.33 3.464 AX42Q195
3741.135 22.0 2.693 -1.56 "" ""
3741.183 90.1 0.189 -0.17 Nils02/8 ""
3741.211 607.01214 2.853 -4.843 7.724 1312Qc0115
3741.214 106.00113 1.214 -6.69 3.464 AX31Q225
3741.235 29.0 5.501 -0.9 "" ""
3741.24 24.0 3.432 -2.37 "" ""
3741.241 106.00113 1.214 -4.036 3.464 AX31P225
3741.259 607.01214 2.853 -2.35 7.724 1312Pb0115
3741.26 106.00113 1.214 -4.019 3.464 AX31P235
3741.261 25.0 5.083 -2.99 "" ""
3741.262 24.0 2.706 -2.85 "" ""
3741.268 106.00112 1.222 -4.02 3.464 AX31P235
3741.269 23.1 6.852 -3.2 "" ""
3741.28 62.1 0.188 -0.59 LAWLER ""
3741.29 41.1 1.52 -1.39 Nilsson10 ""
3741.294 63.1 1.379 -0.63 "" ""
3741.302 106.00112 1.222 -6.727 3.464 AX31Q225
3741.38 106.00113 1.087 -6.415 3.464 AX42Q155
3741.382 106.00112 1.222 -4.037 3.464 AX31P225
3741.382 607.01214 2.853 -2.322 7.724 1312Pa0125
3741.409 106.00113 1.087 -4.111 3.464 AX42P155
3741.42 60.1 0.064 -0.68 LAWLER ""
3741.427 27.0 3.189 -4.85 "" ""
3741.441 6.0 7.482 -2.49 "" ""
3741.467 106.00113 1.087 -4.091 3.464 AX42P165
3741.474 26.0 3.428 -1.86 "" ""
3741.482 24.0 3.446 -1.45 "" ""
3741.493 23.0 2.965 -3.96 "" ""
3741.51 23.0 2.284 -0.73 "" ""
3741.559 26.1 2.275 -4.37 "" ""
3741.593 106.00112 0.681 -8.126 3.464 CX02R035
3741.605 21.0 2.336 -2.01 "" ""
3741.62 65.1 0.891 -0.23 LAWNOHFS ""
3741.638 22.1 1.581 -0.07 LAWLER ""
3741.646 23.0 2.246 -2.79 "" ""
3741.687 26.0 3.265 -3.95 "" ""
3741.709 74.0 1.855 -0.59 "" ""
3741.722 58.1 0.899 -0.45 BIEMONT ""
3741.759 26.0 3.692 -6.3 "" ""
3741.769 41.0 0.0 -1.14 "" ""
3741.78 106.00113 0.984 -6.83 3.464 CX13R025
3741.816 106.00112 1.725 -4.014 3.464 CX35R105
3741.825 106.00112 1.725 -3.942 3.464 CX35R115
3741.843 106.00113 1.275 -6.058 3.464 CX24R025
3741.872 22.0 2.091 -1.49 "" ""
3741.884 22.0 2.173 -3.67 "" ""
3741.894 106.00112 1.725 -7.344 3.464 CX35Q115
3741.905 106.00112 1.208 -10.743 3.464 CX13R115
3741.914 64.1 1.446 -0.36 "" ""
3741.945 607.01214 2.858 -4.891 7.724 1312Qc0125
3741.963 106.00112 1.208 -5.724 3.464 CX13Q115
3741.99 27.0 3.014 -3.74 "" ""
3741.996 607.01214 2.858 -2.322 7.724 1312Pb0125
3742.013 20.0 2.524 -4.35 "" ""
3742.028 106.00112 1.208 -5.764 3.464 CX13Q125
3742.035 25.0 2.886 -4.78 "" ""
3742.053 106.00113 0.463 -7.475 3.464 AX10R165
3742.073 26.0 2.586 -2.42 "" ""
3742.074 24.0 3.548 -2.81 "" ""
3742.086 106.00112 1.208 -8.316 3.464 CX13P125
3742.086 106.00112 1.265 -7.357 3.464 CX24R015
3742.096 23.0 1.944 -5.81 "" ""
3742.118 607.01214 2.858 -2.297 7.724 1312Pa0135
3742.126 24.1 2.541 -6.33 "" ""
3742.139 26.0 3.94 -0.85 "" ""
3742.197 26.0 3.412 -3.36 "" ""
3742.208 106.00113 0.985 -8.9 3.464 CX13Q035
3742.208 58.0 0.028 -0.71 "" ""
3742.244 106.00112 0.973 -8.058 3.464 CX13R015
3742.245 106.00113 1.275 -8.266 3.464 CX24Q035
3742.246 58.0 0.0 -0.91 "" ""
3742.248 106.00112 1.042 -9.375 3.464 CX02R145
3742.264 75.1 2.134 0.32 "" ""
3742.274 22.0 2.266 -2.35 "" ""
3742.28 44.0 0.336 -0.23 "" ""
3742.282 42.0 2.521 -0.64 "" ""
3742.287 106.00113 0.985 -6.73 3.464 CX13R035
3742.31 106.00113 1.275 -5.825 3.464 CX24R035
3742.322 42.1 4.496 -1.0 "" ""
3742.329 106.00112 1.042 -5.299 3.464 CX02Q145
3742.33 106.00113 1.168 -8.271 3.464 CX13P115
3742.334 42.1 3.055 -1.0 "" ""
3742.346 106.00112 1.042 -5.289 3.464 CX02Q155
3742.349 92.0 0.868 0.26 "" ""
3742.387 41.0 0.0 -0.37 "" ""
3742.407 106.00113 1.105 -4.555 3.464 AX53Q085
3742.427 106.00112 1.042 -8.228 3.464 CX02P155
3742.438 106.00113 1.105 -7.096 3.464 AX53R085
3742.442 106.00113 1.168 -5.706 3.464 CX13Q105
3742.489 22.0 2.248 -0.78 "" ""
3742.494 28.0 3.844 -1.88 "" ""
3742.547 106.00113 1.168 -5.725 3.464 CX13Q115
3742.558 26.0 3.036 -2.03 "" ""
3742.575 106.00113 1.105 -6.044 3.464 AX53P095
3742.576 25.1 5.832 -3.12 "" ""
3742.606 106.00113 1.105 -4.592 3.464 AX53Q095
3742.617 26.0 2.938 -0.81 DEN14 ""
3742.622 106.00113 1.088 -6.442 3.464 AX42Q155
3742.64 106.00113 1.088 -4.091 3.464 AX42P165
3742.64 68.1 0.636 -0.36 LAWLER ""
3742.647 20.0 2.707 -3.39 "" ""
3742.65 106.00113 1.088 -4.111 3.464 AX42P155
3742.659 106.00113 1.168 -10.18 3.464 CX13R105
3742.668 24.0 3.884 -1.37 "" ""
3742.678 74.0 2.785 0.08 "" ""
3742.703 607.01214 2.864 -4.938 7.724 1312Qc0135
3742.73 106.00113 0.727 -6.258 3.464 CX02R055
3742.757 607.01214 2.864 -2.297 7.724 1312Pb0135
3742.8 44.0 1.927 0.38 "" ""
3742.807 23.0 1.852 -3.88 "" ""
3742.82 22.0 2.152 -2.89 "" ""
3742.828 24.0 3.875 -4.58 "" ""
3742.834 106.00113 0.727 -9.318 3.464 CX02Q065
3742.84 106.00113 1.105 -4.555 3.464 AX53Q085
3742.855 6.0 7.482 -2.9 "" ""
3742.87 106.00113 1.105 -7.108 3.464 AX53R085
3742.876 607.01214 2.864 -2.277 7.724 1312Pa0145
3742.923 90.0 0.615 -0.49 "" ""
3742.935 24.1 2.542 -4.41 "" ""
3742.946 26.0 3.428 -1.84 "" ""
3742.952 26.1 4.491 -4.98 "" ""
3742.963 24.0 2.542 -0.93 SOBECK ""
3742.966 27.0 3.229 -5.67 "" ""
3742.975 106.00113 1.105 -6.034 3.464 AX53P095
3742.976 106.00113 0.727 -6.218 3.464 CX02R065
3742.982 25.0 4.432 -3.88 "" ""
3743.005 106.00113 1.105 -4.592 3.464 AX53Q095
3743.013 23.1 2.52 -3.12 "" ""
3743.041 24.0 2.542 -1.0 "" ""
3743.045 24.1 4.771 -4.33 "" ""
