wavelength species excitation loggf disassociation_energy comment
5087.797 607.01314 1.529 -3.433 7.724 1406Pd0205
5087.803 607.01214 1.581 -3.576 7.724 1406Pc0215
5087.815 106.00113 1.971 -9.658 3.464 AX56P105
5087.829 607.01314 2.173 -2.665 7.724 1809Pb0155
5087.842 21.0 1.985 -2.9 "" ""
5087.853 27.0 4.022 -0.85 "" ""
5087.879 23.0 2.121 -4.43 "" ""
5087.883 607.01314 1.578 -2.526 7.724 1406Rb0245
5087.891 24.0 3.553 -2.35 "" ""
5087.897 20.0 5.295 -6.34 "" ""
5087.925 607.01314 1.578 -3.191 7.724 1406Qd0255
5087.972 21.0 1.994 -1.77 "" ""
5087.982 607.01214 1.019 -4.041 7.724 1003Rd0345
5088.003 607.01314 2.806 -1.914 7.724 2111Qb0345
5088.034 607.01214 2.87 -2.505 7.724 2212Ra0155
5088.044 106.00113 0.976 -3.784 3.464 BX13P025
5088.05 607.01314 2.806 -3.326 7.724 2111Pd0355
5088.078 21.0 1.985 -2.01 "" ""
5088.078 607.01314 2.753 -3.032 7.724 2111Qc0305
5088.083 21.0 4.69 -2.73 "" ""
5088.091 23.0 2.576 -3.9 "" ""
5088.103 607.01314 2.161 -2.973 7.724 1809Qc0135
5088.119 607.01314 2.753 -2.295 7.724 2111Pa0315
5088.124 112.00124 0.34 0.069 1.340 11R215h24
5088.126 607.01314 2.161 -2.733 7.724 1809Pa0145
5088.153 26.0 4.151 -1.78 "" ""
5088.159 607.01214 0.842 -4.099 7.724 0902Qc0375
5088.185 607.01214 1.039 -2.92 7.724 0902Ra0485
5088.189 607.01214 0.775 -4.426 7.724 0902Pc0335
5088.195 106.00112 1.376 -7.345 3.464 AX02R215
5088.202 39.0 2.357 -0.62 "" ""
5088.22 112.00124 0.34 -2.084 1.340 11Q115b24
5088.229 607.01214 0.842 -3.117 7.724 0902Pa0385
5088.258 112.00125 0.34 0.069 1.340 11R215h25
5088.286 92.0 0.0 -2.02 "" ""
5088.319 62.0 0.101 -1.21 "" ""
5088.341 20.0 5.296 -6.54 "" ""
5088.344 607.01214 0.811 -3.577 7.724 1003Qc0155
5088.373 607.01214 0.811 -3.206 7.724 1003Pa0165
5088.38 112.00126 0.339 0.069 1.340 11R215h26
5088.437 607.01314 0.697 -5.171 7.724 0902Qc0295
5088.457 106.00112 2.279 -6.285 3.464 AX35R235
5088.461 112.00124 0.672 0.389 1.340 22Q222b24
5088.478 106.00112 2.119 -5.838 3.464 AX56Q145
5088.485 112.00124 0.672 -3.153 1.340 22R222b24
5088.488 24.0 3.32 -3.35 "" ""
5088.49 607.01314 0.697 -3.182 7.724 0902Pa0305
5088.501 607.01314 0.75 -3.912 7.724 1003Rd0085
5088.525 106.00112 2.119 -4.814 3.464 AX56P145
5088.531 607.01314 0.754 -3.899 7.724 1003Rd0095
5088.532 28.0 3.844 -0.98 "" ""
5088.544 23.0 2.121 -3.19 "" ""
5088.552 607.01314 2.241 -2.38 7.724 1809Rb0235
5088.577 607.01214 2.848 -2.819 7.724 2212Pb0105
5088.584 112.00124 0.527 -0.446 1.340 33R105b24
5088.585 112.00124 0.672 -3.154 1.340 22P122b24
5088.588 607.01314 2.241 -2.995 7.724 1809Qd0245
5088.59 607.01214 0.864 -2.703 7.724 1003Qb0215
5088.595 112.00124 0.34 0.092 1.340 11R115h24
5088.608 112.00124 0.672 0.408 1.340 22Q122b24
5088.608 607.01314 0.746 -3.93 7.724 1003Rd0075
5088.612 106.00112 2.119 -4.532 3.464 AX56P155
5088.631 607.01214 0.864 -3.87 7.724 1003Pd0225
5088.7 607.01314 0.758 -3.889 7.724 1003Rd0105
5088.715 23.0 2.113 -3.33 "" ""
5088.715 25.0 3.769 -6.08 "" ""
5088.729 112.00125 0.34 0.092 1.340 11R115h25
5088.737 112.00124 0.264 0.227 1.340 00R219h24
5088.749 24.0 3.842 -3.16 "" ""
5088.818 106.00113 1.972 -9.689 3.464 AX56P105
5088.851 112.00126 0.339 0.092 1.340 11R115h26
5088.852 607.01314 0.743 -3.954 7.724 1003Rd0065
5088.856 607.01214 2.848 -3.141 7.724 2212Rc0105
5088.86 112.00124 0.264 -2.156 1.340 00Q119b24
5088.877 106.00112 2.339 -5.651 3.464 AX45Q235
5088.89 106.00112 2.129 -3.725 3.464 AX13R285
5088.893 112.00125 0.263 0.227 1.340 00R219h25
5088.921 607.01214 0.791 -3.969 7.724 1003Pc0125
5088.928 106.00113 2.004 -6.965 3.464 AX45P175
5088.942 106.00112 2.339 -3.924 3.464 AX45P245
5088.953 28.0 3.676 -1.34 "" ""
5088.964 62.1 1.585 -1.47 "" ""
5088.969 23.0 2.503 -4.41 "" ""
5089.007 607.01314 0.763 -3.883 7.724 1003Rd0115
5089.008 106.00112 2.129 -3.753 3.464 AX13R275
5089.023 607.01314 2.188 -3.201 7.724 1809Rc0175
5089.029 106.00112 2.339 -4.308 3.464 AX45P235
5089.034 112.00126 0.263 0.227 1.340 00R219h26
5089.048 607.01314 2.188 -2.233 7.724 1809Qa0185
5089.057 27.0 3.25 -4.88 "" ""
5089.094 106.00112 2.129 -6.032 3.464 AX13Q285
5089.163 607.01214 2.848 -2.422 7.724 2212Qa0115
5089.169 23.0 2.636 -0.47 "" ""
5089.169 27.0 2.868 -5.09 "" ""
5089.186 607.01214 2.829 -3.573 7.724 2212Pc0055
5089.206 112.00124 0.264 0.246 1.340 00R119h24
5089.23 607.01314 0.741 -3.987 7.724 1003Rd0055
5089.231 24.0 4.436 -2.32 "" ""
5089.253 607.01214 2.864 -2.336 7.724 2212Qb0135
5089.268 607.01314 1.567 -2.514 7.724 1406Ra0245
5089.279 607.01214 0.827 -3.15 7.724 1003Pb0175
5089.302 92.1 1.055 -1.92 Nils02/46 ""
5089.306 607.01214 2.835 -2.992 7.724 2212Qc0075
5089.316 106.00113 2.041 -3.757 3.464 AX13R275
5089.347 106.00112 2.28 -6.678 3.464 AX23P295
5089.361 112.00125 0.263 0.246 1.340 00R119h25
5089.365 23.0 1.871 -6.0 "" ""
5089.455 607.01314 0.768 -3.88 7.724 1003Rd0125
5089.487 58.1 1.078 -1.9 LAWLER ""
5089.505 112.00126 0.263 0.246 1.340 00R119h26
5089.507 106.00113 2.041 -5.986 3.464 AX13Q275
5089.54 20.0 5.317 -1.84 "" ""
5089.566 607.01214 2.835 -3.008 7.724 2212Pa0085
5089.577 607.01214 2.864 -3.177 7.724 2212Pd0145
5089.617 58.0 0.849 -0.16 "" ""
5089.637 6.0 8.531 -3.95 "" ""
5089.643 25.0 4.657 -2.85 "" ""
5089.648 106.00112 1.441 -2.679 3.464 BX12P215
5089.654 106.00113 2.041 -3.779 3.464 AX13R265
5089.681 607.01214 2.891 -2.469 7.724 2212Rb0175
5089.741 607.01214 2.288 -3.037 7.724 1809Qc0235
5089.743 607.01314 0.738 -4.03 7.724 1003Rd0045
5089.758 20.0 5.177 -1.38 "" ""
5089.768 106.00112 1.441 -6.917 3.464 BX12Q215
5089.777 607.01214 2.288 -2.442 7.724 1809Pa0245
5089.788 607.01214 2.259 -3.377 7.724 1809Pc0205
5089.812 112.00124 0.641 0.121 1.340 33Q214b24
5089.832 60.1 0.204 -1.16 "" ""
5089.873 106.00112 1.441 -2.607 3.464 BX12P225
5089.886 23.0 3.242 -3.23 "" ""
5089.892 112.00124 0.641 -2.952 1.340 33P114b24
5089.899 21.0 2.109 -0.06 "" ""
5089.946 607.01214 2.891 -2.913 7.724 2212Qd0185
5089.971 607.01314 2.231 -2.367 7.724 1809Ra0235
5089.984 607.01314 2.204 -2.204 7.724 1809Qb0195
5089.986 106.00112 1.255 -3.386 3.464 BX02P185
5090.005 106.00113 2.395 -5.522 3.464 AX45Q245
5090.014 607.01314 2.204 -3.245 7.724 1809Pd0205
5090.039 23.0 2.129 -3.65 "" ""
5090.044 106.00113 2.395 -3.652 3.464 AX45P255
5090.044 607.01314 0.774 -3.879 7.724 1003Rd0135
5090.048 112.00124 0.42 -0.159 1.340 22R210b24
5090.049 106.00112 1.016 -3.463 3.464 BX13Q045
5090.065 607.01314 0.71 -3.19 7.724 0902Pb0305
5090.074 607.01214 0.854 -3.827 7.724 1003Rc0205
5090.08 106.00112 1.016 -5.966 3.464 BX13R045
5090.091 607.01214 0.935 -4.347 7.724 0902Rc0425
5090.093 106.00112 1.255 -7.613 3.464 BX02Q185
5090.112 112.00124 0.42 -1.958 1.340 22Q110b24
5090.113 607.01214 0.854 -2.704 7.724 1003Qa0215
5090.115 607.01214 2.299 -2.43 7.724 1809Pb0245
5090.116 607.01314 1.52 -3.392 7.724 1406Rc0185
5090.125 607.01314 1.473 -3.565 7.724 1406Pc0115
5090.131 22.0 2.425 -6.48 "" ""
5090.152 607.01314 1.52 -2.375 7.724 1406Qa0195
5090.16 106.00113 2.395 -3.928 3.464 AX45P245
5090.171 607.01214 0.935 -2.716 7.724 0902Qa0435
5090.183 112.00124 0.641 -2.951 1.340 33R214b24
5090.19 607.01314 2.149 -3.381 7.724 1809Pc0115
5090.217 106.00112 2.12 -5.864 3.464 AX56Q145
5090.224 106.00112 1.255 -3.292 3.464 BX02P195
5090.248 106.00113 1.031 -3.366 3.464 BX13Q055
5090.249 23.1 6.291 -2.11 "" ""
5090.259 106.00112 2.12 -4.532 3.464 AX56P155
5090.263 112.00124 0.641 0.151 1.340 33Q114b24
5090.264 106.00112 2.12 -4.814 3.464 AX56P145
5090.285 106.00113 1.031 -6.006 3.464 BX13R055
5090.285 23.1 4.241 -5.92 "" ""
5090.312 607.01214 2.877 -2.476 7.724 2212Ra0165
5090.342 24.1 5.869 -3.1 "" ""
5090.36 607.01214 0.795 -4.725 7.724 0801Pc0475
5090.38 112.00124 0.703 0.691 1.340 00Q232h24
5090.386 66.1 0.103 -2.33 "" ""
5090.389 607.01314 0.737 -4.09 7.724 1003Rd0035
5090.422 607.01314 1.491 -3.156 7.724 1406Qc0145
5090.431 607.01214 2.935 -3.297 7.724 2212Rd0235
5090.445 607.01314 1.491 -2.863 7.724 1406Pa0155
5090.452 106.00112 1.978 -9.658 3.464 AX56P105
5090.454 26.0 3.069 -4.5 "" ""
5090.454 607.01314 2.766 -2.288 7.724 2111Pb0315
5090.459 607.01214 1.674 -3.499 7.724 1406Rc0295
5090.492 607.01314 1.505 -2.801 7.724 1406Pb0165
5090.495 26.0 4.648 -4.22 "" ""
5090.511 607.01214 1.674 -2.161 7.724 1406Qa0305
5090.526 607.01214 0.934 -2.848 7.724 1003Rb0275
5090.537 112.00125 0.702 0.691 1.340 00Q232h25
5090.555 112.00124 0.703 -3.349 1.340 00P132b24
5090.561 112.00124 0.703 -3.349 1.340 00R232b24
5090.573 112.00124 0.42 -0.129 1.340 22R110b24
5090.578 607.01214 0.934 -3.644 7.724 1003Qd0285
5090.587 106.00112 1.016 -5.883 3.464 BX13P055
5090.605 42.0 2.521 -2.0 "" ""
5090.618 106.00112 1.016 -3.365 3.464 BX13Q055
5090.64 45.0 1.142 -1.93 "" ""
5090.646 20.0 5.317 -4.03 "" ""
5090.674 112.00126 0.701 0.691 1.340 00Q232h26
5090.684 106.00113 1.032 -5.96 3.464 BX13P065
5090.721 106.00113 1.032 -3.278 3.464 BX13Q065
5090.721 112.00124 0.367 -1.671 1.340 22R105b24
5090.723 27.0 1.739 -4.06 "" ""
5090.729 73.0 1.202 -1.58 "" ""
5090.736 112.00124 0.703 0.704 1.340 00Q132h24
5090.754 106.00113 1.372 -7.283 3.464 AX02R215
5090.773 26.0 4.253 -0.4 "" ""
5090.775 607.01314 0.78 -3.879 7.724 1003Rd0145
5090.791 25.1 6.489 -6.12 "" ""
5090.81 24.0 4.437 -2.47 "" ""
5090.858 22.0 0.899 -3.6 "" ""
5090.885 58.1 1.692 -0.63 "" ""
5090.891 112.00125 0.702 0.704 1.340 00Q132h25
5090.916 42.0 3.221 -1.6 "" ""
5090.971 42.0 3.199 -1.2 "" ""
5090.985 607.01214 0.921 -2.838 7.724 1003Ra0275
5090.992 607.01214 2.853 -3.138 7.724 2212Rc0115
5091.006 25.0 5.083 -0.93 "" ""
5091.017 24.0 3.085 -5.83 "" ""
5091.03 112.00126 0.702 0.704 1.340 00Q132h26
5091.123 24.1 6.798 -2.06 "" ""
5091.145 26.0 4.981 -3.43 "" ""
5091.168 607.01314 0.735 -4.174 7.724 1003Rd0025
5091.207 607.01214 2.333 -3.294 7.724 1809Rc0275
5091.209 607.01314 2.167 -2.971 7.724 1809Qc0145
5091.21 607.01214 1.624 -3.246 7.724 1406Qc0255
5091.214 112.00124 0.521 -0.563 1.340 33R204b24
5091.224 607.01314 1.538 -2.347 7.724 1406Qb0205
5091.232 607.01314 2.167 -2.693 7.724 1809Pa0155
5091.241 112.00124 0.521 -1.714 1.340 33Q104b24
5091.249 607.01214 2.333 -2.023 7.724 1809Qa0285
5091.255 607.01214 1.624 -2.574 7.724 1406Pa0265
5091.26 607.01314 1.538 -3.438 7.724 1406Pd0215
5091.286 27.0 0.581 -4.26 "" ""
5091.307 112.00124 0.673 0.549 1.340 11Q227h24
5091.308 607.01214 2.853 -2.379 7.724 2212Qa0125
5091.334 42.0 2.593 -1.82 "" ""
5091.406 607.01314 1.588 -2.507 7.724 1406Rb0255
5091.429 106.00112 0.978 -3.795 3.464 BX13P015
5091.437 106.00112 0.978 -6.929 3.464 BX13Q015
5091.439 112.00125 0.672 0.549 1.340 11Q227h25
5091.45 607.01314 1.589 -3.198 7.724 1406Qd0265
5091.455 106.00112 1.979 -9.689 3.464 AX56P105
5091.458 112.00124 0.673 -3.256 1.340 11P127b24
5091.497 607.01214 2.839 -2.969 7.724 2212Qc0085
5091.518 112.00124 0.673 -3.256 1.340 11R227b24
5091.533 22.0 2.479 -2.04 "" ""
5091.535 607.01314 2.806 -3.292 7.724 2111Rc0345
5091.545 607.01314 2.18 -2.631 7.724 1809Pb0165
5091.551 42.0 3.441 -1.67 "" ""
5091.555 112.00126 0.671 0.549 1.340 11Q227h26
5091.582 607.01314 2.806 -1.901 7.724 2111Qa0355
5091.596 24.0 4.201 -4.09 "" ""
5091.61 22.1 5.659 -4.45 "" ""
5091.621 607.01214 2.832 -3.497 7.724 2212Pc0065
5091.649 607.01314 0.786 -3.881 7.724 1003Rd0155
5091.664 24.0 3.844 -2.96 "" ""
5091.669 112.00124 0.673 0.565 1.340 11Q127h24
5091.685 106.00112 1.378 -7.283 3.464 AX02R215
5091.71 607.01214 0.819 -3.58 7.724 1003Qc0165
5091.717 26.0 4.291 -3.49 "" ""
5091.723 607.01214 2.853 -2.769 7.724 2212Pb0115
5091.726 26.0 3.544 -3.79 "" ""
5091.727 26.0 3.412 -4.32 "" ""
5091.731 58.0 0.172 -0.72 "" ""
5091.734 58.0 0.826 -0.08 "" ""
5091.742 607.01214 0.819 -3.172 7.724 1003Pa0175
5091.774 607.01214 2.839 -2.936 7.724 2212Pa0095
5091.778 106.00113 1.866 -7.767 3.464 CX05P145
5091.798 112.00125 0.672 0.565 1.340 11Q127h25
5091.808 20.0 5.317 -4.23 "" ""
5091.815 106.00113 1.866 -7.591 3.464 CX05P155
5091.831 23.0 3.085 -4.43 "" ""
5091.866 607.01214 1.688 -2.16 7.724 1406Qb0305
5091.867 607.01214 0.86 -3.113 7.724 0902Pb0385
5091.884 24.0 1.003 -3.04 "" ""
5091.917 112.00126 0.672 0.565 1.340 11Q127h26
5091.919 607.01214 1.688 -3.549 7.724 1406Pd0315
5091.975 106.00112 2.28 -6.222 3.464 AX35R235
5091.977 607.01214 1.636 -2.565 7.724 1406Pb0265
5091.988 22.0 2.736 -4.04 "" ""
5092.04 607.01214 1.035 -4.047 7.724 1003Rd0355
5092.066 22.0 2.343 -2.34 "" ""
5092.078 607.01314 0.734 -4.301 7.724 1003Rd0015
5092.123 112.00124 0.645 0.371 1.340 22Q221b24
5092.126 112.00124 0.623 0.09 1.340 33Q213b24
5092.151 42.0 3.901 -0.67 "" ""
5092.156 607.01314 2.196 -3.206 7.724 1809Rc0185
5092.186 607.01314 2.196 -2.206 7.724 1809Qa0195
5092.199 106.00112 2.009 -6.914 3.464 AX45P175
5092.201 112.00124 0.623 -2.921 1.340 33P113b24
5092.208 607.01314 2.251 -2.36 7.724 1809Rb0245
5092.218 24.0 4.446 -4.11 "" ""
5092.243 112.00124 0.645 -2.823 1.340 22P121b24
5092.244 607.01314 2.251 -3.002 7.724 1809Qd0255
5092.247 22.0 1.738 -5.88 "" ""
5092.248 42.0 3.779 -1.09 "" ""
5092.25 64.1 1.725 -0.23 LAWLER ""
5092.267 607.01214 2.87 -2.299 7.724 2212Qb0145
5092.277 106.00112 2.1 -6.599 3.464 AX34P235
5092.314 112.00124 0.521 -0.516 1.340 33R104b24
5092.327 607.01214 0.875 -2.68 7.724 1003Qb0225
5092.331 27.0 3.407 -3.09 "" ""
5092.338 106.00113 1.866 -11.931 3.464 CX05Q145
5092.347 607.01214 2.346 -2.021 7.724 1809Qb0285
5092.37 607.01214 0.875 -3.878 7.724 1003Pd0235
5092.39 607.01214 2.346 -3.337 7.724 1809Pd0295
5092.415 112.00124 0.645 -2.846 1.340 22R221b24
5092.45 106.00113 0.975 -4.835 3.464 BX13P015
5092.45 21.0 2.567 -0.76 "" ""
5092.499 607.01314 1.578 -2.495 7.724 1406Ra0255
5092.534 112.00124 0.645 0.391 1.340 22Q121b24
5092.538 112.00124 0.51 -1.378 1.340 33R101b24
5092.539 112.00124 0.623 -2.92 1.340 33R213b24
5092.541 607.01214 1.061 -2.924 7.724 0902Rb0485
5092.558 607.01214 0.797 -3.962 7.724 1003Pc0135
5092.582 607.01214 2.87 -3.176 7.724 2212Pd0155
5092.614 112.00124 0.623 0.123 1.340 33Q113b24
5092.631 607.01214 1.061 -4.145 7.724 0902Qd0495
5092.637 23.1 3.75 -4.59 "" ""
5092.668 607.01314 0.793 -3.884 7.724 1003Rd0165
5092.681 63.0 2.058 0.06 "" ""
5092.688 26.0 5.006 -1.91 "" ""
5092.691 106.00112 2.34 -3.924 3.464 AX45P245
5092.691 42.0 3.196 -1.5 "" ""
5092.748 24.0 4.774 -2.52 "" ""
5092.754 27.0 4.022 -2.24 "" ""
5092.767 106.00112 2.34 -5.69 3.464 AX45Q235
5092.768 607.01314 0.659 -4.607 7.724 0902Pc0265
5092.777 607.01214 2.899 -2.442 7.724 2212Rb0185
5092.78 42.0 3.736 -1.28 "" ""
5092.79 60.1 0.38 -0.61 LAWLER ""
5092.79 607.01214 2.884 -2.449 7.724 2212Ra0175
5092.801 21.0 4.69 -1.69 "" ""
5092.842 106.00112 0.979 -3.783 3.464 BX13P025
5092.858 22.1 2.596 -3.68 "" ""
5092.887 14.0 5.078 -3.28 "" ""
5092.92 106.00112 2.34 -4.308 3.464 AX45P235
5093.011 24.1 6.28 -4.49 "" ""
5093.013 607.01214 2.899 -2.918 7.724 2212Qd0195
5093.078 20.0 5.817 -3.3 "" ""
5093.08 112.00124 0.227 -1.782 1.340 11R108b24
5093.087 106.00113 1.243 -3.143 3.464 BX13R125
5093.089 607.01214 1.591 -3.581 7.724 1406Pc0225
5093.12 607.01314 0.734 -4.53 7.724 1003Rd0005
5093.195 27.0 4.471 -3.86 "" ""
5093.205 607.01214 0.836 -3.121 7.724 1003Pb0185
5093.206 26.0 3.412 -7.72 "" ""
5093.224 607.01314 1.529 -3.398 7.724 1406Rc0195
5093.256 607.01314 1.529 -2.349 7.724 1406Qa0205
5093.286 106.00113 1.243 -7.117 3.464 BX13Q135
5093.29 106.00113 1.542 -10.093 3.464 CX05R025
5093.315 607.01314 2.241 -2.348 7.724 1809Ra0245
5093.331 607.01214 2.858 -3.137 7.724 2212Rc0125
5093.37 106.00113 1.243 -3.083 3.464 BX13R135
5093.372 58.0 0.466 -0.54 "" ""
5093.4 607.01214 1.204 -4.516 7.724 0902Rd0555
5093.43 24.0 1.029 -4.08 "" ""
5093.465 26.1 6.798 -2.14 "" ""
5093.478 21.0 2.567 -1.54 "" ""
5093.484 607.01214 0.864 -3.834 7.724 1003Rc0215
5093.486 607.01314 1.478 -3.552 7.724 1406Pc0125
5093.49 22.0 1.738 -4.01 "" ""
5093.525 25.1 6.49 -4.68 "" ""
5093.525 607.01214 0.864 -2.682 7.724 1003Qa0225
5093.545 24.0 4.172 -4.2 "" ""
5093.548 27.0 2.872 -4.14 "" ""
5093.562 112.00124 0.32 0.042 1.340 11R214h24
5093.58 607.01314 1.498 -3.157 7.724 1406Qc0155
5093.607 607.01314 1.498 -2.826 7.724 1406Pa0165
5093.611 21.0045 2.146 -2.8 LAWHFS ""
5093.613 607.01314 2.155 -3.367 7.724 1809Pc0125
5093.615 21.0045 2.146 -2.98 LAWHFS ""
5093.619 21.0045 2.146 -2.8 LAWHFS ""
5093.621 21.0045 2.146 -3.23 LAWHFS ""
5093.627 21.0045 2.146 -2.64 LAWHFS ""
5093.63 21.0045 2.146 -3.66 LAWHFS ""
5093.631 21.0045 2.146 -3.11 LAWHFS ""
5093.638 21.0045 2.146 -2.63 LAWHFS ""
5093.643 21.0045 2.146 -2.67 LAWHFS ""
5093.651 21.0045 2.146 -2.79 LAWHFS ""
5093.651 607.01214 2.858 -2.339 7.724 2212Qa0135
5093.652 112.00124 0.32 -2.057 1.340 11Q114b24
5093.656 607.01314 2.212 -2.179 7.724 1809Qb0205
5093.658 21.0045 2.146 -2.38 LAWHFS ""
5093.675 21.0045 2.146 -2.17 LAWHFS ""
5093.687 112.00125 0.32 0.042 1.340 11R214h25
5093.689 607.01314 2.212 -3.25 7.724 1809Pd0215
5093.744 24.0 3.844 -4.35 "" ""
5093.8 25.0 4.824 -2.85 "" ""
5093.8 25.0 4.824 -3.69 "" ""
5093.802 112.00126 0.319 0.042 1.340 11R214h26
5093.803 607.01214 2.945 -3.304 7.724 2212Rd0245
5093.831 44.0 1.176 -1.39 "" ""
5093.831 607.01314 0.801 -3.887 7.724 1003Rd0175
5093.87 22.0 3.556 -1.53 "" ""
5093.881 607.01314 0.737 -3.94 7.724 1003Rb0025
5093.885 607.01314 0.735 -4.113 7.724 1003Rb0015
5093.888 607.01314 0.737 -3.768 7.724 1003Qd0035
5093.89 607.01314 0.735 -3.858 7.724 1003Qd0025
5093.892 607.01214 2.843 -2.951 7.724 2212Qc0095
5093.969 26.0 4.909 -1.03 "" ""
5093.985 22.0 2.332 -2.91 "" ""
5093.986 607.01314 0.71 -5.336 7.724 0902Qc0305
5093.995 106.00112 2.131 -3.726 3.464 AX13R285
5094.009 607.01314 0.738 -3.81 7.724 1003Rb0035
5094.017 607.01314 0.738 -3.702 7.724 1003Qd0045
5094.021 607.01314 0.734 -4.388 7.724 1003Rb0005
5094.023 607.01314 0.734 -3.988 7.724 1003Qd0015
5094.039 112.00124 0.32 0.066 1.340 11R114h24
5094.042 607.01314 0.711 -3.166 7.724 0902Pa0315
5094.051 607.01314 2.775 -3.325 7.724 2212Rd0065
5094.056 106.00112 1.581 -8.566 3.464 CX05R045
5094.056 607.01314 2.772 -3.36 7.724 2212Rd0055
5094.058 106.00113 2.397 -3.653 3.464 AX45P255
5094.13 90.0 1.76 -0.68 "" ""
5094.146 112.00124 0.093 -1.862 1.340 00R111b24
5094.148 106.00113 2.395 -6.209 3.464 AX35R255
5094.166 112.00125 0.32 0.066 1.340 11R114h25
5094.177 106.00113 2.397 -5.563 3.464 AX45Q245
5094.184 607.01214 2.843 -2.872 7.724 2212Pa0105
5094.189 22.0 3.348 -3.63 "" ""
5094.203 106.00112 2.131 -5.989 3.464 AX13Q285
5094.216 607.01314 2.778 -3.298 7.724 2212Rd0075
5094.229 607.01314 2.77 -3.407 7.724 2212Rd0045
5094.23 607.01314 1.512 -2.769 7.724 1406Pb0175
5094.237 607.01314 2.728 -3.363 7.724 2111Pc0285
5094.266 607.01214 2.835 -3.442 7.724 2212Pc0075
5094.27 607.01314 0.741 -3.705 7.724 1003Rb0045
5094.28 607.01314 0.741 -3.654 7.724 1003Qd0055
5094.282 112.00126 0.319 0.066 1.340 11R114h26
5094.288 607.01314 0.734 -4.155 7.724 1003Qd0005
5094.293 112.00124 0.607 0.056 1.340 33Q212b24
5094.301 106.00112 2.131 -3.753 3.464 AX13R275
5094.314 23.0 2.579 -8.02 "" ""
5094.316 106.00113 2.397 -3.928 3.464 AX45P245
5094.331 607.01214 0.955 -2.715 7.724 0902Qb0435
5094.333 24.0 5.273 -1.54 "" ""
5094.364 112.00124 0.607 -2.888 1.340 33P112b24
5094.392 41.0 0.0 -2.1 "" ""
5094.406 28.0 3.83 -1.08 "" ""
5094.412 607.01214 0.955 -4.41 7.724 0902Pd0445
5094.419 607.01214 0.947 -2.83 7.724 1003Rb0285
5094.431 24.0 3.373 -3.55 "" ""
5094.461 106.00112 1.581 -8.561 3.464 CX05R055
5094.465 607.01314 2.766 -3.039 7.724 2111Qc0315
5094.472 607.01214 0.947 -3.651 7.724 1003Qd0295
5094.495 607.01314 2.173 -2.971 7.724 1809Qc0155
5094.508 607.01314 2.766 -2.279 7.724 2111Pa0325
5094.519 607.01314 2.173 -2.656 7.724 1809Pa0165
5094.53 106.00112 1.581 -11.316 3.464 CX05Q055
5094.55 607.01314 2.781 -3.277 7.724 2212Rd0085
5094.557 607.01314 2.821 -1.9 7.724 2111Qb0355
5094.57 607.01314 2.769 -3.469 7.724 2212Rd0035
5094.589 112.00124 0.406 -0.199 1.340 22R209b24
5094.609 607.01214 0.934 -2.821 7.724 1003Ra0285
5094.618 112.00124 0.516 -0.641 1.340 33R203b24
5094.621 22.0 2.486 -1.52 LAWLER ""
5094.638 112.00124 0.516 -1.703 1.340 33Q103b24
5094.647 112.00124 0.406 -1.921 1.340 22Q109b24
5094.665 607.01314 0.743 -3.616 7.724 1003Rb0055
5094.676 607.01314 0.743 -3.618 7.724 1003Qd0065
5094.686 106.00112 2.01 -6.964 3.464 AX45P175
5094.738 112.00124 0.607 -2.886 1.340 33R212b24
5094.769 106.00113 1.8 -6.56 3.464 AX24R195
5094.809 112.00124 0.607 0.092 1.340 33Q112b24
5094.844 607.01314 1.547 -2.323 7.724 1406Qb0215
5094.876 607.01214 2.299 -3.044 7.724 1809Qc0245
5094.881 607.01314 1.547 -3.445 7.724 1406Pd0225
5094.896 112.00124 0.238 0.206 1.340 00R218h24
5094.913 106.00113 0.985 -3.778 3.464 BX13P025
5094.914 607.01214 2.299 -2.42 7.724 1809Pa0255
5094.927 106.00113 0.985 -8.499 3.464 BX13Q025
5094.942 27.0 2.041 -1.99 "" ""
5094.948 26.0 4.206 -2.72 "" ""
5094.958 106.00113 2.333 -6.251 3.464 AX35R245
5094.999 27.0 4.107 -0.82 "" ""
5095.014 112.00124 0.238 -2.134 1.340 00Q118b24
5095.02 23.0 3.236 -3.5 "" ""
5095.036 106.00113 2.094 -6.599 3.464 AX34P235
5095.043 112.00125 0.238 0.206 1.340 00R218h25
5095.053 607.01214 2.858 -2.723 7.724 2212Pb0125
5095.055 607.01314 2.784 -3.262 7.724 2212Rd0095
5095.067 607.01214 2.268 -3.381 7.724 1809Pc0215
5095.068 90.0 2.284 0.12 "" ""
5095.075 26.0 4.987 -2.68 "" ""
5095.077 607.01314 2.768 -3.556 7.724 2212Rd0025
5095.08 23.0 0.275 -5.78 "" ""
5095.093 607.01214 0.86 -4.106 7.724 0902Qc0385
5095.093 607.01314 1.6 -2.488 7.724 1406Rb0265
5095.113 106.00112 1.034 -3.365 3.464 BX13Q055
5095.137 23.1 6.161 -4.62 "" ""
5095.138 607.01314 1.6 -3.204 7.724 1406Qd0275
5095.14 607.01314 0.809 -3.892 7.724 1003Rd0185
5095.149 106.00112 1.034 -6.005 3.464 BX13R055
5095.151 112.00124 0.406 -0.166 1.340 22R109b24
5095.157 106.00112 2.283 -6.755 3.464 AX23P295
5095.165 607.01214 0.86 -3.105 7.724 0902Pa0395
5095.176 112.00126 0.237 0.206 1.340 00R218h26
5095.187 607.01214 1.061 -2.91 7.724 0902Ra0495
5095.194 607.01314 0.746 -3.54 7.724 1003Rb0065
5095.207 607.01314 0.746 -3.591 7.724 1003Qd0075
5095.209 607.01314 0.734 -4.155 7.724 1003Qb0005
5095.211 607.01314 0.734 -4.457 7.724 1003Pd0015
5095.217 73.0 1.594 -1.66 "" ""
5095.249 607.01214 0.827 -3.584 7.724 1003Qc0175
5095.259 607.01214 0.791 -4.433 7.724 0902Pc0345
5095.282 607.01214 0.827 -3.14 7.724 1003Pa0185
5095.289 26.0 3.981 -3.81 "" ""
5095.293 41.0 0.086 -1.04 "" ""
5095.362 26.0 3.234 -5.1 "" ""
5095.365 112.00124 0.238 0.226 1.340 00R118h24
5095.383 23.1 2.219 -6.34 "" ""
5095.405 26.0 4.635 -3.85 "" ""
5095.424 607.01314 2.188 -2.599 7.724 1809Pb0175
5095.454 23.0 1.847 -7.41 "" ""
5095.467 607.01214 2.877 -2.264 7.724 2212Qb0155
5095.469 607.01314 2.204 -3.212 7.724 1809Rc0195
5095.471 607.01214 2.891 -2.423 7.724 2212Ra0185
5095.498 607.01314 2.204 -2.181 7.724 1809Qa0205
5095.512 112.00125 0.238 0.226 1.340 00R118h25
5095.531 24.1 3.744 -6.29 "" ""
5095.548 106.00112 1.035 -5.959 3.464 BX13P065
5095.559 24.0 4.398 -3.72 "" ""
5095.575 607.01214 2.31 -2.41 7.724 1809Pb0255
5095.584 106.00112 1.035 -3.277 3.464 BX13Q065
5095.605 106.00112 2.221 -6.306 3.464 AX35R225
5095.647 112.00126 0.237 0.226 1.340 00R118h26
5095.659 23.0 1.802 -3.55 "" ""
5095.665 24.0 3.842 -4.48 "" ""
5095.698 112.00124 0.618 0.352 1.340 22Q220b24
5095.732 607.01314 2.788 -3.25 7.724 2212Rd0105
5095.751 607.01314 2.767 -3.686 7.724 2212Rd0015
5095.772 106.00112 1.806 -6.56 3.464 AX24R195
5095.772 607.01214 2.877 -3.177 7.724 2212Pd0165
5095.796 112.00124 0.663 0.679 1.340 00Q231h24
5095.813 112.00124 0.619 -3.109 1.340 22P120b24
5095.848 112.00124 0.639 0.535 1.340 11Q226h24
5095.859 607.01314 0.75 -3.473 7.724 1003Rb0075
5095.865 607.01314 0.735 -3.917 7.724 1003Qb0015
5095.869 607.01314 0.735 -4.227 7.724 1003Pd0025
5095.87 106.00113 0.985 -3.721 3.464 BX13P035
5095.874 607.01314 0.75 -3.57 7.724 1003Qd0085
5095.876 607.01214 2.864 -3.138 7.724 2212Rc0135
5095.88 42.0 2.595 -1.55 "" ""
5095.9 607.01314 1.589 -2.477 7.724 1406Ra0265
5095.914 112.00124 0.516 -0.601 1.340 33R103b24
5095.94 607.01314 0.724 -3.174 7.724 0902Pb0315
5095.941 112.00124 0.618 -3.109 1.340 22R220b24
5095.943 112.00125 0.662 0.679 1.340 00Q231h25
5095.961 22.0 2.66 -1.97 "" ""
5095.969 112.00124 0.663 -3.334 1.340 00P131b24
5095.972 112.00125 0.638 0.535 1.340 11Q226h25
5095.979 112.00124 0.663 -3.333 1.340 00R231b24
5095.995 112.00124 0.639 -3.238 1.340 11P126b24
5096.037 607.01314 2.262 -2.341 7.724 1809Rb0255
5096.057 112.00124 0.619 0.373 1.340 22Q120b24
5096.069 112.00124 0.639 -3.237 1.340 11R226b24
5096.07 64.1 1.101 -1.21 LAWLER ""
5096.074 112.00126 0.662 0.679 1.340 00Q231h26
5096.075 607.01214 2.908 -2.416 7.724 2212Rb0195
5096.075 607.01314 2.262 -3.008 7.724 1809Qd0265
5096.082 23.0 3.087 -0.91 "" ""
5096.083 112.00126 0.638 0.535 1.340 11Q226h26
5096.152 112.00124 0.663 0.693 1.340 00Q131h24
5096.17 26.0 4.581 -3.73 "" ""
5096.196 607.01214 2.864 -2.301 7.724 2212Qa0145
5096.217 112.00124 0.639 0.551 1.340 11Q126h24
5096.224 607.01214 0.886 -2.658 7.724 1003Qb0235
5096.265 607.01214 1.051 -4.054 7.724 1003Rd0365
5096.268 607.01214 0.886 -3.886 7.724 1003Pd0245
5096.274 607.01214 2.908 -2.922 7.724 2212Qd0205
5096.283 106.00113 1.053 -3.279 3.464 BX13Q065
5096.298 112.00124 0.592 0.019 1.340 33Q211b24
5096.298 112.00125 0.662 0.693 1.340 00Q131h25
5096.312 106.00112 1.666 -11.738 3.464 CX05R085
5096.326 106.00113 1.053 -6.037 3.464 BX13R065
5096.333 112.00125 0.639 0.551 1.340 11Q126h25
5096.363 112.00124 0.592 -2.853 1.340 33P111b24
5096.366 607.01214 2.346 -3.301 7.724 1809Rc0285
5096.371 607.01214 0.804 -3.957 7.724 1003Pc0145
5096.378 106.00112 2.102 -6.665 3.464 AX34P235
5096.406 26.0 2.557 -4.82 "" ""
5096.407 24.1 6.8 -3.1 "" ""
5096.41 106.00112 1.666 -8.827 3.464 CX05Q085
5096.41 607.01214 2.346 -2.006 7.724 1809Qa0295
5096.429 112.00126 0.662 0.693 1.340 00Q131h26
5096.433 63.0 2.409 0.48 "" ""
5096.446 112.00126 0.638 0.551 1.340 11Q126h26
5096.46 607.01214 1.636 -3.253 7.724 1406Qc0265
5096.493 75.0 2.02 -2.18 "" ""
5096.496 607.01214 2.848 -2.939 7.724 2212Qc0105
5096.503 607.01314 1.538 -3.404 7.724 1406Rc0205
5096.507 607.01214 1.636 -2.555 7.724 1406Pa0275
5096.516 60.1 0.55 -1.18 "" ""
5096.538 607.01314 1.538 -2.325 7.724 1406Qa0215
5096.575 26.0 4.73 -4.12 "" ""
5096.581 607.01314 2.793 -3.242 7.724 2212Rd0115
5096.589 106.00112 1.666 -9.506 3.464 CX05Q095
5096.591 607.01314 2.766 -3.917 7.724 2212Rd0005
5096.596 607.01314 0.817 -3.897 7.724 1003Rd0195
5096.63 24.1 6.798 -3.94 "" ""
5096.637 42.0 2.596 -1.15 "" ""
5096.643 106.00113 1.053 -6.021 3.464 BX13P075
5096.652 607.01314 0.737 -3.733 7.724 1003Qb0025
5096.658 607.01314 0.737 -4.098 7.724 1003Pd0035
5096.661 607.01314 0.754 -3.413 7.724 1003Rb0085
5096.678 607.01314 0.754 -3.555 7.724 1003Qd0095
5096.686 106.00113 1.053 -3.198 3.464 BX13Q075
5096.687 106.00112 1.666 -15.113 3.464 CX05P095
5096.7 21.0045 1.433 -2.63 LAWHFS ""
5096.707 21.0045 1.433 -1.76 LAWHFS ""
5096.707 21.0045 1.433 -2.2 LAWHFS ""
5096.712 21.0045 1.433 -1.6 LAWHFS ""
5096.713 21.0045 1.433 -1.95 LAWHFS ""
5096.715 21.0045 1.433 -1.14 LAWHFS ""
5096.717 21.0045 1.433 -1.61 LAWHFS ""
5096.717 21.0045 1.433 -1.77 LAWHFS ""
5096.719 21.0045 1.433 -1.35 LAWHFS ""
5096.72 21.0045 1.433 -1.77 LAWHFS ""
5096.722 21.0045 1.433 -1.64 LAWHFS ""
5096.724 21.0045 1.433 -2.08 LAWHFS ""
5096.727 24.0 3.548 -1.44 "" ""
5096.78 112.00124 0.592 -2.85 1.340 33R211b24
5096.799 607.01214 2.848 -2.815 7.724 2212Pa0115
5096.836 25.1 6.663 -2.72 "" ""
5096.84 607.01314 2.251 -2.329 7.724 1809Ra0255
5096.845 112.00124 0.592 0.058 1.340 33Q111b24
5096.863 28.0 3.737 -0.9 LAWLER ""
5096.913 607.01314 1.505 -3.159 7.724 1406Qc0165
5096.926 106.00113 1.57 -6.516 3.464 BX02P245
5096.942 607.01314 1.505 -2.792 7.724 1406Pa0175
5096.984 24.0 3.847 -3.59 "" ""
5096.998 26.0 4.28 -0.2 "" ""
5097.022 607.01314 1.484 -3.543 7.724 1406Pc0135
5097.034 607.01314 0.735 -4.457 7.724 1003Pb0015
5097.046 607.01214 0.955 -4.352 7.724 0902Rc0435
5097.049 25.1 6.663 -2.98 "" ""
5097.062 22.1 1.23 -5.23 "" ""
5097.063 607.01214 0.875 -3.842 7.724 1003Rc0225
5097.09 26.0 4.981 -3.0 "" ""
5097.106 607.01214 0.875 -2.66 7.724 1003Qa0235
5097.12 607.01214 2.839 -3.4 7.724 2212Pc0085
5097.128 607.01214 0.955 -2.704 7.724 0902Qa0445
5097.13 607.01314 2.779 -2.273 7.724 2111Pb0325
5097.171 19.0 1.609 -2.34 "" ""
5097.202 25.1 5.832 -5.11 "" ""
5097.221 607.01314 2.161 -3.357 7.724 1809Pc0135
5097.259 58.0 0.384 -0.81 "" ""
5097.279 106.00112 0.978 -4.834 3.464 BX13P015
5097.283 24.0 2.913 -3.49 "" ""
5097.288 607.01214 0.845 -3.093 7.724 1003Pb0195
5097.295 24.0 4.172 -2.8 "" ""
5097.299 106.00113 2.336 -5.726 3.464 AX56P205
5097.311 24.1 3.711 -2.64 "" ""
5097.352 26.0 2.174 -6.0 "" ""
5097.38 112.00124 0.36 -1.606 1.340 22R104b24
5097.387 607.01214 2.955 -3.311 7.724 2212Rd0255
5097.395 24.0 3.847 -2.92 "" ""
5097.418 607.01314 2.768 -3.245 7.724 2212Qd0025
5097.418 607.01314 2.768 -3.515 7.724 2212Rb0015
5097.422 607.01314 2.767 -3.788 7.724 2212Rb0005
5097.425 607.01314 2.767 -3.378 7.724 2212Qd0015
5097.439 26.0 4.984 -1.77 "" ""
5097.448 22.0 3.397 -3.01 "" ""
5097.467 27.1 5.171 -2.48 "" ""
5097.479 106.00113 1.801 -6.504 3.464 AX24R195
5097.509 607.01314 2.221 -2.154 7.724 1809Qb0215
5097.517 42.0 2.274 -1.17 "" ""
5097.526 607.01214 1.648 -2.546 7.724 1406Pb0275
5097.532 27.0 2.628 -4.6 "" ""
5097.536 607.01314 2.221 -3.256 7.724 1809Pd0225
5097.57 607.01314 0.738 -3.592 7.724 1003Qb0035
5097.574 607.01314 2.769 -3.152 7.724 2212Qd0035
5097.574 607.01314 2.769 -3.343 7.724 2212Rb0025
5097.578 607.01314 0.738 -4.013 7.724 1003Pd0045
5097.596 607.01314 2.766 -3.549 7.724 2212Qd0005
5097.602 607.01314 0.758 -3.359 7.724 1003Rb0095
5097.604 607.01314 2.797 -3.237 7.724 2212Rd0125
5097.62 607.01314 0.758 -3.544 7.724 1003Qd0105
5097.706 23.0 2.573 -5.01 "" ""
5097.717 106.00113 2.211 -10.121 3.464 CX05P215
