wavelength species excitation loggf disassociation_energy comment
4758.666 23.0 1.929 -0.97 "" ""
4758.704 112.00124 0.42 -1.022 1.340 32R210b24
4758.704 64.0 0.88 0.04 "" ""
4758.722 26.0 4.073 -3.5 "" ""
4758.758 23.0 1.217 -2.22 "" ""
4758.759 112.00124 0.42 -2.776 1.340 32Q110b24
4758.823 106.00113 1.563 -3.573 3.464 AX34R135
4758.835 75.0 1.435 -2.18 "" ""
4758.901 22.0 0.835 -2.17 LAWLER ""
4758.932 106.00113 2.18 -6.19 3.464 AX23R285
4758.936 106.00113 1.563 -3.651 3.464 AX34R145
4758.946 106.00113 2.18 -8.109 3.464 AX23Q295
4758.951 21.0 2.0 -2.96 "" ""
4758.967 23.0 2.245 -4.1 "" ""
4758.969 106.00113 1.563 -5.238 3.464 AX34Q145
4758.974 25.0 4.636 -4.2 "" ""
4758.975 14.0 4.95 -2.43 "" ""
4758.98 106.00112 2.221 -6.039 3.464 AX45R225
4758.987 106.00112 1.758 -7.594 3.464 AX45R125
4759.022 23.0 2.121 -1.88 LAWNOHFS ""
4759.029 106.00113 1.438 -2.746 3.464 AX01Q265
4759.054 22.0 1.738 -5.4 "" ""
4759.055 22.0 3.177 -3.23 "" ""
4759.083 60.0 0.456 -0.4 "" ""
4759.089 106.00113 1.438 -5.759 3.464 AX01R255
4759.118 106.00113 2.18 -4.26 3.464 AX23Q285
4759.133 106.00113 2.18 -5.94 3.464 AX23P295
4759.142 22.0 2.776 -2.54 "" ""
4759.196 25.1 6.489 -3.19 "" ""
4759.198 27.0 3.189 -5.09 "" ""
4759.2 106.00113 1.438 -5.228 3.464 AX01P265
4759.213 112.00124 0.42 -0.992 1.340 32R110b24
4759.261 106.00113 1.438 -2.733 3.464 AX01Q255
4759.27 22.0 2.254 0.59 LAWLER ""
4759.292 112.00124 0.128 -1.317 1.340 10R213b24
4759.298 21.0 2.336 -3.71 "" ""
4759.341 60.0 0.0 -1.12 "" ""
4759.369 112.00124 0.128 -3.359 1.340 10Q113b24
4759.47 24.0 4.528 -1.68 "" ""
4759.638 22.0 2.173 -1.51 "" ""
4759.642 23.1 1.702 -7.84 "" ""
4759.651 27.0 4.206 -3.55 "" ""
4759.653 68.1 0.0 -1.9 "" ""
4759.654 26.0 4.831 -3.52 "" ""
4759.654 42.0 3.731 -1.11 "" ""
4759.69 106.00112 1.445 -2.746 3.464 AX01Q265
4759.719 112.00124 0.128 -1.292 1.340 10R113b24
4759.753 24.0 3.008 -2.12 "" ""
4759.765 106.00112 1.568 -3.573 3.464 AX34R135
4759.769 106.00112 1.445 -5.759 3.464 AX01R255
4759.804 24.0 3.842 -4.18 "" ""
4759.805 106.00113 0.87 -3.09 3.464 AX12R105
4759.862 106.00112 1.568 -3.651 3.464 AX34R145
4759.88 106.00112 1.445 -5.228 3.464 AX01P265
4759.908 69.0 1.892 -0.26 "" ""
4759.91 24.0 3.11 -1.44 "" ""
4759.921 106.00112 1.568 -5.238 3.464 AX34Q145
4759.927 58.1 1.091 -1.14 LAWLER ""
4759.959 106.00112 1.445 -2.733 3.464 AX01Q255
4759.991 112.00124 0.267 -1.115 1.340 21R211b24
4759.993 25.0 5.083 -1.94 "" ""
4760.002 106.00113 0.638 -3.201 3.464 AX01R125
4760.006 106.00113 0.87 -3.073 3.464 AX12R115
4760.025 21.0 3.099 -2.99 "" ""
4760.035 106.00113 0.87 -4.773 3.464 AX12Q115
4760.05 66.1 0.54 -2.1 LAWLER ""
4760.055 112.00124 0.268 -2.986 1.340 21Q111b24
4760.067 26.0 3.036 -3.57 "" ""
4760.07 24.1 6.6 -2.87 "" ""
4760.073 21.0 3.055 -3.94 "" ""
4760.096 106.00112 2.146 -7.677 3.464 AX50R365
4760.11 42.0 2.274 -1.71 "" ""
4760.137 106.00113 0.638 -3.185 3.464 AX01R135
4760.154 22.0 2.295 -3.92 "" ""
4760.169 26.1 5.566 -3.55 "" ""
4760.179 106.00112 2.146 -5.21 3.464 AX50Q375
4760.182 42.0 2.644 0.31 "" ""
4760.198 106.00113 0.638 -5.026 3.464 AX01Q135
4760.205 28.0 3.696 -2.98 "" ""
4760.242 106.00113 1.716 -2.801 3.464 AX12Q265
4760.279 62.0 0.101 0.04 "" ""
4760.286 106.00113 1.564 -3.652 3.464 AX34R145
4760.309 112.00124 0.198 -2.668 1.340 21R105b24
4760.32 106.00113 1.564 -3.573 3.464 AX34R135
4760.329 106.00112 2.146 -5.761 3.464 AX50Q365
4760.347 27.0 4.206 -2.47 "" ""
4760.356 23.0 2.246 -4.32 "" ""
4760.365 23.1 6.832 -4.06 "" ""
4760.373 106.00113 1.716 -5.945 3.464 AX12R255
4760.381 106.00113 1.564 -5.215 3.464 AX34Q145
4760.4 106.00113 1.716 -5.172 3.464 AX12P265
4760.413 106.00112 2.146 -9.06 3.464 AX50P375
4760.423 112.00124 0.268 -1.087 1.340 21R111b24
4760.45 60.0 0.14 -0.68 "" ""
4760.482 112.00124 0.872 -0.635 1.340 10Q236b24
4760.519 23.1 6.465 -4.21 "" ""
4760.531 106.00113 1.716 -2.753 3.464 AX12Q255
4760.633 106.00113 1.013 -5.246 3.464 AX23R055
4760.639 112.00124 0.872 -4.687 1.340 10R236b24
4760.643 112.00124 0.873 -4.688 1.340 10P136b24
4760.71 106.00113 2.225 -3.261 3.464 AX34R255
4760.725 21.0 2.612 -3.2 "" ""
4760.73 62.1 0.543 -2.01 LAWLER ""
4760.748 28.0 3.696 -3.08 "" ""
4760.749 64.0 0.213 -0.84 "" ""
4760.751 106.00113 2.225 -3.064 3.464 AX34R265
4760.763 24.0 3.447 -3.17 "" ""
4760.764 106.00113 2.225 -6.259 3.464 AX34Q265
4760.775 27.0 2.872 -2.73 "" ""
4760.801 112.00124 0.873 -0.623 1.340 10Q136b24
4760.838 106.00113 1.013 -5.227 3.464 AX23R055
4760.844 106.00113 0.871 -3.09 3.464 AX12R105
4760.864 112.00124 0.36 -2.438 1.340 32R104b24
4760.864 23.0 2.121 -3.66 "" ""
4760.889 25.0 5.334 -1.7 "" ""
4760.9 23.0 1.194 -6.4 "" ""
4760.913 24.0 4.529 -1.57 "" ""
4760.946 106.00112 1.723 -2.801 3.464 AX12Q265
4760.95 106.00112 0.873 -3.09 3.464 AX12R105
4760.975 39.0 0.066 -1.15 "" ""
4760.981 106.00113 0.871 -3.074 3.464 AX12R115
4760.988 106.00113 1.72 -7.153 3.464 AX45R115
4760.996 106.00113 0.871 -4.755 3.464 AX12Q115
4761.009 23.1 2.048 -3.56 "" ""
4761.023 106.00112 1.723 -5.945 3.464 AX12R255
4761.029 23.1 1.684 -7.91 "" ""
4761.059 106.00112 0.64 -3.2 3.464 AX01R125
4761.083 42.0 3.154 -1.52 "" ""
4761.109 106.00112 1.723 -5.171 3.464 AX12P265
4761.11 90.1 2.052 -0.69 "" ""
4761.141 106.00113 1.309 -2.717 3.464 BX12R195
4761.152 106.00112 0.873 -3.073 3.464 AX12R115
4761.183 106.00112 0.873 -4.773 3.464 AX12Q115
4761.186 106.00112 1.723 -2.753 3.464 AX12Q255
4761.192 112.00124 0.03 -3.021 1.340 10R106b24
4761.195 106.00112 0.64 -3.185 3.464 AX01R135
4761.227 21.0 4.201 -3.76 "" ""
4761.238 106.00113 1.309 -7.18 3.464 BX12Q205
4761.244 24.0 3.119 -1.28 "" ""
4761.249 106.00112 1.569 -3.573 3.464 AX34R135
4761.257 106.00112 1.569 -3.651 3.464 AX34R145
4761.258 106.00112 0.64 -5.026 3.464 AX01Q135
4761.263 28.1 4.026 -4.9 "" ""
4761.281 106.00113 2.227 -4.876 3.464 AX44P255
4761.281 42.0 3.245 -1.77 "" ""
4761.315 106.00112 1.569 -5.215 3.464 AX34Q145
4761.339 24.0 4.609 -0.68 "" ""
4761.346 106.00113 1.309 -2.562 3.464 BX12R205
4761.361 106.00113 1.641 -5.784 3.464 AX12R245
4761.376 106.00113 2.257 -4.171 3.464 AX23Q305
4761.378 106.00112 2.112 -7.584 3.464 CX05R205
4761.401 23.1 6.708 -3.97 "" ""
4761.417 106.00113 1.641 -2.754 3.464 AX12Q255
4761.428 20.0 5.449 -2.85 "" ""
4761.428 24.1 5.666 -2.54 "" ""
4761.458 106.00113 0.638 -3.201 3.464 AX01R125
4761.493 25.0055 2.951 -1.161 LAWHFS ""
4761.499 106.00113 0.639 -3.185 3.464 AX01R135
4761.508 25.0055 2.951 -0.7 LAWHFS ""
4761.509 25.0055 2.951 -1.064 LAWHFS ""
4761.513 106.00113 1.641 -2.717 3.464 AX12Q245
4761.519 25.0055 2.951 -1.177 LAWHFS ""
4761.528 25.0055 2.951 -1.064 LAWHFS ""
4761.541 106.00112 2.112 -11.017 3.464 CX05Q205
4761.542 106.00113 2.257 -5.916 3.464 AX23R295
4761.543 25.0055 2.951 -1.608 LAWHFS ""
4761.56 106.00113 0.639 -5.005 3.464 AX01Q135
4761.567 106.00112 2.112 -7.584 3.464 CX05R195
4761.57 106.00113 1.641 -5.154 3.464 AX12P255
4761.571 42.0 4.325 -0.88 "" ""
4761.583 106.00113 1.32 -5.514 3.464 AX34R065
4761.605 112.00124 0.406 -1.055 1.340 32R209b24
4761.638 106.00113 2.257 -6.191 3.464 AX23P305
4761.655 112.00124 0.406 -2.733 1.340 32Q109b24
4761.73 24.0 3.373 -1.94 "" ""
4761.804 106.00113 2.257 -8.111 3.464 AX23Q295
4761.827 106.00113 1.72 -7.118 3.464 AX45R115
4761.838 106.00112 1.043 -5.288 3.464 BX12P145
4761.855 106.00112 2.222 -5.978 3.464 AX45R225
4761.857 106.00113 1.321 -5.492 3.464 AX34R065
4761.863 26.0 4.431 -3.78 "" ""
4761.884 106.00112 1.016 -5.245 3.464 AX23R055
4761.898 27.0 2.875 -4.38 "" ""
4761.939 106.00112 1.647 -5.784 3.464 AX12R245
4761.973 25.0 4.27 -2.65 "" ""
4762.001 106.00112 0.874 -3.09 3.464 AX12R105
4762.023 106.00112 1.648 -2.753 3.464 AX12Q255
4762.091 106.00112 1.016 -5.227 3.464 AX23R055
4762.099 106.00112 1.647 -2.717 3.464 AX12Q245
4762.102 27.0 3.949 -0.86 "" ""
4762.125 106.00112 0.874 -3.074 3.464 AX12R115
4762.156 106.00112 0.874 -4.755 3.464 AX12Q115
4762.162 112.00124 0.406 -1.024 1.340 32R109b24
4762.182 106.00112 1.648 -5.154 3.464 AX12P255
4762.26 26.0 2.725 -4.92 "" ""
4762.29 22.0 3.348 -3.76 "" ""
4762.291 112.00124 0.829 -0.641 1.340 10Q235b24
4762.313 6.0 7.475 -2.53 "" ""
4762.325 24.0 4.093 -3.62 "" ""
4762.345 25.0055 2.886 -0.298 LAWHFS ""
4762.351 65.1 0.126 -1.83 "" ""
4762.352 25.0055 2.886 -1.394 LAWHFS ""
4762.358 25.0055 2.886 -2.81 LAWHFS ""
4762.359 25.0055 2.886 -0.402 LAWHFS ""
4762.366 25.0055 2.886 -1.206 LAWHFS ""
4762.371 25.0055 2.886 -2.473 LAWHFS ""
4762.372 25.0055 2.886 -0.515 LAWHFS ""
4762.376 25.0055 2.886 -1.168 LAWHFS ""
4762.381 25.0055 2.886 -0.637 LAWHFS ""
4762.381 25.0055 2.886 -2.378 LAWHFS ""
4762.386 25.0055 2.886 -1.223 LAWHFS ""
4762.389 25.0055 2.886 -0.767 LAWHFS ""
4762.389 25.0055 2.886 -2.508 LAWHFS ""
4762.392 25.0055 2.886 -1.411 LAWHFS ""
4762.395 25.0055 2.886 -0.9 LAWHFS ""
4762.403 42.0 3.357 -1.77 "" ""
4762.431 112.00124 0.829 -4.669 1.340 10R235b24
4762.451 112.00124 0.829 -4.669 1.340 10P135b24
4762.531 106.00112 0.641 -3.2 3.464 AX01R125
4762.533 6.0 7.477 -2.44 "" ""
4762.573 106.00112 0.641 -3.185 3.464 AX01R135
4762.588 106.00112 2.059 -4.752 3.464 AX55P185
4762.591 112.00124 0.829 -0.629 1.340 10Q135b24
4762.627 28.0 1.934 -2.58 LAWLER ""
4762.637 106.00112 0.641 -5.005 3.464 AX01Q135
4762.642 68.1 2.062 -0.32 "" ""
4762.671 23.0 2.573 -2.64 "" ""
4762.705 23.0 3.054 -3.56 "" ""
4762.72 59.1 0.422 -1.03 LINOHFS ""
4762.733 112.00124 0.11 -1.343 1.340 10R212b24
4762.744 23.0 0.275 -4.58 "" ""
4762.746 21.0 2.318 -1.72 "" ""
4762.753 40.0 1.832 -0.04 "" ""
4762.778 22.1 1.083 -2.89 LAWLER ""
4762.789 25.1 5.393 -2.53 "" ""
4762.806 112.00124 0.11 -3.324 1.340 10Q112b24
4762.84 58.1 0.792 -2.1 LAWLER ""
4762.893 106.00113 1.359 -5.666 3.464 AX01R245
4762.914 106.00112 1.324 -5.513 3.464 AX34R065
4762.952 106.00113 1.359 -2.733 3.464 AX01Q255
4762.952 39.0 2.002 -1.24 "" ""
4763.059 106.00113 1.359 -2.725 3.464 AX01Q245
4763.082 21.0 1.994 -1.66 "" ""
4763.118 106.00113 1.359 -5.228 3.464 AX01P255
4763.125 76.0 4.784 0.13 "" ""
4763.135 112.00124 0.253 -1.146 1.340 21R210b24
4763.137 20.0 5.979 -6.07 "" ""
4763.171 112.00124 0.11 -1.316 1.340 10R112b24
4763.194 112.00124 0.253 -2.946 1.340 21Q110b24
4763.196 106.00112 1.324 -5.492 3.464 AX34R065
4763.223 26.0 3.045 -5.57 "" ""
4763.253 106.00113 2.108 -6.639 3.464 AX23R275
4763.259 20.0 5.979 -7.3 "" ""
4763.264 21.0 4.524 -2.0 "" ""
4763.274 106.00113 2.108 -4.259 3.464 AX23Q285
4763.3 60.1 0.975 -1.46 LAWLER ""
4763.313 26.0 4.175 -3.63 "" ""
4763.336 92.1 0.888 -1.94 Nils02/41 ""
4763.433 106.00113 2.108 -3.72 3.464 AX23Q275
4763.44 106.00113 1.135 -3.158 3.464 AX23R095
4763.454 106.00113 2.108 -5.743 3.464 AX23P285
4763.457 28.0 2.738 -6.53 "" ""
4763.459 27.0 0.629 -8.3 "" ""
4763.504 24.0 3.373 -3.17 "" ""
4763.598 112.00124 0.253 -1.116 1.340 21R110b24
4763.62 60.1 0.38 -1.27 LAWLER ""
4763.665 106.00113 1.135 -3.145 3.464 AX23R105
4763.666 106.00112 1.366 -5.666 3.464 AX01R245
4763.681 106.00113 1.135 -4.74 3.464 AX23Q105
4763.707 20.0 5.041 -2.77 "" ""
4763.735 58.1 0.909 -2.23 LAWLER ""
4763.751 106.00112 1.366 -2.733 3.464 AX01Q255
4763.791 26.1 3.219 -6.81 "" ""
4763.811 23.0 2.965 -3.8 "" ""
4763.832 64.0 1.348 0.12 "" ""
4763.849 106.00112 1.366 -2.725 3.464 AX01Q245
4763.856 27.0 3.949 -1.93 "" ""
4763.86 60.1 0.182 -1.08 LAWLER ""
4763.883 22.1 1.22 -2.4 LAWLER ""
4763.884 106.00112 1.143 -2.428 3.464 BX12P165
4763.912 58.1 1.026 -0.84 LAWLER ""
4763.932 106.00113 1.523 -3.513 3.464 AX34R125
4763.934 106.00112 1.366 -5.227 3.464 AX01P255
4763.942 28.0 3.652 -0.84 "" ""
4763.965 106.00112 1.143 -6.836 3.464 BX12Q165
4764.02 27.0 4.11 -2.7 "" ""
4764.068 106.00113 1.523 -3.57 3.464 AX34R135
4764.072 106.00113 0.431 -5.631 3.464 AX01R075
4764.095 106.00113 1.523 -5.157 3.464 AX34Q135
4764.099 106.00112 1.143 -2.453 3.464 BX12P175
4764.108 42.0 3.614 -0.29 "" ""
4764.111 112.00124 0.786 -0.648 1.340 10Q234b24
4764.126 23.0 2.676 -9.0 "" ""
4764.174 24.0 3.844 -3.78 "" ""
4764.232 26.0 4.151 -3.04 "" ""
4764.269 112.00124 0.786 -4.176 1.340 10P134b24
4764.287 112.00124 0.786 -4.161 1.340 10R234b24
4764.293 24.0 3.548 -0.28 "" ""
4764.294 106.00113 1.136 -3.158 3.464 AX23R095
4764.415 42.0 2.289 -1.33 "" ""
4764.415 44.0 3.408 -0.22 "" ""
4764.425 106.00113 2.227 -3.065 3.464 AX34R265
4764.445 112.00124 0.786 -0.636 1.340 10Q134b24
4764.463 106.00113 1.136 -3.145 3.464 AX23R105
4764.476 106.00113 1.136 -4.723 3.464 AX23Q105
4764.48 27.0 4.146 -4.2 "" ""
4764.484 112.00124 0.395 -1.093 1.340 32R208b24
4764.496 106.00113 0.432 -5.606 3.464 AX01R075
4764.525 22.1 1.236 -2.69 LAWLER ""
4764.529 112.00124 0.395 -2.687 1.340 32Q108b24
4764.544 23.0 2.262 -3.65 "" ""
4764.643 24.0 3.011 -1.65 "" ""
4764.655 106.00112 1.724 -7.152 3.464 AX45R115
4764.72 58.0 0.274 -0.86 "" ""
4764.728 25.1 5.394 -1.35 "" ""
4764.737 106.00112 1.139 -3.158 3.464 AX23R095
4764.784 106.00113 2.227 -6.218 3.464 AX34Q265
4764.872 106.00113 2.227 -3.261 3.464 AX34R255
4764.907 25.1 6.806 -4.8 "" ""
4764.965 106.00112 2.06 -4.804 3.464 AX55P185
4764.971 106.00112 1.139 -3.145 3.464 AX23R105
4764.984 106.00112 1.139 -4.739 3.464 AX23Q105
4765.037 106.00113 2.105 -4.812 3.464 AX55P195
4765.055 106.00112 1.528 -3.512 3.464 AX34R125
4765.062 25.1 6.135 -3.66 "" ""
4765.094 112.00124 0.395 -1.059 1.340 32R108b24
4765.11 24.1 5.658 -2.72 "" ""
4765.179 106.00112 1.528 -3.57 3.464 AX34R135
4765.193 106.00112 0.433 -5.63 3.464 AX01R075
4765.207 106.00113 1.643 -2.754 3.464 AX12Q255
4765.226 106.00112 1.528 -5.157 3.464 AX34Q135
4765.23 59.1 0.371 -1.11 LINOHFS ""
4765.247 106.00113 1.524 -3.513 3.464 AX34R125
4765.252 106.00113 1.524 -3.57 3.464 AX34R135
4765.281 24.0 4.532 -3.14 "" ""
4765.324 106.00113 1.643 -5.814 3.464 AX12R245
4765.329 106.00113 1.524 -5.135 3.464 AX34Q135
4765.359 106.00113 1.643 -5.127 3.464 AX12P255
4765.408 106.00113 2.184 -8.109 3.464 AX23Q295
4765.437 23.0 2.136 -3.27 "" ""
4765.452 26.0 3.299 -5.66 "" ""
4765.457 26.0 4.073 -2.48 "" ""
4765.477 106.00113 1.643 -2.717 3.464 AX12Q245
4765.48 26.0 1.607 -4.01 "" ""
4765.515 106.00112 1.725 -7.118 3.464 AX45R115
4765.562 106.00113 2.184 -6.223 3.464 AX23R285
4765.589 106.00112 1.139 -3.158 3.464 AX23R095
4765.624 106.00112 0.433 -5.606 3.464 AX01R075
4765.637 23.0 2.357 -3.61 "" ""
4765.658 106.00113 2.184 -5.909 3.464 AX23P295
4765.662 23.0 2.614 -0.84 LAWNOHFS ""
4765.689 27.0 4.144 -1.41 "" ""
4765.703 112.00124 0.191 -2.592 1.340 21R104b24
4765.753 106.00112 1.139 -3.145 3.464 AX23R105
4765.767 106.00112 1.139 -4.722 3.464 AX23Q105
4765.811 106.00113 2.184 -4.26 3.464 AX23Q285
4765.834 25.0055 2.939 -0.601 LAWHFS ""
4765.843 25.0055 2.939 -0.813 LAWHFS ""
4765.845 25.0055 2.939 -1.29 LAWHFS ""
4765.851 25.0055 2.939 -1.086 LAWHFS ""
4765.852 25.0055 2.939 -1.144 LAWHFS ""
4765.854 25.0055 2.939 -2.245 LAWHFS ""
4765.856 25.0055 2.939 -1.496 LAWHFS ""
4765.857 25.0055 2.939 -1.165 LAWHFS ""
4765.858 25.0055 2.939 -1.864 LAWHFS ""
4765.861 25.0055 2.939 -1.32 LAWHFS ""
4765.862 25.0055 2.939 -1.688 LAWHFS ""
4765.863 25.0055 2.939 -1.642 LAWHFS ""
4765.889 23.0 1.948 -3.0 "" ""
4765.959 112.00124 0.744 -0.656 1.340 10Q233b24
4765.961 24.0 3.963 -3.12 "" ""
4765.966 26.0 4.47 -3.86 "" ""
4765.967 112.00124 0.355 -2.353 1.340 32R103b24
4766.002 25.0 4.422 -1.73 "" ""
4766.038 106.00112 1.65 -2.754 3.464 AX12Q255
4766.07 23.0 0.262 -5.75 "" ""
4766.108 106.00112 1.65 -5.813 3.464 AX12R245
4766.11 112.00124 0.744 -4.633 1.340 10R233b24
4766.115 112.00124 0.744 -4.633 1.340 10P133b24
4766.116 27.0 2.875 -5.48 "" ""
4766.137 112.00124 0.093 -1.371 1.340 10R211b24
4766.196 106.00112 1.65 -5.127 3.464 AX12P255
4766.204 112.00124 0.093 -3.286 1.340 10Q111b24
4766.254 112.00124 0.239 -1.18 1.340 21R209b24
4766.266 106.00112 1.65 -2.717 3.464 AX12Q245
4766.266 112.00124 0.744 -0.643 1.340 10Q133b24
4766.275 23.0 2.357 -3.7 "" ""
4766.307 112.00124 0.239 -2.903 1.340 21Q109b24
4766.316 23.0 3.077 -1.7 "" ""
4766.318 22.0 2.248 -0.84 LAWLER ""
4766.323 24.0 3.844 -3.85 "" ""
4766.358 26.0 4.603 -2.61 "" ""
4766.361 106.00112 1.529 -3.512 3.464 AX34R125
4766.4 106.00112 1.529 -3.57 3.464 AX34R135
4766.4 25.0055 2.918 -0.462 LAWHFS ""
4766.408 25.0055 2.918 -1.38 LAWHFS ""
4766.413 25.0055 2.918 -0.602 LAWHFS ""
4766.415 25.0055 2.918 -2.598 LAWHFS ""
4766.419 25.0055 2.918 -1.204 LAWHFS ""
4766.424 25.0055 2.918 -0.76 LAWHFS ""
4766.425 25.0055 2.918 -2.246 LAWHFS ""
4766.429 25.0055 2.918 -1.178 LAWHFS ""
4766.432 25.0055 2.918 -0.944 LAWHFS ""
4766.433 25.0055 2.918 -2.12 LAWHFS ""
4766.436 25.0055 2.918 -1.245 LAWHFS ""
4766.438 25.0055 2.918 -1.166 LAWHFS ""
4766.438 25.0055 2.918 -2.2 LAWHFS ""
4766.44 25.0055 2.918 -1.421 LAWHFS ""
4766.442 25.0055 2.918 -1.451 LAWHFS ""
4766.448 106.00112 1.529 -5.135 3.464 AX34Q135
4766.514 72.0 1.737 -1.01 "" ""
4766.561 23.0 2.357 -2.88 "" ""
4766.57 22.0 3.421 -3.94 "" ""
4766.587 112.00124 0.093 -1.343 1.340 10R111b24
4766.601 90.0 0.479 -2.08 "" ""
4766.606 26.0 2.431 -6.05 "" ""
4766.623 23.0 2.038 -0.12 "" ""
4766.634 24.0 3.553 -0.92 "" ""
4766.645 24.0 4.413 -3.93 "" ""
4766.664 25.0 5.195 -0.56 "" ""
4766.672 26.0 3.412 -4.79 "" ""
4766.672 6.0 7.477 -2.31 "" ""
4766.694 24.0 3.008 -3.33 "" ""
4766.717 106.00113 1.57 -5.675 3.464 AX12R235
4766.748 112.00124 0.239 -1.148 1.340 21R109b24
4766.751 26.0 4.831 -3.41 "" ""
4766.753 26.0 4.151 -2.42 "" ""
4766.781 106.00113 1.57 -2.717 3.464 AX12Q245
4766.786 41.0 2.144 -0.49 "" ""
4766.787 26.0 4.59 -1.66 "" ""
4766.845 23.0 3.064 -3.64 "" ""
4766.861 106.00113 2.273 -4.511 3.464 AX55Q225
4766.864 106.00113 1.57 -2.689 3.464 AX12Q235
4766.866 26.0 3.414 -2.31 "" ""
4766.87 112.00124 0.021 -2.953 1.340 10R105b24
4766.873 22.1 5.643 -2.19 "" ""
4766.88 57.0 0.0 -1.11 "" ""
4766.904 106.00113 2.273 -2.226 3.464 AX55P235
4766.92 26.0 3.249 -6.04 "" ""
4766.928 106.00113 1.57 -5.113 3.464 AX12P245
4766.939 106.00113 2.273 -2.128 3.464 AX55P225
4766.994 24.0 4.096 -3.37 "" ""
4767.128 106.00113 1.362 -2.734 3.464 AX01Q255
4767.141 27.0 4.055 -0.82 "" ""
4767.183 106.00113 1.362 -5.694 3.464 AX01R245
4767.248 64.0 0.927 0.26 "" ""
4767.25 22.1 1.115 -6.82 "" ""
4767.253 26.0 4.1 -3.89 "" ""
4767.267 24.0 3.553 -1.02 "" ""
4767.294 106.00113 1.362 -5.202 3.464 AX01P255
4767.332 112.00124 0.384 -1.136 1.340 32R207b24
4767.349 106.00113 1.362 -2.725 3.464 AX01Q245
4767.372 112.00124 0.384 -2.637 1.340 32Q107b24
4767.393 106.00112 2.15 -5.211 3.464 AX50Q375
4767.416 29.0 5.72 -0.81 "" ""
4767.43 23.0 2.636 -2.81 "" ""
4767.45 106.00112 1.576 -5.675 3.464 AX12R235
4767.462 106.00113 2.038 -7.517 3.464 AX23R265
4767.473 24.0 3.446 -2.87 "" ""
4767.49 106.00113 2.038 -3.719 3.464 AX23Q275
4767.496 106.00112 2.15 -7.717 3.464 AX50R365
4767.516 27.0 4.237 -3.22 "" ""
4767.536 26.0 4.604 -3.15 "" ""
4767.537 106.00112 1.576 -2.717 3.464 AX12Q245
4767.544 22.0 3.177 -2.38 "" ""
4767.55 23.0 2.576 -1.8 "" ""
4767.578 106.00113 2.106 -4.866 3.464 AX55P195
4767.598 27.0 4.055 -2.36 "" ""
4767.602 106.00112 1.576 -2.689 3.464 AX12Q235
4767.607 21.0 3.099 -3.35 "" ""
4767.627 106.00112 2.15 -9.022 3.464 AX50P375
4767.636 106.00113 2.038 -3.428 3.464 AX23Q265
4767.66 60.1 0.559 -1.62 LAWLER ""
4767.664 106.00113 2.038 -5.595 3.464 AX23P275
4767.677 22.0 3.348 -4.05 "" ""
4767.69 106.00112 1.576 -5.113 3.464 AX12P245
4767.731 106.00112 2.15 -5.762 3.464 AX50Q365
4767.766 112.00124 0.703 -0.664 1.340 10Q232b24
4767.814 25.0 4.662 -1.25 "" ""
4767.846 112.00124 0.78 -0.445 1.340 21Q230b24
4767.856 24.0 3.553 -0.53 "" ""
4767.92 112.00124 0.703 -4.615 1.340 10P132b24
4767.932 106.00112 1.368 -2.734 3.464 AX01Q255
4767.934 20.0 6.03 -3.46 "" ""
4767.937 112.00124 0.703 -4.615 1.340 10R232b24
4767.958 112.00124 0.78 -4.253 1.340 21R230b24
4767.986 112.00124 0.781 -4.253 1.340 21P130b24
4767.987 20.0 6.03 -3.15 "" ""
4768.003 112.00124 0.384 -1.1 1.340 32R107b24
4768.004 106.00112 1.368 -5.694 3.464 AX01R245
4768.089 27.0 3.189 -0.67 "" ""
4768.091 112.00124 0.703 -0.651 1.340 10Q132b24
4768.098 112.00124 0.781 -0.43 1.340 21Q130b24
4768.114 106.00112 1.368 -5.201 3.464 AX01P255
4768.186 106.00112 1.368 -2.725 3.464 AX01Q245
4768.205 106.00113 1.088 -6.296 3.464 BX02R165
4768.262 74.1 3.123 -0.66 "" ""
4768.32 26.0 3.684 -1.41 DEN14 ""
4768.386 106.00113 1.689 -6.841 3.464 AX45R105
4768.397 26.0 2.94 -2.27 RUF14 ""
4768.407 25.1 5.393 -4.21 "" ""
4768.444 22.0 1.732 -4.04 "" ""
4768.501 106.00113 1.039 -6.352 3.464 BX02R155
4768.578 24.0 4.102 -0.86 "" ""
