wavelength species excitation loggf disassociation_energy comment
5151.759 607.01314 1.637 -2.499 7.724 1406Pb0295
5151.762 24.0 3.446 -3.72 "" ""
5151.768 112.00124 0.227 0.093 1.340 11Q108h24
5151.801 106.00112 1.961 -6.29 3.464 AX35R175
5151.808 112.00125 0.227 0.093 1.340 11Q108h25
5151.816 607.01214 1.795 -2.461 7.724 1507Ra0205
5151.826 24.0 1.003 -3.94 "" ""
5151.841 23.1 3.756 -2.54 "" ""
5151.844 112.00126 0.226 0.093 1.340 11Q108h26
5151.856 607.01214 2.441 -2.513 7.724 1910Rb0155
5151.859 90.1 0.51 -2.74 "" ""
5151.869 112.00124 0.645 0.007 1.340 22P221b24
5151.871 607.01214 0.108 -4.038 7.724 0600Rb0205
5151.879 607.01214 2.441 -2.904 7.724 1910Qd0165
5151.911 26.0 1.01 -3.32 OBR91 ""
5151.913 607.01214 0.108 -4.663 7.724 0600Qd0215
5151.93 112.00124 0.42 -0.329 1.340 22P210b24
5151.958 24.1 6.798 -2.72 "" ""
5151.962 607.01214 2.395 -3.17 7.724 1910Rc0065
5151.966 112.00124 1.008 -2.493 1.340 00Q239b24
5151.967 22.0 3.556 -1.27 "" ""
5151.972 607.01214 2.395 -2.629 7.724 1910Qa0075
5152.007 22.0 3.106 -3.54 "" ""
5152.017 76.0 4.561 0.05 "" ""
5152.054 112.00124 0.645 -2.265 1.340 22Q221b24
5152.067 20.0 5.014 -4.16 "" ""
5152.112 607.01314 0.826 -3.559 7.724 1003Qc0195
5152.141 607.01214 1.77 -2.32 7.724 1507Qb0165
5152.149 607.01314 0.826 -3.068 7.724 1003Pa0205
5152.155 106.00113 1.14 -6.539 3.464 BX02P165
5152.159 112.00124 1.008 0.435 1.340 00P139b24
5152.169 607.01214 1.77 -3.296 7.724 1507Pd0175
5152.177 112.00124 0.645 0.031 1.340 22P121b24
5152.183 22.0 0.021 -1.95 LAWLER ""
5152.186 607.01214 1.034 -3.639 7.724 1104Rd0135
5152.234 23.0 1.944 -2.57 "" ""
5152.254 607.01214 2.422 -2.552 7.724 1910Ra0135
5152.259 607.01214 0.995 -3.842 7.724 1104Rd0035
5152.282 607.01214 1.88 -3.452 7.724 1507Rd0285
5152.295 59.1 0.055 -1.34 "" ""
5152.313 112.00124 0.36 -1.491 1.340 22P204b24
5152.382 112.00124 0.179 -0.697 1.340 11R101h24
5152.395 607.01214 2.402 -2.92 7.724 1910Pb0085
5152.408 106.00113 2.402 -3.206 3.464 AX13Q325
5152.415 106.00113 2.402 -6.146 3.464 AX13R315
5152.427 112.00125 0.179 -0.697 1.340 11R101h25
5152.465 112.00126 0.179 -0.697 1.340 11R101h26
5152.468 22.0 2.266 -3.5 "" ""
5152.493 112.00124 0.42 -1.907 1.340 22Q210b24
5152.525 106.00113 2.437 -6.623 3.464 AX02R345
5152.533 607.01214 0.089 -4.048 7.724 0600Ra0195
5152.555 607.01214 1.813 -2.454 7.724 1507Rb0215
5152.558 112.00124 0.42 -0.27 1.340 22P110b24
5152.562 607.01214 2.387 -3.188 7.724 1910Qc0035
5152.567 22.0 3.184 -4.16 "" ""
5152.567 607.01214 2.387 -3.444 7.724 1910Pa0045
5152.567 607.01214 2.49 -3.287 7.724 1910Rd0225
5152.593 607.01214 1.813 -3.053 7.724 1507Qd0225
5152.608 112.00124 0.216 -0.02 1.340 11Q207h24
5152.62 60.1 0.985 -1.54 LAWLER ""
5152.621 106.00113 2.402 -5.916 3.464 AX13P325
5152.622 41.0 1.12 -1.75 "" ""
5152.627 106.00113 2.402 -3.24 3.464 AX13Q315
5152.64 607.01214 1.732 -3.048 7.724 1507Qc0105
5152.643 112.00125 0.216 -0.02 1.340 11Q207h25
5152.657 112.00124 0.216 -2.694 1.340 11P107b24
5152.659 607.01214 1.732 -2.904 7.724 1507Pa0115
5152.676 106.00113 1.66 -9.504 3.464 CX05P085
5152.676 112.00126 0.215 -0.02 1.340 11Q207h26
5152.681 112.00124 0.618 -0.013 1.340 22P220b24
5152.736 607.01214 0.056 -3.952 7.724 0600Qb0145
5152.766 607.01214 0.056 -4.894 7.724 0600Pd0155
5152.77 607.01214 2.416 -2.404 7.724 1910Qb0115
5152.774 6.0 8.634 -4.02 "" ""
5152.779 23.0 3.113 -0.71 "" ""
5152.781 607.01214 1.755 -3.252 7.724 1507Rc0145
5152.788 607.01214 2.416 -3.177 7.724 1910Pd0125
5152.807 607.01214 1.755 -2.355 7.724 1507Qa0155
5152.841 112.00124 0.672 -2.397 1.340 22Q222b24
5152.849 607.01314 2.876 -2.07 7.724 2212Qb0225
5152.869 106.00113 1.66 -12.277 3.464 CX05P095
5152.892 607.01314 2.876 -3.184 7.724 2212Pd0235
5152.905 112.00124 0.434 -0.281 1.340 22P211b24
5152.905 24.0 4.385 -1.53 "" ""
5152.923 607.01214 0.013 -4.716 7.724 0600Qc0065
5152.925 21.0 3.187 -3.22 "" ""
5152.927 112.00124 0.578 -1.941 1.340 33P210b24
5152.935 607.01214 0.031 -4.477 7.724 0600Pb0105
5152.936 607.01214 0.974 -2.866 7.724 1003Pb0305
5152.938 607.01214 0.013 -4.747 7.724 0600Pa0075
5152.952 112.00124 0.618 -2.24 1.340 22Q220b24
5152.967 112.00124 0.672 -0.237 1.340 22P122b24
5152.971 106.00112 1.08 -3.458 3.464 BX13P075
5152.978 22.0 2.493 -4.84 "" ""
5152.983 106.00113 1.66 -12.804 3.464 CX05Q085
5153.001 106.00112 1.657 -6.438 3.464 AX24R165
5153.008 607.01214 1.04 -3.64 7.724 1104Rd0145
5153.014 106.00112 1.08 -7.554 3.464 BX13Q075
5153.019 106.00113 2.16 -3.488 3.464 AX24R255
5153.052 24.1 6.817 -3.15 "" ""
5153.055 106.00113 1.956 -6.289 3.464 AX35R175
5153.069 112.00124 0.619 0.013 1.340 22P120b24
5153.071 607.01214 0.994 -3.926 7.724 1104Rd0025
5153.162 607.01214 2.386 -4.14 7.724 1910Pc0025
5153.175 607.01314 1.588 -3.563 7.724 1406Pc0255
5153.179 112.00124 0.857 0.258 1.340 11P232b24
5153.195 607.01314 0.887 -2.602 7.724 1003Qb0255
5153.205 106.00113 1.031 -5.633 3.464 BX13P055
5153.209 44.0 1.46 -1.74 "" ""
5153.213 106.00113 2.16 -5.704 3.464 AX24Q255
5153.215 112.00124 0.216 -2.687 1.340 11R207b24
5153.224 607.01214 2.398 -3.156 7.724 1910Rc0075
5153.225 29.0063 3.783 -0.589 KURHFS ""
5153.225 29.0063 3.783 -0.589 KURHFS ""
5153.225 29.0063 3.783 -0.987 KURHFS ""
5153.225 29.0065 3.783 -0.589 KURHFS ""
5153.225 29.0065 3.783 -0.589 KURHFS ""
5153.225 29.0065 3.783 -0.987 KURHFS ""
5153.234 29.0063 3.783 -0.142 KURHFS ""
5153.234 29.0063 3.783 -0.589 KURHFS ""
5153.234 29.0063 3.783 -1.288 KURHFS ""
5153.234 29.0065 3.783 -0.142 KURHFS ""
5153.234 29.0065 3.783 -0.589 KURHFS ""
5153.234 29.0065 3.783 -1.288 KURHFS ""
5153.235 607.01214 2.398 -2.565 7.724 1910Qa0085
5153.238 6.0 8.641 -2.6 "" ""
5153.243 607.01314 0.887 -3.865 7.724 1003Pd0265
5153.265 112.00124 0.216 0.041 1.340 11Q107h24
5153.287 112.00124 0.238 0.463 1.340 00Q218h24
5153.299 106.00112 1.209 -2.918 3.464 BX13Q115
5153.302 112.00125 0.216 0.041 1.340 11Q107h25
5153.307 106.00113 2.161 -3.522 3.464 AX24R245
5153.307 112.00124 0.672 -0.314 1.340 22P222b24
5153.31 23.1 5.533 -3.97 "" ""
5153.326 607.01214 0.037 -4.845 7.724 0600Rc0115
5153.337 112.00126 0.215 0.041 1.340 11Q107h26
5153.342 607.01214 1.035 -3.931 7.724 1003Rc0345
5153.346 112.00125 0.238 0.463 1.340 00Q218h25
5153.35 607.01214 0.037 -4.032 7.724 0600Qa0125
5153.366 42.0 2.521 -2.56 "" ""
5153.37 106.00112 1.209 -6.111 3.464 BX13R115
5153.381 106.00112 1.081 -3.398 3.464 BX13P085
5153.398 21.0 4.183 -1.53 "" ""
5153.398 21.0 4.183 -2.67 "" ""
5153.4 112.00126 0.237 0.463 1.340 00Q218h26
5153.402 11.0 2.103 -1.76 "" ""
5153.407 607.01214 1.035 -2.456 7.724 1003Qa0355
5153.408 112.00124 0.238 -3.085 1.340 00P118b24
5153.42 112.00124 0.434 -1.951 1.340 22Q211b24
5153.424 73.0 0.491 -2.29 "" ""
5153.438 106.00112 1.209 -6.19 3.464 BX13P125
5153.439 112.00124 0.593 -0.033 1.340 22P219b24
5153.451 112.00124 0.857 -2.438 1.340 11Q232b24
5153.459 23.0 1.868 -1.97 LAWNOHFS ""
5153.491 112.00124 0.434 -0.229 1.340 22P111b24
5153.498 24.1 3.758 -2.34 Lawler17 ""
5153.509 106.00112 1.209 -2.853 3.464 BX13Q125
5153.516 607.01314 2.821 -3.268 7.724 2212Pc0155
5153.52 92.1 1.085 -2.05 Nils02/41 ""
5153.523 607.01214 2.925 -3.298 7.724 2212Pc0215
5153.527 20.0 4.735 -1.53 "" ""
5153.527 607.01214 0.007 -5.367 7.724 0600Pc0045
5153.529 607.01314 2.917 -2.263 7.724 2212Rb0265
5153.535 607.01314 2.85 -2.478 7.724 2212Pb0195
5153.537 106.00112 2.372 -9.485 3.464 AX34P275
5153.54 112.00124 0.238 -3.085 1.340 00R218b24
5153.542 26.0 5.008 -4.32 "" ""
5153.567 6.0 8.641 -4.57 "" ""
5153.58 607.01314 2.917 -2.946 7.724 2212Qd0275
5153.588 607.01314 2.906 -2.252 7.724 2212Ra0265
5153.62 112.00124 0.857 0.273 1.340 11P132b24
5153.635 607.01314 2.867 -3.152 7.724 2212Rc0215
5153.66 112.00124 0.238 0.486 1.340 00Q118h24
5153.661 15.0 6.949 -2.4 "" ""
5153.677 607.01314 2.867 -2.072 7.724 2212Qa0225
5153.682 112.00124 0.45 -0.239 1.340 22P212b24
5153.719 112.00125 0.238 0.486 1.340 00Q118h25
5153.722 607.01314 0.876 -3.819 7.724 1003Rc0245
5153.742 106.00113 2.111 -7.4 3.464 AX56P145
5153.751 112.00124 0.593 -2.214 1.340 22Q219b24
5153.767 607.01314 0.876 -2.603 7.724 1003Qa0255
5153.773 112.00126 0.237 0.486 1.340 00Q118h26
5153.808 607.01214 0.217 -5.082 7.724 0600Rd0305
5153.849 112.00124 0.206 -0.091 1.340 11Q206h24
5153.857 27.0 4.146 -1.65 "" ""
5153.865 112.00124 0.593 -0.007 1.340 22P119b24
5153.881 607.01314 0.801 -3.919 7.724 1003Pc0165
5153.883 112.00125 0.206 -0.091 1.340 11Q206h25
5153.893 112.00124 0.206 -2.642 1.340 11P106b24
5153.902 27.0 4.206 -1.91 "" ""
5153.903 58.0 0.785 -0.34 "" ""
5153.912 22.0 3.184 -2.72 "" ""
5153.914 112.00126 0.206 -0.091 1.340 11Q206h26
5153.916 24.0 5.619 -2.93 "" ""
5153.93 607.01214 1.749 -2.771 7.724 1507Pb0135
5153.93 607.01214 2.39 -3.11 7.724 1910Qc0045
5153.939 607.01214 2.39 -3.293 7.724 1910Pa0055
5153.984 607.01214 1.047 -3.642 7.724 1104Rd0155
5153.988 58.0 0.52 -0.5 "" ""
5153.988 607.01214 2.428 -2.52 7.724 1910Ra0145
5154.004 106.00112 1.962 -6.24 3.464 AX35R175
5154.005 607.01314 2.296 -3.041 7.724 1809Qc0285
5154.026 607.01214 0.993 -4.052 7.724 1104Rd0015
5154.035 112.00124 0.569 -0.056 1.340 22P218b24
5154.048 92.1 0.284 -2.52 "" ""
5154.049 607.01314 2.296 -2.337 7.724 1809Pa0295
5154.059 27.0 3.949 -0.6 "" ""
5154.07 22.1 1.565 -1.92 "" ""
5154.101 26.0 3.879 -1.71 "" ""
5154.117 112.00124 0.04 -0.151 1.340 00R207h24
5154.148 106.00113 2.44 -5.621 3.464 AX56P225
5154.155 112.00124 0.45 -1.992 1.340 22Q212b24
5154.168 112.00124 0.04 -1.783 1.340 00Q107b24
5154.172 112.00125 0.04 -0.151 1.340 00R207h25
5154.184 106.00112 2.167 -3.488 3.464 AX24R255
5154.188 607.01214 1.139 -2.658 7.724 1003Rb0405
5154.2 62.1 1.492 -0.69 LAWLER ""
5154.206 607.01214 1.722 -3.509 7.724 1507Pc0085
5154.223 112.00126 0.04 -0.151 1.340 00R207h26
5154.232 112.00124 0.45 -0.192 1.340 22P112b24
5154.243 90.0 0.966 -1.1 "" ""
5154.264 607.01214 1.139 -3.734 7.724 1003Qd0415
5154.27 607.01214 1.018 -3.022 7.724 0902Pb0465
5154.271 112.00124 0.467 -0.201 1.340 22P213b24
5154.285 6.0 8.634 -2.63 "" ""
5154.304 25.1 6.172 -4.0 "" ""
5154.32 106.00112 2.167 -5.704 3.464 AX24Q255
5154.379 112.00124 0.569 -2.187 1.340 22Q218b24
5154.394 607.01214 2.448 -2.482 7.724 1910Rb0165
5154.399 106.00112 2.167 -3.522 3.464 AX24R245
5154.402 58.1 0.811 -1.78 "" ""
5154.409 26.1 2.844 -4.13 MELBAR ""
5154.418 607.01214 2.448 -2.906 7.724 1910Qd0175
5154.443 112.00124 0.546 -0.08 1.340 22P217b24
5154.486 607.01214 0.118 -4.015 7.724 0600Rb0215
5154.487 112.00124 0.569 -0.027 1.340 22P118b24
5154.499 112.00124 0.504 -0.147 1.340 22P215b24
5154.506 23.0 2.581 -5.08 "" ""
5154.529 607.01214 0.118 -4.67 7.724 0600Qd0225
5154.544 112.00124 0.206 -2.631 1.340 11R206b24
5154.587 112.00124 0.206 -0.019 1.340 11Q106h24
5154.591 24.0 5.24 -1.51 "" ""
5154.622 607.01214 1.804 -2.439 7.724 1507Ra0215
5154.624 112.00125 0.206 -0.019 1.340 11Q106h25
5154.631 106.00112 1.539 -9.454 3.464 CX05R005
5154.641 112.00124 0.525 -0.107 1.340 22P216b24
5154.648 106.00112 1.539 -8.867 3.464 CX05Q005
5154.657 112.00126 0.206 -0.019 1.340 11Q106h26
5154.662 607.01214 0.098 -4.024 7.724 0600Ra0205
5154.684 607.01214 2.402 -3.145 7.724 1910Rc0085
5154.697 106.00113 2.44 -2.901 3.464 AX56Q225
5154.697 607.01214 2.402 -2.507 7.724 1910Qa0095
5154.703 112.00124 0.467 -2.029 1.340 22Q213b24
5154.714 112.00124 0.04 -0.113 1.340 00R107h24
5154.721 607.01314 0.844 -3.027 7.724 1003Pb0215
5154.735 112.00124 0.485 -0.166 1.340 22P214b24
5154.743 607.01214 0.017 -4.689 7.724 0600Qc0075
5154.76 607.01214 0.017 -4.664 7.724 0600Pa0085
5154.773 112.00125 0.04 -0.113 1.340 00R107h25
5154.78 112.00124 0.818 0.041 1.340 11P231b24
5154.785 112.00124 0.467 -0.158 1.340 22P113b24
5154.8 106.00112 1.547 -10.402 3.464 CX05R015
5154.816 112.00124 0.546 -2.159 1.340 22Q217b24
5154.825 112.00126 0.04 -0.113 1.340 00R107h26
5154.827 106.00112 1.547 -8.453 3.464 CX05Q015
5154.838 27.0 4.146 -1.61 "" ""
5154.842 15.0 6.949 -1.43 "" ""
5154.868 112.00124 0.009 -1.442 1.340 00R103b24
5154.891 112.00124 0.198 -0.176 1.340 11Q205h24
5154.904 24.0 4.437 -1.74 "" ""
5154.905 106.00112 2.345 -10.162 3.464 AX50P385
5154.919 112.00124 0.546 -0.05 1.340 22P117b24
5154.923 112.00125 0.198 -0.176 1.340 11Q205h25
5154.928 112.00124 0.198 -2.588 1.340 11P105b24
5154.952 112.00126 0.198 -0.176 1.340 11Q205h26
5154.985 106.00113 2.441 -2.917 3.464 AX56Q215
5154.995 112.00124 0.504 -2.025 1.340 22Q215b24
5154.999 22.0 3.184 -3.98 "" ""
5155.037 607.01214 2.387 -3.835 7.724 1910Pc0035
5155.039 607.01314 2.262 -3.37 7.724 1809Pc0255
5155.04 62.1 1.075 -0.6 LAWLER ""
5155.05 112.00124 0.525 -2.129 1.340 22Q216b24
5155.053 607.01314 2.842 -2.901 7.724 2212Qc0185
5155.086 607.01314 2.842 -2.497 7.724 2212Pa0195
5155.089 112.00124 0.504 -0.104 1.340 22P115b24
5155.095 112.00124 0.485 -2.064 1.340 22Q214b24
5155.095 24.0 5.619 -1.76 "" ""
5155.098 6.0 8.641 -1.82 "" ""
5155.116 607.01214 1.054 -3.646 7.724 1104Rd0165
5155.123 607.01214 0.993 -4.28 7.724 1104Rd0005
5155.125 28.0 3.895 -0.65 "" ""
5155.141 44.0 1.124 -0.96 "" ""
5155.148 112.00124 0.525 -0.074 1.340 22P116b24
5155.151 106.00113 1.957 -6.239 3.464 AX35R175
5155.152 607.01214 0.043 -4.847 7.724 0600Rc0125
5155.166 607.01214 2.955 -2.354 7.724 2212Pa0255
5155.178 607.01214 0.043 -3.992 7.724 0600Qa0135
5155.18 112.00124 0.818 -2.335 1.340 11Q231b24
5155.181 607.01214 2.406 -2.859 7.724 1910Pb0095
5155.183 112.00124 0.485 -0.128 1.340 22P114b24
5155.266 607.01214 2.955 -2.964 7.724 2212Qc0245
5155.269 42.0 1.419 -3.31 "" ""
5155.292 6.0 8.634 -2.5 "" ""
5155.307 607.01214 1.737 -3.041 7.724 1507Qc0115
5155.314 21.0 2.562 -4.33 "" ""
5155.325 607.01214 0.064 -3.918 7.724 0600Qb0155
5155.327 607.01214 1.737 -2.852 7.724 1507Pa0125
5155.332 607.01214 2.422 -2.36 7.724 1910Qb0125
5155.347 112.00124 0.818 0.041 1.340 11P131b24
5155.354 607.01214 2.422 -3.173 7.724 1910Pd0135
5155.357 607.01214 0.064 -4.898 7.724 0600Pd0165
5155.378 607.01214 1.777 -2.29 7.724 1507Qb0175
5155.383 106.00112 1.846 -3.811 3.464 AX13R245
5155.41 607.01214 1.777 -3.3 7.724 1507Pd0185
5155.427 607.01214 1.762 -3.255 7.724 1507Rc0155
5155.433 607.01214 1.254 -2.845 7.724 0902Rb0565
5155.456 607.01214 1.762 -2.322 7.724 1507Qa0165
5155.462 607.01214 2.5 -3.294 7.724 1910Rd0235
5155.463 40.0 1.581 -0.2 "" ""
5155.468 106.00112 1.846 -3.825 3.464 AX13R235
5155.497 106.00113 1.376 -3.007 3.464 BX13R155
5155.502 607.01214 2.392 -3.055 7.724 1910Qc0055
5155.511 607.01214 2.392 -3.174 7.724 1910Pa0065
5155.526 106.00113 2.112 -7.441 3.464 AX56P145
5155.533 106.00113 2.441 -5.239 3.464 AX56R215
5155.537 45.0 1.364 -1.81 "" ""
5155.54 607.01214 1.254 -4.184 7.724 0902Qd0575
5155.566 607.01314 2.308 -2.329 7.724 1809Pb0295
5155.568 106.00112 1.846 -5.989 3.464 AX13Q245
5155.584 106.00112 2.059 -10.12 3.464 CX05P185
5155.603 23.0 3.265 -3.35 "" ""
5155.648 106.00113 1.376 -7.108 3.464 BX13Q165
5155.705 112.00124 0.198 -2.57 1.340 11R205b24
5155.718 112.00124 0.191 -0.286 1.340 11Q204h24
5155.741 112.00124 0.198 -0.089 1.340 11Q105h24
5155.748 112.00124 0.191 -2.533 1.340 11P104b24
5155.748 112.00125 0.191 -0.286 1.340 11Q204h25
5155.75 6.0 8.634 -3.45 "" ""
5155.751 106.00113 1.376 -2.984 3.464 BX13R165
5155.762 28.0 3.895 -0.09 "" ""
5155.775 112.00126 0.191 -0.286 1.340 11Q204h26
5155.777 112.00125 0.198 -0.089 1.340 11Q105h25
5155.784 607.01214 0.921 -4.006 7.724 1003Pc0265
5155.808 112.00126 0.198 -0.089 1.340 11Q105h26
5155.824 607.01214 1.051 -2.455 7.724 1003Qb0355
5155.827 607.01214 0.037 -4.427 7.724 0600Pb0115
5155.83 607.01214 0.01 -5.263 7.724 0600Pc0055
5155.835 62.0 1.368 0.12 "" ""
5155.849 64.0 0.927 0.43 "" ""
5155.869 607.01214 1.893 -3.459 7.724 1507Rd0295
5155.873 106.00112 1.432 -5.879 3.464 BX13R175
5155.874 607.01214 1.823 -2.431 7.724 1507Rb0225
5155.881 106.00113 1.536 -8.357 3.464 CX05P015
5155.891 607.01214 1.051 -3.984 7.724 1003Pd0365
5155.912 27.0 4.146 -0.93 "" ""
5155.914 607.01214 1.823 -3.06 7.724 1507Qd0235
5155.918 607.01214 2.434 -2.489 7.724 1910Ra0155
5155.922 24.1 6.8 -3.0 "" ""
5155.948 607.01214 0.994 -3.859 7.724 1104Rb0015
5155.952 607.01214 0.994 -3.607 7.724 1104Qd0025
5155.955 607.01214 0.995 -3.685 7.724 1104Rb0025
5155.962 607.01214 0.995 -3.518 7.724 1104Qd0035
5155.968 22.0 3.438 -3.75 "" ""
5155.97 112.00124 0.177 -0.949 1.340 11R100h24
5156.012 112.00125 0.177 -0.949 1.340 11R100h25
5156.022 14.0 5.078 -2.5 "" ""
5156.037 38.0 2.496 -0.15 "" ""
5156.04 607.01314 0.835 -3.565 7.724 1003Qc0205
5156.045 112.00126 0.177 -0.949 1.340 11R100h26
5156.05 60.1 1.411 -0.72 LAWLER ""
5156.066 106.00112 1.547 -8.293 3.464 CX05Q025
5156.066 23.0 3.252 -4.24 "" ""
5156.069 607.01314 1.637 -3.239 7.724 1406Qc0295
5156.079 607.01314 0.835 -3.041 7.724 1003Pa0215
5156.082 607.01214 0.993 -4.135 7.724 1104Rb0005
5156.085 607.01214 0.993 -3.736 7.724 1104Qd0015
5156.093 106.00112 1.547 -10.137 3.464 CX05P025
5156.106 607.01214 0.997 -3.555 7.724 1104Rb0035
5156.114 607.01214 0.997 -3.454 7.724 1104Qd0045
5156.12 607.01314 1.637 -2.49 7.724 1406Pa0305
5156.211 42.0 2.474 -2.24 "" ""
5156.303 112.00124 0.186 -0.437 1.340 11Q203h24
5156.326 112.00124 0.186 -2.493 1.340 11P103b24
5156.332 112.00125 0.186 -0.437 1.340 11Q203h25
5156.342 106.00112 2.221 -10.09 3.464 AX45P215
5156.343 607.01214 2.406 -3.138 7.724 1910Rc0095
5156.354 112.00124 0.962 0.426 1.340 00P238b24
5156.356 27.0 4.055 0.04 "" ""
5156.358 112.00126 0.185 -0.437 1.340 11Q203h26
5156.358 607.01214 2.406 -2.455 7.724 1910Qa0105
5156.359 607.01214 0.993 -3.903 7.724 1104Qd0005
5156.388 20.0 5.014 -3.35 "" ""
5156.399 607.01214 0.999 -3.45 7.724 1104Rb0045
5156.405 607.01214 1.062 -3.65 7.724 1104Rd0175
5156.409 607.01214 0.999 -3.406 7.724 1104Qd0055
5156.449 73.0 0.696 -1.39 "" ""
5156.494 607.01214 2.966 -2.344 7.724 2212Pb0255
5156.516 59.1 0.216 -1.28 "" ""
5156.557 106.00113 2.287 -3.767 3.464 AX56P195
5156.573 106.00112 1.694 -13.532 3.464 CX05Q095
5156.59 112.00124 0.182 -0.693 1.340 11Q202h24
5156.597 112.00124 0.592 -1.988 1.340 33P211b24
5156.606 26.0 3.94 -3.82 "" ""
5156.607 112.00124 0.182 -2.531 1.340 11P102b24
5156.608 112.00124 0.213 0.439 1.340 00Q217h24
5156.615 112.00125 0.181 -0.693 1.340 11Q202h25
5156.639 112.00126 0.181 -0.693 1.340 11Q202h26
5156.648 112.00124 0.962 -2.235 1.340 00Q238b24
5156.661 112.00125 0.213 0.439 1.340 00Q217h25
5156.673 106.00112 1.694 -12.274 3.464 CX05P095
5156.696 106.00113 2.288 -3.917 3.464 AX56P185
5156.701 112.00124 0.191 -2.5 1.340 11R204b24
5156.71 112.00126 0.213 0.439 1.340 00Q217h26
5156.723 112.00124 0.213 -3.06 1.340 00P117b24
5156.73 57.1 0.126 -1.85 LAWNOHFS ""
5156.731 112.00124 0.191 -0.173 1.340 11Q104h24
5156.736 607.01214 0.021 -4.669 7.724 0600Qc0085
5156.75 64.1 1.569 -0.95 LAWLER ""
5156.754 106.00112 1.694 -9.31 3.464 CX05P105
5156.754 607.01214 0.021 -4.591 7.724 0600Pa0095
5156.766 112.00125 0.191 -0.173 1.340 11Q104h25
5156.771 106.00112 2.119 -7.399 3.464 AX56P145
5156.795 112.00126 0.191 -0.173 1.340 11Q104h26
5156.837 607.01214 1.002 -3.361 7.724 1104Rb0055
5156.84 112.00124 0.962 0.438 1.340 00P138b24
5156.846 607.01214 1.131 -2.631 7.724 0902Qb0515
5156.849 607.01214 1.002 -3.371 7.724 1104Qd0065
5156.855 20.0 5.177 -3.69 "" ""
5156.87 112.00124 0.213 -3.06 1.340 00R217b24
5156.939 24.0 4.609 -4.0 "" ""
5156.939 607.01214 0.232 -5.089 7.724 0600Rd0315
5156.945 607.01214 1.131 -4.458 7.724 0902Pd0525
5156.954 23.0 2.573 -4.7 "" ""
5156.954 607.01214 0.108 -4.002 7.724 0600Ra0215
5156.957 607.01214 0.974 -3.679 7.724 1003Qc0305
5156.978 21.0 2.606 -1.52 "" ""
5156.985 112.00124 0.213 0.463 1.340 00Q117h24
5157.009 23.0 2.276 -1.08 LAWNOHFS ""
5157.015 607.01214 0.975 -2.856 7.724 1003Pa0315
5157.039 112.00125 0.213 0.463 1.340 00Q117h25
5157.07 62.1 1.358 -1.38 LAWLER ""
5157.084 607.01214 1.018 -4.157 7.724 0902Qc0465
5157.089 112.00126 0.213 0.463 1.340 00Q117h26
5157.09 45.0 3.536 -0.08 "" ""
5157.112 607.01214 2.456 -2.453 7.724 1910Rb0175
5157.116 607.01214 2.39 -3.67 7.724 1910Pc0045
5157.137 607.01214 2.456 -2.91 7.724 1910Qd0185
5157.144 607.01214 0.049 -4.85 7.724 0600Rc0135
5157.172 607.01214 0.049 -3.954 7.724 0600Qa0145
5157.173 607.01214 1.018 -3.014 7.724 0902Pa0475
5157.202 106.00113 2.288 -5.482 3.464 AX56Q185
5157.223 62.0 0.036 -1.4 "" ""
5157.248 607.01214 1.727 -3.479 7.724 1507Pc0095
5157.252 607.01214 0.129 -3.992 7.724 0600Rb0225
5157.269 112.00124 0.367 -1.572 1.340 22P205b24
5157.276 607.01214 2.395 -3.014 7.724 1910Qc0065
5157.279 23.1 2.554 -3.38 "" ""
5157.282 23.0 2.372 -2.2 "" ""
5157.288 607.01214 2.395 -3.076 7.724 1910Pa0075
5157.297 607.01214 0.129 -4.677 7.724 0600Qd0235
5157.317 607.01214 1.139 -2.641 7.724 1003Ra0415
5157.329 607.01214 0.993 -3.903 7.724 1104Qb0005
5157.332 607.01214 0.993 -4.204 7.724 1104Pd0015
5157.335 28.1 6.641 -4.41 "" ""
5157.354 106.00113 2.442 -5.596 3.464 AX56P225
5157.356 23.0 3.865 -3.89 "" ""
5157.369 21.0 2.567 -3.99 "" ""
5157.397 607.01314 2.886 -2.048 7.724 2212Qb0235
5157.421 607.01214 1.005 -3.285 7.724 1104Rb0065
5157.433 57.1 2.208 -0.33 "" ""
5157.435 607.01214 1.005 -3.345 7.724 1104Qd0075
5157.44 607.01314 0.899 -2.583 7.724 1003Qb0265
5157.443 607.01314 2.886 -3.191 7.724 2212Pd0245
5157.453 607.01214 1.755 -2.732 7.724 1507Pb0145
5157.475 24.0 2.706 -3.71 "" ""
5157.476 106.00113 2.439 -3.559 3.464 AX02Q355
5157.489 607.01314 0.899 -3.873 7.724 1003Pd0275
5157.545 112.00124 0.186 -2.424 1.340 11R203b24
5157.568 112.00124 0.186 -0.279 1.340 11Q103h24
5157.602 112.00125 0.186 -0.279 1.340 11Q103h25
5157.611 607.01214 1.813 -2.418 7.724 1507Ra0225
5157.631 112.00126 0.185 -0.279 1.340 11Q103h26
5157.648 607.01314 1.65 -2.483 7.724 1406Pb0305
5157.674 607.01314 0.887 -3.827 7.724 1003Rc0255
5157.704 28.0 3.703 -1.64 "" ""
5157.721 607.01314 0.887 -2.584 7.724 1003Qa0265
5157.738 106.00112 1.144 -6.538 3.464 BX02P165
5157.79 23.1 6.681 -3.9 "" ""
5157.828 607.01314 2.876 -3.159 7.724 2212Rc0225
5157.83 607.01214 1.254 -2.833 7.724 0902Ra0575
5157.851 607.01214 1.07 -3.655 7.724 1104Rd0185
5157.872 607.01314 2.876 -2.05 7.724 2212Qa0235
5157.877 607.01314 2.827 -3.265 7.724 2212Pc0165
5157.889 607.01314 2.917 -2.235 7.724 2212Ra0275
5157.903 106.00113 2.442 -2.901 3.464 AX56Q225
5157.942 72.0 2.837 -0.56 "" ""
5157.969 106.00113 1.635 -8.962 3.464 CX05P075
5157.98 28.0 3.603 -1.52 LAWLER ""
5158.013 40.0 2.103 0.14 "" ""
5158.026 607.01214 0.994 -3.664 7.724 1104Qb0015
5158.029 106.00113 1.478 -5.921 3.464 BX13R185
5158.031 607.01214 0.994 -3.975 7.724 1104Pd0025
5158.04 607.01214 2.441 -2.46 7.724 1910Ra0165
5158.061 25.0 5.392 -2.32 "" ""
5158.061 607.01214 0.072 -3.885 7.724 0600Qb0165
5158.071 607.01214 1.417 -4.543 7.724 0902Rd0635
5158.077 607.01214 2.428 -2.32 7.724 1910Qb0135
5158.093 607.01314 0.809 -3.92 7.724 1003Pc0175
5158.095 607.01214 0.072 -4.902 7.724 0600Pd0175
5158.096 607.01214 2.428 -3.171 7.724 1910Pd0145
5158.112 23.0 2.357 -2.42 "" ""
5158.114 106.00112 2.451 -5.238 3.464 AX56R215
5158.141 607.01214 2.411 -2.804 7.724 1910Pb0105
5158.149 607.01314 2.928 -2.245 7.724 2212Rb0275
5158.152 607.01214 1.009 -3.218 7.724 1104Rb0075
5158.162 607.01214 1.742 -3.036 7.724 1507Qc0125
5158.167 607.01214 1.009 -3.325 7.724 1104Qd0085
5158.183 106.00112 2.451 -2.9 3.464 AX56Q225
5158.185 607.01214 1.743 -2.805 7.724 1507Pa0135
5158.201 607.01214 2.411 -3.134 7.724 1910Rc0105
5158.202 607.01314 2.928 -2.954 7.724 2212Qd0285
5158.207 106.00113 1.635 -9.505 3.464 CX05P085
5158.208 607.01314 2.858 -2.452 7.724 2212Pb0205
5158.217 607.01214 2.411 -2.407 7.724 1910Qa0115
5158.238 106.00113 1.635 -12.436 3.464 CX05Q075
5158.25 106.00112 2.451 -2.917 3.464 AX56Q215
5158.257 607.01214 1.77 -3.26 7.724 1507Rc0165
5158.262 112.00124 0.182 -2.347 1.340 11R202b24
5158.279 112.00124 0.182 -0.421 1.340 11Q102h24
5158.289 607.01214 1.77 -2.292 7.724 1507Qa0175
5158.309 607.01214 0.013 -5.192 7.724 0600Pc0065
5158.312 112.00125 0.181 -0.421 1.340 11Q102h25
5158.318 106.00112 2.451 -5.62 3.464 AX56P225
5158.326 106.00113 2.442 -2.917 3.464 AX56Q215
5158.339 26.0 2.988 -5.61 "" ""
5158.339 607.01214 0.935 -4.489 7.724 0902Pc0425
5158.341 112.00126 0.181 -0.421 1.340 11Q102h26
5158.343 21.0 4.494 -3.06 "" ""
5158.439 27.0 4.061 -0.87 "" ""
5158.486 64.0 0.896 -0.66 "" ""
5158.51 106.00112 1.034 -5.632 3.464 BX13P055
5158.544 607.01214 2.51 -3.3 7.724 1910Rd0245
5158.557 106.00112 2.12 -7.441 3.464 AX56P145
5158.596 112.00124 0.03 -0.205 1.340 00R206h24
5158.604 90.0 0.355 -1.47 "" ""
5158.642 112.00124 0.03 -1.734 1.340 00Q106b24
5158.645 112.00125 0.03 -0.205 1.340 00R206h25
5158.671 57.0 0.0 -1.0 "" ""
5158.681 45.0 3.575 0.41 "" ""
5158.687 40.0 1.582 -1.1 "" ""
5158.689 112.00126 0.03 -0.205 1.340 00R206h26
5158.714 20.0 4.74 -1.45 "" ""
5158.744 607.01214 2.385 -3.441 7.724 1809Pc0315
5158.788 607.01214 1.786 -2.261 7.724 1507Qb0185
5158.801 106.00113 2.364 -9.41 3.464 AX34P275
5158.821 607.01214 1.786 -3.305 7.724 1507Pd0195
5158.852 27.0 4.046 -0.62 "" ""
5158.855 23.1 2.555 -4.62 "" ""
5158.859 607.01214 0.043 -4.381 7.724 0600Pb0125
5158.865 607.01214 0.995 -3.479 7.724 1104Qb0025
5158.871 607.01214 0.995 -3.847 7.724 1104Pd0035
5158.875 106.00113 2.442 -5.266 3.464 AX56R215
5158.901 607.01214 0.026 -4.655 7.724 0600Qc0095
5158.911 112.00124 0.179 -2.309 1.340 11R201b24
5158.921 112.00124 0.179 -0.637 1.340 11Q101h24
5158.921 607.01214 0.026 -4.527 7.724 0600Pa0105
5158.955 112.00125 0.179 -0.637 1.340 11Q101h25
5158.984 112.00126 0.179 -0.637 1.340 11Q101h26
5159.004 607.01214 0.989 -2.85 7.724 1003Pb0315
5159.007 607.01314 1.6 -3.569 7.724 1406Pc0265
5159.017 23.0 1.217 -4.72 "" ""
5159.031 607.01214 1.013 -3.158 7.724 1104Rb0085
5159.048 607.01214 1.013 -3.311 7.724 1104Qd0095
5159.058 26.0 4.28 -0.82 "" ""
5159.097 106.00113 1.541 -8.325 3.464 CX05P015
5159.097 27.0 1.709 -3.78 "" ""
5159.099 106.00113 2.288 -3.767 3.464 AX56P195
5159.149 106.00113 1.541 -13.106 3.464 CX05Q015
5159.152 607.01314 0.854 -3.003 7.724 1003Pb0225
5159.161 23.0 2.676 -1.77 "" ""
5159.163 607.01214 1.051 -3.938 7.724 1003Rc0355
5159.22 106.00112 1.542 -8.445 3.464 CX05Q015
5159.228 26.0 4.59 -4.27 "" ""
5159.23 607.01214 1.051 -2.443 7.724 1003Qa0365
5159.237 106.00112 1.542 -9.732 3.464 CX05P015
5159.243 112.00124 0.03 -0.164 1.340 00R106h24
5159.256 607.01214 1.131 -4.394 7.724 0902Rc0515
5159.256 607.01214 2.398 -2.984 7.724 1910Qc0075
5159.264 607.01214 0.994 -4.204 7.724 1104Pb0015
5159.268 607.01214 2.398 -2.993 7.724 1910Pa0085
5159.294 112.00125 0.03 -0.164 1.340 00R106h25
5159.302 607.01214 0.056 -4.854 7.724 0600Rc0145
5159.323 23.0 2.246 -0.42 LAWNOHFS ""
5159.331 607.01214 0.056 -3.92 7.724 0600Qa0155
5159.336 607.01314 2.85 -2.905 7.724 2212Qc0195
5159.341 106.00113 2.001 -10.172 3.464 CX05P175
5159.341 112.00126 0.03 -0.164 1.340 00R106h26
5159.354 607.01214 1.131 -2.622 7.724 0902Qa0525
5159.355 106.00113 2.289 -3.917 3.464 AX56P185
5159.368 607.01214 1.834 -2.41 7.724 1507Rb0235
5159.372 607.01314 2.85 -2.469 7.724 2212Pa0205
5159.399 607.01214 2.392 -3.564 7.724 1910Pc0055
5159.401 607.01214 2.935 -3.302 7.724 2212Pc0225
5159.407 607.01214 0.118 -3.98 7.724 0600Ra0225
5159.409 607.01214 1.834 -3.066 7.724 1507Qd0245
5159.457 607.01214 1.078 -3.661 7.724 1104Rd0195
5159.585 26.0 3.881 -3.48 "" ""
5159.594 106.00112 1.848 -3.811 3.464 AX13R245
5159.596 26.0 5.006 -2.38 "" ""
5159.647 112.00124 0.177 -1.028 1.340 11Q100h24
5159.672 27.0 3.407 -1.7 "" ""
5159.68 58.0 0.888 0.76 "" ""
5159.681 112.00125 0.177 -1.028 1.340 11Q100h25
5159.686 58.0 0.659 0.54 "" ""
5159.688 58.0 0.302 0.18 "" ""
5159.71 112.00126 0.177 -1.028 1.340 11Q100h26
5159.752 112.00124 0.78 0.236 1.340 11P230b24
5159.756 112.00124 0.19 0.413 1.340 00Q216h24
5159.781 106.00112 1.848 -5.951 3.464 AX13Q245
5159.804 112.00125 0.19 0.413 1.340 00Q216h25
5159.829 26.0 3.265 -3.74 "" ""
5159.845 607.01214 0.997 -3.338 7.724 1104Qb0035
5159.849 112.00126 0.189 0.413 1.340 00Q216h26
5159.851 106.00112 1.848 -3.825 3.464 AX13R235
5159.852 106.00112 2.222 -10.149 3.464 AX45P215
5159.853 607.01214 0.997 -3.762 7.724 1104Pd0045
5159.862 106.00113 2.289 -5.515 3.464 AX56Q185
5159.865 112.00124 0.19 -3.035 1.340 00P116b24
5159.891 607.01314 2.308 -3.049 7.724 1809Qc0295
5159.919 6.0 8.636 -2.15 "" ""
5159.935 56.0 2.237 0.2 "" ""
5159.936 607.01314 2.308 -2.32 7.724 1809Pa0305
5159.953 26.0 4.298 -2.61 "" ""
5159.99 106.00113 2.441 -6.662 3.464 AX02R345
5159.994 44.0 1.13 -1.81 "" ""
5159.995 112.00124 0.78 -2.402 1.340 11Q230b24
5160.012 607.01214 2.464 -2.426 7.724 1910Rb0185
5160.032 112.00124 0.19 -3.034 1.340 00R216b24
5160.039 607.01214 2.464 -2.914 7.724 1910Qd0195
5160.053 106.00112 2.297 -5.482 3.464 AX56Q185
5160.056 112.00124 0.607 -2.032 1.340 33P212b24
5160.059 607.01214 1.017 -3.104 7.724 1104Rb0095
5160.07 63.0 1.638 0.19 "" ""
5160.078 607.01214 1.017 -3.301 7.724 1104Qd0105
5160.1 64.1 1.583 -1.5 LAWLER ""
5160.114 21.0 5.324 -2.96 "" ""
5160.13 106.00112 2.454 -6.622 3.464 AX02R345
5160.135 607.01314 0.844 -3.572 7.724 1003Qc0215
5160.141 112.00124 0.19 0.44 1.340 00Q116h24
5160.147 106.00112 2.297 -3.766 3.464 AX56P195
5160.148 106.00112 2.297 -3.916 3.464 AX56P185
5160.155 106.00113 2.094 -3.521 3.464 AX24R245
5160.16 112.00124 0.781 0.252 1.340 11P130b24
5160.171 607.01214 0.14 -3.971 7.724 0600Rb0235
5160.175 607.01314 0.844 -3.017 7.724 1003Pa0225
5160.189 112.00125 0.19 0.44 1.340 00Q116h25
5160.218 607.01214 0.14 -4.685 7.724 0600Qd0245
5160.22 106.00112 2.454 -3.557 3.464 AX02Q355
5160.221 21.0 3.055 -2.43 "" ""
5160.227 607.01214 0.247 -5.097 7.724 0600Rd0325
5160.234 112.00126 0.19 0.44 1.340 00Q116h26
5160.257 607.01214 2.416 -3.131 7.724 1910Rc0115
5160.263 21.0 3.055 -3.11 "" ""
5160.274 607.01214 2.416 -2.363 7.724 1910Qa0125
5160.29 25.0 4.317 -2.14 "" ""
5160.291 607.01214 1.158 -2.646 7.724 1003Rb0415
5160.316 106.00113 1.542 -8.378 3.464 CX05P025
5160.316 92.1 0.717 -1.64 "" ""
5160.317 106.00113 2.094 -3.55 3.464 AX24R235
5160.335 41.0 0.049 -1.2 "" ""
5160.35 24.0 3.446 -2.47 "" ""
5160.362 607.01214 2.448 -2.433 7.724 1910Ra0175
5160.369 607.01214 1.158 -3.74 7.724 1003Qd0425
5160.389 106.00113 2.094 -5.739 3.464 AX24Q245
5160.431 106.00112 2.454 -3.578 3.464 AX02Q345
5160.465 24.0 0.982 -4.96 "" ""
5160.481 607.01214 1.732 -3.456 7.724 1507Pc0105
5160.521 106.00112 2.454 -6.294 3.464 AX02P355
5160.538 69.0 1.087 -2.05 "" ""
5160.554 24.1 5.867 -3.42 "" ""
5160.639 607.01314 1.681 -3.4 7.724 1507Rd0075
5160.643 106.00112 2.454 -2.624 3.464 AX52R355
5160.692 607.01314 1.684 -3.381 7.724 1507Rd0085
5160.731 90.0 0.902 -1.02 "" ""
5160.737 607.01314 1.678 -3.426 7.724 1507Rd0065
5160.783 607.01214 1.823 -2.398 7.724 1507Ra0235
5160.801 6.0 8.636 -3.03 "" ""
5160.819 106.00112 2.454 -2.706 3.464 AX52R345
5160.839 26.1 5.565 -2.64 "" ""
5160.89 64.1 1.597 -1.14 LAWLER ""
5160.897 22.0 1.501 -1.41 "" ""
5160.898 607.01314 1.688 -3.367 7.724 1507Rd0095
5160.909 106.00112 2.454 -4.466 3.464 AX52Q355
5160.927 607.01214 0.995 -3.927 7.724 1104Pb0025
5160.944 607.01214 0.08 -3.855 7.724 0600Qb0175
5160.945 42.0 3.393 -2.07 "" ""
5160.965 607.01214 0.017 -5.141 7.724 0600Pc0075
5160.968 607.01214 0.999 -3.225 7.724 1104Qb0045
5160.978 607.01214 0.999 -3.702 7.724 1104Pd0055
5160.98 607.01214 0.08 -4.908 7.724 0600Pd0185
5160.981 112.00124 0.917 0.406 1.340 00P237b24
5160.987 607.01314 1.675 -3.46 7.724 1507Rd0055
5160.994 607.01214 2.434 -2.283 7.724 1910Qb0145
5161.017 607.01214 2.434 -3.171 7.724 1910Pd0155
5161.022 66.1 3.071 0.28 "" ""
5161.028 23.1 2.508 -6.35 "" ""
5161.057 40.0 1.481 -0.9 "" ""
5161.08 607.01314 2.273 -3.376 7.724 1809Pc0265
5161.116 25.0 4.751 -2.71 "" ""
5161.143 607.01214 1.762 -2.696 7.724 1507Pb0155
5161.159 607.01214 2.966 -2.971 7.724 2212Qc0255
5161.184 26.1 2.856 -4.47 MELBAR ""
5161.2 106.00113 1.105 -3.399 3.464 BX13P085
5161.205 22.0 1.979 -5.73 "" ""
5161.206 607.01214 1.749 -3.034 7.724 1507Qc0135
5161.211 106.00112 2.1 -3.521 3.464 AX24R245
5161.222 607.01214 1.087 -3.667 7.724 1104Rd0205
5161.23 607.01214 1.749 -2.762 7.724 1507Pa0145
5161.237 607.01214 0.031 -4.646 7.724 0600Qc0105
5161.237 607.01214 1.022 -3.055 7.724 1104Rb0105
5161.25 106.00113 1.105 -7.481 3.464 BX13Q085
5161.254 106.00112 2.1 -3.549 3.464 AX24R235
5161.254 607.01314 1.692 -3.356 7.724 1507Rd0105
5161.258 607.01214 1.022 -3.294 7.724 1104Qd0115
5161.259 607.01214 0.031 -4.47 7.724 0600Pa0115
5161.271 112.00124 0.917 -2.462 1.340 00Q237b24
5161.272 607.01214 1.777 -3.265 7.724 1507Rc0175
5161.273 607.01214 2.416 -2.754 7.724 1910Pb0115
5161.291 26.0 4.281 -2.71 "" ""
5161.304 607.01214 1.777 -2.263 7.724 1507Qa0185
5161.346 106.00112 2.1 -5.738 3.464 AX24Q245
5161.387 607.01314 1.673 -3.505 7.724 1507Rd0045
5161.387 6.0 8.636 -3.12 "" ""
5161.394 106.00112 2.452 -2.9 3.464 AX56Q225
5161.436 607.01214 2.402 -2.961 7.724 1910Qc0085
5161.447 607.01214 2.402 -2.921 7.724 1910Pa0095
5161.459 106.00112 2.452 -5.266 3.464 AX56R215
5161.46 20.0 5.317 -5.3 "" ""
5161.463 112.00124 0.917 0.419 1.340 00P137b24
5161.53 106.00112 2.452 -5.595 3.464 AX56P225
5161.57 106.00113 1.105 -3.34 3.464 BX13P095
5161.595 106.00112 2.452 -2.917 3.464 AX56Q215
5161.6 64.1 1.597 -1.55 LAWLER ""
5161.624 607.01214 0.064 -4.86 7.724 0600Rc0155
5161.642 59.1141 0.482 -4.085 LI/LAW ""
5161.65 59.1141 0.482 -3.917 LI/LAW ""
5161.656 607.01214 0.064 -3.887 7.724 0600Qa0165
5161.66 59.1141 0.482 -3.989 LI/LAW ""
5161.662 106.00113 2.406 -3.206 3.464 AX13Q325
5161.666 59.1141 0.482 -2.67 LI/LAW ""
5161.673 59.1141 0.482 -4.307 LI/LAW ""
5161.678 59.1141 0.482 -2.475 LI/LAW ""
5161.684 59.1141 0.482 -1.761 LI/LAW ""
5161.694 59.1141 0.482 -2.423 LI/LAW ""
5161.702 59.1141 0.482 -1.679 LI/LAW ""
5161.706 60.1 0.742 -0.98 "" ""
5161.712 59.1141 0.482 -2.468 LI/LAW ""
5161.722 59.1141 0.482 -1.595 LI/LAW ""
