wavelength species excitation loggf disassociation_energy comment
5117.984 607.01314 0.75 -3.602 7.724 1003Pa0085
5118.002 106.00112 1.289 -3.035 3.464 BX13R145
5118.013 607.01314 0.817 -2.986 7.724 1003Ra0195
5118.031 59.1 0.55 -1.5 "" ""
5118.045 607.01314 2.196 -3.342 7.724 1809Pc0185
5118.047 27.0 3.968 -1.96 "" ""
5118.057 607.01214 0.845 -3.963 7.724 1003Pc0195
5118.075 607.01314 2.221 -2.993 7.724 1809Qc0215
5118.108 607.01314 2.221 -2.481 7.724 1809Pa0225
5118.137 607.01214 0.947 -2.563 7.724 1003Qb0285
5118.144 607.01214 2.31 -3.402 7.724 1809Pc0255
5118.17 23.0 2.364 -4.58 "" ""
5118.17 25.1 5.988 -5.63 "" ""
5118.19 112.00124 0.512 -1.492 1.340 33P202b24
5118.191 607.01214 0.947 -3.927 7.724 1003Pd0295
5118.237 112.00124 0.521 -1.546 1.340 33Q204b24
5118.241 112.00124 0.45 0.14 1.340 22Q212b24
5118.263 112.00124 0.521 -0.777 1.340 33P104b24
5118.317 112.00124 0.45 -2.889 1.340 22P112b24
5118.337 607.01314 2.821 -2.23 7.724 2111Pb0355
5118.344 607.01214 1.737 -3.373 7.724 1507Rd0125
5118.349 58.1 1.273 -1.52 LAWLER ""
5118.352 112.00124 0.147 0.108 1.340 00R214h24
5118.413 607.01214 1.704 -3.668 7.724 1507Rd0025
5118.43 106.00112 1.016 -3.65 3.464 BX13P045
5118.448 112.00124 0.147 -2.034 1.340 00Q114b24
5118.455 106.00112 1.016 -8.019 3.464 BX13Q045
5118.462 112.00125 0.147 0.108 1.340 00R214h25
5118.464 24.0 4.385 -4.29 "" ""
5118.565 112.00126 0.147 0.108 1.340 00R214h26
5118.582 607.01314 2.788 -3.129 7.724 2212Rc0095
5118.602 607.01314 2.788 -2.467 7.724 2212Qa0105
5118.603 106.00113 2.106 -7.532 3.464 AX45P195
5118.616 112.00124 0.355 -0.57 1.340 22R203b24
5118.638 112.00124 0.355 -1.615 1.340 22Q103b24
5118.653 607.01214 2.87 -3.296 7.724 2212Pc0145
5118.654 112.00124 0.45 -2.887 1.340 22R212b24
5118.727 607.01314 2.772 -3.669 7.724 2212Pc0045
5118.729 112.00124 0.45 0.176 1.340 22Q112b24
5118.744 24.0 3.553 -2.02 "" ""
5118.754 607.01314 0.768 -3.364 7.724 1003Pb0115
5118.762 607.01314 0.743 -4.183 7.724 1003Pc0055
5118.774 112.00124 0.239 -0.127 1.340 11R209h24
5118.783 22.0 3.438 -3.61 "" ""
5118.814 112.00124 0.527 -0.854 1.340 33P205b24
5118.829 112.00124 0.147 0.132 1.340 00R114h24
5118.832 607.01214 2.925 -2.097 7.724 2212Qb0215
5118.835 112.00124 0.239 -1.893 1.340 11Q109b24
5118.86 112.00125 0.239 -0.127 1.340 11R209h25
5118.885 58.0 0.398 -0.51 "" ""
5118.886 23.0 0.286 -6.62 "" ""
5118.907 21.0 2.0 -3.51 "" ""
5118.928 24.0 5.613 -2.24 "" ""
5118.937 607.01214 2.925 -3.205 7.724 2212Pd0225
5118.94 112.00126 0.239 -0.127 1.340 11R209h26
5118.941 112.00125 0.147 0.132 1.340 00R114h25
5118.992 607.01214 1.018 -4.369 7.724 0902Rc0465
5119.041 106.00112 1.016 -3.585 3.464 BX13P055
5119.044 112.00126 0.147 0.132 1.340 00R114h26
5119.053 607.01314 0.774 -3.754 7.724 1003Rc0125
5119.055 607.01314 2.777 -3.009 7.724 2212Qc0065
5119.058 607.01214 2.899 -2.51 7.724 2212Pb0185
5119.073 607.01314 2.778 -3.089 7.724 2212Pa0075
5119.077 607.01314 0.774 -2.93 7.724 1003Qa0135
5119.08 607.01214 1.018 -2.672 7.724 0902Qa0475
5119.098 106.00113 2.037 -8.148 3.464 AX56P125
5119.11 39.1 0.992 -1.33 Biemont11 ""
5119.124 607.01314 2.814 -2.502 7.724 2212Ra0155
5119.159 607.01314 2.262 -3.251 7.724 1809Rc0255
5119.19 23.0 1.858 -5.58 "" ""
5119.197 607.01314 2.262 -2.051 7.724 1809Qa0265
5119.204 607.01314 0.793 -2.856 7.724 1003Qb0155
5119.21 607.01214 1.743 -3.372 7.724 1507Rd0135
5119.217 42.0 2.932 -2.4 "" ""
5119.223 106.00113 2.196 -4.092 3.464 AX56P175
5119.233 607.01314 0.793 -3.802 7.724 1003Pd0165
5119.26 106.00113 1.593 -8.249 3.464 CX05Q055
5119.271 607.01214 1.703 -3.796 7.724 1507Rd0015
5119.284 106.00113 2.105 -6.319 3.464 AX35R205
5119.292 23.0 3.087 -1.05 "" ""
5119.298 607.01214 1.688 -3.284 7.724 1406Qc0305
5119.306 607.01214 2.358 -2.337 7.724 1809Pb0295
5119.317 607.01214 0.863 -4.645 7.724 0801Pc0505
5119.321 24.0 3.419 -1.41 "" ""
5119.327 607.01314 2.273 -2.05 7.724 1809Qb0265
5119.332 112.00124 0.239 -0.094 1.340 11R109h24
5119.336 21.0 5.025 -3.42 "" ""
5119.336 25.1 5.986 -3.26 "" ""
5119.352 607.01214 1.688 -2.485 7.724 1406Pa0315
5119.367 607.01314 2.273 -3.291 7.724 1809Pd0275
5119.392 607.01314 0.924 -3.965 7.724 1003Rd0295
5119.393 106.00113 2.196 -4.293 3.464 AX56P165
5119.421 112.00125 0.239 -0.094 1.340 11R109h25
5119.457 58.0 0.849 -0.35 "" ""
5119.457 58.0 0.889 -0.31 "" ""
5119.469 106.00113 1.593 -11.209 3.464 CX05P065
5119.473 24.0 3.553 -2.16 "" ""
5119.486 106.00113 1.593 -10.985 3.464 CX05R055
5119.503 112.00126 0.239 -0.094 1.340 11R109h26
5119.512 58.0 0.731 -0.47 "" ""
5119.546 607.01214 2.916 -3.168 7.724 2212Rc0205
5119.611 106.00113 2.364 -3.333 3.464 AX24R285
5119.621 60.1 0.68 -1.33 "" ""
5119.696 106.00113 1.593 -8.344 3.464 CX05Q065
5119.703 607.01214 2.916 -2.099 7.724 2212Qa0215
5119.722 112.00124 0.355 -0.519 1.340 22R103b24
5119.724 607.01314 2.793 -2.815 7.724 2212Pb0105
5119.733 106.00112 1.796 -4.178 3.464 AX02R275
5119.763 607.01314 1.6 -3.444 7.724 1406Rc0265
5119.809 607.01314 1.6 -2.201 7.724 1406Qa0275
5119.843 106.00113 2.364 -3.395 3.464 AX24R275
5119.845 106.00113 2.196 -5.663 3.464 AX56Q165
5119.871 24.1 5.666 -5.84 "" ""
5119.881 106.00112 1.796 -4.192 3.464 AX02R265
5119.891 607.01314 0.754 -3.583 7.724 1003Qc0085
5119.899 106.00113 2.364 -5.729 3.464 AX24Q285
5119.9 26.0 3.879 -3.05 "" ""
5119.908 607.01314 0.754 -3.53 7.724 1003Pa0095
5119.917 607.01214 1.019 -2.73 7.724 1003Ra0345
5119.918 106.00112 1.618 -11.177 3.464 CX05R065
5119.919 607.01214 1.139 -4.086 7.724 1003Rd0415
5119.971 106.00112 1.796 -6.421 3.464 AX02Q275
5119.971 607.01314 1.612 -2.2 7.724 1406Qb0275
5119.981 22.0 3.397 -3.9 "" ""
5119.998 106.00112 1.618 -8.342 3.464 CX05Q065
5120.001 106.00113 2.323 -10.167 3.464 AX50P385
5120.002 23.0 2.576 -5.39 "" ""
5120.018 607.01314 1.567 -2.614 7.724 1406Pb0235
5120.018 607.01314 1.612 -3.489 7.724 1406Pd0285
5120.036 66.0 2.17 0.75 "" ""
5120.064 607.01314 0.844 -2.954 7.724 1003Rb0215
5120.075 607.01214 2.955 -2.275 7.724 2212Ra0255
5120.084 23.0 2.113 -4.77 "" ""
5120.086 112.00124 0.459 0.432 1.340 11Q220h24
5120.087 607.01214 0.886 -3.624 7.724 1003Qc0235
5120.102 112.00124 0.527 -1.625 1.340 33Q205b24
5120.104 607.01314 0.844 -3.562 7.724 1003Qd0225
5120.106 607.01214 0.897 -2.975 7.724 1003Pb0245
5120.131 607.01214 0.886 -2.986 7.724 1003Pa0245
5120.134 112.00124 0.527 -0.67 1.340 33P105b24
5120.152 106.00113 1.789 -4.178 3.464 AX02R275
5120.165 27.1 5.462 -4.25 "" ""
5120.173 112.00125 0.458 0.432 1.340 11Q220h25
5120.197 22.0 3.421 -3.88 "" ""
5120.209 112.00124 0.459 -3.116 1.340 11P120b24
5120.215 607.01314 0.826 -2.962 7.724 1003Ra0205
5120.239 607.01214 1.749 -3.372 7.724 1507Rd0145
5120.25 607.01314 2.808 -2.333 7.724 2212Qb0135
5120.251 112.00126 0.458 0.432 1.340 11Q220h26
5120.282 607.01214 1.703 -4.024 7.724 1507Rd0005
5120.284 106.00112 1.618 -8.516 3.464 CX05Q075
5120.291 41.0 0.049 -1.42 "" ""
5120.305 607.01314 2.808 -3.156 7.724 2212Pd0145
5120.311 607.01214 2.966 -2.287 7.724 2212Rb0255
5120.314 106.00113 1.789 -4.191 3.464 AX02R265
5120.317 106.00112 2.204 -5.634 3.464 AX56Q165
5120.32 20.0 5.317 -5.26 "" ""
5120.322 112.00124 0.434 0.103 1.340 22Q211b24
5120.322 75.0 3.026 -1.0 "" ""
5120.34 112.00124 0.459 -3.116 1.340 11R220b24
5120.352 26.1 2.828 -4.24 MELBAR ""
5120.362 24.0 3.432 -3.43 "" ""
5120.364 106.00112 1.618 -11.598 3.464 CX05P075
5120.364 106.00113 1.789 -6.421 3.464 AX02Q275
5120.388 106.00112 2.204 -4.293 3.464 AX56P165
5120.392 112.00124 0.434 -2.854 1.340 22P111b24
5120.415 22.0 2.576 0.48 LAWLER ""
5120.428 106.00112 2.204 -4.092 3.464 AX56P175
5120.431 607.01314 2.793 -3.123 7.724 2212Rc0105
5120.435 40.0 1.974 -0.58 "" ""
5120.441 607.01314 2.835 -2.466 7.724 2212Rb0175
5120.452 607.01314 2.793 -2.419 7.724 2212Qa0115
5120.463 112.00124 0.459 0.453 1.340 11Q120h24
5120.467 106.00113 2.037 -8.185 3.464 AX56P125
5120.475 607.01314 2.835 -2.89 7.724 2212Qd0185
5120.543 106.00112 1.043 -6.608 3.464 BX02P145
5120.548 607.01314 1.557 -3.188 7.724 1406Qc0225
5120.55 112.00125 0.458 0.453 1.340 11Q120h25
5120.564 607.01214 2.891 -2.924 7.724 2212Qc0175
5120.587 607.01314 1.557 -2.627 7.724 1406Pa0235
5120.603 607.01314 2.876 -3.268 7.724 2212Rd0235
5120.606 24.0 4.172 -4.34 "" ""
5120.63 112.00126 0.458 0.453 1.340 11Q120h26
5120.669 69.0 2.447 -0.3 "" ""
5120.679 45.0 1.675 -2.01 "" ""
5120.738 112.00124 0.535 -0.709 1.340 33P206b24
5120.769 112.00124 0.434 -2.852 1.340 22R211b24
5120.782 58.0 0.52 -0.23 "" ""
5120.831 607.01214 2.891 -2.53 7.724 2212Pa0185
5120.839 112.00124 0.434 0.141 1.340 22Q111b24
5120.857 26.0 4.412 -4.04 "" ""
5120.868 57.0 1.046 -0.76 "" ""
5120.877 112.00124 0.478 0.612 1.340 00Q226h24
5120.891 607.01314 2.775 -3.56 7.724 2212Pc0055
5120.892 26.0 4.442 -2.44 "" ""
5120.933 27.1 5.171 -2.29 "" ""
5120.936 21.0 2.606 -2.85 "" ""
5120.943 106.00112 1.555 -8.754 3.464 CX05R025
5120.963 26.0 4.73 -4.09 "" ""
5120.968 607.01314 2.781 -2.977 7.724 2212Qc0075
5120.986 112.00125 0.477 0.612 1.340 00Q226h25
5120.986 607.01314 2.781 -3.006 7.724 2212Pa0085
5121.034 112.00124 0.478 -3.25 1.340 00P126b24
5121.043 607.01314 0.78 -3.755 7.724 1003Rc0135
5121.069 607.01314 0.78 -2.893 7.724 1003Qa0145
5121.07 24.0 5.343 -4.2 "" ""
5121.076 112.00124 0.478 -3.249 1.340 00R226b24
5121.078 24.1 6.863 -1.82 "" ""
5121.084 112.00126 0.476 0.612 1.340 00Q226h26
5121.099 607.01314 0.746 -4.11 7.724 1003Pc0065
5121.114 607.01214 1.704 -3.352 7.724 1507Qd0025
5121.114 607.01214 1.704 -3.609 7.724 1507Rb0015
5121.163 26.0 4.545 -3.72 "" ""
5121.178 607.01214 1.705 -3.262 7.724 1507Qd0035
5121.178 607.01214 1.705 -3.436 7.724 1507Rb0025
5121.187 106.00112 2.443 -3.261 3.464 AX24R295
5121.201 607.01214 1.703 -3.482 7.724 1507Qd0015
5121.201 607.01214 1.703 -3.884 7.724 1507Rb0005
5121.222 33.0 6.394 0.5 "" ""
5121.233 112.00124 0.478 0.629 1.340 00Q126h24
5121.244 607.01214 1.035 -2.737 7.724 1003Rb0345
5121.26 106.00112 1.984 -3.776 3.464 AX13R265
5121.29 607.01314 2.821 -2.473 7.724 2212Ra0165
5121.296 22.0 2.479 -3.1 "" ""
5121.309 607.01214 1.035 -3.694 7.724 1003Qd0355
5121.314 106.00112 2.443 -5.663 3.464 AX24Q295
5121.316 106.00113 0.997 -5.405 3.464 BX13P035
5121.33 60.1 1.12 -1.06 LAWLER ""
5121.341 112.00125 0.477 0.629 1.340 00Q126h25
5121.358 58.0 1.141 0.23 "" ""
5121.364 106.00112 1.984 -3.794 3.464 AX13R255
5121.391 607.01214 1.707 -3.306 7.724 1507Rb0035
5121.395 23.0 1.929 -2.73 "" ""
5121.401 607.01214 1.707 -3.196 7.724 1507Qd0045
5121.417 106.00112 2.443 -3.333 3.464 AX24R285
5121.426 20.0 5.177 -2.99 "" ""
5121.432 607.01214 1.755 -3.374 7.724 1507Rd0155
5121.44 112.00126 0.476 0.629 1.340 00Q126h26
5121.441 607.01214 1.703 -3.65 7.724 1507Qd0005
5121.455 106.00112 1.984 -6.015 3.464 AX13Q265
5121.506 607.01214 1.702 -2.479 7.724 1406Pb0315
5121.557 28.0 3.938 -1.0 "" ""
5121.606 26.0 4.442 -4.13 "" ""
5121.618 22.1 1.242 -5.64 "" ""
5121.619 607.01214 0.935 -3.065 7.724 0902Pb0425
5121.627 106.00112 1.542 -9.943 3.464 CX05R015
5121.639 26.0 4.28 -0.81 "" ""
5121.668 106.00113 1.541 -9.012 3.464 CX05R015
5121.688 607.01314 0.774 -3.318 7.724 1003Pb0125
5121.717 106.00112 1.556 -8.619 3.464 CX05R035
5121.743 112.00124 0.191 -1.562 1.340 11R104b24
5121.76 607.01214 1.709 -3.201 7.724 1507Rb0045
5121.766 106.00112 1.556 -10.851 3.464 CX05Q035
5121.766 42.0 3.387 -1.3 "" ""
5121.769 607.01214 1.709 -3.148 7.724 1507Qd0055
5121.785 24.0 5.267 -4.25 "" ""
5121.799 41.0 1.608 -1.2 "" ""
5121.819 112.00124 1.193 -3.763 1.340 01R140b24
5121.824 112.00124 0.535 -1.726 1.340 33Q206b24
5121.835 26.0 4.981 -2.37 "" ""
5121.862 112.00124 0.535 -0.585 1.340 33P106b24
5121.919 106.00112 2.044 -8.148 3.464 AX56P125
5121.925 607.01314 1.529 -3.534 7.724 1406Pc0195
5121.927 607.01314 0.801 -2.823 7.724 1003Qb0165
5121.958 607.01314 0.801 -3.805 7.724 1003Pd0175
5121.964 112.00124 0.351 -0.678 1.340 22R202b24
5121.965 22.0 3.168 -1.16 "" ""
5121.966 26.0 3.544 -3.6 "" ""
5121.98 112.00124 0.351 -1.558 1.340 22Q102b24
5121.983 607.01314 0.758 -3.567 7.724 1003Qc0095
5121.991 106.00113 2.106 -6.262 3.464 AX35R205
5122.002 607.01314 0.758 -3.466 7.724 1003Pa0105
5122.015 106.00113 1.136 -3.053 3.464 BX13Q095
5122.017 607.01314 2.821 -3.067 7.724 2111Qc0355
5122.022 21.0 2.612 -2.72 "" ""
5122.076 106.00113 1.136 -6.094 3.464 BX13R095
5122.089 22.0 2.235 -1.34 LAWLER ""
5122.102 607.01214 0.947 -3.887 7.724 1003Rc0285
5122.115 24.0 1.029 -3.18 "" ""
5122.138 62.0 0.387 -0.05 "" ""
5122.156 607.01214 0.947 -2.547 7.724 1003Qa0295
5122.161 607.01314 2.779 -3.389 7.724 2111Pc0325
5122.169 106.00112 2.111 -7.477 3.464 AX45P195
5122.206 106.00113 1.477 -6.824 3.464 AX13R185
5122.213 112.00124 0.347 -1.182 1.340 22R100b24
5122.222 26.0 4.962 -3.83 "" ""
5122.225 106.00113 1.136 -6.143 3.464 BX13P105
5122.234 112.00124 0.42 0.061 1.340 22Q210b24
5122.237 76.0 1.84 -2.24 "" ""
5122.283 607.01214 1.712 -3.113 7.724 1507Rb0055
5122.286 106.00113 1.136 -2.984 3.464 BX13Q105
5122.29 607.01214 1.648 -3.612 7.724 1406Pc0275
5122.295 607.01214 1.712 -3.111 7.724 1507Qd0065
5122.298 112.00124 0.42 -2.817 1.340 22P110b24
5122.311 607.01314 2.241 -2.444 7.724 1809Pb0235
5122.335 23.0 1.802 -4.07 "" ""
5122.351 106.00112 2.37 -3.333 3.464 AX24R285
5122.352 106.00112 2.234 -7.161 3.464 AX34P255
5122.372 607.01214 1.703 -3.65 7.724 1507Qb0005
5122.373 607.01214 1.703 -3.951 7.724 1507Pd0015
5122.392 58.0 0.274 -0.47 "" ""
5122.402 106.00112 2.37 -3.394 3.464 AX24R275
5122.403 26.0 4.831 -4.32 "" ""
5122.449 112.00124 0.544 -0.614 1.340 33P207b24
5122.475 607.01314 2.797 -3.119 7.724 2212Rc0115
5122.481 15.0 6.93 -2.5 "" ""
5122.482 106.00112 2.37 -5.729 3.464 AX24Q285
5122.498 106.00112 2.205 -5.663 3.464 AX56Q165
5122.498 607.01314 2.797 -2.376 7.724 2212Qa0125
5122.501 607.01214 1.154 -2.883 7.724 0902Rb0525
5122.506 106.00112 2.205 -4.092 3.464 AX56P175
5122.555 106.00113 1.371 -3.199 3.464 BX02P205
5122.569 106.00112 2.205 -4.293 3.464 AX56P165
5122.578 607.01314 0.835 -2.94 7.724 1003Ra0215
5122.6 607.01214 1.154 -4.166 7.724 0902Qd0535
5122.639 24.0 5.61 -2.37 "" ""
5122.649 607.01314 2.231 -2.999 7.724 1809Qc0225
5122.663 106.00113 1.371 -7.388 3.464 BX02Q205
5122.683 607.01314 2.231 -2.457 7.724 1809Pa0235
5122.702 23.0 2.579 -4.17 "" ""
5122.719 112.00124 0.42 -2.814 1.340 22R210b24
5122.757 23.0 1.798 -3.03 "" ""
5122.758 607.01314 2.797 -2.765 7.724 2212Pb0115
5122.764 106.00113 1.371 -3.102 3.464 BX02P215
5122.767 24.0 3.365 -1.41 "" ""
5122.767 607.01314 2.204 -3.344 7.724 1809Pc0195
5122.768 27.0 3.663 -0.64 "" ""
5122.783 112.00124 0.42 0.104 1.340 22Q110b24
5122.789 607.01214 1.762 -3.377 7.724 1507Rd0165
5122.819 106.00113 1.542 -10.569 3.464 CX05Q025
5122.82 26.0 5.082 -3.92 "" ""
5122.847 22.0 2.493 -3.16 "" ""
5122.899 607.01314 0.854 -2.931 7.724 1003Rb0225
5122.91 607.01214 0.021 -4.989 7.724 0600Rd0095
5122.919 607.01214 0.854 -3.968 7.724 1003Pc0205
5122.933 607.01214 0.026 -4.982 7.724 0600Rd0105
5122.939 106.00113 1.542 -8.745 3.464 CX05R025
5122.94 607.01314 0.854 -3.569 7.724 1003Qd0235
5122.961 607.01214 1.715 -3.037 7.724 1507Rb0065
5122.975 607.01214 1.715 -3.084 7.724 1507Qd0075
5122.98 57.1139 0.321 -1.536 Lawle01HFS ""
5122.98 57.1139 0.321 -2.106 Lawle01HFS ""
5122.982 607.01214 2.877 -3.291 7.724 2212Pc0155
5122.986 57.1139 0.321 -1.934 Lawle01HFS ""
5122.986 57.1139 0.321 -1.948 Lawle01HFS ""
5122.986 57.1139 0.321 -2.106 Lawle01HFS ""
5122.991 57.1139 0.321 -1.948 Lawle01HFS ""
5122.992 57.1139 0.321 -1.959 Lawle01HFS ""
5122.992 57.1139 0.321 -2.63 Lawle01HFS ""
5122.995 57.1139 0.321 -1.959 Lawle01HFS ""
5122.996 57.1139 0.321 -2.132 Lawle01HFS ""
5122.996 57.1139 0.321 -4.059 Lawle01HFS ""
5122.999 57.1139 0.321 -2.132 Lawle01HFS ""
5122.999 57.1139 0.321 -2.308 Lawle01HFS ""
5123.014 607.01214 0.96 -2.546 7.724 1003Qb0295
5123.025 607.01214 0.017 -5.001 7.724 0600Rd0085
5123.062 607.01214 1.704 -3.412 7.724 1507Qb0015
5123.063 112.00124 0.516 -1.487 1.340 33P203b24
5123.067 607.01214 1.704 -3.721 7.724 1507Pd0025
5123.069 607.01214 0.96 -3.936 7.724 1003Pd0305
5123.08 607.01314 2.784 -2.952 7.724 2212Qc0085
5123.095 607.01214 0.031 -4.978 7.724 0600Rd0115
5123.097 607.01314 2.784 -2.933 7.724 2212Pa0095
5123.125 607.01314 2.814 -2.296 7.724 2212Qb0145
5123.198 607.01314 0.786 -3.758 7.724 1003Rc0145
5123.198 607.01314 2.814 -3.154 7.724 2212Pd0155
5123.21 39.1 0.992 -0.79 Biemont11 ""
5123.225 607.01314 0.786 -2.858 7.724 1003Qa0155
5123.247 26.0 3.069 -4.62 "" ""
5123.255 607.01314 2.777 -3.484 7.724 2212Pc0065
5123.266 26.0 3.298 -4.36 "" ""
5123.275 106.00113 2.388 -5.661 3.464 AX56P215
5123.275 607.01214 0.013 -5.017 7.724 0600Rd0075
5123.279 26.0 4.412 -2.24 "" ""
5123.29 106.00112 2.045 -8.184 3.464 AX56P125
5123.313 607.01314 0.724 -4.838 7.724 0902Pc0315
5123.327 25.1 5.988 -1.88 "" ""
5123.338 112.00124 0.351 -0.626 1.340 22R102b24
5123.376 607.01314 2.842 -2.439 7.724 2212Rb0185
5123.384 112.00124 0.544 -1.792 1.340 33Q207b24
5123.385 112.00124 0.227 -0.17 1.340 11R208h24
5123.393 27.0 3.131 -3.99 "" ""
5123.396 607.01214 0.037 -4.976 7.724 0600Rd0125
5123.412 607.01314 2.842 -2.894 7.724 2212Qd0195
5123.428 112.00124 0.544 -0.515 1.340 33P107b24
5123.441 112.00124 0.227 -1.853 1.340 11Q108b24
5123.452 607.01214 2.935 -2.074 7.724 2212Qb0225
5123.456 25.0 4.791 -3.46 "" ""
5123.456 25.0 4.791 -4.04 "" ""
5123.458 23.0 2.579 -4.98 "" ""
5123.461 24.0 1.029 -2.96 "" ""
5123.465 112.00125 0.227 -0.17 1.340 11R208h25
5123.485 607.01214 2.358 -3.081 7.724 1809Qc0295
5123.498 607.01214 2.935 -3.211 7.724 2212Pd0235
5123.529 607.01214 2.358 -2.328 7.724 1809Pa0305
5123.539 112.00126 0.226 -0.17 1.340 11R208h26
5123.595 112.00124 0.433 0.411 1.340 11Q219h24
5123.608 607.01314 0.75 -4.056 7.724 1003Pc0075
5123.651 607.01314 2.827 -2.446 7.724 2212Ra0175
5123.655 64.1 1.317 -1.44 "" ""
5123.658 77.0 1.605 -2.41 "" ""
5123.661 607.01214 0.01 -5.039 7.724 0600Rd0065
5123.678 112.00125 0.432 0.411 1.340 11Q219h25
5123.698 106.00113 1.9 -3.797 3.464 AX13R255
5123.714 112.00124 0.433 -2.963 1.340 11P119b24
5123.72 26.0 1.01 -3.06 OBR91 ""
5123.747 607.01314 2.273 -3.258 7.724 1809Rc0265
5123.752 112.00126 0.432 0.411 1.340 11Q219h26
5123.756 607.01214 2.908 -2.482 7.724 2212Pb0195
5123.758 44.0 1.418 -2.19 "" ""
5123.78 60.1 0.38 -0.61 LAWLER ""
5123.787 607.01314 2.273 -2.033 7.724 1809Qa0275
5123.788 607.01214 2.925 -3.175 7.724 2212Rc0215
5123.789 607.01314 2.886 -3.275 7.724 2212Rd0245
5123.796 607.01214 1.718 -2.97 7.724 1507Rb0075
5123.808 106.00113 2.225 -7.091 3.464 AX34P255
5123.809 607.01214 1.718 -3.063 7.724 1507Qd0085
5123.816 106.00113 2.388 -2.914 3.464 AX56Q215
5123.82 42.0 3.396 -1.24 "" ""
5123.831 106.00113 1.9 -3.813 3.464 AX13R245
5123.838 607.01214 0.043 -4.976 7.724 0600Rd0135
5123.854 22.0 3.543 -1.56 "" ""
5123.86 112.00124 0.433 -2.985 1.340 11R219b24
5123.881 106.00113 1.9 -6.005 3.464 AX13Q255
5123.893 607.01214 2.925 -2.076 7.724 2212Qa0225
5123.894 106.00113 1.031 -3.585 3.464 BX13P055
5123.897 112.00124 0.128 0.079 1.340 00R213h24
5123.899 112.00124 0.848 -2.372 1.340 33Q223b24
5123.907 607.01214 1.705 -3.228 7.724 1507Qb0025
5123.911 607.01214 1.705 -3.592 7.724 1507Pd0035
5123.927 106.00113 1.031 -7.783 3.464 BX13Q055
5123.949 112.00124 0.848 -0.062 1.340 33P223b24
5123.955 112.00124 0.554 -0.537 1.340 33P208b24
5123.97 112.00124 0.406 0.015 1.340 22Q209b24
5123.975 112.00124 0.227 -0.135 1.340 11R108h24
5123.979 112.00124 0.433 0.433 1.340 11Q119h24
5123.986 112.00124 0.128 -2.005 1.340 00Q113b24
5123.999 112.00125 0.128 0.079 1.340 00R213h25
5124.019 112.00124 0.848 -0.041 1.340 33P123b24
5124.029 112.00124 0.406 -2.776 1.340 22P109b24
5124.036 106.00113 2.388 -2.963 3.464 AX56Q205
5124.045 26.0 4.604 -3.65 "" ""
5124.054 26.1 5.565 -4.02 "" ""
5124.058 112.00125 0.227 -0.135 1.340 11R108h25
5124.06 112.00125 0.432 0.433 1.340 11Q119h25
5124.071 22.0 1.501 -1.98 LAWLER ""
5124.094 112.00126 0.127 0.079 1.340 00R213h26
5124.125 607.01214 1.039 -2.672 7.724 0902Qb0475
5124.134 112.00126 0.226 -0.135 1.340 11R108h26
5124.136 112.00126 0.432 0.433 1.340 11Q119h26
5124.18 607.01214 0.007 -5.07 7.724 0600Rd0055
5124.181 112.00124 0.821 -0.078 1.340 33P222b24
5124.214 607.01214 1.039 -4.435 7.724 0902Pd0485
5124.219 607.01214 1.307 -4.531 7.724 0902Rd0595
5124.221 607.01314 2.284 -2.031 7.724 1809Qb0275
5124.223 607.01214 1.704 -3.952 7.724 1507Pb0015
5124.233 74.0 1.855 -1.67 "" ""
5124.238 106.00112 2.165 -10.092 3.464 CX05P205
5124.242 607.01314 1.612 -3.452 7.724 1406Rc0275
5124.244 607.01314 0.763 -3.556 7.724 1003Qc0105
5124.262 607.01314 2.284 -3.298 7.724 1809Pd0285
5124.264 607.01314 0.763 -3.409 7.724 1003Pa0115
5124.284 26.0 3.299 -7.71 "" ""
5124.29 607.01314 1.612 -2.183 7.724 1406Qa0285
5124.305 22.0 2.248 -2.54 "" ""
5124.313 607.01214 1.77 -3.381 7.724 1507Rd0175
5124.377 21.0 2.138 -0.97 "" ""
5124.379 112.00124 0.128 0.105 1.340 00R113h24
5124.38 25.0 5.108 -0.96 "" ""
5124.408 607.01214 2.321 -3.408 7.724 1809Pc0265
5124.411 106.00113 1.031 -3.521 3.464 BX13P065
5124.422 607.01214 0.049 -4.978 7.724 0600Rd0145
5124.483 112.00125 0.128 0.105 1.340 00R113h25
5124.494 112.00124 0.821 -2.347 1.340 33Q222b24
5124.502 112.00124 0.406 -2.772 1.340 22R209b24
5124.54 26.0 5.016 -1.61 "" ""
5124.557 42.0 3.697 -1.42 "" ""
5124.561 112.00124 0.406 0.063 1.340 22Q109b24
5124.561 68.0 0.0 -1.49 "" ""
5124.574 106.00113 2.366 -3.334 3.464 AX24R285
5124.578 106.00113 2.388 -5.2 3.464 AX56R205
5124.578 112.00126 0.128 0.105 1.340 00R113h26
5124.611 112.00124 0.821 -0.055 1.340 33P122b24
5124.619 26.0 3.299 -2.96 "" ""
5124.621 607.01214 0.935 -4.133 7.724 0902Qc0425
5124.693 27.0 4.237 -2.06 "" ""
5124.702 607.01214 0.935 -3.057 7.724 0902Pa0435
5124.714 607.01314 2.803 -3.118 7.724 2212Rc0125
5124.724 26.0 4.909 -1.02 "" ""
5124.729 27.0 4.146 -1.05 "" ""
5124.734 607.01214 1.035 -2.717 7.724 1003Ra0355
5124.737 607.01314 1.624 -2.182 7.724 1406Qb0285
5124.74 607.01314 2.803 -2.335 7.724 2212Qa0135
5124.754 26.1 6.212 -4.66 "" ""
5124.765 607.01314 0.78 -3.276 7.724 1003Pb0135
5124.771 63.0 1.969 0.04 "" ""
5124.777 112.00124 0.554 -1.851 1.340 33Q208b24
5124.786 607.01314 1.624 -3.497 7.724 1406Pd0295
5124.789 607.01214 1.722 -2.91 7.724 1507Rb0085
5124.79 106.00113 2.366 -5.685 3.464 AX24Q285
5124.798 607.01314 0.809 -2.793 7.724 1003Qb0175
5124.8 27.0 4.046 -0.67 "" ""
5124.807 607.01214 1.722 -3.048 7.724 1507Qd0095
5124.826 112.00124 0.554 -0.456 1.340 33P108b24
5124.83 607.01214 0.897 -3.631 7.724 1003Qc0245
5124.831 607.01214 0.005 -5.111 7.724 0600Rd0045
5124.831 607.01314 0.809 -3.809 7.724 1003Pd0185
5124.84 62.1 1.165 -1.07 LAWLER ""
5124.851 607.01214 2.899 -2.928 7.724 2212Qc0185
5124.859 14.0 4.916 -3.5 "" ""
5124.86 112.00124 0.7 -0.154 1.340 33P217b24
5124.877 607.01214 0.897 -2.965 7.724 1003Pa0255
5124.888 607.01314 1.578 -2.593 7.724 1406Pb0245
5124.89 106.00112 1.798 -4.179 3.464 AX02R275
5124.9 607.01214 1.707 -3.088 7.724 1507Qb0035
5124.907 106.00113 2.366 -3.395 3.464 AX24R275
5124.908 607.01214 1.707 -3.507 7.724 1507Pd0045
5124.961 106.00113 1.791 -4.179 3.464 AX02R275
5124.982 40.1 1.531 -1.5 "" ""
5125.009 58.0 0.552 -0.2 "" ""
5125.014 607.01214 1.154 -2.87 7.724 0902Ra0535
5125.025 112.00124 0.348 -0.814 1.340 22R201b24
5125.034 112.00124 0.348 -1.548 1.340 22Q101b24
5125.068 23.1 6.334 -3.78 "" ""
5125.089 607.01214 2.899 -2.5 7.724 2212Pa0195
5125.095 607.01314 1.567 -3.195 7.724 1406Qc0235
5125.101 607.01314 0.844 -2.918 7.724 1003Ra0225
5125.117 26.0 4.217 -0.14 "" ""
5125.12 112.00124 0.794 -0.094 1.340 33P221b24
5125.121 27.0 4.471 -2.41 "" ""
5125.129 23.0 2.357 -6.34 "" ""
5125.13 106.00112 1.798 -6.379 3.464 AX02Q275
5125.133 106.00113 1.478 -6.77 3.464 AX13R185
5125.136 607.01314 1.567 -2.605 7.724 1406Pa0245
5125.149 607.01214 0.056 -4.981 7.724 0600Rd0155
5125.155 106.00112 2.112 -7.531 3.464 AX45P195
5125.158 607.01214 0.909 -2.955 7.724 1003Pb0255
5125.164 607.01214 1.158 -4.093 7.724 1003Rd0425
5125.17 22.0 3.556 -0.96 "" ""
5125.174 106.00113 1.791 -6.379 3.464 AX02Q275
5125.201 22.0 2.504 -2.68 "" ""
5125.227 106.00112 1.798 -4.192 3.464 AX02R265
5125.232 28.0 3.676 -0.65 LAWLER ""
5125.244 26.1 7.264 -2.93 "" ""
5125.257 26.0 4.952 -2.13 "" ""
5125.265 112.00124 0.565 -0.473 1.340 33P209b24
5125.287 106.00112 1.483 -6.824 3.464 AX13R185
5125.332 607.01214 0.86 -4.462 7.724 0902Pc0385
5125.341 106.00113 1.791 -4.192 3.464 AX02R265
5125.389 607.01314 2.788 -2.934 7.724 2212Qc0095
5125.408 607.01314 2.788 -2.869 7.724 2212Pa0105
5125.47 112.00124 0.444 0.597 1.340 00Q225h24
5125.516 607.01314 0.793 -3.762 7.724 1003Rc0155
5125.528 112.00124 0.395 -0.037 1.340 22Q208b24
5125.545 112.00124 0.04 -1.7 1.340 00R107b24
5125.545 607.01314 0.793 -2.825 7.724 1003Qa0165
5125.55 112.00124 0.794 -2.321 1.340 33Q221b24
5125.56 62.1 0.248 -3.2 LAWLER ""
5125.56 64.1 1.424 -0.72 LAWLER ""
5125.572 112.00125 0.443 0.597 1.340 00Q225h25
5125.581 112.00124 0.395 -2.733 1.340 22P108b24
5125.601 14.0 5.078 -2.29 "" ""
5125.602 25.0 4.723 -3.15 "" ""
5125.614 607.01214 0.003 -5.169 7.724 0600Rd0035
5125.62 23.0 1.798 -5.16 "" ""
5125.623 112.00124 0.444 -3.231 1.340 00P125b24
5125.663 112.00124 0.794 -0.07 1.340 33P121b24
5125.664 112.00126 0.443 0.597 1.340 00Q225h26
5125.674 112.00124 0.444 -3.231 1.340 00R225b24
5125.709 27.0 3.927 -0.98 "" ""
5125.719 607.01214 2.372 -2.32 7.724 1809Pb0305
5125.791 27.0 4.146 -3.57 "" ""
5125.819 607.01314 2.781 -3.427 7.724 2212Pc0075
5125.827 112.00124 0.444 0.614 1.340 00Q125h24
5125.837 26.0 4.14 -0.48 "" ""
5125.841 607.01214 1.705 -3.675 7.724 1507Pb0025
5125.85 22.0 3.291 -3.44 "" ""
5125.886 607.01314 0.865 -2.91 7.724 1003Rb0235
5125.928 112.00125 0.443 0.614 1.340 00Q125h25
5125.929 106.00112 1.986 -3.776 3.464 AX13R265
5125.929 607.01314 0.865 -3.575 7.724 1003Qd0245
5125.94 607.01214 1.727 -2.856 7.724 1507Rb0095
5125.955 607.01214 1.727 -3.037 7.724 1507Qd0105
5125.968 607.01314 2.803 -2.719 7.724 2212Pb0125
5125.987 112.00124 0.769 -0.112 1.340 33P220b24
5125.994 112.00124 0.565 -1.904 1.340 33Q209b24
5126.003 607.01214 1.777 -3.385 7.724 1507Rd0185
5126.02 112.00126 0.443 0.614 1.340 00Q125h26
5126.02 607.01214 0.064 -4.985 7.724 0600Rd0165
5126.049 112.00124 0.566 -0.404 1.340 33P109b24
5126.05 607.01214 1.709 -2.975 7.724 1507Qb0045
5126.057 607.01214 1.709 -3.446 7.724 1507Pd0055
5126.065 106.00112 2.059 -6.315 3.464 AX35R195
5126.077 27.1 5.171 -2.25 "" ""
5126.096 26.0 5.029 -3.79 "" ""
5126.119 112.00124 0.395 -2.727 1.340 22R208b24
5126.128 106.00112 1.986 -5.974 3.464 AX13Q265
5126.132 26.0 3.234 -3.4 "" ""
5126.166 607.01314 2.821 -2.261 7.724 2212Qb0155
5126.172 112.00124 0.395 0.016 1.340 22Q108b24
5126.182 24.0 3.367 -1.56 "" ""
5126.193 26.0 4.253 -1.08 "" ""
5126.197 26.1 3.195 -7.33 "" ""
5126.198 27.0 3.62 -0.53 "" ""
5126.203 607.01314 2.835 -2.42 7.724 2212Ra0185
5126.205 112.00124 0.7 -2.147 1.340 33Q217b24
5126.214 106.00112 1.986 -3.794 3.464 AX13R255
5126.223 106.00113 2.389 -5.637 3.464 AX56P215
5126.27 607.01314 2.821 -3.154 7.724 2212Pd0165
5126.289 607.01314 0.754 -4.017 7.724 1003Pc0085
5126.301 112.00124 0.7 -0.118 1.340 33P117b24
5126.304 607.01214 1.051 -2.723 7.724 1003Rb0355
5126.368 106.00112 1.0 -5.404 3.464 BX13P035
5126.37 607.01214 1.051 -3.701 7.724 1003Qd0365
5126.38 112.00124 0.578 -0.419 1.340 33P210b24
5126.417 112.00124 0.521 -2.376 1.340 33P204b24
5126.494 607.01314 2.85 -2.413 7.724 2212Rb0195
5126.499 24.0 3.367 -1.24 "" ""
5126.508 112.00124 0.769 -2.295 1.340 33Q220b24
5126.527 26.0 4.909 -3.25 "" ""
5126.527 607.01214 0.001 -5.251 7.724 0600Rd0025
5126.532 607.01314 2.85 -2.898 7.724 2212Qd0205
5126.572 23.0 1.948 -2.34 "" ""
5126.579 26.0 3.879 -4.09 "" ""
5126.617 112.00124 0.769 -0.087 1.340 33P120b24
5126.641 112.00124 0.745 -0.132 1.340 33P219b24
5126.672 607.01214 1.039 -4.374 7.724 0902Rc0475
5126.673 607.01314 0.768 -3.549 7.724 1003Qc0115
5126.69 607.01314 1.538 -3.537 7.724 1406Pc0205
5126.695 607.01314 0.768 -3.357 7.724 1003Pa0125
5126.704 42.0 2.644 -2.0 "" ""
5126.762 607.01214 1.039 -2.662 7.724 0902Qa0485
5126.765 106.00113 2.389 -2.915 3.464 AX56Q215
5126.806 27.0 3.927 -1.99 "" ""
5126.821 28.0 3.696 -0.7 "" ""
5126.848 112.00124 0.348 -0.777 1.340 22R101b24
5126.852 112.00124 0.722 -0.088 1.340 33P218b24
5126.874 607.01214 0.96 -3.895 7.724 1003Rc0295
5126.906 112.00124 0.384 -0.097 1.340 22Q207b24
5126.93 607.01214 0.96 -2.53 7.724 1003Qa0305
5126.934 24.1 5.869 -2.87 "" ""
5126.948 112.00124 0.408 0.389 1.340 11Q218h24
5126.952 112.00124 0.384 -2.686 1.340 22P107b24
5126.967 106.00112 2.398 -5.2 3.464 AX56R205
5127.024 112.00125 0.407 0.389 1.340 11Q218h25
5127.034 112.00124 0.578 -1.953 1.340 33Q210b24
5127.036 607.01214 0.072 -4.99 7.724 0600Rd0175
5127.042 106.00112 2.398 -2.914 3.464 AX56Q215
5127.062 112.00124 0.408 -3.069 1.340 11P118b24
5127.063 22.0 2.675 -1.27 "" ""
5127.091 106.00112 2.398 -2.963 3.464 AX56Q205
5127.094 112.00126 0.407 0.389 1.340 11Q218h26
5127.095 112.00124 0.578 -0.359 1.340 33P110b24
5127.11 62.1 0.659 -1.51 LAWLER ""
5127.112 106.00113 2.389 -2.963 3.464 AX56Q205
5127.147 607.01314 2.808 -3.117 7.724 2212Rc0135
5127.152 106.00112 1.139 -3.052 3.464 BX13Q095
5127.162 607.01314 2.896 -3.282 7.724 2212Rd0255
5127.166 106.00112 2.398 -5.66 3.464 AX56P215
5127.174 607.01314 2.808 -2.298 7.724 2212Qa0145
5127.212 106.00112 1.139 -6.093 3.464 BX13R095
5127.222 112.00124 0.408 -3.069 1.340 11R218b24
5127.232 23.0 2.581 -4.2 "" ""
5127.249 607.01214 1.732 -2.807 7.724 1507Rb0105
5127.25 44.0 1.192 -1.96 "" ""
5127.26 112.00124 0.745 -2.268 1.340 33Q219b24
5127.27 607.01214 1.732 -3.029 7.724 1507Qd0115
5127.306 106.00112 2.372 -3.333 3.464 AX24R285
5127.306 112.00124 0.592 -0.372 1.340 33P211b24
5127.336 112.00124 0.408 0.413 1.340 11Q118h24
5127.339 26.0 4.291 -2.31 "" ""
5127.345 26.0 4.984 -1.72 "" ""
5127.35 607.01214 1.712 -2.88 7.724 1507Qb0055
5127.358 106.00112 1.139 -6.142 3.464 BX13P105
5127.36 26.0 0.914 -3.25 OBR91 ""
5127.36 607.01214 1.712 -3.401 7.724 1507Pd0065
5127.364 112.00124 0.745 -0.105 1.340 33P119b24
5127.366 22.0 2.254 -1.05 LAWLER ""
5127.403 607.01314 2.251 -2.423 7.724 1809Pb0245
5127.403 68.1 1.7 -0.43 "" ""
5127.408 607.01314 2.241 -3.005 7.724 1809Qc0235
5127.413 112.00125 0.407 0.413 1.340 11Q118h25
5127.418 106.00112 1.139 -2.983 3.464 BX13Q105
5127.437 106.00112 2.372 -5.685 3.464 AX24Q285
5127.444 607.01314 2.241 -2.434 7.724 1809Pa0245
5127.456 20.0 5.317 -6.35 "" ""
5127.484 112.00126 0.407 0.413 1.340 11Q118h26
5127.524 607.01214 2.884 -3.289 7.724 2212Pc0165
5127.533 24.0 3.695 -3.96 "" ""
5127.536 106.00112 2.372 -3.395 3.464 AX24R275
5127.57 112.00124 0.384 -2.678 1.340 22R207b24
5127.57 607.01214 0.0 -5.376 7.724 0600Rd0015
5127.588 106.00113 1.576 -8.212 3.464 CX05Q045
5127.608 607.01214 1.707 -3.499 7.724 1507Pb0035
5127.616 112.00124 0.384 -0.036 1.340 22Q107b24
5127.652 112.00124 0.722 -2.121 1.340 33Q218b24
5127.652 41.0 1.255 -1.55 "" ""
5127.654 106.00113 2.389 -5.227 3.464 AX56R205
5127.675 607.01314 2.212 -3.346 7.724 1809Pc0205
5127.68 106.00112 1.794 -12.488 3.464 CX05Q125
5127.681 26.0 0.052 -6.12 "" ""
5127.739 27.0 4.392 -3.29 "" ""
5127.752 112.00124 0.722 -0.063 1.340 33P118b24
5127.773 106.00112 1.794 -7.99 3.464 CX05P135
5127.779 106.00113 1.576 -10.82 3.464 CX05R045
5127.786 607.01314 0.854 -2.898 7.724 1003Ra0235
5127.807 106.00112 1.794 -8.274 3.464 CX05P125
5127.807 24.0 5.607 -2.63 "" ""
5127.81 27.1 5.462 -4.72 "" ""
5127.817 607.01314 0.817 -2.764 7.724 1003Qb0185
5127.842 112.00124 0.216 -0.219 1.340 11R207h24
5127.847 24.0 3.102 -4.41 "" ""
5127.851 607.01314 0.817 -3.815 7.724 1003Pd0195
5127.853 42.0 3.154 -1.7 "" ""
5127.861 607.01214 1.786 -3.391 7.724 1507Rd0195
5127.866 26.1 5.566 -2.54 "" ""
5127.891 112.00124 0.216 -1.808 1.340 11Q107b24
5127.894 112.00124 0.592 -1.997 1.340 33Q211b24
5127.896 607.01314 2.793 -2.92 7.724 2212Qc0105
5127.914 112.00125 0.216 -0.219 1.340 11R207h25
5127.917 607.01314 2.793 -2.812 7.724 2212Pa0115
5127.918 106.00112 1.484 -6.769 3.464 AX13R185
5127.92 106.00113 1.576 -10.913 3.464 CX05P055
5127.933 58.0 0.998 -0.72 "" ""
5127.935 24.0 5.27 -3.55 "" ""
5127.955 607.01214 0.864 -3.973 7.724 1003Pc0215
5127.96 112.00124 0.592 -0.319 1.340 33P111b24
