wavelength species excitation loggf disassociation_energy comment
6257.219 607.01214 3.356 -3.43 7.724 2214Pc0225
6257.259 40.0 1.582 -0.84 "" ""
6257.286 23.0 2.576 -2.56 "" ""
6257.353 607.01214 1.343 -1.888 7.724 0904Rb0385
6257.361 106.00113 1.97 -3.16 3.464 BX14R215
6257.394 106.00113 1.577 -5.128 3.464 AX25P055
6257.399 607.01214 1.177 -4.809 7.724 0500Pc0705
6257.456 607.01214 1.343 -2.925 7.724 0904Qd0395
6257.466 106.00113 2.584 -6.5 3.464 AX04R305
6257.485 106.00113 1.97 -7.216 3.464 BX14Q225
6257.503 60.0 1.216 -0.05 "" ""
6257.53 607.01314 1.055 -3.078 7.724 0904Qc0185
6257.53 607.01314 2.655 -3.205 7.724 1811Pc0215
6257.54 106.00113 2.584 -8.474 3.464 AX04Q315
6257.572 27.0 3.71 -0.82 "" ""
6257.584 607.01314 1.055 -2.245 7.724 0904Pa0195
6257.608 26.0 5.389 -2.45 "" ""
6257.612 28.0 5.284 -1.95 "" ""
6257.618 607.01314 1.945 -2.708 7.724 1408Qc0145
6257.647 106.00113 1.97 -3.009 3.464 BX14R225
6257.652 607.01314 1.945 -2.409 7.724 1408Pa0155
6257.661 607.01214 1.303 -1.637 7.724 0803Qb0485
6257.662 607.01214 0.118 -3.833 7.724 0400Rc0215
6257.713 106.00113 1.577 -5.128 3.464 AX25P055
6257.726 28.0 5.284 -1.84 "" ""
6257.726 607.01214 0.118 -2.645 7.724 0400Qa0225
6257.764 106.00113 1.967 -4.085 3.464 BX04R225
6257.774 26.0 4.577 -2.08 "" ""
6257.795 607.01214 1.303 -3.574 7.724 0803Pd0495
6257.803 22.0 0.0 -4.3 "" ""
6257.878 106.00112 2.662 -7.466 3.464 AX25P285
6257.892 607.01314 1.008 -3.374 7.724 0803Pc0345
6257.908 607.01314 2.052 -2.057 7.724 1408Rb0265
6257.971 607.01314 2.052 -2.765 7.724 1408Qd0275
6257.99 58.0 1.626 -0.01 "" ""
6258.066 106.00113 1.69 -4.726 3.464 AX25P095
6258.078 607.01214 1.163 -2.842 7.724 0904Qc0265
6258.102 22.0 1.442 -0.39 LAWLER ""
6258.103 106.00113 1.69 -6.343 3.464 AX25Q095
6258.152 607.01214 1.163 -2.107 7.724 0904Pa0275
6258.251 106.00112 2.632 -2.657 3.464 AX52R375
6258.252 607.01314 0.016 -3.193 7.724 0400Qb0075
6258.255 607.01214 1.148 -4.17 7.724 0601Pc0615
6258.27 607.01314 1.927 -3.112 7.724 1408Pc0115
6258.275 607.01314 0.016 -3.823 7.724 0400Pd0085
6258.293 23.0 2.576 -4.76 "" ""
6258.319 607.01214 1.245 -1.689 7.724 0904Qb0325
6258.338 106.00113 1.69 -4.677 3.464 AX25P105
6258.39 607.01314 1.102 -1.803 7.724 0904Qb0235
6258.411 607.01214 1.245 -3.151 7.724 0904Pd0335
6258.454 607.01314 1.102 -3.585 7.724 0904Pd0245
6258.511 24.0 5.784 -1.89 "" ""
6258.527 106.00112 2.632 -2.661 3.464 AX52R365
6258.555 23.1 2.599 -3.67 "" ""
6258.571 23.0 0.262 -2.06 LAWNOHFS ""
6258.58 28.0 4.102 -1.34 LAWLER ""
6258.607 90.1 0.514 -3.2 "" ""
6258.61 25.0 4.341 -3.63 "" ""
6258.622 607.01314 0.061 -3.08 7.724 0400Rb0155
6258.622 6.0 8.996 -4.63 "" ""
6258.629 28.0 5.285 -3.6 "" ""
6258.661 607.01214 2.063 -2.16 7.724 1408Pb0235
6258.667 106.00112 2.632 -4.076 3.464 AX52Q375
6258.667 607.01314 0.061 -3.522 7.724 0400Qd0165
6258.678 106.00112 2.686 -8.108 3.464 AX03P345
6258.679 607.01214 1.117 -3.165 7.724 0904Pc0225
6258.703 106.00112 1.567 -5.476 3.464 AX25P035
6258.707 22.0 1.459 -0.28 LAWLER ""
6258.715 607.01214 1.175 -2.098 7.724 0904Pb0275
6258.72 60.1 1.322 -0.99 LAWLER ""
6258.747 23.0 2.129 -1.86 "" ""
6258.752 607.01214 1.294 -3.839 7.724 0601Qc0665
6258.754 607.01314 0.007 -3.836 7.724 0400Pb0045
6258.755 106.00113 2.804 -7.697 3.464 AX25P305
6258.826 23.0 0.267 -3.43 "" ""
6258.828 607.01214 0.232 -2.767 7.724 0400Rb0305
6258.849 24.0 3.847 -4.34 "" ""
6258.901 106.00112 2.666 -7.717 3.464 AX14P315
6258.911 106.00112 2.452 -8.364 3.464 AX26R225
6258.912 21.0045 0.021 -3.16 LAWHFS ""
6258.917 607.01214 0.232 -3.672 7.724 0400Qd0315
6258.92 21.0045 0.021 -2.46 LAWHFS ""
6258.929 21.0045 0.021 -2.97 LAWHFS ""
6258.936 21.0045 0.021 -2.75 LAWHFS ""
6258.94 607.01214 1.294 -2.395 7.724 0601Pa0675
6258.943 21.0045 0.021 -2.94 LAWHFS ""
6258.944 21.0045 0.021 -3.16 LAWHFS ""
6258.949 21.0045 0.021 -3.15 LAWHFS ""
6258.955 21.0045 0.021 -3.01 LAWHFS ""
6258.956 21.0045 0.021 -2.97 LAWHFS ""
6258.958 106.00112 1.567 -5.475 3.464 AX25P035
6258.958 106.00112 1.724 -4.667 3.464 AX25P105
6258.959 21.0045 0.021 -3.87 LAWHFS ""
6258.962 106.00112 1.724 -6.365 3.464 AX25Q105
6258.964 21.0045 0.021 -3.21 LAWHFS ""
6258.965 21.0045 0.021 -2.94 LAWHFS ""
6258.967 21.0045 0.021 -9.0 LAWHFS ""
6258.971 21.0045 0.021 -3.01 LAWHFS ""
6258.972 21.0045 0.021 -3.46 LAWHFS ""
6258.975 21.0045 0.021 -3.21 LAWHFS ""
6259.034 106.00113 1.594 -5.085 3.464 AX25P055
6259.073 607.01214 2.029 -4.784 7.724 0500Rd0945
6259.088 66.0 0.0 -1.04 "" ""
6259.125 106.00113 1.302 -5.213 3.464 AX14R045
6259.132 106.00112 1.567 -6.066 3.464 AX25Q035
6259.141 106.00113 2.73 -7.529 3.464 AX25P295
6259.182 607.01214 0.382 -4.095 7.724 0400Rd0405
6259.217 20.0 5.685 -6.58 "" ""
6259.234 106.00113 1.661 -4.793 3.464 AX25P085
6259.255 106.00113 1.594 -6.142 3.464 AX25Q055
6259.291 106.00112 1.724 -4.623 3.464 AX25P115
6259.303 106.00113 1.661 -6.281 3.464 AX25Q085
6259.388 106.00112 1.567 -6.074 3.464 AX25Q035
6259.44 26.0 5.31 -3.89 "" ""
6259.492 21.0 2.144 -2.69 "" ""
6259.494 607.01314 1.982 -2.959 7.724 1408Rc0195
6259.505 106.00112 1.456 -6.758 3.464 AX14R105
6259.506 26.0 4.383 -2.85 "" ""
6259.521 106.00113 1.303 -5.212 3.464 AX14R045
6259.532 106.00112 1.456 -4.68 3.464 AX14Q105
6259.542 607.01314 1.982 -1.904 7.724 1408Qa0205
6259.545 607.01214 0.217 -2.76 7.724 0400Ra0305
6259.558 106.00113 1.594 -5.085 3.464 AX25P055
6259.592 28.0 4.086 -1.4 "" ""
6259.596 607.01214 2.052 -2.766 7.724 1408Qc0225
6259.649 607.01214 0.043 -3.953 7.724 0400Pc0125
6259.651 607.01214 2.052 -2.172 7.724 1408Pa0235
6259.693 106.00113 1.662 -4.737 3.464 AX25P095
6259.696 607.01314 1.072 -2.225 7.724 0904Pb0205
6259.76 15.0 8.244 -2.5 "" ""
6259.776 14.0 5.949 -2.2 "" ""
6259.779 106.00113 1.594 -6.153 3.464 AX25Q055
6259.821 22.0 2.493 -4.79 "" ""
6259.83 607.01314 2.04 -2.047 7.724 1408Ra0265
6259.833 26.0 4.47 -3.77 "" ""
6259.864 106.00112 1.456 -4.646 3.464 AX14Q115
6259.872 106.00113 1.594 -4.994 3.464 AX25P065
6259.872 24.0 5.788 -2.26 "" ""
6259.891 106.00112 1.456 -6.531 3.464 AX14P115
6259.935 607.01214 0.14 -2.623 7.724 0400Qb0235
6259.938 106.00113 1.303 -6.282 3.464 AX14Q055
6260.002 106.00113 1.942 -6.863 3.464 AX36P095
6260.004 607.01214 0.14 -3.878 7.724 0400Pd0245
6260.034 607.01314 0.182 -3.959 7.724 0400Rd0285
6260.09 106.00112 1.567 -5.318 3.464 AX25P045
6260.102 106.00113 1.303 -5.149 3.464 AX14R055
6260.145 607.01214 2.797 -2.173 7.724 1811Pa0305
6260.239 607.01214 1.908 -4.206 7.724 0601Rd0855
6260.256 24.0 5.783 -2.33 "" ""
6260.257 22.0 3.407 -3.75 "" ""
6260.276 106.00113 1.303 -6.273 3.464 AX14Q055
6260.301 106.00112 1.567 -5.318 3.464 AX25P045
6260.301 607.01314 0.02 -3.129 7.724 0400Qb0085
6260.327 607.01314 0.02 -3.806 7.724 0400Pd0095
6260.328 106.00113 1.662 -4.793 3.464 AX25P085
6260.329 106.00113 1.594 -4.994 3.464 AX25P065
6260.354 23.0 1.929 -5.99 "" ""
6260.354 66.0 1.672 -0.55 "" ""
6260.399 106.00113 1.614 -4.966 3.464 AX25P065
6260.399 106.00113 1.662 -6.298 3.464 AX25Q085
6260.425 24.0 5.786 -2.1 "" ""
6260.44 106.00113 1.303 -5.15 3.464 AX14R055
6260.459 106.00113 1.636 -4.872 3.464 AX25P075
6260.509 106.00113 1.903 -4.93 3.464 AX03P255
6260.522 607.01314 0.016 -3.324 7.724 0400Ra0085
6260.523 24.1 6.8 -4.03 "" ""
6260.535 21.0 2.612 -3.25 "" ""
6260.554 106.00112 1.725 -4.667 3.464 AX25P105
6260.558 106.00112 1.725 -6.385 3.464 AX25Q105
6260.558 106.00113 1.614 -6.189 3.464 AX25Q065
6260.559 607.01314 0.013 -3.376 7.724 0400Ra0075
6260.569 106.00113 1.636 -6.236 3.464 AX25Q075
6260.573 607.01314 2.74 -3.166 7.724 1811Rc0295
6260.576 607.01214 0.072 -3.57 7.724 0400Qc0165
6260.625 607.01214 0.072 -3.132 7.724 0400Pa0175
6260.634 607.01314 2.74 -1.855 7.724 1811Qa0305
6260.647 22.0 3.722 -3.49 "" ""
6260.686 106.00113 1.903 -7.589 3.464 AX03Q245
6260.693 106.00113 1.662 -4.738 3.464 AX25P095
6260.699 607.01314 0.02 -3.277 7.724 0400Ra0095
6260.728 24.0 5.783 -3.16 "" ""
6260.75 41.0 2.234 -1.36 "" ""
6260.774 106.00112 1.725 -4.623 3.464 AX25P115
6260.795 607.01314 0.069 -3.05 7.724 0400Rb0165
6260.81 607.01314 0.009 -3.432 7.724 0400Ra0065
6260.811 607.01314 2.0 -1.879 7.724 1408Qb0215
6260.843 607.01314 0.069 -3.526 7.724 0400Qd0175
6260.848 25.1 3.418 -8.88 "" ""
6260.864 607.01314 2.0 -2.993 7.724 1408Pd0225
6260.875 607.01214 2.798 -2.939 7.724 1811Qc0295
6260.926 106.00112 2.249 -7.879 3.464 AX50R385
6260.96 106.00113 1.903 -4.958 3.464 AX03P245
6260.999 607.01214 1.558 -2.552 7.724 0500Qb0815
6261.019 106.00113 1.636 -4.808 3.464 AX25P085
6261.021 106.00113 1.855 -6.933 3.464 AX14Q195
6261.044 23.1 7.104 -4.27 "" ""
6261.064 90.1 0.51 -2.96 "" ""
6261.081 106.00113 1.614 -4.891 3.464 AX25P075
6261.087 23.1 2.542 -2.41 "" ""
6261.087 607.01314 0.025 -3.234 7.724 0400Ra0105
6261.092 106.00113 1.614 -4.966 3.464 AX25P065
6261.099 22.0 1.429 -0.53 LAWLER ""
6261.113 26.0 3.428 -6.18 "" ""
6261.118 106.00113 1.168 -5.632 3.464 AX03R105
6261.125 22.0 3.125 -1.8 "" ""
6261.138 28.0 5.28 -2.28 "" ""
6261.168 106.00113 1.855 -4.575 3.464 AX14P205
6261.179 106.00112 1.456 -6.772 3.464 AX14R105
6261.205 106.00112 1.456 -4.68 3.464 AX14Q105
6261.208 106.00113 1.855 -4.599 3.464 AX14P195
6261.229 23.0 0.267 -2.58 "" ""
6261.231 607.01214 1.558 -4.754 7.724 0500Pd0825
6261.253 106.00113 1.614 -6.202 3.464 AX25Q065
6261.264 106.00113 1.053 -7.937 3.464 AX03R075
6261.268 607.01314 1.031 -3.182 7.724 0904Pc0155
6261.277 607.01314 0.007 -3.494 7.724 0400Ra0055
6261.279 106.00113 1.942 -6.892 3.464 AX36P095
6261.284 22.0 3.321 -3.66 "" ""
6261.285 24.0 4.096 -1.41 "" ""
6261.343 106.00113 1.637 -4.871 3.464 AX25P075
6261.413 106.00112 1.456 -4.647 3.464 AX14Q115
6261.419 90.0 1.29 -1.32 "" ""
6261.433 106.00113 1.168 -5.613 3.464 AX03R115
6261.44 106.00112 1.456 -6.518 3.464 AX14P115
6261.443 106.00112 1.922 -6.841 3.464 AX36P085
6261.455 106.00113 1.637 -6.25 3.464 AX25Q075
6261.49 106.00113 1.168 -7.237 3.464 AX03Q115
6261.534 26.0 5.06 -2.34 "" ""
6261.582 607.01314 0.009 -3.729 7.724 0400Pb0055
6261.596 607.01214 0.089 -3.081 7.724 0400Pb0185
6261.602 24.0 5.786 -2.6 "" ""
6261.643 24.0 3.09 -7.11 "" ""
6261.644 22.0 3.332 -3.72 "" ""
6261.685 607.01314 0.03 -3.194 7.724 0400Ra0115
6261.698 106.00113 1.614 -4.891 3.464 AX25P075
6261.725 15.0 8.109 -1.8 "" ""
6261.764 607.01314 2.753 -1.854 7.724 1811Qb0305
6261.809 607.01314 1.113 -3.264 7.724 0904Rc0245
6261.817 106.00113 1.637 -4.808 3.464 AX25P085
6261.826 607.01314 2.753 -3.183 7.724 1811Pd0315
6261.875 607.01314 1.113 -1.78 7.724 0904Qa0255
6261.923 607.01314 2.695 -2.887 7.724 1811Qc0255
6261.948 106.00113 1.053 -7.913 3.464 AX03R075
6261.963 607.01314 0.004 -3.562 7.724 0400Ra0045
6261.969 607.01314 1.951 -2.709 7.724 1408Qc0155
6261.976 607.01314 2.695 -2.25 7.724 1811Pa0265
6261.993 21.0 5.746 -2.46 "" ""
6261.993 21.0 5.746 -3.21 "" ""
6261.997 23.0 4.289 -4.06 "" ""
6262.01 607.01314 1.951 -2.373 7.724 1408Pa0165
6262.041 607.01314 1.966 -2.316 7.724 1408Pb0175
6262.1 607.01214 0.129 -3.841 7.724 0400Rc0225
6262.114 57.1139 0.403 -3.047 Lawle01HFS ""
6262.115 57.1139 0.403 -2.901 Lawle01HFS ""
6262.125 607.01214 1.343 -1.871 7.724 0904Ra0395
6262.132 57.1139 0.403 -2.705 Lawle01HFS ""
6262.134 57.1139 0.403 -2.718 Lawle01HFS ""
6262.136 57.1139 0.403 -3.379 Lawle01HFS ""
6262.154 607.01314 2.705 -2.24 7.724 1811Pb0265
6262.162 607.01214 2.108 -3.042 7.724 1408Rc0275
6262.164 57.1139 0.403 -2.471 Lawle01HFS ""
6262.167 57.1139 0.403 -2.596 Lawle01HFS ""
6262.167 607.01214 0.129 -2.624 7.724 0400Qa0235
6262.169 57.1139 0.403 -3.269 Lawle01HFS ""
6262.209 57.1139 0.403 -2.286 Lawle01HFS ""
6262.213 57.1139 0.403 -2.535 Lawle01HFS ""
6262.216 57.1139 0.403 -3.291 Lawle01HFS ""
6262.221 21.0045 2.296 -1.3 LAWHFS ""
6262.221 21.0045 2.296 -1.59 LAWHFS ""
6262.223 21.0045 2.296 -2.03 LAWHFS ""
6262.224 21.0045 2.296 -1.09 LAWHFS ""
6262.229 607.01214 2.108 -1.742 7.724 1408Qa0285
6262.246 21.0045 2.296 -1.72 LAWHFS ""
6262.251 21.0045 2.296 -1.56 LAWHFS ""
6262.252 63.0 1.638 -0.03 "" ""
6262.259 21.0045 2.296 -1.55 LAWHFS ""
6262.262 21.0045 2.296 -1.72 LAWHFS ""
6262.267 57.1139 0.403 -2.13 Lawle01HFS ""
6262.269 21.0045 2.296 -1.71 LAWHFS ""
6262.271 57.1139 0.403 -2.531 Lawle01HFS ""
6262.274 21.0045 2.296 -1.9 LAWHFS ""
6262.275 57.1139 0.403 -3.4 Lawle01HFS ""
6262.289 21.0045 2.296 -2.15 LAWHFS ""
6262.307 21.0045 2.296 -2.58 LAWHFS ""
6262.338 57.1139 0.403 -1.994 Lawle01HFS ""
6262.344 57.1139 0.403 -2.597 Lawle01HFS ""
6262.348 26.0 5.442 -2.23 "" ""
6262.348 57.1139 0.403 -3.611 Lawle01HFS ""
6262.359 26.0 5.389 -3.27 "" ""
6262.376 607.01214 1.197 -3.193 7.724 0803Qc0435
6262.423 57.1139 0.403 -1.873 Lawle01HFS ""
6262.429 57.1139 0.403 -2.802 Lawle01HFS ""
6262.435 57.1139 0.403 -4.016 Lawle01HFS ""
6262.491 607.01314 0.035 -3.156 7.724 0400Ra0125
6262.497 607.01214 1.197 -2.009 7.724 0803Pa0445
6262.498 106.00112 1.923 -6.867 3.464 AX36P085
6262.516 607.01314 0.025 -3.072 7.724 0400Qb0095
6262.545 607.01314 0.025 -3.794 7.724 0400Pd0105
6262.55 59.1 1.195 -1.02 LINOHFS ""
6262.562 68.0 1.196 -0.61 "" ""
6262.581 607.01314 1.063 -3.128 7.724 0904Qc0195
6262.634 607.01214 2.121 -1.74 7.724 1408Qb0285
6262.634 607.01314 1.063 -2.218 7.724 0904Pa0205
6262.703 607.01214 2.121 -3.07 7.724 1408Pd0295
6262.745 106.00112 1.581 -5.243 3.464 AX25P045
6262.769 106.00112 2.77 0.525 3.464 AX53R365
6262.813 27.0 2.278 -2.12 "" ""
6262.826 106.00112 1.694 -4.725 3.464 AX25P095
6262.86 106.00112 1.694 -6.324 3.464 AX25Q095
6262.868 607.01314 0.003 -3.639 7.724 0400Ra0035
6262.876 27.0 2.04 -5.3 "" ""
6262.888 106.00113 1.425 -7.647 3.464 AX03R165
6262.89 106.00113 1.169 -5.632 3.464 AX03R105
6262.95 106.00113 2.66 -5.91 3.464 AX15R295
6262.951 607.01214 2.81 -2.166 7.724 1811Pb0305
6262.981 607.01314 2.063 -2.04 7.724 1408Rb0275
6263.01 607.01314 1.933 -3.099 7.724 1408Pc0125
6263.047 607.01314 2.063 -2.772 7.724 1408Qd0285
6263.049 106.00112 1.581 -6.097 3.464 AX25Q045
6263.054 106.00113 1.425 -5.079 3.464 AX03Q165
6263.089 106.00113 1.425 -5.055 3.464 AX03Q175
6263.092 106.00113 1.169 -5.613 3.464 AX03R115
6263.095 24.0 4.851 -0.51 "" ""
6263.096 25.1 6.828 -5.02 "" ""
6263.127 106.00112 1.581 -5.242 3.464 AX25P045
6263.147 607.01314 0.077 -3.021 7.724 0400Rb0175
6263.149 106.00113 1.169 -7.219 3.464 AX03Q115
6263.173 106.00112 2.77 -2.696 3.464 AX53Q365
6263.18 607.01314 0.195 -3.966 7.724 0400Rd0295
6263.198 607.01314 0.077 -3.531 7.724 0400Qd0185
6263.2 60.1 1.648 -0.95 LAWLER ""
6263.214 106.00113 2.66 -5.913 3.464 AX15R285
6263.223 26.0 3.632 -5.15 "" ""
6263.229 106.00112 1.694 -4.676 3.464 AX25P105
6263.232 112.00124 0.848 -3.106 1.340 03R223b24
6263.241 24.1 6.28 -3.22 "" ""
6263.254 106.00113 2.66 -7.908 3.464 AX15Q295
6263.255 106.00113 1.425 -7.218 3.464 AX03P175
6263.268 26.0 4.368 -3.61 "" ""
6263.309 607.01214 2.024 -3.101 7.724 1408Pc0195
6263.342 106.00112 2.77 0.218 3.464 AX53R355
6263.395 607.01214 1.558 -4.674 7.724 0500Rc0815
6263.406 607.01214 1.484 -2.021 7.724 0601Qb0725
6263.412 112.00124 0.848 -5.643 1.340 03Q123b24
6263.432 106.00112 1.581 -6.107 3.464 AX25Q045
6263.505 607.01314 0.041 -3.122 7.724 0400Ra0135
6263.581 106.00112 1.568 -5.798 3.464 BX04R135
6263.586 607.01214 1.245 -3.123 7.724 0904Rc0325
6263.611 607.01214 1.484 -4.135 7.724 0601Pd0735
6263.628 607.01214 1.558 -2.545 7.724 0500Qa0825
6263.67 607.01314 3.273 -3.411 7.724 2214Pc0205
6263.677 607.01214 1.245 -1.676 7.724 0904Qa0335
6263.71 20.0 5.041 -2.5 "" ""
6263.77 607.01314 1.113 -1.784 7.724 0904Qb0245
6263.818 607.01214 1.787 -2.768 7.724 0500Rb0875
6263.82 106.00112 1.581 -5.127 3.464 AX25P055
6263.836 607.01314 1.113 -3.656 7.724 0904Pd0255
6263.847 106.00112 1.568 -9.656 3.464 BX04Q145
6263.882 607.01214 1.498 -3.341 7.724 0904Rd0475
6263.895 607.01314 1.991 -2.966 7.724 1408Rc0205
6263.916 112.00124 0.848 -3.09 1.340 03R123b24
6263.945 607.01314 1.991 -1.88 7.724 1408Qa0215
6263.956 22.0 3.196 -3.87 "" ""
6263.959 22.0 3.713 -3.0 "" ""
6263.994 607.01314 0.001 -3.725 7.724 0400Ra0025
6263.996 106.00112 1.568 -5.648 3.464 BX04R145
6263.997 607.01214 0.247 -2.752 7.724 0400Rb0315
6264.008 106.00113 1.523 -5.954 3.464 BX04R125
6264.068 607.01214 1.787 -4.451 7.724 0500Qd0885
6264.089 607.01214 0.247 -3.68 7.724 0400Qd0325
6264.148 106.00112 1.581 -5.128 3.464 AX25P055
6264.17 20.0 5.164 -2.25 "" ""
6264.172 106.00112 1.694 -4.725 3.464 AX25P095
6264.206 106.00112 1.694 -6.342 3.464 AX25Q095
6264.269 106.00113 2.66 -7.635 3.464 AX14P315
6264.275 58.0 1.686 0.12 "" ""
6264.289 106.00113 1.523 -9.754 3.464 BX04Q135
6264.334 60.1 1.544 -1.58 "" ""
6264.344 23.1 4.002 -3.3 "" ""
6264.376 607.01214 0.232 -2.745 7.724 0400Ra0315
6264.414 106.00112 1.976 -4.299 3.464 BX04R215
6264.424 106.00113 1.523 -5.8 3.464 BX04R135
6264.445 24.0 3.842 -3.07 "" ""
6264.472 106.00112 1.694 -4.676 3.464 AX25P105
6264.503 607.01214 1.217 -2.019 7.724 0803Pb0445
6264.509 607.01314 2.052 -2.03 7.724 1408Ra0275
6264.54 23.0 1.892 -3.81 "" ""
6264.54 59.1 1.517 -0.81 LINOHFS ""
6264.556 106.00112 1.976 -8.349 3.464 BX04Q225
6264.57 607.01314 0.013 -3.638 7.724 0400Pb0065
6264.596 24.0 5.784 -3.25 "" ""
6264.721 106.00112 1.976 -4.084 3.464 BX04R225
6264.725 607.01314 0.047 -3.089 7.724 0400Ra0145
6264.73 607.01214 0.049 -3.948 7.724 0400Pc0135
6264.735 607.01214 1.36 -1.877 7.724 0904Rb0395
6264.771 607.01314 2.664 -3.209 7.724 1811Pc0225
6264.81 22.0 1.738 -2.26 LAWLER ""
6264.842 22.0 3.699 -3.36 "" ""
6264.843 607.01214 1.36 -2.932 7.724 0904Qd0405
6264.871 607.01214 1.121 -3.326 7.724 0803Pc0395
6264.882 607.01214 0.401 -4.102 7.724 0400Rd0415
6264.899 607.01314 0.03 -3.02 7.724 0400Qb0105
6264.93 607.01314 0.03 -3.786 7.724 0400Pd0115
6264.948 24.1 3.851 -5.41 "" ""
6265.008 607.01214 0.152 -2.602 7.724 0400Qb0245
6265.08 607.01214 0.152 -3.887 7.724 0400Pd0255
6265.134 26.0 2.174 -2.54 OBR91 ""
6265.137 607.01214 1.175 -2.85 7.724 0904Qc0275
6265.196 607.01214 2.832 -3.35 7.724 1912Rd0075
6265.211 607.01214 1.175 -2.089 7.724 0904Pa0285
6265.212 26.0 5.337 -3.22 "" ""
6265.231 23.0 2.606 -3.66 "" ""
6265.248 607.01214 0.08 -3.575 7.724 0400Qc0175
6265.291 607.01214 2.829 -3.375 7.724 1912Rd0065
6265.303 607.01214 0.08 -3.1 7.724 0400Pa0185
6265.318 24.0 4.407 -3.59 "" ""
6265.322 607.01214 2.835 -3.332 7.724 1912Rd0085
6265.344 607.01314 0.0 -3.821 7.724 0400Ra0015
6265.378 607.01214 3.366 -3.435 7.724 2214Pc0235
6265.413 106.00112 1.598 -5.085 3.464 AX25P055
6265.423 26.0 5.029 -1.97 "" ""
6265.427 106.00112 1.666 -4.792 3.464 AX25P085
6265.453 607.01314 1.082 -2.2 7.724 0904Pb0215
6265.457 106.00112 2.664 -7.539 3.464 AX25P285
6265.478 607.01214 2.762 -3.25 7.724 1811Pc0265
6265.495 106.00112 1.666 -6.281 3.464 AX25Q085
6265.512 26.0 5.442 -1.46 "" ""
6265.521 607.01214 1.688 -2.243 7.724 0601Rb0785
6265.591 106.00113 2.587 -6.471 3.464 AX04R315
6265.601 106.00113 1.856 -4.575 3.464 AX14P205
6265.602 607.01214 2.073 -2.139 7.724 1408Pb0245
6265.607 607.01214 2.827 -3.407 7.724 1912Rd0055
6265.608 607.01214 1.26 -1.675 7.724 0904Qb0335
6265.612 25.0 4.229 -1.32 "" ""
6265.626 106.00113 1.801 -6.423 3.464 BX14P185
6265.634 106.00112 1.598 -6.141 3.464 AX25Q055
6265.655 106.00113 1.856 -6.967 3.464 AX14Q195
6265.67 607.01214 2.839 -3.319 7.724 1912Rd0095
6265.681 607.01314 0.085 -2.994 7.724 0400Rb0185
6265.702 607.01214 1.26 -3.16 7.724 0904Pd0345
6265.734 607.01314 0.085 -3.537 7.724 0400Qd0195
6265.743 607.01214 1.689 -3.848 7.724 0601Qd0795
6265.84 23.0 2.252 -5.69 "" ""
6265.842 106.00113 1.856 -4.599 3.464 AX14P195
6265.865 42.0 2.289 -2.27 "" ""
6265.906 23.1 6.068 -2.52 "" ""
6265.912 106.00112 1.666 -4.737 3.464 AX25P095
6265.915 607.01314 2.009 -1.856 7.724 1408Qb0225
6265.93 27.0 2.079 -4.46 "" ""
6265.939 106.00113 2.587 -8.426 3.464 AX04Q315
6265.943 607.01214 1.484 -4.065 7.724 0601Rc0725
6265.946 106.00112 1.598 -5.084 3.464 AX25P055
6265.971 607.01314 2.009 -3.0 7.724 1408Pd0235
6265.997 57.0 1.229 -0.45 "" ""
6266.01 22.0 1.748 -1.95 LAWLER ""
6266.054 607.01214 1.128 -3.172 7.724 0904Pc0235
6266.077 607.01214 2.063 -2.774 7.724 1408Qc0235
6266.095 20.0 5.724 -4.23 "" ""
6266.104 106.00112 1.306 -5.212 3.464 AX14R045
6266.106 106.00112 1.86 -6.932 3.464 AX14Q195
6266.133 106.00113 1.267 -6.698 3.464 AX14R025
6266.135 607.01214 2.063 -2.15 7.724 1408Pa0245
6266.139 106.00113 2.587 -6.5 3.464 AX04R305
6266.142 607.01214 2.825 -3.451 7.724 1912Rd0045
6266.148 607.01214 1.484 -2.014 7.724 0601Qa0735
6266.15 607.01314 0.054 -3.059 7.724 0400Ra0155
6266.167 106.00112 1.598 -6.153 3.464 AX25Q055
6266.171 607.01214 1.188 -2.081 7.724 0904Pb0285
6266.174 90.1 1.049 -1.77 Nils02/12 ""
6266.184 106.00113 1.267 -6.689 3.464 AX14R025
6266.22 112.00124 1.435 -5.014 1.340 03P240b24
6266.241 607.01214 2.843 -3.31 7.724 1912Rd0105
6266.276 106.00112 1.598 -4.993 3.464 AX25P065
6266.277 106.00112 1.861 -4.574 3.464 AX14P205
6266.298 106.00112 1.86 -4.598 3.464 AX14P195
6266.307 23.0 0.275 -2.29 "" ""
6266.46 607.01214 1.787 -2.76 7.724 0500Ra0885
6266.496 24.0 5.786 -3.33 "" ""
6266.507 106.00112 1.306 -5.211 3.464 AX14R045
6266.517 607.01314 0.208 -3.974 7.724 0400Rd0305
6266.54 106.00112 1.666 -4.792 3.464 AX25P085
6266.564 607.01314 1.958 -2.711 7.724 1408Qc0165
6266.604 607.01314 1.958 -2.339 7.724 1408Pa0175
6266.608 106.00112 1.666 -6.297 3.464 AX25Q085
6266.654 22.0 2.479 -5.96 "" ""
6266.692 23.0 2.676 -2.52 "" ""
6266.7 23.0 2.579 -2.91 "" ""
6266.737 106.00112 1.64 -4.871 3.464 AX25P075
6266.738 106.00112 1.618 -4.966 3.464 AX25P065
6266.744 106.00112 1.598 -4.994 3.464 AX25P065
6266.751 607.01214 0.14 -3.85 7.724 0400Rc0235
6266.82 607.01214 0.14 -2.603 7.724 0400Qa0245
6266.827 607.01314 1.039 -3.192 7.724 0904Pc0165
6266.846 106.00112 1.64 -6.235 3.464 AX25Q075
6266.896 106.00112 1.618 -6.188 3.464 AX25Q065
6266.896 607.01214 2.823 -3.511 7.724 1912Rd0035
6266.902 15.0 8.109 -2.35 "" ""
6266.907 607.01214 1.325 -2.987 7.724 0803Rc0495
6266.917 607.01314 0.0 -3.922 7.724 0400Ra0005
6266.929 106.00112 1.306 -6.281 3.464 AX14Q055
6266.931 106.00112 1.666 -4.737 3.464 AX25P095
6266.951 63.0 0.0 -2.5 "" ""
6266.97 106.00113 1.426 -7.668 3.464 AX03R165
6266.999 106.00113 1.426 -5.055 3.464 AX03Q175
6267.014 607.01214 0.098 -3.054 7.724 0400Pb0195
6267.037 607.01214 2.848 -3.305 7.724 1912Rd0115
6267.039 607.01314 1.124 -3.3 7.724 0904Rc0255
6267.044 607.01214 1.325 -1.644 7.724 0803Qa0505
6267.065 106.00113 2.732 -7.604 3.464 AX25P295
6267.093 106.00112 1.306 -5.148 3.464 AX14R055
6267.093 40.0 1.481 -1.37 "" ""
6267.097 25.1 6.86 -1.96 "" ""
6267.108 607.01314 1.124 -1.761 7.724 0904Qa0265
6267.137 106.00113 1.426 -5.079 3.464 AX03Q165
6267.166 106.00113 1.426 -7.199 3.464 AX03P175
6267.167 106.00113 1.971 -6.885 3.464 AX36P105
