wavelength species excitation loggf disassociation_energy comment
4394.204 23.0 2.636 -3.54 "" ""
4394.226 106.00113 1.063 -3.675 3.464 AX00Q245
4394.284 106.00113 1.063 -1.297 3.464 AX00P255
4394.303 26.0 3.94 -2.43 "" ""
4394.308 75.0 1.954 -0.61 "" ""
4394.321 106.00113 1.698 -11.571 3.464 CX04Q175
4394.362 106.00113 1.063 -1.31 3.464 AX00P245
4394.421 69.0 1.087 -0.49 "" ""
4394.424 24.0 4.385 -1.82 "" ""
4394.469 42.0 2.595 -1.53 "" ""
4394.476 40.0 0.071 -2.39 "" ""
4394.489 24.0 3.963 -4.08 "" ""
4394.519 27.0 0.431 -6.76 "" ""
4394.645 24.0 3.011 -3.31 "" ""
4394.671 39.0 2.083 -0.53 "" ""
4394.696 21.0 2.008 -2.65 "" ""
4394.711 106.00112 1.042 -3.521 3.464 AX22Q145
4394.72 64.1 0.818 -1.55 LAWLER ""
4394.721 106.00112 1.069 -3.675 3.464 AX00Q245
4394.736 106.00113 1.013 -4.219 3.464 AX33P045
4394.738 106.00112 0.433 -2.989 3.464 BX01P065
4394.755 106.00112 1.042 -1.616 3.464 AX22P145
4394.77 106.00113 0.914 -1.326 3.464 AX00P235
4394.772 106.00112 0.433 -9.015 3.464 BX01Q065
4394.779 58.1 1.253 -0.49 "" ""
4394.787 20.0 4.621 -4.32 "" ""
4394.795 106.00112 1.069 -1.297 3.464 AX00P255
4394.801 23.0 1.349 -1.56 "" ""
4394.825 106.00113 0.914 -3.679 3.464 AX00Q225
4394.825 24.0 3.011 -2.36 "" ""
4394.835 106.00113 1.698 -12.058 3.464 CX04R165
4394.835 23.0 2.614 -7.09 "" ""
4394.848 106.00112 1.042 -1.59 3.464 AX22P155
4394.864 106.00112 1.069 -1.309 3.464 AX00P245
4394.872 76.0 1.41 -1.1 "" ""
4394.874 22.0 1.045 -1.78 LAWLER ""
4394.895 90.1 1.067 -1.53 Nils02/10 ""
4394.899 106.00113 1.698 -9.061 3.464 CX04R175
4394.9 66.1 0.59 -2.2 LAWLER ""
4394.917 26.0 4.555 -3.0 "" ""
4394.926 40.0 1.349 -0.53 "" ""
4394.937 106.00113 1.013 -4.234 3.464 AX33P045
4394.948 106.00113 0.914 -1.34 3.464 AX00P225
4394.963 44.0 1.927 -1.32 "" ""
4394.98 66.1 0.103 -1.9 "" ""
4394.983 26.0 4.577 -1.51 "" ""
4395.007 106.00112 1.265 -2.546 3.464 AX44Q015
4395.009 106.00112 1.265 -2.544 3.464 AX44Q015
4395.031 22.1 1.083 -0.54 LAWLER ""
4395.111 106.00112 0.433 -2.94 3.464 BX01P075
4395.154 106.00112 1.917 -5.13 3.464 AX54P205
4395.174 27.1 5.085 -3.12 "" ""
4395.183 22.0 3.212 -2.28 "" ""
4395.203 26.0 3.981 -3.36 "" ""
4395.205 40.0 0.542 -1.45 "" ""
4395.21 23.0051 0.267 -1.545 LAWLER ""
4395.212 23.0051 0.267 -1.244 LAWLER ""
4395.213 23.0051 0.267 -1.244 LAWLER ""
4395.215 23.0051 0.267 -1.106 LAWLER ""
4395.217 23.0051 0.267 -1.08 LAWLER ""
4395.219 23.0051 0.267 -1.42 LAWLER ""
4395.222 23.0051 0.267 -0.823 LAWLER ""
4395.225 23.0051 0.267 -1.072 LAWLER ""
4395.228 23.0051 0.267 -1.67 LAWLER ""
4395.231 23.0051 0.267 -0.607 LAWLER ""
4395.235 23.0051 0.267 -1.233 LAWLER ""
4395.238 23.0051 0.267 -2.098 LAWLER ""
4395.246 106.00113 1.932 -7.428 3.464 AX01R325
4395.274 26.0 3.651 -1.83 "" ""
4395.289 106.00112 0.919 -1.326 3.464 AX00P235
4395.299 106.00112 1.265 -2.219 3.464 AX44R015
4395.301 106.00112 1.265 -2.22 3.464 AX44R015
4395.34 106.00112 0.919 -3.679 3.464 AX00Q225
4395.346 106.00113 1.078 -2.718 3.464 BX11R205
4395.401 24.0 3.008 -1.94 "" ""
4395.424 106.00113 1.078 -7.548 3.464 BX11Q215
4395.43 24.0 3.011 -3.45 "" ""
4395.435 26.0 2.452 -6.06 "" ""
4395.466 22.0 1.872 -2.13 LAWLER ""
4395.467 106.00112 1.016 -4.219 3.464 AX33P045
4395.473 106.00112 0.958 -5.431 3.464 BX11P185
4395.474 106.00112 0.919 -1.34 3.464 AX00P225
4395.481 106.00113 1.142 -3.691 3.464 AX00Q255
4395.499 26.0 3.881 -2.05 "" ""
4395.5 60.1 0.742 -1.26 LAWLER ""
4395.504 106.00113 1.078 -2.142 3.464 BX11R215
4395.524 26.0 4.28 -3.75 "" ""
4395.534 106.00113 1.142 -1.285 3.464 AX00P265
4395.548 26.0 3.881 -2.9 "" ""
4395.556 106.00113 1.039 -3.547 3.464 AX22Q145
4395.57 106.00113 2.047 -5.367 3.464 AX43P265
4395.598 106.00113 1.039 -1.59 3.464 AX22P155
4395.602 106.00113 1.039 -1.616 3.464 AX22P145
4395.61 24.0 3.011 -3.16 "" ""
4395.622 106.00113 1.142 -1.296 3.464 AX00P255
4395.639 22.1 5.008 -4.38 "" ""
4395.674 106.00112 1.016 -4.234 3.464 AX33P045
4395.678 23.1 1.792 -6.82 "" ""
4395.679 106.00113 1.015 -1.426 3.464 AX11P205
4395.681 106.00113 1.707 -3.724 3.464 AX33R215
4395.691 106.00113 1.015 -3.642 3.464 AX11Q195
4395.738 106.00113 1.707 -1.177 3.464 AX33Q225
4395.746 106.00113 2.03 -8.041 3.464 AX50R355
4395.76 59.1 0.422 -1.36 LINOHFS ""
4395.78 20.0 5.979 -4.86 "" ""
4395.783 106.00113 1.015 -1.443 3.464 AX11P195
4395.839 22.1 1.242 -1.93 LAWLER ""
4395.852 24.0 3.085 -3.94 "" ""
4395.871 27.0 2.54 -1.94 LAWNHFS ""
4395.88 106.00113 1.707 -1.182 3.464 AX33Q215
4395.885 20.0 5.979 -6.58 "" ""
4395.91 60.1 0.55 -1.44 LAWLER ""
4395.918 106.00113 0.487 -4.236 3.464 AX11P085
4395.925 21.0 2.507 -0.85 "" ""
4395.936 106.00113 1.707 -3.743 3.464 AX33P225
4395.956 69.0 1.892 0.08 "" ""
4395.985 21.0 2.144 -2.61 "" ""
4395.989 106.00112 1.148 -3.691 3.464 AX00Q255
4395.99 26.0 4.253 -4.38 "" ""
4396.036 106.00112 2.037 -10.737 3.464 CX04R225
4396.06 106.00112 1.148 -1.285 3.464 AX00P265
4396.095 106.00112 2.111 -9.995 3.464 CX15R195
4396.102 106.00112 2.037 -7.291 3.464 CX04Q235
4396.144 106.00112 1.148 -1.296 3.464 AX00P255
4396.163 106.00113 1.66 -9.095 3.464 CX15R095
4396.164 24.0 3.446 -2.81 "" ""
4396.166 106.00112 2.111 -6.824 3.464 CX15Q205
4396.182 106.00112 2.037 -7.798 3.464 CX04Q225
4396.227 106.00112 2.111 -6.703 3.464 CX15Q195
4396.247 106.00112 2.037 -11.314 3.464 CX04P235
4396.259 106.00113 1.078 -3.629 3.464 AX11Q205
4396.262 106.00112 1.043 -3.547 3.464 AX22Q145
4396.292 106.00112 1.02 -1.425 3.464 AX11P205
4396.298 106.00112 2.111 -11.047 3.464 CX15P205
4396.299 21.0 3.17 -4.1 "" ""
4396.305 106.00112 1.043 -1.616 3.464 AX22P145
4396.31 106.00112 1.02 -3.642 3.464 AX11Q195
4396.311 106.00112 1.043 -1.59 3.464 AX22P155
4396.337 106.00113 1.078 -1.407 3.464 AX11P215
4396.358 26.0 4.577 -2.94 "" ""
4396.359 106.00113 1.078 -1.423 3.464 AX11P205
4396.365 42.0 3.277 -10.0 "" ""
4396.367 26.0 4.383 -3.51 "" ""
4396.402 106.00113 0.988 -1.311 3.464 AX00P245
4396.405 106.00112 1.02 -1.443 3.464 AX11P195
4396.467 21.0 2.507 -2.35 "" ""
4396.467 23.0 2.377 -2.25 "" ""
4396.471 106.00113 0.988 -3.697 3.464 AX00Q235
4396.479 90.1 1.123 -1.46 "" ""
4396.496 69.0 1.087 -0.65 "" ""
4396.507 106.00112 0.489 -4.236 3.464 AX11P085
4396.509 27.0 4.061 -3.55 "" ""
4396.545 58.1 0.869 -0.96 "" ""
4396.559 106.00113 0.488 -4.264 3.464 AX11P085
4396.562 24.0 3.085 -3.03 "" ""
4396.565 26.0 4.577 -4.12 "" ""
4396.603 106.00113 0.988 -1.324 3.464 AX00P235
4396.605 106.00113 0.775 -4.218 3.464 AX22P075
4396.608 21.0 3.081 -3.11 "" ""
4396.609 58.1 0.559 -1.39 LAWLER ""
4396.663 42.0 3.075 -0.57 "" ""
4396.687 106.00113 1.223 -3.707 3.464 AX00Q265
4396.701 27.0 2.716 -2.91 "" ""
4396.716 20.0 6.009 -4.07 "" ""
4396.736 106.00113 1.223 -1.273 3.464 AX00P275
4396.803 75.0 2.023 -2.16 "" ""
4396.805 23.1 6.551 -3.31 "" ""
4396.834 106.00113 1.223 -1.284 3.464 AX00P265
4396.867 106.00112 1.083 -3.628 3.464 AX11Q205
4396.907 28.0 3.539 -2.3 "" ""
4396.917 106.00113 0.684 -2.336 3.464 BX01Q135
4396.933 106.00112 1.806 -1.636 3.464 AX44R195
4396.934 106.00112 1.806 -1.626 3.464 AX44R185
4396.937 106.00112 0.994 -1.311 3.464 AX00P245
4396.944 27.1 5.065 -2.6 "" ""
4396.958 106.00112 1.083 -1.407 3.464 AX11P215
4396.969 106.00112 1.083 -1.423 3.464 AX11P205
4396.972 106.00113 0.684 -5.546 3.464 BX01R135
4396.975 106.00113 0.684 -5.689 3.464 BX01P145
4396.994 106.00112 0.994 -3.697 3.464 AX00Q235
4397.021 106.00113 1.105 -1.934 3.464 AX33P085
4397.024 106.00112 1.806 -3.764 3.464 AX44Q195
4397.035 41.0 1.499 -0.87 "" ""
4397.053 106.00113 0.684 -2.286 3.464 BX01Q145
4397.055 106.00113 1.105 -3.366 3.464 AX33Q085
4397.076 25.0 3.133 -4.59 "" ""
4397.105 106.00113 0.775 -4.242 3.464 AX22P075
4397.109 21.0 2.318 -2.5 "" ""
4397.13 106.00112 0.994 -1.324 3.464 AX00P235
4397.155 106.00112 0.49 -4.264 3.464 AX11P085
4397.183 58.1 0.875 -1.79 LAWLER ""
4397.212 106.00112 1.23 -3.706 3.464 AX00Q265
4397.22 106.00112 2.058 -5.367 3.464 AX43P265
4397.225 27.0 4.046 -3.12 "" ""
4397.236 24.0 3.009 -1.06 "" ""
4397.252 106.00112 0.778 -4.218 3.464 AX22P075
4397.265 76.0 1.747 -1.45 Quinet06 ""
4397.276 58.1 0.899 -1.3 LAWLER ""
4397.277 26.1 2.69 -6.3 "" ""
4397.28 106.00112 1.23 -1.273 3.464 AX00P275
4397.287 106.00113 1.105 -1.886 3.464 AX33P095
4397.291 42.0 2.258 -1.1 "" ""
4397.298 23.0 2.357 -1.08 "" ""
4397.343 62.0 0.101 -0.64 "" ""
4397.364 21.0 2.138 -3.21 "" ""
4397.368 23.0 1.847 -1.7 "" ""
4397.374 106.00112 1.23 -1.284 3.464 AX00P265
4397.417 68.0 1.332 0.02 "" ""
4397.502 106.00113 1.855 -1.657 3.464 AX44R205
4397.51 64.1 1.232 -0.37 LAWLER ""
4397.522 106.00113 1.855 -1.64 3.464 AX44R195
4397.595 106.00113 1.855 -3.812 3.464 AX44Q205
4397.609 106.00113 0.388 -5.062 3.464 BX01P045
4397.618 106.00113 1.105 -1.934 3.464 AX33P085
4397.648 106.00112 1.919 -5.187 3.464 AX54P205
4397.649 106.00113 1.105 -3.382 3.464 AX33Q085
4397.67 60.1 0.559 -1.48 LAWLER ""
4397.697 106.00112 1.083 -2.278 3.464 BX01R205
4397.713 22.0 2.493 -0.82 "" ""
4397.738 26.0 4.175 -3.7 "" ""
4397.757 106.00112 0.778 -4.242 3.464 AX22P075
4397.783 106.00112 1.083 -7.047 3.464 BX01Q215
4397.797 44.0 1.13 -1.36 "" ""
4397.802 106.00112 1.108 -1.934 3.464 AX33P085
4397.835 106.00113 1.105 -1.886 3.464 AX33P095
4397.841 106.00112 1.108 -3.366 3.464 AX33Q085
4397.844 23.0 2.357 -1.43 LAWNOHFS ""
4397.865 106.00112 1.083 -2.256 3.464 BX01R215
4397.871 106.00113 1.307 -3.721 3.464 AX00Q275
4397.915 106.00113 1.307 -1.263 3.464 AX00P285
4397.915 90.1 0.83 -1.67 "" ""
4397.931 26.1 6.133 -3.65 "" ""
4397.946 23.1 6.517 -2.94 "" ""
4397.947 106.00113 1.065 -1.298 3.464 AX00P255
4397.972 26.0 4.577 -1.14 "" ""
4398.01 39.1 0.13 -0.75 Biemont11 ""
4398.013 60.1 0.63 -1.3 "" ""
4398.023 106.00113 1.307 -1.272 3.464 AX00P275
4398.024 106.00113 1.065 -3.715 3.464 AX00Q245
4398.034 106.00112 1.716 -3.724 3.464 AX33R215
4398.073 22.0 0.899 -2.99 "" ""
4398.077 106.00112 1.108 -1.886 3.464 AX33P095
4398.114 106.00112 1.716 -1.177 3.464 AX33Q225
4398.122 21.0 2.0 -3.05 "" ""
4398.135 22.0 3.137 -3.54 "" ""
4398.146 106.00112 1.716 -1.181 3.464 AX33Q215
4398.161 106.00113 1.065 -1.31 3.464 AX00P245
4398.168 106.00112 1.943 -7.346 3.464 AX01R325
4398.171 106.00112 1.018 -2.512 3.464 BX11P195
4398.221 25.0 2.886 -9.59 "" ""
4398.226 106.00112 1.716 -3.742 3.464 AX33P225
4398.23 106.00113 1.97 -5.112 3.464 AX54P215
4398.252 106.00112 1.018 -7.445 3.464 BX11Q195
4398.271 22.1 1.223 -2.39 "" ""
4398.279 22.0 2.394 -3.31 "" ""
4398.345 106.00112 1.018 -2.696 3.464 BX11P205
4398.39 24.0 3.094 -3.41 "" ""
4398.4 106.00112 1.108 -1.933 3.464 AX33P085
4398.404 26.0 4.603 -1.93 "" ""
4398.418 106.00112 1.314 -3.721 3.464 AX00Q275
4398.441 106.00112 1.108 -3.382 3.464 AX33Q085
4398.444 73.0 0.249 -1.99 "" ""
4398.484 106.00112 1.071 -1.298 3.464 AX00P255
4398.485 106.00112 1.314 -1.263 3.464 AX00P285
4398.498 23.1 3.325 -2.39 "" ""
4398.558 106.00112 1.071 -3.715 3.464 AX00Q245
4398.587 106.00112 1.314 -1.272 3.464 AX00P275
4398.616 28.0 3.541 -1.82 "" ""
4398.623 106.00112 1.109 -1.886 3.464 AX33P095
4398.689 106.00113 1.087 -3.546 3.464 AX22Q155
4398.706 106.00112 1.071 -1.31 3.464 AX00P245
4398.753 106.00113 1.087 -1.587 3.464 AX22P155
4398.783 58.1 0.553 -0.76 LAWLER ""
4398.81 106.00113 1.087 -1.562 3.464 AX22P165
4398.813 23.0 2.721 -1.64 "" ""
4398.855 22.0 3.125 -3.9 "" ""
4398.917 106.00112 0.687 -2.336 3.464 BX01Q135
4398.961 106.00112 1.807 -1.636 3.464 AX44R195
4398.986 106.00112 0.687 -5.689 3.464 BX01P145
4398.988 106.00112 0.687 -5.545 3.464 BX01R135
4399.016 24.0 5.207 -1.59 "" ""
4399.021 106.00113 1.709 -1.177 3.464 AX33Q225
4399.03 106.00113 1.08 -1.408 3.464 AX11P215
4399.051 106.00113 1.08 -3.663 3.464 AX11Q205
4399.052 106.00112 1.807 -3.733 3.464 AX44Q195
4399.057 106.00112 0.687 -2.285 3.464 BX01Q145
4399.058 106.00113 1.709 -3.718 3.464 AX33P225
4399.061 106.00112 1.807 -1.627 3.464 AX44R185
4399.062 106.00113 1.392 -3.736 3.464 AX00Q285
4399.073 106.00113 1.709 -3.751 3.464 AX33R215
4399.094 90.1 2.514 -0.23 "" ""
4399.102 106.00113 1.392 -1.253 3.464 AX00P295
4399.111 106.00113 1.709 -1.182 3.464 AX33Q215
4399.151 106.00113 1.08 -1.424 3.464 AX11P205
4399.2 58.1 0.326 -0.44 LAWLER ""
4399.218 106.00113 1.392 -1.262 3.464 AX00P285
4399.22 27.0 3.684 -2.48 "" ""
4399.233 42.0 3.779 -1.06 "" ""
4399.256 26.0 3.299 -8.32 "" ""
4399.264 106.00113 0.156 -4.232 3.464 AX00P085
4399.268 26.0 4.431 -1.68 "" ""
4399.272 26.0 2.829 -3.55 "" ""
4399.37 106.00112 1.705 -9.061 3.464 CX04R175
4399.396 40.1 0.971 -1.9 "" ""
4399.406 26.0 4.604 -3.21 "" ""
4399.408 106.00112 1.091 -3.546 3.464 AX22Q155
4399.413 23.0 1.05 -2.43 "" ""
4399.414 106.00113 1.145 -3.647 3.464 AX11Q215
4399.415 24.0 3.085 -3.92 "" ""
4399.415 77.0 2.052 -0.92 "" ""
4399.416 106.00113 1.145 -1.285 3.464 AX00P265
4399.454 21.0 2.134 -2.77 "" ""
4399.46 106.00112 1.091 -1.586 3.464 AX22P155
4399.474 58.1 0.869 -1.56 LAWLER ""
4399.484 106.00112 1.705 -12.057 3.464 CX04R165
4399.485 106.00113 1.145 -1.391 3.464 AX11P225
4399.498 106.00112 1.705 -11.57 3.464 CX04Q175
4399.505 106.00113 1.145 -3.732 3.464 AX00Q255
4399.521 106.00113 1.145 -1.406 3.464 AX11P215
4399.534 106.00112 1.091 -1.562 3.464 AX22P165
4399.542 58.1 0.932 -1.3 LAWLER ""
4399.58 66.1 1.46 -2.01 LAWLER ""
4399.588 106.00112 0.389 -5.061 3.464 BX01P045
4399.59 44.0 1.192 -1.88 "" ""
4399.593 28.0 3.844 -1.22 "" ""
4399.64 106.00112 1.4 -3.736 3.464 AX00Q285
4399.646 23.1 6.529 -3.31 "" ""
4399.647 106.00113 1.145 -1.296 3.464 AX00P255
4399.664 106.00112 1.085 -1.407 3.464 AX11P215
4399.692 106.00112 1.085 -3.663 3.464 AX11Q205
4399.705 106.00112 1.4 -1.253 3.464 AX00P295
4399.715 26.0 4.217 -2.21 "" ""
4399.716 106.00113 1.856 -1.658 3.464 AX44R205
4399.723 69.0 2.336 0.18 "" ""
4399.765 22.1 1.236 -1.2 LAWLER ""
4399.784 106.00113 2.032 -5.732 3.464 AX50Q365
4399.787 24.0 5.213 -1.61 "" ""
4399.795 106.00112 1.085 -1.423 3.464 AX11P205
4399.8 106.00113 1.856 -3.779 3.464 AX44Q205
4399.81 24.0 3.011 -1.07 "" ""
4399.816 106.00112 1.4 -1.262 3.464 AX00P285
4399.827 106.00113 1.856 -1.64 3.464 AX44R195
4399.843 106.00112 0.156 -4.232 3.464 AX00P085
4399.858 26.1 2.542 -6.7 "" ""
4399.86 62.1 0.543 -1.54 LAWLER ""
4399.932 106.00113 0.156 -4.26 3.464 AX00P085
4399.971 106.00112 1.151 -1.285 3.464 AX00P265
4399.985 106.00112 2.037 -4.25 3.464 AX54Q225
4400.043 106.00112 1.15 -3.647 3.464 AX11Q215
4400.051 106.00112 1.151 -3.732 3.464 AX00Q255
4400.056 106.00112 2.037 -2.086 3.464 AX54P235
4400.084 106.00112 2.037 -2.125 3.464 AX54P225
4400.128 106.00112 1.15 -1.39 3.464 AX11P225
4400.153 106.00112 1.15 -1.405 3.464 AX11P215
4400.18 64.1 1.156 -1.37 LAWLER ""
4400.205 74.0 2.351 -0.59 "" ""
4400.207 106.00112 1.151 -1.296 3.464 AX00P255
4400.214 28.0 3.633 -2.7 "" ""
4400.229 25.1 6.107 -6.99 "" ""
4400.233 40.0 0.73 -1.32 "" ""
4400.294 106.00113 1.479 -3.75 3.464 AX00Q295
4400.331 106.00113 1.479 -1.245 3.464 AX00P305
4400.355 106.00113 1.935 -7.346 3.464 AX01R325
4400.356 41.0 2.096 -0.58 "" ""
4400.357 26.0 4.635 -3.43 "" ""
4400.378 21.0 3.055 -3.29 "" ""
4400.379 21.1045 0.605 -2.01 LAWHFS ""
4400.384 21.1045 0.605 -1.2 LAWHFS ""
4400.384 21.1045 0.605 -1.82 LAWHFS ""
4400.387 21.1045 0.605 -1.77 LAWHFS ""
4400.388 21.1045 0.605 -1.43 LAWHFS ""
4400.391 21.1045 0.605 -1.72 LAWHFS ""
4400.391 21.1045 0.605 -1.79 LAWHFS ""
4400.392 21.1045 0.605 -2.01 LAWHFS ""
4400.394 21.1045 0.605 -1.89 LAWHFS ""
4400.394 21.1045 0.605 -2.11 LAWHFS ""
4400.395 21.1045 0.605 -1.82 LAWHFS ""
4400.396 21.1045 0.605 -2.11 LAWHFS ""
4400.396 21.1045 0.605 -2.74 LAWHFS ""
4400.397 21.1045 0.605 -1.77 LAWHFS ""
4400.397 21.1045 0.605 -9.0 LAWHFS ""
4400.398 21.1045 0.605 -1.79 LAWHFS ""
4400.398 21.1045 0.605 -2.59 LAWHFS ""
4400.399 21.1045 0.605 -1.89 LAWHFS ""
4400.399 21.1045 0.605 -2.11 LAWHFS ""
4400.403 106.00113 1.088 -3.573 3.464 AX22Q155
4400.409 21.0 3.055 -4.24 "" ""
4400.427 106.00113 1.088 -1.563 3.464 AX22P165
4400.455 106.00113 1.479 -1.252 3.464 AX00P295
4400.459 106.00113 1.088 -1.587 3.464 AX22P155
4400.519 106.00112 0.157 -4.26 3.464 AX00P085
4400.535 58.1 0.327 -1.26 LAWLER ""
4400.55 26.0 4.214 -3.16 "" ""
4400.57 22.0 2.479 -1.75 "" ""
4400.572 23.0 0.262 -0.39 LAWNOHFS ""
4400.582 22.0 2.504 -0.33 "" ""
4400.587 76.0 4.049 0.11 "" ""
4400.667 42.0 2.062 -2.88 "" ""
4400.669 106.00113 1.267 -2.646 3.464 AX44Q015
4400.672 22.1 2.046 -5.87 "" ""
4400.707 106.00113 1.267 -2.643 3.464 AX44Q015
4400.764 64.0 0.927 -0.38 "" ""
4400.773 27.0 4.055 -3.51 "" ""
4400.777 106.00113 0.458 -2.941 3.464 BX01P075
4400.804 106.00112 1.718 -1.177 3.464 AX33Q225
4400.815 106.00113 0.458 -9.837 3.464 BX01Q075
4400.82 60.1 0.064 -0.6 LAWLER ""
4400.823 41.0 1.504 -0.94 "" ""
4400.841 106.00112 1.718 -3.75 3.464 AX33R215
4400.844 106.00113 1.226 -1.274 3.464 AX00P275
4400.846 22.0 2.47 -1.24 "" ""
4400.858 28.0 3.652 -1.18 "" ""
4400.865 106.00113 1.972 -5.171 3.464 AX54P215
4400.865 58.1 0.634 -0.95 LAWLER ""
4400.913 106.00112 1.487 -3.75 3.464 AX00Q295
4400.916 106.00112 1.718 -3.718 3.464 AX33P225
4400.936 106.00113 1.226 -3.748 3.464 AX00Q265
4400.952 106.00112 1.718 -1.182 3.464 AX33Q215
4400.974 106.00113 1.267 -2.71 3.464 AX44R015
4400.977 106.00112 1.487 -1.245 3.464 AX00P305
4401.011 106.00113 1.267 -2.714 3.464 AX44R015
4401.038 23.0 2.372 -1.84 "" ""
4401.065 27.0 2.278 -4.37 "" ""
4401.081 106.00113 1.226 -1.284 3.464 AX00P265
4401.096 106.00112 1.487 -1.252 3.464 AX00P295
4401.111 106.00113 0.458 -2.894 3.464 BX01P085
4401.111 22.0 3.158 -3.8 "" ""
4401.112 23.0 2.576 -3.18 "" ""
4401.121 106.00113 1.787 -10.278 3.464 CX15Q135
4401.144 106.00112 1.092 -3.573 3.464 AX22Q155
4401.147 26.0 4.257 -3.91 "" ""
4401.17 62.0 0.387 0.11 "" ""
4401.177 106.00112 1.092 -1.563 3.464 AX22P165
4401.196 106.00112 1.092 -1.586 3.464 AX22P155
4401.244 23.1 6.551 -4.44 "" ""
4401.279 26.0 4.431 -4.16 "" ""
4401.29 26.0 3.603 -0.99 RUF14 ""
4401.385 40.1 0.971 -1.9 "" ""
4401.414 106.00113 1.788 -6.526 3.464 CX15R125
4401.422 106.00112 1.233 -1.274 3.464 AX00P275
4401.443 26.0 2.829 -1.65 "" ""
4401.498 106.00112 1.233 -3.748 3.464 AX00Q265
4401.519 106.00113 1.787 -6.484 3.464 CX15R135
4401.53 65.1 1.383 -0.31 LAWNOHFS ""
4401.541 28.0 3.191 0.06 LAWLER ""
4401.547 20.0 6.012 -2.8 "" ""
4401.554 20.0 5.724 -3.04 "" ""
4401.581 90.0 0.966 -0.86 "" ""
4401.594 23.0 2.636 -4.92 "" ""
4401.605 106.00113 1.568 -3.765 3.464 AX00Q305
4401.638 106.00113 1.568 -1.237 3.464 AX00P315
4401.645 106.00113 1.267 -2.991 3.464 AX44P025
4401.655 22.0 3.196 -3.9 "" ""
4401.657 106.00113 1.276 -2.194 3.464 AX44Q025
4401.661 106.00112 1.233 -1.284 3.464 AX00P265
4401.67 106.00113 1.267 -2.989 3.464 AX44P025
4401.678 27.0 2.278 -6.42 "" ""
4401.735 106.00113 1.276 -2.193 3.464 AX44Q025
4401.736 23.0 1.194 -2.43 "" ""
4401.736 27.1 2.983 -5.82 "" ""
4401.756 26.0 4.581 -2.94 "" ""
4401.77 106.00113 1.568 -1.244 3.464 AX00P305
4401.8 22.0 2.29 -5.59 "" ""
4401.847 68.1 2.287 -1.11 LAWLER ""
4401.851 64.0 0.213 0.19 "" ""
4401.862 106.00113 1.276 -2.87 3.464 AX44R025
4401.873 106.00113 2.034 -8.08 3.464 AX50R355
4401.94 106.00113 1.276 -2.875 3.464 AX44R025
4401.95 106.00113 1.267 -2.267 3.464 AX44Q025
4401.951 24.1 6.863 -4.23 "" ""
4401.975 106.00113 1.267 -2.268 3.464 AX44Q025
4401.981 22.0 2.115 -2.83 "" ""
4401.997 106.00112 1.666 -9.094 3.464 CX15R095
4402.047 106.00113 1.485 -11.325 3.464 CX04R125
4402.081 20.0 5.983 -2.89 "" ""
4402.158 22.0 2.083 -4.66 "" ""
4402.244 106.00113 1.309 -1.263 3.464 AX00P285
4402.279 106.00112 1.577 -3.764 3.464 AX00Q305
4402.283 68.1 0.886 -3.26 LAWLER ""
4402.317 106.00113 1.276 -3.032 3.464 AX44P035
4402.343 106.00112 1.577 -1.237 3.464 AX00P315
4402.344 106.00113 1.31 -3.765 3.464 AX00Q275
4402.369 26.0 4.555 -2.13 "" ""
4402.377 106.00113 1.276 -3.029 3.464 AX44P035
4402.395 106.00113 1.147 -1.391 3.464 AX11P225
4402.424 106.00113 1.147 -3.683 3.464 AX11Q215
4402.431 92.1 1.054 -1.16 "" ""
4402.462 60.0 0.293 -0.52 "" ""
4402.468 106.00112 1.577 -1.244 3.464 AX00P305
4402.481 24.0 3.11 -4.52 "" ""
4402.481 42.0 3.357 -0.8 "" ""
4402.496 106.00113 1.31 -1.273 3.464 AX00P275
4402.5 73.0 1.146 -1.13 "" ""
4402.509 42.0 3.441 -1.61 "" ""
4402.522 106.00113 1.276 -2.015 3.464 AX44Q035
4402.53 106.00113 1.147 -1.406 3.464 AX11P215
4402.535 56.0 1.566 0.01 "" ""
4402.55 20.0 4.765 -2.87 "" ""
4402.558 23.1 6.253 -1.57 "" ""
4402.574 106.00113 1.135 -1.875 3.464 AX33P095
4402.581 27.1 5.065 -3.23 "" ""
4402.582 106.00113 1.276 -2.016 3.464 AX44Q035
4402.598 106.00113 1.135 -3.403 3.464 AX33Q095
4402.601 57.0 1.12 -0.34 "" ""
4402.602 75.0 1.866 -1.35 "" ""
4402.607 106.00113 1.214 -3.666 3.464 AX11Q225
4402.609 106.00113 1.77 -3.76 3.464 AX33R225
4402.659 106.00113 1.77 -1.176 3.464 AX33Q235
4402.668 27.0 3.512 -0.65 "" ""
4402.67 106.00113 1.214 -1.375 3.464 AX11P235
4402.72 106.00113 1.214 -1.389 3.464 AX11P225
4402.746 76.0 3.51 0.32 "" ""
4402.752 106.00113 1.288 -1.991 3.464 AX44Q035
4402.77 106.00112 0.459 -2.941 3.464 BX01P075
4402.804 106.00113 1.135 -1.832 3.464 AX33P105
4402.81 106.00112 0.459 -9.836 3.464 BX01Q075
4402.815 106.00112 2.039 -2.087 3.464 AX54P235
4402.828 106.00113 1.77 -1.178 3.464 AX33Q225
4402.845 106.00112 1.317 -1.263 3.464 AX00P285
4402.86 106.00112 2.039 -4.288 3.464 AX54Q225
4402.877 26.1 6.133 -2.72 "" ""
4402.878 106.00113 1.77 -3.771 3.464 AX33P235
4402.883 106.00113 1.288 -1.99 3.464 AX44Q035
4402.898 42.0 3.031 -0.71 "" ""
4402.9 106.00113 1.288 -2.987 3.464 AX44R035
4402.926 106.00112 1.317 -3.764 3.464 AX00Q275
4402.927 90.0 0.355 -1.46 "" ""
4402.959 106.00112 2.039 -2.125 3.464 AX54P225
4402.963 40.0 0.52 -1.65 "" ""
4403.016 106.00113 2.05 -11.492 3.464 CX15P195
4403.031 106.00113 1.288 -2.993 3.464 AX44R035
4403.037 106.00113 1.659 -3.779 3.464 AX00Q315
4403.04 62.1 0.184 -1.69 LAWLER ""
4403.049 106.00112 1.152 -1.391 3.464 AX11P225
4403.067 106.00113 1.659 -1.231 3.464 AX00P325
4403.086 106.00112 1.152 -3.683 3.464 AX11Q215
4403.091 21.0 5.025 -2.74 "" ""
4403.097 106.00112 1.317 -1.272 3.464 AX00P275
4403.106 106.00112 0.459 -2.894 3.464 BX01P085
4403.13 62.0 0.282 0.13 "" ""
4403.133 64.0 0.985 0.47 "" ""
4403.135 26.0 4.581 -2.36 "" ""
4403.149 106.00112 1.27 -2.645 3.464 AX44Q015
4403.173 68.1 2.211 -0.61 LAWLER ""
4403.175 26.0 4.545 -1.94 "" ""
4403.187 106.00112 1.27 -2.643 3.464 AX44Q015
4403.197 106.00112 1.152 -1.406 3.464 AX11P215
4403.198 25.0 3.769 -3.19 "" ""
4403.206 106.00113 1.659 -1.237 3.464 AX00P315
4403.252 106.00113 1.288 -3.103 3.464 AX44P045
4403.254 25.0 2.886 -4.13 "" ""
4403.257 106.00112 1.22 -3.665 3.464 AX11Q225
4403.304 58.1 1.405 -0.53 "" ""
4403.311 106.00113 1.136 -1.874 3.464 AX33P095
4403.324 106.00113 1.136 -3.421 3.464 AX33Q095
4403.338 106.00112 1.22 -1.375 3.464 AX11P235
4403.338 40.1 1.184 -1.18 Ljung06 ""
4403.342 26.0 4.581 -1.47 "" ""
4403.353 20.0 5.957 -3.93 "" ""
4403.36 106.00113 1.288 -3.099 3.464 AX44P045
4403.37 24.0 3.008 -1.37 "" ""
4403.37 62.1 0.188 -1.06 LAWLER ""
4403.374 106.00112 1.22 -1.389 3.464 AX11P225
4403.401 106.00113 1.288 -1.872 3.464 AX44Q045
4403.408 26.0 4.214 -3.18 "" ""
4403.415 106.00112 1.139 -1.875 3.464 AX33P095
4403.423 106.00113 1.138 -3.57 3.464 AX22Q165
4403.436 106.00112 1.139 -3.403 3.464 AX33Q095
4403.442 106.00112 1.27 -2.71 3.464 AX44R015
4403.479 106.00113 1.136 -1.832 3.464 AX33P105
4403.48 106.00112 1.27 -2.714 3.464 AX44R015
4403.488 24.0 3.977 -4.31 "" ""
4403.498 106.00113 1.138 -1.56 3.464 AX22P165
4403.504 59.1141 0.629 -1.115 LI/LAW ""
4403.508 106.00113 1.288 -1.873 3.464 AX44Q045
4403.512 25.1 6.568 -1.8 "" ""
4403.514 106.00113 2.05 -6.626 3.464 CX15Q185
4403.533 106.00113 1.138 -1.537 3.464 AX22P175
4403.542 59.1141 0.629 -2.639 LI/LAW ""
4403.552 59.1141 0.629 -1.171 LI/LAW ""
4403.577 59.1141 0.629 -4.515 LI/LAW ""
4403.587 59.1141 0.629 -2.44 LI/LAW ""
4403.596 59.1141 0.629 -1.228 LI/LAW ""
4403.608 106.00113 2.05 -6.705 3.464 CX15Q195
4403.618 59.1141 0.629 -4.211 LI/LAW ""
4403.627 59.1141 0.629 -2.392 LI/LAW ""
4403.635 59.1141 0.629 -1.287 LI/LAW ""
4403.647 106.00112 1.139 -1.832 3.464 AX33P105
4403.651 106.00113 1.395 -1.254 3.464 AX00P295
4403.654 59.1141 0.629 -4.157 LI/LAW ""
4403.662 20.0 5.295 -4.91 "" ""
4403.662 59.1141 0.629 -2.443 LI/LAW ""
4403.668 23.0 1.866 -0.67 LAWNOHFS ""
4403.669 59.1141 0.629 -1.345 LI/LAW ""
4403.686 59.1141 0.629 -4.349 LI/LAW ""
4403.692 24.0 3.977 -3.9 "" ""
4403.693 59.1141 0.629 -2.642 LI/LAW ""
4403.699 59.1141 0.629 -1.403 LI/LAW ""
4403.706 106.00113 2.028 -1.218 3.464 AX00P365
4403.757 106.00113 1.395 -3.78 3.464 AX00Q285
4403.783 106.00112 1.668 -3.779 3.464 AX00Q315
4403.789 77.0 1.514 -1.95 "" ""
4403.793 27.0 3.663 -2.16 "" ""
4403.814 24.0 4.398 -2.98 "" ""
4403.847 106.00112 1.668 -1.231 3.464 AX00P325
4403.914 106.00113 1.395 -1.262 3.464 AX00P285
4403.945 74.0 2.107 -0.89 "" ""
4403.966 26.0 4.151 -2.11 "" ""
4403.979 106.00112 1.668 -1.237 3.464 AX00P315
4403.994 20.0 5.296 -4.68 "" ""
4404.028 24.0 3.887 -3.82 "" ""
4404.041 106.00112 1.853 -7.183 3.464 AX01R315
4404.058 106.00113 1.302 -1.861 3.464 AX44Q045
4404.082 20.0 4.776 -3.61 "" ""
4404.082 26.0 3.926 -2.46 "" ""
4404.106 106.00113 2.05 -9.938 3.464 CX15R185
4404.135 106.00112 1.271 -2.991 3.464 AX44P025
4404.142 106.00112 1.139 -1.874 3.464 AX33P095
4404.156 106.00112 1.279 -2.193 3.464 AX44Q025
4404.16 106.00112 1.271 -2.989 3.464 AX44P025
4404.163 106.00112 1.139 -3.421 3.464 AX33Q095
4404.169 106.00113 1.302 -3.08 3.464 AX44R045
4404.17 20.0 6.013 -1.89 "" ""
4404.172 106.00112 1.143 -3.569 3.464 AX22Q165
4404.177 26.0 2.69 -6.31 "" ""
