wavelength species excitation loggf disassociation_energy comment
4141.241 27.0 0.629 -2.31 "" ""
4141.242 59.1141 0.55 -1.809 LI/LAW ""
4141.245 607.01214 1.703 -2.404 7.724 0607Qc0005
4141.246 607.01214 1.703 -2.103 7.724 0607Pa0015
4141.271 59.1141 0.55 -0.341 LI/LAW ""
4141.277 106.00112 1.538 -4.667 3.464 AX43Q185
4141.301 607.01314 2.118 -1.943 7.724 0809Ra0015
4141.313 607.01314 2.118 -2.897 7.724 0809Qd0015
4141.317 607.01314 1.922 -1.24 7.724 0708Pb0105
4141.317 607.01314 2.118 -2.198 7.724 0809Rb0005
4141.32 59.1141 0.55 -0.285 LI/LAW ""
4141.324 23.0 2.284 -0.4 "" ""
4141.33 20.0 4.677 -4.76 "" ""
4141.337 607.01314 1.209 -1.647 7.724 0405Ra0025
4141.342 106.00112 1.538 -2.803 3.464 AX43P185
4141.342 607.01314 1.209 -1.802 7.724 0405Rb0015
4141.346 106.00113 1.104 -5.933 3.464 CX03Q095
4141.346 607.01314 1.209 -2.948 7.724 0405Qd0025
4141.348 26.0 3.015 -5.25 "" ""
4141.35 20.0 4.76 -1.22 "" ""
4141.362 106.00112 1.538 -2.728 3.464 AX43P195
4141.382 106.00113 1.104 -9.179 3.464 CX03R085
4141.385 607.01214 2.635 -0.955 7.724 0910Rb0335
4141.388 607.01214 2.199 -1.189 7.724 0809Ra0135
4141.416 607.01214 2.635 -4.327 7.724 0910Qd0345
4141.427 23.1 5.533 -3.24 "" ""
4141.45 607.01214 2.199 -1.219 7.724 0809Rb0125
4141.458 106.00113 1.451 -5.318 3.464 CX14P105
4141.463 607.01214 2.199 -3.792 7.724 0809Qd0135
4141.466 106.00113 1.34 -5.642 3.464 CX14P065
4141.468 607.01214 2.635 -0.946 7.724 0910Ra0345
4141.476 607.01314 1.018 -1.011 7.724 0304Ra0145
4141.487 106.00112 1.782 -1.875 3.464 AX43Q235
4141.488 607.01314 1.733 -3.752 7.724 0607Qc0165
4141.506 66.1 0.103 -1.28 "" ""
4141.508 607.01314 1.733 -0.975 7.724 0607Pa0175
4141.51 106.00113 1.503 -4.409 3.464 AX22R235
4141.512 607.01314 1.018 -1.04 7.724 0304Rb0135
4141.516 106.00113 1.451 -5.241 3.464 CX14P115
4141.52 607.01314 2.431 -1.097 7.724 0910Rb0205
4141.526 106.00112 1.782 -4.377 3.464 AX43R225
4141.528 106.00113 1.868 -4.524 3.464 AX22R285
4141.529 607.01314 1.018 -3.674 7.724 0304Qd0145
4141.53 607.01314 2.431 -1.079 7.724 0910Ra0215
4141.539 607.01314 1.733 -1.0 7.724 0607Pb0165
4141.54 607.01314 2.431 -4.067 7.724 0910Qd0215
4141.56 106.00112 1.4 -1.158 3.464 AX00R295
4141.572 607.01314 1.463 -3.491 7.724 0506Qc0095
4141.579 607.01314 1.463 -1.169 7.724 0506Pa0105
4141.579 607.01314 1.927 -1.165 7.724 0708Pa0125
4141.582 607.01314 1.927 -3.642 7.724 0708Qc0115
4141.588 106.00112 1.782 -4.646 3.464 AX43P235
4141.608 106.00113 1.34 -9.622 3.464 CX14Q065
4141.618 607.01314 1.463 -1.213 7.724 0506Pb0095
4141.622 607.01214 1.47 -1.82 7.724 0506Ra0015
4141.627 106.00112 1.782 -1.945 3.464 AX43Q225
4141.631 607.01214 1.47 -2.075 7.724 0506Rb0005
4141.631 607.01214 1.47 -2.774 7.724 0506Qd0015
4141.632 90.1 2.202 0.03 "" ""
4141.64 57.1139 0.403 -2.107 Lawle01HFS ""
4141.641 607.01214 0.947 -0.778 7.724 0203Ra0295
4141.649 57.1139 0.403 -2.028 Lawle01HFS ""
4141.649 57.1139 0.403 -2.204 Lawle01HFS ""
4141.65 106.00113 1.34 -5.561 3.464 CX14P075
4141.662 57.1139 0.403 -2.35 Lawle01HFS ""
4141.664 57.1139 0.403 -1.845 Lawle01HFS ""
4141.665 57.1139 0.403 -2.329 Lawle01HFS ""
4141.67 106.00112 1.4 -1.165 3.464 AX00R285
4141.682 57.1139 0.403 -2.584 Lawle01HFS ""
4141.683 26.0 2.725 -4.48 "" ""
4141.684 57.1139 0.403 -1.786 Lawle01HFS ""
4141.685 57.1139 0.403 -1.911 Lawle01HFS ""
4141.688 106.00112 1.441 -4.452 3.464 AX22R225
4141.69 607.01214 0.947 -0.792 7.724 0203Rb0285
4141.693 25.0 4.265 -2.04 "" ""
4141.697 106.00113 1.435 -4.452 3.464 AX22R225
4141.698 106.00113 1.451 -9.441 3.464 CX14Q105
4141.703 23.0 3.313 -3.84 "" ""
4141.707 57.1139 0.403 -3.002 Lawle01HFS ""
4141.709 57.1139 0.403 -1.82 Lawle01HFS ""
4141.711 57.1139 0.403 -1.64 Lawle01HFS ""
4141.725 607.01214 0.947 -4.033 7.724 0203Qd0295
4141.728 106.00112 1.4 -3.73 3.464 AX00Q295
4141.74 607.01314 1.927 -1.201 7.724 0708Pb0115
4141.741 57.1139 0.403 -2.002 Lawle01HFS ""
4141.742 27.1 5.065 -3.18 "" ""
4141.743 57.1139 0.403 -1.433 Lawle01HFS ""
4141.753 607.01214 1.078 -0.9 7.724 0304Ra0195
4141.779 607.01314 1.741 -3.777 7.724 0607Qc0175
4141.78 57.1139 0.403 -1.262 Lawle01HFS ""
4141.784 21.0 2.109 -2.18 "" ""
4141.799 607.01314 1.741 -0.951 7.724 0607Pa0185
4141.805 607.01214 1.078 -0.921 7.724 0304Rb0185
4141.816 23.0 0.262 -2.7 LAWNOHFS ""
4141.828 607.01214 1.078 -3.808 7.724 0304Qd0195
4141.831 607.01214 1.704 -2.802 7.724 0607Qc0015
4141.832 607.01314 1.741 -0.975 7.724 0607Pb0175
4141.835 607.01214 1.704 -1.847 7.724 0607Pa0025
4141.835 607.01214 1.704 -2.103 7.724 0607Pb0015
4141.856 25.0 4.27 -2.68 "" ""
4141.858 92.0 0.077 -1.14 "" ""
4141.863 26.0 3.015 -1.9 "" ""
4141.864 607.01214 1.933 -1.895 7.724 0708Ra0015
4141.864 607.01214 1.933 -2.15 7.724 0708Rb0005
4141.866 607.01214 1.933 -2.848 7.724 0708Qd0015
4141.879 42.0 3.221 -1.73 "" ""
4141.887 106.00112 1.509 -4.409 3.464 AX22R235
4141.889 607.01314 0.876 -0.829 7.724 0203Ra0255
4141.891 607.01314 0.876 -0.846 7.724 0203Rb0245
4141.898 607.01314 2.117 -2.198 7.724 0809Ra0005
4141.902 26.0 2.725 -3.64 "" ""
4141.902 607.01314 2.117 -2.499 7.724 0809Qd0005
4141.904 607.01214 1.253 -1.173 7.724 0405Ra0095
4141.907 21.1 6.903 -3.25 "" ""
4141.921 607.01314 0.876 -3.962 7.724 0203Qd0255
4141.931 607.01214 1.253 -1.217 7.724 0405Rb0085
4141.941 607.01214 1.253 -3.491 7.724 0405Qd0095
4141.949 106.00112 0.787 -4.249 3.464 AX11R165
4141.957 607.01314 1.468 -3.533 7.724 0506Qc0105
4141.96 20.0 4.677 -4.44 "" ""
4141.97 607.01314 1.468 -1.129 7.724 0506Pa0115
4141.992 607.01314 1.933 -3.678 7.724 0708Qc0125
4141.998 607.01314 1.208 -1.802 7.724 0405Ra0015
4141.998 607.01314 1.208 -2.057 7.724 0405Rb0005
4141.998 607.01314 1.933 -1.131 7.724 0708Pa0135
4142.004 607.01314 1.208 -2.756 7.724 0405Qd0015
4142.007 607.01214 2.62 -0.964 7.724 0910Rb0325
4142.007 607.01314 1.468 -1.169 7.724 0506Pb0105
4142.008 607.01314 2.422 -1.116 7.724 0910Rb0195
4142.027 607.01314 2.422 -4.045 7.724 0910Qd0205
4142.034 58.1 0.521 -1.55 LAWLER ""
4142.036 607.01314 2.422 -1.097 7.724 0910Ra0205
4142.037 607.01214 2.62 -4.311 7.724 0910Qd0335
4142.041 42.0 2.068 -2.25 "" ""
4142.054 607.01314 1.749 -3.801 7.724 0607Qc0185
4142.065 106.00113 0.97 -8.391 3.464 CX03R015
4142.074 607.01314 1.749 -0.928 7.724 0607Pa0195
4142.08 607.01214 2.62 -0.955 7.724 0910Ra0335
4142.093 23.0 2.614 -2.81 "" ""
4142.108 607.01314 1.749 -0.951 7.724 0607Pb0185
4142.119 20.0 4.76 -0.46 "" ""
4142.12 607.01214 2.193 -1.219 7.724 0809Ra0125
4142.132 106.00113 1.435 -7.053 3.464 AX21P255
4142.148 607.01314 1.933 -1.165 7.724 0708Pb0125
4142.151 28.0 3.895 -0.84 "" ""
4142.154 106.00113 1.364 -5.25 3.464 AX54P075
4142.156 106.00113 1.392 -1.158 3.464 AX00R295
4142.159 42.0 3.154 -1.21 "" ""
4142.165 106.00112 1.656 -5.381 3.464 CX03P215
4142.173 26.0 4.28 -1.15 "" ""
4142.174 106.00112 1.334 -5.823 3.464 AX43P145
4142.179 607.01214 2.193 -1.252 7.724 0809Rb0115
4142.183 106.00113 1.419 -5.398 3.464 CX14P095
4142.191 106.00112 1.656 -10.062 3.464 CX03Q205
4142.192 607.01214 2.193 -3.759 7.724 0809Qd0125
4142.195 106.00113 1.364 -5.559 3.464 CX14P075
4142.2 24.0 4.444 0.04 "" ""
4142.211 106.00112 1.723 -2.735 3.464 AX32P265
4142.237 41.0 1.368 -1.05 "" ""
4142.244 607.01314 0.705 -0.927 7.724 0001Ra0455
4142.249 74.0 2.244 -0.46 "" ""
4142.262 106.00112 1.862 -4.848 3.464 AX54R205
4142.266 106.00113 1.392 -1.165 3.464 AX00R285
4142.266 106.00113 1.419 -5.319 3.464 CX14P105
4142.269 106.00112 1.723 -4.908 3.464 AX32Q255
4142.285 607.01214 1.469 -2.376 7.724 0506Qd0005
4142.288 607.01214 1.469 -2.075 7.724 0506Ra0005
4142.29 106.00112 1.49 -1.154 3.464 AX00R305
4142.292 26.0 2.452 -4.25 "" ""
4142.302 106.00113 1.392 -3.73 3.464 AX00Q295
4142.311 106.00112 1.656 -5.435 3.464 CX03P205
4142.312 607.01314 1.757 -3.824 7.724 0607Qc0195
4142.313 607.01314 0.705 -0.936 7.724 0001Rb0445
4142.323 607.01314 1.473 -3.571 7.724 0506Qc0115
4142.334 607.01314 1.473 -1.093 7.724 0506Pa0125
4142.334 607.01314 1.757 -0.907 7.724 0607Pa0205
4142.338 106.00113 1.364 -5.479 3.464 CX14P085
4142.36 106.00113 1.364 -9.575 3.464 CX14Q075
4142.36 23.0 2.276 -2.4 "" ""
4142.367 607.01314 0.705 -4.544 7.724 0001Qd0455
4142.368 607.01314 1.757 -0.928 7.724 0607Pb0195
4142.372 607.01314 1.473 -1.129 7.724 0506Pb0115
4142.388 607.01314 1.938 -3.711 7.724 0708Qc0135
4142.39 106.00112 1.723 -2.846 3.464 AX32P255
4142.397 106.00113 1.419 -9.487 3.464 CX14Q095
4142.397 58.1 0.696 0.22 LAWLER ""
4142.4 607.01214 1.705 -2.994 7.724 0607Qc0025
4142.402 607.01314 1.938 -1.101 7.724 0708Pa0145
4142.403 607.01214 1.705 -1.692 7.724 0607Pa0035
4142.409 607.01214 1.705 -1.847 7.724 0607Pb0025
4142.42 26.0 3.571 -3.56 "" ""
4142.431 106.00113 1.39 -5.478 3.464 CX14P085
4142.434 607.01314 1.012 -1.04 7.724 0304Ra0135
4142.446 106.00112 0.785 -2.421 3.464 BX11R155
4142.454 24.0 3.119 -1.9 "" ""
4142.464 106.00112 1.49 -3.702 3.464 AX00Q305
4142.467 607.01314 1.012 -1.071 7.724 0304Rb0125
4142.473 22.0 2.675 -0.41 "" ""
4142.474 26.0 4.368 -1.88 "" ""
4142.474 90.1 1.794 -0.32 "" ""
4142.483 607.01314 1.012 -3.644 7.724 0304Qd0135
4142.484 607.01214 0.842 -0.772 7.724 0102Ra0385
4142.493 607.01214 1.933 -2.15 7.724 0708Ra0005
4142.494 607.01214 1.933 -2.45 7.724 0708Qd0005
4142.534 607.01314 2.414 -1.136 7.724 0910Rb0185
4142.542 106.00112 1.49 -1.159 3.464 AX00R295
4142.542 106.00113 1.39 -5.399 3.464 CX14P095
4142.542 607.01314 1.938 -1.131 7.724 0708Pb0135
4142.551 607.01214 0.842 -0.783 7.724 0102Rb0375
4142.552 607.01314 2.414 -4.022 7.724 0910Qd0195
4142.554 607.01314 1.766 -3.846 7.724 0607Qc0205
4142.56 106.00112 0.786 -7.079 3.464 BX11Q165
4142.56 106.00113 1.365 -5.274 3.464 AX54P075
4142.573 607.01314 2.414 -1.116 7.724 0910Ra0195
4142.576 607.01314 1.766 -0.887 7.724 0607Pa0215
4142.588 26.0 4.298 -1.02 "" ""
4142.59 28.0 4.164 -1.66 "" ""
4142.598 607.01214 0.842 -4.249 7.724 0102Qd0385
4142.607 607.01314 0.769 -0.797 7.724 0102Ra0355
4142.61 22.0 2.238 -2.32 "" ""
4142.611 607.01314 1.766 -0.907 7.724 0607Pb0205
4142.621 106.00113 1.39 -9.531 3.464 CX14Q085
4142.625 106.00112 0.786 -2.574 3.464 BX11R165
4142.625 23.0 0.275 -2.57 LAWNOHFS ""
4142.636 607.01314 1.208 -2.057 7.724 0405Ra0005
4142.64 607.01214 2.606 -0.974 7.724 0910Rb0315
4142.64 607.01314 1.208 -2.358 7.724 0405Qd0005
4142.664 607.01314 0.769 -0.808 7.724 0102Rb0345
4142.669 607.01214 2.606 -4.295 7.724 0910Qd0325
4142.669 607.01314 1.478 -3.606 7.724 0506Qc0125
4142.684 106.00113 1.275 -7.354 3.464 CX14P025
4142.684 607.01314 1.478 -1.06 7.724 0506Pa0135
4142.69 106.00113 0.783 -4.249 3.464 AX11R165
4142.7 62.1 0.434 -1.7 LAWLER ""
4142.701 90.1 0.0 -1.24 Nils02/6 ""
4142.703 607.01214 2.606 -0.964 7.724 0910Ra0325
4142.705 607.01314 0.769 -4.206 7.724 0102Qd0355
4142.726 607.01314 1.478 -1.093 7.724 0506Pb0125
4142.753 607.01214 1.249 -1.217 7.724 0405Ra0085
4142.762 607.01214 0.773 -0.918 7.724 0001Ra0475
4142.772 607.01314 1.945 -3.741 7.724 0708Qc0145
4142.777 607.01214 1.249 -1.265 7.724 0405Rb0075
4142.78 607.01314 1.775 -3.867 7.724 0607Qc0215
4142.787 607.01214 1.249 -3.445 7.724 0405Qd0085
4142.791 607.01314 1.945 -1.072 7.724 0708Pa0155
4142.804 607.01314 1.775 -0.867 7.724 0607Pa0225
4142.82 106.00113 1.482 -1.153 3.464 AX00R305
4142.825 58.1 0.703 -0.49 LAWLER ""
4142.833 607.01214 0.773 -0.927 7.724 0001Rb0465
4142.836 39.0 0.0 0.21 "" ""
4142.839 607.01314 1.775 -0.887 7.724 0607Pb0215
4142.844 607.01214 2.188 -1.252 7.724 0809Ra0115
4142.868 23.0 1.08 -2.05 "" ""
4142.872 607.01214 1.07 -0.921 7.724 0304Ra0185
4142.875 22.0 1.738 -2.17 "" ""
4142.892 607.01214 0.773 -4.571 7.724 0001Qd0475
4142.9 106.00112 1.306 -9.776 3.464 CX14Q045
4142.901 607.01214 2.188 -1.287 7.724 0809Rb0105
4142.913 607.01214 2.188 -3.724 7.724 0809Qd0115
4142.914 68.1 0.636 -0.72 LAWLER ""
4142.92 23.1 3.97 -1.99 "" ""
4142.923 106.00112 1.529 -9.336 3.464 CX14Q125
4142.923 607.01214 1.07 -0.944 7.724 0304Rb0175
4142.923 607.01314 1.945 -1.101 7.724 0708Pb0145
4142.925 106.00112 1.306 -5.813 3.464 CX14P045
4142.945 607.01214 1.07 -3.786 7.724 0304Qd0185
4142.951 607.01214 1.707 -3.125 7.724 0607Qc0035
4142.956 607.01214 1.707 -1.58 7.724 0607Pa0045
4142.959 28.0 4.085 -1.22 "" ""
4142.963 62.0 0.387 -1.7 "" ""
4142.964 607.01214 1.707 -1.693 7.724 0607Pb0035
4142.969 106.00113 1.482 -3.702 3.464 AX00Q305
4142.973 90.1 0.51 -2.43 Nils02/15 ""
4142.989 106.00112 1.529 -5.086 3.464 CX14P135
4142.991 607.01314 1.785 -3.887 7.724 0607Qc0225
4142.994 106.00112 1.529 -5.162 3.464 CX14P125
4142.995 607.01314 1.484 -3.639 7.724 0506Qc0135
4143.012 607.01314 1.484 -1.029 7.724 0506Pa0145
4143.014 607.01314 1.785 -0.849 7.724 0607Pa0235
4143.021 106.00112 0.687 -1.779 3.464 BX11Q135
4143.043 22.0 2.304 -0.3 "" ""
4143.043 59.1141 0.371 -0.35 LI/LAW ""
4143.049 607.01314 2.118 -2.499 7.724 0809Qc0005
4143.051 607.01314 1.785 -0.867 7.724 0607Pb0225
4143.051 607.01314 2.118 -2.197 7.724 0809Pa0015
4143.052 607.01214 0.934 -0.792 7.724 0203Ra0285
4143.056 607.01314 1.484 -1.06 7.724 0506Pb0135
4143.066 26.1 5.952 -3.59 "" ""
4143.066 59.1141 0.371 -0.292 LI/LAW ""
4143.068 106.00113 1.482 -1.159 3.464 AX00R295
4143.075 106.00112 0.687 -5.182 3.464 BX11R135
4143.083 106.00112 0.687 -5.031 3.464 BX11P145
4143.083 20.0 4.621 -2.55 "" ""
4143.088 59.1141 0.371 -1.589 LI/LAW ""
4143.09 607.01314 2.407 -1.157 7.724 0910Rb0175
4143.092 106.00112 1.798 -4.496 3.464 AX22R275
4143.094 59.1141 0.371 -0.234 LI/LAW ""
4143.1 607.01214 0.934 -0.807 7.724 0203Rb0275
4143.1 66.1 0.59 -0.48 LAWLER ""
4143.106 607.01314 2.407 -3.999 7.724 0910Qd0185
4143.119 59.1141 0.371 -1.39 LI/LAW ""
4143.127 59.1141 0.371 -0.175 LI/LAW ""
4143.134 607.01214 0.934 -4.018 7.724 0203Qd0285
4143.135 607.01314 2.407 -1.136 7.724 0910Ra0185
4143.136 106.00112 0.687 -1.824 3.464 BX11Q145
4143.141 59.1141 0.371 -3.296 LI/LAW ""
4143.142 607.01314 1.951 -3.77 7.724 0708Qc0155
4143.147 607.01314 0.865 -0.846 7.724 0203Ra0245
4143.149 106.00112 1.872 -4.598 3.464 AX22R285
4143.149 607.01314 0.865 -0.863 7.724 0203Rb0235
4143.155 28.0 3.477 -4.42 "" ""
4143.156 59.1141 0.371 -1.339 LI/LAW ""
4143.164 59.1141 0.371 -0.118 LI/LAW ""
4143.168 22.0 2.295 -1.85 "" ""
4143.168 607.01314 1.951 -1.045 7.724 0708Pa0165
4143.177 23.1 6.491 -4.34 "" ""
4143.177 607.01314 0.865 -3.945 7.724 0203Qd0245
4143.181 59.1141 0.371 -3.104 LI/LAW ""
4143.186 607.01314 1.795 -3.906 7.724 0607Qc0235
4143.196 41.0 0.019 -1.12 "" ""
4143.197 59.1141 0.371 -1.387 LI/LAW ""
4143.207 59.1141 0.371 -0.062 LI/LAW ""
4143.211 607.01314 1.795 -0.831 7.724 0607Pa0245
4143.225 59.1141 0.371 -3.158 LI/LAW ""
4143.234 106.00112 1.306 -5.729 3.464 CX14P055
4143.239 24.0 4.204 -2.55 "" ""
4143.24 106.00112 1.539 -2.729 3.464 AX43P195
4143.243 59.1141 0.371 -1.586 LI/LAW ""
4143.246 607.01314 1.795 -0.849 7.724 0607Pb0235
4143.247 106.00112 1.539 -4.699 3.464 AX43Q185
4143.275 59.1141 0.371 -3.462 LI/LAW ""
4143.277 22.0 2.29 -0.62 "" ""
4143.283 607.01214 2.593 -0.984 7.724 0910Rb0305
4143.29 607.01314 1.951 -1.072 7.724 0708Pb0155
4143.301 607.01314 1.491 -3.669 7.724 0506Qc0145
4143.312 607.01214 2.593 -4.279 7.724 0910Qd0315
4143.313 106.00112 1.539 -2.803 3.464 AX43P185
4143.318 607.01314 1.491 -1.0 7.724 0506Pa0155
4143.336 106.00113 0.984 -7.101 3.464 CX03R025
4143.338 607.01214 2.593 -0.974 7.724 0910Ra0315
4143.344 24.0 4.204 -3.19 "" ""
4143.346 21.0 2.109 -1.35 "" ""
4143.363 106.00113 1.714 -4.866 3.464 AX32Q255
4143.366 607.01314 1.805 -3.924 7.724 0607Qc0245
4143.367 607.01314 1.006 -1.071 7.724 0304Ra0125
4143.367 607.01314 1.491 -1.029 7.724 0506Pb0145
4143.381 106.00112 1.442 -7.052 3.464 AX21P255
4143.386 106.00113 1.714 -2.845 3.464 AX32P255
4143.392 607.01314 1.805 -0.814 7.724 0607Pa0255
4143.396 24.0 3.823 -3.05 "" ""
4143.399 607.01314 1.006 -1.104 7.724 0304Rb0115
4143.401 106.00113 1.714 -2.734 3.464 AX32P265
4143.414 607.01314 1.006 -3.612 7.724 0304Qd0125
4143.415 26.0 3.047 -0.21 RUF14 ""
4143.423 27.1 5.085 -3.79 "" ""
4143.426 607.01314 1.805 -0.831 7.724 0607Pb0245
4143.485 607.01214 1.709 -3.224 7.724 0607Qc0045
4143.491 607.01214 1.709 -1.491 7.724 0607Pa0055
4143.496 106.00112 1.335 -5.867 3.464 AX43P145
4143.497 26.0 3.368 -1.47 RUF14 ""
4143.499 607.01314 1.958 -3.797 7.724 0708Qc0165
4143.503 607.01214 1.709 -1.58 7.724 0607Pb0045
4143.516 607.01314 1.958 -1.02 7.724 0708Pa0175
4143.53 607.01214 1.47 -2.376 7.724 0506Qc0005
4143.531 607.01314 1.816 -3.942 7.724 0607Qc0255
4143.541 607.01214 1.47 -2.075 7.724 0506Pa0015
4143.558 607.01314 1.816 -0.798 7.724 0607Pa0265
4143.56 607.01214 2.183 -1.287 7.724 0809Ra0105
4143.579 607.01214 1.245 -1.265 7.724 0405Ra0075
4143.583 27.0 3.62 -2.91 "" ""
4143.588 607.01314 1.498 -3.697 7.724 0506Qc0155
4143.592 607.01314 1.816 -0.814 7.724 0607Pb0255
4143.602 607.01214 1.245 -1.32 7.724 0405Rb0065
4143.608 607.01314 2.119 -2.897 7.724 0809Qc0015
4143.61 607.01214 1.245 -3.394 7.724 0405Qd0075
4143.611 607.01314 1.498 -0.973 7.724 0506Pa0165
4143.611 607.01314 2.119 -1.942 7.724 0809Pa0025
4143.611 607.01314 2.119 -2.197 7.724 0809Pb0015
4143.614 607.01214 2.183 -1.326 7.724 0809Rb0095
4143.624 607.01214 2.183 -3.685 7.724 0809Qd0105
4143.644 607.01314 1.958 -1.045 7.724 0708Pb0165
4143.658 607.01314 1.498 -1.0 7.724 0506Pb0155
4143.669 607.01314 2.399 -1.18 7.724 0910Rb0165
4143.681 607.01314 1.827 -3.959 7.724 0607Qc0265
4143.685 607.01314 2.399 -3.974 7.724 0910Qd0175
4143.693 23.0 1.891 -3.27 "" ""
4143.708 607.01214 1.933 -2.451 7.724 0708Qc0005
4143.709 607.01214 1.933 -2.149 7.724 0708Pa0015
4143.71 607.01314 1.827 -0.783 7.724 0607Pa0275
4143.718 607.01314 2.399 -1.157 7.724 0910Ra0175
4143.726 24.0 4.096 -1.64 "" ""
4143.741 607.01314 1.827 -0.798 7.724 0607Pb0265
4143.744 22.0 2.101 -5.19 "" ""
4143.814 24.0 2.706 -4.54 "" ""
4143.818 607.01314 1.839 -3.976 7.724 0607Qc0275
4143.826 26.0 2.856 -1.27 "" ""
4143.842 607.01314 1.966 -3.823 7.724 0708Qc0175
4143.847 607.01314 1.208 -2.057 7.724 0405Pa0015
4143.847 607.01314 1.208 -2.358 7.724 0405Qc0005
4143.847 607.01314 1.839 -0.768 7.724 0607Pa0285
4143.855 106.00112 1.598 -6.986 3.464 CX25P055
4143.855 607.01314 1.505 -3.724 7.724 0506Qc0165
4143.86 106.00113 0.985 -9.318 3.464 CX03Q035
4143.86 24.0 4.529 -2.75 "" ""
4143.862 607.01314 1.966 -0.996 7.724 0708Pa0185
4143.868 26.0 1.556 -0.51 OBR91 ""
4143.877 607.01314 1.505 -0.947 7.724 0506Pa0175
4143.877 607.01314 1.839 -0.783 7.724 0607Pb0275
4143.894 23.0 2.606 -2.56 "" ""
4143.902 22.0 2.425 -5.6 "" ""
4143.926 607.01314 1.505 -0.973 7.724 0506Pb0165
4143.935 607.01214 2.58 -0.995 7.724 0910Rb0295
4143.941 607.01314 1.851 -3.992 7.724 0607Qc0285
4143.957 24.0 2.985 -3.19 "" ""
4143.962 106.00113 0.985 -6.93 3.464 CX03R035
4143.963 607.01214 2.58 -4.262 7.724 0910Qd0305
4143.967 106.00112 1.376 -6.377 3.464 AX32P205
4143.968 607.01214 1.062 -0.944 7.724 0304Ra0175
4143.972 607.01314 1.851 -0.754 7.724 0607Pa0295
4143.981 607.01214 2.58 -0.984 7.724 0910Ra0305
4143.983 607.01314 1.966 -1.02 7.724 0708Pb0175
4143.998 607.01314 1.851 -0.768 7.724 0607Pb0285
4144.001 607.01214 1.712 -3.305 7.724 0607Qc0055
4144.005 22.0 2.248 -1.93 "" ""
4144.007 24.0 3.844 -0.81 "" ""
4144.008 607.01214 1.712 -1.417 7.724 0607Pa0065
4144.017 607.01214 1.062 -0.968 7.724 0304Rb0165
4144.023 607.01214 1.712 -1.491 7.724 0607Pb0055
4144.038 607.01214 1.062 -3.763 7.724 0304Qd0175
4144.051 607.01314 1.864 -4.008 7.724 0607Qc0295
4144.066 24.0 4.102 -1.28 "" ""
4144.079 26.0 4.309 -1.91 "" ""
4144.082 607.01314 1.864 -0.74 7.724 0607Pa0305
4144.103 607.01314 1.512 -3.749 7.724 0506Qc0175
4144.105 607.01314 1.864 -0.754 7.724 0607Pb0295
4144.107 607.01314 0.686 -0.936 7.724 0001Ra0445
4144.111 106.00113 1.437 -4.388 3.464 AX22R225
4144.122 23.0 2.357 -4.84 "" ""
4144.122 607.01214 1.471 -2.774 7.724 0506Qc0015
4144.125 607.01314 1.512 -0.923 7.724 0506Pa0185
4144.128 607.01214 1.471 -1.819 7.724 0506Pa0025
4144.128 607.01214 1.471 -2.075 7.724 0506Pb0015
4144.147 607.01314 1.877 -4.023 7.724 0607Qc0305
4144.156 607.01314 2.12 -3.089 7.724 0809Qc0025
4144.16 607.01314 0.754 -0.808 7.724 0102Ra0345
4144.162 44.0 1.002 -0.33 "" ""
4144.162 607.01314 2.12 -1.787 7.724 0809Pa0035
4144.162 607.01314 2.12 -1.942 7.724 0809Pb0025
4144.172 607.01314 1.974 -3.847 7.724 0708Qc0185
4144.174 21.0 2.008 -3.62 "" ""
4144.175 607.01314 0.686 -0.946 7.724 0001Rb0435
4144.177 106.00112 1.443 -4.388 3.464 AX22R225
4144.177 607.01314 1.512 -0.947 7.724 0506Pb0175
4144.18 607.01314 1.877 -0.726 7.724 0607Pa0315
4144.186 607.01214 0.825 -0.783 7.724 0102Ra0375
4144.193 607.01314 1.974 -0.974 7.724 0708Pa0195
4144.2 607.01314 1.877 -0.74 7.724 0607Pb0305
4144.216 607.01314 0.754 -0.821 7.724 0102Rb0335
4144.228 607.01314 0.686 -4.535 7.724 0001Qd0445
4144.232 607.01314 1.89 -4.037 7.724 0607Qc0315
4144.249 64.0 0.92 -0.57 "" ""
4144.252 607.01214 0.825 -0.794 7.724 0102Rb0365
4144.257 607.01314 0.754 -4.194 7.724 0102Qd0345
4144.266 607.01314 1.89 -0.714 7.724 0607Pa0325
4144.266 607.01314 2.392 -1.204 7.724 0910Rb0155
4144.267 607.01214 2.179 -1.326 7.724 0809Ra0095
4144.273 26.0 4.1 -2.67 "" ""
4144.278 607.01314 1.001 -1.104 7.724 0304Ra0115
4144.281 607.01314 2.392 -3.948 7.724 0910Qd0165
4144.282 607.01314 1.89 -0.726 7.724 0607Pb0315
4144.294 607.01214 1.934 -2.849 7.724 0708Qc0015
4144.296 607.01214 1.934 -1.894 7.724 0708Pa0025
4144.296 607.01214 1.934 -2.149 7.724 0708Pb0015
4144.297 607.01214 0.825 -4.238 7.724 0102Qd0375
4144.305 607.01314 1.904 -4.052 7.724 0607Qc0325
4144.31 607.01314 1.001 -1.14 7.724 0304Rb0105
4144.31 607.01314 1.974 -0.996 7.724 0708Pb0185
4144.317 607.01214 2.179 -1.369 7.724 0809Rb0085
4144.322 607.01314 1.001 -3.577 7.724 0304Qd0115
4144.326 607.01214 2.179 -3.643 7.724 0809Qd0095
4144.33 607.01314 1.52 -3.773 7.724 0506Qc0185
4144.34 607.01314 1.904 -0.701 7.724 0607Pa0335
4144.351 607.01314 1.52 -0.901 7.724 0506Pa0195
4144.351 607.01314 1.904 -0.714 7.724 0607Pb0325
4144.351 607.01314 2.392 -1.18 7.724 0910Ra0165
4144.362 58.1 0.736 -1.15 LAWLER ""
4144.363 75.0 2.147 -0.91 "" ""
4144.368 607.01314 1.918 -4.066 7.724 0607Qc0335
4144.372 65.1159 0.126 -0.8 LAWLER ""
4144.381 607.01314 0.854 -0.863 7.724 0203Ra0235
4144.382 607.01314 0.854 -0.881 7.724 0203Rb0225
4144.383 607.01214 1.242 -1.32 7.724 0405Ra0065
4144.401 106.00113 1.371 -6.377 3.464 AX32P205
4144.402 65.1159 0.126 -0.86 LAWLER ""
4144.403 607.01214 1.242 -1.382 7.724 0405Rb0055
4144.403 65.1159 0.126 -2.5 LAWLER ""
4144.404 607.01314 1.918 -0.689 7.724 0607Pa0345
4144.408 607.01314 1.52 -0.923 7.724 0506Pb0185
4144.409 607.01314 0.854 -3.927 7.724 0203Qd0235
4144.41 607.01214 1.242 -3.335 7.724 0405Qd0065
4144.41 607.01314 1.918 -0.701 7.724 0607Pb0335
4144.416 22.0 2.504 -5.27 "" ""
4144.417 607.01314 1.209 -2.756 7.724 0405Qc0015
4144.419 607.01314 1.209 -1.801 7.724 0405Pa0025
4144.419 607.01314 1.209 -2.057 7.724 0405Pb0015
4144.42 607.01314 1.933 -4.079 7.724 0607Qc0345
4144.425 65.1159 0.126 -2.38 LAWLER ""
4144.426 65.1159 0.126 -4.64 LAWLER ""
4144.428 65.1159 0.126 -0.91 LAWLER ""
4144.438 607.01214 0.921 -0.807 7.724 0203Ra0275
4144.442 65.1159 0.126 -4.58 LAWLER ""
4144.446 65.1159 0.126 -2.5 LAWLER ""
4144.453 65.1159 0.126 -0.97 LAWLER ""
4144.457 607.01314 1.933 -0.678 7.724 0607Pa0355
4144.457 607.01314 1.933 -0.689 7.724 0607Pb0345
4144.462 607.01314 1.948 -4.093 7.724 0607Qc0355
4144.486 607.01214 0.921 -0.822 7.724 0203Rb0265
4144.488 607.01314 1.982 -3.87 7.724 0708Qc0195
4144.492 58.1 0.477 -0.34 LAWLER ""
4144.494 607.01314 1.948 -0.678 7.724 0607Pb0355
4144.499 607.01214 1.715 -3.373 7.724 0607Qc0065
4144.5 607.01314 1.948 -0.666 7.724 0607Pa0365
4144.507 607.01214 1.715 -1.354 7.724 0607Pa0075
4144.509 607.01314 1.982 -0.953 7.724 0708Pa0205
4144.519 607.01214 0.921 -4.003 7.724 0203Qd0275
4144.522 607.01314 1.963 -0.666 7.724 0607Pb0365
4144.527 607.01214 1.715 -1.417 7.724 0607Pb0065
4144.539 607.01314 1.529 -3.796 7.724 0506Qc0195
4144.54 60.1 0.204 -0.98 LAWLER ""
4144.552 24.0 4.446 -1.26 "" ""
4144.558 23.0 2.372 -4.5 "" ""
4144.561 607.01314 1.529 -0.879 7.724 0506Pa0205
4144.572 22.0 1.429 -4.65 "" ""
4144.588 27.1 3.007 -5.71 "" ""
4144.592 106.00112 1.491 -9.39 3.464 CX14Q115
4144.595 607.01214 2.567 -1.007 7.724 0910Rb0285
4144.605 23.0 2.357 -4.64 "" ""
4144.619 607.01314 1.529 -0.901 7.724 0506Pb0195
4144.621 607.01214 2.567 -4.245 7.724 0910Qd0295
4144.623 607.01314 1.982 -0.974 7.724 0708Pb0195
4144.631 106.00112 1.324 -9.681 3.464 CX14Q055
4144.633 607.01214 2.567 -0.995 7.724 0910Ra0295
4144.658 106.00112 1.491 -5.239 3.464 CX14P115
4144.663 106.00112 1.324 -5.726 3.464 CX14P055
4144.676 106.00112 1.491 -5.163 3.464 CX14P125
4144.688 607.01214 1.472 -1.664 7.724 0506Pa0035
4144.692 607.01214 1.472 -2.966 7.724 0506Qc0025
4144.694 607.01314 2.121 -3.219 7.724 0809Qc0035
4144.695 607.01214 1.472 -1.819 7.724 0506Pb0025
4144.695 92.1 0.284 -1.5 "" ""
4144.698 607.01314 2.121 -1.674 7.724 0809Pa0045
4144.71 607.01314 2.121 -1.787 7.724 0809Pb0035
4144.727 607.01314 1.538 -3.818 7.724 0506Qc0205
4144.751 607.01314 1.538 -0.859 7.724 0506Pa0215
4144.764 607.01214 0.751 -0.927 7.724 0001Ra0465
4144.766 22.0 2.486 -3.96 "" ""
4144.79 607.01314 1.991 -3.892 7.724 0708Qc0205
4144.811 607.01314 1.538 -0.879 7.724 0506Pb0205
4144.812 607.01314 1.991 -0.933 7.724 0708Pa0215
4144.813 23.0 2.377 -3.7 "" ""
4144.828 24.0 4.529 -1.24 "" ""
4144.834 607.01214 0.751 -0.936 7.724 0001Rb0455
4144.847 58.1 0.807 -0.93 LAWLER ""
4144.853 24.0 2.913 -3.75 "" ""
4144.866 607.01214 1.935 -3.041 7.724 0708Qc0025
4144.869 607.01214 1.935 -1.739 7.724 0708Pa0035
4144.869 607.01214 1.935 -1.894 7.724 0708Pb0025
4144.876 607.01314 2.386 -1.23 7.724 0910Rb0145
4144.89 607.01314 2.386 -3.92 7.724 0910Qd0155
4144.891 607.01214 0.751 -4.562 7.724 0001Qd0465
4144.897 607.01314 1.547 -3.838 7.724 0506Qc0215
4144.901 106.00112 1.324 -5.643 3.464 CX14P065
4144.916 26.0 4.431 -3.19 "" ""
4144.921 607.01314 1.547 -0.839 7.724 0506Pa0225
4144.923 607.01314 1.991 -0.953 7.724 0708Pb0205
4144.931 607.01314 2.386 -1.204 7.724 0910Ra0155
4144.964 607.01214 2.175 -1.369 7.724 0809Ra0085
4144.965 607.01314 1.21 -2.948 7.724 0405Qc0025
4144.967 106.00112 1.376 -4.429 3.464 AX22R215
4144.969 607.01314 1.21 -1.646 7.724 0405Pa0035
4144.969 607.01314 1.21 -1.802 7.724 0405Pb0025
4144.98 607.01214 1.718 -3.432 7.724 0607Qc0075
4144.983 607.01314 1.547 -0.859 7.724 0506Pb0215
4144.988 607.01214 1.718 -1.3 7.724 0607Pa0085
4144.996 58.1 0.696 0.1 LAWLER ""
4145.011 607.01214 1.718 -1.355 7.724 0607Pb0075
4145.011 607.01214 2.175 -1.417 7.724 0809Rb0075
4145.018 607.01214 2.175 -3.597 7.724 0809Qd0085
4145.021 24.0 2.707 -3.58 "" ""
4145.034 22.0 0.899 -2.56 LAWLER ""
4145.039 24.0 3.885 -3.64 "" ""
4145.04 607.01214 1.054 -0.968 7.724 0304Ra0165
4145.047 607.01314 1.557 -3.858 7.724 0506Qc0225
4145.064 106.00113 1.589 -5.437 3.464 CX03P205
4145.073 607.01314 1.557 -0.82 7.724 0506Pa0235
4145.079 607.01314 2.0 -3.913 7.724 0708Qc0215
4145.088 607.01214 1.054 -0.993 7.724 0304Rb0155
4145.093 27.0 3.772 -4.52 "" ""
4145.1 607.01314 2.0 -0.914 7.724 0708Pa0225
4145.107 607.01214 1.054 -3.738 7.724 0304Qd0165
4145.126 106.00112 1.108 -9.178 3.464 CX03R085
4145.136 27.1 3.483 -2.04 "" ""
4145.136 607.01314 1.557 -0.839 7.724 0506Pb0225
4145.14 106.00113 1.59 -5.489 3.464 CX03P195
4145.157 74.0 1.654 -0.95 "" ""
4145.164 24.0 2.913 -4.44 "" ""
4145.165 607.01214 1.239 -1.382 7.724 0405Ra0055
4145.166 607.01314 0.996 -1.14 7.724 0304Ra0105
4145.17 106.00113 1.371 -4.429 3.464 AX22R215
4145.178 607.01314 1.567 -3.877 7.724 0506Qc0235
4145.181 607.01214 1.239 -1.456 7.724 0405Rb0045
4145.183 22.0 1.442 -4.59 "" ""
4145.188 607.01214 1.239 -3.267 7.724 0405Qd0055
4145.191 106.00112 1.108 -5.994 3.464 CX03Q085
4145.195 607.01314 0.996 -1.18 7.724 0304Rb0095
4145.2 26.0 2.69 -2.8 "" ""
4145.205 607.01314 1.567 -0.803 7.724 0506Pa0245
4145.207 607.01314 0.996 -3.539 7.724 0304Qd0105
4145.211 607.01314 2.0 -0.933 7.724 0708Pb0215
4145.221 607.01314 2.124 -3.319 7.724 0809Qc0045
4145.225 62.0 0.498 -0.35 "" ""
4145.227 607.01314 2.124 -1.586 7.724 0809Pa0055
4145.232 607.01214 1.474 -1.552 7.724 0506Pa0045
4145.241 607.01214 1.474 -3.097 7.724 0506Qc0035
4145.241 607.01314 2.124 -1.674 7.724 0809Pb0045
4145.245 607.01214 1.474 -1.664 7.724 0506Pb0035
4145.26 607.01214 2.555 -1.019 7.724 0910Rb0275
4145.27 607.01314 1.567 -0.82 7.724 0506Pb0235
4145.271 607.01314 1.721 -4.061 7.724 0506Qc0355
4145.286 607.01214 2.555 -4.228 7.724 0910Qd0285
4145.289 607.01314 1.578 -3.895 7.724 0506Qc0245
4145.292 607.01214 2.555 -1.007 7.724 0910Ra0285
4145.295 28.0 4.263 -1.81 "" ""
4145.296 106.00113 1.612 -7.049 3.464 CX25P065
4145.3 24.0 2.985 -3.76 "" ""
4145.317 607.01314 1.578 -0.786 7.724 0506Pa0255
4145.336 106.00112 1.108 -5.932 3.464 CX03Q095
4145.353 607.01314 2.009 -3.933 7.724 0708Qc0225
4145.366 607.01314 1.706 -4.048 7.724 0506Qc0345
4145.377 21.0 2.0 -2.91 "" ""
4145.377 607.01314 2.009 -0.895 7.724 0708Pa0235
4145.382 607.01314 1.588 -3.913 7.724 0506Qc0255
4145.384 607.01314 1.578 -0.803 7.724 0506Pb0245
4145.4 106.00112 1.108 -8.758 3.464 CX03P095
4145.404 607.01314 1.706 -0.646 7.724 0506Pa0355
4145.409 607.01314 1.721 -0.646 7.724 0506Pb0355
4145.411 607.01314 1.589 -0.769 7.724 0506Pa0265
4145.425 607.01214 1.937 -3.171 7.724 0708Qc0035
4145.429 607.01214 1.937 -1.626 7.724 0708Pa0045
4145.429 607.01214 1.937 -1.739 7.724 0708Pb0035
4145.442 607.01314 1.691 -4.035 7.724 0506Qc0335
4145.443 607.01214 1.722 -3.484 7.724 0607Qc0085
4145.453 607.01214 1.722 -1.251 7.724 0607Pa0095
4145.455 607.01314 1.6 -3.93 7.724 0506Qc0265
4145.463 106.00112 1.314 -1.165 3.464 AX00R285
4145.479 607.01214 1.722 -1.3 7.724 0607Pb0085
4145.479 607.01314 1.588 -0.786 7.724 0506Pb0255
4145.48 25.1 5.414 -3.81 "" ""
4145.48 607.01314 1.691 -0.658 7.724 0506Pa0345
4145.485 607.01314 1.6 -0.753 7.724 0506Pa0275
4145.485 607.01314 2.009 -0.914 7.724 0708Pb0225
4145.486 58.1 0.808 -1.62 LAWLER ""
4145.487 24.0 3.123 -9.88 "" ""
4145.491 607.01314 1.212 -3.079 7.724 0405Qc0035
4145.497 607.01314 1.706 -0.658 7.724 0506Pb0345
4145.498 607.01314 1.212 -1.534 7.724 0405Pa0045
4145.498 607.01314 1.212 -1.647 7.724 0405Pb0035
4145.498 607.01314 2.38 -1.257 7.724 0910Rb0135
4145.5 607.01314 1.677 -4.021 7.724 0506Qc0325
4145.502 24.0 3.823 -1.22 "" ""
4145.509 607.01314 2.38 -3.891 7.724 0910Qd0145
4145.51 607.01314 1.612 -3.946 7.724 0506Qc0275
4145.535 23.0 2.284 -0.86 "" ""
4145.536 607.01314 1.677 -0.67 7.724 0506Pa0335
4145.539 607.01314 1.663 -4.007 7.724 0506Qc0315
4145.539 607.01314 2.38 -1.23 7.724 0910Ra0145
4145.541 607.01314 1.612 -0.738 7.724 0506Pa0285
4145.545 607.01314 1.624 -3.962 7.724 0506Qc0285
4145.555 607.01314 1.6 -0.769 7.724 0506Pb0265
4145.557 106.00113 1.438 -7.123 3.464 AX21P255
4145.56 607.01314 1.65 -3.992 7.724 0506Qc0305
4145.562 607.01314 1.637 -3.978 7.724 0506Qc0295
4145.566 106.00112 1.314 -1.173 3.464 AX00R275
4145.568 20.0 5.916 -4.47 "" ""
4145.568 607.01314 1.691 -0.67 7.724 0506Pb0335
4145.574 607.01314 1.663 -0.683 7.724 0506Pa0325
4145.577 607.01314 1.624 -0.724 7.724 0506Pa0295
4145.591 607.01314 0.844 -0.881 7.724 0203Ra0225
4145.591 607.01314 0.844 -0.899 7.724 0203Rb0215
4145.594 607.01314 1.65 -0.696 7.724 0506Pa0315
4145.595 607.01314 1.637 -0.71 7.724 0506Pa0305
4145.598 42.0 2.913 -1.82 "" ""
4145.612 607.01314 1.612 -0.753 7.724 0506Pb0275
4145.613 106.00112 1.403 -1.159 3.464 AX00R295
4145.614 607.01314 2.019 -3.953 7.724 0708Qc0235
4145.617 607.01314 0.844 -3.909 7.724 0203Qd0225
4145.62 66.1 0.54 -1.86 LAWLER ""
4145.621 607.01314 1.677 -0.683 7.724 0506Pb0325
4145.625 106.00112 1.314 -3.713 3.464 AX00Q285
4145.638 607.01314 2.019 -0.878 7.724 0708Pa0245
4145.651 607.01314 1.624 -0.738 7.724 0506Pb0285
4145.652 607.01214 2.172 -1.417 7.724 0809Ra0075
4145.656 607.01314 1.663 -0.696 7.724 0506Pb0315
4145.668 26.0 4.28 -4.05 "" ""
4145.671 607.01314 1.637 -0.724 7.724 0506Pb0295
4145.672 607.01314 1.65 -0.71 7.724 0506Pb0305
4145.69 607.01314 0.739 -0.821 7.724 0102Ra0335
4145.695 106.00113 1.59 -10.132 3.464 CX03Q195
4145.695 607.01214 2.172 -1.471 7.724 0809Rb0065
4145.702 607.01214 2.172 -3.545 7.724 0809Qd0075
4145.734 44.0 1.122 -0.73 "" ""
4145.739 607.01314 2.126 -3.4 7.724 0809Qc0055
4145.745 607.01314 0.739 -0.833 7.724 0102Rb0325
4145.745 607.01314 2.126 -1.512 7.724 0809Pa0065
4145.747 607.01314 2.019 -0.895 7.724 0708Pb0235
4145.758 72.0 0.699 -1.55 "" ""
4145.76 607.01214 1.476 -1.463 7.724 0506Pa0055
4145.762 607.01314 2.126 -1.586 7.724 0809Pb0055
4145.769 607.01214 1.476 -3.196 7.724 0506Qc0045
4145.774 607.01214 1.476 -1.552 7.724 0506Pb0045
4145.779 24.1 5.315 -0.9 Gurell10 ""
4145.782 106.00112 1.403 -3.687 3.464 AX00Q295
4145.784 607.01314 0.739 -4.182 7.724 0102Qd0335
4145.801 607.01214 0.909 -0.822 7.724 0203Ra0265
4145.805 106.00112 1.456 -9.44 3.464 CX14Q105
4145.848 607.01214 0.909 -0.838 7.724 0203Rb0255
4145.857 106.00112 1.345 -9.621 3.464 CX14Q065
4145.858 106.00112 1.403 -1.166 3.464 AX00R285
4145.859 90.0 1.738 0.0 "" ""
4145.86 23.0 2.682 -2.33 "" ""
4145.862 607.01314 2.03 -3.971 7.724 0708Qc0245
4145.863 607.01214 0.808 -0.794 7.724 0102Ra0365
4145.865 106.00112 1.456 -5.317 3.464 CX14P105
4145.88 23.0 1.063 -6.83 "" ""
4145.88 607.01214 0.909 -3.987 7.724 0203Qd0265
4145.888 607.01314 2.03 -0.861 7.724 0708Pa0255
4145.889 607.01214 1.727 -3.53 7.724 0607Qc0095
4145.894 106.00112 1.345 -5.642 3.464 CX14P065
4145.897 106.00112 1.424 -2.91 3.464 AX54P095
4145.899 25.0 4.662 -4.12 "" ""
4145.9 607.01214 1.727 -1.208 7.724 0607Pa0105
4145.908 106.00112 1.456 -5.24 3.464 CX14P115
4145.915 106.00112 1.424 -4.319 3.464 AX54Q095
4145.926 607.01214 1.237 -1.456 7.724 0405Ra0045
4145.928 607.01214 0.808 -0.806 7.724 0102Rb0355
4145.929 607.01214 1.727 -1.251 7.724 0607Pb0095
4145.931 607.01214 2.543 -1.032 7.724 0910Rb0265
4145.937 607.01214 1.237 -1.544 7.724 0405Rb0035
4145.944 607.01214 1.237 -3.187 7.724 0405Qd0045
4145.946 607.01314 0.666 -0.946 7.724 0001Ra0435
4145.947 74.0 1.507 -1.19 "" ""
4145.956 607.01214 2.543 -1.019 7.724 0910Ra0275
4145.956 607.01214 2.543 -4.21 7.724 0910Qd0275
4145.969 607.01214 1.939 -3.271 7.724 0708Qc0045
4145.972 607.01214 0.808 -4.227 7.724 0102Qd0365
4145.974 28.0 3.793 -2.71 "" ""
4145.975 607.01214 1.939 -1.537 7.724 0708Pa0055
4145.975 607.01214 1.939 -1.626 7.724 0708Pb0045
4145.985 22.0 3.102 -0.21 "" ""
4145.995 41.0 1.368 -1.06 "" ""
4145.996 607.01314 1.214 -3.178 7.724 0405Qc0045
4145.996 607.01314 2.03 -0.878 7.724 0708Pb0245
4146.004 607.01314 1.214 -1.445 7.724 0405Pa0055
4146.004 607.01314 1.214 -1.534 7.724 0405Pb0045
4146.012 607.01314 0.666 -0.956 7.724 0001Rb0425
4146.031 607.01314 0.992 -1.18 7.724 0304Ra0095
4146.057 607.01314 0.992 -1.223 7.724 0304Rb0085
4146.061 66.0 1.141 0.91 "" ""
4146.064 26.0 2.988 -1.84 "" ""
4146.064 607.01314 0.666 -4.526 7.724 0001Qd0435
4146.068 607.01314 0.992 -3.497 7.724 0304Qd0095
4146.079 106.00112 1.345 -5.56 3.464 CX14P075
4146.089 607.01214 1.047 -0.993 7.724 0304Ra0155
4146.09 106.00112 1.424 -2.846 3.464 AX54P105
4146.093 106.00113 1.307 -1.165 3.464 AX00R285
4146.097 607.01314 2.04 -3.99 7.724 0708Qc0255
4146.121 607.01314 2.374 -1.287 7.724 0910Rb0125
4146.123 26.0 4.442 -3.09 "" ""
4146.124 60.1 1.501 0.1 "" ""
4146.124 607.01314 2.04 -0.846 7.724 0708Pa0265
4146.127 106.00113 1.077 -6.06 3.464 CX03Q075
4146.134 607.01214 1.047 -1.02 7.724 0304Rb0145
4146.134 607.01314 2.374 -3.86 7.724 0910Qd0135
4146.146 106.00113 1.077 -8.73 3.464 CX03P085
4146.153 607.01214 1.047 -3.711 7.724 0304Qd0155
4146.158 607.01314 2.374 -1.257 7.724 0910Ra0135
4146.188 106.00113 1.395 -1.159 3.464 AX00R295
4146.197 106.00113 1.307 -1.173 3.464 AX00R275
4146.2 24.0 3.842 -2.28 "" ""
4146.201 106.00112 0.973 -8.39 3.464 CX03R015
4146.232 58.1 0.56 -0.12 LAWLER ""
4146.232 607.01314 2.04 -0.861 7.724 0708Pb0255
4146.236 106.00113 1.307 -3.713 3.464 AX00Q285
4146.246 607.01314 2.129 -3.468 7.724 0809Qc0065
4146.253 607.01314 2.129 -1.449 7.724 0809Pa0075
4146.264 6.0 7.94 -2.02 "" ""
4146.272 607.01214 1.479 -1.389 7.724 0506Pa0065
4146.273 607.01314 2.129 -1.512 7.724 0809Pb0065
4146.275 607.01214 1.479 -3.277 7.724 0506Qc0055
4146.277 21.0 1.864 -1.73 "" ""
4146.28 607.01214 1.479 -1.463 7.724 0506Pb0055
4146.299 106.00113 1.452 -2.84 3.464 AX54P105
4146.302 26.0 4.431 -3.83 "" ""
4146.306 106.00112 0.361 -4.241 3.464 AX00R145
4146.311 20.0 4.677 -3.11 "" ""
4146.312 106.00113 1.716 -2.735 3.464 AX32P265
4146.317 607.01214 1.732 -3.572 7.724 0607Qc0105
4146.319 607.01314 2.052 -4.007 7.724 0708Qc0265
4146.325 106.00113 1.452 -4.327 3.464 AX54Q105
4146.326 106.00113 1.077 -9.132 3.464 CX03R075
4146.33 607.01214 1.732 -1.168 7.724 0607Pa0115
4146.33 607.01214 2.169 -1.471 7.724 0809Ra0065
4146.335 106.00113 1.395 -3.687 3.464 AX00Q295
4146.339 20.0 6.041 -0.17 "" ""
4146.345 106.00113 1.077 -5.995 3.464 CX03Q085
4146.347 607.01314 2.052 -0.83 7.724 0708Pa0275
4146.363 607.01214 1.732 -1.208 7.724 0607Pb0105
4146.364 20.0 5.917 -4.35 "" ""
4146.369 607.01214 2.169 -1.533 7.724 0809Rb0055
4146.375 607.01214 2.169 -3.486 7.724 0809Qd0065
4146.382 106.00112 1.378 -6.436 3.464 AX32P205
4146.388 24.1 3.755 -3.15 "" ""
4146.411 106.00113 1.716 -4.907 3.464 AX32Q255
4146.413 24.0 3.367 -3.22 "" ""
4146.429 106.00113 1.395 -1.166 3.464 AX00R285
4146.432 25.0 2.918 -3.92 "" ""
4146.456 607.01314 2.052 -0.846 7.724 0708Pb0265
4146.461 24.0 2.998 -2.11 "" ""
4146.467 20.0 6.041 -4.39 "" ""
4146.477 106.00113 1.452 -2.777 3.464 AX54P115
4146.478 607.01314 1.217 -3.259 7.724 0405Qc0055
4146.486 607.01314 1.217 -1.371 7.724 0405Pa0065
4146.492 607.01314 1.217 -1.445 7.724 0405Pb0055
4146.5 607.01214 1.942 -3.352 7.724 0708Qc0055
4146.507 607.01214 1.942 -1.464 7.724 0708Pa0065
4146.507 607.01214 1.942 -1.537 7.724 0708Pb0055
4146.515 106.00112 1.424 -2.91 3.464 AX54P095
4146.522 20.0 6.041 -3.16 "" ""
4146.53 607.01314 2.063 -4.024 7.724 0708Qc0275
4146.533 106.00112 1.424 -4.337 3.464 AX54Q095
4146.541 25.0 4.329 -2.57 "" ""
4146.548 106.00112 1.424 -9.486 3.464 CX14Q095
4146.559 607.01314 2.063 -0.816 7.724 0708Pa0285
4146.582 106.00112 1.368 -9.574 3.464 CX14Q075
4146.585 24.0 2.708 -4.42 "" ""
4146.602 106.00112 1.424 -5.397 3.464 CX14P095
4146.604 74.1 3.103 -1.5 "" ""
4146.605 24.0 3.886 -4.04 "" ""
4146.606 607.01214 2.532 -1.045 7.724 0910Rb0255
4146.61 60.1 0.742 -1.37 LAWLER ""
4146.61 92.0 0.908 -0.43 "" ""
4146.615 106.00113 1.568 -7.982 3.464 AX10P305
4146.624 106.00112 1.368 -5.558 3.464 CX14P075
4146.625 607.01214 2.532 -1.032 7.724 0910Ra0265
4146.63 607.01214 2.532 -4.192 7.724 0910Qd0265
4146.632 62.0 0.282 -1.53 "" ""
4146.643 106.00113 1.716 -2.845 3.464 AX32P255
4146.658 106.00112 1.424 -2.846 3.464 AX54P105
4146.659 607.01214 1.235 -1.544 7.724 0405Ra0035
4146.666 607.01314 2.063 -0.83 7.724 0708Pb0275
4146.669 24.0 2.965 -1.55 "" ""
4146.671 607.01214 1.235 -1.657 7.724 0405Rb0025
4146.674 106.00112 1.424 -5.318 3.464 CX14P105
4146.677 607.01214 1.235 -3.088 7.724 0405Qd0035
4146.706 106.00112 1.875 -4.523 3.464 AX22R285
4146.728 607.01214 1.737 -3.61 7.724 0607Qc0115
4146.731 607.01314 2.075 -4.04 7.724 0708Qc0285
4146.74 607.01214 0.73 -0.936 7.724 0001Ra0455
4146.74 62.1 0.184 -1.54 LAWLER ""
4146.742 607.01214 1.737 -1.132 7.724 0607Pa0125
4146.743 607.01314 2.132 -3.527 7.724 0809Qc0075
4146.75 607.01314 2.132 -1.395 7.724 0809Pa0085
4146.75 607.01314 2.369 -1.32 7.724 0910Rb0115
4146.76 607.01214 1.482 -3.345 7.724 0506Qc0065
4146.761 607.01314 2.075 -0.802 7.724 0708Pa0295
4146.761 607.01314 2.369 -3.827 7.724 0910Qd0125
4146.765 106.00112 1.369 -5.478 3.464 CX14P085
4146.767 607.01214 1.482 -1.326 7.724 0506Pa0075
4146.768 44.0 1.192 -1.11 "" ""
4146.768 6.0 7.94 -3.7 "" ""
4146.771 607.01214 1.482 -1.389 7.724 0506Pb0065
4146.774 607.01214 1.737 -1.168 7.724 0607Pb0115
4146.776 607.01314 0.835 -0.9 7.724 0203Ra0215
4146.776 607.01314 0.835 -0.919 7.724 0203Rb0205
4146.776 607.01314 2.132 -1.45 7.724 0809Pb0075
4146.776 607.01314 2.369 -1.287 7.724 0910Ra0125
4146.783 23.1 6.096 -2.2 "" ""
4146.799 106.00113 1.372 -6.436 3.464 AX32P205
4146.802 607.01314 0.835 -3.889 7.724 0203Qd0215
4146.81 106.00112 1.395 -9.53 3.464 CX14Q085
4146.81 607.01214 0.73 -0.946 7.724 0001Rb0445
4146.848 106.00112 1.445 -7.123 3.464 AX21P255
4146.858 106.00112 1.395 -5.477 3.464 CX14P085
4146.863 607.01314 2.075 -0.816 7.724 0708Pb0285
4146.866 607.01214 0.73 -4.553 7.724 0001Qd0455
4146.872 607.01314 0.988 -1.223 7.724 0304Ra0085
4146.896 607.01314 0.988 -1.271 7.724 0304Rb0075
4146.906 607.01314 0.988 -3.451 7.724 0304Qd0085
4146.923 607.01314 2.088 -4.056 7.724 0708Qc0295
4146.938 607.01314 1.22 -3.327 7.724 0405Qc0065
4146.943 20.0 4.677 -3.55 "" ""
4146.946 607.01314 1.22 -1.308 7.724 0405Pa0075
4146.954 607.01314 2.088 -0.788 7.724 0708Pa0305
4146.956 607.01314 1.22 -1.371 7.724 0405Pb0065
4146.957 6.0 7.94 -2.61 "" ""
4146.962 106.00112 1.395 -5.398 3.464 CX14P095
4146.983 27.1 5.085 -2.95 "" ""
4147.001 607.01214 2.166 -1.533 7.724 0809Ra0055
4147.017 607.01214 1.945 -3.42 7.724 0708Qc0065
4147.025 106.00113 1.452 -2.84 3.464 AX54P105
4147.025 607.01214 1.945 -1.401 7.724 0708Pa0075
4147.025 607.01214 1.945 -1.464 7.724 0708Pb0065
4147.033 607.01214 2.166 -1.606 7.724 0809Rb0045
4147.039 607.01214 2.166 -3.418 7.724 0809Qd0055
4147.045 607.01314 2.088 -0.802 7.724 0708Pb0295
4147.051 106.00113 1.452 -4.347 3.464 AX54Q105
4147.078 106.00112 1.279 -7.353 3.464 CX14P025
4147.108 607.01314 2.1 -4.072 7.724 0708Qc0305
4147.114 607.01214 1.04 -1.02 7.724 0304Ra0145
4147.121 607.01214 1.742 -3.645 7.724 0607Qc0125
4147.136 607.01214 1.743 -1.099 7.724 0607Pa0135
4147.14 607.01214 0.897 -0.838 7.724 0203Ra0255
4147.14 607.01314 2.1 -0.775 7.724 0708Pa0315
4147.151 106.00113 1.452 -2.777 3.464 AX54P115
4147.155 106.00113 0.359 -4.241 3.464 AX00R145
4147.157 607.01214 1.04 -1.049 7.724 0304Rb0135
4147.173 607.01214 1.742 -1.132 7.724 0607Pb0125
4147.174 607.01214 1.04 -3.683 7.724 0304Qd0145
4147.18 41.0 1.428 -0.47 "" ""
4147.185 607.01214 0.897 -0.855 7.724 0203Rb0245
4147.199 607.01314 0.725 -0.834 7.724 0102Ra0325
4147.211 607.01314 2.1 -0.788 7.724 0708Pb0305
4147.216 607.01214 0.897 -3.971 7.724 0203Qd0255
4147.224 607.01214 1.485 -3.403 7.724 0506Qc0075
4147.23 607.01314 2.136 -3.579 7.724 0809Qc0085
4147.239 607.01314 2.136 -1.347 7.724 0809Pa0095
4147.242 607.01214 1.485 -1.271 7.724 0506Pa0085
4147.242 607.01214 1.485 -1.326 7.724 0506Pb0075
4147.249 607.01314 0.724 -0.846 7.724 0102Rb0315
4147.264 607.01314 2.136 -1.395 7.724 0809Pb0085
4147.272 26.1 4.612 -3.51 "" ""
4147.281 106.00112 1.378 -4.368 3.464 AX22R215
4147.284 607.01214 2.521 -1.059 7.724 0910Rb0245
4147.287 607.01314 0.725 -4.169 7.724 0102Qd0325
4147.287 607.01314 2.114 -4.087 7.724 0708Qc0315
4147.297 607.01214 2.521 -1.045 7.724 0910Ra0255
4147.307 607.01214 2.521 -4.174 7.724 0910Qd0255
4147.32 607.01314 2.114 -0.763 7.724 0708Pa0325
4147.343 26.0 3.329 -1.86 "" ""
4147.345 21.0045 1.953 -2.2 LAWHFS ""
4147.348 21.0045 1.953 -1.95 LAWHFS ""
4147.348 21.0045 1.953 -1.95 LAWHFS ""
4147.35 20.0 2.93 -2.52 "" ""
4147.351 21.0045 1.953 -3.85 LAWHFS ""
4147.353 40.0 1.549 -0.54 "" ""
4147.356 21.0045 1.953 -1.75 LAWHFS ""
4147.356 21.0045 1.953 -1.75 LAWHFS ""
4147.356 25.1 6.107 -4.47 "" ""
4147.358 23.0 2.262 -2.61 "" ""
4147.361 21.0045 1.953 -2.61 LAWHFS ""
4147.361 607.01314 2.114 -0.775 7.724 0708Pb0315
4147.368 21.0045 1.953 -1.68 LAWHFS ""
4147.368 21.0045 1.953 -1.68 LAWHFS ""
4147.373 607.01214 1.234 -1.657 7.724 0405Ra0025
4147.375 21.0045 1.953 -1.89 LAWHFS ""
4147.376 607.01314 1.223 -3.385 7.724 0405Qc0075
4147.382 607.01214 1.234 -1.812 7.724 0405Rb0015
4147.383 21.0045 1.953 -1.71 LAWHFS ""
4147.383 21.0045 1.953 -1.71 LAWHFS ""
4147.383 607.01314 1.223 -1.253 7.724 0405Pa0085
4147.383 607.01314 2.364 -1.355 7.724 0910Rb0105
4147.387 607.01214 1.234 -2.957 7.724 0405Qd0025
4147.39 607.01314 2.364 -3.791 7.724 0910Qd0115
4147.391 21.0045 1.953 -1.49 LAWHFS ""
4147.4 607.01314 1.223 -1.308 7.724 0405Pb0075
4147.4 607.01314 2.364 -1.32 7.724 0910Ra0115
4147.401 21.0045 1.953 -1.9 LAWHFS ""
4147.401 21.0045 1.953 -1.9 LAWHFS ""
4147.411 21.0045 1.953 -1.2 LAWHFS ""
4147.424 106.00113 1.372 -4.368 3.464 AX22R215
4147.433 106.00112 0.988 -7.1 3.464 CX03R025
4147.464 607.01314 2.127 -4.102 7.724 0708Qc0325
4147.473 26.0 3.6 -2.44 "" ""
4147.492 607.01314 2.127 -0.763 7.724 0708Pb0325
4147.497 25.1 6.107 -6.72 "" ""
4147.497 607.01214 1.749 -3.678 7.724 0607Qc0135
4147.498 607.01314 2.127 -0.751 7.724 0708Pa0335
4147.511 607.01314 2.251 -0.678 7.724 0708Pb0405
4147.513 607.01214 1.749 -1.068 7.724 0607Pa0145
4147.516 28.1 6.324 -7.02 "" ""
4147.516 607.01214 0.791 -0.806 7.724 0102Ra0355
4147.521 607.01214 1.948 -3.479 7.724 0708Qc0075
4147.53 24.0 3.847 -1.08 "" ""
4147.53 607.01214 1.948 -1.347 7.724 0708Pa0085
4147.53 607.01214 1.948 -1.401 7.724 0708Pb0075
4147.549 106.00112 0.362 -4.196 3.464 AX00R145
4147.552 607.01214 1.749 -1.099 7.724 0607Pb0135
4147.559 25.0 3.37 -0.99 "" ""
4147.579 607.01214 0.791 -0.818 7.724 0102Rb0345
4147.6 25.1 6.9 -8.3 "" ""
4147.602 607.01314 2.141 -0.751 7.724 0708Pb0335
4147.622 607.01214 0.791 -4.215 7.724 0102Qd0355
4147.641 607.01314 2.141 -4.116 7.724 0708Qc0335
4147.649 607.01314 2.234 -0.687 7.724 0708Pb0395
4147.66 607.01214 2.164 -1.606 7.724 0809Ra0045
4147.666 607.01214 1.489 -3.455 7.724 0506Qc0085
4147.669 26.0 1.484 -2.07 OBR91 ""
4147.676 607.01314 2.141 -0.739 7.724 0708Pa0345
4147.688 607.01214 1.489 -1.272 7.724 0506Pb0085
4147.688 607.01214 2.164 -1.695 7.724 0809Rb0035
4147.69 607.01314 0.985 -1.272 7.724 0304Ra0075
4147.69 607.01314 2.156 -0.739 7.724 0708Pb0345
4147.693 607.01214 2.164 -3.337 7.724 0809Qd0045
4147.706 607.01214 1.489 -1.223 7.724 0506Pa0095
4147.707 607.01314 2.14 -3.626 7.724 0809Qc0095
4147.71 62.1 0.04 -1.39 LAWLER ""
4147.712 607.01314 0.985 -1.326 7.724 0304Rb0065
4147.716 607.01314 2.14 -1.303 7.724 0809Pa0105
4147.721 607.01314 0.985 -3.4 7.724 0304Qd0075
4147.736 607.01314 2.218 -0.697 7.724 0708Pb0385
4147.744 607.01314 2.14 -1.347 7.724 0809Pb0095
4147.747 24.0 3.854 -1.33 "" ""
4147.75 607.01314 2.171 -0.728 7.724 0708Pb0355
4147.76 607.01314 0.647 -0.956 7.724 0001Ra0425
4147.778 607.01314 2.202 -0.707 7.724 0708Pb0375
4147.781 607.01314 2.186 -0.717 7.724 0708Pb0365
4147.786 6.0 7.94 -2.76 "" ""
4147.791 607.01314 1.227 -3.437 7.724 0405Qc0085
4147.801 607.01314 1.227 -1.205 7.724 0405Pa0095
4147.817 607.01314 1.227 -1.253 7.724 0405Pb0085
4147.822 607.01314 2.156 -4.13 7.724 0708Qc0345
4147.825 607.01314 0.647 -0.966 7.724 0001Rb0415
4147.846 23.0 2.267 -0.98 "" ""
4147.855 607.01214 1.755 -3.709 7.724 0607Qc0145
4147.858 607.01314 2.156 -0.728 7.724 0708Pa0355
4147.873 607.01214 1.755 -1.039 7.724 0607Pa0155
4147.876 607.01314 0.647 -4.516 7.724 0001Qd0425
4147.879 73.0 0.696 -1.5 "" ""
4147.914 607.01214 1.755 -1.068 7.724 0607Pb0145
4147.915 24.0 4.093 -1.07 "" ""
4147.926 106.00113 1.606 -4.171 3.464 AX54R145
4147.938 607.01314 0.826 -0.919 7.724 0203Ra0205
4147.938 607.01314 0.826 -0.94 7.724 0203Rb0195
4147.94 106.00113 1.606 -2.08 3.464 AX54Q145
4147.941 22.0 2.332 -1.78 "" ""
4147.962 607.01314 0.826 -3.869 7.724 0203Qd0205
4147.965 607.01214 2.51 -1.074 7.724 0910Rb0235
4147.967 106.00113 0.894 -6.015 3.464 BX11R185
4147.973 607.01214 2.51 -1.059 7.724 0910Ra0245
4147.975 6.0 7.94 -2.36 "" ""
4147.987 607.01214 2.51 -4.155 7.724 0910Qd0245
4148.008 106.00113 0.596 -1.919 3.464 BX11P115
4148.008 607.01314 2.359 -1.394 7.724 0910Rb0095
4148.011 607.01214 1.952 -3.531 7.724 0708Qc0085
4148.011 607.01314 2.171 -4.144 7.724 0708Qc0355
4148.014 106.00112 0.988 -6.929 3.464 CX03R035
4148.017 607.01314 2.359 -3.753 7.724 0910Qd0105
4148.02 607.01214 1.952 -1.298 7.724 0708Pa0095
4148.02 607.01214 1.952 -1.347 7.724 0708Pb0085
4148.027 106.00113 1.606 -2.022 3.464 AX54Q155
4148.029 607.01314 2.359 -1.355 7.724 0910Ra0105
4148.038 106.00113 1.8 -2.028 3.464 AX54R185
4148.041 106.00113 1.606 -4.398 3.464 AX54P155
4148.046 106.00112 0.988 -9.317 3.464 CX03Q035
4148.048 607.01314 2.171 -0.717 7.724 0708Pa0365
4148.052 106.00113 0.596 -7.081 3.464 BX11Q115
4148.061 106.00113 1.8 -1.987 3.464 AX54R195
4148.065 607.01214 1.233 -1.812 7.724 0405Ra0015
4148.071 607.01214 1.233 -2.067 7.724 0405Rb0005
4148.074 607.01214 1.233 -2.765 7.724 0405Qd0015
4148.087 607.01214 1.494 -3.501 7.724 0506Qc0095
4148.108 106.00113 1.8 -4.233 3.464 AX54Q195
4148.114 607.01214 1.494 -1.223 7.724 0506Pb0095
4148.115 607.01214 1.034 -1.049 7.724 0304Ra0135
4148.142 106.00112 1.577 -7.981 3.464 AX10P305
4148.147 20.0 2.93 -7.45 "" ""
4148.156 607.01214 1.034 -1.08 7.724 0304Rb0125
4148.157 607.01214 1.494 -1.179 7.724 0506Pa0105
4148.162 58.1 0.739 -0.76 LAWLER ""
4148.172 607.01214 1.034 -3.653 7.724 0304Qd0135
4148.173 607.01314 2.145 -3.668 7.724 0809Qc0105
4148.182 90.1 0.97 -1.03 "" ""
4148.184 607.01314 2.145 -1.264 7.724 0809Pa0115
4148.185 607.01314 1.231 -3.483 7.724 0405Qc0095
4148.197 607.01214 1.762 -3.737 7.724 0607Qc0155
4148.197 607.01314 1.231 -1.161 7.724 0405Pa0105
4148.204 23.1 6.465 -4.33 "" ""
4148.213 607.01314 1.231 -1.205 7.724 0405Pb0095
4148.213 607.01314 2.145 -1.303 7.724 0809Pb0105
4148.214 607.01314 2.186 -4.157 7.724 0708Qc0365
4148.215 607.01214 1.762 -1.012 7.724 0607Pa0165
4148.217 106.00113 0.596 -1.926 3.464 BX11P125
4148.252 607.01314 2.186 -0.707 7.724 0708Pa0375
4148.255 26.0 3.651 -2.87 "" ""
4148.259 607.01214 1.762 -1.039 7.724 0607Pb0155
4148.27 21.1 4.875 -4.71 "" ""
4148.31 607.01214 2.162 -1.695 7.724 0809Ra0035
4148.334 607.01214 2.162 -1.807 7.724 0809Rb0025
4148.337 607.01214 2.162 -3.238 7.724 0809Qd0035
4148.359 23.1 6.097 -1.73 "" ""
4148.373 44.0 1.124 -1.61 "" ""
4148.383 106.00113 0.36 -4.196 3.464 AX00R145
4148.411 26.0 3.6 -2.62 "" ""
4148.43 42.0 3.075 -1.98 "" ""
4148.433 59.1 0.216 -0.79 "" ""
4148.434 607.01314 2.202 -4.171 7.724 0708Qc0375
4148.454 607.01214 0.886 -0.855 7.724 0203Ra0245
4148.473 607.01314 2.202 -0.697 7.724 0708Pa0385
4148.485 607.01314 0.982 -1.326 7.724 0304Ra0065
4148.486 607.01214 1.498 -3.543 7.724 0506Qc0105
4148.487 607.01214 1.957 -3.577 7.724 0708Qc0095
4148.497 24.0 3.854 -0.68 "" ""
4148.498 607.01214 0.886 -0.872 7.724 0203Rb0235
4148.498 607.01214 1.957 -1.255 7.724 0708Pa0105
4148.498 607.01214 1.957 -1.298 7.724 0708Pb0095
4148.503 607.01314 0.981 -1.389 7.724 0304Rb0055
4148.512 607.01314 0.982 -3.341 7.724 0304Qd0065
4148.521 607.01214 1.77 -3.764 7.724 0607Qc0165
4148.522 607.01214 1.498 -1.179 7.724 0506Pb0105
4148.528 607.01214 0.886 -3.953 7.724 0203Qd0245
4148.54 607.01214 1.77 -0.987 7.724 0607Pa0175
4148.557 607.01314 1.236 -3.525 7.724 0405Qc0105
4148.57 607.01314 1.236 -1.121 7.724 0405Pa0115
4148.585 25.0 4.27 -2.44 "" ""
4148.586 607.01214 1.77 -1.012 7.724 0607Pb0165
4148.587 607.01314 1.236 -1.161 7.724 0405Pb0105
4148.606 607.01214 1.498 -1.14 7.724 0506Pa0115
4148.63 607.01314 2.149 -3.706 7.724 0809Qc0115
4148.633 607.01314 2.355 -1.436 7.724 0910Rb0085
4148.642 607.01314 2.149 -1.228 7.724 0809Pa0125
4148.642 607.01314 2.355 -3.71 7.724 0910Qd0095
4148.643 607.01314 2.355 -1.394 7.724 0910Ra0095
4148.647 607.01214 2.5 -1.09 7.724 0910Rb0225
4148.651 607.01214 2.5 -1.074 7.724 0910Ra0235
4148.668 607.01214 2.5 -4.135 7.724 0910Qd0235
4148.675 607.01314 0.711 -0.847 7.724 0102Ra0315
4148.675 607.01314 2.149 -1.264 7.724 0809Pb0115
4148.68 607.01314 2.218 -4.184 7.724 0708Qc0385
4148.683 42.0 2.916 -1.49 "" ""
4148.684 90.1 0.514 -2.39 Nils02/15 ""
4148.692 607.01214 0.71 -0.946 7.724 0001Ra0445
4148.72 28.0 3.462 -2.24 "" ""
4148.72 607.01314 2.218 -0.687 7.724 0708Pa0395
4148.727 90.0 0.929 -0.84 "" ""
4148.73 607.01314 0.71 -0.86 7.724 0102Rb0305
4148.735 607.01214 1.233 -2.067 7.724 0405Ra0005
4148.739 20.0 4.765 -2.81 "" ""
4148.739 607.01214 1.233 -2.367 7.724 0405Qd0005
4148.747 41.0 1.094 -1.07 "" ""
4148.76 607.01214 0.71 -0.955 7.724 0001Rb0435
4148.766 607.01314 0.711 -4.156 7.724 0102Qd0315
4148.788 25.0 4.265 -0.32 "" ""
4148.815 607.01214 0.71 -4.544 7.724 0001Qd0445
4148.823 26.0 4.383 -2.06 "" ""
4148.827 607.01214 1.777 -3.79 7.724 0607Qc0175
4148.848 607.01214 1.777 -0.963 7.724 0607Pa0185
4148.853 23.0 0.267 -2.52 LAWNOHFS ""
4148.855 64.0 0.213 -0.71 "" ""
4148.864 607.01214 1.504 -3.582 7.724 0506Qc0115
4148.896 607.01214 1.777 -0.987 7.724 0607Pb0175
4148.899 58.1 1.089 0.04 BIEMONT ""
4148.906 607.01314 1.241 -3.563 7.724 0405Qc0115
4148.908 607.01214 1.504 -1.14 7.724 0506Pb0115
4148.918 106.00113 1.588 -4.637 3.464 AX43Q195
4148.92 607.01314 1.241 -1.085 7.724 0405Pa0125
4148.937 42.0 2.075 -1.27 "" ""
4148.939 607.01314 1.241 -1.121 7.724 0405Pb0115
4148.95 607.01214 1.961 -3.619 7.724 0708Qc0105
4148.95 607.01214 2.161 -1.807 7.724 0809Ra0025
4148.951 106.00112 1.597 -5.436 3.464 CX03P205
4148.957 607.01314 2.234 -4.196 7.724 0708Qc0395
4148.961 607.01214 1.961 -1.215 7.724 0708Pa0115
4148.961 607.01214 1.961 -1.255 7.724 0708Pb0105
4148.969 106.00112 1.597 -10.131 3.464 CX03Q195
4148.969 607.01214 2.161 -1.962 7.724 0809Rb0015
4148.971 607.01214 2.161 -3.107 7.724 0809Qd0025
4148.973 106.00112 1.314 -4.406 3.464 AX22R205
4148.975 42.0 3.697 -0.35 "" ""
4148.982 106.00113 1.588 -2.654 3.464 AX43P205
4148.986 106.00113 1.588 -2.729 3.464 AX43P195
4148.998 607.01314 2.234 -0.678 7.724 0708Pa0405
4149.027 106.00112 1.568 -4.17 3.464 AX54R135
4149.058 106.00112 1.568 -2.137 3.464 AX54Q135
4149.062 106.00112 0.734 -4.272 3.464 AX11R155
4149.063 70.0 2.442 0.32 "" ""
4149.073 607.01314 0.817 -0.94 7.724 0203Ra0195
4149.073 607.01314 0.817 -0.961 7.724 0203Rb0185
4149.076 607.01314 2.155 -3.742 7.724 0809Qc0125
4149.086 106.00112 1.597 -5.488 3.464 CX03P195
4149.09 607.01314 2.155 -1.195 7.724 0809Pa0135
4149.092 607.01214 1.028 -1.08 7.724 0304Ra0125
4149.094 607.01214 1.504 -1.103 7.724 0506Pa0125
4149.098 607.01314 0.817 -3.848 7.724 0203Qd0195
4149.117 607.01214 1.786 -3.814 7.724 0607Qc0185
4149.124 607.01314 2.155 -1.228 7.724 0809Pb0125
4149.131 607.01214 1.028 -1.113 7.724 0304Rb0115
4149.138 607.01214 1.786 -0.941 7.724 0607Pa0195
4149.143 58.1 1.026 -1.02 LAWLER ""
4149.143 607.01214 0.775 -0.818 7.724 0102Ra0345
4149.145 106.00112 1.568 -2.076 3.464 AX54Q145
4149.145 607.01214 1.028 -3.621 7.724 0304Qd0125
4149.174 27.1 5.118 -3.52 "" ""
4149.175 106.00113 1.607 -4.19 3.464 AX54R145
4149.176 106.00112 1.568 -4.399 3.464 AX54P145
4149.188 607.01214 1.786 -0.963 7.724 0607Pb0185
4149.19 106.00113 1.607 -2.08 3.464 AX54Q145
4149.198 40.1 0.802 -0.04 Ljung06 ""
4149.205 607.01214 0.775 -0.83 7.724 0102Rb0335
4149.207 106.00113 1.607 -2.022 3.464 AX54Q155
4149.221 607.01214 1.509 -3.617 7.724 0506Qc0125
4149.223 106.00113 1.607 -4.381 3.464 AX54P155
4149.234 607.01314 1.247 -3.598 7.724 0405Qc0125
4149.237 607.01214 1.509 -1.07 7.724 0506Pa0135
4149.247 607.01214 0.775 -4.203 7.724 0102Qd0345
4149.253 607.01314 0.979 -1.389 7.724 0304Ra0055
4149.253 607.01314 1.247 -1.051 7.724 0405Pa0135
4149.253 607.01314 2.352 -1.484 7.724 0910Rb0075
4149.264 607.01314 2.352 -3.664 7.724 0910Qd0085
4149.27 607.01314 0.979 -1.462 7.724 0304Rb0045
4149.27 607.01314 1.247 -1.085 7.724 0405Pb0125
4149.27 607.01314 2.352 -1.436 7.724 0910Ra0085
4149.275 607.01314 2.251 -4.209 7.724 0708Qc0405
4149.276 607.01214 1.509 -1.103 7.724 0506Pb0125
4149.276 607.01214 1.516 -1.039 7.724 0506Pa0145
4149.279 607.01314 0.979 -3.274 7.724 0304Qd0055
4149.298 106.00113 1.309 -4.406 3.464 AX22R205
4149.329 607.01214 2.49 -1.09 7.724 0910Ra0225
4149.33 607.01214 2.49 -1.107 7.724 0910Rb0215
4149.334 106.00112 1.317 -1.165 3.464 AX00R285
4149.35 607.01214 2.49 -4.115 7.724 0910Qd0225
4149.365 26.0 3.329 -0.92 "" ""
4149.39 607.01214 1.795 -3.837 7.724 0607Qc0195
4149.4 607.01214 1.967 -3.657 7.724 0708Qc0115
4149.412 607.01214 1.795 -0.919 7.724 0607Pa0205
4149.412 607.01214 1.967 -1.179 7.724 0708Pa0125
4149.412 607.01214 1.967 -1.215 7.724 0708Pb0115
4149.436 42.0 2.985 -1.93 "" ""
4149.437 23.1 4.732 -3.59 "" ""
4149.441 22.0 2.693 -1.69 "" ""
4149.442 74.0 2.434 -0.57 "" ""
4149.446 24.0 3.842 -1.29 "" ""
4149.464 607.01214 1.795 -0.941 7.724 0607Pb0195
4149.475 20.0 4.765 -1.11 "" ""
4149.48 64.0 0.896 -0.5 "" ""
4149.484 26.0 3.692 -3.27 "" ""
4149.488 26.0 4.217 -2.56 "" ""
4149.497 106.00112 1.317 -3.672 3.464 AX00Q285
4149.499 24.0 4.093 -3.52 "" ""
4149.513 607.01314 2.161 -3.775 7.724 0809Qc0135
4149.522 23.0 2.58 -3.3 "" ""
4149.527 607.01314 2.161 -1.164 7.724 0809Pa0145
4149.54 607.01314 1.253 -3.631 7.724 0405Qc0135
4149.549 607.01314 0.629 -0.966 7.724 0001Ra0415
4149.558 607.01214 1.516 -3.649 7.724 0506Qc0135
4149.558 607.01314 1.253 -1.02 7.724 0405Pa0145
4149.558 607.01314 2.161 -1.195 7.724 0809Pb0135
4149.569 106.00112 1.317 -1.173 3.464 AX00R275
4149.578 607.01314 1.253 -1.051 7.724 0405Pb0135
4149.581 607.01214 2.16 -1.962 7.724 0809Ra0015
4149.593 607.01214 2.16 -2.217 7.724 0809Rb0005
4149.595 607.01214 2.16 -2.915 7.724 0809Qd0015
4149.613 607.01314 0.629 -0.977 7.724 0001Rb0405
4149.62 106.00113 0.975 -7.372 3.464 CX03R015
4149.622 607.01214 1.516 -1.07 7.724 0506Pb0135
4149.639 106.00112 0.598 -1.919 3.464 BX11P115
4149.646 607.01214 1.804 -3.858 7.724 0607Qc0205
4149.663 607.01314 0.629 -4.507 7.724 0001Qd0415
4149.669 607.01214 1.804 -0.899 7.724 0607Pa0215
4149.682 106.00112 0.598 -7.081 3.464 BX11Q115
4149.682 25.1 6.172 -4.93 "" ""
4149.694 42.0 2.678 -1.86 "" ""
4149.721 106.00112 1.23 -1.172 3.464 AX00R275
4149.722 607.01214 1.804 -0.919 7.724 0607Pb0205
4149.732 607.01214 1.522 -1.01 7.724 0506Pa0155
4149.735 25.0 4.791 -0.8 "" ""
4149.742 22.0 2.238 -3.93 "" ""
4149.744 607.01214 0.875 -0.872 7.724 0203Ra0235
4149.761 26.0 0.052 -5.58 "" ""
4149.766 25.0 2.886 -4.94 "" ""
4149.781 58.1 0.708 -0.77 LAWLER ""
4149.787 607.01214 0.875 -0.89 7.724 0203Rb0225
4149.794 106.00113 0.731 -4.272 3.464 AX11R155
4149.815 607.01214 0.875 -3.936 7.724 0203Qd0235
4149.817 106.00112 1.23 -1.181 3.464 AX00R265
4149.823 607.01314 1.259 -3.661 7.724 0405Qc0145
4149.83 62.1 0.104 -0.91 LAWLER ""
4149.836 607.01214 1.972 -3.693 7.724 0708Qc0125
4149.842 607.01314 1.259 -0.991 7.724 0405Pa0155
4149.848 106.00112 0.598 -1.926 3.464 BX11P125
4149.85 607.01214 1.972 -1.146 7.724 0708Pa0135
4149.85 607.01214 1.972 -1.179 7.724 0708Pb0125
4149.865 607.01314 1.259 -1.02 7.724 0405Pb0145
4149.867 106.00113 1.801 -1.988 3.464 AX54R195
4149.873 106.00112 1.618 -7.048 3.464 CX25P065
4149.873 607.01214 1.522 -3.68 7.724 0506Qc0145
4149.878 106.00112 1.23 -3.696 3.464 AX00Q275
4149.88 607.01314 2.348 -1.484 7.724 0910Ra0075
4149.88 607.01314 2.348 -1.538 7.724 0910Rb0065
4149.881 607.01314 2.348 -3.612 7.724 0910Qd0075
4149.885 607.01214 1.813 -3.879 7.724 0607Qc0215
4149.893 58.1 1.087 0.55 BIEMONT ""
4149.91 607.01214 1.813 -0.88 7.724 0607Pa0225
4149.911 106.00113 1.801 -4.201 3.464 AX54Q195
4149.925 106.00113 1.801 -2.028 3.464 AX54R185
4149.94 106.00113 1.309 -1.165 3.464 AX00R285
4149.94 607.01314 2.167 -3.806 7.724 0809Qc0145
4149.949 607.01214 1.522 -1.039 7.724 0506Pb0145
4149.954 24.0 4.385 -3.65 "" ""
4149.955 607.01314 2.167 -1.136 7.724 0809Pa0155
4149.964 607.01214 1.813 -0.899 7.724 0607Pb0215
4149.966 58.1 0.721 -0.06 LAWLER ""
4149.971 58.1 0.464 -0.81 BIEMONT ""
4149.973 75.0 1.713 -1.16 "" ""
4149.987 90.1 1.31 -0.38 "" ""
4149.998 607.01314 2.167 -1.164 7.724 0809Pb0145
4150.0 607.01214 1.233 -2.368 7.724 0405Qc0005
4150.001 607.01214 1.233 -2.066 7.724 0405Pa0015
4150.001 607.01314 0.977 -1.462 7.724 0304Ra0045
4150.009 607.01214 2.481 -1.107 7.724 0910Ra0215
4150.013 607.01214 2.481 -1.124 7.724 0910Rb0205
4150.018 607.01314 0.977 -1.551 7.724 0304Rb0035
4150.023 607.01314 0.977 -3.193 7.724 0304Qd0045
4150.029 106.00113 1.287 -7.531 3.464 CX14P035
4150.032 607.01214 2.481 -4.093 7.724 0910Qd0215
4150.044 607.01214 1.022 -1.113 7.724 0304Ra0115
4150.081 607.01214 1.022 -1.149 7.724 0304Rb0105
4150.084 106.00113 1.309 -3.672 3.464 AX00Q285
4150.086 607.01314 1.266 -3.689 7.724 0405Qc0155
4150.087 607.01214 1.529 -0.983 7.724 0506Pa0165
4150.09 23.1 2.024 -3.77 "" ""
4150.095 607.01214 1.022 -3.586 7.724 0304Qd0115
4150.105 607.01314 1.266 -0.964 7.724 0405Pa0165
4150.108 607.01214 1.823 -3.899 7.724 0607Qc0225
4150.108 69.0 2.199 0.14 "" ""
4150.112 22.0 2.266 -3.49 "" ""
4150.128 607.01314 1.266 -0.991 7.724 0405Pb0155
4150.131 607.01314 0.697 -0.86 7.724 0102Ra0305
4150.133 607.01214 1.823 -0.861 7.724 0607Pa0235
4150.15 106.00112 1.08 -9.132 3.464 CX03R075
4150.155 106.00112 1.569 -4.188 3.464 AX54R135
4150.168 607.01214 1.529 -3.708 7.724 0506Qc0155
4150.172 106.00113 1.31 -1.173 3.464 AX00R275
4150.186 106.00112 1.569 -2.137 3.464 AX54Q135
4150.188 607.01314 0.697 -0.874 7.724 0102Rb0295
4150.188 607.01314 0.809 -0.961 7.724 0203Ra0185
4150.188 607.01314 0.809 -0.984 7.724 0203Rb0175
4150.189 607.01214 1.823 -0.88 7.724 0607Pb0225
4150.202 607.01214 2.16 -2.217 7.724 0809Ra0005
4150.205 106.00112 1.569 -2.077 3.464 AX54Q145
4150.209 106.00112 1.08 -6.06 3.464 CX03Q075
4150.209 607.01214 2.16 -2.517 7.724 0809Qd0005
4150.21 607.01314 0.809 -3.826 7.724 0203Qd0185
4150.22 607.01314 0.697 -4.142 7.724 0102Qd0305
4150.226 24.0 4.201 -2.86 "" ""
4150.234 28.0 3.304 -4.89 "" ""
4150.236 106.00112 1.569 -4.383 3.464 AX54P145
4150.238 28.0 3.737 -1.55 "" ""
4150.246 20.0 4.765 -0.63 "" ""
4150.249 25.0 4.243 -2.76 "" ""
4150.249 26.0 3.428 -1.19 DEN14 ""
4150.251 26.1 6.083 -2.9 "" ""
4150.254 607.01214 1.529 -1.01 7.724 0506Pb0155
4150.26 607.01214 1.978 -3.726 7.724 0708Qc0135
4150.262 22.0 2.394 -3.07 "" ""
4150.273 106.00113 0.911 -1.656 3.464 BX10P225
4150.275 607.01214 1.978 -1.115 7.724 0708Pa0145
4150.275 607.01214 1.978 -1.146 7.724 0708Pb0135
4150.3 44.0 1.176 -1.81 "" ""
4150.314 607.01214 1.834 -3.919 7.724 0607Qc0235
4150.326 607.01314 1.273 -3.716 7.724 0405Qc0165
4150.34 607.01214 1.834 -0.844 7.724 0607Pa0245
4150.344 106.00113 0.911 -6.245 3.464 BX10Q225
4150.346 607.01314 1.273 -0.939 7.724 0405Pa0175
4150.348 28.0 3.938 -0.73 "" ""
4150.358 607.01314 2.173 -3.835 7.724 0809Qc0155
4150.362 28.0 4.161 -0.91 "" ""
4150.372 607.01314 1.273 -0.964 7.724 0405Pb0165
4150.372 607.01314 2.173 -1.109 7.724 0809Pa0165
4150.374 106.00113 1.223 -1.172 3.464 AX00R275
4150.388 106.00112 1.081 -5.994 3.464 CX03Q085
4150.397 607.01214 1.834 -0.861 7.724 0607Pb0235
4150.398 607.01214 1.537 -0.958 7.724 0506Pa0175
4150.404 58.1 0.811 -1.82 LAWLER ""
4150.407 106.00113 0.911 -1.397 3.464 BX10P235
4150.412 16.0 6.855 -3.6 "" ""
4150.414 607.01314 2.173 -1.136 7.724 0809Pb0155
4150.421 106.00112 0.735 -4.224 3.464 AX11R155
4150.423 27.0 3.565 -0.89 "" ""
4150.431 27.0 0.581 -2.96 "" ""
4150.443 607.01214 1.537 -3.735 7.724 0506Qc0165
4150.447 106.00112 1.081 -8.729 3.464 CX03P085
4150.447 26.0 3.412 -1.85 "" ""
4150.47 106.00113 1.223 -1.181 3.464 AX00R265
4150.478 106.00113 0.976 -9.071 3.464 CX03Q025
4150.481 24.0 3.09 -2.94 "" ""
4150.49 607.01314 2.345 -1.538 7.724 0910Ra0065
4150.49 607.01314 2.345 -1.6 7.724 0910Rb0055
4150.494 607.01314 2.345 -3.553 7.724 0910Qd0065
4150.498 25.1 6.86 -5.22 "" ""
4150.503 607.01214 1.845 -3.937 7.724 0607Qc0245
4150.514 106.00113 1.223 -3.696 3.464 AX00Q275
4150.531 607.01214 1.845 -0.827 7.724 0607Pa0255
4150.539 607.01214 1.537 -0.983 7.724 0506Pb0165
4150.546 607.01314 1.281 -3.741 7.724 0405Qc0175
4150.551 22.0 2.295 -0.65 "" ""
4150.556 106.00113 0.976 -7.095 3.464 CX03R025
4150.566 607.01314 1.281 -0.914 7.724 0405Pa0185
4150.567 26.1 6.083 -2.9 "" ""
4150.568 106.00113 1.052 -6.132 3.464 CX03Q065
4150.588 607.01214 1.845 -0.844 7.724 0607Pb0245
4150.59 607.01314 1.281 -0.939 7.724 0405Pb0175
4150.595 607.01214 1.234 -2.766 7.724 0405Qc0015
4150.599 607.01214 1.234 -1.811 7.724 0405Pa0025
4150.599 607.01214 1.234 -2.066 7.724 0405Pb0015
4150.601 64.1 1.232 -1.06 "" ""
4150.618 607.01214 0.689 -0.956 7.724 0001Ra0435
4150.646 28.0 4.15 -2.46 "" ""
4150.65 106.00113 1.052 -8.693 3.464 CX03P075
4150.66 23.0 2.636 -0.6 "" ""
4150.672 607.01214 1.985 -3.756 7.724 0708Qc0145
4150.677 607.01214 1.856 -3.955 7.724 0607Qc0255
4150.685 607.01214 0.689 -0.965 7.724 0001Rb0425
4150.688 607.01214 1.985 -1.087 7.724 0708Pa0155
4150.688 607.01214 1.985 -1.115 7.724 0708Pb0145
4150.688 607.01214 2.472 -1.124 7.724 0910Ra0205
4150.695 607.01214 2.472 -1.143 7.724 0910Rb0195
4150.698 607.01214 1.545 -3.76 7.724 0506Qc0175
4150.705 607.01214 1.856 -0.811 7.724 0607Pa0265
4150.714 607.01214 2.472 -4.072 7.724 0910Qd0205
4150.719 607.01214 1.545 -0.934 7.724 0506Pa0185
4150.727 607.01314 0.975 -1.551 7.724 0304Ra0035
4150.738 607.01314 0.975 -1.663 7.724 0304Rb0025
4150.739 607.01214 0.689 -4.535 7.724 0001Qd0435
4150.742 106.00113 1.052 -9.079 3.464 CX03R065
4150.743 607.01314 0.975 -3.094 7.724 0304Qd0035
4150.744 607.01314 1.289 -3.765 7.724 0405Qc0185
4150.745 607.01214 0.76 -0.83 7.724 0102Ra0335
4150.763 607.01214 1.856 -0.827 7.724 0607Pb0255
4150.765 607.01314 1.289 -0.892 7.724 0405Pa0195
4150.765 607.01314 2.18 -3.862 7.724 0809Qc0165
4150.771 28.0 3.676 -3.69 "" ""
4150.785 607.01314 1.289 -0.914 7.724 0405Pb0185
4150.785 607.01314 2.18 -1.084 7.724 0809Pa0175
4150.798 22.0 2.238 -1.12 LAWLER ""
4150.803 607.01214 1.545 -0.958 7.724 0506Pb0175
4150.806 607.01214 0.76 -0.843 7.724 0102Rb0325
4150.824 106.00113 1.052 -6.061 3.464 CX03Q075
4150.825 607.01314 2.18 -1.109 7.724 0809Pb0165
4150.834 607.01214 1.868 -3.972 7.724 0607Qc0265
4150.847 607.01214 0.76 -4.191 7.724 0102Qd0335
4150.858 22.0 2.248 -4.11 "" ""
4150.864 607.01214 1.868 -0.795 7.724 0607Pa0275
4150.905 58.1 1.057 0.06 BIEMONT ""
4150.911 106.00113 1.635 -7.095 3.464 CX25P075
4150.911 26.0 4.383 -3.06 "" ""
4150.921 607.01314 1.298 -3.787 7.724 0405Qc0195
4150.922 607.01214 1.868 -0.811 7.724 0607Pb0265
4150.929 607.01214 1.553 -0.911 7.724 0506Pa0195
4150.934 59.1 1.181 -0.67 "" ""
4150.934 607.01214 1.553 -3.784 7.724 0506Qc0185
4150.944 607.01314 1.298 -0.87 7.724 0405Pa0205
4150.958 22.0 2.173 -0.07 "" ""
4150.967 607.01314 1.298 -0.892 7.724 0405Pb0195
4150.973 607.01214 1.017 -1.149 7.724 0304Ra0105
4150.975 607.01214 1.88 -3.989 7.724 0607Qc0275
4150.981 25.0 4.662 -1.34 "" ""
4150.986 40.1 0.801 -0.99 "" ""
4150.993 24.1 5.326 -1.34 "" ""
4151.006 607.01214 1.88 -0.78 7.724 0607Pa0285
4151.008 607.01214 1.017 -1.189 7.724 0304Rb0095
4151.009 24.0 3.365 -2.53 "" ""
4151.009 607.01214 0.864 -0.89 7.724 0203Ra0225
4151.02 607.01214 1.017 -3.548 7.724 0304Qd0105
4151.047 607.01214 1.553 -0.934 7.724 0506Pb0185
4151.051 607.01214 0.864 -0.908 7.724 0203Rb0215
4151.064 607.01214 1.88 -0.795 7.724 0607Pb0275
4151.067 25.0 4.255 -2.22 "" ""
4151.071 607.01214 1.992 -3.785 7.724 0708Qc0155
4151.077 607.01314 1.307 -3.809 7.724 0405Qc0205
4151.078 607.01214 0.864 -3.917 7.724 0203Qd0225
4151.091 607.01214 1.992 -1.06 7.724 0708Pa0165
4151.091 607.01214 1.992 -1.087 7.724 0708Pb0155
4151.097 607.01314 2.343 -1.6 7.724 0910Ra0055
4151.097 607.01314 2.343 -1.673 7.724 0910Rb0045
4151.1 607.01214 1.893 -4.005 7.724 0607Qc0285
4151.101 607.01314 2.343 -3.485 7.724 0910Qd0055
4151.102 607.01314 1.307 -0.849 7.724 0405Pa0215
4151.107 68.0 0.0 0.44 "" ""
4151.114 106.00112 1.316 -4.347 3.464 AX22R205
4151.127 607.01314 1.307 -0.87 7.724 0405Pb0205
4151.132 607.01214 1.893 -0.766 7.724 0607Pa0295
4151.135 106.00113 0.732 -4.224 3.464 AX11R155
4151.15 607.01214 1.562 -3.807 7.724 0506Qc0195
4151.159 26.0 3.692 -6.1 "" ""
4151.164 607.01314 2.188 -3.888 7.724 0809Qc0175
4151.168 607.01214 1.235 -2.958 7.724 0405Qc0025
4151.17 106.00113 1.572 -8.062 3.464 AX10P305
4151.172 607.01214 1.235 -1.656 7.724 0405Pa0035
4151.173 607.01214 1.562 -0.889 7.724 0506Pa0205
4151.174 106.00113 0.521 -4.496 3.464 BX11P095
4151.175 607.01214 1.235 -1.811 7.724 0405Pb0025
4151.181 27.0 2.716 -5.19 "" ""
4151.181 607.01314 2.188 -1.061 7.724 0809Pa0185
4151.19 607.01214 1.893 -0.781 7.724 0607Pb0285
4151.21 607.01214 1.906 -4.021 7.724 0607Qc0295
4151.212 106.00112 1.368 -5.248 3.464 AX54P075
4151.214 607.01314 1.316 -3.829 7.724 0405Qc0215
4151.224 607.01314 2.188 -1.084 7.724 0809Pb0175
