wavelength species excitation loggf disassociation_energy comment
5006.809 106.00113 1.513 -4.697 3.464 BX11Q275
5006.852 106.00113 0.948 -3.819 3.464 BX02P135
5006.869 106.00113 1.825 -7.725 3.464 CX05Q145
5006.886 607.01214 1.471 -4.102 7.724 1406Pb0015
5006.899 607.01314 1.326 -3.376 7.724 1305Qc0225
5006.925 25.1 5.986 -6.4 "" ""
5006.937 607.01314 1.326 -2.823 7.724 1305Pa0235
5006.949 106.00113 2.103 -11.387 3.464 CX05Q195
5006.964 39.0 2.294 -0.12 "" ""
5006.982 106.00113 2.391 -2.928 3.464 AX45Q245
5006.992 20.0 4.765 -1.63 "" ""
5007.0 6.0 8.641 -4.51 "" ""
5007.008 607.01214 2.162 -3.554 7.724 1809Rd0035
5007.031 26.0 4.291 -3.64 "" ""
5007.046 607.01214 0.595 -4.879 7.724 0801Pc0375
5007.053 607.01314 0.497 -4.821 7.724 0902Pc0035
5007.064 607.01314 0.502 -4.063 7.724 0902Qc0055
5007.075 607.01314 0.502 -4.126 7.724 0902Pa0065
5007.1 607.01314 0.585 -3.341 7.724 0902Rb0195
5007.105 25.0 4.426 -0.99 "" ""
5007.118 607.01314 2.03 -2.536 7.724 1708Pb0245
5007.119 607.01314 2.646 -2.402 7.724 2111Ra0215
5007.126 607.01214 0.702 -2.923 7.724 0902Qb0285
5007.135 607.01314 0.585 -4.057 7.724 0902Qd0205
5007.178 607.01214 0.702 -4.296 7.724 0902Pd0295
5007.179 607.01314 2.019 -3.12 7.724 1708Qc0235
5007.209 22.0 0.818 0.17 LAWLER ""
5007.215 607.01314 2.019 -2.548 7.724 1708Pa0245
5007.222 106.00113 1.825 -11.812 3.464 CX05R135
5007.234 68.0 0.624 -0.32 "" ""
5007.247 26.0 3.94 -2.66 "" ""
5007.254 106.00113 1.835 -7.51 3.464 AX56P045
5007.274 607.01314 2.58 -3.384 7.724 2111Pc0105
5007.275 26.0 4.1 -0.2 "" ""
5007.275 607.01214 2.183 -3.347 7.724 1809Rd0105
5007.286 27.0 0.629 -3.87 "" ""
5007.324 607.01214 1.489 -3.059 7.724 1406Rb0085
5007.34 607.01214 1.489 -3.2 7.724 1406Qd0095
5007.348 106.00113 2.073 -6.591 3.464 AX56P145
5007.378 22.0 3.407 -3.83 "" ""
5007.381 25.0 4.426 -0.52 "" ""
5007.396 607.01214 0.599 -4.331 7.724 0902Pc0195
5007.456 22.0 3.152 -3.66 "" ""
5007.481 106.00113 1.169 -5.805 3.464 BX13R115
5007.485 106.00113 1.835 -7.524 3.464 AX56P045
5007.525 607.01214 1.474 -3.237 7.724 1406Qb0035
5007.532 607.01214 1.474 -3.658 7.724 1406Pd0045
5007.551 106.00112 0.559 -5.832 3.464 AX01P105
5007.552 22.0 3.102 -2.7 "" ""
5007.567 24.0 3.008 -5.66 "" ""
5007.606 607.01214 2.161 -3.639 7.724 1809Rd0025
5007.611 42.0 3.209 -1.43 "" ""
5007.62 106.00112 2.302 -6.317 3.464 AX34P275
5007.621 607.01314 1.991 -3.463 7.724 1708Pc0205
5007.633 106.00113 2.391 -5.22 3.464 AX45R245
5007.705 25.0 3.769 -4.7 "" ""
5007.708 106.00112 2.302 -6.323 3.464 AX34Q265
5007.715 24.0 4.851 -1.96 "" ""
5007.731 26.0 4.291 -1.52 "" ""
5007.732 106.00113 2.073 -3.656 3.464 AX56Q145
5007.732 112.00124 0.663 0.412 1.340 00R231h24
5007.763 106.00113 2.074 -3.835 3.464 AX56Q135
5007.851 106.00112 1.139 -5.807 3.464 BX13R105
5007.894 106.00112 2.302 -4.526 3.464 AX34P265
5007.894 607.01314 0.522 -4.153 7.724 0902Rc0105
5007.895 607.01314 2.615 -3.179 7.724 2111Rc0165
5007.899 112.00124 0.663 -2.369 1.340 00Q131b24
5007.914 607.01314 0.522 -3.362 7.724 0902Qa0115
5007.916 607.01314 2.615 -2.255 7.724 2111Qa0175
5007.937 607.01214 2.161 -2.421 7.724 1708Pb0315
5007.96 607.01214 2.188 -3.341 7.724 1809Rd0115
5007.961 23.0 1.798 -4.32 "" ""
5007.964 112.00125 0.662 0.412 1.340 00R231h25
5007.968 23.0 3.064 -3.29 "" ""
5007.991 607.01214 0.896 -4.449 7.724 0902Rd0415
5007.995 26.0 4.604 -3.77 "" ""
5008.058 25.0 4.426 -0.38 "" ""
5008.062 607.01214 0.67 -4.681 7.724 0801Qc0415
5008.071 106.00113 2.053 -7.327 3.464 AX45Q185
5008.073 607.01314 0.533 -3.297 7.724 0902Qb0125
5008.096 607.01314 0.533 -4.284 7.724 0902Pd0135
5008.127 607.01314 0.568 -3.336 7.724 0902Ra0185
5008.138 607.01214 0.67 -3.566 7.724 0801Pa0425
5008.147 106.00113 2.074 -5.489 3.464 AX56R135
5008.148 106.00113 2.053 -4.623 3.464 AX45P195
5008.159 106.00113 2.053 -4.321 3.464 AX45P185
5008.187 112.00126 0.662 0.412 1.340 00R231h26
5008.19 90.1 2.228 -1.11 "" ""
5008.192 607.01214 1.545 -3.538 7.724 1406Rd0185
5008.198 112.00124 0.663 0.424 1.340 00R131h24
5008.201 24.1 6.817 -3.62 "" ""
5008.21 92.1 0.217 -1.96 "" ""
5008.32 106.00113 1.088 -5.773 3.464 AX12P155
5008.362 607.01214 2.16 -3.767 7.724 1809Rd0015
5008.382 607.01314 1.298 -3.729 7.724 1305Pc0195
5008.391 20.0 5.177 -2.19 "" ""
5008.412 607.01214 1.494 -3.005 7.724 1406Rb0095
5008.416 607.01214 0.773 -4.569 7.724 0801Rc0465
5008.428 112.00125 0.662 0.424 1.340 00R131h25
5008.429 607.01214 1.494 -3.189 7.724 1406Qd0105
5008.434 112.00124 0.708 0.309 1.340 11R228b24
5008.442 607.01214 1.472 -3.825 7.724 1406Pb0025
5008.455 607.01214 0.775 -3.089 7.724 0902Ra0345
5008.486 106.00112 0.778 -6.625 3.464 BX02P075
5008.501 607.01214 0.773 -3.184 7.724 0801Qa0475
5008.505 23.0 3.803 -3.61 "" ""
5008.506 607.01314 0.527 -4.534 7.724 0801Qc0345
5008.567 607.01314 0.527 -3.636 7.724 0801Pa0355
5008.584 112.00124 0.708 -2.346 1.340 11Q128b24
5008.586 607.01314 0.505 -4.033 7.724 0902Qc0065
5008.599 607.01314 0.505 -4.026 7.724 0902Pa0075
5008.607 607.01214 0.773 -3.176 7.724 0801Qb0465
5008.609 106.00112 2.08 -5.471 3.464 AX56R135
5008.622 607.01214 1.476 -3.124 7.724 1406Qb0045
5008.631 607.01214 1.476 -3.597 7.724 1406Pd0055
5008.642 26.0 4.555 -2.04 "" ""
5008.654 106.00112 2.08 -3.834 3.464 AX56Q135
5008.672 112.00126 0.662 0.424 1.340 00R131h26
5008.672 607.01314 0.522 -3.765 7.724 0902Pb0105
5008.679 106.00113 1.032 -5.774 3.464 BX13R065
5008.692 607.01214 0.773 -5.047 7.724 0801Pd0475
5008.726 607.01314 2.63 -2.224 7.724 2111Qb0185
5008.736 106.00112 1.091 -5.725 3.464 AX12P155
5008.749 607.01314 2.63 -3.222 7.724 2111Pd0195
5008.751 106.00112 2.08 -3.656 3.464 AX56Q145
5008.76 106.00112 0.559 -5.866 3.464 AX01P105
5008.776 22.0 1.995 -5.28 "" ""
5008.787 24.0 3.011 -2.38 "" ""
5008.797 106.00112 2.08 -6.607 3.464 AX56P145
5008.81 607.01214 2.193 -3.337 7.724 1809Rd0125
5008.813 112.00124 0.708 0.322 1.340 11R128b24
5008.855 607.01314 2.664 -2.395 7.724 2111Rb0225
5008.871 607.01314 0.468 -4.866 7.724 0801Pc0305
5008.885 607.01314 2.664 -2.967 7.724 2111Qd0235
5008.974 607.01314 0.499 -4.66 7.724 0902Pc0045
5008.996 106.00112 1.056 -5.791 3.464 BX13R075
5008.996 607.01314 2.596 -2.957 7.724 2111Qc0135
5009.011 106.00113 1.478 -5.839 3.464 AX23P175
5009.015 607.01314 2.596 -2.725 7.724 2111Pa0145
5009.021 42.0 3.357 -1.51 "" ""
5009.052 607.01314 2.608 -2.657 7.724 2111Pb0155
5009.103 58.0 0.396 0.18 "" ""
5009.109 607.01314 0.647 -5.352 7.724 0902Rd0265
5009.132 607.01214 2.75 -2.05 7.724 2111Qa0265
5009.149 106.00113 1.651 -5.931 3.464 AX34P155
5009.163 77.0 1.549 -2.69 "" ""
5009.182 26.0 4.183 -2.24 "" ""
5009.194 607.01214 0.64 -3.992 7.724 0902Qc0235
5009.235 25.0 3.769 -4.25 "" ""
5009.236 607.01214 0.652 -3.337 7.724 0902Pb0245
5009.237 607.01214 0.641 -3.348 7.724 0902Pa0245
5009.274 607.01214 2.16 -3.997 7.724 1809Rd0005
5009.366 21.0 3.081 -3.65 "" ""
5009.416 607.01214 2.75 -3.251 7.724 2111Rc0255
5009.445 26.0 4.73 -2.34 "" ""
5009.447 106.00112 1.841 -7.509 3.464 AX56P045
5009.448 22.0 2.295 -4.62 "" ""
5009.459 106.00113 2.277 -4.044 3.464 AX02R335
5009.484 607.01314 0.527 -4.158 7.724 0902Rc0115
5009.506 607.01314 0.527 -3.318 7.724 0902Qa0125
5009.52 607.01314 0.594 -3.316 7.724 0902Rb0205
5009.521 70.1 4.086 -0.73 "" ""
5009.557 607.01314 0.594 -4.082 7.724 0902Qd0215
5009.572 106.00113 1.77 -6.93 3.464 AX13R235
5009.592 112.00124 0.319 -2.116 1.340 00R121b24
5009.607 112.00124 0.761 0.09 1.340 22R125b24
5009.645 22.0 0.021 -2.2 LAWLER ""
5009.651 607.01214 1.498 -2.956 7.724 1406Rb0105
5009.658 22.0 2.152 -4.24 "" ""
5009.668 106.00113 1.892 -5.704 3.464 AX56P075
5009.67 607.01214 1.498 -3.182 7.724 1406Qd0115
5009.674 112.00124 0.761 0.058 1.340 22R225b24
5009.677 106.00112 1.841 -7.523 3.464 AX56P045
5009.689 106.00113 2.277 -6.412 3.464 AX02Q335
5009.69 23.0 1.042 -4.83 "" ""
5009.721 607.01214 0.791 -3.095 7.724 0902Rb0345
5009.745 607.01314 2.717 -3.353 7.724 2111Rd0285
5009.769 106.00112 2.402 -2.804 3.464 AX45Q255
5009.77 69.1 2.439 -0.21 LAWLER ""
5009.784 607.01214 0.791 -4.061 7.724 0902Qd0355
5009.805 112.00124 0.761 -2.19 1.340 22Q125b24
5009.806 24.0 3.011 -1.72 "" ""
5009.825 607.01214 2.199 -3.335 7.724 1809Rd0135
5009.85 607.01214 2.761 -3.302 7.724 2111Pd0275
5009.851 106.00112 2.402 -5.22 3.464 AX45R245
5009.866 607.01214 1.479 -3.029 7.724 1406Qb0055
5009.876 607.01214 1.479 -3.552 7.724 1406Pd0065
5009.931 106.00113 1.892 -7.569 3.464 AX56Q075
5009.931 106.00113 2.277 -4.077 3.464 AX02R325
5009.936 106.00112 2.402 -5.91 3.464 AX45P255
5009.942 607.01214 1.553 -3.543 7.724 1406Rd0195
5009.949 106.00113 1.892 -5.874 3.464 AX56P085
5010.018 106.00112 2.402 -2.928 3.464 AX45Q245
5010.021 23.0 1.892 -1.35 "" ""
5010.023 28.0 3.765 -0.99 LAWLER ""
5010.042 607.01214 1.55 -5.644 7.724 0901Pc0745
5010.046 20.0 4.776 -3.04 "" ""
5010.067 607.01314 2.593 -3.549 7.724 2010Pc0345
5010.075 42.0 3.3 -1.66 "" ""
5010.075 607.01314 0.576 -3.311 7.724 0902Ra0195
5010.089 607.01214 2.161 -3.585 7.724 1809Rb0015
5010.091 607.01214 2.161 -3.324 7.724 1809Qd0025
5010.102 106.00112 2.081 -5.489 3.464 AX56R135
5010.136 607.01214 2.16 -3.859 7.724 1809Rb0005
5010.137 607.01214 2.16 -3.455 7.724 1809Qd0015
5010.141 607.01214 2.691 -3.347 7.724 2111Pc0195
5010.144 607.01214 1.474 -3.649 7.724 1406Pb0035
5010.148 106.00112 2.081 -3.834 3.464 AX56Q135
5010.162 106.00112 2.081 -3.656 3.464 AX56Q145
5010.17 24.0 3.553 -1.65 "" ""
5010.174 607.01214 2.762 -2.048 7.724 2111Qb0265
5010.185 112.00124 0.525 -2.071 1.340 22R116b24
5010.198 607.01214 2.162 -3.412 7.724 1809Rb0025
5010.202 607.01214 2.162 -3.233 7.724 1809Qd0035
5010.207 106.00112 2.081 -6.591 3.464 AX56P145
5010.209 22.1 3.092 -1.35 LAWLER ""
5010.212 106.00113 1.892 -5.704 3.464 AX56P075
5010.224 25.0 3.769 -3.9 "" ""
5010.241 106.00113 1.753 -6.251 3.464 AX45P115
5010.269 26.0 4.555 -2.62 "" ""
5010.27 607.01314 2.655 -2.381 7.724 2111Ra0225
5010.273 607.01314 0.508 -4.015 7.724 0902Qc0075
5010.288 607.01314 0.508 -3.94 7.724 0902Pa0085
5010.3 26.0 2.557 -4.61 "" ""
5010.319 607.01314 1.381 -3.624 7.724 1305Rc0275
5010.34 607.01214 2.16 -3.624 7.724 1809Qd0005
5010.342 23.1 2.508 -4.08 "" ""
5010.345 25.0 2.939 -3.55 "" ""
5010.345 27.0 1.784 -5.31 "" ""
5010.365 607.01314 1.381 -2.378 7.724 1305Qa0285
5010.375 23.0 2.682 -4.19 "" ""
5010.388 25.0 3.37 -1.4 "" ""
5010.412 106.00112 1.483 -5.787 3.464 AX23P175
5010.444 106.00113 1.892 -5.874 3.464 AX56P085
5010.467 607.01214 2.164 -3.282 7.724 1809Rb0035
5010.47 607.01214 2.164 -3.167 7.724 1809Qd0045
5010.472 607.01314 0.539 -3.256 7.724 0902Qb0135
5010.476 106.00113 1.892 -7.583 3.464 AX56Q075
5010.483 607.01314 2.585 -3.364 7.724 2111Pc0115
5010.495 607.01214 0.689 -3.572 7.724 0801Pb0425
5010.497 607.01314 0.539 -4.306 7.724 0902Pd0145
5010.553 607.01314 1.394 -2.378 7.724 1305Qb0285
5010.576 22.0 1.738 -5.13 "" ""
5010.589 27.1 3.418 -4.78 "" ""
5010.601 607.01314 1.394 -3.665 7.724 1305Pd0295
5010.646 106.00113 2.054 -4.623 3.464 AX45P195
5010.664 25.1 5.516 -6.14 "" ""
5010.691 106.00113 2.054 -7.359 3.464 AX45Q185
5010.743 22.0 2.295 -4.8 "" ""
5010.772 106.00113 2.054 -4.321 3.464 AX45P185
5010.806 607.01314 1.347 -2.788 7.724 1305Pb0245
5010.809 42.0 3.3 -1.26 "" ""
5010.82 64.1 1.059 -1.11 LAWLER ""
5010.872 23.0 2.503 -5.58 "" ""
5010.877 22.0 2.295 -6.89 "" ""
5010.886 607.01214 0.702 -4.253 7.724 0902Rc0285
5010.89 607.01214 2.166 -3.178 7.724 1809Rb0045
5010.895 607.01214 2.166 -3.118 7.724 1809Qd0055
5010.908 62.0 0.101 -2.17 "" ""
5010.934 28.0 3.633 -0.87 "" ""
5010.938 607.01214 0.702 -2.907 7.724 0902Qa0295
5010.94 69.1 2.419 -1.41 LAWLER ""
5010.942 607.01314 2.622 -3.183 7.724 2111Rc0175
5010.966 607.01314 2.622 -2.226 7.724 2111Qa0185
5010.989 106.00112 1.092 -5.773 3.464 AX12P155
5011.008 607.01214 2.205 -3.335 7.724 1809Rd0145
5011.045 607.01214 1.504 -2.911 7.724 1406Rb0115
5011.06 607.01314 0.502 -4.557 7.724 0902Pc0055
5011.062 106.00112 0.952 -3.901 3.464 BX02P125
5011.065 607.01214 1.504 -3.177 7.724 1406Qd0125
5011.069 24.0 4.398 -4.23 "" ""
5011.078 607.01314 0.543 -3.63 7.724 0801Pb0355
5011.145 106.00112 0.952 -8.269 3.464 BX02Q125
5011.212 26.0 3.015 -4.08 "" ""
5011.212 607.01214 2.16 -3.624 7.724 1809Qb0005
5011.214 607.01214 2.16 -3.925 7.724 1809Pd0015
5011.221 106.00113 1.652 -5.977 3.464 AX34P155
5011.232 44.0 1.192 -1.61 "" ""
5011.232 607.01314 0.533 -4.165 7.724 0902Rc0125
5011.24 607.01214 2.719 -2.454 7.724 2111Pa0235
5011.243 607.01314 1.336 -3.38 7.724 1305Qc0235
5011.245 26.0 4.214 -2.73 "" ""
5011.254 607.01214 1.482 -2.948 7.724 1406Qb0065
5011.256 607.01314 0.533 -3.277 7.724 0902Qa0135
5011.268 607.01214 1.482 -3.519 7.724 1406Pd0075
5011.279 22.0 3.548 -2.0 "" ""
5011.283 607.01314 1.336 -2.801 7.724 1305Pa0245
5011.316 607.01314 0.527 -3.714 7.724 0902Pb0115
5011.355 106.00112 0.952 -3.819 3.464 BX02P135
5011.4 23.0 3.795 -3.45 "" ""
5011.409 92.0 0.077 -1.89 "" ""
5011.417 106.00113 1.753 -6.286 3.464 AX45P115
5011.42 607.01214 2.719 -3.011 7.724 2111Qc0225
5011.452 106.00113 2.376 -2.414 3.464 AX51P375
5011.46 21.0 5.32 -3.73 "" ""
5011.474 607.01214 2.169 -3.09 7.724 1809Rb0055
5011.48 607.01214 2.169 -3.081 7.724 1809Qd0065
5011.482 607.01214 1.426 -3.825 7.724 1305Pc0285
5011.49 40.0 2.114 -0.63 "" ""
5011.553 106.00112 1.656 -5.931 3.464 AX34P155
5011.6 42.0 3.499 -1.6 "" ""
5011.632 607.01214 2.729 -2.442 7.724 2111Pb0235
5011.66 60.1 0.975 -0.99 LAWLER ""
5011.706 28.1 6.571 -3.69 "" ""
5011.737 106.00113 1.593 -10.714 3.464 CX05R065
5011.742 64.0 1.466 -0.2 "" ""
5011.757 25.0 3.769 -6.13 "" ""
5011.759 58.1 1.047 -0.49 LAWLER ""
5011.788 607.01214 0.716 -2.906 7.724 0902Qb0295
5011.805 607.01314 0.659 -5.497 7.724 0902Rd0275
5011.842 607.01214 0.716 -4.304 7.724 0902Pd0305
5011.852 607.01214 1.562 -3.549 7.724 1406Rd0205
5011.882 607.01214 2.161 -3.387 7.724 1809Qb0015
5011.885 607.01214 2.161 -3.694 7.724 1809Pd0025
5011.888 607.01314 2.03 -3.126 7.724 1708Qc0245
5011.908 26.0 4.984 -2.29 "" ""
5011.926 607.01314 2.03 -2.526 7.724 1708Pa0255
5011.932 106.00113 1.138 -5.745 3.464 AX12P165
5011.966 26.0 3.015 -5.56 "" ""
5011.99 607.01214 1.476 -3.518 7.724 1406Pb0045
5012.026 106.00112 1.898 -5.704 3.464 AX56P075
5012.033 23.1 4.002 -2.83 "" ""
5012.051 27.1 5.118 -2.5 "" ""
5012.064 607.01214 0.609 -4.336 7.724 0902Pc0205
5012.065 106.00113 1.531 -5.819 3.464 AX23P185
5012.068 26.0 0.858 -2.6 OBR91 ""
5012.071 21.0 2.108 -0.01 "" ""
5012.093 106.00112 1.898 -7.568 3.464 AX56Q075
5012.093 607.01314 0.604 -3.292 7.724 0902Rb0215
5012.121 23.0 3.085 -2.31 "" ""
5012.123 607.01314 0.512 -4.006 7.724 0902Qc0085
5012.129 607.01314 2.04 -2.515 7.724 1708Pb0255
5012.131 607.01314 0.604 -4.108 7.724 0902Qd0225
5012.132 607.01314 2.602 -2.954 7.724 2111Qc0145
5012.14 607.01314 0.512 -3.865 7.724 0902Pa0095
5012.153 607.01314 2.602 -2.685 7.724 2111Pa0155
5012.157 26.0 4.188 -0.94 "" ""
5012.179 607.01314 0.585 -3.287 7.724 0902Ra0205
5012.216 607.01214 2.172 -3.014 7.724 1809Rb0065
5012.224 607.01214 2.172 -3.052 7.724 1809Qd0075
5012.257 23.1 5.533 -3.73 "" ""
5012.315 106.00112 1.173 -5.804 3.464 BX13R115
5012.321 607.01314 2.638 -2.197 7.724 2111Qb0195
5012.325 42.0 3.44 -1.42 "" ""
5012.345 23.0 3.111 -1.84 "" ""
5012.349 607.01314 2.638 -3.226 7.724 2111Pd0205
5012.357 607.01214 2.211 -3.336 7.724 1809Rd0155
5012.371 106.00112 1.898 -5.874 3.464 AX56P085
5012.441 26.0 4.14 -0.68 "" ""
5012.443 28.0 3.696 -0.53 LAWLER ""
5012.49 607.01314 2.0 -3.467 7.724 1708Pc0215
5012.493 106.00113 2.294 -6.277 3.464 AX34Q265
5012.502 607.01314 2.674 -2.374 7.724 2111Rb0235
5012.511 58.0 0.659 -0.33 "" ""
5012.518 106.00113 2.294 -4.524 3.464 AX34P265
5012.528 73.0 1.357 -1.65 "" ""
5012.534 607.01314 2.674 -2.973 7.724 2111Qd0245
5012.549 106.00113 2.294 -6.315 3.464 AX34P275
5012.571 106.00112 1.898 -5.703 3.464 AX56P075
5012.589 112.00124 0.623 -3.887 1.340 33R113b24
5012.592 607.01214 1.509 -2.869 7.724 1406Rb0125
5012.614 607.01214 1.509 -3.174 7.724 1406Qd0135
5012.639 106.00112 1.898 -7.583 3.464 AX56Q075
5012.695 26.0 4.28 -1.79 "" ""
5012.708 607.01214 2.162 -3.203 7.724 1809Qb0025
5012.713 607.01214 2.162 -3.565 7.724 1809Pd0035
5012.762 26.0 4.73 -3.02 "" ""
5012.792 607.01314 2.615 -2.623 7.724 2111Pb0165
5012.794 607.01214 1.485 -2.876 7.724 1406Qb0075
5012.808 607.01214 1.485 -3.494 7.724 1406Pd0085
5012.866 106.00112 1.898 -5.874 3.464 AX56P085
5012.93 23.1 6.864 -4.43 "" ""
5012.948 607.01214 2.161 -3.925 7.724 1809Pb0015
5012.952 607.01314 1.307 -3.731 7.724 1305Pc0205
5012.959 106.00113 0.596 -5.851 3.464 AX01P115
5012.97 106.00112 1.035 -5.773 3.464 BX13R065
5012.971 607.01214 2.121 -3.52 7.724 1708Pc0285
5012.974 24.0 4.614 -2.82 "" ""
5012.976 112.00124 0.794 0.052 1.340 33R221b24
5012.979 24.0 3.011 -6.76 "" ""
5012.983 607.01214 0.916 -4.455 7.724 0902Rd0425
5013.004 607.01314 0.545 -3.217 7.724 0902Qb0145
5013.03 607.01314 0.545 -4.332 7.724 0902Pd0155
5013.036 112.00124 0.794 0.07 1.340 33R121b24
5013.05 106.00112 1.484 -5.839 3.464 AX23P175
5013.05 607.01214 0.791 -3.075 7.724 0902Ra0355
5013.084 112.00124 0.794 -2.278 1.340 33Q121b24
5013.119 607.01214 2.175 -2.947 7.724 1809Rb0075
5013.128 607.01214 2.175 -3.031 7.724 1809Qd0085
5013.138 607.01314 0.539 -4.175 7.724 0902Rc0135
5013.149 63.0 1.804 0.21 "" ""
5013.163 607.01314 0.539 -3.239 7.724 0902Qa0145
5013.208 20.0 5.041 -2.06 "" ""
5013.224 25.1 6.489 -4.74 "" ""
5013.227 23.1 6.253 -1.44 "" ""
5013.272 41.0 1.608 -1.48 "" ""
5013.283 22.0 2.015 -0.1 "" ""
5013.31 24.0 3.842 -2.33 "" ""
5013.313 607.01314 0.505 -4.487 7.724 0902Pc0065
5013.314 24.0 2.706 -0.77 SOBECK ""
5013.32 27.0 3.565 -1.58 "" ""
5013.33 22.1 3.092 -2.06 "" ""
5013.423 26.0 3.637 -4.81 "" ""
5013.558 20.0 4.776 -1.4 "" ""
5013.579 23.0 2.267 -4.06 "" ""
5013.597 607.01314 2.664 -2.36 7.724 2111Ra0235
5013.618 28.0 3.594 -4.51 "" ""
5013.625 607.01314 2.728 -3.36 7.724 2111Rd0295
5013.626 106.00112 1.657 -5.977 3.464 AX34P155
5013.686 22.1 1.581 -2.14 LAWLER ""
5013.692 607.01214 2.164 -3.063 7.724 1809Qb0035
5013.697 607.01214 2.164 -3.478 7.724 1809Pd0045
5013.73 25.0 3.769 -5.97 "" ""
5013.739 607.01214 0.652 -3.999 7.724 0902Qc0245
5013.777 58.0 0.41 -0.76 "" ""
5013.784 607.01214 0.652 -3.327 7.724 0902Pa0255
5013.876 607.01214 2.218 -3.338 7.724 1809Rd0165
5013.881 607.01314 2.59 -3.35 7.724 2111Pc0125
5013.921 607.01214 2.761 -2.032 7.724 2111Qa0275
5013.923 607.01214 1.571 -3.555 7.724 1406Rd0215
5013.926 106.00113 2.094 -6.604 3.464 AX24R245
5013.928 23.0 2.136 -3.4 "" ""
5013.983 106.00113 2.377 -5.104 3.464 AX51Q365
5013.984 607.01214 1.479 -3.411 7.724 1406Pb0055
5014.021 607.01214 1.476 -3.176 7.724 1406Ra0055
5014.024 106.00113 1.013 -5.749 3.464 BX13R055
5014.049 106.00113 1.57 -7.391 3.464 AX02R245
5014.049 607.01214 1.479 -3.114 7.724 1406Ra0065
5014.054 106.00112 1.576 -7.391 3.464 AX02R245
5014.076 607.01214 0.664 -3.317 7.724 0902Pb0255
5014.087 21.0 3.055 -1.04 "" ""
5014.101 607.01314 0.533 -3.668 7.724 0902Pb0125
5014.117 106.00113 1.772 -6.864 3.464 AX13R235
5014.127 21.0 3.055 -0.43 "" ""
5014.137 607.01314 0.517 -4.005 7.724 0902Qc0095
5014.154 607.01314 0.517 -3.798 7.724 0902Pa0105
5014.165 23.0 1.802 -3.92 "" ""
5014.174 607.01314 2.63 -3.187 7.724 2111Rc0185
5014.18 607.01214 1.474 -3.244 7.724 1406Ra0045
5014.18 607.01214 2.179 -2.887 7.724 1809Rb0085
5014.186 22.0 0.0 -1.22 LAWLER ""
5014.195 607.01214 2.179 -3.015 7.724 1809Qd0095
5014.199 607.01314 2.63 -2.199 7.724 2111Qa0195
5014.211 28.0 4.415 -0.44 "" ""
5014.23 106.00112 2.059 -7.325 3.464 AX45Q185
5014.245 112.00124 0.408 -2.083 1.340 11R118b24
5014.246 607.01214 2.762 -3.258 7.724 2111Rc0265
5014.254 607.01214 1.482 -3.058 7.724 1406Ra0075
5014.276 22.0 0.812 0.04 LAWLER ""
5014.283 58.0 0.67 -0.59 "" ""
5014.287 58.0 1.066 -0.2 "" ""
5014.295 607.01214 1.516 -2.831 7.724 1406Rb0135
5014.319 607.01214 1.516 -3.174 7.724 1406Qd0145
5014.326 106.00112 2.059 -4.32 3.464 AX45P185
5014.327 106.00112 2.059 -4.621 3.464 AX45P195
5014.357 106.00113 0.596 -5.887 3.464 AX01P115
5014.39 106.00113 1.14 -5.795 3.464 AX12P165
5014.423 607.01314 0.543 -4.542 7.724 0801Qc0355
5014.442 607.01314 0.594 -3.265 7.724 0902Ra0215
5014.479 106.00113 1.205 -5.802 3.464 BX13R125
5014.484 607.01214 1.489 -2.813 7.724 1406Qb0085
5014.484 607.01214 2.162 -3.649 7.724 1809Pb0025
5014.486 607.01314 0.543 -3.622 7.724 0801Pa0365
5014.487 112.00124 0.73 0.18 1.340 22R224b24
5014.497 607.01214 1.489 -3.476 7.724 1406Pd0095
5014.518 607.01214 1.472 -3.321 7.724 1406Ra0035
5014.531 607.01214 0.613 -4.872 7.724 0801Pc0385
5014.539 60.0 0.293 -0.28 "" ""
5014.547 607.01214 0.808 -3.081 7.724 0902Rb0355
5014.555 69.1 2.962 -0.4 "" ""
5014.571 106.00112 1.143 -5.745 3.464 AX12P165
5014.58 42.0 3.075 -0.36 "" ""
5014.612 607.01214 0.808 -4.067 7.724 0902Qd0365
5014.614 112.00124 0.73 -2.304 1.340 22Q124b24
5014.62 23.0 2.372 -0.03 "" ""
5014.625 23.0 2.676 -0.51 "" ""
5014.638 607.01214 1.485 -3.007 7.724 1406Ra0085
5014.648 24.0 3.432 -4.24 "" ""
5014.651 24.0 4.609 -1.07 "" ""
5014.667 607.01314 0.671 -5.67 7.724 0902Rd0285
5014.72 24.0 3.119 -3.36 "" ""
5014.741 112.00124 0.73 0.196 1.340 22R124b24
5014.753 25.1 5.832 -5.91 "" ""
5014.794 607.01314 1.394 -3.628 7.724 1305Rc0285
5014.817 22.0 2.159 -3.51 "" ""
5014.822 607.01314 0.614 -3.269 7.724 0902Rb0225
5014.833 607.01214 2.166 -2.951 7.724 1809Qb0045
5014.839 607.01214 2.166 -3.417 7.724 1809Pd0055
5014.84 26.0 5.064 -3.02 "" ""
5014.842 607.01314 1.394 -2.362 7.724 1305Qa0295
5014.861 106.00112 2.112 -7.144 3.464 CX05P205
5014.862 607.01314 0.614 -4.137 7.724 0902Qd0235
5014.874 112.00124 0.624 0.4 1.340 00R230h24
5014.89 106.00112 2.112 -11.386 3.464 CX05Q195
5014.907 27.0 4.061 -2.15 "" ""
5014.914 607.01214 2.773 -3.31 7.724 2111Pd0285
5014.937 23.0 1.868 -1.83 "" ""
5014.943 26.0 3.94 -0.18 DEN14 ""
5014.947 44.0 1.138 -1.74 "" ""
5014.955 112.00124 0.673 0.295 1.340 11R227h24
5014.959 106.00112 2.1 -6.604 3.464 AX24R245
5014.963 607.01314 0.482 -4.875 7.724 0801Pc0315
5015.002 77.0 1.727 -2.21 "" ""
5015.021 24.0 3.09 -5.04 "" ""
5015.037 607.01214 1.471 -3.406 7.724 1406Ra0025
5015.038 112.00124 0.624 -2.354 1.340 00Q130b24
5015.049 64.0 1.053 0.52 "" ""
5015.061 106.00112 2.112 -7.176 3.464 CX05P195
5015.101 112.00124 0.673 -2.329 1.340 11Q127b24
5015.103 106.00112 1.758 -6.25 3.464 AX45P115
5015.108 112.00125 0.623 0.4 1.340 00R230h25
5015.121 24.0 3.884 -4.23 "" ""
5015.129 112.00125 0.672 0.295 1.340 11R227h25
5015.138 58.1 0.976 -1.82 LAWLER ""
5015.148 25.1 6.489 -4.55 "" ""
5015.2 607.01314 0.545 -4.188 7.724 0902Rc0145
5015.201 607.01214 1.489 -2.96 7.724 1406Ra0095
5015.224 23.1 6.84 -4.51 "" ""
5015.227 607.01314 0.545 -3.203 7.724 0902Qa0155
5015.238 607.01214 2.7 -3.35 7.724 2111Pc0205
5015.273 607.01314 1.406 -2.361 7.724 1305Qb0295
5015.283 607.01214 2.773 -2.029 7.724 2111Qb0275
5015.287 27.0 4.069 -2.06 "" ""
5015.299 106.00113 1.533 -5.873 3.464 AX23P185
5015.304 22.0 2.304 -6.64 "" ""
5015.309 74.0 0.598 -1.86 "" ""
5015.315 26.0 4.073 -1.27 "" ""
5015.323 607.01314 1.406 -3.668 7.724 1305Pd0305
5015.326 112.00126 0.622 0.4 1.340 00R230h26
5015.326 112.00126 0.671 0.295 1.340 11R227h26
5015.341 112.00124 0.624 0.413 1.340 00R130h24
5015.344 22.0 2.015 -4.71 "" ""
5015.361 112.00124 0.673 0.309 1.340 11R127h24
5015.365 58.1 0.976 -1.91 LAWLER ""
5015.406 106.00113 1.372 -6.631 3.464 BX02P215
5015.41 607.01214 2.183 -2.833 7.724 1809Rb0095
5015.424 607.01214 2.183 -3.003 7.724 1809Qd0105
5015.448 22.0 3.106 -1.38 "" ""
5015.449 607.01214 0.716 -4.26 7.724 0902Rc0295
5015.458 60.1 0.742 -1.54 "" ""
5015.458 607.01314 2.608 -2.954 7.724 2111Qc0155
5015.472 106.00113 1.372 -2.796 3.464 BX02Q205
5015.478 607.01314 2.608 -2.648 7.724 2111Pa0165
5015.503 607.01214 0.716 -2.89 7.724 0902Qa0305
5015.51 106.00113 1.372 -2.698 3.464 BX02Q215
5015.546 112.00125 0.672 0.309 1.340 11R127h25
5015.558 59.1 0.216 -1.7 "" ""
5015.564 607.01214 2.225 -3.342 7.724 1809Rd0175
5015.574 112.00125 0.623 0.413 1.340 00R130h25
5015.576 106.00113 1.372 -6.394 3.464 BX02R205
5015.579 23.0 2.252 -4.53 "" ""
5015.581 607.01314 1.358 -2.768 7.724 1305Pb0255
5015.631 25.0 4.682 -3.04 "" ""
5015.669 607.01314 0.552 -3.181 7.724 0902Qb0155
5015.678 106.00112 0.598 -5.851 3.464 AX01P115
5015.697 607.01314 0.552 -4.363 7.724 0902Pd0165
5015.703 106.00112 1.832 -11.811 3.464 CX05R135
5015.723 607.01214 0.689 -4.698 7.724 0801Qc0425
5015.731 112.00126 0.672 0.309 1.340 11R127h26
5015.732 607.01314 0.508 -4.437 7.724 0902Pc0075
5015.74 607.01214 1.47 -3.502 7.724 1406Ra0015
5015.754 607.01314 1.347 -3.384 7.724 1305Qc0245
5015.77 26.0 4.183 -2.52 "" ""
5015.796 607.01314 1.347 -2.779 7.724 1305Pa0255
5015.801 607.01214 0.689 -3.554 7.724 0801Pa0435
5015.81 112.00126 0.623 0.413 1.340 00R130h26
5015.841 106.00112 1.832 -7.983 3.464 CX05Q135
5015.844 24.0 3.885 -3.47 "" ""
5015.852 106.00113 2.111 -6.381 3.464 AX56P155
5015.859 106.00112 1.832 -7.724 3.464 CX05Q145
5015.917 15.0 6.949 -1.49 "" ""
5015.929 607.01214 0.795 -4.544 7.724 0801Rc0475
5015.936 607.01214 1.494 -2.916 7.724 1406Ra0105
5015.979 25.0 4.791 -3.15 "" ""
5015.997 106.00112 1.832 -10.988 3.464 CX05P145
5016.016 607.01214 0.795 -3.176 7.724 0801Qa0485
5016.032 26.0 4.909 -0.86 "" ""
5016.084 27.0 4.256 -4.38 "" ""
5016.096 607.01314 2.646 -2.171 7.724 2111Qb0205
5016.124 607.01314 2.646 -3.231 7.724 2111Pd0215
5016.125 607.01214 1.482 -3.321 7.724 1406Pb0065
5016.13 607.01214 2.169 -2.856 7.724 1809Qb0055
5016.139 607.01214 2.169 -3.371 7.724 1809Pd0065
5016.153 42.0 3.209 -2.31 "" ""
5016.155 607.01214 1.522 -2.796 7.724 1406Rb0145
5016.157 607.01214 1.581 -3.562 7.724 1406Rd0225
5016.161 22.0 0.848 -0.48 LAWLER ""
5016.173 106.00113 1.66 -13.038 3.464 CX05Q095
5016.18 607.01214 1.522 -3.175 7.724 1406Qd0155
5016.181 607.01214 2.164 -3.474 7.724 1809Pb0035
5016.204 607.01214 2.729 -2.431 7.724 2111Pa0245
5016.22 25.0 4.682 -3.36 "" ""
5016.239 106.00113 2.111 -3.657 3.464 AX56Q145
5016.261 106.00113 2.111 -3.498 3.464 AX56Q155
5016.281 106.00113 1.66 -8.939 3.464 CX05R085
5016.301 106.00112 1.758 -6.285 3.464 AX45P115
5016.312 607.01314 0.522 -4.011 7.724 0902Qc0105
5016.318 607.01214 1.494 -2.755 7.724 1406Qb0095
5016.328 607.01314 2.684 -2.354 7.724 2111Rb0245
5016.331 607.01314 0.522 -3.739 7.724 0902Pa0115
5016.337 607.01214 1.494 -3.462 7.724 1406Pd0105
5016.361 607.01314 2.684 -2.979 7.724 2111Qd0255
5016.381 25.0 4.791 -3.34 "" ""
5016.416 607.01214 2.729 -3.017 7.724 2111Qc0235
5016.478 26.0 4.253 -1.69 "" ""
5016.479 58.0 0.41 -0.85 "" ""
5016.48 58.0 0.978 -0.28 "" ""
5016.542 106.00113 1.66 -9.326 3.464 CX05R095
5016.548 58.0 0.0 -1.17 "" ""
5016.548 607.01214 0.795 -3.165 7.724 0801Qb0475
5016.609 607.01214 0.73 -2.889 7.724 0902Qb0305
5016.61 62.1 0.884 -1.19 LAWLER ""
5016.615 23.1 5.533 -1.13 "" ""
5016.626 607.01214 1.469 -3.602 7.724 1406Ra0005
5016.629 29.0 5.519 -0.91 "" ""
5016.635 607.01214 0.795 -5.074 7.724 0801Pd0485
5016.649 106.00113 2.111 -5.397 3.464 AX56R145
5016.652 26.0 3.692 -3.14 "" ""
5016.665 607.01214 0.73 -4.312 7.724 0902Pd0315
5016.673 23.0 3.096 -2.11 "" ""
5016.684 20.0 5.581 -3.69 "" ""
5016.703 607.01314 2.622 -2.592 7.724 2111Pb0175
5016.709 25.1 6.489 -4.94 "" ""
5016.731 23.1 5.463 -4.0 "" ""
