wavelength species excitation loggf disassociation_energy comment
4160.602 607.01314 1.2 -4.009 7.724 0304Qc0315
4160.604 607.01214 2.39 -3.51 7.724 0910Qd0055
4160.605 106.00113 0.732 -1.827 3.464 BX11Q145
4160.623 26.1 2.842 -5.04 "" ""
4160.638 24.0 3.008 -3.54 "" ""
4160.639 607.01314 1.2 -0.684 7.724 0304Pa0325
4160.652 106.00113 0.732 -5.144 3.464 BX11P155
4160.662 607.01314 1.055 -3.78 7.724 0304Qc0185
4160.665 106.00113 0.732 -5.321 3.464 BX11R145
4160.673 27.1 3.405 -1.83 "" ""
4160.681 106.00112 1.199 -4.304 3.464 AX22R185
4160.684 607.01314 1.055 -0.906 7.724 0304Pa0195
4160.688 106.00113 0.997 -8.867 3.464 CX03R035
4160.697 27.0 3.527 -4.13 "" ""
4160.699 607.01314 1.2 -0.698 7.724 0304Pb0315
4160.712 106.00113 0.732 -1.897 3.464 BX11Q155
4160.724 607.01314 1.055 -0.929 7.724 0304Pb0185
4160.751 607.01314 1.186 -3.995 7.724 0304Qc0305
4160.754 607.01314 0.746 -1.321 7.724 0203Ra0075
4160.765 106.00112 1.666 -7.127 3.464 CX25P085
4160.767 106.00112 1.523 -6.972 3.464 AX21P265
4160.776 26.0 4.206 -1.96 "" ""
4160.78 607.01214 2.25 -3.955 7.724 0809Qc0195
4160.787 607.01314 1.186 -0.698 7.724 0304Pa0315
4160.794 24.0 4.096 -2.2 "" ""
4160.799 41.0 0.348 -1.7 "" ""
4160.799 607.01214 2.25 -1.037 7.724 0809Pa0205
4160.8 607.01214 0.994 -2.781 7.724 0304Qc0015
4160.802 607.01314 1.063 -3.802 7.724 0304Qc0195
4160.804 607.01214 0.994 -1.826 7.724 0304Pa0025
4160.804 607.01214 0.994 -2.082 7.724 0304Pb0015
4160.809 607.01314 0.746 -1.376 7.724 0203Rb0065
4160.818 607.01314 0.746 -3.449 7.724 0203Qd0075
4160.825 607.01314 1.063 -0.884 7.724 0304Pa0205
4160.845 607.01314 1.186 -0.712 7.724 0304Pb0305
4160.868 42.0 3.435 -1.44 "" ""
4160.868 607.01314 1.063 -0.906 7.724 0304Pb0195
4160.872 607.01214 2.25 -1.058 7.724 0809Pb0195
4160.876 607.01314 1.173 -3.98 7.724 0304Qc0295
4160.894 607.01314 0.604 -0.987 7.724 0102Ra0225
4160.91 607.01314 1.173 -0.712 7.724 0304Pa0305
4160.913 106.00112 0.973 -7.353 3.464 CX03R015
4160.918 607.01314 1.072 -3.823 7.724 0304Qc0205
4160.923 607.01314 2.63 -1.237 7.724 1011Ra0195
4160.931 106.00112 0.973 -8.65 3.464 CX03Q015
4160.937 607.01314 0.604 -1.005 7.724 0102Rb0215
4160.943 607.01314 1.072 -0.864 7.724 0304Pa0215
4160.949 92.0 0.0 -1.23 "" ""
4160.953 106.00113 0.997 -8.504 3.464 CX03P045
4160.961 607.01314 0.604 -4.014 7.724 0102Qd0225
4160.968 20.0 4.76 -3.67 "" ""
4160.968 607.01314 1.173 -0.726 7.724 0304Pb0295
4160.976 607.01314 1.16 -3.965 7.724 0304Qc0285
4160.988 607.01314 1.072 -0.884 7.724 0304Pb0205
4160.988 607.01314 2.63 -1.257 7.724 1011Rb0185
4161.007 607.01314 2.63 -4.142 7.724 1011Qd0195
4161.01 607.01314 1.082 -3.844 7.724 0304Qc0215
4161.01 607.01314 1.16 -0.726 7.724 0304Pa0295
4161.022 106.00113 1.688 -7.151 3.464 CX25P095
4161.036 607.01314 1.082 -0.844 7.724 0304Pa0225
4161.053 607.01314 1.148 -3.95 7.724 0304Qc0275
4161.055 106.00113 0.997 -6.303 3.464 CX03Q045
4161.067 607.01314 1.16 -0.741 7.724 0304Pb0285
4161.072 607.01314 2.369 -1.35 7.724 0910Pb0115
4161.075 24.1 5.326 -2.47 "" ""
4161.077 607.01314 1.092 -3.863 7.724 0304Qc0225
4161.079 26.0 3.366 -1.69 "" ""
4161.082 607.01314 1.082 -0.864 7.724 0304Pb0215
4161.084 607.01314 2.369 -3.793 7.724 0910Qc0115
4161.085 106.00113 1.194 -4.304 3.464 AX22R185
4161.086 607.01314 1.148 -0.741 7.724 0304Pa0285
4161.096 607.01314 2.369 -1.314 7.724 0910Pa0125
4161.104 607.01314 1.092 -0.825 7.724 0304Pa0235
4161.106 607.01314 1.136 -3.934 7.724 0304Qc0265
4161.12 23.0 2.357 -4.53 "" ""
4161.121 607.01314 1.102 -3.882 7.724 0304Qc0235
4161.132 106.00112 1.484 -10.253 3.464 CX03Q175
4161.135 106.00112 1.484 -5.541 3.464 CX03P185
4161.135 607.01314 1.124 -3.917 7.724 0304Qc0255
4161.138 607.01314 1.136 -0.757 7.724 0304Pa0275
4161.14 607.01314 1.113 -3.9 7.724 0304Qc0245
4161.141 607.01314 1.148 -0.757 7.724 0304Pb0275
4161.149 607.01314 1.102 -0.807 7.724 0304Pa0245
4161.152 607.01314 1.092 -0.844 7.724 0304Pb0225
4161.165 58.1 0.957 -0.51 BIEMONT ""
4161.166 607.01314 1.124 -0.773 7.724 0304Pa0265
4161.167 26.0 3.036 -7.31 "" ""
4161.169 607.01314 1.113 -0.789 7.724 0304Pa0255
4161.178 607.01214 2.259 -3.978 7.724 0809Qc0205
4161.192 607.01314 1.136 -0.773 7.724 0304Pb0265
4161.198 607.01314 1.102 -0.825 7.724 0304Pb0235
4161.199 607.01214 2.259 -1.018 7.724 0809Pa0215
4161.2 40.1 0.713 -0.59 Ljung06 ""
4161.208 106.00112 1.443 -6.367 3.464 AX32P215
4161.215 607.01214 2.387 -1.698 7.724 0910Ra0045
4161.218 607.01314 1.124 -0.789 7.724 0304Pb0255
4161.22 607.01314 1.113 -0.807 7.724 0304Pb0245
4161.222 607.01214 2.387 -1.787 7.724 0910Rb0035
4161.229 607.01214 2.387 -3.429 7.724 0910Qd0045
4161.241 106.00112 1.611 -4.169 3.464 AX54R145
4161.242 106.00112 1.484 -5.591 3.464 CX03P175
4161.245 607.01214 0.664 -0.928 7.724 0102Ra0265
4161.25 41.0 1.674 -0.56 "" ""
4161.267 607.01214 0.791 -1.098 7.724 0203Ra0135
4161.269 24.1 4.934 -5.19 "" ""
4161.273 607.01214 2.259 -1.037 7.724 0809Pb0205
4161.28 106.00112 1.611 -2.077 3.464 AX54Q145
4161.286 106.00112 1.306 -7.639 3.464 CX14P045
4161.289 20.0 5.927 -3.79 "" ""
4161.294 607.01214 0.791 -1.129 7.724 0203Rb0125
4161.296 607.01214 0.664 -0.944 7.724 0102Rb0255
4161.3 22.0 2.504 -3.58 "" ""
4161.307 23.0 1.711 -3.69 "" ""
4161.307 23.0 2.606 -3.79 "" ""
4161.311 607.01214 0.791 -3.702 7.724 0203Qd0135
4161.324 28.0 3.191 -2.6 "" ""
4161.329 607.01214 0.664 -4.092 7.724 0102Qd0265
4161.348 24.0 3.373 -3.32 "" ""
4161.35 106.00112 1.611 -2.019 3.464 AX54Q155
4161.377 607.01214 0.995 -2.973 7.724 0304Qc0025
4161.377 607.01314 0.512 -1.045 7.724 0001Ra0345
4161.381 22.0 2.266 -2.23 "" ""
4161.381 607.01214 0.995 -1.671 7.724 0304Pa0035
4161.385 607.01214 0.995 -1.826 7.724 0304Pb0025
4161.389 106.00112 1.611 -4.395 3.464 AX54P155
4161.414 24.0 4.452 0.49 "" ""
4161.432 607.01314 0.512 -1.057 7.724 0001Rb0335
4161.473 607.01314 0.512 -4.43 7.724 0001Qd0345
4161.484 26.0 3.015 -2.2 "" ""
4161.503 607.01314 2.622 -1.257 7.724 1011Ra0185
4161.529 22.1 1.083 -2.09 LAWLER ""
4161.568 607.01214 2.268 -3.999 7.724 0809Qc0215
4161.577 607.01314 2.374 -1.314 7.724 0910Pb0125
4161.577 607.01314 2.622 -1.277 7.724 1011Rb0175
4161.582 24.1 4.916 -4.76 "" ""
4161.586 607.01314 2.622 -4.118 7.724 1011Qd0185
4161.59 607.01214 2.268 -0.999 7.724 0809Pa0225
4161.59 90.1 1.712 -0.9 "" ""
4161.593 607.01314 2.374 -3.829 7.724 0910Qc0125
4161.605 607.01314 2.374 -1.281 7.724 0910Pa0135
4161.624 607.01314 0.743 -1.438 7.724 0203Rb0055
4161.633 607.01214 0.578 -1.019 7.724 0001Ra0375
4161.633 607.01314 0.743 -3.391 7.724 0203Qd0065
4161.658 44.0 1.691 -0.92 "" ""
4161.664 607.01214 2.268 -1.018 7.724 0809Pb0215
4161.693 21.0 2.336 -0.71 "" ""
4161.694 607.01214 0.578 -1.031 7.724 0001Rb0365
4161.73 607.01314 0.743 -1.376 7.724 0203Ra0065
4161.736 27.0 2.326 -5.18 "" ""
4161.739 90.0 0.929 -0.81 "" ""
4161.741 607.01214 0.578 -4.474 7.724 0001Qd0375
4161.766 607.01214 2.797 -4.401 7.724 1011Qd0305
4161.774 106.00113 1.652 -4.189 3.464 AX54R155
4161.784 26.0 4.151 -3.09 "" ""
4161.793 106.00113 1.652 -1.967 3.464 AX54Q165
4161.796 38.1 2.94 -0.47 NIST ""
4161.797 106.00113 1.652 -2.023 3.464 AX54Q155
4161.816 106.00113 1.652 -4.375 3.464 AX54P165
4161.827 21.0045 1.969 -2.25 LAWHFS ""
4161.828 21.0045 1.969 -1.97 LAWHFS ""
4161.829 21.0045 1.969 -3.27 LAWHFS ""
4161.83 21.0045 1.969 -1.83 LAWHFS ""
4161.83 21.0045 1.969 -2.25 LAWHFS ""
4161.831 24.0 3.836 -2.08 "" ""
4161.832 21.0045 1.969 -2.57 LAWHFS ""
4161.833 21.0045 1.969 -1.97 LAWHFS ""
4161.834 21.0045 1.969 -1.76 LAWHFS ""
4161.836 21.0045 1.969 -2.12 LAWHFS ""
4161.838 21.0045 1.969 -1.83 LAWHFS ""
4161.838 607.01214 2.386 -1.787 7.724 0910Ra0035
4161.84 21.0045 1.969 -1.76 LAWHFS ""
4161.842 21.0045 1.969 -1.79 LAWHFS ""
4161.843 607.01214 2.386 -1.899 7.724 0910Rb0025
4161.845 21.0045 1.969 -1.76 LAWHFS ""
4161.846 21.0045 1.969 -1.82 LAWHFS ""
4161.848 607.01214 2.386 -3.329 7.724 0910Qd0035
4161.85 21.0045 1.969 -1.53 LAWHFS ""
4161.853 21.0045 1.969 -1.76 LAWHFS ""
4161.855 21.0045 1.969 -2.02 LAWHFS ""
4161.859 21.0045 1.969 -1.31 LAWHFS ""
4161.862 21.0045 1.969 -1.82 LAWHFS ""
4161.869 106.00113 1.789 -4.802 3.464 AX32Q265
4161.869 21.0045 1.969 -1.12 LAWHFS ""
4161.873 21.0045 1.969 -2.02 LAWHFS ""
4161.886 106.00113 1.789 -2.735 3.464 AX32P265
4161.902 106.00113 1.789 -2.624 3.464 AX32P275
4161.93 607.01214 0.997 -3.103 7.724 0304Qc0035
4161.934 607.01214 0.997 -1.558 7.724 0304Pa0045
4161.942 607.01214 0.997 -1.671 7.724 0304Pb0035
4161.95 607.01214 2.278 -4.02 7.724 0809Qc0225
4161.966 106.00112 1.016 -8.947 3.464 CX03R045
4161.973 607.01214 2.278 -0.981 7.724 0809Pa0235
4161.985 106.00113 1.437 -6.367 3.464 AX32P215
4162.005 106.00112 1.016 -6.302 3.464 CX03Q045
4162.047 607.01214 2.278 -0.999 7.724 0809Pb0225
4162.066 23.1 3.121 -2.79 "" ""
4162.079 607.01314 2.38 -1.281 7.724 0910Pb0135
4162.079 607.01314 2.615 -1.277 7.724 1011Ra0175
4162.089 607.01214 2.798 -1.137 7.724 1011Rb0295
4162.101 607.01314 2.38 -3.862 7.724 0910Qc0135
4162.114 607.01314 2.38 -1.251 7.724 0910Pa0145
4162.125 607.01314 0.594 -1.005 7.724 0102Ra0215
4162.15 607.01314 2.615 -1.299 7.724 1011Rb0165
4162.164 27.0 3.574 -0.36 "" ""
4162.164 607.01314 0.594 -1.025 7.724 0102Rb0205
4162.166 607.01314 2.615 -4.092 7.724 1011Qd0175
4162.19 607.01314 0.594 -3.995 7.724 0102Qd0215
4162.278 607.01214 0.785 -1.129 7.724 0203Ra0125
4162.305 607.01214 0.785 -1.162 7.724 0203Rb0115
4162.319 23.0 1.866 -2.86 "" ""
4162.32 607.01214 0.785 -3.67 7.724 0203Qd0125
4162.324 607.01214 2.288 -4.04 7.724 0809Qc0235
4162.348 607.01214 2.288 -0.964 7.724 0809Pa0245
4162.354 106.00112 1.016 -6.211 3.464 CX03Q055
4162.392 106.00112 1.016 -8.585 3.464 CX03P055
4162.405 72.1 2.154 -0.31 "" ""
4162.406 106.00113 1.426 -5.593 3.464 CX03P175
4162.412 607.01314 0.741 -1.512 7.724 0203Rb0045
4162.422 607.01214 2.288 -0.981 7.724 0809Pb0235
4162.423 607.01314 0.741 -3.323 7.724 0203Qd0055
4162.429 92.0 0.471 -0.23 "" ""
4162.431 106.00112 1.848 -1.81 3.464 AX43Q245
4162.432 607.01314 0.741 -1.438 7.724 0203Ra0055
4162.452 106.00113 1.426 -5.642 3.464 CX03P165
4162.454 607.01214 2.384 -1.899 7.724 0910Ra0025
4162.456 607.01214 0.999 -3.203 7.724 0304Qc0045
4162.459 607.01214 2.384 -2.053 7.724 0910Rb0015
4162.462 607.01214 0.999 -1.469 7.724 0304Pa0055
4162.463 607.01214 2.384 -3.199 7.724 0910Qd0025
4162.464 106.00112 1.071 -1.19 3.464 AX00R255
4162.475 607.01214 0.999 -1.558 7.724 0304Pb0045
4162.477 106.00112 1.848 -4.354 3.464 AX43R235
4162.483 27.0 2.875 -2.87 "" ""
4162.487 24.0 3.814 -1.35 "" ""
4162.509 90.0 1.29 -0.45 "" ""
4162.52 106.00112 1.612 -4.187 3.464 AX54R145
4162.54 106.00112 1.848 -4.599 3.464 AX43P245
4162.556 106.00112 1.612 -2.019 3.464 AX54Q155
4162.559 106.00112 1.612 -2.077 3.464 AX54Q145
4162.565 22.0 2.486 -2.42 "" ""
4162.575 26.0 3.639 -2.14 "" ""
4162.582 607.01314 2.386 -1.251 7.724 0910Pb0145
4162.586 106.00112 1.848 -1.877 3.464 AX43Q235
4162.596 106.00112 1.612 -4.378 3.464 AX54P155
4162.609 607.01314 2.386 -3.893 7.724 0910Qc0145
4162.61 106.00112 1.071 -3.623 3.464 AX00Q255
4162.622 607.01314 2.386 -1.223 7.724 0910Pa0155
4162.625 58.1 0.875 -0.25 BIEMONT ""
4162.642 607.01214 0.652 -0.944 7.724 0102Ra0255
4162.655 23.0 2.58 -3.19 "" ""
4162.667 106.00112 1.071 -1.201 3.464 AX00R245
4162.668 607.01314 2.608 -1.3 7.724 1011Ra0165
4162.674 42.0 3.165 -0.47 "" ""
4162.679 90.1 1.769 -0.44 "" ""
4162.69 607.01214 2.299 -4.059 7.724 0809Qc0245
4162.691 607.01214 0.652 -0.96 7.724 0102Rb0245
4162.707 42.0 2.678 -1.54 "" ""
4162.709 72.0 0.566 -1.52 "" ""
4162.715 607.01214 2.299 -0.948 7.724 0809Pa0255
4162.722 607.01214 0.652 -4.076 7.724 0102Qd0255
4162.728 22.0 2.343 -2.6 "" ""
4162.73 64.1 0.492 -0.73 LAWLER ""
4162.731 607.01314 2.608 -1.323 7.724 1011Rb0155
4162.746 607.01314 2.608 -4.066 7.724 1011Qd0165
4162.761 106.00113 0.984 -6.551 3.464 CX03Q025
4162.788 607.01214 2.299 -0.964 7.724 0809Pb0245
4162.807 23.1 6.524 -3.58 "" ""
4162.813 41.0 1.268 -1.16 "" ""
4162.84 106.00113 0.984 -8.77 3.464 CX03R025
4162.872 58.1 0.536 -1.62 LAWLER ""
4162.895 106.00113 1.426 -10.308 3.464 CX03Q165
4162.918 26.0 3.015 -1.84 "" ""
4162.958 607.01214 1.002 -3.283 7.724 0304Qc0055
4162.965 607.01214 1.002 -1.396 7.724 0304Pa0065
4162.965 607.01314 0.497 -1.058 7.724 0001Ra0335
4162.981 607.01214 1.002 -1.469 7.724 0304Pb0055
4163.019 607.01314 0.497 -1.07 7.724 0001Rb0325
4163.026 67.0 0.0 0.51 "" ""
4163.049 607.01214 2.31 -4.078 7.724 0809Qc0255
4163.059 607.01314 0.497 -4.418 7.724 0001Qd0335
4163.068 607.01214 2.384 -2.053 7.724 0910Ra0015
4163.068 607.01214 2.384 -2.308 7.724 0910Rb0005
4163.072 607.01214 2.384 -3.007 7.724 0910Qd0015
4163.074 607.01214 2.31 -0.933 7.724 0809Pa0265
4163.087 64.1 0.662 -0.84 "" ""
4163.092 607.01314 2.392 -1.223 7.724 0910Pb0155
4163.104 106.00113 1.065 -1.19 3.464 AX00R255
4163.112 106.00113 1.319 -7.711 3.464 CX14P055
4163.118 607.01314 2.392 -3.922 7.724 0910Qc0155
4163.134 607.01314 2.392 -1.196 7.724 0910Pa0165
4163.137 23.0 3.313 -4.71 "" ""
4163.14 62.1 0.0 -1.61 LAWLER ""
4163.146 24.0 2.542 -3.99 "" ""
4163.146 607.01214 2.31 -0.948 7.724 0809Pb0255
4163.159 20.0 4.765 -3.96 "" ""
4163.181 607.01314 0.738 -1.512 7.724 0203Ra0045
4163.181 607.01314 0.738 -1.6 7.724 0203Rb0035
4163.187 607.01314 0.738 -3.243 7.724 0203Qd0045
4163.199 25.0 4.317 -4.06 "" ""
4163.222 22.0 1.442 -3.46 "" ""
4163.235 106.00113 1.065 -3.623 3.464 AX00Q255
4163.241 106.00113 1.646 -4.603 3.464 AX43Q205
4163.241 22.0 2.504 -4.28 "" ""
4163.25 607.01314 2.602 -1.323 7.724 1011Ra0155
4163.264 607.01214 0.779 -1.162 7.724 0203Ra0115
4163.268 106.00113 1.662 -7.734 3.464 AX10P315
4163.289 607.01214 0.779 -1.198 7.724 0203Rb0105
4163.298 106.00113 1.646 -2.576 3.464 AX43P215
4163.303 607.01214 0.779 -3.635 7.724 0203Qd0115
4163.304 106.00113 1.065 -1.201 3.464 AX00R245
4163.307 106.00113 0.985 -8.389 3.464 CX03P035
4163.315 607.01314 2.602 -1.348 7.724 1011Rb0145
4163.316 106.00113 1.646 -2.654 3.464 AX43P205
4163.327 607.01314 2.602 -4.038 7.724 1011Qd0155
4163.331 607.01314 0.585 -1.025 7.724 0102Ra0205
4163.347 26.0 4.188 -3.97 "" ""
4163.372 607.01314 0.585 -1.046 7.724 0102Rb0195
4163.378 607.01214 0.561 -1.031 7.724 0001Ra0365
4163.385 22.0 2.115 -6.92 "" ""
4163.386 106.00113 0.985 -6.412 3.464 CX03Q035
4163.394 607.01314 0.585 -3.975 7.724 0102Qd0205
4163.399 607.01214 2.321 -4.096 7.724 0809Qc0265
4163.411 607.01214 2.785 -4.383 7.724 1011Qd0295
4163.426 607.01214 2.321 -0.918 7.724 0809Pa0275
4163.434 607.01214 1.005 -3.351 7.724 0304Qc0065
4163.438 607.01214 0.561 -1.042 7.724 0001Rb0355
4163.443 607.01214 1.005 -1.333 7.724 0304Pa0075
4163.461 607.01214 1.005 -1.396 7.724 0304Pb0065
4163.463 28.0 3.304 -3.97 "" ""
4163.466 41.0 0.267 -0.64 "" ""
4163.483 607.01214 0.561 -4.462 7.724 0001Qd0365
4163.487 106.00113 0.967 -7.198 3.464 CX03Q005
4163.49 23.1 6.491 -4.22 "" ""
4163.496 607.01214 2.321 -0.933 7.724 0809Pb0265
4163.521 106.00113 0.967 -7.825 3.464 CX03R005
4163.521 58.1 1.365 0.27 "" ""
4163.56 60.1 0.182 -2.56 LAWLER ""
4163.605 607.01314 2.399 -1.196 7.724 0910Pb0165
4163.618 24.0 2.543 -0.85 "" ""
4163.632 607.01314 2.399 -3.95 7.724 0910Qc0165
4163.644 22.1 2.588 -0.13 LAWLER ""
4163.647 90.1 1.204 -0.91 "" ""
4163.653 23.1 3.121 -1.95 "" ""
4163.653 41.0 0.019 -0.15 "" ""
4163.657 607.01314 2.399 -1.172 7.724 0910Pa0175
4163.665 24.0 2.543 -1.56 "" ""
4163.668 26.0 3.414 -1.59 "" ""
4163.674 607.01214 2.383 -2.308 7.724 0910Ra0005
4163.676 607.01214 2.383 -2.609 7.724 0910Qd0005
4163.678 92.1 0.0 -1.42 "" ""
4163.684 106.00112 1.395 -5.259 3.464 AX54P085
4163.689 26.0 2.69 -3.54 "" ""
4163.699 607.01214 2.785 -1.147 7.724 1011Rb0285
4163.71 62.1 0.104 -1.74 LAWLER ""
4163.729 20.0 4.776 -2.33 "" ""
4163.743 607.01214 2.333 -4.114 7.724 0809Qc0275
4163.771 607.01214 2.333 -0.904 7.724 0809Pa0285
4163.835 607.01314 2.596 -1.348 7.724 1011Ra0145
4163.838 607.01214 2.333 -0.918 7.724 0809Pb0275
4163.885 607.01214 1.009 -3.41 7.724 0304Qc0075
4163.895 607.01214 1.009 -1.278 7.724 0304Pa0085
4163.896 607.01314 2.596 -1.376 7.724 1011Rb0135
4163.909 607.01314 2.596 -4.008 7.724 1011Qd0145
4163.912 6.0 7.94 -2.95 "" ""
4163.917 607.01214 1.009 -1.333 7.724 0304Pb0075
4163.921 607.01314 0.737 -1.6 7.724 0203Ra0035
4163.921 607.01314 0.737 -1.713 7.724 0203Rb0025
4163.926 607.01314 0.737 -3.143 7.724 0203Qd0035
4163.956 24.0 3.836 -0.84 "" ""
4163.96 26.0 2.849 -4.62 "" ""
4164.012 23.1 2.034 -2.1 "" ""
4164.012 607.01214 0.641 -0.961 7.724 0102Ra0245
4164.041 20.0 4.621 -4.81 "" ""
4164.045 59.1141 0.204 -1.852 LI/LAW ""
4164.059 607.01214 0.64 -0.978 7.724 0102Rb0235
4164.062 59.1141 0.204 -0.861 LI/LAW ""
4164.067 59.1141 0.204 -1.654 LI/LAW ""
4164.076 42.0 2.258 -1.94 "" ""
4164.08 607.01214 2.346 -4.131 7.724 0809Qc0285
4164.088 59.1141 0.204 -0.814 LI/LAW ""
4164.089 607.01214 0.641 -4.059 7.724 0102Qd0245
4164.094 59.1141 0.204 -1.602 LI/LAW ""
4164.105 59.1141 0.204 -1.852 LI/LAW ""
4164.109 607.01214 2.346 -0.89 7.724 0809Pa0295
4164.118 607.01314 2.407 -1.172 7.724 0910Pb0175
4164.119 59.1141 0.204 -0.744 LI/LAW ""
4164.127 59.1141 0.204 -1.648 LI/LAW ""
4164.131 22.0 1.872 -1.09 LAWLER ""
4164.14 59.1141 0.204 -1.654 LI/LAW ""
4164.152 607.01314 2.407 -3.976 7.724 0910Qc0175
4164.153 23.0 1.858 -3.26 "" ""
4164.156 59.1141 0.204 -0.662 LI/LAW ""
4164.166 59.1141 0.204 -1.843 LI/LAW ""
4164.168 25.0 4.341 -2.2 "" ""
4164.173 607.01214 2.346 -0.904 7.724 0809Pb0285
4164.181 59.1141 0.204 -1.602 LI/LAW ""
4164.198 59.1141 0.204 -0.574 LI/LAW ""
4164.199 106.00112 1.395 -5.286 3.464 AX54P085
4164.205 26.1 4.728 -6.73 "" ""
4164.206 607.01314 2.407 -1.149 7.724 0910Pa0185
4164.224 607.01214 0.774 -1.199 7.724 0203Ra0105
4164.227 59.1141 0.204 -1.648 LI/LAW ""
4164.24 26.0 3.414 -3.51 "" ""
4164.241 106.00112 0.992 -1.2 3.464 AX00R245
4164.246 59.1141 0.204 -0.485 LI/LAW ""
4164.248 607.01214 0.774 -1.238 7.724 0203Rb0095
4164.255 90.1 1.14 -1.17 "" ""
4164.26 607.01214 0.774 -3.597 7.724 0203Qd0105
4164.261 106.00113 0.975 -6.754 3.464 CX03Q015
4164.274 25.0 4.341 -1.28 "" ""
4164.279 59.1141 0.204 -1.843 LI/LAW ""
4164.31 607.01214 1.013 -3.462 7.724 0304Qc0085
4164.315 106.00112 0.735 -1.827 3.464 BX11Q145
4164.318 106.00113 0.975 -8.65 3.464 CX03R015
4164.321 607.01214 1.013 -1.229 7.724 0304Pa0095
4164.326 106.00112 0.992 -1.213 3.464 AX00R235
4164.346 607.01214 1.013 -1.278 7.724 0304Pb0085
4164.36 106.00112 0.735 -5.143 3.464 BX11P155
4164.366 22.0 3.109 -1.25 "" ""
4164.373 106.00112 0.735 -5.321 3.464 BX11R145
4164.396 106.00112 0.992 -3.643 3.464 AX00Q245
4164.398 60.1 1.417 -0.36 "" ""
4164.411 607.01214 2.358 -4.147 7.724 0809Qc0295
4164.418 106.00112 0.735 -1.897 3.464 BX11Q155
4164.419 607.01314 2.59 -1.376 7.724 1011Ra0135
4164.42 6.0 7.94 -3.81 "" ""
4164.44 607.01214 2.358 -0.877 7.724 0809Pa0305
4164.45 24.0 3.008 -3.24 "" ""
4164.47 20.0 4.776 -0.98 "" ""
4164.478 607.01314 2.59 -1.405 7.724 1011Rb0125
4164.49 607.01314 2.59 -3.977 7.724 1011Qd0135
4164.501 607.01214 2.358 -0.89 7.724 0809Pb0295
4164.515 23.0 2.614 -4.29 "" ""
4164.515 607.01314 0.576 -1.046 7.724 0102Ra0195
4164.527 607.01314 0.482 -1.07 7.724 0001Ra0325
4164.54 66.1 1.79 -1.3 LAWLER ""
4164.549 607.01314 0.576 -1.067 7.724 0102Rb0185
4164.549 78.0 1.25 -1.95 DH05nohfs ""
4164.572 607.01314 0.576 -3.954 7.724 0102Qd0195
4164.579 607.01314 0.482 -1.083 7.724 0001Rb0315
4164.611 6.0 7.94 -3.29 "" ""
4164.619 607.01314 0.482 -4.405 7.724 0001Qd0325
4164.63 28.0 0.422 -4.34 "" ""
4164.637 607.01314 0.735 -1.713 7.724 0203Ra0025
4164.637 607.01314 0.735 -1.868 7.724 0203Rb0015
4164.639 607.01314 0.735 -3.013 7.724 0203Qd0025
4164.65 607.01314 2.414 -1.149 7.724 0910Pb0185
4164.657 106.00112 1.143 -4.334 3.464 AX22R175
4164.658 41.0 0.049 -0.13 "" ""
4164.683 607.01314 2.414 -4.001 7.724 0910Qc0185
4164.688 26.0 3.298 -6.86 "" ""
4164.701 607.01314 2.414 -1.127 7.724 0910Pa0195
4164.71 607.01214 1.017 -3.508 7.724 0304Qc0095
4164.723 607.01214 1.017 -1.185 7.724 0304Pa0105
4164.735 607.01214 2.372 -4.163 7.724 0809Qc0305
4164.75 607.01214 1.017 -1.229 7.724 0304Pb0095
4164.765 607.01214 2.372 -0.865 7.724 0809Pa0315
4164.773 106.00112 1.0 -8.866 3.464 CX03R035
4164.779 26.0 2.988 -2.93 "" ""
4164.788 92.1 0.036 -2.08 "" ""
4164.793 62.0 0.387 -1.53 "" ""
4164.798 607.01214 2.773 -4.365 7.724 1011Qd0285
4164.805 106.00112 1.0 -6.411 3.464 CX03Q035
4164.809 26.1 5.952 -3.29 "" ""
4164.816 106.00113 1.855 -1.992 3.464 AX54R195
4164.822 607.01214 2.372 -0.877 7.724 0809Pb0305
4164.827 106.00113 1.855 -1.96 3.464 AX54R205
4164.831 68.0 0.862 0.05 "" ""
4164.85 26.0 3.298 -9.27 "" ""
4164.85 60.1 0.0 -1.76 "" ""
4164.867 607.01214 2.384 -2.609 7.724 0910Qc0005
4164.869 607.01214 2.384 -2.307 7.724 0910Pa0015
4164.878 26.0 4.151 -2.75 "" ""
4164.881 106.00113 1.855 -4.228 3.464 AX54Q205
4164.904 21.0 3.081 -3.29 "" ""
4164.923 106.00113 0.986 -1.2 3.464 AX00R245
4164.964 106.00113 1.791 -2.625 3.464 AX32P275
4164.975 25.0 4.751 -0.96 "" ""
4164.977 42.0 3.261 -0.91 "" ""
4164.993 106.00113 0.986 -1.212 3.464 AX00R235
4165.003 607.01314 2.585 -1.405 7.724 1011Ra0125
4165.036 60.1 1.998 0.62 "" ""
4165.049 106.00113 0.986 -3.643 3.464 AX00Q245
4165.052 607.01214 2.773 -1.158 7.724 1011Rb0275
4165.053 607.01214 2.385 -4.179 7.724 0809Qc0315
4165.06 607.01314 2.585 -1.437 7.724 1011Rb0115
4165.072 607.01314 2.585 -3.943 7.724 1011Qd0125
4165.074 106.00113 1.791 -4.845 3.464 AX32Q265
4165.074 90.1 1.902 -0.71 "" ""
4165.085 607.01214 1.022 -3.549 7.724 0304Qc0105
4165.085 607.01214 2.385 -0.853 7.724 0809Pa0325
4165.095 607.01214 0.544 -1.043 7.724 0001Ra0355
4165.099 607.01214 1.022 -1.145 7.724 0304Pa0115
4165.101 12.0 4.343 -2.68 "" ""
4165.106 106.00113 1.138 -4.334 3.464 AX22R175
4165.118 6.0 7.94 -4.85 "" ""
4165.128 607.01214 1.022 -1.185 7.724 0304Pb0105
4165.129 26.0 4.175 -1.99 "" ""
4165.136 607.01214 2.385 -0.865 7.724 0809Pb0315
4165.138 106.00113 0.976 -8.212 3.464 CX03P025
4165.149 27.0 3.772 -1.89 "" ""
4165.154 607.01214 0.544 -1.054 7.724 0001Rb0345
4165.158 607.01214 0.77 -1.238 7.724 0203Ra0095
4165.18 607.01214 0.77 -1.281 7.724 0203Rb0085
4165.187 21.0 1.986 0.56 "" ""
4165.191 607.01214 0.77 -3.556 7.724 0203Qd0095
4165.194 106.00113 0.976 -6.55 3.464 CX03Q025
4165.198 607.01214 0.544 -4.451 7.724 0001Qd0355
4165.199 607.01314 2.422 -1.127 7.724 0910Pb0195
4165.204 25.0 4.35 -2.26 "" ""
4165.228 607.01314 2.422 -4.025 7.724 0910Qc0195
4165.243 106.00112 1.671 -7.734 3.464 AX10P315
4165.247 20.0 4.776 -1.91 "" ""
4165.247 607.01314 2.422 -1.106 7.724 0910Pa0205
4165.255 106.00112 1.0 -6.302 3.464 CX03Q045
4165.287 106.00112 1.0 -8.503 3.464 CX03P045
4165.308 22.0 2.248 -1.6 LAWLER ""
4165.309 6.0 7.94 -3.01 "" ""
4165.324 607.01314 0.734 -1.868 7.724 0203Ra0015
4165.324 607.01314 0.734 -2.123 7.724 0203Rb0005
4165.327 106.00113 1.791 -2.735 3.464 AX32P265
4165.327 607.01314 0.734 -2.821 7.724 0203Qd0015
4165.355 607.01214 0.63 -0.978 7.724 0102Ra0235
4165.359 26.0 3.637 -1.79 "" ""
4165.36 26.0 3.299 -8.18 "" ""
4165.365 24.0 3.367 -2.73 "" ""
4165.365 607.01214 2.399 -4.195 7.724 0809Qc0325
4165.397 26.0 4.257 -2.17 "" ""
4165.398 607.01214 2.399 -0.842 7.724 0809Pa0335
4165.401 607.01214 0.63 -0.996 7.724 0102Rb0225
4165.418 26.0 3.632 -2.07 "" ""
4165.43 607.01214 0.63 -4.041 7.724 0102Qd0235
4165.434 607.01214 1.028 -3.587 7.724 0304Qc0115
4165.442 28.0 4.085 -2.23 "" ""
4165.444 607.01214 2.399 -0.853 7.724 0809Pb0325
4165.449 607.01214 1.028 -1.109 7.724 0304Pa0125
4165.455 607.01214 2.384 -3.007 7.724 0910Qc0015
4165.457 607.01214 2.384 -2.052 7.724 0910Pa0025
4165.457 607.01214 2.384 -2.307 7.724 0910Pb0015
4165.481 607.01214 1.028 -1.145 7.724 0304Pb0115
4165.502 106.00113 0.638 -1.928 3.464 BX11P125
4165.514 24.0 4.446 0.4 "" ""
4165.543 106.00113 1.718 -7.167 3.464 CX25P105
4165.551 106.00113 0.638 -6.998 3.464 BX11Q125
4165.588 607.01314 2.58 -1.437 7.724 1011Ra0115
4165.599 58.1 0.909 0.52 LAWLER ""
4165.642 607.01314 2.58 -1.472 7.724 1011Rb0105
4165.642 62.1 1.609 -0.86 "" ""
4165.652 106.00112 1.694 -7.15 3.464 CX25P095
4165.653 607.01314 2.58 -3.907 7.724 1011Qd0115
4165.665 20.0 4.677 -3.5 "" ""
4165.668 607.01314 0.568 -1.067 7.724 0102Ra0185
4165.671 92.1 0.036 -1.5 "" ""
4165.672 607.01214 2.414 -4.21 7.724 0809Qc0335
4165.679 20.0 4.76 -2.78 "" ""
4165.701 106.00113 0.638 -1.944 3.464 BX11P135
4165.702 607.01314 0.568 -1.09 7.724 0102Rb0175
4165.706 607.01214 2.414 -0.831 7.724 0809Pa0345
4165.724 607.01314 0.568 -3.931 7.724 0102Qd0185
4165.744 24.1 5.489 -3.28 "" ""
4165.746 607.01214 2.414 -0.842 7.724 0809Pb0335
4165.758 42.0 2.834 -1.71 "" ""
4165.758 607.01214 1.034 -3.622 7.724 0304Qc0125
4165.761 21.0 1.952 -2.02 "" ""
4165.766 90.0 0.966 -0.37 "" ""
4165.77 607.01314 2.431 -1.106 7.724 0910Pb0205
4165.774 607.01214 1.034 -1.075 7.724 0304Pa0135
4165.791 607.01314 2.431 -4.047 7.724 0910Qc0205
4165.805 27.0 3.565 -2.79 "" ""
4165.808 607.01214 1.034 -1.109 7.724 0304Pb0125
4165.811 607.01314 2.431 -1.087 7.724 0910Pa0215
4165.814 20.0 5.983 -4.76 "" ""
4165.838 41.0 1.489 -0.69 "" ""
4165.85 58.1 1.091 -0.68 LAWLER ""
4165.941 106.00113 1.648 -2.577 3.464 AX43P215
4165.97 24.0 3.885 -2.81 "" ""
4165.974 607.01214 2.429 -4.225 7.724 0809Qc0345
4165.976 607.01214 2.761 -4.346 7.724 1011Qd0275
4165.977 106.00113 1.648 -4.638 3.464 AX43Q205
4165.987 607.01314 0.734 -2.123 7.724 0203Ra0005
4165.99 607.01314 0.734 -2.423 7.724 0203Qd0005
4166.0 56.1 2.72 -0.42 "" ""
4166.009 607.01214 2.429 -0.821 7.724 0809Pa0355
4166.037 607.01214 2.386 -3.199 7.724 0910Qc0025
4166.037 77.0 1.224 -2.64 "" ""
4166.042 607.01214 2.386 -1.897 7.724 0910Pa0035
4166.042 607.01214 2.386 -2.052 7.724 0910Pb0025
4166.042 607.01214 2.429 -0.831 7.724 0809Pb0345
4166.046 106.00113 1.648 -2.654 3.464 AX43P205
4166.057 607.01214 1.04 -3.655 7.724 0304Qc0135
4166.065 607.01314 0.468 -1.084 7.724 0001Ra0315
4166.067 607.01214 0.766 -1.282 7.724 0203Ra0085
4166.074 607.01214 1.04 -1.044 7.724 0304Pa0145
4166.085 607.01214 0.766 -1.33 7.724 0203Rb0075
4166.091 26.0 4.47 -3.01 "" ""
4166.096 607.01214 0.766 -3.51 7.724 0203Qd0085
4166.111 607.01214 1.04 -1.075 7.724 0304Pb0135
4166.117 607.01314 0.468 -1.097 7.724 0001Rb0305
4166.153 607.01314 0.468 -4.392 7.724 0001Qd0315
4166.169 23.0 1.892 -5.6 "" ""
4166.172 607.01314 2.575 -1.472 7.724 1011Ra0105
4166.185 25.0 4.682 -1.31 "" ""
4166.189 22.0 1.429 -3.54 "" ""
4166.201 607.01214 2.762 -1.17 7.724 1011Rb0265
4166.202 58.1 1.353 -0.5 "" ""
4166.223 607.01314 2.575 -1.51 7.724 1011Rb0095
4166.233 607.01314 2.575 -3.868 7.724 1011Qd0105
4166.271 607.01214 2.444 -4.239 7.724 0809Qc0355
4166.279 42.0 3.075 -1.27 "" ""
4166.294 106.00112 1.144 -4.282 3.464 AX22R175
4166.303 20.0 4.677 -2.77 "" ""
4166.307 607.01214 2.444 -0.81 7.724 0809Pa0365
4166.308 22.0 1.878 -0.95 LAWLER ""
4166.33 607.01214 1.047 -3.685 7.724 0304Qc0145
4166.332 607.01214 2.444 -0.821 7.724 0809Pb0355
4166.347 607.01214 1.047 -1.015 7.724 0304Pa0155
4166.355 27.0 3.565 -4.54 "" ""
4166.371 40.0 0.686 -0.62 "" ""
4166.371 607.01314 2.44 -1.087 7.724 0910Pb0215
4166.379 607.01314 2.44 -4.069 7.724 0910Qc0215
4166.387 607.01214 1.047 -1.044 7.724 0304Pb0145
4166.392 22.0 1.732 -2.57 "" ""
4166.4 607.01314 2.44 -1.068 7.724 0910Pa0225
4166.409 24.0 2.542 -2.13 "" ""
4166.474 106.00112 1.432 -10.307 3.464 CX03Q165
4166.488 106.00112 1.432 -5.592 3.464 CX03P175
4166.512 106.00113 0.97 -7.876 3.464 CX03P015
4166.522 26.0 4.368 -3.93 "" ""
4166.546 106.00113 0.97 -6.749 3.464 CX03Q015
4166.549 22.0 3.087 -2.93 "" ""
4166.577 607.01214 1.054 -3.713 7.724 0304Qc0155
4166.579 106.00112 1.432 -5.642 3.464 CX03P165
4166.597 607.01214 1.054 -0.988 7.724 0304Pa0165
4166.613 607.01214 2.387 -3.33 7.724 0910Qc0035
4166.618 607.01214 2.46 -0.811 7.724 0809Pb0365
4166.62 607.01214 2.387 -1.784 7.724 0910Pa0045
4166.62 607.01214 2.387 -1.897 7.724 0910Pb0035
4166.633 92.0 0.077 -1.15 "" ""
4166.638 607.01214 1.054 -1.015 7.724 0304Pb0155
4166.649 58.1 0.587 -0.67 LAWLER ""
4166.672 607.01214 0.619 -0.996 7.724 0102Ra0225
4166.701 23.0 2.294 -1.09 "" ""
4166.713 22.1 4.006 -6.5 "" ""
4166.717 607.01214 0.619 -1.015 7.724 0102Rb0215
4166.719 106.00113 1.14 -4.282 3.464 AX22R175
4166.728 24.0 4.609 -3.99 "" ""
4166.744 607.01214 0.619 -4.023 7.724 0102Qd0225
4166.756 607.01314 2.571 -1.51 7.724 1011Ra0095
4166.772 26.0 4.253 -3.99 "" ""
4166.787 607.01214 0.528 -1.055 7.724 0001Ra0345
4166.794 607.01314 0.56 -1.09 7.724 0102Ra0175
4166.799 607.01214 1.062 -3.74 7.724 0304Qc0165
4166.803 607.01314 2.571 -1.552 7.724 1011Rb0085
4166.811 106.00113 1.856 -1.96 3.464 AX54R205
4166.813 607.01314 2.571 -3.826 7.724 1011Qd0095
4166.82 607.01214 1.062 -0.962 7.724 0304Pa0175
4166.83 607.01314 0.56 -1.114 7.724 0102Rb0165
4166.844 607.01214 0.528 -1.067 7.724 0001Rb0335
4166.851 607.01314 0.56 -3.908 7.724 0102Qd0175
4166.861 106.00113 1.856 -4.195 3.464 AX54Q205
4166.865 607.01214 1.062 -0.988 7.724 0304Pb0165
4166.867 27.0 2.135 -6.07 "" ""
4166.876 44.0 0.811 -1.63 "" ""
4166.884 58.1 1.347 0.55 "" ""
4166.885 106.00113 1.856 -1.993 3.464 AX54R195
4166.887 607.01214 0.528 -4.439 7.724 0001Qd0345
4166.894 25.1 7.376 -6.91 "" ""
4166.947 607.01214 0.762 -1.33 7.724 0203Ra0075
4166.955 28.0 4.102 -0.95 "" ""
4166.965 607.01214 0.762 -1.384 7.724 0203Rb0065
4166.974 607.01214 0.762 -3.458 7.724 0203Qd0075
4166.975 106.00112 0.988 -8.769 3.464 CX03R025
4166.979 23.0 2.276 -1.08 "" ""
4166.992 607.01214 2.75 -4.327 7.724 1011Qd0265
4166.996 607.01214 1.07 -3.765 7.724 0304Qc0175
4166.999 607.01314 2.449 -4.09 7.724 0910Qc0225
4167.0 106.00112 0.988 -6.55 3.464 CX03Q025
4167.008 607.01314 2.449 -1.068 7.724 0910Pb0225
4167.019 607.01214 1.07 -0.938 7.724 0304Pa0185
4167.02 607.01314 2.449 -1.051 7.724 0910Pa0235
4167.064 607.01214 1.07 -0.962 7.724 0304Pb0175
4167.066 106.00112 0.64 -4.211 3.464 AX11R135
4167.072 106.00113 1.42 -5.269 3.464 AX54P095
4167.163 64.1 0.425 -1.07 "" ""
4167.167 607.01214 1.078 -3.789 7.724 0304Qc0185
4167.184 607.01214 2.39 -3.429 7.724 0910Qc0045
4167.187 106.00113 1.376 -5.643 3.464 CX03P165
4167.188 607.01214 2.75 -1.182 7.724 1011Rb0255
4167.19 607.01214 2.39 -1.696 7.724 0910Pa0055
4167.191 607.01214 1.078 -0.915 7.724 0304Pa0195
4167.194 607.01214 2.39 -1.784 7.724 0910Pb0045
4167.198 106.00112 0.27 -4.176 3.464 AX00R125
4167.218 25.0 4.675 -1.52 "" ""
4167.22 106.00113 1.377 -5.694 3.464 CX03P155
4167.225 27.0 3.684 -5.55 "" ""
4167.238 607.01214 1.078 -0.938 7.724 0304Pb0185
4167.238 607.01314 0.734 -2.122 7.724 0203Pa0015
4167.238 607.01314 0.734 -2.424 7.724 0203Qc0005
4167.27 64.0 0.124 -0.81 "" ""
4167.271 12.0 4.343 -1.0 "" ""
4167.3 23.1 6.461 -3.15 "" ""
4167.3 607.01214 2.785 -1.138 7.724 1011Ra0295
4167.313 607.01214 1.087 -3.811 7.724 0304Qc0195
4167.319 22.0 2.406 -2.44 "" ""
4167.338 607.01214 1.087 -0.893 7.724 0304Pa0205
4167.339 607.01314 2.568 -1.552 7.724 1011Ra0085
4167.344 26.0 4.188 -3.35 "" ""
4167.346 106.00112 0.64 -1.927 3.464 BX11P125
4167.35 42.0 3.3 -1.54 "" ""
4167.364 607.01214 2.773 -1.148 7.724 1011Ra0285
4167.383 607.01314 2.568 -1.6 7.724 1011Rb0075
4167.384 106.00112 0.994 -1.201 3.464 AX00R245
4167.387 607.01214 1.087 -0.915 7.724 0304Pb0195
4167.391 607.01314 2.568 -3.779 7.724 1011Qd0085
4167.392 106.00112 0.64 -6.998 3.464 BX11Q125
4167.434 607.01214 1.097 -3.832 7.724 0304Qc0205
4167.46 607.01214 1.097 -0.872 7.724 0304Pa0215
4167.505 23.1 1.678 -3.63 "" ""
4167.507 39.0 0.066 -0.43 "" ""
4167.51 607.01214 1.097 -0.893 7.724 0304Pb0205
4167.513 106.00113 1.425 -5.765 3.464 AX43P165
4167.514 44.0 1.138 -0.6 "" ""
4167.517 106.00112 0.994 -3.606 3.464 AX00Q245
4167.517 26.0 4.1 -3.22 "" ""
4167.529 607.01214 1.107 -3.853 7.724 0304Qc0215
4167.544 106.00112 0.64 -1.943 3.464 BX11P135
4167.552 24.0 3.886 -3.5 "" ""
4167.556 607.01214 1.107 -0.853 7.724 0304Pa0225
4167.559 106.00112 0.994 -1.213 3.464 AX00R235
4167.575 607.01314 0.454 -1.097 7.724 0001Ra0305
4167.578 607.01214 2.761 -1.159 7.724 1011Ra0275
4167.582 58.1 0.721 -1.3 LAWLER ""
4167.583 106.00112 1.324 -7.71 3.464 CX14P055
4167.59 27.0 3.71 -1.11 "" ""
4167.6 607.01214 1.117 -3.872 7.724 0304Qc0225
4167.608 607.01214 1.107 -0.872 7.724 0304Pb0215
4167.611 106.00112 0.988 -6.411 3.464 CX03Q035
4167.624 607.01314 0.454 -1.111 7.724 0001Rb0295
4167.627 607.01214 1.117 -0.834 7.724 0304Pa0235
4167.629 106.00113 1.377 -10.359 3.464 CX03Q155
4167.636 106.00112 0.988 -8.388 3.464 CX03P035
4167.644 607.01214 1.128 -3.891 7.724 0304Qc0235
4167.654 22.1 1.079 -5.01 "" ""
4167.656 607.01314 2.459 -4.111 7.724 0910Qc0235
4167.659 607.01214 1.151 -3.926 7.724 0304Qc0255
4167.661 607.01314 0.454 -4.379 7.724 0001Qd0305
4167.664 607.01214 1.139 -3.909 7.724 0304Qc0245
4167.674 607.01214 1.128 -0.816 7.724 0304Pa0245
4167.678 607.01314 2.459 -1.034 7.724 0910Pa0245
4167.681 607.01214 1.117 -0.853 7.724 0304Pb0225
4167.686 26.1 4.728 -6.55 "" ""
4167.688 106.00113 1.42 -5.298 3.464 AX54P095
4167.689 22.0 3.109 -0.49 "" ""
4167.69 607.01214 1.151 -0.781 7.724 0304Pa0265
4167.692 607.01314 2.459 -1.051 7.724 0910Pb0235
4167.694 607.01214 1.139 -0.798 7.724 0304Pa0255
4167.718 607.01214 1.163 -0.781 7.724 0304Pb0265
4167.722 26.0 4.442 -2.1 "" ""
4167.728 607.01214 1.128 -0.834 7.724 0304Pb0235
4167.73 106.00113 0.638 -4.211 3.464 AX11R135
4167.735 106.00112 0.97 -7.824 3.464 CX03R005
4167.742 26.0 3.571 -5.51 "" ""
4167.746 106.00112 0.97 -7.197 3.464 CX03Q005
4167.746 607.01214 1.151 -0.798 7.724 0304Pb0255
4167.749 607.01214 2.392 -3.51 7.724 0910Qc0055
4167.75 607.01214 1.139 -0.816 7.724 0304Pb0245
4167.756 607.01214 2.392 -1.622 7.724 0910Pa0065
4167.762 607.01214 2.392 -1.696 7.724 0910Pb0055
4167.792 24.0 2.98 -2.67 "" ""
4167.798 58.1 1.122 -0.01 BIEMONT ""
4167.803 607.01214 0.759 -1.385 7.724 0203Ra0065
4167.814 24.0 4.398 -4.11 "" ""
4167.819 607.01214 0.759 -1.447 7.724 0203Rb0055
4167.823 607.01314 0.735 -2.822 7.724 0203Qc0015
4167.825 607.01314 0.735 -1.867 7.724 0203Pa0025
4167.825 607.01314 0.735 -2.122 7.724 0203Pb0015
4167.827 607.01214 0.759 -3.4 7.724 0203Qd0065
4167.852 27.0 3.565 -1.31 "" ""
4167.859 26.0 3.299 -1.91 "" ""
4167.881 607.01214 2.739 -4.308 7.724 1011Qd0255
4167.9 607.01314 0.552 -1.114 7.724 0102Ra0165
4167.908 607.01214 2.75 -1.17 7.724 1011Ra0265
4167.922 607.01314 2.564 -1.6 7.724 1011Ra0075
4167.931 607.01314 0.552 -1.14 7.724 0102Rb0155
4167.94 24.0 4.851 0.14 "" ""
4167.947 106.00113 0.268 -4.175 3.464 AX00R125
4167.951 607.01314 0.552 -3.883 7.724 0102Qd0165
4167.956 26.0 3.692 -2.02 "" ""
4167.959 24.0 4.398 -4.25 "" ""
4167.962 607.01314 2.564 -1.654 7.724 1011Rb0065
4167.963 607.01214 0.609 -1.015 7.724 0102Ra0215
4167.969 607.01314 2.564 -3.727 7.724 1011Qd0075
4167.974 66.0 0.512 0.86 "" ""
4167.976 26.0 3.639 -2.45 "" ""
4167.99 60.1 1.456 0.51 "" ""
4168.006 607.01214 0.609 -1.034 7.724 0102Rb0205
4168.015 106.00113 0.988 -1.201 3.464 AX00R245
4168.032 607.01214 0.609 -4.004 7.724 0102Qd0215
4168.033 82.0 2.658 -0.78 "" ""
4168.047 27.0 3.064 -3.63 "" ""
4168.051 607.01214 2.739 -1.196 7.724 1011Rb0245
4168.12 41.0 0.0 -0.32 "" ""
4168.124 106.00112 0.641 -4.169 3.464 AX11R135
4168.141 106.00113 0.988 -3.606 3.464 AX00Q245
4168.145 106.00112 0.27 -4.136 3.464 AX00R125
4168.149 106.00112 1.491 -4.327 3.464 AX54Q115
4168.153 106.00112 1.491 -2.768 3.464 AX54P115
4168.169 27.0 2.716 -3.18 "" ""
4168.202 106.00113 0.988 -1.213 3.464 AX00R235
4168.205 23.1 6.052 -3.84 "" ""
4168.292 106.00112 1.491 -2.705 3.464 AX54P125
4168.309 607.01214 2.395 -3.579 7.724 0910Qc0065
4168.317 607.01214 2.395 -1.56 7.724 0910Pa0075
4168.323 607.01214 2.395 -1.622 7.724 0910Pb0065
4168.327 21.0 2.606 -3.18 "" ""
4168.328 607.01214 2.739 -1.183 7.724 1011Ra0255
4168.339 24.0 3.842 -2.06 "" ""
4168.361 607.01314 2.469 -4.13 7.724 0910Qc0245
4168.383 607.01314 0.737 -3.014 7.724 0203Qc0025
4168.384 607.01314 2.469 -1.019 7.724 0910Pa0255
4168.387 607.01314 0.737 -1.712 7.724 0203Pa0035
4168.387 607.01314 0.737 -1.867 7.724 0203Pb0025
4168.402 23.1 4.732 -2.89 "" ""
4168.43 607.01314 2.469 -1.034 7.724 0910Pb0245
4168.443 27.0 3.772 -1.63 "" ""
4168.445 106.00113 0.967 -7.199 3.464 CX03Q005
4168.451 607.01214 0.512 -1.067 7.724 0001Ra0335
4168.498 106.00112 0.978 -8.649 3.464 CX03R015
4168.503 607.01314 2.562 -1.654 7.724 1011Ra0065
4168.508 607.01214 0.512 -1.08 7.724 0001Rb0325
4168.515 106.00112 0.978 -6.753 3.464 CX03Q015
4168.54 607.01314 2.562 -1.715 7.724 1011Rb0055
4168.546 607.01314 2.562 -3.668 7.724 1011Qd0065
4168.549 607.01214 0.512 -4.427 7.724 0001Qd0335
4168.593 22.0 2.693 -1.88 "" ""
4168.614 26.0 3.366 -1.94 "" ""
4168.631 607.01214 0.756 -1.447 7.724 0203Ra0055
4168.634 90.1 1.31 -0.81 "" ""
4168.645 607.01214 0.756 -1.52 7.724 0203Rb0045
4168.65 74.0 2.265 -0.53 "" ""
4168.652 607.01214 0.756 -3.332 7.724 0203Qd0055
4168.66 26.1 2.64 -5.31 "" ""
4168.673 607.01214 2.729 -4.288 7.724 1011Qd0245
4168.749 60.1 1.528 -0.18 "" ""
4168.774 106.00113 0.639 -4.169 3.464 AX11R135
4168.814 607.01214 2.729 -1.196 7.724 1011Ra0245
4168.819 607.01214 2.729 -1.21 7.724 1011Rb0235
4168.852 106.00113 1.34 -7.758 3.464 CX14P065
4168.864 607.01214 2.398 -3.638 7.724 0910Qc0075
4168.865 22.0 1.459 -3.64 "" ""
4168.872 607.01214 2.398 -1.505 7.724 0910Pa0085
4168.873 106.00113 0.557 -4.57 3.464 BX11P105
4168.882 607.01214 2.398 -1.56 7.724 0910Pb0075
4168.883 106.00113 0.269 -4.136 3.464 AX00R125
4168.906 23.0 1.05 -2.01 "" ""
4168.917 607.01314 0.738 -3.144 7.724 0203Qc0035
4168.924 607.01314 0.738 -1.599 7.724 0203Pa0045
4168.924 607.01314 0.738 -1.712 7.724 0203Pb0035
4168.943 26.0 3.414 -1.65 "" ""
4168.98 607.01314 0.545 -1.14 7.724 0102Ra0155
4169.005 23.1 6.096 -1.75 "" ""
4169.007 607.01314 0.545 -1.167 7.724 0102Rb0145
4169.015 106.00112 1.491 -4.348 3.464 AX54Q115
4169.02 106.00112 1.491 -2.768 3.464 AX54P115
4169.026 607.01314 0.545 -3.857 7.724 0102Qd0155
4169.033 21.0 1.968 -2.17 "" ""
4169.047 92.0 1.006 0.12 "" ""
4169.059 607.01314 0.441 -1.111 7.724 0001Ra0295
4169.066 27.0 2.54 -4.82 "" ""
4169.083 607.01314 2.559 -1.715 7.724 1011Ra0055
4169.092 26.0 1.01 -8.41 "" ""
4169.099 106.00112 1.491 -2.706 3.464 AX54P125
4169.11 607.01314 0.441 -1.126 7.724 0001Rb0285
4169.116 607.01314 2.559 -1.788 7.724 1011Rb0045
4169.121 607.01314 2.559 -3.599 7.724 1011Qd0055
4169.122 607.01314 2.48 -4.149 7.724 0910Qc0255
4169.144 607.01314 0.441 -4.365 7.724 0001Qd0295
4169.146 607.01314 2.48 -1.004 7.724 0910Pa0265
4169.17 20.0 4.765 -4.03 "" ""
4169.226 607.01214 0.599 -1.034 7.724 0102Ra0205
4169.236 607.01314 2.48 -1.019 7.724 0910Pb0255
4169.252 66.1 0.103 -2.09 "" ""
4169.254 23.0 1.892 -1.12 LAWNOHFS ""
4169.268 607.01214 0.599 -1.055 7.724 0102Rb0195
4169.287 26.0 4.368 -1.61 "" ""
4169.293 607.01214 0.599 -3.984 7.724 0102Qd0205
4169.313 106.00113 1.426 -5.814 3.464 AX43P165
4169.32 106.00113 1.523 -2.703 3.464 AX54P125
4169.325 40.0 1.778 -0.26 "" ""
4169.326 22.0 1.886 -0.81 LAWLER ""
4169.327 106.00113 1.523 -4.327 3.464 AX54Q125
4169.332 23.1 1.678 -3.65 "" ""
4169.344 106.00113 1.593 -6.754 3.464 AX21P275
4169.349 607.01214 2.719 -1.21 7.724 1011Ra0235
4169.394 607.01214 2.719 -4.267 7.724 1011Qd0235
4169.413 607.01214 2.402 -3.69 7.724 0910Qc0085
4169.424 607.01214 2.402 -1.457 7.724 0910Pa0095
4169.426 607.01314 0.741 -3.243 7.724 0203Qc0045
4169.433 607.01214 0.754 -1.521 7.724 0203Ra0045
4169.434 607.01314 0.741 -1.51 7.724 0203Pa0055
4169.434 607.01314 0.741 -1.599 7.724 0203Pb0045
4169.435 607.01214 2.402 -1.505 7.724 0910Pb0085
4169.436 25.0 4.675 -2.01 "" ""
4169.439 106.00112 0.979 -6.549 3.464 CX03Q025
4169.445 607.01214 0.754 -1.609 7.724 0203Rb0035
4169.446 59.1 0.422 -0.67 "" ""
4169.451 607.01214 0.754 -3.252 7.724 0203Qd0045
4169.452 106.00113 1.523 -2.641 3.464 AX54P135
4169.457 106.00112 0.979 -8.211 3.464 CX03P025
4169.47 62.1 0.248 -0.76 LAWLER ""
4169.518 607.01214 2.719 -1.225 7.724 1011Rb0225
4169.573 41.0 1.531 -0.35 "" ""
4169.581 106.00112 0.917 -1.212 3.464 AX00R235
4169.594 27.0 2.868 -2.55 "" ""
4169.61 23.0 1.08 -6.45 "" ""
4169.629 22.0 2.47 -4.32 "" ""
4169.635 106.00112 0.917 -1.225 3.464 AX00R225
4169.663 607.01314 2.557 -1.788 7.724 1011Ra0045
4169.692 607.01314 2.557 -1.876 7.724 1011Rb0035
4169.695 607.01314 2.557 -3.518 7.724 1011Qd0045
4169.7 28.0 4.164 -2.36 "" ""
4169.713 106.00112 0.917 -3.624 3.464 AX00Q235
4169.734 106.00113 1.751 -7.176 3.464 CX25P115
4169.757 26.0 3.394 -1.91 "" ""
4169.761 26.1 7.481 -4.56 "" ""
4169.763 20.0 5.951 -4.02 "" ""
4169.766 58.1 0.721 -0.55 LAWLER ""
4169.816 42.0 2.913 -1.19 "" ""
4169.838 46.0 1.251 -2.08 "" ""
4169.84 25.1 6.806 -6.63 "" ""
4169.846 24.0 4.102 0.23 "" ""
4169.877 58.1 0.536 -0.35 LAWLER ""
4169.896 26.0 3.692 -1.8 "" ""
4169.897 24.0 3.887 -4.16 "" ""
4169.908 607.01314 0.743 -3.324 7.724 0203Qc0055
4169.917 607.01214 2.709 -1.225 7.724 1011Ra0225
4169.921 607.01314 0.743 -1.436 7.724 0203Pa0065
4169.921 607.01314 0.743 -1.51 7.724 0203Pb0055
4169.929 20.0 4.76 -4.19 "" ""
4169.936 26.0 4.1 -2.65 "" ""
4169.957 607.01214 2.406 -3.737 7.724 0910Qc0095
4169.967 607.01214 2.406 -1.414 7.724 0910Pa0105
4169.979 26.1 2.275 -5.41 "" ""
4169.98 607.01214 2.406 -1.457 7.724 0910Pb0095
4170.029 607.01314 0.539 -1.167 7.724 0102Ra0145
4170.048 22.1 3.999 -4.71 "" ""
4170.05 20.0 5.951 -5.17 "" ""
4170.05 44.0 1.691 -0.95 "" ""
4170.052 25.0 4.675 -2.6 "" ""
4170.057 607.01314 0.539 -1.196 7.724 0102Rb0135
4170.064 607.01214 2.709 -4.246 7.724 1011Qd0225
4170.074 607.01314 0.539 -3.829 7.724 0102Qd0145
4170.089 607.01214 0.497 -1.08 7.724 0001Ra0325
4170.105 22.0 2.504 -4.61 "" ""
4170.107 23.0 2.364 -3.74 "" ""
4170.111 64.1 0.427 -1.41 "" ""
4170.114 21.0 1.994 -1.36 "" ""
4170.121 607.01314 2.491 -1.004 7.724 0910Pb0265
4170.144 607.01214 0.497 -1.093 7.724 0001Rb0315
4170.168 607.01214 2.709 -1.24 7.724 1011Rb0215
4170.185 607.01214 0.497 -4.414 7.724 0001Qd0325
4170.186 106.00112 1.724 -7.166 3.464 CX25P105
4170.192 24.0 4.096 0.06 "" ""
4170.209 607.01214 0.752 -1.609 7.724 0203Ra0035
4170.217 607.01214 0.752 -1.722 7.724 0203Rb0025
4170.224 607.01214 0.752 -3.152 7.724 0203Qd0035
4170.229 106.00113 0.911 -1.212 3.464 AX00R235
4170.241 607.01314 2.556 -1.876 7.724 1011Ra0035
4170.264 607.01314 2.556 -1.988 7.724 1011Rb0025
4170.267 607.01314 2.556 -3.419 7.724 1011Qd0035
4170.299 106.00113 0.911 -1.225 3.464 AX00R225
4170.309 106.00113 1.524 -2.703 3.464 AX54P125
4170.317 106.00113 1.524 -4.35 3.464 AX54Q125
4170.349 42.0 1.334 -3.03 "" ""
4170.359 106.00113 0.911 -3.623 3.464 AX00Q235
4170.361 75.0 3.409 0.4 "" ""
4170.365 607.01314 0.746 -3.392 7.724 0203Qc0065
4170.37 607.01314 0.746 -1.436 7.724 0203Pb0065
4170.38 106.00113 1.524 -2.641 3.464 AX54P135
4170.384 24.0 3.123 -9.5 "" ""
4170.393 607.01314 0.746 -1.373 7.724 0203Pa0075
4170.449 69.0 2.353 0.39 "" ""
4170.457 6.0 7.94 -3.4 "" ""
4170.463 607.01214 0.59 -1.055 7.724 0102Ra0195
4170.466 90.1 1.144 -0.86 "" ""
4170.496 607.01214 2.411 -3.779 7.724 0910Qc0105
4170.503 607.01214 0.59 -1.076 7.724 0102Rb0185
4170.506 607.01214 2.7 -1.24 7.724 1011Ra0215
4170.507 607.01214 2.411 -1.375 7.724 0910Pa0115
4170.509 23.1 6.019 -4.41 "" ""
4170.517 607.01314 0.428 -1.126 7.724 0001Ra0285
4170.522 607.01214 2.411 -1.414 7.724 0910Pb0105
4170.527 607.01214 0.59 -3.963 7.724 0102Qd0195
4170.527 74.0 2.265 -0.27 "" ""
4170.533 90.0 0.615 -0.52 "" ""
4170.566 607.01314 0.428 -1.141 7.724 0001Rb0275
4170.598 106.00112 0.559 -4.57 3.464 BX11P105
