wavelength species excitation loggf disassociation_energy comment
4474.363 106.00113 1.789 -1.877 3.464 AX55R125
4474.374 607.01314 2.345 -3.788 7.724 0810Qc0055
4474.375 22.0 2.425 -6.1 "" ""
4474.376 607.01214 2.428 -1.576 7.724 0810Rb0135
4474.381 607.01314 2.345 -1.899 7.724 0810Pa0065
4474.391 607.01214 1.777 -1.562 7.724 0507Rb0175
4474.391 607.01214 2.428 -4.207 7.724 0810Qd0145
4474.401 607.01314 2.345 -1.973 7.724 0810Pb0055
4474.407 106.00113 1.789 -1.876 3.464 AX55R135
4474.409 25.0 5.083 -3.77 "" ""
4474.414 607.01214 1.777 -4.399 7.724 0507Qd0185
4474.415 106.00113 1.789 -3.684 3.464 AX55Q135
4474.417 106.00112 0.734 -7.397 3.464 BX01Q145
4474.434 607.01314 2.149 -1.664 7.724 0709Pb0115
4474.454 26.0 4.309 -3.19 "" ""
4474.466 24.0 3.142 -2.44 "" ""
4474.471 607.01314 1.675 -1.997 7.724 0507Ra0055
4474.479 68.1 0.886 -2.08 LAWLER ""
4474.501 607.01314 1.675 -2.07 7.724 0507Rb0045
4474.508 607.01314 1.675 -3.881 7.724 0507Qd0055
4474.525 20.0 4.765 -1.67 "" ""
4474.534 106.00113 1.868 -1.39 3.464 AX22P285
4474.561 24.1 5.489 -2.08 "" ""
4474.562 106.00112 0.734 -2.59 3.464 BX01P155
4474.568 607.01214 1.624 -1.466 7.724 0406Ra0265
4474.57 42.0 2.062 -0.5 "" ""
4474.608 607.01314 1.903 -3.833 7.724 0608Qc0055
4474.616 607.01314 1.903 -1.943 7.724 0608Pa0065
4474.629 607.01214 1.624 -1.481 7.724 0406Rb0255
4474.632 106.00113 1.487 -1.855 3.464 AX44P115
4474.632 607.01314 1.903 -2.017 7.724 0608Pb0055
4474.633 106.00113 1.487 -3.55 3.464 AX44Q115
4474.636 106.00112 1.092 -4.446 3.464 AX22P155
4474.641 23.0 2.682 -7.1 "" ""
4474.642 42.0 2.274 -1.03 "" ""
4474.65 607.01314 2.155 -4.143 7.724 0709Qc0125
4474.663 607.01214 1.624 -4.624 7.724 0406Qd0265
4474.665 607.01314 2.155 -1.593 7.724 0709Pa0135
4474.672 106.00113 1.868 -3.847 3.464 AX22Q275
4474.676 24.0 3.963 -3.72 "" ""
4474.697 106.00112 2.222 -6.807 3.464 CX15P225
4474.699 58.1 1.089 -1.01 "" ""
4474.71 23.0 1.891 0.04 "" ""
4474.717 26.0 4.14 -3.74 "" ""
4474.726 106.00113 1.487 -1.824 3.464 AX44P125
4474.727 106.00112 1.694 -1.906 3.464 AX55R095
4474.738 106.00112 2.222 -11.307 3.464 CX15Q215
4474.744 607.01314 2.906 -1.276 7.724 1012Ra0265
4474.747 607.01214 2.739 -1.314 7.724 0911Ra0255
4474.759 607.01214 2.739 -4.442 7.724 0911Qd0255
4474.772 23.0 1.866 -0.61 "" ""
4474.772 607.01314 2.562 -1.835 7.724 0911Ra0065
4474.772 607.01314 2.562 -1.898 7.724 0911Rb0055
4474.776 607.01314 2.562 -3.849 7.724 0911Qd0065
4474.807 22.0 2.101 -1.58 "" ""
4474.809 607.01314 2.906 -1.291 7.724 1012Rb0255
4474.826 106.00113 1.868 -1.393 3.464 AX22P275
4474.827 607.01314 2.155 -1.627 7.724 0709Pb0125
4474.846 607.01314 2.906 -4.437 7.724 1012Qd0265
4474.851 22.0 1.442 -0.91 LAWLER ""
4474.858 106.00112 1.694 -1.884 3.464 AX55R105
4474.862 106.00112 1.694 -3.523 3.464 AX55Q105
4474.881 106.00112 2.222 -7.101 3.464 CX15P215
4474.918 607.01314 2.348 -3.856 7.724 0810Qc0065
4474.926 607.01314 2.348 -1.836 7.724 0810Pa0075
4474.945 106.00112 1.807 -1.345 3.464 AX44Q195
4474.949 607.01314 2.348 -1.899 7.724 0810Pb0065
4474.955 106.00112 1.807 -3.793 3.464 AX44R185
4474.955 607.01214 2.739 -1.33 7.724 0911Rb0245
4474.958 106.00112 0.681 -4.807 3.464 BX12R035
4475.019 607.01314 2.161 -4.175 7.724 0709Qc0135
4475.03 106.00112 1.807 -3.74 3.464 AX44P195
4475.032 24.0 4.413 -1.92 "" ""
4475.035 607.01314 2.161 -1.562 7.724 0709Pa0145
4475.04 106.00112 1.807 -1.345 3.464 AX44Q185
4475.061 607.01214 2.179 -1.729 7.724 0709Ra0095
4475.061 607.01214 2.179 -1.772 7.724 0709Rb0085
4475.073 607.01214 2.179 -4.045 7.724 0709Qd0095
4475.074 25.1 5.986 -4.39 "" ""
4475.08 75.0 2.147 -0.82 "" ""
4475.109 106.00113 1.214 -1.588 3.464 BX11R225
4475.119 607.01314 1.906 -3.901 7.724 0608Qc0065
4475.127 607.01314 1.906 -1.88 7.724 0608Pa0075
4475.134 24.0 4.443 -2.05 "" ""
4475.142 607.01214 1.961 -1.682 7.724 0608Ra0115
4475.145 607.01314 1.906 -1.944 7.724 0608Pb0065
4475.17 62.1 0.104 -1.83 LAWLER ""
4475.172 22.0 2.091 -1.6 "" ""
4475.175 106.00113 1.214 -6.496 3.464 BX11Q235
4475.188 607.01214 1.961 -1.718 7.724 0608Rb0105
4475.196 607.01314 2.161 -1.593 7.724 0709Pb0135
4475.201 607.01214 1.961 -4.152 7.724 0608Qd0115
4475.234 24.0 2.707 -2.88 "" ""
4475.236 23.1 3.756 -2.12 "" ""
4475.265 607.01214 2.422 -1.576 7.724 0810Ra0135
4475.284 106.00113 1.214 -1.014 3.464 BX11R235
4475.289 106.00113 0.894 -4.48 3.464 AX11P175
4475.304 24.0 2.887 -1.2 "" ""
4475.332 607.01314 1.673 -2.07 7.724 0507Ra0045
4475.34 607.01214 2.422 -1.606 7.724 0810Rb0125
4475.354 607.01214 2.422 -4.177 7.724 0810Qd0135
4475.357 607.01314 1.673 -2.159 7.724 0507Rb0035
4475.363 607.01314 1.673 -3.8 7.724 0507Qd0045
4475.365 607.01314 2.167 -4.205 7.724 0709Qc0145
4475.376 24.0 4.102 -0.26 "" ""
4475.382 607.01314 2.167 -1.533 7.724 0709Pa0155
4475.419 607.01314 1.498 -1.643 7.724 0406Ra0165
4475.443 607.01314 2.352 -3.915 7.724 0810Qc0075
4475.452 607.01314 1.498 -1.668 7.724 0406Rb0155
4475.452 607.01314 2.352 -1.781 7.724 0810Pa0085
4475.472 607.01314 1.498 -4.408 7.724 0406Qd0165
4475.473 106.00113 1.613 -6.924 3.464 CX15R065
4475.478 607.01314 2.352 -1.836 7.724 0810Pb0075
4475.503 22.0 2.115 -1.72 "" ""
4475.517 607.01314 2.559 -1.898 7.724 0911Ra0055
4475.517 607.01314 2.559 -1.971 7.724 0911Rb0045
4475.52 106.00113 1.613 -10.013 3.464 CX15Q075
4475.523 607.01314 2.559 -3.782 7.724 0911Qd0055
4475.528 26.0 4.298 -4.35 "" ""
4475.539 607.01214 1.77 -1.562 7.724 0507Ra0175
4475.541 607.01314 2.167 -1.562 7.724 0709Pb0145
4475.543 607.01314 1.369 -1.543 7.724 0305Ra0275
4475.578 60.1 0.064 -1.98 "" ""
4475.583 607.01314 2.896 -1.291 7.724 1012Ra0255
4475.591 23.1 5.845 -2.05 "" ""
4475.6 106.00113 0.578 -4.475 3.464 AX00P175
4475.602 607.01314 1.91 -3.959 7.724 0608Qc0075
4475.612 607.01314 1.369 -1.558 7.724 0305Rb0265
4475.612 607.01314 1.91 -1.825 7.724 0608Pa0085
4475.618 42.0 2.258 -1.47 "" ""
4475.632 607.01314 1.91 -1.88 7.724 0608Pb0075
4475.647 607.01314 1.369 -4.732 7.724 0305Qd0275
4475.649 607.01314 2.896 -1.307 7.724 1012Rb0245
4475.67 106.00112 1.547 -2.425 3.464 AX55R015
4475.675 23.1 3.75 -1.44 "" ""
4475.678 607.01214 1.77 -1.586 7.724 0507Rb0165
4475.684 607.01314 2.896 -4.421 7.724 1012Qd0255
4475.69 607.01314 2.173 -4.234 7.724 0709Qc0155
4475.701 607.01214 1.77 -4.376 7.724 0507Qd0175
4475.706 106.00113 1.08 -5.878 3.464 BX11P205
4475.707 106.00112 1.547 -2.424 3.464 AX55R015
4475.708 607.01314 2.173 -1.505 7.724 0709Pa0165
4475.718 39.0 1.397 -0.34 "" ""
4475.722 26.0 3.639 -4.52 "" ""
4475.74 106.00113 1.613 -6.835 3.464 CX15R075
4475.769 22.1 4.965 -3.32 "" ""
4475.787 607.01214 2.729 -1.33 7.724 0911Ra0245
4475.803 607.01214 2.729 -4.425 7.724 0911Qd0245
4475.824 60.0 0.293 -0.66 "" ""
4475.831 22.0 2.406 -2.24 "" ""
4475.862 607.01314 2.173 -1.533 7.724 0709Pb0155
4475.882 23.0 1.852 -1.13 LAWNOHFS ""
4475.889 607.01314 2.47 -1.112 7.724 0709Pb0405
4475.892 26.0 4.577 -2.04 "" ""
4475.913 26.0 2.586 -4.98 "" ""
4475.936 106.00113 1.364 -4.258 3.464 AX44P075
4475.949 607.01314 2.355 -3.967 7.724 0810Qc0085
4475.959 607.01314 2.355 -1.732 7.724 0810Pa0095
4475.968 20.0 6.003 -6.31 "" ""
4475.969 26.0 3.637 -6.21 "" ""
4475.972 607.01214 2.729 -1.346 7.724 0911Rb0235
4475.98 14.0 7.102 -4.38 "" ""
4475.985 607.01214 2.175 -1.772 7.724 0709Ra0085
4475.985 607.01214 2.175 -1.82 7.724 0709Rb0075
4475.988 607.01314 2.355 -1.781 7.724 0810Pb0085
4475.991 607.01314 2.18 -4.26 7.724 0709Qc0165
4475.996 607.01214 2.175 -3.999 7.724 0709Qd0085
4475.998 27.0 4.046 -2.78 "" ""
4476.011 607.01314 2.18 -1.479 7.724 0709Pa0175
4476.019 26.0 2.843 -0.57 "" ""
4476.03 106.00113 1.243 -4.352 3.464 AX33P125
4476.036 47.0 3.661 -1.5 "" ""
4476.058 27.0 3.684 -3.82 "" ""
4476.059 607.01314 1.913 -4.011 7.724 0608Qc0085
4476.07 607.01314 1.913 -1.776 7.724 0608Pa0095
4476.076 26.0 3.686 -0.34 RUF14 ""
4476.092 607.01314 1.913 -1.825 7.724 0608Pb0085
4476.115 24.0 5.278 -0.3 "" ""
4476.12 64.0 0.0 -0.26 "" ""
4476.16 607.01314 2.18 -1.505 7.724 0709Pb0165
4476.162 607.01314 1.671 -2.159 7.724 0507Ra0035
4476.173 607.01214 1.957 -1.718 7.724 0608Ra0105
4476.175 607.01214 1.613 -1.482 7.724 0406Ra0255
4476.184 607.01314 1.671 -2.271 7.724 0507Rb0025
4476.19 607.01314 1.671 -3.701 7.724 0507Qd0035
4476.215 607.01214 2.416 -1.606 7.724 0810Ra0125
4476.216 607.01214 1.957 -1.757 7.724 0608Rb0095
4476.222 24.0 4.437 -4.28 "" ""
4476.229 607.01214 1.957 -4.114 7.724 0608Qd0105
4476.235 607.01214 1.613 -1.498 7.724 0406Rb0245
4476.251 607.01314 2.557 -1.971 7.724 0911Ra0045
4476.251 607.01314 2.557 -2.059 7.724 0911Rb0035
4476.256 607.01314 2.557 -3.701 7.724 0911Qd0045
4476.268 607.01214 1.613 -4.607 7.724 0406Qd0255
4476.271 607.01314 2.188 -4.285 7.724 0709Qc0175
4476.286 607.01214 2.416 -1.639 7.724 0810Rb0115
4476.291 607.01314 2.188 -1.455 7.724 0709Pa0185
4476.3 607.01214 2.416 -4.144 7.724 0810Qd0125
4476.313 106.00112 1.796 -7.061 3.464 AX12R275
4476.327 607.01314 2.453 -1.123 7.724 0709Pb0395
4476.359 106.00112 0.898 -4.48 3.464 AX11P175
4476.399 24.0 3.836 -2.26 "" ""
4476.41 106.00113 1.365 -4.282 3.464 AX44P075
4476.418 607.01314 2.886 -1.307 7.724 1012Ra0245
4476.426 24.0 4.774 -3.24 "" ""
4476.436 607.01314 2.188 -1.479 7.724 0709Pb0175
4476.436 607.01314 2.359 -4.013 7.724 0810Qc0095
4476.438 106.00112 1.539 -2.617 3.464 AX55R005
4476.447 607.01314 2.359 -1.688 7.724 0810Pa0105
4476.456 106.00112 1.539 -2.617 3.464 AX55R005
4476.461 28.0 3.462 -3.77 "" ""
4476.48 607.01314 2.359 -1.732 7.724 0810Pb0095
4476.485 607.01314 2.886 -1.324 7.724 1012Rb0235
4476.489 607.01314 1.918 -4.057 7.724 0608Qc0095
4476.495 21.0 3.055 -1.03 "" ""
4476.501 607.01314 1.918 -1.732 7.724 0608Pa0105
4476.519 607.01314 2.886 -4.403 7.724 1012Qd0245
4476.526 607.01314 1.918 -1.776 7.724 0608Pb0095
4476.527 607.01314 2.196 -4.309 7.724 0709Qc0185
4476.549 607.01314 2.196 -1.432 7.724 0709Pa0195
4476.599 22.0 2.083 -1.78 "" ""
4476.605 106.00113 0.908 -5.206 3.464 BX12R125
4476.609 106.00112 0.581 -4.475 3.464 AX00P175
4476.624 106.00112 1.547 -2.853 3.464 AX55Q025
4476.641 24.0 4.444 -3.26 "" ""
4476.649 106.00112 1.547 -2.849 3.464 AX55Q025
4476.65 607.01314 1.491 -1.668 7.724 0406Ra0155
4476.682 607.01314 1.491 -1.695 7.724 0406Rb0145
4476.689 607.01314 2.196 -1.455 7.724 0709Pb0185
4476.698 607.01314 2.437 -1.134 7.724 0709Pb0385
4476.7 607.01314 1.491 -4.382 7.724 0406Qd0155
4476.725 106.00113 0.557 -5.459 3.464 BX01P105
4476.743 106.00113 1.855 -3.821 3.464 AX44R195
4476.748 106.00112 1.793 -9.693 3.464 CX15R125
4476.761 607.01314 2.204 -4.332 7.724 0709Qc0195
4476.782 21.0 5.024 -3.59 "" ""
4476.784 607.01314 2.204 -1.41 7.724 0709Pa0205
4476.787 607.01214 1.762 -1.586 7.724 0507Ra0165
4476.807 607.01214 2.719 -1.347 7.724 0911Ra0235
4476.817 106.00112 1.547 -2.223 3.464 AX55R025
4476.819 106.00113 1.855 -1.352 3.464 AX44Q205
4476.823 106.00113 1.855 -1.347 3.464 AX44Q195
4476.827 607.01214 2.719 -4.407 7.724 0911Qd0235
4476.838 106.00112 1.793 -6.521 3.464 CX15Q125
4476.841 106.00112 1.547 -2.224 3.464 AX55R025
4476.863 106.00113 1.789 -7.061 3.464 AX12R275
4476.876 24.0 3.085 -3.22 "" ""
4476.879 26.0 4.577 -2.15 "" ""
4476.886 106.00112 1.793 -6.514 3.464 CX15Q135
4476.888 607.01214 2.172 -1.821 7.724 0709Ra0075
4476.888 607.01214 2.172 -1.875 7.724 0709Rb0065
4476.893 607.01314 1.922 -4.099 7.724 0608Qc0105
4476.897 607.01214 2.172 -3.947 7.724 0709Qd0075
4476.898 106.00113 1.855 -3.801 3.464 AX44P205
4476.903 106.00113 2.105 -5.133 3.464 AX55R205
4476.905 607.01314 2.364 -4.055 7.724 0810Qc0105
4476.907 607.01314 1.922 -1.692 7.724 0608Pa0115
4476.916 607.01314 2.364 -1.649 7.724 0810Pa0115
4476.919 607.01314 2.204 -1.432 7.724 0709Pb0195
4476.933 607.01314 1.922 -1.732 7.724 0608Pb0105
4476.936 607.01214 1.762 -1.611 7.724 0507Rb0155
4476.947 39.0 1.397 -0.3 "" ""
4476.952 607.01314 2.364 -1.689 7.724 0810Pb0105
4476.958 607.01214 1.762 -4.351 7.724 0507Qd0165
4476.971 607.01214 2.719 -1.364 7.724 0911Rb0225
4476.971 607.01314 1.67 -2.271 7.724 0507Ra0025
4476.971 607.01314 2.556 -2.059 7.724 0911Ra0035
4476.971 607.01314 2.556 -2.172 7.724 0911Rb0025
4476.972 607.01314 2.212 -4.353 7.724 0709Qc0205
4476.975 106.00112 1.793 -10.636 3.464 CX15P135
4476.976 607.01314 2.556 -3.602 7.724 0911Qd0035
4476.983 607.01314 1.67 -2.426 7.724 0507Rb0015
4476.986 607.01314 1.67 -3.571 7.724 0507Qd0025
4476.994 106.00112 1.491 -3.528 3.464 AX44Q115
4476.996 607.01314 2.212 -1.389 7.724 0709Pa0215
4477.0 106.00112 1.491 -1.855 3.464 AX44P115
4477.011 607.01314 2.421 -1.146 7.724 0709Pb0375
4477.056 24.0 2.708 -1.71 "" ""
4477.104 106.00112 1.754 -12.526 3.464 CX04R175
4477.111 26.0 4.577 -1.86 "" ""
4477.123 59.1141 0.204 -2.856 LI/LAW ""
4477.124 22.0 2.425 -2.64 "" ""
4477.124 607.01214 1.307 -2.064 7.724 0002Ra0595
4477.127 607.01314 2.212 -1.41 7.724 0709Pb0205
4477.141 59.1141 0.204 -1.865 LI/LAW ""
4477.148 607.01214 2.411 -1.639 7.724 0810Ra0115
4477.149 59.1141 0.204 -2.658 LI/LAW ""
4477.16 106.00112 1.491 -1.823 3.464 AX44P125
4477.16 607.01314 2.221 -4.373 7.724 0709Qc0215
4477.168 42.0 2.553 -2.47 "" ""
4477.172 106.00113 1.646 -3.711 3.464 AX33Q205
4477.172 59.1141 0.204 -1.818 LI/LAW ""
4477.179 607.01214 1.952 -1.758 7.724 0608Ra0095
4477.183 59.1141 0.204 -2.606 LI/LAW ""
4477.185 607.01314 2.221 -1.369 7.724 0709Pa0225
4477.189 607.01314 1.358 -1.558 7.724 0305Ra0265
4477.19 59.1141 0.204 -2.856 LI/LAW ""
4477.202 106.00112 1.754 -7.751 3.464 CX04Q185
4477.209 59.1141 0.204 -1.748 LI/LAW ""
4477.213 27.0 3.574 -1.91 "" ""
4477.214 106.00113 1.646 -1.541 3.464 AX33P205
4477.216 607.01214 2.411 -1.675 7.724 0810Rb0105
4477.217 607.01214 1.952 -1.801 7.724 0608Rb0085
4477.218 607.01214 1.307 -2.072 7.724 0002Rb0585
4477.223 59.1141 0.204 -2.652 LI/LAW ""
4477.228 607.01214 2.411 -4.11 7.724 0810Qd0115
4477.23 607.01214 1.952 -4.073 7.724 0608Qd0095
4477.232 59.1141 0.204 -2.658 LI/LAW ""
4477.235 27.0 3.968 -3.11 "" ""
4477.236 106.00112 1.754 -7.568 3.464 CX04Q175
4477.238 28.0 4.415 -4.46 "" ""
4477.239 106.00113 1.646 -1.53 3.464 AX33P215
4477.249 607.01314 2.876 -1.324 7.724 1012Ra0235
4477.254 59.1141 0.204 -1.666 LI/LAW ""
4477.256 607.01314 1.358 -1.574 7.724 0305Rb0255
4477.27 59.1141 0.204 -2.847 LI/LAW ""
4477.27 607.01314 1.927 -4.137 7.724 0608Qc0115
4477.272 607.01314 2.406 -1.157 7.724 0709Pb0365
4477.28 59.1141 0.204 -2.606 LI/LAW ""
4477.284 607.01314 1.927 -1.656 7.724 0608Pa0125
4477.285 106.00113 1.244 -4.39 3.464 AX33P125
4477.29 607.01314 1.358 -4.716 7.724 0305Qd0265
4477.291 27.0 3.772 -1.33 "" ""
4477.3 106.00112 1.875 -1.389 3.464 AX22P285
4477.302 607.01214 1.307 -5.889 7.724 0002Qd0595
4477.305 59.1141 0.204 -1.578 LI/LAW ""
4477.314 607.01314 1.927 -1.692 7.724 0608Pb0115
4477.314 607.01314 2.221 -1.389 7.724 0709Pb0215
4477.317 607.01314 2.876 -1.342 7.724 1012Rb0225
4477.325 607.01314 2.231 -4.393 7.724 0709Qc0225
4477.334 106.00112 1.754 -10.488 3.464 CX04P185
4477.336 59.1141 0.204 -2.652 LI/LAW ""
4477.35 607.01314 2.876 -4.386 7.724 1012Qd0235
4477.351 607.01314 2.231 -1.35 7.724 0709Pa0235
4477.356 607.01314 2.369 -4.093 7.724 0810Qc0115
4477.363 59.1141 0.204 -1.489 LI/LAW ""
4477.369 607.01314 2.369 -1.612 7.724 0810Pa0125
4477.379 106.00112 1.875 -3.846 3.464 AX22Q275
4477.398 59.1141 0.204 -2.847 LI/LAW ""
4477.408 607.01314 2.369 -1.649 7.724 0810Pb0115
4477.427 106.00112 1.247 -4.351 3.464 AX33P125
4477.444 106.00112 1.724 -1.89 3.464 AX55R105
4477.444 39.0 1.355 -0.42 "" ""
4477.45 60.1 0.38 -1.33 LAWLER ""
4477.468 607.01314 2.241 -4.412 7.724 0709Qc0235
4477.479 607.01314 2.231 -1.369 7.724 0709Pb0225
4477.481 106.00112 1.875 -1.393 3.464 AX22P275
4477.486 607.01314 2.391 -1.169 7.724 0709Pb0355
4477.495 607.01314 2.241 -1.332 7.724 0709Pa0245
4477.495 62.0 0.387 -0.61 "" ""
4477.588 607.01314 2.251 -4.43 7.724 0709Qc0245
4477.596 106.00112 1.724 -1.874 3.464 AX55R115
4477.613 106.00112 1.724 -3.595 3.464 AX55Q115
4477.616 607.01314 2.251 -1.314 7.724 0709Pa0255
4477.62 607.01314 1.933 -4.172 7.724 0608Qc0125
4477.622 607.01314 2.241 -1.35 7.724 0709Pb0235
4477.636 607.01314 1.933 -1.622 7.724 0608Pa0135
4477.658 607.01314 2.376 -1.182 7.724 0709Pb0345
4477.667 607.01314 1.933 -1.656 7.724 0608Pb0125
4477.668 27.0 2.326 -4.35 "" ""
4477.679 607.01314 2.554 -2.172 7.724 0911Ra0025
4477.679 607.01314 2.554 -2.326 7.724 0911Rb0015
4477.683 607.01314 2.554 -3.471 7.724 0911Qd0025
4477.686 607.01314 2.262 -4.447 7.724 0709Qc0255
4477.704 92.1 0.113 -2.12 "" ""
4477.716 607.01314 2.262 -1.297 7.724 0709Pa0265
4477.737 607.01314 1.669 -2.426 7.724 0507Ra0015
4477.744 607.01314 2.251 -1.332 7.724 0709Pb0245
4477.75 607.01314 1.669 -2.68 7.724 0507Rb0005
4477.752 607.01214 1.602 -1.498 7.724 0406Ra0245
4477.753 607.01314 1.669 -3.379 7.724 0507Qd0015
4477.763 106.00113 1.486 -11.312 3.464 CX04Q125
4477.763 607.01314 2.273 -4.464 7.724 0709Qc0265
4477.768 607.01214 2.169 -1.875 7.724 0709Ra0065
4477.768 607.01214 2.169 -1.937 7.724 0709Rb0055
4477.775 607.01314 2.406 -4.604 7.724 0709Qc0365
4477.775 607.01314 2.421 -4.616 7.724 0709Qc0375
4477.776 607.01214 2.169 -3.889 7.724 0709Qd0065
4477.788 607.01314 2.374 -4.128 7.724 0810Qc0125
4477.79 607.01314 2.391 -4.592 7.724 0709Qc0355
4477.793 607.01314 2.362 -1.195 7.724 0709Pb0335
4477.794 607.01314 2.273 -1.281 7.724 0709Pa0275
4477.797 607.01314 2.437 -4.628 7.724 0709Qc0385
4477.802 607.01314 2.374 -1.578 7.724 0810Pa0135
4477.81 607.01214 2.709 -1.364 7.724 0911Ra0225
4477.811 607.01214 1.602 -1.515 7.724 0406Rb0235
4477.813 607.01314 2.376 -4.579 7.724 0709Qc0345
4477.817 607.01314 2.406 -1.146 7.724 0709Pa0375
4477.818 607.01314 2.421 -1.134 7.724 0709Pa0385
4477.82 607.01314 2.284 -4.48 7.724 0709Qc0275
4477.83 607.01314 2.391 -1.157 7.724 0709Pa0365
4477.834 607.01214 2.709 -4.388 7.724 0911Qd0225
4477.838 607.01314 2.362 -4.566 7.724 0709Qc0335
4477.841 106.00113 1.364 -11.147 3.464 CX04R085
4477.841 607.01314 2.437 -1.123 7.724 0709Pa0395
4477.843 607.01214 1.602 -4.591 7.724 0406Qd0245
4477.844 607.01314 2.262 -1.314 7.724 0709Pb0255
4477.846 607.01314 1.484 -1.695 7.724 0406Ra0145
4477.846 607.01314 2.374 -1.612 7.724 0810Pb0125
4477.846 74.0 3.568 0.16 "" ""
4477.85 607.01314 2.453 -4.639 7.724 0709Qc0395
4477.852 607.01314 2.284 -1.265 7.724 0709Pa0285
4477.852 607.01314 2.376 -1.17 7.724 0709Pa0355
4477.859 607.01314 2.296 -4.495 7.724 0709Qc0285
4477.861 607.01314 2.348 -4.553 7.724 0709Qc0325
4477.87 60.0 0.625 0.23 "" ""
4477.876 607.01314 2.362 -1.182 7.724 0709Pa0345
4477.878 607.01314 2.334 -4.539 7.724 0709Qc0315
4477.879 607.01314 1.484 -1.724 7.724 0406Rb0135
4477.88 607.01314 2.308 -4.51 7.724 0709Qc0295
4477.885 607.01314 2.321 -4.525 7.724 0709Qc0305
4477.891 607.01314 2.296 -1.25 7.724 0709Pa0295
4477.894 607.01314 2.348 -1.208 7.724 0709Pb0325
4477.895 607.01314 2.453 -1.112 7.724 0709Pa0405
4477.897 607.01314 1.484 -4.354 7.724 0406Qd0145
4477.899 607.01314 2.348 -1.195 7.724 0709Pa0335
4477.91 20.0 6.03 -5.83 "" ""
4477.913 607.01314 2.308 -1.236 7.724 0709Pa0305
4477.914 607.01314 2.334 -1.208 7.724 0709Pa0325
4477.916 106.00113 1.543 -2.781 3.464 AX55Q015
4477.92 607.01314 2.321 -1.222 7.724 0709Pa0315
4477.922 607.01314 2.273 -1.297 7.724 0709Pb0265
4477.939 25.1 7.376 -4.41 "" ""
4477.943 607.01314 2.47 -4.65 7.724 0709Qc0405
4477.944 607.01314 1.938 -4.204 7.724 0608Qc0135
4477.953 106.00113 1.543 -2.778 3.464 AX55Q015
4477.954 607.01214 2.709 -1.382 7.724 0911Rb0215
4477.957 20.0 6.03 -5.57 "" ""
4477.961 607.01314 1.938 -1.59 7.724 0608Pa0145
4477.964 607.01314 2.334 -1.222 7.724 0709Pb0315
4477.978 607.01314 2.284 -1.281 7.724 0709Pb0275
4477.993 75.0 2.147 -1.1 "" ""
4477.994 106.00112 1.491 -3.549 3.464 AX44Q115
4477.994 607.01314 1.938 -1.622 7.724 0608Pb0135
4477.997 23.0 1.194 -3.19 "" ""
4478.0 106.00112 1.491 -1.855 3.464 AX44P115
4478.0 607.01214 1.755 -1.611 7.724 0507Ra0155
4478.006 607.01314 2.321 -1.236 7.724 0709Pb0305
4478.012 607.01314 2.296 -1.265 7.724 0709Pb0285
4478.018 26.0 2.196 -3.7 "" ""
4478.021 607.01314 2.308 -1.25 7.724 0709Pb0295
4478.027 23.1 1.564 -4.22 "" ""
4478.031 106.00113 1.486 -8.651 3.464 CX04R115
4478.043 27.0 3.574 -2.7 "" ""
4478.05 26.0 4.577 -1.73 "" ""
4478.063 607.01214 2.406 -1.675 7.724 0810Ra0105
4478.067 27.0 3.968 -2.27 "" ""
4478.075 607.01314 2.867 -1.342 7.724 1012Ra0225
4478.091 106.00112 1.491 -1.823 3.464 AX44P125
4478.123 25.1 5.988 -3.26 "" ""
4478.126 607.01214 2.406 -1.714 7.724 0810Rb0095
4478.138 607.01214 2.406 -4.072 7.724 0810Qd0105
4478.145 607.01314 2.867 -1.36 7.724 1012Rb0215
4478.159 106.00113 1.486 -8.672 3.464 CX04R125
4478.159 607.01214 1.948 -1.801 7.724 0608Ra0085
4478.163 24.0 4.571 -2.92 "" ""
4478.163 607.01214 1.755 -1.638 7.724 0507Rb0145
4478.177 607.01314 2.867 -4.367 7.724 1012Qd0225
4478.186 607.01214 1.755 -4.325 7.724 0507Qd0155
4478.194 607.01214 1.948 -1.849 7.724 0608Rb0075
4478.202 607.01314 2.38 -4.16 7.724 0810Qc0135
4478.204 607.01214 1.948 -4.027 7.724 0608Qd0085
4478.217 607.01314 2.38 -1.547 7.724 0810Pa0145
4478.242 607.01314 1.945 -4.234 7.724 0608Qc0145
4478.244 106.00113 1.543 -2.818 3.464 AX55R015
4478.261 106.00112 1.725 -1.889 3.464 AX55R105
4478.261 607.01314 1.945 -1.561 7.724 0608Pa0155
4478.261 607.01314 2.38 -1.578 7.724 0810Pb0135
4478.279 28.0 3.495 -3.39 "" ""
4478.28 106.00113 1.543 -2.822 3.464 AX55R015
4478.295 607.01314 1.945 -1.59 7.724 0608Pb0145
4478.314 27.0 3.102 -1.0 "" ""
4478.356 106.00112 1.725 -1.874 3.464 AX55R115
4478.372 106.00112 1.725 -3.576 3.464 AX55Q115
4478.373 607.01314 2.554 -2.326 7.724 0911Ra0015
4478.373 607.01314 2.554 -2.581 7.724 0911Rb0005
4478.376 607.01314 2.554 -3.279 7.724 0911Qd0015
4478.384 75.0 1.866 -1.2 "" ""
4478.406 22.0 2.238 -1.89 "" ""
4478.423 106.00113 1.145 -2.812 3.464 BX11P215
4478.488 77.0 1.621 -1.85 "" ""
4478.491 607.01314 1.669 -2.981 7.724 0507Qd0005
4478.492 607.01314 1.669 -2.68 7.724 0507Ra0005
4478.513 607.01314 1.951 -4.262 7.724 0608Qc0155
4478.519 106.00113 1.145 -7.316 3.464 BX11Q215
4478.533 607.01314 1.951 -1.533 7.724 0608Pa0165
4478.54 60.1 0.38 -1.85 LAWLER ""
4478.548 26.0 4.648 -3.41 "" ""
4478.552 106.00112 2.009 -4.878 3.464 AX55R185
4478.569 607.01314 1.951 -1.561 7.724 0608Pb0155
4478.592 106.00113 1.145 -2.631 3.464 BX11P225
4478.597 607.01314 2.386 -4.19 7.724 0810Qc0145
4478.602 607.01314 2.186 -1.183 7.724 0608Pb0365
4478.615 607.01314 2.386 -1.518 7.724 0810Pa0155
4478.623 20.0 6.031 -2.19 "" ""
4478.626 607.01214 2.166 -1.937 7.724 0709Ra0055
4478.626 607.01214 2.166 -2.01 7.724 0709Rb0045
4478.63 106.00112 1.248 -4.39 3.464 AX33P125
4478.633 607.01214 2.166 -3.821 7.724 0709Qd0055
4478.637 25.1 6.64 -0.95 "" ""
4478.66 62.1 0.659 -0.36 LAWLER ""
4478.661 607.01314 2.386 -1.547 7.724 0810Pb0145
4478.669 27.0 2.628 -2.81 LAWNHFS ""
4478.688 22.0 2.248 -5.2 "" ""
4478.758 607.01314 1.958 -4.289 7.724 0608Qc0165
4478.775 62.1 0.659 -0.7 "" ""
4478.78 607.01314 1.958 -1.508 7.724 0608Pa0175
4478.782 607.01314 2.171 -4.618 7.724 0608Qc0355
4478.796 607.01214 2.7 -1.382 7.724 0911Ra0215
4478.803 607.01314 1.347 -1.574 7.724 0305Ra0255
4478.81 64.1 0.6 -0.82 LAWLER ""
4478.817 607.01314 1.958 -1.533 7.724 0608Pb0165
4478.819 607.01314 2.171 -1.196 7.724 0608Pb0355
4478.823 607.01214 2.7 -4.369 7.724 0911Qd0215
4478.825 607.01314 2.171 -1.183 7.724 0608Pa0365
4478.852 106.00113 1.543 -3.107 3.464 AX55P025
4478.868 607.01314 1.347 -1.591 7.724 0305Rb0245
4478.876 106.00113 1.543 -3.105 3.464 AX55P025
4478.898 607.01314 2.858 -1.36 7.724 1012Ra0215
4478.901 607.01314 1.347 -4.7 7.724 0305Qd0255
4478.922 607.01214 2.7 -1.402 7.724 0911Rb0205
4478.962 607.01214 2.402 -1.714 7.724 0810Ra0095
4478.968 607.01314 2.858 -1.38 7.724 1012Rb0205
4478.974 607.01314 2.156 -4.606 7.724 0608Qc0345
4478.975 607.01314 2.392 -4.219 7.724 0810Qc0155
4478.977 607.01314 1.966 -4.314 7.724 0608Qc0175
4478.988 106.00112 1.368 -4.258 3.464 AX44P075
4478.99 26.0 3.639 -4.62 "" ""
4478.995 26.0 3.957 -2.71 "" ""
4478.995 607.01314 1.966 -1.483 7.724 0608Pa0185
4478.995 607.01314 2.392 -1.49 7.724 0810Pa0165
4478.998 607.01314 2.858 -4.348 7.724 1012Qd0215
4479.016 607.01314 2.156 -1.196 7.724 0608Pa0355
4479.018 607.01314 1.478 -1.724 7.724 0406Ra0135
4479.018 607.01314 2.156 -1.208 7.724 0608Pb0345
4479.02 607.01214 2.402 -1.757 7.724 0810Rb0085
4479.03 42.0 3.315 -1.53 "" ""
4479.031 607.01214 2.402 -4.03 7.724 0810Qd0095
4479.032 106.00113 2.106 -5.077 3.464 AX55R205
4479.04 607.01314 1.966 -1.508 7.724 0608Pb0175
4479.04 607.01314 2.392 -1.518 7.724 0810Pb0155
4479.046 607.01314 1.478 -1.755 7.724 0406Rb0125
4479.054 607.01314 2.553 -2.581 7.724 0911Ra0005
4479.056 607.01314 2.553 -2.882 7.724 0911Qd0005
4479.061 106.00113 1.856 -1.352 3.464 AX44Q205
4479.064 607.01314 1.478 -4.325 7.724 0406Qd0135
4479.088 106.00113 1.856 -3.846 3.464 AX44R195
4479.098 106.00113 0.67 -4.726 3.464 BX12R025
4479.107 26.0 4.635 -2.0 "" ""
4479.109 607.01214 1.945 -1.849 7.724 0608Ra0075
4479.112 23.1 5.863 -4.09 "" ""
4479.143 607.01214 1.945 -1.903 7.724 0608Rb0065
4479.148 106.00113 1.856 -3.778 3.464 AX44P205
4479.149 607.01314 2.141 -4.593 7.724 0608Qc0335
4479.152 607.01214 1.945 -3.975 7.724 0608Qd0075
4479.17 607.01314 1.974 -4.337 7.724 0608Qc0185
4479.171 607.01214 1.749 -1.638 7.724 0507Ra0145
4479.176 106.00113 1.856 -1.347 3.464 AX44Q195
4479.18 106.00113 1.543 -2.394 3.464 AX55Q025
4479.19 607.01314 2.141 -1.208 7.724 0608Pa0345
4479.193 607.01314 1.974 -1.46 7.724 0608Pa0195
4479.198 607.01314 2.141 -1.221 7.724 0608Pb0335
4479.2 24.0 3.823 -3.16 "" ""
4479.203 106.00113 1.543 -2.395 3.464 AX55Q025
4479.216 106.00112 1.567 -8.948 3.464 CX15R045
4479.233 607.01314 1.974 -1.483 7.724 0608Pb0185
4479.235 58.1 0.96 -0.75 LAWLER ""
4479.236 106.00112 0.559 -5.458 3.464 BX01P105
4479.239 28.1 6.866 -2.89 "" ""
4479.298 607.01214 1.591 -1.515 7.724 0406Ra0235
4479.306 607.01314 2.127 -4.58 7.724 0608Qc0325
4479.335 607.01314 2.399 -4.245 7.724 0810Qc0165
4479.337 23.1 6.019 -4.21 "" ""
4479.338 607.01314 1.982 -4.36 7.724 0608Qc0195
4479.343 607.01214 1.325 -1.716 7.724 0103Rb0495
4479.345 607.01314 2.127 -1.221 7.724 0608Pa0335
4479.356 607.01214 1.591 -1.533 7.724 0406Rb0225
4479.356 607.01314 1.982 -1.438 7.724 0608Pa0205
4479.356 607.01314 2.399 -1.465 7.724 0810Pa0175
4479.359 607.01314 2.127 -1.234 7.724 0608Pb0325
4479.361 58.1 0.56 -0.44 LAWLER ""
4479.366 607.01214 1.749 -1.666 7.724 0507Rb0135
4479.375 26.0 4.383 -3.17 "" ""
4479.378 106.00113 1.827 -1.879 3.464 AX55R135
4479.385 607.01214 1.749 -4.297 7.724 0507Qd0145
4479.387 607.01214 1.591 -4.573 7.724 0406Qd0235
4479.393 25.0 5.108 0.01 "" ""
4479.404 607.01314 1.982 -1.46 7.724 0608Pb0195
4479.404 607.01314 2.399 -1.49 7.724 0810Pb0165
4479.407 44.0 1.691 -1.5 "" ""
4479.413 607.01214 1.325 -5.399 7.724 0103Qd0505
4479.419 58.1 0.417 -0.93 LAWLER ""
4479.433 20.1 6.463 -2.99 "" ""
4479.442 607.01314 2.114 -4.566 7.724 0608Qc0315
4479.461 607.01214 2.164 -2.01 7.724 0709Ra0045
4479.461 607.01214 2.164 -2.099 7.724 0709Rb0035
4479.467 607.01214 2.164 -3.74 7.724 0709Qd0045
4479.468 106.00113 1.827 -1.885 3.464 AX55R145
4479.469 106.00112 1.368 -4.281 3.464 AX44P075
4479.48 607.01314 1.991 -4.381 7.724 0608Qc0205
4479.481 607.01314 2.114 -1.234 7.724 0608Pa0325
4479.486 106.00113 1.827 -3.761 3.464 AX55Q145
4479.487 20.0 4.776 -4.23 "" ""
4479.5 607.01314 2.114 -1.248 7.724 0608Pb0315
4479.505 607.01314 1.991 -1.417 7.724 0608Pa0215
4479.545 607.01314 1.991 -1.438 7.724 0608Pb0205
4479.556 106.00113 1.551 -2.323 3.464 AX55Q025
4479.559 607.01314 2.1 -4.552 7.724 0608Qc0305
4479.596 607.01314 2.0 -4.402 7.724 0608Qc0215
4479.596 607.01314 2.1 -1.248 7.724 0608Pa0315
4479.598 26.0 3.632 -1.78 "" ""
4479.615 106.00113 1.944 -3.826 3.464 AX22Q285
4479.615 26.0 3.684 -1.61 "" ""
4479.62 607.01314 2.1 -1.263 7.724 0608Pb0305
4479.621 607.01314 2.0 -1.397 7.724 0608Pa0225
4479.633 106.00113 1.552 -2.322 3.464 AX55Q025
4479.643 106.00113 1.944 -1.388 3.464 AX22P295
4479.654 607.01314 2.088 -4.538 7.724 0608Qc0295
4479.664 607.01314 2.0 -1.417 7.724 0608Pb0215
4479.676 607.01314 2.407 -4.27 7.724 0810Qc0175
4479.687 607.01314 2.009 -4.421 7.724 0608Qc0225
4479.69 607.01314 2.088 -1.263 7.724 0608Pa0305
4479.696 607.01314 2.407 -1.44 7.724 0810Pa0185
4479.702 22.0 1.732 -0.63 LAWLER ""
4479.702 26.0 2.873 -3.44 "" ""
4479.715 607.01314 2.009 -1.378 7.724 0608Pa0235
4479.715 607.01314 2.85 -1.38 7.724 1012Ra0205
4479.718 607.01314 2.088 -1.277 7.724 0608Pb0295
4479.728 607.01314 2.075 -4.523 7.724 0608Qc0285
4479.746 22.0 2.152 -2.59 "" ""
4479.751 607.01314 2.009 -1.397 7.724 0608Pb0225
4479.751 607.01314 2.407 -1.465 7.724 0810Pb0175
4479.754 607.01314 2.019 -4.44 7.724 0608Qc0235
4479.763 607.01314 2.075 -1.277 7.724 0608Pa0295
4479.767 607.01214 2.691 -1.402 7.724 0911Ra0205
4479.78 106.00113 1.551 -2.984 3.464 AX55R025
4479.78 607.01314 2.019 -1.359 7.724 0608Pa0245
4479.78 607.01314 2.063 -4.507 7.724 0608Qc0275
4479.786 607.01314 2.85 -1.4 7.724 1012Rb0195
4479.794 607.01314 2.075 -1.292 7.724 0608Pb0285
4479.796 607.01314 2.03 -4.458 7.724 0608Qc0245
4479.797 607.01214 2.691 -4.348 7.724 0911Qd0205
4479.809 607.01314 2.052 -4.491 7.724 0608Qc0265
4479.809 76.0 1.583 -1.72 "" ""
4479.813 607.01314 2.063 -1.292 7.724 0608Pa0285
4479.814 607.01314 2.04 -4.475 7.724 0608Qc0255
4479.815 607.01314 2.85 -4.327 7.724 1012Qd0205
4479.822 607.01314 2.019 -1.378 7.724 0608Pb0235
4479.822 607.01314 2.03 -1.342 7.724 0608Pa0255
4479.824 106.00113 1.944 -1.389 3.464 AX22P285
4479.841 607.01214 2.398 -1.758 7.724 0810Ra0085
4479.841 607.01314 2.052 -1.308 7.724 0608Pa0275
4479.846 607.01314 2.04 -1.325 7.724 0608Pa0265
4479.848 607.01314 2.063 -1.308 7.724 0608Pb0275
4479.857 106.00113 1.552 -2.988 3.464 AX55R025
4479.866 607.01314 2.03 -1.359 7.724 0608Pb0245
4479.876 607.01314 1.669 -2.981 7.724 0507Qc0005
4479.878 607.01314 1.669 -2.679 7.724 0507Pa0015
4479.878 607.01314 2.052 -1.325 7.724 0608Pb0265
4479.881 607.01214 2.691 -1.422 7.724 0911Rb0195
4479.884 607.01314 2.04 -1.342 7.724 0608Pb0255
4479.887 27.0 3.71 -1.32 "" ""
4479.895 607.01214 2.398 -1.806 7.724 0810Rb0075
4479.897 106.00112 1.542 -2.659 3.464 AX55Q015
4479.898 106.00112 1.542 -2.657 3.464 AX55Q015
4479.905 607.01214 2.398 -3.984 7.724 0810Qd0085
4479.962 26.0 3.981 -1.52 "" ""
4479.972 106.00113 1.751 -10.453 3.464 CX15P125
4479.992 106.00112 0.912 -5.205 3.464 BX12R125
4480.0 607.01314 2.414 -4.294 7.724 0810Qc0185
4480.014 106.00112 1.654 -3.71 3.464 AX33Q205
4480.021 607.01314 2.414 -1.417 7.724 0810Pa0195
4480.035 23.0 1.858 -0.57 LAWNOHFS ""
4480.036 607.01214 1.942 -1.903 7.724 0608Ra0065
4480.064 607.01214 1.942 -1.966 7.724 0608Rb0055
4480.073 607.01214 1.942 -3.917 7.724 0608Qd0065
4480.076 607.01314 2.414 -1.44 7.724 0810Pb0185
4480.102 106.00112 1.654 -1.53 3.464 AX33P215
4480.113 106.00112 1.654 -1.541 3.464 AX33P205
4480.137 26.0 3.045 -1.93 BEL17 ""
4480.156 607.01314 1.473 -1.755 7.724 0406Ra0125
4480.162 106.00113 1.751 -6.537 3.464 CX15Q115
4480.169 68.1 1.56 -1.77 LAWLER ""
4480.171 106.00113 0.638 -4.437 3.464 AX00P185
4480.184 106.00112 1.542 -2.35 3.464 AX55R015
4480.185 607.01314 1.473 -1.788 7.724 0406Rb0115
4480.186 106.00112 1.542 -2.351 3.464 AX55R015
4480.189 106.00113 1.552 -3.147 3.464 AX55P035
4480.2 607.01314 1.473 -4.292 7.724 0406Qd0125
4480.21 106.00113 1.648 -1.53 3.464 AX33P215
4480.24 24.0 3.836 -3.15 "" ""
4480.247 106.00113 1.552 -3.144 3.464 AX55P035
4480.249 607.01214 1.28 -2.072 7.724 0002Ra0585
4480.251 106.00113 1.648 -3.746 3.464 AX33Q205
4480.258 24.0 3.365 -1.04 "" ""
4480.27 26.0 3.6 -3.07 "" ""
4480.274 607.01214 2.162 -2.099 7.724 0709Ra0035
4480.274 607.01214 2.162 -2.211 7.724 0709Rb0025
4480.278 607.01214 2.162 -3.641 7.724 0709Qd0035
4480.281 106.00112 1.798 -6.987 3.464 AX12R275
4480.286 607.01214 1.743 -1.666 7.724 0507Ra0135
4480.307 607.01314 2.422 -4.317 7.724 0810Qc0195
4480.309 62.0 0.0 -0.66 "" ""
4480.316 106.00113 1.751 -6.523 3.464 CX15Q125
4480.316 24.0 4.693 -4.28 "" ""
4480.329 607.01314 2.422 -1.395 7.724 0810Pa0205
4480.341 29.0063 3.783 -2.248 KURHFS ""
4480.341 29.0063 3.783 -2.947 KURHFS ""
4480.341 29.0065 3.783 -2.248 KURHFS ""
4480.341 29.0065 3.783 -2.947 KURHFS ""
4480.343 607.01214 1.28 -2.08 7.724 0002Rb0575
4480.348 29.0063 3.783 -2.248 KURHFS ""
4480.348 29.0063 3.783 -2.248 KURHFS ""
4480.348 29.0065 3.783 -2.248 KURHFS ""
4480.348 29.0065 3.783 -2.248 KURHFS ""
4480.361 24.0 3.548 -1.13 "" ""
4480.375 607.01314 2.554 -2.882 7.724 0911Qc0005
4480.377 607.01314 2.422 -1.417 7.724 0810Pb0195
4480.377 607.01314 2.554 -2.58 7.724 0911Pa0015
4480.385 607.01314 1.336 -1.591 7.724 0305Ra0245
4480.388 106.00112 2.01 -4.826 3.464 AX55R185
4480.395 23.0 2.682 -3.48 "" ""
4480.412 106.00113 1.552 -2.144 3.464 AX55Q035
4480.419 106.00113 1.648 -1.541 3.464 AX33P205
4480.425 607.01214 1.28 -5.884 7.724 0002Qd0585
4480.445 44.0 1.865 -0.72 "" ""
4480.449 607.01314 1.336 -1.608 7.724 0305Rb0235
4480.452 26.1 2.64 -7.45 "" ""
4480.458 26.0 4.604 -1.74 "" ""
4480.471 106.00113 1.552 -2.144 3.464 AX55Q035
4480.481 607.01314 1.336 -4.684 7.724 0305Qd0245
4480.483 25.1 5.811 -4.23 "" ""
4480.506 106.00113 1.751 -9.66 3.464 CX15R115
4480.524 607.01314 1.67 -3.379 7.724 0507Qc0015
4480.529 607.01314 1.67 -2.424 7.724 0507Pa0025
4480.529 607.01314 1.67 -2.679 7.724 0507Pb0015
4480.529 607.01314 2.842 -1.4 7.724 1012Ra0195
4480.538 607.01214 1.742 -1.697 7.724 0507Rb0125
4480.539 106.00113 1.791 -6.987 3.464 AX12R275
4480.55 24.0 4.093 -1.7 "" ""
4480.555 607.01214 1.743 -4.267 7.724 0507Qd0135
4480.561 28.0 3.895 -1.49 "" ""
4480.588 22.0 1.738 -0.87 LAWLER ""
4480.594 26.0 4.298 -2.58 "" ""
4480.596 607.01314 2.431 -4.338 7.724 0810Qc0205
4480.599 607.01314 2.842 -1.421 7.724 1012Rb0185
4480.618 607.01314 2.431 -1.375 7.724 0810Pa0215
4480.621 106.00113 1.827 -1.879 3.464 AX55R135
4480.626 607.01314 2.842 -4.306 7.724 1012Qd0195
4480.638 106.00113 1.827 -1.885 3.464 AX55R145
4480.655 106.00113 1.827 -3.738 3.464 AX55Q145
4480.675 607.01314 2.431 -1.395 7.724 0810Pb0205
4480.688 26.1 6.221 -2.39 "" ""
4480.692 25.0 4.682 -3.86 "" ""
4480.696 25.0 4.636 -2.31 "" ""
4480.703 607.01214 2.395 -1.806 7.724 0810Ra0075
4480.729 607.01214 2.683 -1.422 7.724 0911Ra0195
4480.733 24.0 4.529 -1.29 "" ""
4480.754 607.01214 2.395 -1.86 7.724 0810Rb0065
4480.756 607.01214 2.683 -4.327 7.724 0911Qd0195
4480.761 607.01214 2.395 -3.932 7.724 0810Qd0075
4480.762 40.0 1.821 -0.69 "" ""
4480.778 106.00113 0.952 -4.444 3.464 AX11P185
4480.813 607.01214 1.581 -1.533 7.724 0406Ra0225
4480.83 607.01214 2.683 -1.443 7.724 0911Rb0185
4480.869 607.01314 2.44 -4.359 7.724 0810Qc0215
4480.87 607.01214 1.581 -1.551 7.724 0406Rb0215
4480.889 73.0 3.098 0.05 "" ""
4480.891 607.01314 2.44 -1.355 7.724 0810Pa0225
4480.9 607.01214 1.581 -4.555 7.724 0406Qd0225
4480.918 106.00113 1.138 -4.417 3.464 AX22P165
4480.934 607.01214 1.939 -1.966 7.724 0608Ra0055
4480.95 607.01314 2.44 -1.375 7.724 0810Pb0215
4480.96 60.0 0.14 -0.3 "" ""
4480.96 607.01214 1.939 -2.039 7.724 0608Rb0045
4480.966 607.01214 1.939 -3.849 7.724 0608Qd0055
4481.015 607.01314 2.554 -3.28 7.724 0911Qc0015
4481.018 607.01314 2.554 -2.325 7.724 0911Pa0025
4481.018 607.01314 2.554 -2.58 7.724 0911Pb0015
4481.043 26.0 3.632 -3.89 "" ""
4481.05 64.1 0.601 -0.74 LAWLER ""
4481.062 607.01214 2.161 -2.211 7.724 0709Ra0025
4481.062 607.01214 2.161 -2.366 7.724 0709Rb0015
4481.066 607.01214 2.161 -3.511 7.724 0709Qd0025
4481.07 22.0 3.196 -3.4 "" ""
4481.124 607.01314 2.449 -4.378 7.724 0810Qc0225
4481.132 21.0 4.681 -3.11 "" ""
4481.142 607.01314 1.671 -3.571 7.724 0507Qc0025
4481.149 607.01314 1.671 -2.268 7.724 0507Pa0035
4481.149 607.01314 1.671 -2.424 7.724 0507Pb0025
4481.149 607.01314 2.449 -1.336 7.724 0810Pa0235
4481.162 23.0 2.614 -6.26 "" ""
4481.182 106.00112 0.642 -4.437 3.464 AX00P185
4481.204 607.01314 2.449 -1.355 7.724 0810Pb0225
4481.243 28.0 3.703 -3.33 "" ""
4481.259 22.0 1.748 0.17 LAWLER ""
4481.264 607.01314 1.468 -1.788 7.724 0406Ra0115
4481.273 607.01214 1.737 -1.697 7.724 0507Ra0125
4481.273 74.0 2.971 -0.55 "" ""
4481.275 69.1 0.0 -1.59 "" ""
4481.279 106.00113 1.223 0.47 3.464 BX10R265
4481.291 607.01314 1.468 -1.824 7.724 0406Rb0105
4481.305 607.01314 1.468 -4.258 7.724 0406Qd0115
4481.33 106.00112 1.366 -6.532 3.464 AX01R255
4481.33 106.00113 1.223 -4.737 3.464 BX10Q275
4481.333 607.01314 2.835 -1.421 7.724 1012Ra0185
4481.338 106.00112 0.672 -4.726 3.464 BX12R025
4481.363 607.01314 2.459 -4.397 7.724 0810Qc0235
4481.388 607.01314 2.459 -1.318 7.724 0810Pa0245
4481.406 607.01314 2.835 -1.444 7.724 1012Rb0175
4481.41 22.0 2.238 -1.99 "" ""
4481.418 24.0 4.528 -1.8 "" ""
4481.432 607.01314 2.835 -4.283 7.724 1012Qd0185
4481.437 41.0 1.268 -1.5 "" ""
4481.445 607.01314 2.459 -1.336 7.724 0810Pb0235
4481.504 24.0 3.977 -3.55 "" ""
4481.538 106.00113 1.563 -2.12 3.464 AX55Q035
4481.547 607.01214 2.392 -1.86 7.724 0810Ra0065
4481.568 27.0 0.513 -6.89 "" ""
4481.586 607.01314 2.469 -4.415 7.724 0810Qc0245
4481.592 607.01214 2.392 -1.922 7.724 0810Rb0055
4481.599 607.01214 2.392 -3.874 7.724 0810Qd0065
4481.609 26.0 3.686 -1.5 RUF14 ""
4481.612 607.01314 2.469 -1.3 7.724 0810Pa0255
4481.641 607.01314 2.556 -3.472 7.724 0911Qc0025
4481.645 607.01314 2.556 -2.169 7.724 0911Pa0035
4481.645 607.01314 2.556 -2.325 7.724 0911Pb0025
4481.665 607.01214 2.675 -1.443 7.724 0911Ra0185
4481.667 106.00113 1.563 -2.12 3.464 AX55Q035
4481.674 607.01314 2.469 -1.318 7.724 0810Pb0245
4481.678 607.01214 1.737 -1.73 7.724 0507Rb0115
4481.682 26.0 2.69 -4.64 "" ""
4481.695 607.01214 1.737 -4.235 7.724 0507Qd0125
4481.701 607.01214 2.675 -4.304 7.724 0911Qd0185
4481.703 106.00113 1.563 -3.105 3.464 AX55R035
4481.73 607.01314 1.673 -3.701 7.724 0507Qc0035
4481.733 607.01314 1.673 -2.155 7.724 0507Pa0045
4481.751 607.01314 1.673 -2.268 7.724 0507Pb0035
4481.774 607.01214 2.675 -1.465 7.724 0911Rb0175
4481.791 106.00112 1.618 -6.923 3.464 CX15R065
4481.792 607.01314 2.48 -4.433 7.724 0810Qc0255
4481.805 607.01214 1.937 -2.039 7.724 0608Ra0045
4481.826 607.01214 1.937 -2.127 7.724 0608Rb0035
4481.826 607.01314 2.48 -1.283 7.724 0810Pa0265
4481.828 607.01214 2.16 -2.366 7.724 0709Ra0015
4481.828 607.01214 2.16 -2.621 7.724 0709Rb0005
4481.832 106.00113 1.563 -3.111 3.464 AX55R035
4481.832 607.01214 1.937 -3.769 7.724 0608Qd0045
4481.832 607.01214 2.16 -3.319 7.724 0709Qd0015
4481.855 106.00112 0.956 -4.444 3.464 AX11P185
4481.874 607.01314 2.48 -1.3 7.724 0810Pb0255
4481.876 106.00113 1.523 -3.563 3.464 AX44Q125
4481.883 23.0 2.121 -3.93 "" ""
4481.885 60.0 0.14 -0.51 "" ""
4481.887 106.00113 1.523 -1.818 3.464 AX44P125
4481.925 106.00113 1.359 -6.532 3.464 AX01R255
4481.935 607.01314 1.326 -1.608 7.724 0305Ra0235
4481.952 607.01214 1.303 -1.717 7.724 0103Ra0495
4481.953 106.00112 1.758 -1.879 3.464 AX55R115
4481.976 106.00112 1.618 -6.834 3.464 CX15R075
4481.983 607.01314 2.491 -4.449 7.724 0810Qc0265
4481.997 607.01314 1.326 -1.626 7.724 0305Rb0225
4482.013 607.01314 2.491 -1.267 7.724 0810Pa0275
4482.016 106.00113 1.563 -3.218 3.464 AX55P045
4482.019 106.00113 1.523 -1.79 3.464 AX44P135
4482.028 607.01314 1.326 -4.666 7.724 0305Qd0235
4482.033 106.00112 1.618 -10.011 3.464 CX15Q075
4482.04 44.0 1.46 -1.8 "" ""
4482.044 607.01214 1.303 -1.726 7.724 0103Rb0485
4482.048 40.1 2.408 -1.2 "" ""
4482.07 607.01314 2.491 -1.283 7.724 0810Pb0265
4482.077 24.0 4.443 -0.37 "" ""
4482.078 106.00112 1.758 -1.87 3.464 AX55R125
4482.092 106.00112 1.143 -4.417 3.464 AX22P165
4482.104 106.00112 1.758 -3.649 3.464 AX55Q125
4482.113 607.01214 1.303 -5.392 7.724 0103Qd0495
4482.122 106.00113 1.563 -3.214 3.464 AX55P045
4482.136 607.01314 2.827 -1.444 7.724 1012Ra0175
4482.159 607.01314 2.502 -4.466 7.724 0810Qc0275
4482.169 90.0 0.615 -1.37 "" ""
4482.17 26.0 0.11 -3.45 OBR91 ""
4482.179 24.0 4.385 -2.95 "" ""
4482.181 106.00113 1.563 -2.003 3.464 AX55Q045
4482.188 607.01314 2.502 -1.252 7.724 0810Pa0285
4482.206 607.01314 2.827 -1.467 7.724 1012Rb0165
4482.231 607.01314 2.827 -4.26 7.724 1012Qd0175
4482.242 607.01314 2.502 -1.267 7.724 0810Pb0275
4482.253 26.0 2.221 -1.48 "" ""
4482.254 607.01314 2.557 -3.602 7.724 0911Qc0035
4482.259 607.01314 2.557 -2.056 7.724 0911Pa0045
4482.259 607.01314 2.557 -2.169 7.724 0911Pb0035
4482.265 23.1 5.875 -1.87 "" ""
4482.283 106.00112 2.4 -11.7 3.464 CX05R255
4482.287 106.00113 1.563 -2.003 3.464 AX55Q045
4482.288 607.01314 1.675 -3.801 7.724 0507Qc0045
4482.294 607.01314 1.675 -2.066 7.724 0507Pa0055
4482.298 607.01214 1.571 -1.552 7.724 0406Ra0215
4482.315 607.01314 1.675 -2.155 7.724 0507Pb0045
4482.32 607.01314 2.514 -4.481 7.724 0810Qc0285
4482.341 607.01314 1.463 -1.824 7.724 0406Ra0105
4482.351 607.01314 2.514 -1.237 7.724 0810Pa0295
4482.353 607.01214 1.571 -1.571 7.724 0406Rb0205
4482.365 607.01314 1.463 -1.863 7.724 0406Rb0095
4482.372 607.01214 2.39 -1.922 7.724 0810Ra0055
4482.379 607.01314 1.463 -4.22 7.724 0406Qd0105
4482.381 607.01214 1.571 -4.536 7.724 0406Qd0215
4482.384 22.1 1.115 -5.01 "" ""
4482.402 607.01314 2.514 -1.252 7.724 0810Pb0285
4482.412 607.01214 2.39 -1.995 7.724 0810Rb0045
4482.418 607.01214 2.39 -3.806 7.724 0810Qd0055
4482.424 70.0 3.067 0.07 "" ""
4482.466 607.01314 2.526 -4.496 7.724 0810Qc0295
4482.49 64.1 1.275 -1.99 LAWLER ""
4482.499 607.01314 2.526 -1.222 7.724 0810Pa0305
4482.504 20.0 6.007 -5.26 "" ""
4482.504 40.0 1.873 -0.52 "" ""
4482.547 607.01314 2.526 -1.237 7.724 0810Pb0295
4482.572 607.01214 2.16 -2.621 7.724 0709Ra0005
4482.574 607.01214 2.16 -2.921 7.724 0709Qd0005
4482.582 28.0 4.263 -2.73 "" ""
4482.596 607.01214 2.668 -1.465 7.724 0911Ra0175
4482.599 607.01314 2.538 -4.511 7.724 0810Qc0305
4482.599 68.1 1.561 -2.07 LAWLER ""
4482.632 607.01314 2.538 -1.208 7.724 0810Pa0315
4482.633 607.01214 2.668 -4.281 7.724 0911Qd0175
4482.649 607.01214 1.935 -2.127 7.724 0608Ra0035
4482.661 27.1 5.118 -2.87 "" ""
4482.664 26.0 2.756 -4.84 "" ""
4482.666 607.01214 1.935 -2.24 7.724 0608Rb0025
4482.672 607.01214 1.935 -3.669 7.724 0608Qd0035
4482.678 607.01314 2.538 -1.222 7.724 0810Pb0305
4482.686 22.0 1.459 -0.89 LAWLER ""
4482.693 106.00112 1.656 -1.53 3.464 AX33P215
4482.697 24.0 4.529 -1.37 "" ""
4482.71 607.01214 2.668 -1.489 7.724 0911Rb0165
4482.717 607.01314 2.551 -4.525 7.724 0810Qc0315
4482.722 106.00112 1.656 -3.745 3.464 AX33Q205
4482.739 106.00113 0.64 -4.493 3.464 AX00P185
4482.739 26.0 3.654 -1.44 RUF14 ""
4482.742 607.01214 1.732 -1.73 7.724 0507Ra0115
4482.752 607.01314 2.551 -1.195 7.724 0810Pa0325
4482.753 20.0 5.485 -2.65 "" ""
4482.792 607.01214 1.732 -1.766 7.724 0507Rb0105
4482.794 607.01314 2.551 -1.208 7.724 0810Pb0315
4482.806 607.01214 1.732 -4.2 7.724 0507Qd0115
4482.816 607.01314 1.678 -3.881 7.724 0507Qc0055
4482.821 106.00112 1.656 -1.541 3.464 AX33P205
4482.823 607.01314 2.565 -4.539 7.724 0810Qc0325
4482.825 106.00112 1.951 -3.825 3.464 AX22Q285
4482.825 607.01314 1.678 -1.992 7.724 0507Pa0065
4482.848 607.01314 1.678 -2.066 7.724 0507Pb0055
4482.854 607.01314 2.559 -3.702 7.724 0911Qc0045
4482.858 607.01314 2.565 -1.182 7.724 0810Pa0335
4482.859 607.01314 2.559 -1.967 7.724 0911Pa0055
4482.859 607.01314 2.559 -2.056 7.724 0911Pb0045
4482.87 24.0 3.367 -0.57 "" ""
4482.878 106.00113 1.14 -4.467 3.464 AX22P165
4482.891 106.00112 1.951 -1.387 3.464 AX22P295
4482.897 607.01314 2.565 -1.195 7.724 0810Pb0325
4482.909 106.00112 1.758 -1.879 3.464 AX55R115
4482.916 607.01314 2.579 -4.552 7.724 0810Qc0335
4482.917 26.0 4.581 -2.02 "" ""
4482.926 106.00112 1.951 -1.389 3.464 AX22P285
4482.932 607.01314 2.821 -1.467 7.724 1012Ra0165
4482.933 23.1 5.829 -4.32 "" ""
4482.952 607.01314 2.579 -1.169 7.724 0810Pa0345
4482.971 106.00112 1.758 -1.87 3.464 AX55R125
4482.987 607.01314 2.579 -1.182 7.724 0810Pb0335
4482.997 607.01314 2.593 -4.565 7.724 0810Qc0345
4482.998 106.00112 1.758 -3.629 3.464 AX55Q125
4483.001 607.01314 2.821 -1.493 7.724 1012Rb0155
4483.02 106.00113 1.524 -3.586 3.464 AX44Q125
4483.024 607.01314 2.821 -4.235 7.724 1012Qd0165
4483.029 106.00113 1.524 -1.818 3.464 AX44P125
4483.035 607.01314 2.593 -1.156 7.724 0810Pa0355
4483.043 23.0 1.798 -1.9 "" ""
4483.059 58.1 1.041 -1.6 LAWLER ""
4483.064 607.01314 2.593 -1.169 7.724 0810Pb0345
4483.067 607.01314 2.607 -4.578 7.724 0810Qc0355
4483.092 106.00113 1.524 -1.79 3.464 AX44P135
4483.105 607.01314 2.607 -1.145 7.724 0810Pa0365
4483.126 607.01314 2.622 -4.591 7.724 0810Qc0365
4483.13 607.01314 2.607 -1.156 7.724 0810Pb0355
4483.147 26.0 4.648 -1.75 "" ""
4483.165 607.01314 2.622 -1.133 7.724 0810Pa0375
4483.174 607.01314 2.638 -4.603 7.724 0810Qc0375
4483.179 607.01214 2.387 -1.996 7.724 0810Ra0045
4483.184 607.01314 2.622 -1.145 7.724 0810Pb0365
4483.19 27.0 4.107 -2.84 "" ""
4483.214 607.01214 2.387 -2.084 7.724 0810Rb0035
4483.214 607.01314 2.653 -4.614 7.724 0810Qc0385
4483.215 607.01314 2.638 -1.122 7.724 0810Pa0385
4483.218 607.01214 2.387 -3.726 7.724 0810Qd0045
4483.228 607.01314 2.638 -1.133 7.724 0810Pb0375
4483.243 106.00113 0.953 -4.499 3.464 AX11P185
4483.245 607.01314 2.669 -4.626 7.724 0810Qc0395
4483.256 607.01314 2.653 -1.111 7.724 0810Pa0395
4483.262 607.01314 2.653 -1.122 7.724 0810Pb0385
4483.268 607.01314 2.686 -4.637 7.724 0810Qc0405
4483.287 607.01314 2.669 -1.111 7.724 0810Pb0395
4483.288 607.01314 2.669 -1.1 7.724 0810Pa0405
4483.303 607.01314 2.686 -1.1 7.724 0810Pb0405
4483.314 607.01314 1.681 -3.949 7.724 0507Qc0065
4483.323 607.01314 1.681 -1.929 7.724 0507Pa0075
4483.33 64.1 1.059 -0.42 LAWLER ""
4483.341 607.01214 1.254 -2.08 7.724 0002Ra0575
4483.352 607.01314 1.681 -1.992 7.724 0507Pb0065
4483.385 607.01314 1.459 -1.863 7.724 0406Ra0095
4483.409 607.01314 1.459 -1.907 7.724 0406Rb0085
4483.421 607.01314 1.459 -4.178 7.724 0406Qd0095
4483.434 607.01214 1.254 -2.088 7.724 0002Rb0565
4483.441 607.01314 2.562 -3.782 7.724 0911Qc0055
4483.445 20.0 5.817 -1.85 "" ""
4483.447 607.01314 2.562 -1.893 7.724 0911Pa0065
4483.447 607.01314 2.562 -1.967 7.724 0911Pb0055
4483.452 607.01314 1.316 -1.626 7.724 0305Ra0225
4483.463 20.0 4.677 -1.46 "" ""
4483.466 607.01214 1.934 -2.24 7.724 0608Ra0025
4483.478 607.01214 1.934 -2.394 7.724 0608Rb0015
4483.483 607.01214 1.934 -3.539 7.724 0608Qd0025
4483.485 23.1 4.017 -2.2 "" ""
4483.513 607.01314 1.316 -1.645 7.724 0305Rb0215
4483.515 607.01214 1.254 -5.878 7.724 0002Qd0575
4483.516 607.01214 2.66 -1.489 7.724 0911Ra0165
4483.528 26.0 4.217 -4.45 "" ""
4483.542 607.01314 1.316 -4.648 7.724 0305Qd0225
4483.552 607.01214 2.66 -4.256 7.724 0911Qd0165
4483.562 27.1 5.085 -3.86 "" ""
4483.588 27.0 3.574 -0.76 "" ""
4483.589 24.0 4.444 -2.37 "" ""
4483.622 106.00112 1.491 -8.671 3.464 CX04R125
4483.628 106.00112 1.491 -8.65 3.464 CX04R115
4483.629 106.00113 1.946 -1.388 3.464 AX22P295
4483.648 607.01214 2.66 -1.514 7.724 0911Rb0155
4483.655 68.1 0.891 -1.98 LAWLER ""
4483.666 27.0 1.709 -4.69 "" ""
4483.719 607.01314 2.814 -1.493 7.724 1012Ra0155
4483.725 106.00112 1.491 -11.311 3.464 CX04Q125
4483.739 26.0 3.544 -6.84 "" ""
4483.751 607.01214 1.562 -1.571 7.724 0406Ra0205
4483.759 607.01314 2.814 -1.519 7.724 1012Rb0145
4483.771 106.00112 1.86 -3.82 3.464 AX44R195
4483.776 26.0 3.639 -2.47 "" ""
4483.779 106.00113 1.946 -3.871 3.464 AX22Q285
4483.783 106.00112 0.644 -4.493 3.464 AX00P185
4483.783 607.01314 1.684 -4.008 7.724 0507Qc0075
4483.787 106.00112 1.368 -11.146 3.464 CX04R085
4483.789 106.00113 1.08 -5.793 3.464 BX01P215
4483.792 607.01314 1.684 -1.874 7.724 0507Pa0085
4483.805 607.01214 1.562 -1.591 7.724 0406Rb0195
4483.811 106.00113 1.08 -2.014 3.464 BX01Q205
4483.811 607.01314 2.814 -4.208 7.724 1012Qd0155
4483.824 607.01314 1.684 -1.929 7.724 0507Pb0075
4483.832 607.01214 1.562 -4.516 7.724 0406Qd0205
4483.858 106.00112 1.861 -1.351 3.464 AX44Q205
4483.859 27.0 2.54 -5.95 "" ""
4483.865 106.00112 1.86 -1.346 3.464 AX44Q195
4483.872 106.00113 1.08 -1.98 3.464 BX01Q215
4483.874 607.01214 1.727 -1.805 7.724 0507Rb0095
4483.887 607.01214 1.727 -4.162 7.724 0507Qd0105
4483.893 58.1 0.863 0.1 LAWLER ""
4483.894 106.00113 1.08 -5.621 3.464 BX01R205
4483.906 26.0 4.581 -1.61 "" ""
4483.922 27.0 3.126 -1.07 "" ""
4483.939 106.00113 1.946 -1.39 3.464 AX22P285
4483.953 106.00112 1.861 -3.799 3.464 AX44P205
4483.958 27.0 4.046 -2.0 "" ""
4483.968 607.01214 2.386 -2.084 7.724 0810Ra0035
4483.975 106.00113 1.577 -1.993 3.464 AX55Q045
4483.988 607.01214 2.16 -2.921 7.724 0709Qc0005
4483.99 607.01214 2.16 -2.619 7.724 0709Pa0015
4483.996 607.01214 2.386 -2.196 7.724 0810Rb0025
4484.0 607.01214 2.386 -3.626 7.724 0810Qd0035
4484.014 607.01314 2.564 -3.85 7.724 0911Qc0065
4484.021 607.01314 2.564 -1.83 7.724 0911Pa0075
4484.021 607.01314 2.564 -1.893 7.724 0911Pb0065
4484.075 23.0 1.941 -2.29 "" ""
4484.087 607.01214 1.727 -1.766 7.724 0507Ra0105
4484.09 106.00112 1.144 -4.467 3.464 AX22P165
4484.102 106.00113 1.577 -3.202 3.464 AX55R045
4484.139 26.0 4.581 -2.55 "" ""
4484.169 106.00113 1.577 -1.992 3.464 AX55Q045
4484.174 26.0 4.648 -2.59 "" ""
4484.177 74.0 0.207 -2.14 "" ""
4484.201 20.0 4.677 -1.93 "" ""
4484.22 26.0 3.6 -0.64 DEN14 ""
4484.221 607.01314 1.688 -4.059 7.724 0507Qc0085
4484.232 607.01314 1.688 -1.825 7.724 0507Pa0095
4484.254 607.01214 1.933 -2.394 7.724 0608Ra0015
4484.264 607.01214 1.933 -2.649 7.724 0608Rb0005
4484.268 607.01214 1.933 -3.347 7.724 0608Qd0015
4484.269 607.01314 1.688 -1.874 7.724 0507Pb0085
4484.292 22.0 2.425 -2.11 "" ""
4484.295 106.00113 1.577 -3.21 3.464 AX55R045
4484.338 27.0 1.739 -4.22 "" ""
4484.356 66.0 1.25 -0.32 "" ""
4484.358 106.00113 1.577 -3.288 3.464 AX55P055
4484.359 106.00112 0.958 -4.499 3.464 AX11P185
