wavelength species excitation loggf disassociation_energy comment
4567.294 106.00112 2.048 -4.613 3.464 AX00P355
4567.302 106.00113 1.754 -1.983 3.464 AX55P125
4567.305 106.00113 1.714 -4.552 3.464 AX22P255
4567.319 106.00113 1.944 -4.692 3.464 AX00P345
4567.338 60.0 0.14 -0.69 "" ""
4567.381 23.0 1.375 -5.95 "" ""
4567.4 42.0 2.932 -1.54 "" ""
4567.407 28.0 3.541 -2.41 "" ""
4567.523 27.0 4.022 -2.86 "" ""
4567.549 20.0 4.427 -4.96 "" ""
4567.58 607.01214 3.25 -1.973 7.724 1214Rb0045
4567.586 60.1143 0.204 -3.146 Lawler ""
4567.587 60.1143 0.204 -2.925 Lawler ""
4567.587 60.1143 0.204 -2.95 Lawler ""
4567.588 60.1143 0.204 -2.822 Lawler ""
4567.588 60.1143 0.204 -2.936 Lawler ""
4567.589 60.1143 0.204 -3.146 Lawler ""
4567.59 60.1143 0.204 -2.798 Lawler ""
4567.591 60.1143 0.204 -2.779 Lawler ""
4567.592 60.1143 0.204 -2.925 Lawler ""
4567.593 60.1143 0.204 -2.631 Lawler ""
4567.593 607.01214 3.25 -3.784 7.724 1214Qd0055
4567.595 60.1143 0.204 -2.79 Lawler ""
4567.595 60.1143 0.204 -2.822 Lawler ""
4567.597 60.1143 0.204 -2.462 Lawler ""
4567.597 60.1145 0.204 -2.925 Lawler ""
4567.597 60.1145 0.204 -2.95 Lawler ""
4567.597 60.1145 0.204 -3.146 Lawler ""
4567.598 60.1145 0.204 -2.936 Lawler ""
4567.599 60.1145 0.204 -2.822 Lawler ""
4567.599 60.1145 0.204 -3.146 Lawler ""
4567.6 60.1142 0.204 -1.31 Lawler ""
4567.6 60.1143 0.204 -2.779 Lawler ""
4567.6 60.1143 0.204 -2.867 Lawler ""
4567.6 60.1145 0.204 -2.779 Lawler ""
4567.6 60.1145 0.204 -2.798 Lawler ""
4567.6 60.1145 0.204 -2.925 Lawler ""
4567.602 60.1143 0.204 -2.303 Lawler ""
4567.602 60.1145 0.204 -2.631 Lawler ""
4567.603 60.1145 0.204 -2.79 Lawler ""
4567.603 60.1145 0.204 -2.822 Lawler ""
4567.604 60.1145 0.204 -2.462 Lawler ""
4567.605 60.1143 0.204 -2.79 Lawler ""
4567.605 60.1144 0.204 -1.31 Lawler ""
4567.605 60.1145 0.204 -2.779 Lawler ""
4567.605 60.1145 0.204 -2.867 Lawler ""
4567.606 60.1143 0.204 -3.082 Lawler ""
4567.607 60.1145 0.204 -2.303 Lawler ""
4567.609 60.1143 0.204 -2.155 Lawler ""
4567.609 60.1145 0.204 -2.79 Lawler ""
4567.609 60.1145 0.204 -3.082 Lawler ""
4567.609 60.1146 0.204 -1.31 Lawler ""
4567.611 60.1143 0.204 -2.867 Lawler ""
4567.611 60.1145 0.204 -2.155 Lawler ""
4567.611 607.01214 3.25 -1.9 7.724 1214Ra0055
4567.613 60.1145 0.204 -2.867 Lawler ""
4567.614 60.1148 0.204 -1.31 Lawler ""
4567.615 60.1145 0.204 -2.019 Lawler ""
4567.616 60.1143 0.204 -2.019 Lawler ""
4567.617 60.1145 0.204 -3.082 Lawler ""
4567.619 60.1143 0.204 -3.082 Lawler ""
4567.619 60.115 0.204 -1.31 Lawler ""
4567.634 106.00112 1.77 -4.657 3.464 AX11P295
4567.682 42.0 2.521 -1.16 "" ""
4567.685 92.1 0.217 -1.91 "" ""
4567.687 607.01214 1.139 -5.321 7.724 0103Qc0405
4567.71 24.0 3.077 -5.21 "" ""
4567.74 23.1 3.97 -3.7 "" ""
4567.747 607.01214 1.139 -1.766 7.724 0103Pa0415
4567.759 24.1 6.681 -4.74 "" ""
4567.764 106.00112 2.279 -9.812 3.464 CX15P225
4567.828 607.01214 1.139 -1.778 7.724 0103Pb0405
4567.849 607.01314 0.527 -2.719 7.724 0002Ra0125
4567.88 607.01314 0.527 -2.752 7.724 0002Rb0115
4567.898 607.01314 0.527 -5.256 7.724 0002Qd0125
4567.903 57.0 0.433 -0.57 "" ""
4567.91 20.0 5.917 -4.03 "" ""
4567.945 23.0 1.929 -7.21 "" ""
4567.955 607.01314 1.05 -5.817 7.724 0002Qc0495
4567.974 25.0 4.824 -4.01 "" ""
4567.983 607.01214 0.751 -2.889 7.724 0103Ra0025
4567.993 607.01214 0.751 -3.044 7.724 0103Rb0015
4567.996 607.01214 0.751 -4.188 7.724 0103Qd0025
4568.027 607.01314 1.05 -2.085 7.724 0002Pa0505
4568.036 58.1 1.026 -2.0 LAWLER ""
4568.043 21.0 2.606 -2.49 "" ""
4568.043 27.0 4.018 -2.76 "" ""
4568.08 77.0 1.311 -2.36 "" ""
4568.112 607.01314 1.05 -2.095 7.724 0002Pb0495
4568.197 26.1 2.542 -6.43 "" ""
4568.237 607.01214 3.248 -2.062 7.724 1214Rb0035
4568.247 607.01214 3.248 -3.704 7.724 1214Qd0045
4568.256 106.00112 1.64 -4.355 3.464 AX55P075
4568.262 607.01214 3.248 -1.973 7.724 1214Ra0045
4568.264 106.00112 1.724 -2.041 3.464 AX55P105
4568.268 23.0 2.741 -2.75 "" ""
4568.272 106.00112 1.724 -3.633 3.464 AX55Q105
4568.283 21.0 2.612 -1.26 "" ""
4568.314 22.1 1.223 -2.65 "" ""
4568.343 23.0 2.721 -3.36 "" ""
4568.392 26.0 3.271 -3.0 "" ""
4568.403 607.01214 1.334 -5.898 7.724 0002Qc0595
4568.447 106.00112 1.724 -2.011 3.464 AX55P115
4568.492 607.01214 1.334 -2.002 7.724 0002Pa0605
4568.515 112.00124 0.238 -6.161 1.340 20P218b24
4568.55 106.00113 1.648 -4.567 3.464 AX33P205
4568.56 59.1 0.629 -0.55 LINOHFS ""
4568.57 106.00113 2.161 -2.359 3.464 AX55R215
4568.586 607.01214 1.334 -2.011 7.724 0002Pb0595
4568.59 20.0 4.76 -3.33 "" ""
4568.591 607.01214 1.121 -5.311 7.724 0103Qc0395
4568.603 26.0 3.926 -2.42 "" ""
4568.636 106.00113 2.161 -4.3 3.464 AX55Q215
4568.65 607.01214 1.121 -1.778 7.724 0103Pa0405
4568.697 106.00113 2.161 -2.218 3.464 AX55R205
4568.729 607.01214 1.121 -1.79 7.724 0103Pb0395
4568.734 106.00112 1.641 -4.379 3.464 AX55P075
4568.764 26.0 3.263 -2.56 "" ""
4568.84 26.0 3.632 -2.83 "" ""
4568.865 106.00113 2.154 -4.062 3.464 AX44P255
4568.876 607.01214 0.75 -3.044 7.724 0103Ra0015
4568.883 607.01214 0.619 -2.496 7.724 0002Ra0225
4568.883 607.01214 0.75 -3.299 7.724 0103Rb0005
4568.886 607.01214 0.75 -3.997 7.724 0103Qd0015
4568.887 106.00113 0.871 -2.232 3.464 BX12Q105
4568.895 22.0 2.486 -3.3 "" ""
4568.9 607.01214 3.247 -2.174 7.724 1214Rb0025
4568.907 607.01214 3.247 -3.605 7.724 1214Qd0035
4568.919 607.01214 3.247 -2.062 7.724 1214Ra0035
4568.932 607.01214 0.619 -2.515 7.724 0002Rb0215
4568.94 106.00113 0.871 -5.337 3.464 BX12R105
4568.951 106.00112 1.721 -4.552 3.464 AX22P255
4568.965 607.01214 0.619 -5.516 7.724 0002Qd0225
4568.993 45.0 1.142 -1.59 "" ""
4569.027 106.00113 0.871 -5.361 3.464 BX12P115
4569.046 106.00113 1.078 -2.37 3.464 BX01P205
4569.053 26.0 3.265 -4.67 "" ""
4569.08 106.00113 0.871 -2.198 3.464 BX12Q115
4569.086 26.0 2.843 -4.33 "" ""
4569.107 106.00113 2.03 -5.35 3.464 AX50R355
4569.114 106.00112 1.725 -2.041 3.464 AX55P105
4569.122 106.00112 1.725 -3.652 3.464 AX55Q105
4569.122 21.0 3.187 -2.55 "" ""
4569.124 106.00112 1.954 -4.691 3.464 AX00P345
4569.126 607.01314 0.522 -2.752 7.724 0002Ra0115
4569.132 106.00113 1.078 -6.879 3.464 BX01Q205
4569.151 607.01314 0.522 -2.788 7.724 0002Rb0105
4569.158 106.00112 1.654 -4.507 3.464 AX33P205
4569.166 607.01314 0.522 -5.221 7.724 0002Qd0115
4569.208 106.00113 1.845 -4.589 3.464 AX11P305
4569.216 106.00113 1.078 -2.329 3.464 BX01P215
4569.229 106.00113 1.419 -10.326 3.464 CX04P105
4569.23 607.01314 1.028 -5.809 7.724 0002Qc0485
4569.237 106.00112 1.725 -2.011 3.464 AX55P115
4569.247 22.1 5.564 -1.79 "" ""
4569.25 27.1 3.403 -2.5 "" ""
4569.287 68.0 2.04 0.34 "" ""
4569.3 607.01314 1.028 -2.095 7.724 0002Pa0495
4569.32 106.00113 1.648 -6.636 3.464 AX23R215
4569.329 106.00113 1.419 -7.7 3.464 CX04Q095
4569.354 26.0 4.253 -3.34 "" ""
4569.384 607.01314 1.028 -2.106 7.724 0002Pb0485
4569.408 106.00113 2.154 -1.534 3.464 AX44Q255
4569.454 607.01214 1.103 -5.301 7.724 0103Qc0385
4569.47 106.00113 1.661 -4.386 3.464 AX55P085
4569.481 26.0 4.603 -2.17 "" ""
4569.499 106.00112 1.77 -3.666 3.464 AX01R305
4569.499 24.0 4.614 -2.15 "" ""
4569.511 607.01214 1.103 -1.79 7.724 0103Pa0395
4569.524 24.0 3.119 -1.04 "" ""
4569.535 106.00113 1.419 -7.609 3.464 CX04Q105
4569.559 27.1 5.171 -4.46 "" ""
4569.566 607.01214 3.245 -2.329 7.724 1214Rb0015
4569.573 607.01214 3.245 -3.474 7.724 1214Qd0025
4569.579 607.01214 3.245 -2.174 7.724 1214Ra0025
4569.582 62.0 0.282 -0.83 "" ""
4569.586 20.0 5.014 -6.14 "" ""
4569.588 106.00113 2.13 -4.712 3.464 AX00P365
4569.589 607.01214 1.103 -1.802 7.724 0103Pb0385
4569.614 24.0 3.119 -0.64 "" ""
4569.635 106.00113 1.419 -11.576 3.464 CX04R095
4569.641 28.0 3.737 -2.05 "" ""
4569.67 58.1 1.353 -0.66 LAWLER ""
4569.711 106.00112 1.77 -5.643 3.464 AX01Q305
4569.728 607.01214 0.749 -3.299 7.724 0103Ra0005
4569.734 607.01214 0.749 -3.599 7.724 0103Qd0005
4569.748 106.00112 1.555 -8.539 3.464 CX15P025
4569.761 106.00113 2.155 -1.467 3.464 AX44Q245
4569.767 106.00113 1.302 -9.22 3.464 CX04R045
4569.777 20.0 5.827 -3.17 "" ""
4569.803 106.00112 1.77 -3.549 3.464 AX01R295
4569.808 106.00113 1.25 -6.149 3.464 AX12R195
4569.853 106.00112 1.255 -6.149 3.464 AX12R195
4569.908 106.00113 2.134 -6.221 3.464 AX50P365
4569.91 92.1 0.036 -1.92 "" ""
4570.01 57.0 0.511 -0.39 "" ""
4570.016 106.00113 1.302 -11.378 3.464 CX04Q055
4570.018 27.0 3.629 -0.42 "" ""
4570.029 77.0 2.888 -1.1 "" ""
4570.052 23.0 1.866 -2.44 "" ""
4570.053 106.00113 1.662 -4.412 3.464 AX55P085
4570.125 42.0 2.513 -1.3 "" ""
4570.179 607.01214 1.307 -5.892 7.724 0002Qc0585
4570.197 106.00113 1.302 -9.101 3.464 CX04R055
4570.238 607.01214 3.245 -2.584 7.724 1214Rb0005
4570.24 24.0 3.011 -1.75 "" ""
4570.243 607.01214 3.245 -3.283 7.724 1214Qd0015
4570.248 607.01214 3.245 -2.329 7.724 1214Ra0015
4570.266 607.01214 1.307 -2.012 7.724 0002Pa0595
4570.276 607.01214 1.085 -5.29 7.724 0103Qc0375
4570.294 106.00113 1.911 -3.845 3.464 AX44Q205
4570.304 106.00113 2.155 -4.21 3.464 AX44R245
4570.332 607.01214 1.085 -1.802 7.724 0103Pa0385
4570.347 24.0 3.319 -2.25 "" ""
4570.347 26.1 7.113 -4.73 "" ""
4570.354 607.01314 0.517 -2.789 7.724 0002Ra0105
4570.36 607.01214 1.307 -2.021 7.724 0002Pb0585
4570.366 106.00113 1.911 -1.675 3.464 AX44P215
4570.37 106.00112 1.654 -6.696 3.464 AX23R215
4570.379 607.01314 0.517 -2.828 7.724 0002Rb0095
4570.385 106.00113 1.911 -1.673 3.464 AX44P205
4570.394 607.01314 0.517 -5.184 7.724 0002Qd0105
4570.408 607.01214 1.085 -1.815 7.724 0103Pb0375
4570.42 23.0 1.954 -0.61 LAWNOHFS ""
4570.421 106.00112 1.853 -4.589 3.464 AX11P305
4570.464 607.01314 1.007 -5.801 7.724 0002Qc0475
4570.467 25.0 3.132 -5.98 "" ""
4570.472 106.00113 1.762 -3.666 3.464 AX01R305
4570.472 23.0 1.852 -3.21 "" ""
4570.515 24.0 2.985 -1.58 "" ""
4570.515 27.0 4.143 -3.83 "" ""
4570.533 607.01314 1.007 -2.106 7.724 0002Pa0485
4570.536 59.1 0.216 -1.56 "" ""
4570.563 26.0 4.604 -3.56 "" ""
4570.567 20.0 5.828 -2.69 "" ""
4570.592 42.0 2.985 -1.64 "" ""
4570.593 112.00124 0.384 -4.842 1.340 31P217b24
4570.616 607.01314 1.007 -2.116 7.724 0002Pb0475
4570.634 106.00113 2.032 -4.944 3.464 AX50R365
4570.635 607.01214 0.609 -2.515 7.724 0002Ra0215
4570.654 106.00113 1.762 -5.643 3.464 AX01Q305
4570.659 106.00113 1.747 -7.083 3.464 CX04P185
4570.664 74.0 2.855 0.09 "" ""
4570.682 607.01214 0.609 -2.535 7.724 0002Rb0205
4570.693 106.00113 1.748 -7.072 3.464 CX04P175
4570.714 607.01214 0.609 -5.497 7.724 0002Qd0215
4570.718 106.00113 1.762 -3.549 3.464 AX01R295
4570.762 106.00113 1.562 -8.778 3.464 CX15P035
4570.769 106.00113 1.956 -3.977 3.464 AX55R165
4570.802 106.00113 1.956 -1.616 3.464 AX55Q165
4570.85 106.00113 1.956 -1.634 3.464 AX55Q175
4570.852 23.0 2.636 -3.52 "" ""
4570.882 106.00113 1.956 -3.91 3.464 AX55P175
4570.902 22.0 2.394 -0.94 "" ""
4570.919 607.01214 3.244 -2.584 7.724 1214Ra0005
4570.919 607.01214 3.244 -2.885 7.724 1214Qd0005
4570.924 20.0 5.041 -1.26 "" ""
4570.959 41.0 1.608 -1.27 "" ""
4570.971 24.0 3.119 -2.03 "" ""
4570.972 90.0 1.387 -0.42 "" ""
4570.979 92.1 0.779 -1.08 Nils02/9 ""
4570.98 64.1 1.287 -1.35 LAWLER ""
4571.034 106.00113 1.286 -1.054 3.464 BX11R235
4571.052 106.00112 2.165 -4.21 3.464 AX44R245
4571.056 607.01214 1.068 -5.279 7.724 0103Qc0365
4571.087 106.00112 2.129 -3.944 3.464 AX33Q275
4571.089 24.0 3.011 -1.68 "" ""
4571.095 106.00113 1.286 -5.948 3.464 BX11Q245
4571.096 12.0 0.0 -5.69 "" ""
4571.111 607.01214 1.068 -1.815 7.724 0103Pa0375
4571.117 106.00113 1.716 -4.623 3.464 AX22P255
4571.122 106.00112 2.165 -1.533 3.464 AX44Q255
4571.157 106.00112 2.129 -1.537 3.464 AX33P285
4571.186 607.01214 1.068 -1.828 7.724 0103Pb0365
4571.192 106.00112 2.165 -1.467 3.464 AX44Q245
4571.214 106.00113 1.286 -0.534 3.464 BX11R245
4571.241 24.1 3.102 -4.18 "" ""
4571.241 25.1 5.414 -2.83 "" ""
4571.25 106.00112 2.129 -1.52 3.464 AX33P275
4571.261 106.00112 2.165 -4.062 3.464 AX44P255
4571.271 106.00113 1.748 -12.007 3.464 CX04Q175
4571.293 26.0 4.648 -2.3 "" ""
4571.298 26.0 4.368 -4.0 "" ""
4571.304 24.0 3.419 -2.92 "" ""
4571.307 607.01214 0.75 -3.599 7.724 0103Qc0005
4571.309 607.01214 0.75 -3.297 7.724 0103Pa0015
4571.35 26.0 3.692 -3.1 "" ""
4571.365 24.0 3.432 -2.83 "" ""
4571.438 26.0 2.873 -3.27 "" ""
4571.551 607.01314 0.512 -2.828 7.724 0002Ra0095
4571.569 607.01314 0.512 -2.871 7.724 0002Rb0085
4571.583 607.01314 0.512 -5.142 7.724 0002Qd0095
4571.627 26.0 4.368 -3.61 "" ""
4571.63 64.1 0.556 -2.91 LAWLER ""
4571.657 607.01314 0.986 -5.793 7.724 0002Qc0465
4571.671 24.0 2.542 -0.77 "" ""
4571.696 23.0 1.802 -1.47 "" ""
4571.698 21.0 1.849 -2.98 "" ""
4571.725 607.01314 0.986 -2.117 7.724 0002Pa0475
4571.784 23.0 1.944 0.1 LAWNOHFS ""
4571.795 607.01214 1.051 -5.268 7.724 0103Qc0355
4571.807 607.01314 0.986 -2.127 7.724 0002Pb0465
4571.817 20.0 5.041 -3.53 "" ""
4571.824 24.0 3.847 -0.66 "" ""
4571.848 607.01214 1.051 -1.828 7.724 0103Pa0365
4571.854 106.00112 0.874 -2.231 3.464 BX12Q105
4571.906 106.00112 0.874 -5.336 3.464 BX12R105
4571.913 607.01214 1.28 -5.886 7.724 0002Qc0575
4571.916 24.0 3.102 -2.18 "" ""
4571.922 607.01214 1.051 -1.841 7.724 0103Pb0355
4571.954 106.00113 2.041 -4.701 3.464 AX00P355
4571.971 22.1 1.571 -0.31 LAWLER ""
4571.975 106.00112 1.656 -4.566 3.464 AX33P205
4571.996 106.00112 0.874 -5.361 3.464 BX12P115
4571.999 607.01214 1.28 -2.021 7.724 0002Pa0585
4572.029 106.00112 0.956 -6.23 3.464 AX01R195
4572.032 607.01214 0.751 -3.997 7.724 0103Qc0015
4572.035 607.01214 0.751 -3.041 7.724 0103Pa0025
4572.037 607.01214 0.751 -3.297 7.724 0103Pb0015
4572.041 28.0 4.263 -0.54 "" ""
4572.044 14.0 7.161 -4.56 "" ""
4572.048 106.00112 0.874 -2.198 3.464 BX12Q115
4572.066 22.0 2.479 -1.49 "" ""
4572.077 106.00113 0.952 -6.23 3.464 AX01R195
4572.087 24.0 3.847 -2.42 "" ""
4572.092 607.01214 1.28 -2.03 7.724 0002Pb0575
4572.098 23.1 6.329 -3.73 "" ""
4572.103 22.0 2.486 -2.44 "" ""
4572.121 106.00112 2.146 -4.621 3.464 AX00P365
4572.127 59.0 0.171 -0.6 "" ""
4572.135 106.00113 1.251 -6.092 3.464 AX12R195
4572.142 23.0 2.706 -2.67 "" ""
4572.188 24.0 3.32 -1.93 "" ""
4572.203 64.0 0.864 -0.49 "" ""
4572.227 21.0 3.187 -2.13 "" ""
4572.234 106.00113 2.156 -4.034 3.464 AX44P255
4572.243 106.00112 1.256 -6.092 3.464 AX12R195
4572.248 20.0 5.87 -4.99 "" ""
4572.278 58.1 0.683 0.22 LAWLER ""
4572.287 607.01214 3.245 -2.885 7.724 1214Qc0005
4572.289 607.01214 3.245 -2.583 7.724 1214Pa0015
4572.346 607.01214 0.599 -2.535 7.724 0002Ra0205
4572.391 607.01214 0.599 -2.555 7.724 0002Rb0195
4572.422 607.01214 0.599 -5.477 7.724 0002Qd0205
4572.453 106.00112 2.146 -8.769 3.464 AX50Q365
4572.485 27.1 3.405 -3.08 "" ""
4572.493 607.01214 1.035 -5.257 7.724 0103Qc0345
4572.53 106.00112 2.146 -6.317 3.464 AX50P375
4572.544 106.00113 1.957 -1.635 3.464 AX55Q175
4572.544 607.01214 1.035 -1.841 7.724 0103Pa0355
4572.553 106.00112 1.083 -2.369 3.464 BX01P205
4572.557 106.00113 1.957 -3.998 3.464 AX55R165
4572.58 106.00113 1.957 -3.891 3.464 AX55P175
4572.592 106.00113 1.957 -1.616 3.464 AX55Q165
4572.616 607.01214 1.035 -1.855 7.724 0103Pb0345
4572.629 25.0 4.675 -2.53 "" ""
4572.642 106.00112 1.083 -6.879 3.464 BX01Q205
4572.662 106.00112 2.146 -6.221 3.464 AX50P365
4572.665 4.0 5.273 0.59 "" ""
4572.699 607.01314 0.508 -2.871 7.724 0002Ra0085
4572.715 607.01214 0.752 -4.189 7.724 0103Qc0025
4572.716 607.01314 0.508 -2.92 7.724 0002Rb0075
4572.72 607.01214 0.752 -2.886 7.724 0103Pa0035
4572.724 607.01214 0.752 -3.041 7.724 0103Pb0025
4572.732 607.01314 0.508 -5.097 7.724 0002Qd0085
4572.735 106.00112 1.083 -2.328 3.464 BX01P215
4572.753 20.0 5.041 -7.18 "" ""
4572.768 22.0 2.493 -1.7 "" ""
4572.778 106.00113 2.156 -1.534 3.464 AX44Q255
4572.786 58.1 1.48 -0.32 "" ""
4572.79 24.1 3.103 -4.35 "" ""
4572.81 607.01314 0.966 -5.785 7.724 0002Qc0455
4572.826 24.1 7.38 -1.07 "" ""
4572.86 26.0 3.651 -2.81 "" ""
4572.877 607.01314 0.966 -2.127 7.724 0002Pa0465
4572.919 22.0 2.479 -1.0 "" ""
4572.948 106.00113 1.913 -1.675 3.464 AX44P215
4572.957 607.01314 0.966 -2.138 7.724 0002Pb0455
4572.976 607.01214 3.245 -2.584 7.724 1214Pb0015
4572.978 607.01214 3.245 -3.283 7.724 1214Qc0015
4572.983 607.01214 3.245 -2.328 7.724 1214Pa0025
4572.987 106.00113 1.913 -3.881 3.464 AX44Q205
4572.993 24.0 3.11 -4.76 "" ""
4572.994 68.1 0.886 -2.13 LAWLER ""
4572.996 106.00112 1.723 -4.622 3.464 AX22P255
4573.063 112.00124 0.264 -6.166 1.340 20P219b24
4573.067 106.00112 1.656 -6.635 3.464 AX23R215
4573.07 106.00113 1.913 -1.673 3.464 AX44P205
4573.075 41.0 0.267 -0.56 "" ""
4573.096 22.0 3.334 -2.53 "" ""
4573.112 23.1 3.121 -7.74 "" ""
4573.149 607.01214 1.019 -5.245 7.724 0103Qc0335
4573.199 607.01214 1.019 -1.855 7.724 0103Pa0345
4573.248 27.0 4.046 -2.58 "" ""
4573.264 106.00113 2.157 -1.468 3.464 AX44Q245
4573.269 607.01214 1.019 -1.869 7.724 0103Pb0335
4573.305 73.0 1.516 -1.55 "" ""
4573.334 106.00113 0.775 -2.599 3.464 BX12P075
4573.355 24.0 3.847 -4.53 "" ""
4573.357 607.01214 0.754 -4.319 7.724 0103Qc0035
4573.363 607.01214 0.754 -2.773 7.724 0103Pa0045
4573.369 106.00113 0.775 -7.293 3.464 BX12Q075
4573.37 23.0 1.802 -4.2 "" ""
4573.37 607.01214 0.754 -2.886 7.724 0103Pb0035
4573.393 26.0 3.926 -2.39 "" ""
4573.401 25.0 2.886 -4.7 "" ""
4573.469 106.00113 2.032 -8.744 3.464 AX50Q365
4573.538 39.0 2.083 -0.28 "" ""
4573.564 21.0 4.187 -3.25 "" ""
4573.6 25.1 6.128 -6.88 "" ""
4573.606 607.01214 1.254 -5.88 7.724 0002Qc0565
4573.616 24.1 3.103 -4.21 "" ""
4573.673 106.00113 0.775 -2.561 3.464 BX12P085
4573.674 607.01214 3.247 -2.328 7.724 1214Pb0025
4573.674 607.01214 3.247 -3.475 7.724 1214Qc0025
4573.678 92.1 0.284 -1.62 "" ""
4573.682 607.01214 3.247 -2.173 7.724 1214Pa0035
4573.685 22.1 5.419 -3.49 "" ""
4573.69 607.01214 1.254 -2.03 7.724 0002Pa0575
4573.704 90.1 0.764 -2.31 "" ""
4573.763 607.01214 1.004 -5.232 7.724 0103Qc0325
4573.783 607.01214 1.254 -2.04 7.724 0002Pb0565
4573.788 72.1 2.152 -1.26 "" ""
4573.807 106.00113 2.157 -4.24 3.464 AX44R245
4573.809 607.01314 0.505 -2.92 7.724 0002Ra0075
4573.812 607.01214 1.004 -1.869 7.724 0103Pa0335
4573.812 64.0 0.0 -1.12 "" ""
4573.83 607.01314 0.505 -2.974 7.724 0002Rb0065
4573.84 607.01314 0.505 -5.045 7.724 0002Qd0075
4573.852 56.0 1.566 -0.04 "" ""
4573.855 66.1 2.587 0.13 "" ""
4573.88 607.01214 1.004 -1.883 7.724 0103Pb0325
4573.923 106.00112 2.051 -4.701 3.464 AX00P355
4573.923 607.01314 0.946 -5.776 7.724 0002Qc0445
4573.954 20.0 5.014 -8.89 "" ""
4573.957 607.01214 0.756 -4.419 7.724 0103Qc0045
4573.965 607.01214 0.756 -2.683 7.724 0103Pa0055
4573.974 607.01214 0.756 -2.773 7.724 0103Pb0045
4573.977 28.0 3.396 -3.09 "" ""
4573.983 21.0 2.612 0.3 "" ""
4573.987 607.01314 0.946 -2.138 7.724 0002Pa0455
4573.99 24.0 3.419 -3.86 "" ""
4574.016 607.01214 0.59 -2.556 7.724 0002Ra0195
4574.037 106.00112 2.221 -10.841 3.464 CX05R225
4574.037 27.1 5.204 -5.28 "" ""
4574.06 607.01214 0.59 -2.577 7.724 0002Rb0185
4574.066 607.01314 0.946 -2.15 7.724 0002Pb0445
4574.089 607.01214 0.59 -5.457 7.724 0002Qd0195
4574.104 23.0 1.847 -2.95 "" ""
4574.216 26.0 3.209 -2.35 DEN14 ""
4574.315 73.0 0.0 -1.79 "" ""
4574.33 41.0 1.368 -1.6 "" ""
4574.336 607.01214 0.989 -5.22 7.724 0103Qc0315
4574.368 607.01214 3.248 -2.173 7.724 1214Pb0035
4574.376 607.01214 3.248 -3.605 7.724 1214Qc0035
4574.383 607.01214 0.989 -1.883 7.724 0103Pa0325
4574.388 607.01214 3.248 -2.06 7.724 1214Pa0045
4574.407 24.1 7.381 -3.87 "" ""
4574.449 24.0 3.077 -2.77 "" ""
4574.45 607.01214 0.989 -1.898 7.724 0103Pb0315
4574.484 106.00113 0.727 -4.774 3.464 BX12P055
4574.486 42.0 3.176 -1.19 "" ""
4574.494 106.00112 2.167 -1.534 3.464 AX44Q255
4574.502 40.1 2.43 -0.95 "" ""
4574.515 106.00112 0.958 -6.172 3.464 AX01R195
4574.515 607.01214 0.759 -4.499 7.724 0103Qc0055
4574.525 607.01214 0.759 -2.609 7.724 0103Pa0065
4574.529 27.0 3.949 -3.74 "" ""
4574.536 607.01214 0.759 -2.683 7.724 0103Pb0055
4574.541 106.00113 0.953 -6.172 3.464 AX01R195
4574.557 106.00112 2.167 -4.24 3.464 AX44R245
4574.571 106.00113 1.848 -4.669 3.464 AX11P305
4574.574 106.00113 1.651 -4.46 3.464 AX44P155
4574.596 68.1 1.368 -2.24 LAWLER ""
4574.608 42.0 2.644 -1.9 "" ""
4574.634 106.00112 2.167 -4.034 3.464 AX44P255
4574.642 23.0 1.847 -3.29 "" ""
4574.676 26.0 3.879 -4.07 "" ""
4574.696 106.00112 2.167 -1.467 3.464 AX44Q245
4574.718 26.0 2.277 -2.97 "" ""
4574.761 106.00113 1.14 -5.591 3.464 BX12R175
4574.802 57.1139 0.173 -2.302 Lawle01HFS ""
4574.803 57.1139 0.173 -2.478 Lawle01HFS ""
4574.818 57.1139 0.173 -2.129 Lawle01HFS ""
4574.819 57.1139 0.173 -2.302 Lawle01HFS ""
4574.819 57.1139 0.173 -4.229 Lawle01HFS ""
4574.837 106.00113 1.266 -10.879 3.464 CX04R025
4574.84 57.1139 0.173 -2.118 Lawle01HFS ""
4574.841 57.1139 0.173 -2.8 Lawle01HFS ""
4574.842 57.1139 0.173 -2.129 Lawle01HFS ""
4574.843 41.0 0.019 -1.54 "" ""
4574.863 26.1 2.578 -9.64 "" ""
4574.867 607.01214 0.974 -5.206 7.724 0103Qc0305
4574.868 57.1139 0.173 -2.276 Lawle01HFS ""
4574.869 57.1139 0.173 -2.104 Lawle01HFS ""
4574.871 57.1139 0.173 -2.118 Lawle01HFS ""
4574.885 607.01314 0.502 -2.974 7.724 0002Ra0065
4574.898 607.01314 0.502 -3.037 7.724 0002Rb0055
4574.905 57.1139 0.173 -1.706 Lawle01HFS ""
4574.906 57.1139 0.173 -2.276 Lawle01HFS ""
4574.909 607.01314 0.502 -4.987 7.724 0002Qd0065
4574.913 607.01214 0.975 -1.898 7.724 0103Pa0315
4574.941 27.0 0.922 -4.03 LAWNHFS ""
4574.969 26.0 3.298 -5.43 "" ""
4574.978 607.01214 0.974 -1.913 7.724 0103Pb0305
4574.994 607.01314 0.926 -5.768 7.724 0002Qc0435
4575.032 607.01214 0.762 -4.567 7.724 0103Qc0065
4575.043 607.01214 0.762 -2.545 7.724 0103Pa0075
4575.057 607.01214 0.762 -2.609 7.724 0103Pb0065
4575.058 607.01314 0.926 -2.15 7.724 0002Pa0445
4575.06 106.00112 1.683 -3.549 3.464 AX01R295
4575.065 106.00112 2.221 -10.079 3.464 CX15P215
4575.074 607.01214 3.25 -2.06 7.724 1214Pb0045
4575.083 607.01214 3.25 -3.705 7.724 1214Qc0045
4575.095 607.01214 3.25 -1.971 7.724 1214Pa0055
4575.107 24.0 3.367 -0.97 "" ""
4575.135 607.01314 0.926 -2.161 7.724 0002Pb0435
4575.165 42.0 3.221 -1.61 "" ""
4575.172 25.0 5.108 -4.22 "" ""
4575.18 27.0 4.022 -2.22 "" ""
4575.195 106.00112 1.683 -3.46 3.464 AX01R285
4575.233 90.1 0.189 -3.08 Nils02/19 ""
4575.244 112.00124 0.408 -4.158 1.340 31P218b24
4575.257 607.01214 1.229 -5.874 7.724 0002Qc0555
4575.265 106.00112 1.683 -5.623 3.464 AX01Q295
4575.292 12.0 0.0 -11.74 "" ""
4575.299 106.00112 2.131 -1.537 3.464 AX33P285
4575.316 106.00112 1.915 -3.9 3.464 AX55R155
4575.34 607.01214 1.229 -2.04 7.724 0002Pa0565
4575.356 607.01214 0.96 -5.193 7.724 0103Qc0295
4575.362 41.0 1.268 -1.4 "" ""
4575.373 106.00112 1.915 -1.602 3.464 AX55Q155
4575.377 106.00112 2.131 -3.989 3.464 AX33Q275
4575.377 22.1 4.997 -2.32 "" ""
4575.401 607.01214 0.96 -1.913 7.724 0103Pa0305
4575.423 106.00112 1.916 -1.611 3.464 AX55Q165
4575.426 90.1 1.769 -1.41 "" ""
4575.432 607.01214 1.229 -2.049 7.724 0002Pb0555
4575.463 607.01214 0.96 -1.929 7.724 0103Pb0295
4575.48 106.00112 1.916 -3.852 3.464 AX55P165
4575.507 607.01214 0.766 -4.625 7.724 0103Qc0075
4575.511 22.0 2.493 -1.15 "" ""
4575.517 40.0 0.0 -1.36 "" ""
4575.519 24.0 4.851 -3.62 "" ""
4575.52 607.01214 0.766 -2.49 7.724 0103Pa0085
4575.536 607.01214 0.766 -2.545 7.724 0103Pb0075
4575.54 106.00112 2.131 -1.52 3.464 AX33P275
4575.559 22.0 1.979 -5.97 "" ""
4575.602 106.00113 2.156 -10.413 3.464 CX15P205
4575.646 607.01214 0.581 -2.577 7.724 0002Ra0185
4575.647 27.1 5.171 -3.58 "" ""
4575.666 76.0 1.084 -3.55 Quinet06 ""
4575.671 106.00113 1.675 -3.549 3.464 AX01R295
4575.687 607.01214 0.581 -2.6 7.724 0002Rb0175
4575.715 607.01214 0.581 -5.435 7.724 0002Qd0185
4575.716 106.00112 1.424 -11.575 3.464 CX04R095
4575.727 106.00113 2.034 -5.351 3.464 AX50R355
4575.772 106.00112 1.856 -4.669 3.464 AX11P305
4575.78 26.0 3.299 -2.85 "" ""
4575.783 607.01214 3.253 -1.971 7.724 1214Pb0055
4575.795 607.01214 3.253 -3.785 7.724 1214Qc0055
4575.802 106.00112 1.424 -7.698 3.464 CX04Q095
4575.804 607.01214 0.947 -5.179 7.724 0103Qc0285
4575.811 607.01214 3.253 -1.897 7.724 1214Pa0065
4575.817 26.0 3.879 -4.29 "" ""
4575.818 106.00113 1.675 -3.46 3.464 AX01R285
4575.846 607.01214 0.947 -1.929 7.724 0103Pa0295
4575.849 106.00113 1.675 -5.623 3.464 AX01Q295
4575.908 607.01214 0.947 -1.945 7.724 0103Pb0285
4575.91 64.0 0.985 0.11 "" ""
4575.918 607.01314 0.499 -3.037 7.724 0002Ra0055
4575.918 607.01314 0.499 -3.11 7.724 0002Rb0045
4575.929 106.00112 1.424 -7.608 3.464 CX04Q105
4575.937 607.01314 0.499 -4.92 7.724 0002Qd0055
4575.941 607.01214 0.77 -4.677 7.724 0103Qc0085
4575.955 607.01214 0.77 -2.441 7.724 0103Pa0095
4575.973 607.01214 0.77 -2.49 7.724 0103Pb0085
4575.976 21.0 2.301 -3.18 "" ""
4576.016 106.00112 1.424 -10.325 3.464 CX04P105
4576.025 607.01314 0.907 -5.759 7.724 0002Qc0425
4576.087 27.0 2.326 -8.59 "" ""
4576.087 607.01314 0.907 -2.161 7.724 0002Pa0435
4576.095 22.1 5.008 -2.12 "" ""
4576.16 27.0 4.172 -4.43 "" ""
4576.163 607.01314 0.907 -2.173 7.724 0002Pb0425
4576.192 23.0 2.876 -4.22 "" ""
4576.193 106.00113 0.837 -5.559 3.464 BX01P165
4576.194 40.0 1.442 -1.03 "" ""
4576.196 27.0 4.146 -3.68 "" ""
4576.208 70.0 2.229 0.1 "" ""
4576.209 607.01214 0.934 -5.164 7.724 0103Qc0275
4576.251 607.01214 0.934 -1.945 7.724 0103Pa0285
4576.262 106.00112 0.778 -2.598 3.464 BX12P075
4576.274 106.00113 1.652 -4.506 3.464 AX44P155
4576.296 106.00112 0.778 -7.292 3.464 BX12Q075
4576.31 607.01214 0.934 -1.962 7.724 0103Pb0275
4576.32 59.1 0.422 -1.2 LINOHFS ""
4576.323 106.00112 1.306 -9.219 3.464 CX04R045
4576.332 607.01214 0.774 -4.722 7.724 0103Qc0095
4576.34 26.1 2.844 -2.95 MELBAR ""
4576.348 607.01214 0.774 -2.396 7.724 0103Pa0105
4576.368 607.01214 0.774 -2.441 7.724 0103Pb0095
4576.469 58.1 1.14 -0.85 "" ""
4576.48 60.1 0.064 -2.28 LAWLER ""
4576.481 22.0 2.332 -1.78 LAWLER ""
4576.494 42.0 1.419 -1.48 "" ""
4576.498 607.01214 3.256 -1.897 7.724 1214Pb0065
4576.514 607.01214 3.256 -3.853 7.724 1214Qc0065
4576.52 26.0 3.637 -2.51 "" ""
4576.534 607.01214 3.256 -1.834 7.724 1214Pa0075
4576.542 106.00113 1.588 -6.54 3.464 AX23R205
4576.573 607.01214 0.921 -5.149 7.724 0103Qc0265
4576.59 66.1 0.1 -2.47 LAWLER ""
4576.601 106.00112 0.778 -2.56 3.464 BX12P085
4576.613 607.01214 0.921 -1.962 7.724 0103Pa0275
4576.64 92.0 0.077 -1.4 "" ""
4576.67 607.01214 0.921 -1.979 7.724 0103Pb0265
4576.676 106.00112 1.306 -9.1 3.464 CX04R055
4576.682 607.01214 0.779 -4.764 7.724 0103Qc0105
4576.699 607.01214 0.779 -2.356 7.724 0103Pa0115
4576.722 607.01214 0.779 -2.396 7.724 0103Pb0105
4576.731 106.00112 1.306 -11.377 3.464 CX04Q055
4576.734 22.0 2.486 -4.03 "" ""
4576.766 24.0 3.077 -1.82 "" ""
4576.787 106.00113 2.138 -6.222 3.464 AX50P365
4576.799 58.1 1.041 -1.6 LAWLER ""
4576.866 607.01214 1.204 -5.867 7.724 0002Qc0545
4576.874 106.00112 1.755 -12.006 3.464 CX04Q175
4576.875 106.00112 1.755 -7.082 3.464 CX04P185
4576.895 607.01214 0.909 -5.133 7.724 0103Qc0255
4576.912 607.01314 0.497 -3.11 7.724 0002Ra0045
4576.912 607.01314 0.497 -3.198 7.724 0002Rb0035
4576.925 607.01314 0.497 -4.839 7.724 0002Qd0045
4576.933 607.01214 0.909 -1.979 7.724 0103Pa0265
4576.948 607.01214 1.204 -2.049 7.724 0002Pa0555
4576.964 106.00112 1.916 -3.92 3.464 AX55R155
4576.987 106.00112 1.916 -1.611 3.464 AX55Q165
4576.988 607.01214 0.909 -1.997 7.724 0103Pb0255
4576.99 607.01214 0.785 -4.802 7.724 0103Qc0115
4577.007 106.00112 1.755 -7.07 3.464 CX04P175
4577.008 607.01214 0.785 -2.319 7.724 0103Pa0125
4577.015 607.01314 0.888 -5.749 7.724 0002Qc0415
4577.021 106.00112 1.916 -1.602 3.464 AX55Q155
4577.034 607.01214 0.785 -2.356 7.724 0103Pb0115
4577.039 607.01214 1.204 -2.059 7.724 0002Pb0545
4577.044 106.00112 1.916 -3.834 3.464 AX55P165
4577.061 22.0 2.159 -2.22 LAWLER ""
4577.075 607.01314 0.888 -2.173 7.724 0002Pa0425
4577.079 20.0 5.045 -3.48 "" ""
4577.128 23.1 2.274 -2.14 "" ""
4577.15 607.01314 0.888 -2.184 7.724 0002Pb0415
4577.153 23.0051 0.0 -2.585 LAWLER ""
4577.156 23.0051 0.0 -2.284 LAWLER ""
4577.158 23.0051 0.0 -2.284 LAWLER ""
4577.161 23.0051 0.0 -2.146 LAWLER ""
4577.165 23.0051 0.0 -2.12 LAWLER ""
4577.168 23.0051 0.0 -2.46 LAWLER ""
4577.172 23.0051 0.0 -1.863 LAWLER ""
4577.174 607.01214 0.897 -5.116 7.724 0103Qc0245
4577.177 23.0051 0.0 -2.112 LAWLER ""
4577.181 23.0051 0.0 -2.71 LAWLER ""
4577.186 23.0051 0.0 -1.647 LAWLER ""
4577.192 23.0051 0.0 -2.273 LAWLER ""
4577.197 23.0051 0.0 -3.138 LAWLER ""
4577.212 607.01214 0.897 -1.997 7.724 0103Pa0255
4577.218 607.01214 3.259 -1.834 7.724 1214Pb0075
4577.234 607.01214 0.573 -2.6 7.724 0002Ra0175
4577.239 607.01214 3.259 -3.911 7.724 1214Qc0075
4577.255 22.0 3.11 -3.53 "" ""
4577.256 607.01214 0.791 -4.836 7.724 0103Qc0125
4577.26 607.01214 3.259 -1.779 7.724 1214Pa0085
4577.265 607.01214 0.897 -2.015 7.724 0103Pb0245
4577.274 607.01214 0.573 -2.624 7.724 0002Rb0165
4577.276 607.01214 0.791 -2.284 7.724 0103Pa0135
