wavelength species excitation loggf disassociation_energy comment
4359.653 21.0 2.294 -0.64 "" ""
4359.66 26.0 3.299 -7.33 "" ""
4359.702 106.00113 1.868 -3.788 3.464 AX22P285
4359.73 40.1 1.236 -0.51 Ljung06 ""
4359.734 106.00112 0.191 -1.692 3.464 AX00P105
4359.737 106.00113 1.204 -1.345 3.464 AX33Q125
4359.773 106.00113 1.204 -3.45 3.464 AX33P125
4359.786 26.1 6.221 -2.59 "" ""
4359.79 59.1 0.629 -0.35 LINOHFS ""
4359.807 106.00113 2.031 -4.258 3.464 AX54Q225
4359.822 25.0 4.709 -1.69 "" ""
4359.833 106.00113 1.868 -1.054 3.464 AX22Q275
4359.855 41.0 1.12 -1.23 "" ""
4359.863 106.00113 2.031 -2.094 3.464 AX54P235
4359.873 106.00113 2.031 -2.133 3.464 AX54P225
4359.88 26.0 3.879 -3.38 "" ""
4359.91 24.0 2.98 -4.16 "" ""
4359.923 106.00113 0.348 -3.208 3.464 BX01P025
4359.927 69.0 0.0 -0.67 "" ""
4359.943 106.00113 0.19 -1.734 3.464 AX00P095
4359.96 106.00113 0.19 -3.349 3.464 AX00Q095
4359.991 24.0 3.367 -0.96 "" ""
4360.022 26.1 4.728 -3.88 "" ""
4360.052 106.00113 0.431 -2.739 3.464 BX01Q065
4360.091 106.00113 0.431 -5.396 3.464 BX01R065
4360.13 106.00113 0.19 -1.692 3.464 AX00P105
4360.141 24.0 2.985 -2.72 "" ""
4360.169 58.1 0.808 -0.97 LAWLER ""
4360.176 21.0 4.95 -3.81 "" ""
4360.216 20.0 4.76 -1.93 "" ""
4360.227 106.00112 1.208 -3.399 3.464 AX33R115
4360.246 106.00112 1.208 -1.378 3.464 AX33Q115
4360.266 26.0 4.603 -2.3 "" ""
4360.288 106.00112 0.191 -1.734 3.464 AX00P095
4360.302 106.00112 0.191 -3.349 3.464 AX00Q095
4360.339 106.00113 0.432 -5.402 3.464 BX01P075
4360.378 106.00113 0.432 -2.67 3.464 BX01Q075
4360.395 106.00112 1.208 -1.345 3.464 AX33Q125
4360.414 106.00112 1.208 -3.45 3.464 AX33P125
4360.418 58.1 0.969 -1.24 "" ""
4360.431 23.0 2.636 -6.45 "" ""
4360.44 106.00113 0.052 -4.199 3.464 AX00P045
4360.448 58.1 1.026 -1.03 "" ""
4360.473 106.00112 0.192 -1.692 3.464 AX00P105
4360.482 22.0 2.173 -0.34 "" ""
4360.5 22.0 3.196 -2.39 "" ""
4360.511 106.00112 0.348 -3.223 3.464 BX01P015
4360.52 106.00112 0.348 -5.788 3.464 BX01Q015
4360.575 23.0 1.802 -0.93 "" ""
4360.602 106.00113 1.205 -3.415 3.464 AX33R115
4360.61 106.00113 1.205 -1.378 3.464 AX33Q115
4360.633 59.1141 0.633 -5.296 LI/LAW ""
4360.637 59.1141 0.633 -5.113 LI/LAW ""
4360.642 59.1141 0.633 -5.175 LI/LAW ""
4360.649 59.1141 0.633 -3.722 LI/LAW ""
4360.649 59.1141 0.633 -5.484 LI/LAW ""
4360.656 59.1141 0.633 -3.524 LI/LAW ""
4360.662 59.1141 0.633 -2.631 LI/LAW ""
4360.664 59.1141 0.633 -3.473 LI/LAW ""
4360.667 106.00113 0.052 -4.215 3.464 AX00P045
4360.672 59.1141 0.633 -2.563 LI/LAW ""
4360.674 59.1141 0.633 -3.52 LI/LAW ""
4360.683 59.1141 0.633 -2.494 LI/LAW ""
4360.685 59.1141 0.633 -3.718 LI/LAW ""
4360.696 59.1141 0.633 -2.426 LI/LAW ""
4360.704 106.00113 1.205 -1.346 3.464 AX33Q125
4360.71 59.1141 0.633 -2.36 LI/LAW ""
4360.713 106.00113 1.205 -3.437 3.464 AX33P125
4360.72 62.1 0.248 -0.87 LAWLER ""
4360.725 59.1141 0.633 -2.295 LI/LAW ""
4360.764 26.0 4.188 -1.74 "" ""
4360.79 106.00112 0.052 -4.199 3.464 AX00P045
4360.792 73.0 1.324 -1.67 "" ""
4360.804 26.0 3.639 -1.87 "" ""
4360.815 40.0 0.519 -0.97 "" ""
4360.816 60.1 1.14 -0.64 "" ""
4360.819 25.0 4.709 -3.14 "" ""
4360.826 27.0 2.54 -2.37 LAWNHFS ""
4360.844 23.0 2.614 -4.36 "" ""
4360.863 106.00112 2.165 -10.444 3.464 CX04R245
4360.899 21.0 2.109 -4.02 "" ""
4360.92 64.1 0.425 -1.1 LAWLER ""
4360.921 106.00112 2.165 -6.675 3.464 CX04Q255
4360.962 24.0 3.432 -2.99 "" ""
4361.0 23.0 2.357 -1.09 "" ""
4361.011 106.00112 2.165 -6.939 3.464 CX04Q245
4361.02 106.00112 0.052 -4.215 3.464 AX00P045
4361.024 27.0 0.224 -5.22 "" ""
4361.068 106.00112 2.165 -12.432 3.464 CX04P255
4361.07 62.1 0.543 -1.08 LAWLER ""
4361.128 22.0 1.459 -2.12 LAWLER ""
4361.203 44.0 0.811 -0.85 "" ""
4361.211 21.0 1.864 -3.27 "" ""
4361.217 106.00112 1.209 -3.415 3.464 AX33R115
4361.235 106.00112 1.209 -1.377 3.464 AX33Q115
4361.247 26.1 6.133 -2.11 "" ""
4361.247 27.0 4.046 -1.93 "" ""
4361.308 90.1 1.888 -0.61 "" ""
4361.316 106.00112 1.209 -1.345 3.464 AX33Q125
4361.334 106.00112 1.209 -3.437 3.464 AX33P125
4361.348 66.1 1.845 -0.53 "" ""
4361.355 58.1 0.875 -1.24 "" ""
4361.366 106.00113 1.243 -3.436 3.464 AX33R125
4361.382 27.0 3.512 -2.01 "" ""
4361.389 106.00112 1.984 -5.346 3.464 AX43P255
4361.39 23.0 1.944 -2.86 "" ""
4361.391 23.0 2.121 -1.01 "" ""
4361.403 42.0 2.932 -1.71 "" ""
4361.416 106.00113 1.243 -1.345 3.464 AX33Q125
4361.471 23.0 1.05 -2.62 "" ""
4361.512 106.00113 1.243 -1.316 3.464 AX33Q135
4361.562 106.00113 1.243 -3.484 3.464 AX33P135
4361.64 22.0 3.164 -3.44 "" ""
4361.646 41.0 0.619 -1.63 "" ""
4361.652 58.1 0.529 -0.95 LAWLER ""
4361.655 106.00112 0.349 -3.208 3.464 BX01P025
4361.707 38.0 1.797 -0.09 "" ""
4361.718 106.00113 1.562 -11.72 3.464 CX04R145
4361.76 106.00113 0.775 -1.954 3.464 AX22P075
4361.781 106.00112 0.433 -2.739 3.464 BX01Q065
4361.799 59.1 1.198 -0.68 "" ""
4361.811 106.00113 0.775 -3.297 3.464 AX22Q075
4361.816 74.0 0.771 -2.31 "" ""
4361.82 106.00112 0.433 -5.396 3.464 BX01R065
4361.86 60.1 0.204 -1.73 LAWLER ""
4361.89 27.0 3.968 -2.24 "" ""
4361.915 27.0 0.174 -5.96 "" ""
4361.947 38.1 6.909 -0.85 "" ""
4361.998 26.0 4.188 -2.34 "" ""
4362.012 42.0 2.289 -1.95 "" ""
4362.03 62.1 0.484 -0.47 LAWLER ""
4362.051 92.0 0.0 -0.51 "" ""
4362.057 106.00112 1.247 -3.436 3.464 AX33R125
4362.068 106.00112 0.433 -5.402 3.464 BX01P075
4362.07 24.0 3.842 -0.82 "" ""
4362.087 106.00112 1.247 -1.345 3.464 AX33Q125
4362.089 26.0 4.603 -2.45 "" ""
4362.09 106.00113 0.775 -1.898 3.464 AX22P085
4362.099 28.1 4.026 -2.72 "" ""
4362.109 106.00112 0.433 -2.669 3.464 BX01Q075
4362.151 106.00113 0.556 -1.725 3.464 AX11P105
4362.156 106.00113 0.556 -3.384 3.464 AX11Q105
4362.205 106.00112 0.778 -1.954 3.464 AX22P075
4362.21 106.00112 1.248 -1.316 3.464 AX33Q135
4362.235 20.0 5.957 -3.51 "" ""
4362.239 106.00112 1.248 -3.484 3.464 AX33P135
4362.246 106.00113 0.775 -1.953 3.464 AX22P075
4362.254 24.0 4.436 -1.82 "" ""
4362.258 106.00112 0.778 -3.297 3.464 AX22Q075
4362.261 92.1 0.0 -1.76 "" ""
4362.303 106.00113 0.775 -3.312 3.464 AX22Q075
4362.335 26.0 4.073 -3.91 "" ""
4362.357 106.00113 0.556 -1.687 3.464 AX11P115
4362.362 24.0 3.085 -4.08 "" ""
4362.41 62.1 0.248 -2.43 LAWLER ""
4362.443 106.00113 1.944 -3.831 3.464 AX22R285
4362.469 106.00113 1.944 -1.059 3.464 AX22Q295
4362.533 106.00113 0.776 -1.898 3.464 AX22P085
4362.535 106.00112 0.778 -1.898 3.464 AX22P085
4362.541 106.00112 0.559 -1.725 3.464 AX11P105
4362.544 106.00112 0.559 -3.384 3.464 AX11Q105
4362.547 106.00113 1.718 -9.132 3.464 CX15R115
4362.564 106.00113 1.244 -3.452 3.464 AX33R125
4362.564 20.0 5.987 -4.78 "" ""
4362.58 106.00113 1.244 -1.345 3.464 AX33Q125
4362.58 106.00113 2.033 -2.095 3.464 AX54P235
4362.6 106.00113 1.944 -1.055 3.464 AX22Q285
4362.626 106.00113 1.944 -3.842 3.464 AX22P295
4362.633 106.00113 2.033 -4.296 3.464 AX54Q225
4362.646 106.00113 1.244 -1.316 3.464 AX33Q135
4362.662 106.00113 1.244 -3.47 3.464 AX33P135
4362.663 6.0 7.94 -2.14 "" ""
4362.681 106.00112 1.807 -7.873 3.464 CX04R195
4362.693 106.00113 2.033 -2.133 3.464 AX54P225
4362.699 42.0 2.494 -1.81 "" ""
4362.706 106.00112 0.778 -1.953 3.464 AX22P075
4362.714 26.0 4.309 -3.04 "" ""
4362.731 106.00113 0.227 -3.365 3.464 AX00Q105
4362.732 106.00113 0.227 -1.682 3.464 AX00P105
4362.748 106.00112 0.559 -1.687 3.464 AX11P115
4362.755 106.00112 0.778 -3.312 3.464 AX22Q075
4362.774 26.0 4.431 -3.44 "" ""
4362.782 106.00112 1.875 -1.054 3.464 AX22Q285
4362.804 26.0 3.881 -3.88 "" ""
4362.811 24.0 4.437 -2.29 "" ""
4362.814 106.00112 1.807 -12.129 3.464 CX04Q195
4362.814 26.0 4.59 -2.84 "" ""
4362.815 42.0 3.161 -1.56 "" ""
4362.824 106.00112 1.807 -8.342 3.464 CX04R185
4362.856 106.00112 1.875 -3.83 3.464 AX22R275
4362.878 106.00112 1.875 -3.787 3.464 AX22P285
4362.903 24.0 3.847 -4.39 "" ""
4362.905 62.0 0.0 -0.43 "" ""
4362.92 66.1 0.93 -1.9 LAWLER ""
4362.924 24.1 5.658 -1.89 "" ""
4362.928 92.1 0.568 -1.63 "" ""
4362.94 106.00113 0.227 -1.644 3.464 AX00P115
4362.952 24.0 2.87 -1.56 "" ""
4362.953 106.00112 1.875 -1.054 3.464 AX22Q275
4362.985 106.00112 0.778 -1.898 3.464 AX22P085
4362.986 28.0 3.938 -3.2 "" ""
4363.009 23.0 1.217 -5.37 "" ""
4363.016 42.0 2.916 -1.89 "" ""
4363.018 42.0 3.209 -1.7 "" ""
4363.02 60.1 0.742 -2.26 LAWLER ""
4363.021 27.1 5.065 -3.71 "" ""
4363.059 106.00113 0.557 -1.725 3.464 AX11P105
4363.061 106.00113 0.557 -3.403 3.464 AX11Q105
4363.069 20.0 2.709 -4.18 LAWLER ""
4363.075 26.0 4.604 -3.1 "" ""
4363.081 106.00112 0.229 -1.682 3.464 AX00P105
4363.083 106.00112 0.229 -3.365 3.464 AX00Q105
4363.111 20.0 2.709 -5.03 LAWLER ""
4363.12 22.0 3.212 -2.86 "" ""
4363.129 24.0 2.965 -0.5 "" ""
4363.19 106.00113 1.276 -3.623 3.464 AX44R035
4363.196 106.00113 0.557 -1.687 3.464 AX11P115
4363.199 106.00112 1.248 -3.452 3.464 AX33R125
4363.228 106.00112 1.248 -1.345 3.464 AX33Q125
4363.249 106.00113 1.276 -3.611 3.464 AX44R035
4363.255 25.1 5.563 -1.91 "" ""
4363.27 24.1 6.817 -3.31 "" ""
4363.278 106.00112 1.248 -1.316 3.464 AX33Q135
4363.281 26.1 6.212 -4.19 "" ""
4363.295 106.00112 0.229 -1.644 3.464 AX00P115
4363.307 106.00112 1.248 -3.47 3.464 AX33P135
4363.308 23.0 1.182 -2.58 "" ""
4363.375 58.1 0.721 -1.39 "" ""
4363.431 6.0 7.94 -3.04 "" ""
4363.438 106.00113 1.285 -3.47 3.464 AX33R135
4363.45 62.1 0.188 -1.31 LAWLER ""
4363.458 106.00112 0.559 -1.725 3.464 AX11P105
4363.461 106.00112 0.559 -3.403 3.464 AX11Q105
4363.463 58.1 1.318 -1.0 "" ""
4363.502 106.00113 1.285 -1.316 3.464 AX33Q135
4363.512 106.00113 0.458 -2.67 3.464 BX01Q075
4363.519 23.0 0.275 -2.0 LAWNOHFS ""
4363.554 106.00113 0.458 -5.429 3.464 BX01R075
4363.554 22.1 5.659 -2.78 "" ""
4363.569 106.00113 1.285 -1.289 3.464 AX33Q145
4363.596 106.00112 0.559 -1.687 3.464 AX11P115
4363.614 106.00112 1.916 -6.379 3.464 CX15R165
4363.619 106.00113 0.347 -4.34 3.464 BX01P015
4363.634 106.00113 1.285 -3.516 3.464 AX33P145
4363.644 24.0 4.532 -1.84 "" ""
4363.645 42.1 3.111 -1.0 "" ""
4363.65 69.1 2.053 -1.21 LAWLER ""
4363.67 26.0 3.249 -8.45 "" ""
4363.673 106.00113 0.228 -1.682 3.464 AX00P105
4363.674 106.00113 0.228 -3.384 3.464 AX00Q105
4363.702 106.00112 1.916 -6.408 3.464 CX15R155
4363.724 106.00112 1.916 -10.404 3.464 CX15Q165
4363.748 106.00113 0.458 -5.464 3.464 BX01P085
4363.797 106.00113 0.458 -2.607 3.464 BX01Q085
4363.812 106.00113 0.228 -1.644 3.464 AX00P115
4363.914 23.0 1.802 -2.89 "" ""
4363.959 26.0 4.412 -2.24 "" ""
4363.969 23.0 2.636 -1.38 "" ""
4364.008 39.1 3.98 -0.5 "" ""
4364.036 106.00112 0.229 -3.384 3.464 AX00Q105
4364.037 106.00112 0.229 -1.682 3.464 AX00P105
4364.046 24.0 3.11 -3.41 "" ""
4364.051 62.1 0.997 -1.82 "" ""
4364.076 27.0 3.71 -2.42 "" ""
4364.14 60.1 0.63 -0.79 LAWLER ""
4364.141 24.0 3.008 -1.99 SOBECK ""
4364.15 64.1 0.427 -2.02 LAWLER ""
4364.175 106.00112 0.229 -1.644 3.464 AX00P115
4364.175 106.00112 1.289 -3.47 3.464 AX33R135
4364.198 23.1 1.792 -5.01 "" ""
4364.207 66.1 2.425 0.26 "" ""
4364.208 23.0 2.113 -0.52 LAWNOHFS ""
4364.215 106.00112 1.289 -1.316 3.464 AX33Q135
4364.282 25.0 3.761 -4.06 "" ""
4364.315 106.00112 1.289 -1.289 3.464 AX33Q145
4364.328 26.0 4.59 -4.39 "" ""
4364.354 106.00112 1.289 -3.516 3.464 AX33P145
4364.36 21.0 3.055 -3.35 "" ""
4364.459 27.1 5.204 -4.16 "" ""
4364.465 42.0 3.256 -0.2 "" ""
4364.58 106.00112 1.02 -6.111 3.464 BX11P205
4364.6 106.00112 1.02 -2.552 3.464 BX11Q195
4364.615 26.0 4.253 -3.41 "" ""
4364.653 58.1 0.495 -0.17 LAWLER ""
4364.661 57.1 0.65 -1.36 "" ""
4364.664 106.00112 1.02 -2.655 3.464 BX11Q205
4364.684 106.00112 1.02 -6.314 3.464 BX11R195
4364.694 42.0 3.435 -0.68 "" ""
4364.752 42.0 3.44 -1.76 "" ""
4364.777 74.0 0.412 -2.17 "" ""
4364.821 106.00113 1.286 -3.487 3.464 AX33R135
4364.844 106.00113 1.286 -1.316 3.464 AX33Q135
4364.861 21.0 2.144 -2.1 "" ""
4364.865 26.1 6.218 -4.26 "" ""
4364.88 24.0 3.102 -1.65 "" ""
4364.884 106.00113 1.286 -1.29 3.464 AX33Q145
4364.907 106.00113 1.286 -3.501 3.464 AX33P145
4364.919 106.00112 1.986 -5.415 3.464 AX43P255
4364.926 21.0 2.301 -0.51 "" ""
4364.928 26.0 4.28 -3.81 "" ""
4364.944 106.00113 0.357 -3.207 3.464 BX01P025
4364.957 106.00113 0.357 -6.477 3.464 BX01Q025
4365.031 23.0 2.636 -4.77 "" ""
4365.058 106.00113 2.028 -4.834 3.464 AX44R235
4365.153 25.0 3.13 -4.27 "" ""
4365.217 25.1 6.568 -1.35 "" ""
4365.262 106.00112 0.46 -2.67 3.464 BX01Q075
4365.307 106.00112 0.46 -5.429 3.464 BX01R075
4365.318 23.0 2.377 -2.9 "" ""
4365.318 59.1 0.633 -1.38 "" ""
4365.321 26.0 4.59 -4.25 "" ""
4365.341 58.1 0.896 -1.67 LAWLER ""
4365.372 106.00113 0.985 -2.976 3.464 AX33P025
4365.373 106.00112 0.348 -4.34 3.464 BX01P015
4365.379 72.0 1.788 -0.9 "" ""
4365.44 26.0 4.412 -3.69 "" ""
4365.451 106.00113 0.985 -2.974 3.464 AX33P025
4365.477 106.00112 1.29 -3.487 3.464 AX33R135
4365.492 106.00112 1.279 -3.623 3.464 AX44R035
4365.501 106.00112 0.46 -5.463 3.464 BX01P085
4365.511 58.1 0.674 -1.36 LAWLER ""
4365.516 106.00112 1.29 -1.316 3.464 AX33Q135
4365.534 106.00112 2.037 -4.834 3.464 AX44R235
4365.538 106.00112 1.29 -1.289 3.464 AX33Q145
4365.542 22.0 2.479 -2.07 "" ""
4365.546 106.00112 0.46 -2.606 3.464 BX01Q085
4365.551 106.00112 1.279 -3.611 3.464 AX44R035
4365.56 106.00112 1.976 -4.247 3.464 AX54Q215
4365.577 106.00112 1.29 -3.501 3.464 AX33P145
4365.628 24.0 3.884 -1.48 "" ""
4365.633 106.00112 1.976 -2.123 3.464 AX54P225
4365.65 106.00112 1.976 -2.171 3.464 AX54P215
4365.654 27.0 3.772 -1.79 "" ""
4365.673 106.00113 0.985 -3.193 3.464 AX33Q025
4365.684 76.0 1.613 -1.28 "" ""
4365.692 106.00113 0.952 -2.347 3.464 BX01R185
4365.7 23.1 6.465 -1.88 "" ""
4365.704 25.0 3.768 -5.46 "" ""
4365.724 106.00113 0.358 -3.153 3.464 BX01P035
4365.725 23.0 1.71 -1.38 "" ""
4365.752 106.00113 0.985 -3.199 3.464 AX33Q025
4365.763 106.00113 1.145 -4.089 3.464 BX10P255
4365.786 106.00113 0.952 -7.136 3.464 BX01Q195
4365.828 106.00113 1.329 -3.502 3.464 AX33R145
4365.851 22.0 2.248 -1.43 "" ""
4365.864 106.00113 0.952 -2.307 3.464 BX01R195
4365.896 26.0 2.988 -2.21 "" ""
4365.908 106.00113 1.329 -1.289 3.464 AX33Q145
4365.93 90.0 1.021 -0.6 "" ""
4365.931 106.00112 0.988 -2.976 3.464 AX33P025
4365.947 106.00113 1.329 -1.266 3.464 AX33Q155
4365.955 62.0 0.101 -1.4 "" ""
4365.961 74.0 3.518 0.53 "" ""
4365.976 106.00113 0.596 -3.416 3.464 AX11Q115
4365.986 106.00113 0.596 -1.679 3.464 AX11P115
4366.013 106.00112 0.988 -2.974 3.464 AX33P025
4366.017 26.0 4.555 -4.13 "" ""
4366.026 39.0 1.407 -0.62 "" ""
4366.027 106.00113 1.329 -3.547 3.464 AX33P155
4366.064 25.0 3.37 -4.58 "" ""
4366.089 25.0 4.27 -4.08 "" ""
4366.094 58.1 0.674 -2.18 LAWLER ""
4366.106 106.00113 0.268 -3.396 3.464 AX00Q115
4366.11 27.1 3.405 -3.0 "" ""
4366.11 66.1 1.92 -0.91 LAWLER ""
4366.12 106.00113 0.268 -1.636 3.464 AX00P115
4366.156 106.00113 0.596 -1.645 3.464 AX11P125
4366.161 20.0 5.96 -6.03 "" ""
4366.171 27.0 3.663 -2.15 "" ""
4366.175 24.0 3.885 -1.07 "" ""
4366.2 106.00113 1.946 -1.06 3.464 AX22Q295
4366.218 27.0 3.051 -1.7 "" ""
4366.232 106.00112 0.988 -3.193 3.464 AX33Q025
4366.295 106.00113 0.268 -1.601 3.464 AX00P125
4366.3 20.0 5.989 -4.01 "" ""
4366.3 24.0 3.085 -1.9 "" ""
4366.31 60.1 0.064 -1.35 LAWLER ""
4366.314 106.00112 0.988 -3.199 3.464 AX33Q025
4366.343 106.00113 1.946 -3.864 3.464 AX22R285
4366.366 106.00113 0.985 -2.74 3.464 AX33P035
4366.385 60.1 0.32 -0.91 "" ""
4366.387 106.00112 0.598 -3.415 3.464 AX11Q115
4366.392 24.0 4.201 -2.46 "" ""
4366.406 106.00112 0.598 -1.679 3.464 AX11P115
4366.41 106.00113 1.946 -3.812 3.464 AX22P295
4366.419 106.00113 0.804 -1.883 3.464 AX22P085
4366.428 106.00113 0.985 -2.741 3.464 AX33P035
4366.454 106.00113 0.804 -3.336 3.464 AX22Q085
4366.455 40.0 1.365 -0.08 "" ""
4366.475 106.00112 0.27 -3.396 3.464 AX00Q115
4366.483 23.0 2.579 -4.36 "" ""
4366.488 106.00112 0.27 -1.636 3.464 AX00P115
4366.497 106.00112 1.951 -3.831 3.464 AX22R285
4366.553 106.00113 1.946 -1.055 3.464 AX22Q285
4366.56 106.00112 1.951 -1.058 3.464 AX22Q295
4366.569 106.00112 0.598 -1.645 3.464 AX11P125
4366.588 23.0 2.357 -5.19 "" ""
4366.592 106.00112 1.951 -1.054 3.464 AX22Q285
4366.593 20.0 5.792 -4.23 "" ""
4366.609 23.1 1.684 -4.33 "" ""
4366.617 106.00112 1.568 -11.719 3.464 CX04R145
4366.621 106.00112 1.334 -3.502 3.464 AX33R145
4366.633 24.0 4.385 -0.98 "" ""
4366.654 106.00112 1.951 -3.841 3.464 AX22P295
4366.665 106.00112 0.27 -1.601 3.464 AX00P125
4366.67 106.00112 1.334 -1.289 3.464 AX33Q145
4366.674 28.1 4.029 -4.57 "" ""
4366.689 27.1 5.051 -4.2 "" ""
4366.701 106.00113 0.804 -1.834 3.464 AX22P095
4366.707 23.0 1.71 -3.82 "" ""
4366.71 106.00112 0.359 -3.206 3.464 BX01P025
4366.719 106.00112 0.359 -6.477 3.464 BX01Q025
4366.722 66.0 0.937 -0.17 "" ""
4366.749 106.00112 1.334 -1.265 3.464 AX33Q155
4366.759 106.00112 1.86 -5.153 3.464 AX54P195
4366.799 106.00112 1.334 -3.547 3.464 AX33P155
4366.9 106.00112 0.806 -1.883 3.464 AX22P085
4366.905 23.1 2.024 -2.7 "" ""
4366.916 106.00112 0.988 -2.74 3.464 AX33P035
4366.934 106.00112 0.806 -3.336 3.464 AX22Q085
4366.988 106.00112 0.988 -2.741 3.464 AX33P035
4366.994 58.1 1.365 -0.3 "" ""
4367.029 23.0 2.676 -0.78 "" ""
4367.033 106.00113 0.804 -1.883 3.464 AX22P085
4367.036 106.00113 0.596 -3.436 3.464 AX11Q115
4367.047 106.00113 0.596 -1.679 3.464 AX11P115
4367.056 27.0 3.626 -2.23 "" ""
4367.063 26.0 4.383 -3.38 "" ""
4367.065 106.00113 0.804 -3.352 3.464 AX22Q085
4367.088 22.1 5.634 -1.65 "" ""
4367.145 106.00113 0.596 -1.645 3.464 AX11P125
4367.173 106.00112 0.806 -1.834 3.464 AX22P095
4367.19 66.1 0.54 -2.34 LAWLER ""
4367.193 23.1 3.325 -4.52 "" ""
4367.204 25.0 3.769 -5.58 "" ""
4367.206 28.0 4.086 -1.8 "" ""
4367.209 106.00113 0.269 -3.417 3.464 AX00Q115
4367.222 106.00113 0.269 -1.636 3.464 AX00P115
4367.222 24.0 4.443 -2.47 "" ""
4367.224 27.1 5.042 -5.05 "" ""
4367.251 106.00113 0.804 -1.835 3.464 AX22P095
4367.263 28.0 4.415 -3.89 "" ""
4367.27 26.0 3.271 -3.11 "" ""
4367.292 24.0 4.446 -1.28 "" ""
4367.3 65.1 1.103 -0.14 LAWNOHFS ""
4367.322 106.00113 0.269 -1.602 3.464 AX00P125
4367.322 28.0 3.462 -2.9 "" ""
4367.327 65.1 0.856 -0.12 "" ""
4367.342 106.00113 0.408 -4.184 3.464 AX11P055
4367.38 41.1 2.33 -1.19 Nilsson10 ""
4367.411 106.00113 1.33 -3.521 3.464 AX33R145
4367.433 15.0 6.98 -3.0 "" ""
4367.439 106.00113 1.33 -1.289 3.464 AX33Q145
4367.456 106.00113 1.33 -1.266 3.464 AX33Q155
4367.46 106.00112 0.599 -3.436 3.464 AX11Q115
4367.476 106.00112 0.599 -1.679 3.464 AX11P115
4367.479 26.0 4.253 -2.7 "" ""
4367.485 106.00113 1.33 -3.53 3.464 AX33P155
4367.488 106.00112 0.359 -3.153 3.464 BX01P035
4367.49 106.00113 0.488 -2.607 3.464 BX01Q085
4367.516 106.00112 0.807 -1.882 3.464 AX22P085
4367.525 106.00113 0.708 -4.208 3.464 AX22P045
4367.539 106.00113 0.488 -5.458 3.464 BX01R085
4367.55 106.00112 0.807 -3.352 3.464 AX22Q085
4367.55 58.1 1.026 -0.79 "" ""
4367.57 106.00112 0.599 -1.645 3.464 AX11P125
4367.571 75.0 2.02 -0.81 "" ""
4367.578 26.0 2.988 -1.27 "" ""
4367.59 106.00112 0.27 -3.417 3.464 AX00Q115
4367.609 106.00112 0.27 -1.636 3.464 AX00P115
4367.647 106.00113 0.408 -4.202 3.464 AX11P055
4367.652 22.1 2.588 -0.86 LAWLER ""
4367.663 20.0 4.76 -1.65 "" ""
4367.689 106.00113 0.488 -5.516 3.464 BX01P095
4367.712 106.00112 0.27 -1.601 3.464 AX00P125
4367.727 106.00112 0.807 -1.834 3.464 AX22P095
4367.735 106.00113 0.708 -4.223 3.464 AX22P045
4367.737 106.00113 0.488 -2.548 3.464 BX01Q095
4367.763 106.00112 0.409 -4.184 3.464 AX11P055
4367.774 106.00113 2.029 -4.77 3.464 AX44R235
4367.822 22.0 3.184 -1.14 "" ""
4367.878 106.00112 0.956 -2.346 3.464 BX01R185
4367.88 69.1 2.439 -0.94 LAWLER ""
4367.9 72.1 1.671 -1.49 LAWLER ""
4367.903 26.0 1.607 -2.88 OBR91 ""
4367.912 24.0 3.886 -1.4 "" ""
4367.96 41.1 1.69 -1.03 Nilsson10 ""
4367.977 106.00112 0.956 -7.135 3.464 BX01Q195
4367.997 106.00112 0.71 -4.208 3.464 AX22P045
4368.016 22.0 2.304 -3.83 "" ""
4368.02 62.1 0.378 -0.93 LAWLER ""
4368.041 23.0 0.04 -1.74 LAWNOHFS ""
4368.058 106.00112 0.956 -2.307 3.464 BX01R195
4368.071 106.00112 0.409 -4.202 3.464 AX11P055
4368.08 106.00112 1.724 -9.131 3.464 CX15R115
4368.09 106.00112 1.335 -3.521 3.464 AX33R145
4368.107 24.1 3.906 -3.02 "" ""
4368.117 27.0 3.626 -1.81 "" ""
4368.122 23.0 2.614 -6.34 "" ""
4368.128 23.0 1.948 -3.26 "" ""
4368.135 106.00112 1.335 -1.266 3.464 AX33Q155
4368.14 106.00112 1.335 -1.289 3.464 AX33Q145
4368.169 106.00112 1.978 -2.123 3.464 AX54P225
4368.185 106.00112 1.335 -3.53 3.464 AX33P155
4368.193 8.0 9.514 -2.72 "" ""
4368.205 106.00112 1.978 -4.283 3.464 AX54Q215
4368.21 106.00112 0.71 -4.223 3.464 AX22P045
4368.226 58.1 0.904 -0.87 LAWLER ""
4368.242 8.0 9.514 -2.03 "" ""
4368.243 23.0 2.606 -5.71 "" ""
4368.247 59.1141 0.0 -0.961 LI/LAW ""
4368.25 106.00112 2.039 -4.77 3.464 AX44R235
4368.254 24.0 3.011 -1.3 SOBECK ""
4368.258 8.0 9.514 -2.25 "" ""
4368.275 26.0 4.47 -2.3 "" ""
4368.29 59.1141 0.0 -2.133 LI/LAW ""
4368.295 106.00112 1.978 -2.171 3.464 AX54P215
4368.3 59.1141 0.0 -1.054 LI/LAW ""
4368.302 28.0 3.417 -1.76 "" ""
4368.32 106.00113 1.452 -1.708 3.464 AX44R105
4368.328 59.1141 0.0 -3.632 LI/LAW ""
4368.338 59.1141 0.0 -1.943 LI/LAW ""
4368.346 59.1141 0.0 -1.153 LI/LAW ""
4368.369 25.0 3.769 -4.93 "" ""
4368.369 59.1141 0.0 -3.304 LI/LAW ""
4368.378 59.1141 0.0 -1.901 LI/LAW ""
4368.385 59.1141 0.0 -1.258 LI/LAW ""
4368.404 59.1141 0.0 -3.217 LI/LAW ""
4368.411 59.1141 0.0 -1.955 LI/LAW ""
4368.416 59.1141 0.0 -1.367 LI/LAW ""
4368.421 23.0 2.576 -5.06 "" ""
4368.431 59.1141 0.0 -3.363 LI/LAW ""
4368.433 106.00113 1.486 -1.684 3.464 AX44R115
4368.435 41.0 1.156 -0.7 "" ""
4368.436 59.1141 0.0 -2.145 LI/LAW ""
4368.44 59.1141 0.0 -1.476 LI/LAW ""
4368.478 106.00113 1.452 -1.68 3.464 AX44R115
4368.489 106.00113 1.452 -3.444 3.464 AX44Q115
4368.5 23.0 1.711 -3.83 "" ""
4368.563 106.00113 1.486 -1.66 3.464 AX44R125
4368.578 106.00113 1.376 -3.534 3.464 AX33R155
4368.584 106.00113 1.486 -3.486 3.464 AX44Q125
4368.592 23.0 2.121 -0.5 "" ""
4368.63 60.1 0.064 -0.81 LAWLER ""
4368.641 20.0 4.677 -4.71 "" ""
4368.652 26.0 3.249 -2.54 "" ""
4368.655 23.1 3.325 -5.07 "" ""
4368.657 24.0 4.444 -1.29 "" ""
4368.673 106.00113 1.376 -1.266 3.464 AX33Q155
4368.686 106.00113 1.376 -1.245 3.464 AX33Q165
4368.699 26.0 2.607 -5.14 "" ""
4368.719 14.0 7.035 -3.61 "" ""
4368.747 22.0 2.493 -1.78 "" ""
4368.772 42.0 3.161 -1.4 "" ""
4368.777 106.00113 1.147 -4.739 3.464 BX11R225
4368.777 106.00113 1.42 -1.736 3.464 AX44R095
4368.781 106.00113 1.376 -3.576 3.464 AX33P165
4368.811 22.0 3.168 -4.03 "" ""
4368.832 23.0 2.121 -3.69 "" ""
4368.871 25.0 4.709 -1.62 "" ""
4368.876 26.0 4.227 -2.87 "" ""
4368.909 25.0 3.133 -3.82 "" ""
4368.914 24.0 3.373 -1.3 "" ""
4368.933 22.0 2.266 -0.84 LAWLER ""
4368.949 27.0 4.018 -2.58 "" ""
4368.966 106.00113 1.42 -1.703 3.464 AX44R105
4368.966 106.00113 1.42 -3.398 3.464 AX44Q105
4369.004 25.1 7.376 -4.15 "" ""
4369.038 106.00112 1.862 -5.208 3.464 AX54P195
4369.041 42.0 1.469 -1.43 "" ""
4369.058 23.0 2.129 -0.98 LAWNOHFS ""
4369.073 28.0 3.938 -2.37 "" ""
4369.093 24.0 3.367 -4.01 "" ""
4369.126 106.00113 1.452 -1.708 3.464 AX44R105
4369.159 64.0 1.494 0.47 "" ""
4369.17 106.00113 1.523 -1.664 3.464 AX44R125
4369.186 42.0 3.075 -2.18 "" ""
4369.224 20.0 4.765 -2.37 "" ""
4369.228 106.00113 1.452 -1.68 3.464 AX44R115
4369.235 58.1 0.869 -0.89 LAWLER ""
4369.237 106.00113 1.452 -3.425 3.464 AX44Q115
4369.27 106.00112 0.49 -2.607 3.464 BX01Q085
4369.275 106.00113 1.523 -1.644 3.464 AX44R135
4369.292 106.00113 0.312 -3.425 3.464 AX00Q125
4369.306 106.00113 1.523 -3.527 3.464 AX44Q135
4369.318 90.1 1.038 -1.45 "" ""
4369.319 106.00113 0.312 -1.595 3.464 AX00P125
4369.32 106.00112 0.49 -5.457 3.464 BX01R085
4369.342 20.0 4.677 -3.4 "" ""
4369.35 25.0 3.133 -4.82 "" ""
4369.359 23.0 2.113 -4.04 "" ""
4369.361 73.0 1.594 -1.33 "" ""
4369.365 28.1 6.947 -4.23 "" ""
4369.376 106.00113 1.487 -1.684 3.464 AX44R115
4369.386 68.1 1.322 -0.67 "" ""
4369.411 26.1 2.779 -3.65 MELBAR ""
4369.422 23.0 2.027 -6.63 "" ""
4369.441 106.00112 1.381 -3.534 3.464 AX33R155
4369.445 106.00113 1.487 -1.66 3.464 AX44R125
4369.456 106.00113 1.42 -1.736 3.464 AX44R095
4369.459 28.1 6.571 -6.09 "" ""
4369.463 106.00113 0.312 -1.563 3.464 AX00P135
4369.464 106.00113 1.487 -3.466 3.464 AX44Q125
4369.47 106.00112 0.49 -5.516 3.464 BX01P095
4369.5 106.00112 1.381 -1.266 3.464 AX33Q155
4369.518 106.00112 0.49 -2.547 3.464 BX01Q095
4369.522 23.0 2.606 -4.07 "" ""
4369.529 24.0 3.373 -2.56 "" ""
4369.559 106.00112 1.381 -1.244 3.464 AX33Q165
4369.573 22.0 2.159 -3.47 "" ""
4369.581 21.0 3.055 -2.15 "" ""
4369.592 106.00113 1.42 -3.381 3.464 AX44Q105
4369.593 106.00113 1.42 -1.703 3.464 AX44R105
4369.595 68.1 0.886 -1.88 LAWLER ""
4369.6 28.0 4.415 -2.03 "" ""
4369.61 26.1 4.734 -5.49 "" ""
4369.612 21.0 3.055 -3.78 "" ""
4369.613 41.0 0.086 -2.11 "" ""
4369.618 106.00112 1.381 -3.576 3.464 AX33P165
4369.643 24.0 4.851 -1.97 "" ""
