wavelength species excitation loggf disassociation_energy comment
5507.068 607.01214 0.804 -2.506 7.724 0903Qa0155
5507.077 23.0 3.93 -3.49 "" ""
5507.088 112.00124 0.7 -0.626 1.340 23P117b24
5507.1 106.00112 1.978 -3.567 3.464 AX46P115
5507.129 22.0 2.159 -3.93 "" ""
5507.132 23.0 2.377 -1.91 "" ""
5507.136 22.0 3.152 -3.57 "" ""
5507.139 607.01214 2.383 -3.807 7.724 1810Rd0005
5507.144 106.00113 1.105 -5.0 3.464 BX03R085
5507.158 106.00113 1.452 -3.814 3.464 AX24P105
5507.158 22.0 2.248 -3.85 "" ""
5507.159 106.00113 1.452 -5.49 3.464 AX24Q105
5507.219 607.01314 2.886 -3.096 7.724 2112Rc0235
5507.224 106.00113 1.486 -3.719 3.464 AX24P125
5507.23 607.01214 0.808 -2.728 7.724 0802Pb0355
5507.271 607.01314 2.886 -1.959 7.724 2112Qa0245
5507.325 106.00113 1.594 -6.058 3.464 AX35P055
5507.333 26.1 6.802 -4.68 "" ""
5507.339 106.00112 1.139 -4.902 3.464 BX03R095
5507.369 106.00113 1.646 -5.964 3.464 AX13Q205
5507.425 607.01214 1.051 -3.19 7.724 0600Qb0665
5507.427 106.00113 1.452 -3.768 3.464 AX24P115
5507.441 24.0 3.009 -2.81 "" ""
5507.46 106.00113 2.003 -3.561 3.464 AX46P115
5507.47 106.00113 1.646 -3.611 3.464 AX13P215
5507.508 106.00113 1.105 -8.658 3.464 BX03Q095
5507.526 106.00113 1.646 -3.634 3.464 AX13P205
5507.527 106.00112 1.716 -5.979 3.464 AX13Q215
5507.549 106.00113 2.003 -3.517 3.464 AX46P125
5507.573 607.01214 1.051 -5.244 7.724 0600Pd0675
5507.589 106.00113 1.105 -4.903 3.464 BX03R095
5507.612 607.01214 1.661 -2.283 7.724 1306Pb0285
5507.65 607.01214 2.333 -3.246 7.724 1709Pc0275
5507.653 106.00112 1.716 -3.585 3.464 AX13P225
5507.667 106.00112 1.139 -8.664 3.464 BX03Q105
5507.699 106.00112 1.716 -3.607 3.464 AX13P215
5507.7 106.00112 1.368 -4.021 3.464 AX24P075
5507.735 23.0 1.711 -1.07 "" ""
5507.743 106.00113 1.42 -3.874 3.464 AX24P095
5507.757 23.0 2.357 0.11 "" ""
5507.76 106.00112 1.139 -4.805 3.464 BX03R105
5507.772 106.00113 1.42 -5.474 3.464 AX24Q095
5507.784 106.00112 1.368 -5.38 3.464 AX24Q075
5507.829 20.0 4.677 -2.07 "" ""
5507.838 106.00112 1.798 -3.832 3.464 AX02P275
5507.867 607.01214 2.385 -2.154 7.724 1709Pb0315
5507.902 40.0 2.114 -0.82 "" ""
5507.907 106.00113 2.003 -5.246 3.464 AX46Q115
5507.912 26.1 6.802 -3.59 "" ""
5507.914 106.00113 1.524 -5.574 3.464 AX24Q125
5507.949 106.00112 1.798 -6.483 3.464 AX02Q265
5507.95 106.00113 1.524 -3.713 3.464 AX24P125
5507.974 607.01214 0.864 -2.57 7.724 0903Ra0225
5507.987 106.00113 1.42 -3.824 3.464 AX24P105
5508.024 106.00113 1.524 -3.675 3.464 AX24P135
5508.03 106.00112 1.979 -3.614 3.464 AX46P105
5508.04 106.00112 1.979 -5.218 3.464 AX46Q105
5508.083 607.01214 2.428 -3.15 7.724 1810Rd0145
5508.086 607.01214 0.766 -5.286 7.724 0600Pc0565
5508.09 607.01214 2.384 -3.396 7.724 1810Rb0015
5508.095 607.01214 2.384 -3.135 7.724 1810Qd0025
5508.169 607.01214 2.384 -3.67 7.724 1810Rb0005
5508.173 607.01214 2.384 -3.266 7.724 1810Qd0015
5508.179 106.00112 1.368 -3.957 3.464 AX24P085
5508.192 607.01214 2.386 -3.223 7.724 1810Rb0025
5508.194 106.00112 1.979 -3.567 3.464 AX46P115
5508.196 607.01214 2.386 -3.044 7.724 1810Qd0035
5508.205 106.00112 1.798 -3.851 3.464 AX02P265
5508.258 26.1 6.698 -3.1 "" ""
5508.282 106.00113 2.557 -6.715 3.464 AX13P335
5508.377 607.01214 0.766 -3.719 7.724 0903Pc0075
5508.385 27.0 4.206 -0.76 "" ""
5508.398 60.1 0.859 -1.23 "" ""
5508.409 26.0 4.952 -1.28 "" ""
5508.428 106.00112 1.368 -4.021 3.464 AX24P075
5508.428 607.01214 2.383 -3.434 7.724 1810Qd0005
5508.435 106.00113 1.452 -3.814 3.464 AX24P105
5508.439 106.00113 1.452 -5.509 3.464 AX24Q105
5508.47 607.01214 2.387 -3.094 7.724 1810Rb0035
5508.476 607.01214 2.387 -2.978 7.724 1810Qd0045
5508.48 106.00113 1.487 -5.543 3.464 AX24Q115
5508.497 106.00113 1.487 -3.761 3.464 AX24P115
5508.512 106.00112 1.368 -5.394 3.464 AX24Q075
5508.551 22.0 3.724 -3.64 "" ""
5508.593 106.00112 2.465 -8.497 3.464 AX25R265
5508.595 106.00112 1.568 -5.578 3.464 AX24Q135
5508.595 607.01214 2.935 -3.224 7.724 2112Pc0225
5508.609 23.0 2.357 -0.73 "" ""
5508.609 27.0 3.62 -4.01 "" ""
5508.615 106.00113 1.452 -3.768 3.464 AX24P115
5508.621 106.00113 1.487 -3.719 3.464 AX24P125
5508.623 24.1 4.156 -2.11 Lawler17 ""
5508.628 74.0 2.531 -1.66 "" ""
5508.636 607.01314 1.529 -2.928 7.724 1306Qc0195
5508.648 106.00112 1.568 -3.669 3.464 AX24P135
5508.676 607.01314 1.529 -2.459 7.724 1306Pa0205
5508.692 112.00124 0.239 -3.01 1.340 01R109b24
5508.701 26.0 4.603 -2.67 "" ""
5508.719 607.01314 0.739 -3.836 7.724 0802Rc0325
5508.788 20.0 5.386 -2.77 "" ""
5508.788 607.01314 0.739 -2.402 7.724 0802Qa0335
5508.798 106.00112 1.612 -5.63 3.464 AX24Q145
5508.803 106.00112 1.568 -3.633 3.464 AX24P145
5508.819 607.01314 0.671 -3.556 7.724 0802Qc0275
5508.835 106.00112 1.369 -3.957 3.464 AX24P085
5508.836 24.0 3.447 -4.04 "" ""
5508.849 106.00112 1.034 -3.991 3.464 AX13Q055
5508.854 607.01214 0.779 -3.223 7.724 0903Qc0105
5508.862 106.00112 1.612 -3.596 3.464 AX24P155
5508.866 106.00112 1.612 -3.629 3.464 AX24P145
5508.873 607.01214 0.886 -2.562 7.724 0903Rb0235
5508.878 607.01214 0.779 -3.055 7.724 0903Pa0115
5508.878 607.01314 0.671 -2.824 7.724 0802Pa0285
5508.882 112.00124 0.679 -0.688 1.340 23P216b24
5508.893 106.00112 0.973 -4.789 3.464 AX13Q015
5508.897 106.00112 0.973 -4.787 3.464 AX13Q015
5508.925 607.01214 0.886 -3.257 7.724 0903Qd0245
5508.925 607.01314 2.867 -2.353 7.724 2112Pb0215
5508.928 607.01214 2.39 -2.989 7.724 1810Rb0045
5508.935 607.01214 2.39 -2.929 7.724 1810Qd0055
5508.937 607.01314 0.624 -3.886 7.724 0802Pc0235
5508.959 27.0 4.501 -2.89 "" ""
5508.965 607.01214 0.827 -2.442 7.724 0903Qb0175
5508.976 106.00112 1.034 -5.46 3.464 AX13R055
5509.004 607.01214 0.827 -3.483 7.724 0903Pd0185
5509.058 112.00124 0.516 -2.043 1.340 23Q203b24
5509.082 112.00124 0.516 -1.467 1.340 23P103b24
5509.1 60.1 1.356 -1.34 LAWLER ""
5509.103 24.0 4.609 -1.37 "" ""
5509.116 41.0 1.661 -1.92 "" ""
5509.123 106.00113 0.992 -6.336 3.464 AX02R135
5509.15 59.1 0.482 -0.9 LINOHFS ""
5509.19 607.01214 0.896 -2.325 7.724 0802Qb0405
5509.204 106.00113 0.992 -4.021 3.464 AX02Q135
5509.278 607.01214 0.896 -4.009 7.724 0802Pd0415
5509.301 106.00112 1.034 -3.991 3.464 AX13Q055
5509.311 607.01314 2.835 -3.191 7.724 2112Pc0175
5509.329 76.0 3.79 -0.42 "" ""
5509.346 106.00112 0.752 -4.577 3.464 AX02R065
5509.349 112.00124 0.679 -2.71 1.340 23Q216b24
5509.351 106.00113 0.992 -3.99 3.464 AX02Q145
5509.358 106.00113 1.013 -4.088 3.464 AX13Q045
5509.365 24.0 2.965 -6.31 "" ""
5509.408 106.00112 0.973 -4.463 3.464 AX13R015
5509.412 106.00112 0.973 -4.464 3.464 AX13R015
5509.415 106.00112 1.034 -5.418 3.464 AX13P065
5509.428 106.00112 1.034 -5.469 3.464 AX13R055
5509.432 106.00113 0.992 -6.099 3.464 AX02P145
5509.435 23.0 1.798 -4.3 "" ""
5509.437 112.00124 0.521 -1.562 1.340 23P204b24
5509.442 26.1 6.798 -4.21 "" ""
5509.454 112.00124 0.679 -0.655 1.340 23P116b24
5509.46 28.0 5.016 -3.56 "" ""
5509.468 6.0 8.841 -2.8 "" ""
5509.469 607.01214 2.384 -3.434 7.724 1810Qb0005
5509.474 607.01214 2.384 -3.736 7.724 1810Pd0015
5509.508 607.01214 2.966 -2.904 7.724 2112Qc0255
5509.516 106.00112 1.395 -3.942 3.464 AX24P085
5509.522 607.01314 0.684 -2.816 7.724 0802Pb0285
5509.535 106.00113 1.013 -5.377 3.464 AX13R045
5509.542 106.00112 1.034 -3.918 3.464 AX13Q065
5509.548 28.0 5.016 -3.96 "" ""
5509.549 607.01214 2.434 -3.151 7.724 1810Rd0155
5509.552 607.01214 1.051 -5.164 7.724 0600Rc0665
5509.568 607.01214 2.392 -2.902 7.724 1810Rb0055
5509.569 106.00112 1.395 -5.419 3.464 AX24Q085
5509.576 607.01214 0.903 -3.576 7.724 0600Pb0615
5509.576 607.01214 2.392 -2.891 7.724 1810Qd0065
5509.597 12.0 5.104 -2.39 "" ""
5509.597 12.0 5.104 -2.61 "" ""
5509.597 12.0 5.104 -3.09 "" ""
5509.621 15.0 7.17 -4.65 "" ""
5509.633 20.0 6.0 -5.07 "" ""
5509.669 25.1 6.489 -3.16 "" ""
5509.673 106.00113 1.013 -4.088 3.464 AX13Q045
5509.684 24.0 2.985 -6.78 "" ""
5509.689 607.01214 0.811 -3.436 7.724 0903Rc0155
5509.7 607.01214 1.051 -3.182 7.724 0600Qa0675
5509.704 607.01214 0.797 -2.923 7.724 0903Pb0135
5509.717 106.00112 2.234 -8.225 3.464 AX14R265
5509.718 24.0 3.889 -2.92 "" ""
5509.724 607.01214 0.811 -2.474 7.724 0903Qa0165
5509.769 20.0 6.0 -5.75 "" ""
5509.809 106.00112 1.035 -5.411 3.464 AX13P065
5509.85 106.00113 1.013 -5.384 3.464 AX13R045
5509.852 607.01214 1.018 -2.545 7.724 0802Rb0465
5509.855 106.00112 0.752 -5.933 3.464 AX02Q075
5509.89 39.1 0.992 -1.31 Biemont11 ""
5509.9 24.0 5.515 -3.94 "" ""
5509.909 106.00112 0.752 -4.53 3.464 AX02R075
5509.91 24.0 4.452 -1.14 "" ""
5509.917 106.00112 1.395 -3.885 3.464 AX24P095
5509.935 106.00112 1.035 -3.919 3.464 AX13Q065
5509.953 607.01214 1.018 -3.405 7.724 0802Qd0475
5509.964 25.1 6.49 -1.75 "" ""
5509.968 106.00112 0.752 -4.577 3.464 AX02R065
5509.994 90.0 1.215 -1.07 "" ""
5510.009 28.0 3.844 -0.88 LAWLER ""
5510.03 106.00113 1.013 -5.365 3.464 AX13P055
5510.051 106.00112 1.528 -5.55 3.464 AX24Q125
5510.087 106.00112 1.528 -3.712 3.464 AX24P125
5510.091 607.01314 2.858 -2.843 7.724 2112Qc0205
5510.118 72.0 0.0 -3.13 "" ""
5510.127 607.01314 2.858 -2.368 7.724 2112Pa0215
5510.13 112.00124 1.116 -4.395 1.340 02R135b24
5510.161 23.0 1.802 -4.54 "" ""
5510.166 607.01214 1.613 -3.356 7.724 1306Pc0245
5510.191 25.0 3.133 -3.44 "" ""
5510.207 106.00113 1.013 -3.998 3.464 AX13Q055
5510.212 26.1 2.542 -6.79 "" ""
5510.214 607.01314 1.505 -3.289 7.724 1306Pc0165
5510.218 6.0 8.634 -4.39 "" ""
5510.224 112.00124 0.858 -0.511 1.340 12P228b24
5510.261 607.01214 2.384 -3.198 7.724 1810Qb0015
5510.263 607.01214 2.384 -3.505 7.724 1810Pd0025
5510.279 106.00112 1.528 -3.674 3.464 AX24P135
5510.279 607.01314 1.588 -1.999 7.724 1306Qb0255
5510.305 106.00113 1.013 -5.36 3.464 AX13P055
5510.306 112.00126 0.503 -0.517 1.340 12Q215h26
5510.311 607.01314 0.754 -2.402 7.724 0802Qb0335
5510.331 607.01314 1.589 -3.217 7.724 1306Pd0265
5510.382 607.01314 0.754 -3.872 7.724 0802Pd0345
5510.389 607.01214 2.395 -2.826 7.724 1810Rb0065
5510.398 607.01214 2.395 -2.863 7.724 1810Qd0075
5510.408 106.00112 0.752 -5.921 3.464 AX02Q075
5510.416 607.01214 0.989 -3.675 7.724 0903Rd0325
5510.416 92.0 1.626 -0.28 "" ""
5510.418 106.00112 1.395 -3.942 3.464 AX24P085
5510.437 72.0 2.277 -1.48 "" ""
5510.462 106.00112 0.752 -4.531 3.464 AX02R075
5510.471 106.00112 1.395 -5.435 3.464 AX24Q085
5510.481 106.00113 1.013 -3.999 3.464 AX13Q055
5510.487 106.00113 2.461 -8.497 3.464 AX25R265
5510.489 112.00125 0.504 -0.517 1.340 12Q215h25
5510.535 63.0 1.743 -0.13 "" ""
5510.539 607.01314 2.262 -2.872 7.724 1709Qc0255
5510.552 106.00113 2.335 -3.215 3.464 AX35P245
5510.556 112.00124 0.858 -3.087 1.340 12Q228b24
5510.557 20.0 5.802 -5.77 "" ""
5510.583 106.00112 1.569 -5.602 3.464 AX24Q135
5510.584 607.01314 2.262 -2.242 7.724 1709Pa0265
5510.586 112.00124 1.364 -1.768 1.340 02R241b24
5510.586 24.0 3.887 -4.01 "" ""
5510.601 106.00113 2.037 -3.511 3.464 AX46P125
5510.611 106.00112 1.598 -6.04 3.464 AX35P055
5510.636 106.00112 1.569 -3.669 3.464 AX24P135
5510.648 106.00112 1.424 -3.874 3.464 AX24P095
5510.672 106.00112 1.569 -3.634 3.464 AX24P145
5510.674 106.00112 1.424 -5.455 3.464 AX24Q095
5510.677 58.0 0.498 -0.69 "" ""
5510.681 106.00113 2.335 -5.58 3.464 AX35Q235
5510.683 90.1 1.888 -1.74 "" ""
5510.685 112.00126 0.543 -0.572 1.340 01Q223h26
5510.688 112.00124 0.504 -0.517 1.340 12Q215h24
5510.694 112.00124 0.659 -0.689 1.340 23P215b24
5510.718 24.1 3.827 -2.43 Lawler17 ""
5510.723 44.0 1.512 -1.41 "" ""
5510.725 112.00124 0.858 -0.494 1.340 12P128b24
5510.739 106.00112 1.395 -3.885 3.464 AX24P095
5510.739 106.00113 2.036 -3.469 3.464 AX46P135
5510.772 112.00124 1.364 -4.783 1.340 02Q141b24
5510.779 112.00126 0.503 -0.488 1.340 12Q115h26
5510.787 112.00124 0.977 -0.623 1.340 01P235b24
5510.79 106.00112 2.465 -3.148 3.464 AX35P265
5510.794 112.00124 0.504 -3.821 1.340 12P115b24
5510.827 22.0 3.705 -4.0 "" ""
5510.832 112.00125 0.543 -0.572 1.340 01Q223h25
5510.893 25.0 3.133 -4.73 "" ""
5510.897 106.00112 1.491 -5.521 3.464 AX24Q115
5510.9 106.00112 2.465 -5.553 3.464 AX35Q255
5510.911 607.01314 2.273 -2.231 7.724 1709Pb0265
5510.914 26.0 5.066 -3.28 "" ""
5510.915 106.00112 1.491 -3.76 3.464 AX24P115
5510.938 6.0 8.634 -3.54 "" ""
5510.961 112.00125 0.504 -0.488 1.340 12Q115h25
5510.984 106.00112 1.424 -3.823 3.464 AX24P105
5510.993 112.00124 0.544 -0.572 1.340 01Q223h24
5510.997 607.01214 0.875 -2.55 7.724 0903Ra0235
5511.001 607.01314 2.94 -2.138 7.724 2112Ra0295
5511.008 112.00124 0.521 -2.145 1.340 23Q204b24
5511.01 112.00124 1.364 -1.759 1.340 02R141b24
5511.016 112.00124 0.512 -2.045 1.340 23P202b24
5511.024 106.00112 1.598 -6.057 3.464 AX35P055
5511.024 106.00113 2.335 -3.242 3.464 AX35P235
5511.033 26.0 3.544 -5.73 "" ""
5511.039 112.00124 0.521 -1.321 1.340 23P104b24
5511.052 112.00124 0.504 -3.82 1.340 12R215b24
5511.076 106.00113 2.037 -5.246 3.464 AX46Q125
5511.09 112.00126 0.543 -0.553 1.340 01Q123h26
5511.093 62.0 0.498 -1.12 "" ""
5511.1 6.0 8.844 -4.36 "" ""
5511.109 106.00112 1.456 -3.814 3.464 AX24P105
5511.111 106.00112 1.456 -5.489 3.464 AX24Q105
5511.112 106.00112 2.465 -3.183 3.464 AX35P255
5511.137 112.00124 0.977 -3.442 1.340 01Q235b24
5511.148 106.00112 1.491 -3.718 3.464 AX24P125
5511.152 112.00124 0.544 -4.329 1.340 01P123b24
5511.158 112.00124 0.504 -0.488 1.340 12Q115h24
5511.169 20.0 5.485 -6.26 "" ""
5511.176 23.0 2.372 -0.83 LAWNOHFS ""
5511.189 607.01214 1.722 -4.644 7.724 0902Pc0725
5511.2 607.01314 1.578 -3.182 7.724 1306Rc0245
5511.207 607.01214 2.441 -3.154 7.724 1810Rd0165
5511.226 607.01214 2.386 -3.014 7.724 1810Qb0025
5511.231 607.01214 2.386 -3.375 7.724 1810Pd0035
5511.238 112.00125 0.543 -0.553 1.340 01Q123h25
5511.24 112.00124 0.544 -4.329 1.340 01R223b24
5511.249 607.01314 1.578 -2.0 7.724 1306Qa0255
5511.256 106.00113 0.992 -6.353 3.464 AX02R135
5511.261 112.00124 0.659 -2.694 1.340 23Q215b24
5511.283 607.01214 0.896 -3.768 7.724 0802Rc0405
5511.305 607.01314 1.547 -2.418 7.724 1306Pb0215
5511.306 24.0 4.398 -1.92 "" ""
5511.337 106.00113 0.992 -4.021 3.464 AX02Q135
5511.338 112.00124 0.977 -0.609 1.340 01P135b24
5511.338 112.00126 0.319 -1.088 1.340 01R214h26
5511.351 106.00113 0.992 -3.99 3.464 AX02Q145
5511.361 112.00124 0.659 -0.663 1.340 23P115b24
5511.37 106.00112 2.01 -5.224 3.464 AX46Q115
5511.372 607.01214 0.896 -2.324 7.724 0802Qa0415
5511.379 106.00112 2.01 -3.56 3.464 AX46P115
5511.39 106.00112 1.456 -3.768 3.464 AX24P115
5511.394 607.01214 2.398 -2.759 7.724 1810Rb0075
5511.398 112.00124 0.544 -0.553 1.340 01Q123h24
5511.404 607.01214 2.398 -2.842 7.724 1810Qd0085
5511.414 607.01214 0.996 -2.521 7.724 0802Ra0465
5511.418 112.00126 0.383 -1.082 1.340 12R207h26
5511.433 106.00113 0.992 -6.084 3.464 AX02P145
5511.436 112.00124 0.527 -1.374 1.340 23P205b24
5511.459 607.01314 2.951 -2.148 7.724 2112Rb0295
5511.476 42.0 2.932 -1.74 "" ""
5511.479 24.0 3.011 -2.84 "" ""
5511.496 92.0 0.077 -1.7 "" ""
5511.503 112.00125 0.32 -1.088 1.340 01R214h25
5511.524 607.01314 2.951 -2.89 7.724 2112Qd0305
5511.548 607.01214 0.77 -3.681 7.724 0903Pc0085
5511.549 607.01214 2.384 -3.736 7.724 1810Pb0015
5511.552 25.1 6.489 -1.9 "" ""
5511.581 106.00112 2.01 -3.516 3.464 AX46P125
5511.613 112.00125 0.384 -1.082 1.340 12R207h25
5511.628 59.1 0.216 -2.04 "" ""
5511.641 607.01214 0.751 -4.635 7.724 0701Pc0455
5511.683 112.00124 0.32 -1.088 1.340 01R214h24
5511.687 607.01214 0.785 -3.217 7.724 0903Qc0115
5511.713 607.01214 0.785 -3.003 7.724 0903Pa0125
5511.732 106.00113 2.227 -8.224 3.464 AX14R265
5511.74 106.00112 1.424 -3.873 3.464 AX24P095
5511.766 106.00112 1.424 -5.473 3.464 AX24Q095
5511.779 22.0 1.459 -1.6 LAWLER ""
5511.789 112.00124 0.32 -3.231 1.340 01Q114b24
5511.796 106.00112 1.529 -5.573 3.464 AX24Q125
5511.824 26.0 3.234 -4.44 "" ""
5511.825 112.00124 0.384 -1.082 1.340 12R207h24
5511.833 106.00112 1.529 -3.712 3.464 AX24P125
5511.841 25.0 5.487 -4.1 "" ""
5511.862 106.00112 1.718 -3.585 3.464 AX13P225
5511.868 106.00112 2.528 -5.482 3.464 AX35Q265
5511.879 112.00124 0.384 -2.671 1.340 12Q107b24
5511.888 112.00126 0.319 -1.065 1.340 01R114h26
5511.912 106.00112 1.529 -3.674 3.464 AX24P135
5511.919 106.00112 1.718 -6.015 3.464 AX13Q215
5511.928 106.00112 2.528 -3.106 3.464 AX35P275
5511.988 106.00112 1.424 -3.823 3.464 AX24P105
5511.998 106.00113 2.395 -5.529 3.464 AX35Q245
5512.043 106.00113 2.395 -3.182 3.464 AX35P255
5512.046 106.00113 2.395 -3.213 3.464 AX35P245
5512.051 24.0 3.419 -2.57 "" ""
5512.053 112.00125 0.32 -1.065 1.340 01R114h25
5512.054 6.0 8.844 -2.73 "" ""
5512.057 26.0 3.298 -4.09 "" ""
5512.058 607.01214 0.903 -4.946 7.724 0600Qc0615
5512.059 106.00113 1.648 -3.611 3.464 AX13P215
5512.061 607.01314 2.906 -1.938 7.724 2112Qb0255
5512.064 58.1 1.007 -0.39 LAWLER ""
5512.092 106.00112 1.718 -3.607 3.464 AX13P215
5512.093 106.00112 2.528 -3.147 3.464 AX35P265
5512.102 62.0 0.101 -1.05 "" ""
5512.111 27.0 1.048 -8.05 "" ""
5512.117 607.01314 2.906 -3.134 7.724 2112Pd0265
5512.122 106.00113 1.648 -5.999 3.464 AX13Q205
5512.138 607.01214 0.808 -3.683 7.724 0802Qc0355
5512.151 112.00126 0.383 -1.045 1.340 12R107h26
5512.159 607.01314 2.896 -3.103 7.724 2112Rc0245
5512.165 106.00113 1.851 -5.894 3.464 AX46P055
5512.178 26.0 5.082 -3.71 "" ""
5512.188 106.00113 2.037 -3.511 3.464 AX46P125
5512.196 607.01214 0.903 -3.569 7.724 0600Pa0625
5512.214 607.01314 2.896 -1.94 7.724 2112Qa0255
5512.216 607.01214 0.808 -2.716 7.724 0802Pa0365
5512.23 607.01314 2.231 -3.206 7.724 1709Pc0225
5512.231 106.00113 2.037 -3.469 3.464 AX46P135
5512.231 112.00124 0.32 -1.065 1.340 01R114h24
5512.237 24.0 5.517 -1.56 "" ""
5512.258 26.0 4.368 -1.42 "" ""
5512.279 106.00113 1.648 -3.634 3.464 AX13P205
5512.343 112.00125 0.384 -1.045 1.340 12R107h25
5512.372 607.01214 2.387 -2.874 7.724 1810Qb0035
5512.377 607.01214 2.387 -3.288 7.724 1810Pd0045
5512.385 44.0 3.748 -0.11 "" ""
5512.402 26.0 4.412 -1.59 "" ""
5512.405 106.00112 1.456 -3.814 3.464 AX24P105
5512.408 106.00112 1.456 -5.509 3.464 AX24Q105
5512.412 106.00112 1.491 -5.542 3.464 AX24Q115
5512.415 607.01214 0.897 -2.542 7.724 0903Rb0245
5512.424 607.01214 0.836 -2.413 7.724 0903Qb0185
5512.43 106.00112 1.491 -3.76 3.464 AX24P115
5512.466 607.01214 0.836 -3.489 7.724 0903Pd0195
5512.469 607.01214 0.897 -3.264 7.724 0903Qd0255
5512.479 24.1 7.381 -4.02 "" ""
5512.486 106.00113 0.985 -7.242 3.464 BX03R035
5512.516 607.01214 1.661 -3.032 7.724 1306Qc0285
5512.521 607.01214 1.449 -5.299 7.724 0600Rd0795
5512.524 22.0 1.459 -0.4 LAWLER ""
5512.531 607.01214 0.819 -3.442 7.724 0903Rc0165
5512.552 112.00124 0.384 -1.045 1.340 12R107h24
5512.554 106.00113 1.851 -5.911 3.464 AX46P055
5512.559 106.00112 1.491 -3.719 3.464 AX24P125
5512.568 607.01214 0.819 -2.444 7.724 0903Qa0175
5512.575 607.01214 1.661 -2.274 7.724 1306Pa0295
5512.576 607.01214 2.402 -2.7 7.724 1810Rb0085
5512.59 106.00112 1.456 -3.768 3.464 AX24P115
5512.592 607.01214 2.402 -2.826 7.724 1810Qd0095
5512.663 106.00113 2.037 -5.269 3.464 AX46Q125
5512.692 112.00124 0.527 -2.231 1.340 23Q205b24
5512.713 24.0 3.011 -2.43 "" ""
5512.719 607.01214 1.243 -3.398 7.724 0600Rb0725
5512.73 112.00124 0.527 -1.211 1.340 23P105b24
5512.745 106.00112 2.01 -5.245 3.464 AX46Q115
5512.755 106.00112 2.01 -3.56 3.464 AX46P115
5512.808 112.00124 0.641 -0.757 1.340 23P214b24
5512.835 607.01214 0.745 -3.967 7.724 0802Pc0315
5512.869 106.00112 2.01 -3.516 3.464 AX46P125
5512.871 25.1 6.49 -4.89 "" ""
5512.88 607.01214 1.243 -4.951 7.724 0600Qd0735
5512.98 20.0 2.933 -0.46 LAWLER ""
5513.001 106.00112 0.995 -6.335 3.464 AX02R135
5513.011 22.0 2.152 -5.04 "" ""
5513.028 112.00124 0.535 -1.244 1.340 23P206b24
5513.047 6.0 8.844 -4.01 "" ""
5513.06 607.01214 2.448 -3.158 7.724 1810Rd0175
5513.086 106.00112 0.995 -4.021 3.464 AX02Q135
5513.105 607.01314 1.538 -2.933 7.724 1306Qc0205
5513.118 58.1 1.42 -1.03 LAWLER ""
5513.146 607.01314 1.538 -2.433 7.724 1306Pa0215
5513.149 106.00113 0.997 -4.218 3.464 AX13Q035
5513.199 6.0 8.636 -3.3 "" ""
5513.22 112.00124 0.641 -2.655 1.340 23Q214b24
5513.235 106.00112 0.995 -3.989 3.464 AX02Q145
5513.314 112.00124 0.641 -0.718 1.340 23P114b24
5513.32 106.00112 0.995 -6.098 3.464 AX02P145
5513.36 106.00113 0.997 -4.218 3.464 AX13Q035
5513.373 106.00112 1.108 -4.999 3.464 BX03R085
5513.374 607.01214 2.386 -3.459 7.724 1810Pb0025
5513.376 25.0 4.317 -4.41 "" ""
5513.392 92.0 0.908 -1.33 "" ""
5513.393 106.00113 0.997 -5.277 3.464 AX13R035
5513.394 26.0 4.1 -2.37 "" ""
5513.425 24.1 5.658 -4.43 "" ""
5513.455 607.01214 0.804 -2.884 7.724 0903Pb0145
5513.492 106.00112 1.016 -4.088 3.464 AX13Q045
5513.52 106.00113 1.288 -6.345 3.464 AX24P035
5513.522 22.1 5.881 -2.13 "" ""
5513.553 106.00113 1.077 -5.097 3.464 BX03R075
5513.553 26.0 4.984 -2.92 "" ""
5513.562 59.1 0.923 -0.81 "" ""
5513.604 106.00113 0.997 -5.284 3.464 AX13R035
5513.647 39.0 1.917 -0.18 "" ""
5513.668 106.00112 1.016 -5.376 3.464 AX13R045
5513.695 28.0 4.534 -1.35 "" ""
5513.695 607.01214 2.39 -2.761 7.724 1810Qb0045
5513.702 607.01214 2.39 -3.227 7.724 1810Pd0055
5513.725 106.00113 1.288 -6.357 3.464 AX24P035
5513.743 106.00112 1.108 -8.657 3.464 BX03Q095
5513.783 24.0 5.786 -1.12 "" ""
5513.803 42.0 2.678 -2.47 "" ""
5513.818 106.00112 1.016 -4.087 3.464 AX13Q045
5513.829 106.00112 1.108 -4.902 3.464 BX03R095
5513.844 23.1 6.537 -3.29 "" ""
5513.866 26.0 3.692 -3.06 "" ""
5513.95 607.01214 2.406 -2.647 7.724 1810Rb0095
5513.968 607.01214 2.406 -2.814 7.724 1810Qd0105
5513.969 106.00113 1.077 -8.634 3.464 BX03Q085
5513.987 106.00113 0.998 -5.306 3.464 AX13P045
5513.994 106.00112 1.016 -5.384 3.464 AX13R045
5513.995 112.00124 0.623 -0.796 1.340 23P213b24
5514.044 106.00113 1.077 -4.999 3.464 BX03R085
5514.075 25.0 5.108 -3.65 "" ""
5514.077 112.00124 0.535 -2.303 1.340 23Q206b24
5514.088 106.00112 2.055 -8.706 3.464 AX03R275
5514.121 112.00124 0.535 -1.122 1.340 23P106b24
5514.138 22.0 2.133 -7.02 "" ""
5514.164 106.00113 0.998 -5.301 3.464 AX13P045
5514.165 607.01214 1.674 -2.266 7.724 1306Pb0295
5514.172 106.00112 1.016 -5.365 3.464 AX13P055
5514.205 21.0045 1.851 -1.59 LAWHFS ""
5514.205 607.01214 0.886 -2.531 7.724 0903Ra0245
5514.206 21.0045 1.851 -1.2 LAWHFS ""
5514.207 21.0045 1.851 -0.94 LAWHFS ""
5514.209 21.0045 1.851 -1.33 LAWHFS ""
5514.21 21.0045 1.851 -0.75 LAWHFS ""
5514.21 21.0045 1.851 -1.62 LAWHFS ""
5514.211 21.0045 1.851 -1.14 LAWHFS ""
5514.211 58.0 0.772 -0.58 "" ""
5514.214 21.0045 1.851 -0.58 LAWHFS ""
5514.214 21.0045 1.851 -1.05 LAWHFS ""
5514.214 21.0045 1.851 -1.59 LAWHFS ""
5514.218 21.0045 1.851 -0.44 LAWHFS ""
5514.219 21.0045 1.851 -1.03 LAWHFS ""
5514.219 21.0045 1.851 -1.64 LAWHFS ""
5514.224 21.0045 1.851 -1.08 LAWHFS ""
5514.225 21.0045 1.851 -1.76 LAWHFS ""
5514.23 21.0045 1.851 -1.28 LAWHFS ""
5514.231 106.00113 0.998 -4.1 3.464 AX13Q045
5514.233 21.0045 1.851 -1.98 LAWHFS ""
5514.239 106.00113 1.714 -6.432 3.464 AX02Q255
5514.241 21.0045 1.851 -2.4 LAWHFS ""
5514.242 112.00124 0.544 -1.145 1.340 23P207b24
5514.306 106.00113 1.714 -3.854 3.464 AX02P265
5514.324 607.01314 0.754 -3.845 7.724 0802Rc0335
5514.343 22.0 1.429 -0.66 LAWLER ""
5514.348 106.00112 1.016 -3.998 3.464 AX13Q055
5514.367 26.0 2.196 -8.99 "" ""
5514.396 607.01314 0.754 -2.388 7.724 0802Qa0345
5514.408 106.00113 0.998 -4.1 3.464 AX13Q045
5514.419 24.1 6.479 -2.88 "" ""
5514.422 607.01214 1.004 -3.682 7.724 0903Rd0335
5514.427 607.01314 2.876 -2.33 7.724 2112Pb0225
5514.448 106.00112 1.016 -5.359 3.464 AX13P055
5514.46 607.01314 0.684 -3.565 7.724 0802Qc0285
5514.461 106.00113 1.714 -3.875 3.464 AX02P255
5514.489 112.00124 0.623 -2.624 1.340 23Q213b24
5514.521 607.01314 0.684 -2.807 7.724 0802Pa0295
5514.534 22.0 1.442 -0.5 LAWLER ""
5514.543 607.01314 2.842 -3.191 7.724 2112Pc0185
5514.55 21.1 7.13 -4.33 "" ""
5514.578 112.00124 0.623 -0.753 1.340 23P113b24
5514.625 106.00112 1.016 -3.998 3.464 AX13Q055
5514.673 607.01214 0.825 -2.715 7.724 0802Pb0365
5514.684 74.0 0.412 -1.8 "" ""
5514.699 23.0 4.076 -4.09 "" ""
5514.713 607.01214 0.791 -3.214 7.724 0903Qc0125
5514.742 607.01214 0.791 -2.956 7.724 0903Pa0135
5514.778 15.0 7.398 -2.0 "" ""
5514.791 28.0 3.844 -1.99 "" ""
5514.806 607.01314 0.635 -3.893 7.724 0802Pc0245
5514.812 23.0 4.021 -4.54 "" ""
5514.873 90.0 0.966 -1.59 "" ""
5514.911 112.00124 0.607 -0.838 1.340 23P212b24
5514.912 24.0 5.517 -1.97 "" ""
5514.919 607.01214 0.774 -3.653 7.724 0903Pc0095
5514.973 607.01214 2.346 -3.251 7.724 1709Pc0285
5514.978 607.01314 1.512 -3.288 7.724 1306Pc0175
5514.98 15.0 7.398 -2.23 "" ""
5515.013 607.01214 1.243 -3.388 7.724 0600Ra0735
5515.079 23.0 0.069 -3.35 "" ""
5515.09 112.00124 0.554 -1.064 1.340 23P208b24
5515.107 22.0 2.266 -7.95 "" ""
5515.107 607.01214 2.456 -3.163 7.724 1810Rd0185
5515.12 112.00126 0.484 -0.547 1.340 12Q214h26
5515.144 112.00124 0.544 -2.366 1.340 23Q207b24
5515.147 607.01314 1.6 -1.98 7.724 1306Qb0265
5515.149 59.1 1.003 -1.02 "" ""
5515.156 112.00124 0.355 -2.353 1.340 12R103b24
5515.165 106.00112 0.996 -6.352 3.464 AX02R135
5515.19 607.01314 2.867 -2.848 7.724 2112Qc0215
5515.195 112.00124 0.544 -1.048 1.340 23P107b24
5515.2 607.01214 2.392 -2.667 7.724 1810Qb0055
5515.2 607.01314 1.6 -3.222 7.724 1306Pd0275
5515.208 607.01214 2.392 -3.181 7.724 1810Pd0065
5515.21 23.1 2.37 -4.42 "" ""
5515.212 106.00113 2.073 -3.465 3.464 AX46P135
5515.215 607.01314 2.867 -2.344 7.724 2112Pa0225
5515.25 106.00112 0.996 -4.021 3.464 AX02Q135
5515.27 106.00112 0.996 -3.99 3.464 AX02Q145
5515.271 57.0 0.928 -1.02 "" ""
5515.29 607.01214 2.945 -3.228 7.724 2112Pc0235
5515.311 112.00125 0.484 -0.547 1.340 12Q214h25
5515.315 106.00113 2.073 -3.425 3.464 AX46P145
5515.32 20.0 5.295 -2.55 "" ""
5515.323 20.0 6.003 -4.13 "" ""
5515.323 23.1 5.471 -3.45 "" ""
5515.329 23.0 0.0 -3.96 LAWNOHFS ""
5515.354 106.00112 0.996 -6.083 3.464 AX02P145
5515.37 21.0045 1.943 -1.96 LAWHFS ""
5515.376 21.0045 1.943 -2.58 LAWHFS ""
5515.379 607.01214 2.387 -3.284 7.724 1810Pb0035
5515.381 21.0045 1.943 -3.45 LAWHFS ""
5515.383 21.0045 1.943 -2.17 LAWHFS ""
5515.388 21.0045 1.943 -2.42 LAWHFS ""
5515.392 21.0045 1.943 -3.02 LAWHFS ""
5515.393 21.0045 1.943 -2.46 LAWHFS ""
5515.397 21.0045 1.943 -2.43 LAWHFS ""
5515.4 21.0045 1.943 -2.77 LAWHFS ""
5515.401 21.0045 1.943 -2.9 LAWHFS ""
5515.404 21.0045 1.943 -2.59 LAWHFS ""
5515.406 21.0045 1.943 -2.59 LAWHFS ""
5515.41 66.1 0.54 -2.38 LAWLER ""
5515.437 24.0 2.87 -4.82 "" ""
5515.453 112.00124 0.607 -2.59 1.340 23Q212b24
5515.477 607.01314 0.697 -2.798 7.724 0802Pb0295
5515.485 112.00124 0.592 -0.885 1.340 23P211b24
5515.499 26.0 5.109 -3.43 "" ""
5515.512 607.01214 2.411 -2.598 7.724 1810Rb0105
5515.52 112.00124 0.485 -0.547 1.340 12Q214h24
5515.531 607.01214 2.411 -2.806 7.724 1810Qd0115
5515.536 112.00124 0.607 -0.791 1.340 23P112b24
5515.551 6.0 8.844 -2.34 "" ""
5515.561 607.01214 0.827 -3.448 7.724 0903Rc0175
5515.578 112.00124 0.565 -0.996 1.340 23P209b24
5515.6 607.01214 0.827 -2.415 7.724 0903Qa0185
5515.601 64.0 2.096 -0.08 "" ""
5515.608 112.00126 0.484 -0.517 1.340 12Q114h26
5515.62 112.00124 0.485 -3.793 1.340 12P114b24
5515.694 6.0 8.844 -3.91 "" ""
5515.708 112.00124 0.578 -0.937 1.340 23P210b24
5515.718 106.00113 2.073 -5.265 3.464 AX46Q135
5515.755 607.01314 1.588 -3.187 7.724 1306Rc0255
5515.798 112.00125 0.484 -0.517 1.340 12Q114h25
5515.806 607.01314 1.589 -1.981 7.724 1306Qa0265
5515.825 25.1 6.489 -3.39 "" ""
5515.842 20.0 5.296 -2.09 "" ""
5515.844 106.00113 0.679 -6.418 3.464 AX02R035
5515.872 106.00113 1.533 -5.95 3.464 BX13P185
5515.884 112.00124 0.554 -2.421 1.340 23Q208b24
5515.9 106.00112 2.044 -5.245 3.464 AX46Q125
5515.905 112.00124 0.485 -3.792 1.340 12R214b24
5515.927 106.00112 2.044 -3.51 3.464 AX46P125
5515.941 112.00124 0.554 -0.984 1.340 23P108b24
5515.948 106.00113 0.679 -6.405 3.464 AX02R035
5515.983 27.0 4.206 -0.45 "" ""
5516.005 112.00124 0.485 -0.517 1.340 12Q114h24
5516.016 68.0 1.432 -0.59 "" ""
5516.032 76.0 3.486 -1.07 "" ""
5516.055 607.01214 0.845 -2.387 7.724 0903Qb0195
5516.076 112.00124 0.592 -2.554 1.340 23Q211b24
5516.077 106.00113 0.985 -4.419 3.464 AX13Q025
5516.082 58.1 1.614 -0.89 "" ""
5516.091 106.00112 2.044 -3.468 3.464 AX46P135
5516.098 106.00112 1.654 -5.963 3.464 AX13Q205
5516.098 607.01214 0.845 -3.495 7.724 0903Pd0205
5516.133 607.01214 0.909 -2.523 7.724 0903Rb0255
5516.141 62.0 0.282 -0.41 "" ""
5516.153 112.00124 0.592 -0.832 1.340 23P111b24
5516.16 23.1 6.779 -4.67 "" ""
5516.181 21.0 3.804 -4.01 "" ""
5516.189 607.01214 0.909 -3.272 7.724 0903Qd0265
5516.203 106.00113 0.985 -4.418 3.464 AX13Q025
5516.206 607.01314 0.769 -2.388 7.724 0802Qb0345
5516.226 607.01314 2.951 -2.124 7.724 2112Ra0305
5516.232 106.00112 1.654 -3.609 3.464 AX13P215
5516.259 106.00112 1.654 -3.633 3.464 AX13P205
5516.279 607.01314 0.769 -3.88 7.724 0802Pd0355
5516.281 26.0 5.06 -1.6 "" ""
5516.285 60.0 1.201 -0.08 "" ""
5516.286 106.00112 1.721 -6.431 3.464 AX02Q255
5516.289 112.00124 0.565 -2.47 1.340 23Q209b24
5516.296 26.0 4.1 -4.51 "" ""
5516.316 607.01314 1.557 -2.395 7.724 1306Pb0225
5516.32 112.00124 0.516 -2.043 1.340 23P203b24
5516.352 112.00124 0.566 -0.928 1.340 23P109b24
5516.354 112.00124 0.578 -2.514 1.340 23Q210b24
5516.394 106.00112 1.721 -3.853 3.464 AX02P265
5516.421 106.00113 0.985 -5.154 3.464 AX13R025
5516.424 112.00124 0.578 -0.877 1.340 23P110b24
5516.43 112.00124 0.825 -0.53 1.340 12P227b24
5516.46 66.1 2.58 0.0 LAWLER ""
5516.482 26.0 3.544 -3.24 "" ""
5516.52 106.00113 2.397 -3.182 3.464 AX35P255
5516.529 106.00112 1.721 -3.875 3.464 AX02P255
5516.547 106.00113 0.985 -5.159 3.464 AX13R025
5516.603 106.00113 1.588 -5.947 3.464 AX13Q195
5516.659 106.00113 2.397 -5.569 3.464 AX35Q245
5516.659 6.0 8.636 -3.72 "" ""
5516.664 20.0 5.386 -3.82 "" ""
5516.705 607.01214 1.624 -3.363 7.724 1306Pc0255
5516.716 106.00113 1.588 -3.637 3.464 AX13P205
5516.748 106.00113 1.588 -3.662 3.464 AX13P195
5516.771 23.0 0.017 -6.25 "" ""
5516.774 25.0 2.177 -1.85 "" ""
5516.782 112.00124 0.825 -3.073 1.340 12Q227b24
5516.829 23.1 6.779 -3.59 "" ""
5516.855 22.0 3.715 -3.76 "" ""
5516.882 607.01214 0.916 -2.314 7.724 0802Qb0415
5516.886 607.01214 2.395 -2.586 7.724 1810Qb0065
5516.895 607.01214 2.395 -3.146 7.724 1810Pd0075
5516.949 112.00124 0.825 -0.512 1.340 12P127b24
5516.974 607.01214 0.916 -4.024 7.724 0802Pd0425
5516.998 15.0 7.376 -1.93 "" ""
5517.004 607.01314 2.964 -2.133 7.724 2112Rb0305
5517.023 106.00113 2.074 -3.465 3.464 AX46P135
5517.025 106.00113 2.073 -3.425 3.464 AX46P145
5517.035 106.00113 2.397 -3.213 3.464 AX35P245
