wavelength species excitation loggf disassociation_energy comment
3989.733 106.00113 0.596 -8.51 3.464 AX21P115
3989.734 23.1 6.329 -3.13 "" ""
3989.75 58.1 0.587 -1.38 "" ""
3989.758 22.0 0.021 -0.13 LAWLER ""
3989.784 21.1 7.477 -4.5 "" ""
3989.789 23.1 1.803 -1.9 LAWNOHFS ""
3989.803 24.0 4.437 -2.12 "" ""
3989.85 20.0 2.93 -6.85 "" ""
3989.858 26.0 3.544 -1.08 "" ""
3989.908 106.00113 0.985 -4.631 3.464 AX43P035
3989.909 21.0 1.438 -2.92 "" ""
3989.916 42.0 3.435 -0.96 "" ""
3989.923 106.00113 1.377 -2.42 3.464 AX43R165
3989.943 106.00113 1.377 -2.49 3.464 AX43R155
3989.952 25.0 3.133 -1.44 "" ""
3989.96 106.00113 0.985 -4.628 3.464 AX43P035
3989.968 106.00113 1.377 -4.645 3.464 AX43Q165
3989.978 24.0 3.889 0.49 "" ""
3990.01 62.1 0.0 -1.06 LAWLER ""
3990.013 62.0 0.387 0.15 "" ""
3990.067 23.0 1.892 -3.39 "" ""
3990.068 23.0 2.121 -3.26 "" ""
3990.076 106.00112 0.979 -4.586 3.464 AX43P025
3990.077 106.00113 0.985 -3.526 3.464 AX43Q035
3990.097 106.00112 0.979 -4.584 3.464 AX43P025
3990.1 58.1 0.357 -0.94 LAWLER ""
3990.1 60.1 0.471 0.13 LAWLER ""
3990.108 607.01214 3.034 -1.428 7.724 1313Ra0015
3990.115 607.01214 3.034 -1.684 7.724 1313Rb0005
3990.119 607.01214 3.034 -2.383 7.724 1313Qd0015
3990.129 106.00113 0.985 -3.526 3.464 AX43Q035
3990.138 22.0 2.083 -1.16 "" ""
3990.158 24.0 4.102 -0.75 "" ""
3990.165 23.0 2.129 -3.06 "" ""
3990.203 106.00112 1.456 -8.071 3.464 CX14R115
3990.217 22.0 2.083 -1.04 "" ""
3990.298 27.0 1.954 -1.24 LAWNHFS ""
3990.307 20.0 4.621 -3.51 "" ""
3990.316 106.00112 0.979 -3.796 3.464 AX43Q025
3990.32 25.0 3.133 -3.04 "" ""
3990.326 22.0 1.066 -1.35 "" ""
3990.336 66.1 2.034 -0.1 "" ""
3990.338 106.00112 0.979 -3.796 3.464 AX43Q025
3990.373 26.0 3.045 -1.45 "" ""
3990.42 92.1 0.113 -1.12 "" ""
3990.435 74.1 2.792 -1.68 "" ""
3990.451 21.0 1.447 -2.31 "" ""
3990.491 22.1 4.947 -4.28 "" ""
3990.492 90.0 0.479 -0.88 "" ""
3990.538 23.0 1.847 0.12 LAWNOHFS ""
3990.544 106.00112 1.248 -8.987 3.464 CX03R135
3990.548 106.00112 0.988 -3.721 3.464 AX43Q025
3990.554 26.0 3.239 -2.4 "" ""
3990.564 106.00113 1.309 -4.87 3.464 AX32R195
3990.594 23.0 1.852 0.21 "" ""
3990.596 607.01214 3.034 -1.684 7.724 1313Ra0005
3990.602 25.0 3.761 -2.21 "" ""
3990.605 607.01214 3.034 -1.985 7.724 1313Qd0005
3990.617 106.00112 0.988 -3.72 3.464 AX43Q025
3990.628 25.0 3.37 -4.82 "" ""
3990.631 106.00113 1.309 -2.608 3.464 AX32Q205
3990.656 23.0 1.05 -3.92 "" ""
3990.661 41.0 1.504 -1.08 "" ""
3990.688 58.1 0.7 -0.99 LAWLER ""
3990.697 106.00113 1.309 -2.694 3.464 AX32Q195
3990.709 106.00112 0.988 -4.357 3.464 AX43R025
3990.765 106.00113 1.309 -5.532 3.464 AX32P205
3990.778 106.00112 0.988 -4.362 3.464 AX43R025
3990.788 26.0 4.291 -1.95 "" ""
3990.889 106.00113 0.997 -3.501 3.464 AX43Q035
3990.89 70.0 2.442 0.68 "" ""
3990.997 22.0 1.738 -7.11 "" ""
3990.997 24.1 6.277 -4.01 "" ""
3990.999 106.00113 0.997 -3.501 3.464 AX43Q035
3991.008 62.0 0.498 -0.25 "" ""
3991.011 106.00113 0.997 -4.436 3.464 AX43R035
3991.037 75.0 1.811 -1.6 "" ""
3991.047 23.0 2.576 -0.88 "" ""
3991.078 26.0 3.926 -4.33 "" ""
3991.113 24.0 2.542 0.22 SOBECK ""
3991.122 106.00113 0.997 -4.442 3.464 AX43R035
3991.127 40.1 0.758 -0.31 Ljung06 ""
3991.132 106.00112 0.988 -4.631 3.464 AX43P035
3991.156 20.0 5.667 -5.6 "" ""
3991.16 106.00112 1.316 -2.609 3.464 AX32Q205
3991.172 68.0 1.869 1.2 "" ""
3991.175 106.00112 1.316 -4.894 3.464 AX32R195
3991.184 106.00112 0.988 -4.627 3.464 AX43P035
3991.226 58.1 1.708 -0.47 "" ""
3991.228 74.0 2.657 -0.1 "" ""
3991.239 106.00112 1.316 -5.511 3.464 AX32P205
3991.245 106.00112 2.06 -4.2 3.464 CX25R195
3991.253 106.00112 1.316 -2.695 3.464 AX32Q195
3991.275 106.00112 1.071 -5.195 3.464 AX10P255
3991.293 106.00112 0.988 -3.526 3.464 AX43Q035
3991.294 24.1 4.94 -5.12 "" ""
3991.318 21.1 7.49 -3.95 "" ""
3991.32 66.1 1.36 -0.27 LAWLER ""
3991.323 106.00113 1.065 -5.195 3.464 AX10P255
3991.325 58.1 0.634 -1.36 LAWLER ""
3991.328 106.00112 1.071 -6.871 3.464 AX10Q245
3991.328 106.00113 0.998 -4.699 3.464 AX43P045
3991.345 106.00112 0.988 -3.526 3.464 AX43Q035
3991.365 42.0 3.165 -1.59 "" ""
3991.37 106.00112 2.06 -7.846 3.464 CX25Q195
3991.379 106.00112 2.06 -4.264 3.464 CX25R185
3991.386 106.00113 1.065 -6.871 3.464 AX10Q245
3991.386 25.0 4.265 -2.76 "" ""
3991.394 42.0 3.697 -0.79 "" ""
3991.397 24.0 2.87 -7.32 "" ""
3991.421 106.00113 0.998 -4.695 3.464 AX43P045
3991.433 106.00112 0.958 -5.319 3.464 AX21P195
3991.435 106.00112 1.071 -4.948 3.464 AX10P245
3991.438 106.00112 0.958 -6.164 3.464 AX21Q185
3991.446 24.0 3.963 -2.48 "" ""
3991.45 106.00113 0.998 -3.363 3.464 AX43Q045
3991.467 23.1 1.475 -2.63 "" ""
3991.477 76.0 0.34 -3.12 "" ""
3991.489 106.00113 1.065 -4.948 3.464 AX10P245
3991.494 21.0 1.952 -2.42 "" ""
3991.498 106.00112 0.958 -5.741 3.464 AX21P185
3991.523 23.0 0.3 -6.21 "" ""
3991.523 27.0 2.278 -3.0 "" ""
3991.534 27.0 3.626 0.18 "" ""
3991.543 106.00113 0.998 -3.364 3.464 AX43Q045
3991.547 106.00112 1.721 -7.869 3.464 AX42P255
3991.554 106.00113 0.953 -5.318 3.464 AX21P195
3991.555 106.00113 0.953 -6.164 3.464 AX21Q185
3991.611 25.0 3.768 -1.0 "" ""
3991.624 106.00113 0.953 -5.741 3.464 AX21P185
3991.635 607.01214 3.034 -1.985 7.724 1313Qc0005
3991.639 607.01214 3.034 -1.684 7.724 1313Pa0015
3991.668 24.0 2.542 -0.64 SOBECK ""
3991.686 27.0 0.581 -2.56 LAWNHFS ""
3991.69 64.1 1.059 -1.23 LAWLER ""
3991.693 106.00112 0.911 -5.542 3.464 AX32Q115
3991.698 106.00112 0.911 -4.265 3.464 AX32P115
3991.731 90.0 1.09 -0.28 "" ""
3991.74 60.1 0.0 -0.26 LAWLER ""
3991.749 106.00112 1.381 -2.49 3.464 AX43R155
3991.793 106.00112 1.381 -2.419 3.464 AX43R165
3991.831 27.0 2.628 -1.51 LAWNHFS ""
3991.84 106.00112 0.911 -4.183 3.464 AX32P125
3991.847 106.00112 1.381 -4.671 3.464 AX43Q165
3991.847 42.0 3.714 -0.56 "" ""
3991.858 106.00113 0.908 -4.265 3.464 AX32P115
3991.859 106.00113 0.908 -5.542 3.464 AX32Q115
3991.901 26.0 4.28 -2.64 "" ""
3991.904 26.0 4.073 -1.66 "" ""
3991.921 26.0 4.291 -3.84 "" ""
3991.957 23.1 4.002 -5.22 "" ""
3991.963 23.1 3.755 -3.05 "" ""
3991.974 27.0 0.174 -4.21 "" ""
3991.997 24.0 4.416 -3.39 "" ""
3992.005 106.00113 0.908 -4.183 3.464 AX32P125
3992.068 22.0 2.304 -3.51 "" ""
3992.071 21.0 2.336 -2.86 "" ""
3992.092 26.0 4.291 -3.66 "" ""
3992.102 24.0 2.543 -2.02 "" ""
3992.102 27.0 3.62 -1.04 "" ""
3992.121 77.0 1.224 -1.22 "" ""
3992.13 58.1 0.969 -0.7 "" ""
3992.137 106.00112 1.0 -3.501 3.464 AX43Q035
3992.179 607.01214 3.035 -2.383 7.724 1313Qc0015
3992.187 607.01214 3.035 -1.429 7.724 1313Pa0025
3992.187 607.01214 3.035 -1.684 7.724 1313Pb0015
3992.251 106.00112 1.0 -3.5 3.464 AX43Q035
3992.252 106.00112 1.0 -4.436 3.464 AX43R035
3992.259 60.1 1.497 -0.05 "" ""
3992.273 90.1 1.144 -1.39 "" ""
3992.307 24.1 5.489 -4.36 "" ""
3992.344 27.0 3.71 -1.98 "" ""
3992.363 23.0 2.33 -5.27 "" ""
3992.367 106.00112 1.0 -4.442 3.464 AX43R035
3992.369 106.00113 1.688 -7.322 3.464 CX25R105
3992.38 58.1 0.445 -0.22 LAWLER ""
3992.389 26.0 3.299 -3.63 "" ""
3992.395 26.0 3.926 -4.02 "" ""
3992.451 25.0 4.662 -4.04 "" ""
3992.535 92.1 0.708 -0.61 "" ""
3992.556 106.00112 0.912 -5.563 3.464 AX32Q115
3992.561 106.00112 0.912 -4.265 3.464 AX32P115
3992.562 60.1 1.41 0.16 "" ""
3992.578 28.0 4.161 -2.58 "" ""
3992.58 106.00112 1.0 -4.699 3.464 AX43P045
3992.585 24.0 4.443 -3.9 "" ""
3992.606 106.00113 1.31 -2.608 3.464 AX32Q205
3992.636 106.00113 1.311 -4.893 3.464 AX32R195
3992.639 106.00113 1.31 -5.511 3.464 AX32P205
3992.639 26.0 2.586 -5.16 "" ""
3992.641 23.0 2.372 -0.29 "" ""
3992.645 106.00112 0.912 -4.183 3.464 AX32P125
3992.67 106.00113 1.311 -2.695 3.464 AX32Q195
3992.673 106.00112 1.0 -4.695 3.464 AX43P045
3992.675 106.00113 1.77 -5.654 3.464 AX53Q225
3992.689 64.0 0.066 -0.87 "" ""
3992.695 106.00112 1.0 -3.363 3.464 AX43Q045
3992.696 26.0 4.545 -4.34 "" ""
3992.703 23.0 2.129 -3.65 "" ""
3992.704 106.00113 0.908 -5.563 3.464 AX32Q115
3992.716 106.00113 1.77 -3.885 3.464 AX53P235
3992.721 106.00113 0.908 -4.265 3.464 AX32P115
3992.73 106.00113 1.77 -4.252 3.464 AX53P225
3992.744 607.01214 3.036 -2.575 7.724 1313Qc0025
3992.756 607.01214 3.036 -1.275 7.724 1313Pa0035
3992.756 607.01214 3.036 -1.429 7.724 1313Pb0025
3992.784 106.00113 1.013 -3.352 3.464 AX43Q045
3992.789 106.00112 1.0 -3.363 3.464 AX43Q045
3992.79 106.00113 0.908 -4.183 3.464 AX32P125
3992.795 23.0 1.858 0.31 LAWNOHFS ""
3992.814 23.1 6.291 -4.67 "" ""
3992.816 24.1 4.778 -6.38 "" ""
3992.84 24.0 2.706 -0.43 "" ""
3992.875 106.00113 1.013 -4.492 3.464 AX43R045
3992.888 23.0 2.614 -5.14 "" ""
3992.909 58.1 0.734 -0.37 BIEMONT ""
3992.95 106.00113 1.013 -3.352 3.464 AX43Q045
3992.956 26.0 4.298 -3.97 "" ""
3992.98 20.0 5.724 -2.96 "" ""
3992.991 106.00112 1.595 -9.867 3.464 AX53P195
3993.041 106.00113 1.013 -4.5 3.464 AX43R045
3993.045 42.0 3.3 -1.03 "" ""
3993.092 106.00112 1.382 -2.419 3.464 AX43R165
3993.097 26.0 4.1 -1.46 "" ""
3993.097 27.0 2.278 -1.88 "" ""
3993.121 106.00112 1.382 -2.49 3.464 AX43R155
3993.138 106.00113 1.013 -4.763 3.464 AX43P055
3993.138 27.0 3.25 -4.39 "" ""
3993.146 106.00112 1.382 -4.644 3.464 AX43Q165
3993.16 59.1 0.371 -1.17 LINOHFS ""
3993.167 106.00112 1.686 -2.393 3.464 AX21Q295
3993.177 27.0 2.135 -5.04 "" ""
3993.21 64.1 0.078 -1.41 LAWLER ""
3993.229 106.00113 1.013 -3.242 3.464 AX43Q055
3993.234 106.00112 1.686 -4.973 3.464 AX21R285
3993.238 26.0 4.281 -1.96 "" ""
3993.246 106.00112 1.686 -5.658 3.464 AX21P295
3993.252 26.0 4.291 -1.7 "" ""
3993.282 106.00113 1.013 -4.758 3.464 AX43P055
3993.31 62.1 0.04 -0.93 LAWLER ""
3993.314 106.00112 1.686 -2.501 3.464 AX21Q285
3993.328 607.01214 3.038 -2.705 7.724 1313Qc0035
3993.341 607.01214 3.038 -1.162 7.724 1313Pa0045
3993.345 607.01214 3.038 -1.275 7.724 1313Pb0035
3993.35 23.0 0.267 -8.27 "" ""
3993.365 24.0 4.102 -2.65 "" ""
3993.372 106.00113 1.013 -3.242 3.464 AX43Q055
3993.374 106.00112 0.778 -6.837 3.464 AX32P075
3993.397 56.0 1.189 0.08 "" ""
3993.429 26.0 3.926 -4.14 "" ""
3993.529 23.0 2.372 -4.42 "" ""
3993.531 44.0 1.122 -1.73 "" ""
3993.565 24.0 3.119 -3.33 "" ""
3993.567 66.0 1.055 0.12 "" ""
3993.579 106.00113 0.775 -6.837 3.464 AX32P075
3993.583 27.0 2.872 -2.36 "" ""
3993.589 26.0 4.227 -2.46 "" ""
3993.606 20.0 5.802 -3.4 "" ""
3993.616 26.0 4.206 -0.47 "" ""
3993.637 20.0 4.621 -4.12 "" ""
3993.665 106.00113 0.359 -1.362 3.464 BX00P135
3993.669 25.0 4.191 -2.28 "" ""
3993.695 29.0 5.677 -2.46 "" ""
3993.716 106.00113 0.359 -7.282 3.464 BX00Q135
3993.724 23.0 2.553 -6.36 "" ""
3993.732 26.0 3.571 -2.46 "" ""
3993.785 24.0 4.444 -3.48 "" ""
3993.789 22.0 2.115 -1.86 "" ""
3993.79 106.00112 0.778 -6.861 3.464 AX32P075
3993.819 58.1 0.909 0.29 LAWLER ""
3993.839 25.0 3.769 -1.68 "" ""
3993.849 106.00113 0.359 -1.349 3.464 BX00P145
3993.904 23.1 3.756 -3.29 "" ""
3993.915 74.0 2.855 -0.19 "" ""
3993.927 28.0 3.676 -0.37 "" ""
3993.932 42.0 2.913 -1.28 "" ""
3993.932 607.01214 3.04 -2.805 7.724 1313Qc0045
3993.949 607.01214 3.04 -1.073 7.724 1313Pa0055
3993.953 607.01214 3.04 -1.162 7.724 1313Pb0045
3993.96 24.0 2.707 -0.88 "" ""
3993.972 106.00112 0.776 -4.485 3.464 BX10R215
3993.992 106.00113 0.775 -6.861 3.464 AX32P075
3994.005 26.0 3.263 -1.79 "" ""
3994.01 26.0 3.265 -3.2 "" ""
3994.03 60.1 0.182 -1.48 LAWLER ""
3994.07 106.00112 1.016 -3.352 3.464 AX43Q045
3994.108 27.1 2.727 -5.29 "" ""
3994.113 26.0 3.045 -1.47 "" ""
3994.131 26.0 4.188 -3.53 "" ""
3994.155 106.00112 1.016 -4.492 3.464 AX43R045
3994.157 28.0 4.15 -3.37 "" ""
3994.16 64.1 0.522 -0.73 LAWLER ""
3994.165 106.00113 1.425 -2.423 3.464 AX43R165
3994.191 106.00113 1.425 -2.355 3.464 AX43R175
3994.239 27.0 3.407 -4.3 "" ""
3994.241 106.00112 1.016 -3.351 3.464 AX43Q045
3994.246 106.00113 1.425 -4.649 3.464 AX43Q175
3994.247 24.1 6.28 -2.0 "" ""
3994.264 26.0 2.873 -5.16 "" ""
3994.291 92.1 0.036 -1.78 "" ""
3994.318 24.0 3.008 -2.95 "" ""
3994.326 106.00112 1.016 -4.499 3.464 AX43R045
3994.413 41.0 1.393 -1.19 "" ""
3994.427 106.00112 1.016 -4.763 3.464 AX43P055
3994.456 22.0 2.486 -2.51 "" ""
3994.501 106.00112 0.361 -1.361 3.464 BX00P135
3994.512 106.00112 1.016 -3.242 3.464 AX43Q055
3994.517 20.0 5.927 -1.72 "" ""
3994.526 24.1 7.381 -3.6 "" ""
3994.531 66.0 0.512 -0.72 "" ""
3994.535 27.0 0.629 -2.75 LAWNHFS ""
3994.541 22.0 2.101 -1.86 "" ""
3994.549 90.1 0.0 -1.54 "" ""
3994.553 106.00112 0.361 -7.282 3.464 BX00Q135
3994.555 607.01214 3.043 -2.885 7.724 1313Qc0055
3994.572 106.00112 1.016 -4.758 3.464 AX43P055
3994.574 607.01214 3.043 -1.0 7.724 1313Pa0065
3994.577 74.1 2.949 -1.72 "" ""
3994.58 58.1 0.703 -1.09 LAWLER ""
3994.583 607.01214 3.043 -1.074 7.724 1313Pb0055
3994.608 20.0 2.93 -1.61 "" ""
3994.626 42.0 3.731 -1.08 "" ""
3994.634 106.00112 1.723 -7.938 3.464 AX42P255
3994.643 23.0 2.364 -3.23 "" ""
3994.648 58.1 0.232 -2.02 LAWLER ""
3994.657 106.00112 1.016 -3.242 3.464 AX43Q055
3994.67 59.1141 0.055 -3.045 LI/LAW ""
3994.67 60.1 0.32 0.04 LAWLER ""
3994.673 106.00113 1.65 -8.64 3.464 CX14Q165
3994.675 22.0 2.091 -0.7 "" ""
3994.683 59.1141 0.055 -1.827 LI/LAW ""
3994.688 59.1141 0.055 -2.899 LI/LAW ""
3994.691 106.00112 0.361 -1.349 3.464 BX00P145
3994.691 26.0 3.981 -3.0 "" ""
3994.693 59.1141 0.055 -1.158 LI/LAW ""
3994.705 59.1141 0.055 -1.637 LI/LAW ""
3994.712 59.1141 0.055 -2.986 LI/LAW ""
3994.719 59.1141 0.055 -1.049 LI/LAW ""
3994.733 59.1141 0.055 -1.583 LI/LAW ""
3994.742 59.1141 0.055 -3.314 LI/LAW ""
3994.751 59.1141 0.055 -0.94 LI/LAW ""
3994.768 59.1141 0.055 -1.625 LI/LAW ""
3994.789 59.1141 0.055 -0.835 LI/LAW ""
3994.796 28.0 4.232 -0.73 "" ""
3994.809 59.1141 0.055 -1.815 LI/LAW ""
3994.834 59.1141 0.055 -0.736 LI/LAW ""
3994.842 22.1 1.179 -6.7 "" ""
3994.853 68.1 0.636 -1.93 LAWLER ""
3994.874 23.0 2.579 -0.97 "" ""
3994.885 59.1141 0.055 -0.643 LI/LAW ""
3994.933 76.0 2.639 -0.78 "" ""
3994.981 106.00112 1.597 -9.923 3.464 AX53P195
3995.054 106.00113 1.031 -3.236 3.464 AX43Q055
3995.056 106.00113 1.651 -5.115 3.464 CX14R155
3995.085 21.0 1.849 -4.53 "" ""
3995.091 106.00113 1.65 -5.022 3.464 CX14R165
3995.094 24.0 4.093 -3.44 "" ""
3995.112 25.0 4.675 -3.58 "" ""
3995.122 106.00113 1.031 -4.534 3.464 AX43R055
3995.138 20.0 2.93 -3.88 "" ""
3995.15 26.0 4.188 -2.77 "" ""
3995.175 20.0 2.93 -8.11 "" ""
3995.199 607.01214 3.045 -2.953 7.724 1313Qc0065
3995.205 26.0 4.1 -1.2 "" ""
3995.206 106.00112 2.01 -4.264 3.464 CX25R185
3995.215 26.0 3.265 -1.66 "" ""
3995.219 106.00113 1.142 -6.67 3.464 AX10Q255
3995.22 607.01214 3.045 -0.938 7.724 1313Pa0075
3995.233 26.0 3.632 -4.07 "" ""
3995.233 607.01214 3.045 -1.0 7.724 1313Pb0065
3995.24 60.1 0.38 -0.88 LAWLER ""
3995.252 106.00112 1.148 -6.67 3.464 AX10Q255
3995.261 68.1 1.68 -0.43 "" ""
3995.264 106.00113 1.142 -5.63 3.464 AX10P265
3995.286 106.00113 1.031 -3.236 3.464 AX43Q055
3995.304 27.0059 0.922 -0.853 Lawle15HFS ""
3995.304 27.0059 0.922 -0.958 Lawle15HFS ""
3995.305 27.0059 0.922 -1.074 Lawle15HFS ""
3995.305 27.0059 0.922 -1.203 Lawle15HFS ""
3995.305 27.0059 0.922 -1.349 Lawle15HFS ""
3995.306 27.0059 0.922 -1.519 Lawle15HFS ""
3995.307 27.0059 0.922 -1.723 Lawle15HFS ""
3995.308 27.0059 0.922 -1.986 Lawle15HFS ""
3995.31 106.00112 1.148 -5.63 3.464 AX10P265
3995.31 27.0059 0.922 -1.919 Lawle15HFS ""
3995.311 27.0059 0.922 -1.723 Lawle15HFS ""
3995.312 27.0059 0.922 -1.618 Lawle15HFS ""
3995.314 27.0059 0.922 -1.571 Lawle15HFS ""
3995.315 27.0059 0.922 -1.577 Lawle15HFS ""
3995.315 27.0059 0.922 -2.618 Lawle15HFS ""
3995.317 25.1 5.376 -2.44 "" ""
3995.317 27.0059 0.922 -1.65 Lawle15HFS ""
3995.318 27.0059 0.922 -2.463 Lawle15HFS ""
3995.319 27.0059 0.922 -1.861 Lawle15HFS ""
3995.321 27.0059 0.922 -2.463 Lawle15HFS ""
3995.324 27.0059 0.922 -2.56 Lawle15HFS ""
3995.325 106.00112 2.01 -7.885 3.464 CX25Q185
3995.326 106.00112 2.01 -4.331 3.464 CX25R175
3995.326 106.00113 1.142 -5.194 3.464 AX10P255
3995.328 26.0 4.28 -3.25 "" ""
3995.328 27.0059 0.922 -2.765 Lawle15HFS ""
3995.331 27.0059 0.922 -3.163 Lawle15HFS ""
3995.337 23.0 1.871 -6.5 "" ""
3995.349 106.00113 1.031 -4.82 3.464 AX43P065
3995.354 106.00113 1.031 -4.542 3.464 AX43R055
3995.358 26.0 3.651 -6.03 "" ""
3995.362 106.00112 1.148 -5.194 3.464 AX10P255
3995.417 106.00113 1.031 -3.142 3.464 AX43Q065
3995.425 58.1 0.459 -1.63 LAWLER ""
3995.476 42.0 2.595 -2.19 "" ""
3995.487 21.1 4.875 -3.32 "" ""
3995.499 23.0 2.121 -2.47 "" ""
3995.503 21.1 0.595 -4.08 "" ""
3995.525 42.0 3.393 -1.55 "" ""
3995.555 106.00113 1.032 -4.813 3.464 AX43P065
3995.58 69.1 0.029 -1.78 LAWLER ""
3995.602 45.0 1.278 -1.17 "" ""
3995.623 106.00113 1.032 -3.143 3.464 AX43Q065
3995.628 106.00113 1.772 -3.885 3.464 AX53P235
3995.652 56.0 1.189 -0.83 "" ""
3995.681 106.00113 1.772 -5.691 3.464 AX53Q225
3995.708 57.1139 0.173 -1.282 Lawle01HFS ""
3995.711 57.1139 0.173 -1.458 Lawle01HFS ""
3995.716 57.1139 0.173 -1.109 Lawle01HFS ""
3995.721 57.1139 0.173 -3.209 Lawle01HFS ""
3995.724 57.1139 0.173 -1.282 Lawle01HFS ""
3995.728 57.1139 0.173 -1.098 Lawle01HFS ""
3995.73 24.0 3.119 -8.72 "" ""
3995.732 106.00113 1.772 -4.252 3.464 AX53P225
3995.734 57.1139 0.173 -1.78 Lawle01HFS ""
3995.738 106.00113 1.478 -9.657 3.464 CX03Q185
3995.738 57.1139 0.173 -1.109 Lawle01HFS ""
3995.743 57.1139 0.173 -1.256 Lawle01HFS ""
3995.751 57.1139 0.173 -1.084 Lawle01HFS ""
3995.757 57.1139 0.173 -1.098 Lawle01HFS ""
3995.762 106.00112 1.984 -9.134 3.464 CX03R255
3995.771 57.1139 0.173 -0.686 Lawle01HFS ""
3995.778 57.1139 0.173 -1.256 Lawle01HFS ""
3995.793 106.00113 1.426 -2.355 3.464 AX43R175
3995.812 106.00112 1.984 -4.837 3.464 CX03Q265
3995.833 106.00113 1.426 -2.423 3.464 AX43R165
3995.845 106.00113 1.426 -4.621 3.464 AX43Q175
3995.845 28.0 4.164 -1.16 "" ""
3995.862 26.0 4.206 -0.38 "" ""
3995.863 607.01214 3.049 -3.012 7.724 1313Qc0075
3995.887 106.00112 1.984 -4.937 3.464 CX03Q255
3995.887 26.0 4.214 -3.3 "" ""
3995.887 607.01214 3.049 -0.883 7.724 1313Pa0085
3995.891 28.0 4.164 -2.46 "" ""
3995.902 607.01214 3.049 -0.938 7.724 1313Pb0075
3995.937 106.00112 1.984 -8.779 3.464 CX03P265
3995.937 58.1 0.7 -0.77 BIEMONT ""
3995.979 44.0 1.124 -1.01 "" ""
3995.983 26.0 2.725 -1.45 "" ""
3996.062 90.1 1.902 0.01 "" ""
3996.083 25.0 4.27 -1.23 "" ""
3996.111 28.0 4.15 -1.16 "" ""
3996.113 106.00112 1.694 -7.321 3.464 CX25R105
3996.114 22.1 5.028 -3.07 "" ""
3996.121 26.1 4.612 -6.29 "" ""
3996.142 23.0 2.357 -3.24 "" ""
3996.146 24.0 4.398 -2.52 "" ""
3996.149 45.0 1.483 -0.62 "" ""
3996.165 73.0 0.749 -1.31 "" ""
3996.234 106.00113 1.478 -6.004 3.464 CX03R175
3996.245 42.0 2.258 -2.23 "" ""
3996.254 106.00113 1.478 -5.94 3.464 CX03R185
3996.262 26.0 3.289 -2.35 DEN14 ""
3996.279 24.0 3.432 -1.55 "" ""
3996.279 26.0 2.988 -2.79 "" ""
3996.285 106.00113 1.759 -4.881 3.464 AX21R295
3996.304 106.00113 1.759 -2.29 3.464 AX21Q305
3996.31 64.1 1.126 -0.1 LAWLER ""
3996.345 26.1 5.952 -2.93 "" ""
3996.369 42.0 2.913 -2.09 "" ""
3996.373 106.00112 0.465 -7.388 3.464 AX10P155
3996.388 106.00112 1.034 -3.236 3.464 AX43Q055
3996.42 23.0 1.929 -2.21 "" ""
3996.421 106.00113 1.759 -2.395 3.464 AX21Q295
3996.44 106.00113 1.759 -5.567 3.464 AX21P305
3996.45 106.00112 1.034 -4.534 3.464 AX43R055
3996.475 58.1 0.529 -1.19 LAWLER ""
3996.494 26.0 3.684 -5.59 "" ""
3996.508 44.0 1.122 -2.06 "" ""
3996.51 69.1 0.0 -1.2 LAWLER ""
3996.547 607.01214 3.052 -3.064 7.724 1313Qc0085
3996.55 26.0 3.881 -4.24 "" ""
3996.568 78.0 1.92 -2.54 DH05nohfs ""
3996.574 607.01214 3.052 -0.835 7.724 1313Pa0095
3996.589 21.0045 0.0 -2.14 LAWHFS ""
3996.59 21.0045 0.0 -1.83 LAWHFS ""
3996.59 21.0045 0.0 -1.83 LAWHFS ""
3996.59 607.01214 3.052 -0.883 7.724 1313Pb0085
3996.593 21.0045 0.0 -1.7 LAWHFS ""
3996.594 21.0045 0.0 -1.67 LAWHFS ""
3996.594 21.0045 0.0 -2.01 LAWHFS ""
3996.598 21.0045 0.0 -1.41 LAWHFS ""
3996.599 21.0045 0.0 -1.66 LAWHFS ""
3996.6 21.0045 0.0 -2.26 LAWHFS ""
3996.604 21.0045 0.0 -1.2 LAWHFS ""
3996.605 21.0045 0.0 -1.82 LAWHFS ""
3996.606 21.0045 0.0 -2.69 LAWHFS ""
3996.626 106.00112 1.034 -3.236 3.464 AX43Q055
3996.635 22.0 2.101 -1.35 "" ""
3996.658 106.00113 0.462 -7.388 3.464 AX10P155
3996.686 106.00112 1.034 -4.82 3.464 AX43P065
3996.688 106.00112 1.034 -4.542 3.464 AX43R055
3996.69 66.1 0.59 -0.26 LAWLER ""
3996.748 106.00112 1.034 -3.142 3.464 AX43Q065
3996.785 26.0 4.151 -1.32 "" ""
3996.802 76.0 0.0 -3.46 "" ""
3996.853 24.0 4.183 -1.91 "" ""
3996.876 23.0 2.563 -5.6 "" ""
3996.893 106.00112 1.035 -4.813 3.464 AX43P065
3996.912 106.00112 1.018 -6.045 3.464 AX21Q195
3996.917 66.0 0.0 -1.69 "" ""
3996.955 106.00112 1.035 -3.142 3.464 AX43Q065
3996.962 24.0 4.436 -4.06 "" ""
3996.964 26.0 3.692 -0.84 "" ""
3996.975 27.0 3.565 -4.99 "" ""
3996.976 106.00113 1.013 -6.045 3.464 AX21Q195
3996.977 106.00112 1.018 -5.317 3.464 AX21P195
3996.992 106.00112 1.018 -4.988 3.464 AX21P205
3997.029 27.0 3.565 -1.03 "" ""
3997.04 59.1 0.371 -0.21 LINOHFS ""
3997.047 106.00113 1.013 -4.988 3.464 AX21P205
3997.065 106.00113 1.013 -5.317 3.464 AX21P195
3997.081 92.0 0.868 -0.07 "" ""
3997.11 23.1 1.475 -1.2 LAWNOHFS ""
3997.112 24.0 3.011 -3.41 "" ""
3997.127 74.0 2.351 -0.67 "" ""
3997.199 26.0 3.6 -4.77 "" ""
3997.24 26.0 3.6 -5.46 "" ""
3997.244 106.00112 1.376 -4.831 3.464 AX32R205
3997.251 607.01214 3.057 -3.11 7.724 1313Qc0095
3997.269 58.1 0.721 -1.64 LAWLER ""
3997.275 607.01214 3.057 -0.791 7.724 1313Pa0105
3997.299 607.01214 3.057 -0.835 7.724 1313Pb0095
3997.317 106.00112 1.376 -2.523 3.464 AX32Q215
3997.33 106.00112 1.376 -2.609 3.464 AX32Q205
3997.341 27.0 2.875 -2.56 "" ""
3997.392 26.0 2.725 -0.39 "" ""
3997.4 60.1 0.63 -0.8 LAWLER ""
3997.402 106.00112 1.376 -5.471 3.464 AX32P215
3997.453 106.00113 1.646 -8.504 3.464 AX53P205
3997.469 90.1 1.377 -1.16 "" ""
3997.473 26.0 3.239 -4.53 "" ""
3997.475 58.1 0.811 -0.72 BIEMONT ""
3997.483 26.0 3.239 -2.32 "" ""
3997.493 106.00112 0.776 -5.198 3.464 BX10P215
3997.522 106.00112 0.776 -1.526 3.464 BX10Q205
3997.567 106.00112 0.776 -1.373 3.464 BX10Q215
3997.596 106.00112 0.776 -4.917 3.464 BX10R205
3997.647 24.0 3.119 -5.74 "" ""
3997.667 24.0 4.443 -1.85 "" ""
3997.67 58.1 1.012 -0.4 BIEMONT ""
3997.713 58.1 1.041 -0.24 BIEMONT ""
3997.726 106.00113 1.053 -3.139 3.464 AX43Q065
3997.761 24.0 3.011 -2.68 "" ""
3997.763 25.0 4.243 -0.95 "" ""
3997.768 60.1 1.519 -0.12 "" ""
3997.77 64.1 1.059 -0.52 LAWLER ""
3997.777 106.00113 1.053 -4.564 3.464 AX43R065
3997.782 21.0 1.864 -4.24 "" ""
3997.803 6.0 7.482 -4.14 "" ""
3997.855 27.0 3.772 -2.71 "" ""
3997.863 27.0059 1.048 -2.646 Lawle15HFS ""
3997.866 90.1 1.204 -0.9 "" ""
3997.867 26.0 3.298 -2.76 "" ""
3997.867 27.0059 1.048 -2.391 Lawle15HFS ""
3997.868 27.0059 1.048 -2.258 Lawle15HFS ""
3997.869 27.0059 1.048 -2.676 Lawle15HFS ""
3997.875 27.0059 1.048 -2.203 Lawle15HFS ""
3997.878 27.0059 1.048 -2.003 Lawle15HFS ""
3997.879 27.0059 1.048 -2.646 Lawle15HFS ""
3997.886 27.0059 1.048 -2.112 Lawle15HFS ""
3997.892 27.0059 1.048 -1.805 Lawle15HFS ""
3997.893 27.0059 1.048 -2.697 Lawle15HFS ""
3997.902 27.0059 1.048 -2.09 Lawle15HFS ""
3997.909 27.0059 1.048 -1.641 Lawle15HFS ""
3997.91 27.0059 1.048 -2.822 Lawle15HFS ""
3997.919 24.0 2.706 -3.08 "" ""
3997.92 60.1 1.724 0.47 "" ""
3997.921 27.0059 1.048 -2.144 Lawle15HFS ""
3997.922 106.00112 0.466 -7.436 3.464 AX10P155
3997.93 27.0059 1.048 -1.5 Lawle15HFS ""
3997.931 27.0059 1.048 -3.044 Lawle15HFS ""
3997.936 24.0 4.437 -2.68 "" ""
3997.944 27.0059 1.048 -2.34 Lawle15HFS ""
3997.956 27.0059 1.048 -3.455 Lawle15HFS ""
3997.976 607.01214 3.061 -3.151 7.724 1313Qc0105
3997.978 106.00113 1.053 -4.868 3.464 AX43P075
3997.99 21.1 7.477 -2.54 "" ""
3998.008 607.01214 3.061 -0.752 7.724 1313Pa0115
3998.014 29.0 5.72 -2.13 "" ""
3998.027 607.01214 3.061 -0.792 7.724 1313Pb0105
3998.028 106.00113 1.053 -3.054 3.464 AX43Q075
3998.028 26.0 4.151 -2.13 "" ""
3998.035 106.00113 1.053 -3.139 3.464 AX43Q065
3998.052 26.0 2.69 -0.81 BEL17 ""
3998.06 66.1 0.1 -2.25 LAWLER ""
3998.063 106.00112 1.657 -5.022 3.464 CX14R165
3998.085 106.00113 1.053 -4.574 3.464 AX43R065
3998.134 106.00112 1.657 -5.114 3.464 CX14R155
3998.138 106.00112 0.708 -5.026 3.464 BX10P195
3998.156 106.00112 1.657 -8.639 3.464 CX14Q165
3998.166 74.0 2.658 -0.36 "" ""
3998.188 106.00113 0.463 -7.436 3.464 AX10P155
3998.224 106.00112 1.431 -2.422 3.464 AX43R165
3998.241 92.1 1.411 0.04 "" ""
3998.248 22.0 2.316 -3.92 "" ""
3998.255 106.00112 1.431 -2.354 3.464 AX43R175
3998.257 106.00113 1.053 -4.86 3.464 AX43P075
3998.275 24.0 3.548 -4.04 "" ""
3998.276 42.0 2.756 -1.42 "" ""
3998.307 106.00113 1.053 -3.055 3.464 AX43Q075
3998.316 106.00112 1.431 -4.648 3.464 AX43Q175
3998.321 106.00112 0.64 -8.599 3.464 AX21P125
3998.342 62.0 0.498 -0.18 "" ""
3998.358 26.0 3.94 -2.76 "" ""
3998.379 24.0 4.096 -3.54 "" ""
3998.386 23.0 3.111 -2.21 "" ""
3998.39 65.1 1.103 -0.29 LAWNOHFS ""
3998.391 23.0 2.357 -4.64 "" ""
3998.43 24.0 4.398 -4.47 "" ""
3998.459 26.0 3.299 -3.6 "" ""
3998.474 106.00113 1.145 -5.63 3.464 AX10P265
3998.542 106.00112 1.151 -5.63 3.464 AX10P265
3998.544 106.00113 1.145 -6.711 3.464 AX10Q255
3998.547 106.00113 0.638 -8.599 3.464 AX21P125
3998.548 27.0 1.048 -3.17 LAWNHFS ""
3998.601 106.00112 1.151 -6.711 3.464 AX10Q255
3998.636 22.0 0.048 0.02 LAWLER ""
3998.651 106.00113 1.145 -5.194 3.464 AX10P255
3998.66 27.0 4.143 -0.29 "" ""
3998.676 27.0 3.71 -1.38 "" ""
3998.692 27.0 3.407 -5.94 "" ""
3998.7 22.0 2.486 -2.67 "" ""
3998.713 106.00112 1.151 -5.194 3.464 AX10P255
3998.722 607.01214 3.066 -3.19 7.724 1313Qc0115
3998.723 23.0 1.866 0.42 LAWNOHFS ""
3998.756 74.0 2.351 -0.47 "" ""
3998.757 607.01214 3.066 -0.716 7.724 1313Pa0125
3998.761 106.00112 1.484 -5.94 3.464 CX03R185
3998.764 26.0 3.637 -5.24 "" ""
3998.774 106.00112 0.952 -5.51 3.464 AX32Q125
3998.775 23.0 2.372 -1.79 "" ""
3998.777 607.01214 3.066 -0.752 7.724 1313Pb0115
3998.789 106.00112 0.952 -4.177 3.464 AX32P125
3998.841 23.0 2.357 -4.15 "" ""
3998.868 106.00112 1.484 -6.003 3.464 CX03R175
3998.87 106.00112 1.484 -9.656 3.464 CX03Q185
3998.87 24.0 4.444 -0.31 "" ""
3998.909 106.00112 0.952 -4.088 3.464 AX32P135
3998.909 106.00113 0.948 -5.51 3.464 AX32Q125
3998.916 106.00113 0.948 -4.177 3.464 AX32P125
3998.933 76.0 2.465 -0.87 "" ""
3998.937 66.0 0.0 -1.92 "" ""
3998.941 24.1 2.704 -4.53 "" ""
3998.965 40.1 0.559 -0.52 Ljung06 ""
3998.968 22.0 2.133 -0.34 "" ""
3998.975 106.00112 1.716 -5.836 3.464 AX53Q215
3998.985 24.1 2.704 -4.95 "" ""
3999.028 28.0 3.676 -0.46 "" ""
3999.041 106.00112 1.716 -4.242 3.464 AX53P225
3999.041 106.00113 0.948 -4.088 3.464 AX32P135
3999.043 24.0 2.707 -3.85 "" ""
3999.05 106.00112 1.716 -4.737 3.464 AX53P215
3999.061 106.00112 1.02 -4.989 3.464 AX21P205
3999.067 68.0 1.068 -0.18 "" ""
3999.075 106.00112 1.02 -6.077 3.464 AX21Q195
3999.081 24.0 3.963 -2.31 "" ""
3999.098 27.0 3.663 -1.75 "" ""
3999.106 106.00113 1.015 -4.989 3.464 AX21P205
3999.116 106.00113 1.015 -6.077 3.464 AX21Q195
3999.119 106.00112 1.056 -3.139 3.464 AX43Q065
3999.122 106.00113 1.371 -4.83 3.464 AX32R205
3999.14 106.00112 1.02 -5.317 3.464 AX21P195
3999.151 106.00113 1.419 -8.091 3.464 CX14R105
3999.161 22.0 2.304 -4.94 "" ""
3999.164 106.00112 1.056 -4.564 3.464 AX43R065
3999.165 68.1 0.636 -1.24 "" ""
3999.167 27.0 3.71 -0.99 "" ""
3999.18 92.0 0.471 -0.46 "" ""
3999.181 41.0 1.629 -0.26 "" ""
3999.184 106.00113 1.371 -2.522 3.464 AX32Q215
3999.188 28.0 4.161 -2.96 "" ""
3999.192 106.00113 1.015 -5.317 3.464 AX21P195
3999.199 58.1 0.608 -0.89 BIEMONT ""
3999.202 23.1 3.755 -1.76 "" ""
3999.237 58.1 0.295 0.06 LAWLER ""
3999.271 106.00113 1.371 -2.609 3.464 AX32Q205
3999.28 73.0 0.752 -1.61 "" ""
3999.333 106.00113 1.371 -5.47 3.464 AX32P215
3999.342 22.0 2.504 -3.28 "" ""
3999.343 22.0 2.101 -0.48 "" ""
3999.359 106.00112 0.641 -8.638 3.464 AX21P125
3999.374 106.00112 1.056 -4.868 3.464 AX43P075
3999.384 106.00113 0.841 -4.915 3.464 BX00P225
3999.39 22.0 2.091 -2.77 "" ""
3999.419 106.00112 1.056 -3.054 3.464 AX43Q075
3999.423 106.00113 0.841 -1.206 3.464 BX00Q215
3999.434 106.00112 1.056 -3.138 3.464 AX43Q065
3999.464 106.00113 0.841 -1.263 3.464 BX00Q225
3999.468 106.00112 1.378 -2.523 3.464 AX32Q215
3999.479 106.00112 1.056 -4.574 3.464 AX43R065
3999.488 607.01214 3.071 -3.225 7.724 1313Qc0125
3999.491 106.00112 1.378 -4.856 3.464 AX32R205
3999.504 106.00113 0.841 -4.959 3.464 BX00R215
3999.513 24.0 3.11 -3.83 "" ""
3999.526 26.0 2.829 -5.22 "" ""
3999.527 607.01214 3.071 -0.683 7.724 1313Pa0135
3999.547 607.01214 3.071 -0.716 7.724 1313Pb0125
3999.554 106.00112 1.378 -5.448 3.464 AX32P215
3999.57 106.00113 0.638 -8.638 3.464 AX21P125
3999.575 25.0 4.255 -2.13 "" ""
3999.577 106.00112 1.378 -2.609 3.464 AX32Q205
3999.615 26.0 3.298 -3.65 "" ""
3999.654 106.00112 1.056 -4.86 3.464 AX43P075
3999.698 106.00112 1.056 -3.054 3.464 AX43Q075
3999.703 106.00112 1.432 -2.354 3.464 AX43R175
