wavelength species excitation loggf disassociation_energy comment
5317.776 607.01314 2.554 -3.457 7.724 2011Qc0015
5317.777 607.01314 2.554 -3.951 7.724 2011Pa0025
5317.813 607.01214 0.421 -4.833 7.724 0600Qc0415
5317.841 607.01314 1.958 -2.207 7.724 1608Qb0165
5317.866 607.01214 2.052 -2.39 7.724 1608Pb0225
5317.871 607.01314 1.958 -3.156 7.724 1608Pd0175
5317.886 20.0 5.296 -4.85 "" ""
5317.887 25.0 3.37 -5.64 "" ""
5317.9 607.01214 0.421 -3.758 7.724 0600Pa0425
5317.914 106.00112 1.898 -5.781 3.464 AX46R085
5317.921 607.01314 1.982 -2.349 7.724 1608Ra0205
5317.942 42.0 2.596 -2.01 "" ""
5318.018 23.0 3.236 -3.35 "" ""
5318.032 26.0 3.015 -4.38 "" ""
5318.034 28.0 1.934 -6.8 "" ""
5318.038 607.01314 2.063 -3.313 7.724 1608Rd0285
5318.05 607.01314 0.36 -3.316 7.724 0701Rb0215
5318.076 607.01314 2.585 -2.537 7.724 2011Ra0125
5318.087 112.00124 0.672 -3.133 1.340 12R122b24
5318.094 607.01314 0.36 -3.938 7.724 0701Qd0225
5318.136 23.0 3.938 -4.37 "" ""
5318.155 607.01214 0.664 -3.559 7.724 0600Ra0535
5318.243 607.01314 2.562 -3.128 7.724 2011Rc0055
5318.252 607.01314 2.562 -2.653 7.724 2011Qa0065
5318.269 23.0 1.944 -2.36 "" ""
5318.283 28.0 3.838 -2.28 "" ""
5318.285 24.0 4.774 -2.63 "" ""
5318.287 607.01314 2.0 -2.341 7.724 1608Rb0215
5318.325 607.01314 2.0 -2.915 7.724 1608Qd0225
5318.33 607.01214 2.647 -3.25 7.724 2011Pc0135
5318.335 21.1045 1.357 -3.62 LAWHFS ""
5318.341 21.1045 1.357 -3.18 LAWHFS ""
5318.342 21.1045 1.357 -2.92 LAWHFS ""
5318.346 21.1045 1.357 -2.81 LAWHFS ""
5318.346 21.1045 1.357 -2.91 LAWHFS ""
5318.349 21.1045 1.357 -2.43 LAWHFS ""
5318.35 21.1045 1.357 -2.93 LAWHFS ""
5318.353 21.1045 1.357 -2.73 LAWHFS ""
5318.355 21.1045 1.357 -3.18 LAWHFS ""
5318.358 106.00113 2.477 -3.389 3.464 AX13P335
5318.373 106.00113 2.477 -6.036 3.464 AX13Q325
5318.375 26.0 5.082 -2.33 "" ""
5318.385 607.01214 1.417 -4.235 7.724 0902Qc0625
5318.388 24.1 3.714 -2.87 Lawler17 ""
5318.411 607.01214 2.042 -2.95 7.724 1608Qc0215
5318.414 607.01314 1.209 -3.704 7.724 1205Rd0025
5318.416 607.01214 2.085 -3.21 7.724 1608Rc0255
5318.441 607.01314 1.253 -3.403 7.724 1205Rd0145
5318.449 607.01214 2.042 -2.404 7.724 1608Pa0225
5318.461 607.01214 2.085 -1.976 7.724 1608Qa0265
5318.472 106.00112 1.898 -5.755 3.464 AX46R085
5318.504 23.0 3.88 -4.19 "" ""
5318.511 607.01214 1.417 -2.871 7.724 0902Pa0635
5318.542 112.00124 0.896 -0.773 1.340 01R233b24
5318.588 22.0 3.675 -3.82 "" ""
5318.598 41.0 0.197 -1.13 "" ""
5318.599 106.00113 2.477 -3.41 3.464 AX13P325
5318.623 23.1 2.274 -4.58 "" ""
5318.641 607.01214 1.377 -2.409 7.724 1205Ra0255
5318.648 73.0 3.12 -0.36 "" ""
5318.66 607.01314 0.341 -3.325 7.724 0701Ra0205
5318.687 607.01314 2.608 -2.466 7.724 2011Rb0155
5318.688 25.0 5.083 -2.71 "" ""
5318.71 607.01214 2.096 -1.975 7.724 1608Qb0265
5318.71 607.01314 2.608 -2.828 7.724 2011Qd0165
5318.718 607.01214 1.286 -3.095 7.724 1205Qc0145
5318.72 106.00113 2.327 -8.869 3.464 AX03R315
5318.725 112.00124 0.896 -3.606 1.340 01Q133b24
5318.73 26.0 5.029 -4.05 "" ""
5318.748 607.01214 1.286 -2.772 7.724 1205Pa0155
5318.752 607.01314 2.556 -3.247 7.724 2011Qc0025
5318.755 607.01314 2.556 -3.601 7.724 2011Pa0035
5318.757 607.01214 2.096 -3.249 7.724 1608Pd0275
5318.771 24.0 3.435 -0.67 SOBECK ""
5318.791 607.01314 0.264 -3.972 7.724 0701Qc0075
5318.8 106.00112 1.758 -3.613 3.464 AX35R115
5318.808 607.01314 0.264 -3.964 7.724 0701Pa0085
5318.814 607.01214 0.544 -3.083 7.724 0701Ra0355
5318.814 607.01314 0.308 -3.218 7.724 0701Qb0155
5318.846 607.01314 0.308 -4.171 7.724 0701Pd0165
5318.853 607.01314 0.282 -4.732 7.724 0600Qc0345
5318.863 607.01214 1.336 -2.258 7.724 1205Qb0205
5318.864 74.0 3.427 -0.29 "" ""
5318.872 607.01214 1.267 -3.5 7.724 1205Pc0115
5318.879 607.01314 1.922 -2.915 7.724 1608Qc0105
5318.882 106.00112 1.758 -3.585 3.464 AX35R125
5318.901 607.01314 1.922 -2.791 7.724 1608Pa0115
5318.903 607.01214 1.336 -3.381 7.724 1205Pd0215
5318.923 607.01314 0.282 -3.825 7.724 0600Pa0355
5318.925 106.00112 1.758 -5.302 3.464 AX35Q125
5318.992 607.01314 1.945 -3.118 7.724 1608Rc0145
5319.002 25.1 6.828 -4.47 "" ""
5319.009 26.0 5.008 -2.34 "" ""
5319.019 607.01314 1.945 -2.241 7.724 1608Qa0155
5319.036 26.0 4.831 -2.45 "" ""
5319.042 23.0 1.892 -1.91 LAWNOHFS ""
5319.044 607.01214 1.301 -2.711 7.724 1205Pb0165
5319.051 112.00124 0.896 -0.761 1.340 01R133b24
5319.11 607.01314 1.963 -2.248 7.724 1507Pb0365
5319.137 607.01214 0.35 -4.346 7.724 0701Pc0195
5319.168 607.01314 2.571 -2.87 7.724 2011Pb0085
5319.175 23.0 3.096 -3.48 "" ""
5319.178 607.01314 0.288 -4.124 7.724 0701Rc0125
5319.185 607.01214 2.015 -3.298 7.724 1608Pc0185
5319.204 607.01314 0.288 -3.292 7.724 0701Qa0135
5319.209 106.00112 1.846 -6.168 3.464 AX13R235
5319.211 26.0 4.073 -2.37 "" ""
5319.262 607.01314 0.282 -3.726 7.724 0701Pb0115
5319.267 607.01214 1.722 -2.708 7.724 0902Rb0725
5319.287 24.0 3.844 -3.38 "" ""
5319.297 112.00124 0.892 -1.071 1.340 12R229b24
5319.315 106.00112 1.846 -3.368 3.464 AX13Q245
5319.315 607.01314 2.564 -3.107 7.724 2011Rc0065
5319.326 607.01314 2.564 -2.58 7.724 2011Qa0075
5319.332 24.0 4.529 -0.57 "" ""
5319.334 607.01214 1.564 -2.492 7.724 0902Qb0675
5319.377 607.01314 1.208 -3.832 7.724 1205Rd0015
5319.381 106.00112 1.381 -3.013 3.464 BX13P155
5319.396 92.0 1.249 -0.84 "" ""
5319.399 106.00112 1.846 -3.383 3.464 AX13Q235
5319.412 607.01214 1.722 -4.246 7.724 0902Qd0735
5319.439 607.01314 1.259 -3.404 7.724 1205Rd0155
5319.458 112.00124 0.892 -3.117 1.340 12Q129b24
5319.459 607.01314 1.136 -3.687 7.724 1104Pc0265
5319.47 607.01214 1.564 -4.532 7.724 0902Pd0685
5319.475 106.00112 1.381 -7.093 3.464 BX13Q155
5319.475 41.0 1.079 -1.57 "" ""
5319.498 607.01214 2.668 -2.5 7.724 2011Pa0175
5319.505 106.00112 1.846 -5.831 3.464 AX13P245
5319.55 607.01214 2.668 -2.866 7.724 2011Qc0165
5319.567 607.01314 2.655 -3.213 7.724 2011Rd0225
5319.59 607.01214 0.404 -3.339 7.724 0701Pb0245
5319.607 26.0 4.412 -3.66 "" ""
5319.616 24.1 6.681 -4.54 "" ""
5319.623 26.0 2.988 -4.37 "" ""
5319.632 607.01314 1.938 -2.656 7.724 1608Pb0135
5319.632 607.01314 2.59 -2.502 7.724 2011Ra0135
5319.647 106.00112 1.381 -2.973 3.464 BX13P165
5319.722 607.01214 0.392 -3.991 7.724 0701Qc0235
5319.763 26.0 4.952 -2.16 "" ""
5319.772 607.01214 0.392 -3.353 7.724 0701Pa0245
5319.786 607.01314 2.585 -2.353 7.724 2011Qb0115
5319.804 607.01314 2.585 -3.115 7.724 2011Pd0125
5319.81 60.1 0.55 -0.14 LAWLER ""
5319.831 21.0 3.081 -3.62 "" ""
5319.875 42.0 3.901 -0.79 "" ""
5319.884 112.00124 0.892 -1.094 1.340 12R129b24
5319.903 607.01314 0.257 -4.55 7.724 0701Pc0055
5319.935 607.01314 2.557 -3.13 7.724 2011Qc0035
5319.939 607.01314 2.557 -3.392 7.724 2011Pa0045
5319.942 607.01214 0.847 -5.249 7.724 0600Rd0605
5319.99 607.01314 1.904 -3.459 7.724 1507Pc0325
5320.018 607.01214 0.454 -4.289 7.724 0701Rc0285
5320.037 26.0 3.639 -2.54 "" ""
5320.051 106.00113 2.287 -5.285 3.464 AX46Q195
5320.078 607.01214 0.454 -2.91 7.724 0701Qa0295
5320.12 607.01214 2.709 -3.156 7.724 2011Pd0225
5320.14 57.0 0.433 -1.87 "" ""
5320.183 23.0 2.255 -3.92 "" ""
5320.29 607.01214 2.709 -2.035 7.724 2011Qb0215
5320.292 106.00113 2.031 -5.864 3.464 AX24R225
5320.375 106.00113 2.031 -3.165 3.464 AX24Q235
5320.406 24.1 6.28 -4.63 "" ""
5320.428 24.0 3.367 -2.13 "" ""
5320.43 24.0 4.774 -3.96 "" ""
5320.433 106.00113 1.341 -6.065 3.464 AX24R075
5320.442 28.0 3.737 -3.0 "" ""
5320.445 42.0 3.907 -0.61 "" ""
5320.471 106.00113 2.031 -3.184 3.464 AX24Q225
5320.484 607.01314 1.208 -4.061 7.724 1205Rd0005
5320.492 607.01314 1.913 -3.378 7.724 1608Pc0085
5320.493 607.01214 0.561 -3.085 7.724 0701Rb0355
5320.543 607.01314 2.556 -4.082 7.724 2011Pc0025
5320.554 106.00113 2.031 -5.615 3.464 AX24P235
5320.567 607.01214 0.561 -4.132 7.724 0701Qd0365
5320.574 607.01214 0.468 -2.912 7.724 0701Qb0295
5320.576 62.0 0.282 -0.63 "" ""
5320.589 607.01314 2.568 -3.091 7.724 2011Rc0075
5320.595 607.01314 1.266 -3.407 7.724 1205Rd0165
5320.602 27.0 0.922 -6.23 "" ""
5320.602 607.01314 2.568 -2.516 7.724 2011Qa0085
5320.603 22.0 2.776 -3.56 "" ""
5320.636 607.01214 0.468 -4.301 7.724 0701Pd0305
5320.653 607.01314 0.468 -4.356 7.724 0701Rd0315
5320.72 106.00113 2.24 -5.279 3.464 AX46Q185
5320.732 106.00113 2.287 -3.179 3.464 AX46R195
5320.737 106.00113 2.288 -3.223 3.464 AX46R185
5320.748 607.01314 1.991 -2.327 7.724 1608Ra0215
5320.778 60.0 1.09 0.03 "" ""
5320.78 607.01314 0.222 -5.061 7.724 0600Pc0305
5320.782 39.1 1.083 -1.95 "" ""
5320.802 607.01314 0.268 -3.951 7.724 0701Qc0085
5320.821 607.01314 0.268 -3.892 7.724 0701Pa0095
5320.829 607.01314 1.186 -3.361 7.724 1104Qc0305
5320.86 607.01314 0.37 -3.293 7.724 0701Rb0225
5320.887 607.01314 1.186 -2.573 7.724 1104Pa0315
5320.896 607.01214 1.326 -3.342 7.724 1205Rc0195
5320.9 607.01214 0.689 -4.465 7.724 0701Rd0435
5320.904 106.00113 1.341 -6.041 3.464 AX24R075
5320.906 607.01314 0.37 -3.945 7.724 0701Qd0235
5320.935 607.01214 1.326 -2.26 7.724 1205Qa0205
5320.976 607.01314 0.35 -3.302 7.724 0701Ra0215
5320.998 23.0 2.636 -3.08 "" ""
5321.052 112.00124 0.905 -0.364 1.340 23R125b24
5321.07 59.1 0.508 -0.99 LINOHFS ""
5321.078 112.00124 1.284 -0.296 1.340 01Q242b24
5321.078 6.0 8.636 -4.2 "" ""
5321.108 26.0 4.431 -1.44 "" ""
5321.128 607.01214 0.345 -5.165 7.724 0600Pc0375
5321.131 607.01314 1.966 -2.177 7.724 1608Qb0175
5321.138 112.00124 0.905 -0.374 1.340 23R225b24
5321.16 607.01314 1.966 -3.16 7.724 1608Pd0185
5321.185 106.00113 2.336 -5.285 3.464 AX46Q205
5321.185 23.0 3.113 -4.0 "" ""
5321.189 607.01314 0.294 -4.126 7.724 0701Rc0135
5321.192 607.01214 2.7 -2.035 7.724 2011Qa0215
5321.217 607.01314 0.294 -3.255 7.724 0701Qa0145
5321.247 64.0 0.812 -1.0 "" ""
5321.25 40.0 0.632 -2.25 "" ""
5321.259 112.00124 1.284 -4.57 1.340 01R242b24
5321.263 607.01314 2.615 -2.435 7.724 2011Rb0165
5321.27 112.00124 1.284 -4.57 1.340 01P142b24
5321.273 75.0 1.811 -1.99 "" ""
5321.275 112.00124 0.905 -2.875 1.340 23Q125b24
5321.288 607.01314 2.615 -2.83 7.724 2011Qd0175
5321.299 607.01214 1.722 -2.698 7.724 0902Ra0735
5321.321 25.0 4.824 -2.63 "" ""
5321.321 607.01314 1.209 -3.648 7.724 1205Rb0015
5321.323 607.01314 2.559 -3.052 7.724 2011Qc0045
5321.325 607.01314 1.209 -3.389 7.724 1205Qd0025
5321.33 607.01314 2.559 -3.241 7.724 2011Pa0055
5321.332 607.01314 1.21 -3.475 7.724 1205Rb0025
5321.333 607.01214 2.7 -3.133 7.724 2011Rc0205
5321.338 607.01314 1.21 -3.298 7.724 1205Qd0035
5321.342 106.00113 2.24 -3.262 3.464 AX46R175
5321.374 106.00113 2.24 -3.221 3.464 AX46R185
5321.389 607.01314 2.596 -2.47 7.724 2011Ra0145
5321.408 607.01214 1.564 -4.459 7.724 0902Rc0675
5321.437 106.00113 1.105 -6.462 3.464 AX13R095
5321.438 607.01314 0.298 -3.82 7.724 0600Pb0355
5321.449 607.01214 1.401 -2.401 7.724 1205Rb0265
5321.451 112.00124 1.284 -0.286 1.340 01Q142b24
5321.454 607.01314 1.208 -3.923 7.724 1205Rb0005
5321.457 607.01314 1.208 -3.52 7.724 1205Qd0015
5321.488 607.01314 1.212 -3.345 7.724 1205Rb0035
5321.493 64.0 0.79 -0.56 "" ""
5321.496 607.01314 1.212 -3.233 7.724 1205Qd0045
5321.501 607.01214 1.401 -3.154 7.724 1205Qd0275
5321.507 607.01214 0.547 -3.361 7.724 0600Qb0475
5321.544 607.01214 1.564 -2.484 7.724 0902Qa0685
5321.572 607.01314 1.927 -2.906 7.724 1608Qc0115
5321.588 26.0 3.571 -5.99 "" ""
5321.592 607.01314 0.316 -3.186 7.724 0701Qb0165
5321.594 607.01314 1.927 -2.739 7.724 1608Pa0125
5321.606 607.01214 0.547 -5.143 7.724 0600Pd0485
5321.606 92.1 0.702 -2.38 "" ""
5321.626 607.01314 0.316 -4.175 7.724 0701Pd0175
5321.65 607.01314 2.009 -2.319 7.724 1608Rb0225
5321.664 607.01314 1.951 -3.121 7.724 1608Rc0155
5321.67 607.01314 2.075 -3.322 7.724 1608Rd0295
5321.69 607.01314 2.009 -2.922 7.724 1608Qd0235
5321.693 607.01314 1.951 -2.209 7.724 1608Qa0165
5321.696 106.00112 2.037 -5.864 3.464 AX24R225
5321.712 27.0 4.172 -1.64 "" ""
5321.733 607.01314 1.208 -3.688 7.724 1205Qd0005
5321.76 23.0 2.255 -4.02 "" ""
5321.778 64.0 0.841 -0.18 "" ""
5321.786 26.0 4.47 -4.33 "" ""
5321.79 607.01314 1.214 -3.24 7.724 1205Rb0045
5321.793 607.01214 1.307 -4.581 7.724 0902Pc0585
5321.799 106.00112 2.037 -3.165 3.464 AX24Q235
5321.8 607.01314 1.214 -3.184 7.724 1205Qd0055
5321.82 59.1 0.949 -0.79 LINOHFS ""
5321.834 106.00112 2.037 -3.184 3.464 AX24Q225
5321.835 26.0 3.632 -2.5 "" ""
5321.89 106.00113 2.336 -3.131 3.464 AX46R205
5321.911 607.01314 1.273 -3.411 7.724 1205Rd0175
5321.932 607.01214 2.683 -2.446 7.724 2011Pb0185
5321.938 106.00112 2.037 -5.615 3.464 AX24P235
5321.938 106.00113 2.337 -3.181 3.464 AX46R195
5321.984 25.0 4.824 -3.95 "" ""
5321.996 607.01314 2.575 -2.809 7.724 2011Pb0095
5322.009 106.00113 1.594 -5.819 3.464 AX35R065
5322.041 26.0 2.277 -3.03 "" ""
5322.065 607.01314 2.571 -3.079 7.724 2011Rc0085
5322.076 20.0 4.677 -1.97 "" ""
5322.079 607.01314 2.571 -2.459 7.724 2011Qa0095
5322.099 24.0 4.464 -0.17 "" ""
5322.151 24.0 3.844 -3.36 "" ""
5322.152 112.00124 0.607 -3.485 1.340 01R125b24
5322.2 607.01214 1.293 -3.097 7.724 1205Qc0155
5322.231 607.01214 1.293 -2.735 7.724 1205Pa0165
5322.239 607.01314 1.217 -3.152 7.724 1205Rb0055
5322.246 106.00113 1.105 -6.432 3.464 AX13R095
5322.25 607.01314 1.217 -3.147 7.724 1205Qd0065
5322.27 607.01214 1.389 -2.391 7.724 1205Ra0265
5322.318 106.00113 1.77 -6.152 3.464 AX13R225
5322.333 106.00113 1.594 -5.798 3.464 AX35R065
5322.339 607.01314 0.288 -3.68 7.724 0701Pb0125
5322.369 37.0 1.558 -2.46 "" ""
5322.376 64.0 1.266 -0.73 "" ""
5322.389 106.00113 1.486 -3.764 3.464 AX24R115
5322.391 106.00113 1.77 -3.386 3.464 AX13Q235
5322.394 112.00124 0.722 -2.877 1.340 23R118b24
5322.396 607.01314 2.59 -2.309 7.724 2011Qb0125
5322.407 607.01314 0.26 -4.477 7.724 0701Pc0065
5322.415 607.01314 2.59 -3.11 7.724 2011Pd0135
5322.442 607.01314 2.557 -3.776 7.724 2011Pc0035
5322.483 607.01314 2.664 -3.217 7.724 2011Rd0235
5322.493 106.00113 1.77 -3.401 3.464 AX13Q225
5322.497 607.01214 0.44 -3.754 7.724 0600Pb0425
5322.555 106.00113 1.486 -3.741 3.464 AX24R125
5322.566 106.00113 1.77 -5.82 3.464 AX13P235
5322.57 23.0 3.111 -3.57 "" ""
5322.611 607.01314 1.2 -2.567 7.724 1104Pb0315
5322.614 106.00113 1.486 -5.47 3.464 AX24Q125
5322.625 607.01214 1.273 -3.489 7.724 1205Pc0125
5322.644 607.01214 2.654 -3.244 7.724 2011Pc0145
5322.67 59.1141 0.482 -3.32 LI/LAW ""
5322.67 59.1141 0.482 -3.392 LI/LAW ""
5322.671 59.1141 0.482 -3.71 LI/LAW ""
5322.672 59.1141 0.482 -3.488 LI/LAW ""
5322.683 26.0 5.008 -2.49 "" ""
5322.704 59.1141 0.482 -2.073 LI/LAW ""
5322.704 64.0 1.31 -0.51 "" ""
5322.71 59.1141 0.482 -1.878 LI/LAW ""
5322.716 607.01314 1.208 -3.688 7.724 1205Qb0005
5322.717 59.1141 0.482 -1.826 LI/LAW ""
5322.719 607.01314 1.208 -3.989 7.724 1205Pd0015
5322.726 59.1141 0.482 -1.871 LI/LAW ""
5322.73 59.1141 0.482 -1.164 LI/LAW ""
5322.735 59.1141 0.482 -2.066 LI/LAW ""
5322.743 59.1141 0.482 -1.082 LI/LAW ""
5322.757 106.00113 2.288 -5.253 3.464 AX46Q195
5322.757 59.1141 0.482 -0.998 LI/LAW ""
5322.773 59.1141 0.482 -0.915 LI/LAW ""
5322.786 607.01214 1.345 -2.234 7.724 1205Qb0215
5322.79 59.1141 0.482 -0.836 LI/LAW ""
5322.803 23.1 4.513 -1.72 "" ""
5322.808 59.1141 0.482 -0.76 LI/LAW ""
5322.828 607.01214 1.345 -3.389 7.724 1205Pd0225
5322.834 25.0 4.824 -1.85 "" ""
5322.835 607.01314 1.22 -3.076 7.724 1205Rb0065
5322.849 607.01314 1.22 -3.119 7.724 1205Qd0075
5322.864 106.00113 2.195 -5.269 3.464 AX46Q175
5322.882 6.0 8.764 -3.55 "" ""
5322.918 607.01314 2.562 -2.996 7.724 2011Qc0055
5322.926 607.01314 2.562 -3.123 7.724 2011Pa0065
5322.961 24.1 3.824 -7.71 "" ""
5322.987 607.01314 0.272 -3.935 7.724 0701Qc0095
5323.007 607.01314 0.272 -3.828 7.724 0701Pa0105
5323.028 21.0045 1.851 -3.06 LAWHFS ""
5323.028 21.0045 1.851 -3.31 LAWHFS ""
5323.029 27.1 3.787 -7.7 "" ""
5323.032 21.0045 1.851 -2.86 LAWHFS ""
5323.033 21.0045 1.851 -4.96 LAWHFS ""
5323.034 21.0045 1.851 -3.06 LAWHFS ""
5323.038 21.0045 1.851 -2.79 LAWHFS ""
5323.039 21.0045 1.851 -3.72 LAWHFS ""
5323.041 21.0045 1.851 -2.86 LAWHFS ""
5323.046 21.0045 1.851 -2.82 LAWHFS ""
5323.048 21.0045 1.851 -3.0 LAWHFS ""
5323.05 21.0045 1.851 -2.79 LAWHFS ""
5323.056 21.0045 1.851 -3.01 LAWHFS ""
5323.059 21.0045 1.851 -2.6 LAWHFS ""
5323.061 21.0045 1.851 -2.82 LAWHFS ""
5323.072 21.0045 1.851 -2.31 LAWHFS ""
5323.075 21.0045 1.851 -3.01 LAWHFS ""
5323.083 23.0 3.113 -4.1 "" ""
5323.087 24.0 2.913 -4.14 "" ""
5323.109 23.1 2.555 -4.38 "" ""
5323.116 20.0 4.677 -2.96 "" ""
5323.154 607.01214 1.309 -2.68 7.724 1205Pb0175
5323.193 106.00113 2.241 -5.249 3.464 AX46Q185
5323.2 607.01214 2.063 -2.368 7.724 1608Pb0235
5323.209 607.01314 1.945 -2.617 7.724 1608Pb0145
5323.237 106.00112 1.345 -6.064 3.464 AX24R075
5323.276 19.0 1.609 -2.27 "" ""
5323.28 58.0 0.983 -0.08 "" ""
5323.304 25.0 4.255 -3.56 "" ""
5323.341 607.01314 2.602 -2.439 7.724 2011Ra0155
5323.346 607.01214 2.096 -3.218 7.724 1608Rc0265
5323.361 25.0 3.37 -5.68 "" ""
5323.367 607.01314 0.301 -4.13 7.724 0701Rc0145
5323.379 607.01214 2.052 -2.957 7.724 1608Qc0225
5323.38 106.00113 1.714 -6.626 3.464 AX02R255
5323.386 607.01314 1.281 -3.415 7.724 1205Rd0185
5323.393 607.01214 2.096 -1.958 7.724 1608Qa0275
5323.397 607.01314 0.301 -3.22 7.724 0701Qa0155
5323.416 607.01314 2.551 -3.368 7.724 1910Pc0315
5323.419 607.01214 2.052 -2.38 7.724 1608Pa0235
5323.422 607.01314 1.209 -3.451 7.724 1205Qb0015
5323.423 106.00113 2.195 -3.298 3.464 AX46R165
5323.428 607.01314 1.209 -3.759 7.724 1205Pd0025
5323.438 106.00113 2.288 -3.179 3.464 AX46R195
5323.443 106.00113 1.714 -3.708 3.464 AX02Q265
5323.456 607.01314 0.36 -3.281 7.724 0701Ra0225
5323.458 607.01214 0.689 -3.562 7.724 0600Rb0535
5323.488 106.00113 2.195 -3.26 3.464 AX46R175
5323.492 24.1 5.658 -5.95 "" ""
5323.509 26.0 2.277 -4.67 "" ""
5323.512 22.0 3.724 -3.24 "" ""
5323.548 57.0 1.046 -0.95 "" ""
5323.567 607.01314 1.918 -3.347 7.724 1608Pc0095
5323.568 106.00113 2.289 -3.223 3.464 AX46R185
5323.57 607.01214 0.689 -4.882 7.724 0600Qd0545
5323.578 28.0 3.765 -4.09 "" ""
5323.582 607.01314 1.223 -3.009 7.724 1205Rb0075
5323.595 106.00113 1.714 -3.725 3.464 AX02Q255
5323.597 607.01314 1.223 -3.098 7.724 1205Qd0085
5323.602 27.0 4.061 -2.08 "" ""
5323.65 607.01214 2.675 -2.468 7.724 2011Pa0185
5323.658 106.00113 1.714 -6.222 3.464 AX02P265
5323.697 607.01214 0.561 -3.069 7.724 0701Ra0365
5323.707 21.0 3.055 -1.19 "" ""
5323.711 106.00112 1.345 -6.04 3.464 AX24R075
5323.717 26.0 4.581 -3.77 "" ""
5323.72 607.01214 2.675 -2.87 7.724 2011Qc0175
5323.742 607.01314 2.575 -3.071 7.724 2011Rc0095
5323.752 21.0 3.055 -0.67 "" ""
5323.756 607.01314 2.575 -2.406 7.724 2011Qa0105
5323.758 607.01314 2.0 -2.306 7.724 1608Ra0225
5323.772 6.0 8.764 -2.39 "" ""
5323.781 106.00113 1.487 -3.764 3.464 AX24R115
5323.824 607.01314 0.381 -3.272 7.724 0701Rb0235
5323.83 106.00112 1.848 -3.368 3.464 AX13Q245
5323.847 106.00113 2.241 -3.222 3.464 AX46R185
5323.861 106.00113 1.487 -3.742 3.464 AX24R125
5323.871 607.01314 0.381 -3.952 7.724 0701Qd0245
5323.877 23.1 6.959 -4.52 "" ""
5323.905 106.00112 1.848 -6.197 3.464 AX13R235
5323.912 106.00113 1.487 -5.45 3.464 AX24Q125
5323.928 22.0 0.825 -2.82 LAWLER ""
5323.934 106.00113 2.242 -3.262 3.464 AX46R175
5323.964 607.01214 2.108 -1.956 7.724 1608Qb0275
5323.99 607.01314 0.482 -4.364 7.724 0701Rd0325
5324.013 607.01214 2.108 -3.257 7.724 1608Pd0285
5324.019 106.00112 1.848 -5.805 3.464 AX13P245
5324.021 607.01314 2.622 -2.406 7.724 2011Rb0175
5324.047 24.0 3.373 -2.15 "" ""
5324.048 607.01314 2.622 -2.834 7.724 2011Qd0185
5324.064 6.0 8.531 -3.54 "" ""
5324.094 106.00112 1.848 -3.383 3.464 AX13Q235
5324.128 106.00113 2.338 -5.251 3.464 AX46Q205
5324.179 26.0 3.211 -0.11 RUF14 ""
5324.22 20.0 5.724 -4.26 "" ""
5324.222 607.01214 0.547 -5.084 7.724 0600Rc0475
5324.226 106.00112 1.108 -6.462 3.464 AX13R095
5324.233 607.01214 0.36 -4.352 7.724 0701Pc0205
5324.25 72.1 1.779 -1.96 LAWLER ""
5324.274 607.01314 1.21 -3.267 7.724 1205Qb0025
5324.281 607.01314 1.21 -3.629 7.724 1205Pd0035
5324.311 25.0 5.392 0.42 "" ""
5324.321 607.01214 0.547 -3.35 7.724 0600Qa0485
5324.34 106.00112 2.297 -3.178 3.464 AX46R195
5324.353 106.00112 1.721 -6.626 3.464 AX02R255
5324.356 106.00113 2.033 -3.165 3.464 AX24Q235
5324.366 607.01214 2.024 -3.301 7.724 1608Pc0195
5324.373 106.00112 2.297 -3.223 3.464 AX46R185
5324.435 106.00113 2.033 -5.892 3.464 AX24R225
5324.451 607.01214 1.336 -3.348 7.724 1205Rc0205
5324.453 106.00112 1.721 -3.708 3.464 AX02Q265
5324.456 42.0 3.3 -1.27 "" ""
5324.456 607.01314 1.933 -2.9 7.724 1608Qc0125
5324.472 106.00112 2.297 -5.284 3.464 AX46Q195
5324.478 607.01314 1.227 -2.949 7.724 1205Rb0085
5324.481 607.01314 1.933 -2.692 7.724 1608Pa0135
5324.492 607.01214 1.336 -2.236 7.724 1205Qa0215
5324.495 607.01314 1.227 -3.082 7.724 1205Qd0095
5324.519 607.01314 0.324 -3.155 7.724 0701Qb0175
5324.521 607.01314 1.958 -3.125 7.724 1608Rc0165
5324.529 106.00113 2.388 -5.278 3.464 AX46Q215
5324.538 106.00112 1.598 -5.818 3.464 AX35R065
5324.538 23.0 2.676 -3.29 "" ""
5324.548 607.01314 2.559 -3.61 7.724 2011Pc0045
5324.55 607.01314 1.958 -2.178 7.724 1608Qa0175
5324.556 607.01314 0.324 -4.18 7.724 0701Pd0185
5324.574 106.00113 2.033 -5.59 3.464 AX24P235
5324.584 607.01214 0.404 -3.999 7.724 0701Qc0245
5324.588 607.01314 1.974 -2.148 7.724 1608Qb0185
5324.592 106.00112 1.721 -3.724 3.464 AX02Q255
5324.621 607.01314 1.974 -3.164 7.724 1608Pd0195
5324.636 607.01214 0.404 -3.332 7.724 0701Pa0255
5324.653 106.00113 2.033 -3.185 3.464 AX24Q225
5324.667 22.0 3.109 -3.79 "" ""
5324.673 607.01314 1.209 -3.989 7.724 1205Pb0015
5324.684 607.01214 2.719 -3.165 7.724 2011Pd0235
5324.688 66.0 0.874 -0.98 "" ""
5324.692 106.00112 1.721 -6.222 3.464 AX02P265
5324.718 607.01314 2.564 -2.955 7.724 2011Qc0065
5324.73 607.01314 2.564 -3.025 7.724 2011Pa0075
5324.779 23.0 3.129 -3.99 "" ""
5324.786 24.0 4.532 -3.74 "" ""
5324.792 607.01214 0.416 -3.319 7.724 0701Pb0255
5324.834 106.00113 2.338 -3.132 3.464 AX46R205
5324.857 607.01214 0.468 -4.299 7.724 0701Rc0295
5324.862 24.0 4.486 -0.05 "" ""
5324.876 106.00112 1.598 -5.798 3.464 AX35R065
5324.887 607.01214 2.719 -2.012 7.724 2011Qb0225
5324.918 27.0 4.237 -1.71 "" ""
5324.918 607.01214 0.468 -2.894 7.724 0701Qa0305
5324.969 28.1 6.641 -5.04 "" ""
5324.999 607.01314 2.58 -2.754 7.724 2011Pb0105
5325.011 106.00112 2.249 -3.221 3.464 AX46R185
5325.013 106.00113 2.338 -3.181 3.464 AX46R195
5325.02 60.1 1.12 -1.58 LAWLER ""
5325.022 106.00112 2.249 -3.261 3.464 AX46R175
5325.022 607.01314 1.289 -3.421 7.724 1205Rd0195
5325.028 106.00112 1.109 -6.431 3.464 AX13R095
5325.035 24.0 4.447 -0.32 "" ""
5325.088 607.01314 0.264 -4.424 7.724 0701Pc0075
5325.093 24.0 3.847 -3.59 "" ""
5325.094 106.00112 1.491 -3.764 3.464 AX24R115
5325.108 106.00113 2.196 -5.241 3.464 AX46Q175
5325.132 106.00112 2.249 -5.279 3.464 AX46Q185
5325.144 90.1 1.547 -1.35 "" ""
5325.183 607.01314 2.596 -2.269 7.724 2011Qb0135
5325.189 607.01314 2.019 -2.298 7.724 1608Rb0235
5325.204 607.01314 2.596 -3.108 7.724 2011Pd0145
5325.23 23.0 2.267 -3.54 "" ""
5325.23 607.01314 2.019 -2.929 7.724 1608Qd0245
5325.233 25.0 5.345 -2.79 "" ""
5325.242 607.01314 0.298 -4.74 7.724 0600Qc0355
5325.254 106.00113 2.388 -3.079 3.464 AX46R215
5325.271 607.01314 1.212 -3.127 7.724 1205Qb0035
5325.272 27.0 4.018 0.17 "" ""
5325.278 607.01314 1.212 -3.543 7.724 1205Pd0045
5325.279 106.00112 1.491 -3.741 3.464 AX24R125
5325.315 607.01314 0.298 -3.811 7.724 0600Pa0365
5325.328 106.00112 1.491 -5.47 3.464 AX24Q125
5325.329 21.0 3.055 -0.9 "" ""
5325.344 607.01314 0.277 -3.924 7.724 0701Qc0105
5325.351 106.00113 2.388 -3.133 3.464 AX46R205
5325.363 607.01214 2.709 -2.012 7.724 2011Qa0225
5325.367 607.01314 0.277 -3.771 7.724 0701Pa0115
5325.374 21.0 3.055 -1.22 "" ""
5325.42 22.0 3.11 -3.94 "" ""
5325.445 21.0 4.261 -3.96 "" ""
5325.493 106.00112 2.346 -3.131 3.464 AX46R205
5325.493 607.01314 2.608 -2.411 7.724 2011Ra0165
5325.526 607.01314 1.231 -2.896 7.724 1205Rb0095
5325.533 607.01214 2.709 -3.143 7.724 2011Rc0215
5325.545 607.01314 1.231 -3.071 7.724 1205Qd0105
5325.547 106.00112 2.346 -3.18 3.464 AX46R195
5325.553 26.1 3.222 -3.16 MELBAR ""
5325.561 607.01314 0.294 -3.638 7.724 0701Pb0135
5325.562 607.01214 1.413 -2.383 7.724 1205Rb0275
5325.586 607.01314 2.674 -3.221 7.724 2011Rd0245
5325.616 607.01214 1.413 -3.162 7.724 1205Qd0285
5325.619 607.01314 2.58 -3.065 7.724 2011Rc0105
5325.635 607.01314 2.58 -2.359 7.724 2011Qa0115
5325.638 106.00112 2.346 -5.284 3.464 AX46Q205
5325.65 607.01314 1.148 -3.694 7.724 1104Pc0275
5325.658 20.0 5.923 -4.77 "" ""
5325.659 607.01214 0.578 -3.072 7.724 0701Rb0365
5325.666 607.01214 0.44 -4.84 7.724 0600Qc0425
5325.689 607.01214 0.483 -2.896 7.724 0701Qb0305
5325.698 26.1 6.725 -3.72 "" ""
5325.706 23.1 2.263 -4.72 "" ""
5325.709 23.1 2.034 -5.1 "" ""
5325.713 607.01314 0.308 -4.134 7.724 0701Rc0155
5325.734 106.00113 2.196 -3.26 3.464 AX46R175
5325.735 607.01214 0.578 -4.144 7.724 0701Qd0375
5325.745 607.01314 0.308 -3.188 7.724 0701Qa0165
5325.753 607.01214 0.483 -4.309 7.724 0701Pd0315
5325.755 607.01214 0.44 -3.746 7.724 0600Pa0435
5325.781 106.00113 2.196 -3.298 3.464 AX46R165
5325.836 106.00112 2.039 -3.165 3.464 AX24Q235
5325.858 106.00113 1.72 -3.64 3.464 AX35R105
5325.87 607.01214 1.301 -3.1 7.724 1205Qc0165
5325.877 24.0 3.419 -4.08 "" ""
5325.882 23.0 1.217 -4.37 "" ""
5325.901 106.00112 2.039 -5.892 3.464 AX24R225
5325.903 42.0 2.521 -2.25 "" ""
5325.904 607.01214 1.301 -2.701 7.724 1205Pa0175
5325.924 28.0 4.15 -2.39 "" ""
5325.942 27.0 4.206 -0.95 "" ""
5325.975 106.00112 2.039 -5.589 3.464 AX24P235
5326.004 25.0 5.392 -0.19 "" ""
5326.018 26.0 3.412 -5.51 "" ""
5326.04 106.00112 2.039 -3.184 3.464 AX24Q225
5326.064 106.00113 1.72 -3.61 3.464 AX35R115
5326.064 23.0 2.377 -3.92 "" ""
5326.076 106.00113 1.72 -5.287 3.464 AX35Q115
5326.078 25.0 4.422 -2.24 "" ""
5326.085 607.01214 1.401 -2.373 7.724 1205Ra0275
5326.094 607.01214 0.689 -3.549 7.724 0600Ra0545
5326.1 607.01314 0.37 -3.26 7.724 0701Ra0235
5326.127 26.0 3.015 -5.03 "" ""
5326.142 26.0 3.571 -3.01 "" ""
5326.212 106.00113 2.152 -5.256 3.464 AX46Q165
5326.223 27.0 3.71 -1.03 "" ""
5326.352 26.0 5.102 -1.13 "" ""
5326.359 607.01314 1.21 -3.713 7.724 1205Pb0025
5326.36 106.00113 1.286 -5.886 3.464 BX13P135
5326.379 607.01214 0.71 -4.472 7.724 0701Rd0445
5326.413 607.01314 1.214 -3.014 7.724 1205Qb0045
5326.422 607.01314 1.214 -3.482 7.724 1205Pd0055
5326.447 23.0 1.182 -5.04 "" ""
5326.508 106.00112 1.491 -3.764 3.464 AX24R115
5326.561 26.0 2.756 -5.58 "" ""
5326.571 607.01214 1.279 -3.481 7.724 1205Pc0135
5326.596 106.00112 1.491 -3.741 3.464 AX24R125
5326.645 106.00112 1.491 -5.449 3.464 AX24Q125
5326.674 106.00113 2.441 -6.381 3.464 AX56P215
5326.707 22.0 3.111 -2.87 "" ""
5326.711 106.00113 2.152 -3.333 3.464 AX46R155
5326.723 607.01314 2.568 -2.924 7.724 2011Qc0075
5326.727 607.01314 1.236 -2.847 7.724 1205Rb0105
5326.735 607.01314 2.568 -2.942 7.724 2011Pa0085
5326.748 607.01314 1.236 -3.063 7.724 1205Qd0115
5326.752 607.01214 2.691 -2.418 7.724 2011Pb0195
5326.805 26.0 4.412 -2.1 "" ""
5326.807 106.00113 2.152 -3.296 3.464 AX46R165
5326.82 607.01314 1.298 -3.426 7.724 1205Rd0205
5326.836 607.01314 1.922 -3.323 7.724 1608Pc0105
5326.86 607.01314 2.562 -3.501 7.724 2011Pc0055
5326.883 607.01214 1.356 -2.212 7.724 1205Qb0225
5326.928 607.01214 1.356 -3.396 7.724 1205Pd0235
5326.943 607.01314 0.392 -3.252 7.724 0701Rb0245
5326.948 106.00113 1.87 -5.72 3.464 AX46R075
5326.949 607.01314 1.951 -2.581 7.724 1608Pb0155
5326.953 607.01314 2.009 -2.285 7.724 1608Ra0235
5326.961 607.01314 2.63 -2.379 7.724 2011Rb0185
5326.976 90.0 1.005 -1.1 "" ""
5326.989 607.01314 2.63 -2.838 7.724 2011Qd0195
5326.993 607.01314 0.392 -3.96 7.724 0701Qd0255
5327.018 106.00113 1.72 -3.64 3.464 AX35R105
5327.05 106.00112 2.298 -3.179 3.464 AX46R195
5327.099 106.00113 1.72 -3.61 3.464 AX35R115
5327.103 23.0 2.262 -4.37 "" ""
5327.104 42.0 2.913 -1.37 "" ""
5327.106 42.0 3.672 -0.86 "" ""
5327.152 106.00113 1.72 -5.268 3.464 AX35Q115
5327.159 106.00112 2.204 -3.297 3.464 AX46R165
5327.168 6.0 8.764 -4.37 "" ""
5327.17 607.01214 2.66 -3.241 7.724 2011Pc0155
5327.171 106.00112 2.204 -3.26 3.464 AX46R175
5327.183 106.00112 2.298 -5.252 3.464 AX46Q195
5327.208 106.00112 2.298 -3.223 3.464 AX46R185
5327.252 26.0 3.637 -3.04 "" ""
5327.28 106.00112 2.204 -5.269 3.464 AX46Q175
5327.321 64.0 1.283 -0.15 "" ""
5327.369 25.0 5.334 -1.6 "" ""
5327.381 106.00113 1.87 -5.697 3.464 AX46R075
5327.393 607.01314 0.236 -5.068 7.724 0600Pc0315
5327.415 20.0 5.923 -2.73 "" ""
5327.433 607.01314 1.918 -3.466 7.724 1507Pc0335
5327.435 607.01214 1.317 -2.65 7.724 1205Pb0185
5327.443 75.0 1.713 -1.94 "" ""
5327.487 106.00112 2.25 -3.221 3.464 AX46R185
5327.487 607.01314 0.497 -4.372 7.724 0701Rd0335
5327.492 58.1 1.324 -1.77 LAWLER ""
5327.522 106.00113 1.772 -3.386 3.464 AX13Q235
5327.532 607.01314 1.938 -2.897 7.724 1608Qc0135
5327.555 607.01314 1.938 -2.649 7.724 1608Pa0145
5327.566 607.01314 1.966 -3.13 7.724 1608Rc0175
5327.597 607.01314 0.332 -3.127 7.724 0701Qb0185
5327.598 607.01314 1.966 -2.15 7.724 1608Qa0185
5327.608 106.00112 2.25 -5.248 3.464 AX46Q185
5327.616 106.00113 1.772 -6.179 3.464 AX13R225
5327.617 106.00112 2.25 -3.261 3.464 AX46R175
5327.635 607.01314 0.332 -4.186 7.724 0701Pd0195
5327.645 106.00113 1.285 -3.952 3.464 AX13R135
