wavelength species excitation loggf disassociation_energy comment
5475.735 106.00112 1.173 -5.772 3.464 AX13R105
5475.748 112.00124 0.645 -0.347 1.340 12Q121h24
5475.755 106.00112 1.173 -3.704 3.464 AX13Q105
5475.767 78.0 4.227 0.18 "" ""
5475.78 106.00112 1.0 -4.301 3.464 AX13R035
5475.8 23.0 1.892 -3.63 "" ""
5475.848 21.0 3.788 -3.82 "" ""
5475.872 20.0 5.987 -5.74 "" ""
5475.891 42.0 2.644 -1.33 "" ""
5475.928 106.00112 1.173 -3.667 3.464 AX13Q115
5475.948 106.00112 1.173 -5.59 3.464 AX13P115
5475.98 23.0 1.871 -3.89 "" ""
5475.996 607.01314 2.814 -2.564 7.724 2112Pb0145
5476.011 24.0 3.008 -5.55 "" ""
5476.024 20.0 5.449 -5.92 "" ""
5476.067 106.00112 1.144 -6.454 3.464 AX02R165
5476.072 24.0 3.886 -2.63 "" ""
5476.078 607.01314 1.455 -3.437 7.724 1306Pc0075
5476.096 106.00112 1.144 -3.903 3.464 AX02Q175
5476.112 25.0 4.317 -2.77 "" ""
5476.118 45.0 1.832 -2.01 "" ""
5476.14 607.01314 1.491 -3.135 7.724 1306Rc0145
5476.16 607.01314 1.538 -2.338 7.724 1306Ra0215
5476.169 607.01314 1.491 -2.251 7.724 1306Qa0155
5476.175 607.01214 1.636 -3.246 7.724 1306Rc0265
5476.19 607.01214 0.845 -3.585 7.724 0903Rd0205
5476.196 607.01214 0.77 -3.06 7.724 0903Rb0085
5476.2 106.00112 1.144 -3.929 3.464 AX02Q165
5476.215 607.01214 0.77 -3.221 7.724 0903Qd0095
5476.229 106.00112 1.144 -6.125 3.464 AX02P175
5476.229 607.01214 1.636 -1.969 7.724 1306Qa0275
5476.232 607.01214 1.788 -4.275 7.724 0902Qc0745
5476.235 607.01314 1.557 -2.33 7.724 1306Rb0225
5476.28 607.01314 1.557 -2.931 7.724 1306Qd0235
5476.289 26.0 4.14 -0.94 "" ""
5476.334 106.00112 2.349 -7.718 3.464 AX50P395
5476.39 607.01214 1.788 -2.782 7.724 0902Pa0755
5476.398 106.00112 1.0 -5.247 3.464 AX13Q045
5476.446 71.1175 1.76 -2.66 L09gfL09hf ""
5476.458 106.00112 2.349 -7.928 3.464 AX50Q385
5476.508 27.0 3.626 -1.6 "" ""
5476.535 607.01214 1.648 -1.968 7.724 1306Qb0275
5476.542 71.1175 1.76 -1.66 L09gfL09hf ""
5476.551 71.1175 1.76 -2.24 L09gfL09hf ""
5476.564 26.0 4.1 -0.28 DEN14 ""
5476.572 106.00112 1.0 -4.214 3.464 AX13R045
5476.573 106.00112 1.0 -5.24 3.464 AX13Q045
5476.589 106.00113 2.294 -8.375 3.464 AX14R275
5476.59 607.01214 1.648 -3.285 7.724 1306Pd0285
5476.624 71.1175 1.76 -1.48 L09gfL09hf ""
5476.624 71.1175 1.76 -2.01 L09gfL09hf ""
5476.629 607.01214 0.752 -3.382 7.724 0903Qb0025
5476.634 22.1 5.564 -1.41 "" ""
5476.636 607.01214 0.752 -3.752 7.724 0903Pd0035
5476.665 71.1175 1.76 -0.92 L09gfL09hf ""
5476.675 71.1175 1.76 -1.86 L09gfL09hf ""
5476.678 71.1175 1.76 -1.45 L09gfL09hf ""
5476.697 22.0 2.133 -5.84 "" ""
5476.71 71.1175 1.76 -1.77 L09gfL09hf ""
5476.712 71.1175 1.76 -1.51 L09gfL09hf ""
5476.721 71.1175 1.76 -1.09 L09gfL09hf ""
5476.731 71.1175 1.76 -1.69 L09gfL09hf ""
5476.748 106.00112 1.0 -4.214 3.464 AX13R045
5476.752 71.1175 1.76 -1.3 L09gfL09hf ""
5476.766 71.1175 1.76 -1.57 L09gfL09hf ""
5476.768 71.1175 1.76 -1.99 L09gfL09hf ""
5476.777 106.00112 2.349 -6.679 3.464 AX50P385
5476.832 607.01314 2.858 -2.281 7.724 2112Ra0215
5476.856 27.0 4.392 -2.04 "" ""
5476.883 20.0 5.317 -2.79 "" ""
5476.899 106.00113 2.033 -3.377 3.464 AX24P235
5476.904 28.0 1.825 -0.78 LAWLER ""
5476.94 607.01214 1.344 -5.293 7.724 0600Rd0765
5476.972 607.01314 1.468 -2.935 7.724 1306Qc0105
5476.973 23.0 1.798 -2.42 "" ""
5476.982 106.00113 2.033 -5.788 3.464 AX24Q225
5476.991 23.1 2.599 -4.53 "" ""
5476.994 607.01314 1.468 -2.8 7.724 1306Pa0115
5477.002 106.00112 2.129 -8.733 3.464 AX03R285
5477.008 607.01314 2.803 -2.833 7.724 2112Qc0125
5477.034 112.00126 0.407 -0.996 1.340 01R218h26
5477.054 607.01314 2.803 -2.638 7.724 2112Pa0135
5477.075 106.00113 2.553 -5.256 3.464 AX46P245
5477.078 27.0 3.71 -0.61 "" ""
5477.134 607.01214 0.751 -4.108 7.724 0903Pb0015
5477.144 112.00125 0.407 -0.996 1.340 01R218h25
5477.161 106.00113 2.033 -3.397 3.464 AX24P225
5477.162 112.00124 0.284 -3.132 1.340 01R112b24
5477.207 106.00113 1.97 -5.738 3.464 AX24Q215
5477.224 607.01214 0.774 -3.006 7.724 0903Rb0095
5477.246 607.01214 0.774 -3.211 7.724 0903Qd0105
5477.261 112.00124 0.408 -0.996 1.340 01R218h24
5477.267 76.0 2.189 -2.36 "" ""
5477.273 106.00113 1.636 -3.898 3.464 AX35P075
5477.276 22.0 3.699 -3.26 "" ""
5477.278 106.00112 1.618 -3.991 3.464 AX35P065
5477.296 607.01214 1.039 -4.287 7.724 0802Rd0485
5477.302 106.00113 1.97 -3.399 3.464 AX24P225
5477.305 106.00113 1.946 -3.792 3.464 AX02P295
5477.338 106.00112 1.841 -4.182 3.464 AX46P045
5477.355 607.01314 0.614 -2.936 7.724 0802Pb0225
5477.361 106.00113 1.636 -5.231 3.464 AX35Q075
5477.365 106.00112 0.71 -6.651 3.464 AX02R055
5477.391 112.00124 0.408 -3.336 1.340 01Q118b24
5477.391 607.01214 0.808 -3.814 7.724 0802Rc0355
5477.395 607.01314 1.484 -2.667 7.724 1306Pb0135
5477.4 106.00112 1.618 -5.188 3.464 AX35Q065
5477.402 40.0 0.603 -2.71 "" ""
5477.405 106.00113 1.97 -3.42 3.464 AX24P215
5477.405 23.1 2.024 -4.46 "" ""
5477.407 58.0 0.82 -0.63 "" ""
5477.459 27.0 4.392 -3.21 "" ""
5477.468 607.01214 0.808 -2.382 7.724 0802Qa0365
5477.483 24.1 4.14 -2.99 "" ""
5477.529 106.00113 1.946 -6.5 3.464 AX02Q285
5477.539 607.01314 0.568 -3.856 7.724 0802Pc0175
5477.556 106.00112 1.841 -4.967 3.464 AX46Q045
5477.566 607.01214 2.945 -1.961 7.724 2112Qa0245
5477.572 112.00126 0.407 -0.976 1.340 01R118h26
5477.592 607.01214 2.945 -3.115 7.724 2112Rc0235
5477.604 607.01214 2.955 -3.155 7.724 2112Pd0255
5477.614 106.00112 1.841 -4.181 3.464 AX46P045
5477.631 607.01214 0.73 -3.636 7.724 0802Qc0305
5477.65 106.00112 0.71 -6.632 3.464 AX02R055
5477.665 26.1 3.219 -5.43 "" ""
5477.672 15.0 7.207 -0.79 "" ""
5477.674 106.00113 1.851 -4.025 3.464 AX46P055
5477.68 112.00125 0.407 -0.976 1.340 01R118h25
5477.682 607.01214 0.819 -4.933 7.724 0600Qc0585
5477.694 22.0 2.425 -0.05 "" ""
5477.697 607.01214 0.73 -2.789 7.724 0802Pa0315
5477.698 607.01214 0.754 -3.241 7.724 0903Qb0035
5477.705 106.00113 1.636 -3.835 3.464 AX35P085
5477.707 607.01214 0.754 -3.668 7.724 0903Pd0045
5477.717 607.01214 2.955 -1.959 7.724 2112Qb0245
5477.75 24.1 7.375 -2.17 "" ""
5477.756 607.01214 1.602 -2.38 7.724 1306Pb0235
5477.772 106.00113 1.946 -3.809 3.464 AX02P285
5477.774 26.0 4.984 -1.58 "" ""
5477.775 607.01214 1.145 -3.422 7.724 0600Rb0695
5477.78 25.0 5.108 -3.32 "" ""
5477.793 607.01214 0.676 -3.95 7.724 0802Pc0265
5477.797 112.00124 0.408 -0.976 1.340 01R118h24
5477.798 74.0 1.18 -2.4 "" ""
5477.799 607.01314 1.512 -2.187 7.724 1306Qb0175
5477.811 607.01214 0.819 -3.594 7.724 0600Pa0595
5477.817 106.00112 1.618 -3.991 3.464 AX35P065
5477.818 106.00112 1.618 -3.917 3.464 AX35P075
5477.822 40.1 1.825 -1.4 "" ""
5477.831 106.00112 1.841 -4.976 3.464 AX46Q045
5477.835 607.01314 1.512 -3.181 7.724 1306Pd0185
5477.845 106.00112 1.597 -6.47 3.464 BX13P205
5477.861 106.00113 2.553 -2.691 3.464 AX46Q245
5477.872 15.0 7.376 -1.2 "" ""
5477.876 106.00112 1.597 -2.651 3.464 BX13Q195
5477.892 106.00112 1.954 -3.792 3.464 AX02P295
5477.928 607.01214 1.145 -4.943 7.724 0600Qd0705
5477.939 106.00112 1.618 -5.201 3.464 AX35Q065
5477.942 607.01314 2.212 -2.363 7.724 1709Pb0205
5477.955 106.00113 1.637 -3.898 3.464 AX35P075
5477.965 20.0 4.735 -2.4 "" ""
5477.978 106.00112 1.597 -2.637 3.464 BX13Q205
5477.986 106.00112 0.806 -4.505 3.464 AX02R085
5477.986 26.1 7.488 -4.55 "" ""
5478.008 106.00112 1.597 -6.343 3.464 BX13R195
5478.014 607.01314 0.739 -2.665 7.724 0802Ra0335
5478.016 106.00112 1.954 -6.5 3.464 AX02Q285
5478.035 106.00113 1.637 -5.246 3.464 AX35Q075
5478.036 106.00113 1.851 -5.011 3.464 AX46Q055
5478.059 106.00113 1.851 -4.025 3.464 AX46P055
5478.087 607.01214 0.854 -3.592 7.724 0903Rd0215
5478.09 106.00112 1.842 -4.065 3.464 AX46P055
5478.117 607.01314 2.928 -3.237 7.724 2112Rd0285
5478.17 607.01214 1.591 -2.985 7.724 1306Qc0225
5478.173 112.00124 0.592 -0.535 1.340 23Q211b24
5478.216 607.01214 1.591 -2.392 7.724 1306Pa0235
5478.239 26.0 4.984 -2.39 "" ""
5478.249 106.00113 1.851 -3.935 3.464 AX46P065
5478.249 112.00124 0.592 -3.492 1.340 23P111b24
5478.251 26.1 6.724 -3.86 "" ""
5478.259 15.0 7.411 -1.5 "" ""
5478.291 106.00112 1.954 -3.809 3.464 AX02P285
5478.3 106.00112 1.618 -3.917 3.464 AX35P075
5478.308 15.0 7.411 -1.5 "" ""
5478.312 106.00113 1.637 -3.835 3.464 AX35P085
5478.328 106.00112 1.842 -4.066 3.464 AX46P055
5478.33 62.1 1.261 -1.3 LAWLER ""
5478.341 106.00113 2.554 -2.744 3.464 AX46Q235
5478.344 40.0 2.199 -0.55 "" ""
5478.371 106.00112 0.806 -4.47 3.464 AX02R095
5478.372 106.00112 0.806 -6.036 3.464 AX02Q095
5478.374 24.1 4.178 -1.82 Lawler17 ""
5478.389 112.00126 0.449 -0.891 1.340 12R212h26
5478.412 607.01214 0.779 -2.957 7.724 0903Rb0105
5478.421 106.00113 1.851 -5.022 3.464 AX46Q055
5478.43 607.01314 2.876 -2.275 7.724 2112Rb0225
5478.436 607.01214 0.779 -3.205 7.724 0903Qd0115
5478.44 22.0 2.091 -5.12 "" ""
5478.455 26.0 4.188 -1.85 "" ""
5478.479 607.01314 2.876 -2.843 7.724 2112Qd0235
5478.481 78.0 4.774 0.38 "" ""
5478.503 70.1 4.96 -0.84 "" ""
5478.53 112.00125 0.449 -0.891 1.340 12R212h25
5478.551 23.0 3.908 -2.73 "" ""
5478.581 607.01314 0.754 -2.671 7.724 0802Rb0335
5478.585 60.0 1.216 0.12 "" ""
5478.586 607.01314 2.827 -3.055 7.724 2112Rc0165
5478.589 106.00113 1.851 -3.935 3.464 AX46P065
5478.613 607.01314 0.671 -2.498 7.724 0802Qb0275
5478.62 112.00126 0.671 -0.498 1.340 01Q227h26
5478.621 607.01314 2.827 -2.128 7.724 2112Qa0175
5478.622 58.0 0.172 -1.0 "" ""
5478.652 607.01314 0.754 -3.607 7.724 0802Qd0345
5478.671 607.01314 0.671 -3.82 7.724 0802Pd0285
5478.682 112.00124 0.45 -0.891 1.340 12R212h24
5478.685 112.00124 0.592 -3.49 1.340 23R211b24
5478.702 607.01314 0.604 -3.509 7.724 0802Qc0215
5478.712 112.00125 0.672 -0.498 1.340 01Q227h25
5478.748 607.01314 0.604 -2.949 7.724 0802Pa0225
5478.753 25.1 6.568 -4.39 "" ""
5478.759 607.01314 2.793 -3.254 7.724 2112Pc0105
5478.76 112.00124 0.592 -0.497 1.340 23Q111b24
5478.769 112.00124 0.45 -2.872 1.340 12Q112b24
5478.798 607.01314 1.498 -3.138 7.724 1306Rc0155
5478.806 112.00124 0.673 -0.498 1.340 01Q227h24
5478.823 112.00124 0.521 -1.142 1.340 23R204b24
5478.829 607.01314 1.498 -2.219 7.724 1306Qa0165
5478.843 607.01314 0.659 -3.781 7.724 0802Rc0265
5478.854 112.00124 0.521 -2.337 1.340 23Q104b24
5478.855 106.00113 1.135 -3.747 3.464 AX13Q095
5478.857 607.01214 2.891 -3.212 7.724 2112Pc0175
5478.858 106.00113 1.135 -5.709 3.464 AX13R095
5478.874 106.00112 2.563 -5.235 3.464 AX46R235
5478.899 607.01314 0.659 -2.499 7.724 0802Qa0275
5478.913 106.00112 2.039 -3.376 3.464 AX24P235
5478.916 607.01214 0.756 -3.127 7.724 0903Qb0045
5478.927 607.01214 0.756 -3.609 7.724 0903Pd0055
5478.934 106.00112 2.563 -2.69 3.464 AX46Q245
5478.955 106.00112 0.807 -4.505 3.464 AX02R085
5478.963 112.00126 0.449 -0.865 1.340 12R112h26
5478.964 607.01314 0.559 -4.422 7.724 0701Pc0365
5478.981 112.00124 0.673 -4.392 1.340 01P127b24
5478.982 106.00112 2.039 -5.788 3.464 AX24Q225
5478.997 24.0 4.093 -3.06 "" ""
5479.004 42.0 3.196 -2.05 "" ""
5479.006 607.01214 0.752 -3.83 7.724 0903Pb0025
5479.018 106.00112 2.302 -8.303 3.464 AX14R275
5479.02 112.00126 0.672 -0.482 1.340 01Q127h26
5479.024 607.01214 2.321 -2.909 7.724 1709Qc0265
5479.031 607.01314 2.251 -1.94 7.724 1709Qb0245
5479.032 112.00124 0.673 -4.392 1.340 01R227b24
5479.046 106.00112 1.914 -6.019 3.464 AX13Q245
5479.062 106.00112 2.563 -2.743 3.464 AX46Q235
5479.064 28.0 3.83 -3.69 "" ""
5479.07 607.01214 2.321 -2.227 7.724 1709Pa0275
5479.074 607.01314 2.251 -3.127 7.724 1709Pd0255
5479.083 607.01314 1.547 -2.317 7.724 1306Ra0225
5479.092 607.01314 1.459 -3.396 7.724 1306Pc0085
5479.102 112.00125 0.449 -0.865 1.340 12R112h25
5479.111 112.00125 0.672 -0.482 1.340 01Q127h25
5479.123 106.00112 2.563 -5.282 3.464 AX46P245
5479.124 106.00112 2.039 -3.397 3.464 AX24P225
5479.127 106.00113 2.554 -5.265 3.464 AX46R235
5479.155 106.00112 1.914 -3.521 3.464 AX13P255
5479.174 106.00113 1.135 -5.574 3.464 AX13P105
5479.177 106.00113 1.135 -3.706 3.464 AX13Q105
5479.188 607.01314 2.842 -2.098 7.724 2112Qb0185
5479.206 112.00124 0.673 -0.482 1.340 01Q127h24
5479.229 607.01314 2.842 -3.092 7.724 2112Pd0195
5479.231 24.0 4.609 -2.4 "" ""
5479.246 106.00112 1.914 -3.539 3.464 AX13P245
5479.252 112.00124 0.45 -0.865 1.340 12R112h24
5479.254 106.00112 0.807 -4.471 3.464 AX02R095
5479.255 106.00112 0.807 -6.021 3.464 AX02Q095
5479.26 26.1 7.489 -4.28 "" ""
5479.332 23.0 1.847 -5.99 "" ""
5479.347 607.01214 0.745 -2.784 7.724 0802Pb0315
5479.36 607.01214 2.925 -2.355 7.724 2112Pb0215
5479.4 44.0 3.883 0.41 "" ""
5479.506 106.00112 1.976 -5.737 3.464 AX24Q215
5479.537 112.00124 0.876 -0.485 1.340 23P224b24
5479.621 106.00112 1.976 -3.398 3.464 AX24P225
5479.643 106.00112 1.976 -3.42 3.464 AX24P215
5479.646 607.01314 1.567 -2.31 7.724 1306Rb0235
5479.677 106.00113 1.376 -4.298 3.464 BX03R155
5479.693 607.01314 1.567 -2.935 7.724 1306Qd0245
5479.719 40.1 3.432 -2.0 "" ""
5479.728 607.01314 1.473 -2.927 7.724 1306Qc0115
5479.729 27.0 4.392 -1.51 "" ""
5479.751 607.01314 1.473 -2.748 7.724 1306Pa0125
5479.759 607.01214 0.785 -2.913 7.724 0903Rb0115
5479.785 607.01214 0.785 -3.202 7.724 0903Qd0125
5479.795 607.01314 2.204 -2.837 7.724 1709Qc0195
5479.828 22.0 3.58 -2.44 "" ""
5479.829 607.01314 2.204 -2.38 7.724 1709Pa0205
5479.838 607.01314 2.241 -3.093 7.724 1709Rc0235
5479.847 106.00113 1.376 -8.429 3.464 BX03Q165
5479.879 607.01314 2.241 -1.941 7.724 1709Qa0245
5479.885 106.00113 0.97 -5.526 3.464 AX13R015
5479.889 106.00113 0.97 -5.519 3.464 AX13R015
5479.889 112.00124 0.521 -1.095 1.340 23R104b24
5479.891 112.00124 0.876 -2.878 1.340 23Q224b24
5479.951 26.0 4.952 -3.81 "" ""
5479.96 106.00113 1.425 -4.184 3.464 BX03R165
5479.963 106.00113 1.376 -4.184 3.464 BX03R165
5479.987 106.00113 1.136 -3.747 3.464 AX13Q095
5479.99 106.00113 1.136 -5.722 3.464 AX13R095
5480.02 25.0 3.132 -4.9 "" ""
5480.033 112.00124 0.876 -0.464 1.340 23P124b24
5480.058 20.0 5.449 -6.43 "" ""
5480.059 607.01214 2.916 -2.869 7.724 2112Qc0205
5480.102 607.01214 1.145 -3.411 7.724 0600Ra0705
5480.114 106.00113 1.425 -8.346 3.464 BX03Q175
5480.119 24.0 4.385 -1.64 "" ""
5480.122 24.0 3.887 -3.11 "" ""
5480.123 106.00113 1.837 -3.543 3.464 AX13P245
5480.148 607.01314 2.821 -2.528 7.724 2112Pb0155
5480.155 607.01214 0.864 -3.599 7.724 0903Rd0225
5480.159 607.01314 2.18 -3.193 7.724 1709Pc0165
5480.177 112.00124 0.384 -2.628 1.340 12R107b24
5480.182 22.0 3.196 -1.43 "" ""
5480.196 607.01214 2.333 -2.22 7.724 1709Pb0275
5480.228 106.00113 1.136 -5.562 3.464 AX13P105
5480.23 64.0 1.348 -0.81 "" ""
5480.231 106.00113 1.136 -3.706 3.464 AX13Q105
5480.233 106.00113 1.425 -4.062 3.464 BX03R175
5480.24 607.01214 2.916 -2.369 7.724 2112Pa0215
5480.241 106.00113 1.837 -6.049 3.464 AX13Q235
5480.248 106.00113 1.661 -3.821 3.464 AX35P085
5480.26 59.1 1.049 -1.33 LINOHFS ""
5480.265 92.1 1.55 -0.93 "" ""
5480.284 607.01214 0.759 -3.032 7.724 0903Qb0055
5480.293 44.0 2.995 -0.4 "" ""
5480.296 56.1 6.007 -1.31 "" ""
5480.298 607.01214 0.759 -3.565 7.724 0903Pd0065
5480.305 44.0 3.751 0.02 "" ""
5480.309 106.00113 1.661 -5.272 3.464 AX35Q085
5480.358 24.0 3.889 -1.46 "" ""
5480.373 22.0 2.504 -3.6 "" ""
5480.375 607.01314 2.867 -2.26 7.724 2112Ra0225
5480.378 22.0 3.567 -2.15 "" ""
5480.381 607.01314 2.808 -2.829 7.724 2112Qc0135
5480.395 22.0 3.405 -3.73 "" ""
5480.426 106.00113 1.837 -3.562 3.464 AX13P235
5480.439 607.01314 2.808 -2.595 7.724 2112Pa0145
5480.454 24.0 3.548 -3.09 "" ""
5480.507 24.0 3.446 -1.32 "" ""
5480.508 607.01214 2.288 -3.226 7.724 1709Pc0235
5480.527 607.01214 1.562 -3.329 7.724 1306Pc0195
5480.565 42.0 2.513 -2.8 "" ""
5480.593 22.0 3.556 -2.19 "" ""
5480.607 112.00124 1.17 -4.351 1.340 13R133b24
5480.608 106.00113 1.662 -3.766 3.464 AX35P095
5480.645 23.1 6.524 -1.27 "" ""
5480.714 57.1 2.132 -1.21 "" ""
5480.718 106.00112 1.64 -3.898 3.464 AX35P075
5480.724 607.01214 0.825 -2.376 7.724 0802Qb0365
5480.73 39.1 1.721 -0.85 Biemont11 ""
5480.772 28.0 3.844 -1.84 "" ""
5480.803 607.01214 0.825 -3.957 7.724 0802Pd0375
5480.805 106.00112 1.64 -5.231 3.464 AX35Q075
5480.825 40.0 0.65 -2.09 "" ""
5480.857 106.00113 1.329 -4.406 3.464 BX03R145
5480.859 38.0 2.27 0.51 "" ""
5480.861 26.0 4.214 -1.26 "" ""
5480.863 90.1 1.346 -1.87 Nils02/10 ""
5480.879 23.0 2.614 -3.73 "" ""
5480.921 26.0 5.008 -2.48 "" ""
5480.993 41.0 2.234 -1.0 "" ""
5480.996 22.0 3.176 -1.91 "" ""
5481.027 607.01214 0.754 -3.654 7.724 0903Pb0035
5481.029 24.0 3.887 -1.62 "" ""
5481.044 607.01314 1.491 -2.628 7.724 1306Pb0145
5481.045 106.00113 1.329 -8.498 3.464 BX03Q155
5481.077 23.1 2.368 -6.9 "" ""
5481.095 106.00113 1.662 -3.821 3.464 AX35P085
5481.108 73.0 2.894 -1.01 "" ""
5481.142 106.00113 1.662 -5.288 3.464 AX35Q085
5481.145 58.0 0.69 -0.66 "" ""
5481.158 106.00113 1.329 -4.298 3.464 BX03R155
5481.168 106.00112 1.641 -3.835 3.464 AX35P085
5481.185 607.01214 1.658 -4.636 7.724 0902Pc0705
5481.198 23.1 3.793 -2.42 "" ""
5481.204 92.1 0.799 -0.94 Nils02/9 ""
5481.214 26.1 6.802 -4.32 "" ""
5481.234 24.0 3.435 -4.19 "" ""
5481.243 26.0 4.1 -1.4 "" ""
5481.248 607.01314 1.52 -2.158 7.724 1306Qb0185
5481.263 24.0 3.011 -4.34 "" ""
5481.267 607.01214 0.791 -2.872 7.724 0903Rb0125
5481.272 607.01214 1.648 -3.254 7.724 1306Rc0275
5481.273 106.00113 1.972 -3.399 3.464 AX24P225
5481.285 607.01314 1.52 -3.185 7.724 1306Pd0195
5481.296 607.01214 0.791 -3.201 7.724 0903Qd0135
5481.328 607.01214 1.648 -1.952 7.724 1306Qa0285
5481.339 25.0 3.133 -1.87 "" ""
5481.344 106.00113 1.972 -5.775 3.464 AX24Q215
5481.367 106.00113 1.662 -3.766 3.464 AX35P095
5481.394 112.00124 0.51 -1.988 1.340 23R101b24
5481.396 25.0 2.162 -1.98 "" ""
5481.407 106.00112 1.641 -3.897 3.464 AX35P075
5481.41 22.0 2.406 -0.39 "" ""
5481.414 45.0 3.97 0.12 "" ""
5481.42 22.0 0.899 -4.05 "" ""
5481.439 26.0 4.191 -1.33 RUF14 ""
5481.493 106.00112 1.641 -5.245 3.464 AX35Q075
5481.502 26.0 4.831 -4.31 "" ""
5481.511 106.00113 1.972 -3.42 3.464 AX24P215
5481.526 112.00124 1.001 -0.443 1.340 12P232b24
5481.574 607.01214 0.935 -2.583 7.724 0802Rb0425
5481.593 22.0 3.713 -2.75 "" ""
5481.603 23.1 6.491 -1.98 "" ""
5481.644 607.01314 1.505 -3.142 7.724 1306Rc0165
5481.666 607.01214 0.935 -3.49 7.724 0802Qd0435
5481.677 607.01314 1.505 -2.189 7.724 1306Qa0175
5481.682 25.0 5.574 -1.74 "" ""
5481.684 112.00124 0.578 -0.578 1.340 23Q210b24
5481.691 112.00126 0.617 -0.389 1.340 12Q220h26
5481.702 607.01214 0.916 -2.565 7.724 0802Ra0425
5481.748 59.0 0.0 -1.11 "" ""
5481.753 112.00124 0.578 -3.456 1.340 23P110b24
5481.755 106.00113 1.911 -5.724 3.464 AX24Q205
5481.76 20.0 5.989 -4.43 "" ""
5481.792 106.00112 1.641 -3.835 3.464 AX35P085
5481.796 23.0 4.084 -4.35 "" ""
5481.804 607.01214 0.762 -2.95 7.724 0903Qb0065
5481.819 607.01214 0.762 -3.534 7.724 0903Pd0075
5481.822 22.0 2.238 -3.17 "" ""
5481.823 112.00125 0.618 -0.389 1.340 12Q220h25
5481.829 76.0 2.465 -1.84 "" ""
5481.833 112.00124 1.001 -3.139 1.340 12Q232b24
5481.858 106.00113 1.911 -3.422 3.464 AX24P215
5481.861 22.0 1.429 -1.36 LAWLER ""
5481.881 106.00113 1.588 -2.935 3.464 BX13P195
5481.896 26.0 5.029 -2.17 "" ""
5481.937 106.00113 1.911 -3.445 3.464 AX24P205
5481.938 70.0 3.034 -0.34 "" ""
5481.953 106.00113 2.296 -8.302 3.464 AX14R275
5481.955 607.01214 1.661 -1.951 7.724 1306Qb0285
5481.964 112.00124 0.618 -0.389 1.340 12Q220h24
5481.971 58.0 0.849 -0.04 "" ""
5481.986 21.0045 1.865 -0.44 LAWHFS ""
5481.988 21.0045 1.865 -1.34 LAWHFS ""
5481.988 21.0045 1.865 -1.34 LAWHFS ""
5481.99 21.0045 1.865 -0.63 LAWHFS ""
5481.991 21.0045 1.865 -1.14 LAWHFS ""
5481.991 21.0045 1.865 -1.14 LAWHFS ""
5481.992 21.0045 1.865 -0.85 LAWHFS ""
5481.993 21.0045 1.865 -1.08 LAWHFS ""
5481.994 21.0045 1.865 -1.08 LAWHFS ""
5481.995 21.0045 1.865 -1.08 LAWHFS ""
5481.995 21.0045 1.865 -1.11 LAWHFS ""
5481.996 21.0045 1.865 -1.08 LAWHFS ""
5481.996 21.0045 1.865 -1.44 LAWHFS ""
5481.997 21.0045 1.865 -1.15 LAWHFS ""
5481.997 21.0045 1.865 -1.15 LAWHFS ""
5481.998 21.0045 1.865 -1.29 LAWHFS ""
5481.998 21.0045 1.865 -1.29 LAWHFS ""
5481.998 21.0045 1.865 -1.89 LAWHFS ""
5481.999 21.0045 1.865 -1.57 LAWHFS ""
5481.999 21.0045 1.865 -1.57 LAWHFS ""
5481.999 21.0045 1.865 -2.59 LAWHFS ""
5482.0 64.0 1.348 -0.81 "" ""
5482.011 106.00113 1.588 -7.038 3.464 BX13Q195
5482.012 112.00124 1.001 -0.428 1.340 12P132b24
5482.013 607.01214 1.661 -3.293 7.724 1306Pd0295
5482.033 25.0 3.133 -3.44 "" ""
5482.043 607.01314 2.835 -3.06 7.724 2112Rc0175
5482.051 23.1 2.37 -3.24 "" ""
5482.079 607.01314 2.835 -2.1 7.724 2112Qa0185
5482.084 106.00113 1.477 -4.063 3.464 BX03R175
5482.097 112.00124 0.619 -3.937 1.340 12P120b24
5482.12 112.00126 0.617 -0.368 1.340 12Q120h26
5482.123 106.00113 1.588 -2.929 3.464 BX13P205
5482.19 607.01314 1.557 -2.297 7.724 1306Ra0235
5482.195 106.00112 2.528 -8.946 3.464 AX25R275
5482.212 28.0 3.831 -2.51 LAWLER ""
5482.22 23.1 6.779 -4.08 "" ""
5482.223 106.00113 1.477 -8.25 3.464 BX03Q185
5482.24 112.00124 0.578 -3.453 1.340 23R210b24
5482.246 57.1139 0.0 -3.899 Lawle01HFS ""
5482.248 112.00125 0.618 -0.368 1.340 12Q120h25
5482.25 57.1139 0.0 -3.598 Lawle01HFS ""
5482.251 57.1139 0.0 -3.481 Lawle01HFS ""
5482.252 57.1139 0.0 -3.677 Lawle01HFS ""
5482.256 112.00124 0.618 -3.937 1.340 12R220b24
5482.256 57.1139 0.0 -3.415 Lawle01HFS ""
5482.258 57.1139 0.0 -3.21 Lawle01HFS ""
5482.26 57.1139 0.0 -3.774 Lawle01HFS ""
5482.261 26.0 3.632 -3.54 "" ""
5482.265 57.1139 0.0 -3.356 Lawle01HFS ""
5482.268 57.1139 0.0 -3.003 Lawle01HFS ""
5482.27 57.1139 0.0 -3.92 Lawle01HFS ""
5482.276 57.1139 0.0 -3.39 Lawle01HFS ""
5482.28 57.1139 0.0 -2.832 Lawle01HFS ""
5482.283 57.1139 0.0 -4.154 Lawle01HFS ""
5482.29 57.1139 0.0 -3.572 Lawle01HFS ""
5482.298 57.1139 0.0 -4.572 Lawle01HFS ""
5482.298 607.01314 0.624 -2.913 7.724 0802Pb0235
5482.301 607.01314 1.463 -3.365 7.724 1306Pc0095
5482.309 112.00124 0.578 -0.535 1.340 23Q110b24
5482.32 607.01314 0.576 -3.859 7.724 0802Pc0185
5482.345 106.00113 1.477 -3.933 3.464 BX03R185
5482.389 112.00124 0.619 -0.368 1.340 12Q120h24
5482.394 607.01214 0.875 -3.607 7.724 0903Rd0235
5482.433 23.0 0.017 -4.24 "" ""
5482.445 607.01314 2.94 -3.244 7.724 2112Rd0295
5482.46 26.0 4.987 -2.54 "" ""
5482.474 607.01314 2.797 -3.234 7.724 2112Pc0115
5482.484 24.0 3.011 -4.75 "" ""
5482.526 92.1 1.907 -0.77 "" ""
5482.537 607.01314 2.886 -2.254 7.724 2112Rb0235
5482.589 607.01314 2.886 -2.849 7.724 2112Qd0245
5482.613 24.1 3.855 -5.03 "" ""
5482.624 112.00124 1.105 -0.697 1.340 01P238b24
5482.65 607.01314 0.754 -2.651 7.724 0802Ra0345
5482.675 607.01314 1.478 -2.922 7.724 1306Qc0125
5482.701 607.01314 1.478 -2.701 7.724 1306Pa0135
5482.706 20.0 4.677 -3.56 "" ""
5482.721 106.00112 1.139 -3.747 3.464 AX13Q095
5482.723 106.00112 1.139 -5.709 3.464 AX13R095
5482.743 106.00112 1.858 -4.025 3.464 AX46P055
5482.772 26.0 5.064 -3.06 "" ""
5482.776 106.00113 1.689 -3.755 3.464 AX35P095
5482.776 607.01214 2.955 -1.942 7.724 2112Qa0255
5482.788 106.00113 0.985 -4.394 3.464 AX13R025
5482.791 607.01214 0.689 -4.59 7.724 0701Pc0425
5482.797 106.00113 1.87 -3.909 3.464 AX46P065
5482.814 106.00113 1.689 -5.309 3.464 AX35Q095
5482.877 106.00113 1.563 -6.193 3.464 AX35P035
5482.89 607.01214 2.955 -3.122 7.724 2112Rc0245
5482.9 20.0 4.76 -3.58 "" ""
5482.903 106.00112 1.858 -5.01 3.464 AX46Q055
5482.912 106.00113 0.985 -4.393 3.464 AX13R025
5482.935 26.0 5.082 -3.71 "" ""
5482.938 607.01214 0.797 -2.834 7.724 0903Rb0135
5482.956 112.00124 1.105 -3.321 1.340 01Q238b24
5482.96 106.00112 2.131 -8.657 3.464 AX03R285
5482.963 607.01314 2.221 -2.338 7.724 1709Pb0215
5482.969 607.01214 0.797 -3.202 7.724 0903Qd0145
5482.975 24.0 4.532 -2.7 "" ""
5483.006 106.00113 1.013 -7.326 3.464 BX03R055
5483.048 106.00112 1.139 -5.573 3.464 AX13P105
5483.05 106.00112 1.139 -3.705 3.464 AX13Q105
5483.05 106.00112 2.565 -2.691 3.464 AX46Q245
5483.071 106.00113 1.563 -6.204 3.464 AX35P035
5483.077 106.00113 1.689 -3.706 3.464 AX35P105
5483.099 26.0 4.151 -1.39 DEN14 ""
5483.128 106.00112 1.858 -4.024 3.464 AX46P055
5483.152 106.00112 2.565 -5.265 3.464 AX46R235
5483.157 106.00113 1.87 -5.055 3.464 AX46Q065
5483.159 112.00124 1.105 -0.683 1.340 01P138b24
5483.197 607.01214 0.756 -3.522 7.724 0903Pb0045
5483.22 60.1 0.985 -1.8 LAWLER ""
5483.229 106.00113 1.285 -4.509 3.464 BX03R135
5483.231 607.01314 1.578 -2.29 7.724 1306Rb0245
5483.239 106.00112 2.565 -5.255 3.464 AX46P245
5483.267 106.00113 1.87 -3.834 3.464 AX46P075
5483.279 607.01314 1.578 -2.939 7.724 1306Qd0255
5483.28 607.01314 0.614 -3.517 7.724 0802Qc0225
5483.282 607.01314 2.85 -2.071 7.724 2112Qb0195
5483.289 106.00112 1.858 -5.021 3.464 AX46Q055
5483.309 106.00113 1.87 -3.908 3.464 AX46P065
5483.31 27.0059 1.709 -2.13 Lawle15HFS ""
5483.325 607.01314 2.85 -3.097 7.724 2112Pd0205
5483.328 607.01314 0.614 -2.926 7.724 0802Pa0235
5483.334 27.0059 1.709 -2.271 Lawle15HFS ""
5483.341 106.00112 2.565 -2.743 3.464 AX46Q235
5483.344 27.0059 1.709 -2.97 Lawle15HFS ""
5483.344 607.01214 1.613 -2.358 7.724 1306Pb0245
5483.35 106.00112 1.858 -3.934 3.464 AX46P065
5483.354 27.0059 1.709 -2.435 Lawle15HFS ""
5483.363 27.0059 1.709 -2.774 Lawle15HFS ""
5483.371 27.0059 1.709 -2.633 Lawle15HFS ""
5483.373 27.0059 1.709 -4.085 Lawle15HFS ""
5483.374 27.0 4.501 -3.79 "" ""
5483.378 27.0059 1.709 -2.72 Lawle15HFS ""
5483.379 607.01314 0.671 -3.79 7.724 0802Rc0275
5483.384 27.0059 1.709 -2.888 Lawle15HFS ""
5483.387 27.0059 1.709 -3.674 Lawle15HFS ""
5483.389 27.0059 1.709 -2.742 Lawle15HFS ""
5483.393 27.0059 1.709 -3.276 Lawle15HFS ""
5483.393 607.01214 1.602 -2.992 7.724 1306Qc0235
5483.394 58.0 0.698 -0.89 "" ""
5483.396 112.00124 0.516 -1.227 1.340 23R203b24
5483.397 27.0059 1.709 -3.452 Lawle15HFS ""
5483.398 27.0059 1.709 -2.833 Lawle15HFS ""
5483.403 27.0059 1.709 -3.021 Lawle15HFS ""
5483.403 27.0059 1.709 -3.327 Lawle15HFS ""
5483.407 27.0059 1.709 -3.276 Lawle15HFS ""
5483.407 27.0059 1.709 -3.306 Lawle15HFS ""
5483.416 73.0 2.894 -0.89 "" ""
5483.42 112.00124 0.516 -2.272 1.340 23Q103b24
5483.42 607.01214 2.966 -1.939 7.724 2112Qb0255
5483.436 106.00113 1.087 -6.403 3.464 AX02R155
5483.437 106.00113 1.285 -8.555 3.464 BX03Q145
5483.437 607.01314 0.671 -2.482 7.724 0802Qa0285
5483.441 607.01214 1.602 -2.37 7.724 1306Pa0245
5483.466 607.01314 0.684 -2.481 7.724 0802Qb0285
5483.476 607.01214 0.766 -2.878 7.724 0903Qb0075
5483.477 41.0 1.079 -2.12 "" ""
5483.487 607.01314 0.769 -2.657 7.724 0802Rb0345
5483.493 58.0 0.731 -0.67 "" ""
5483.494 607.01214 0.766 -3.51 7.724 0903Pd0085
5483.526 607.01314 0.684 -3.828 7.724 0802Pd0295
5483.546 106.00113 1.285 -4.406 3.464 BX03R145
5483.549 106.00113 1.087 -3.958 3.464 AX02Q155
5483.56 607.01314 0.769 -3.616 7.724 0802Qd0355
5483.588 26.0 4.962 -2.94 "" ""
5483.617 106.00112 1.978 -3.399 3.464 AX24P225
5483.623 106.00113 1.087 -3.931 3.464 AX02Q165
5483.668 106.00113 1.87 -5.067 3.464 AX46Q065
5483.674 106.00112 1.666 -3.821 3.464 AX35P085
5483.674 106.00112 1.978 -5.774 3.464 AX24Q215
5483.69 106.00112 1.858 -3.934 3.464 AX46P065
5483.726 106.00113 1.87 -3.835 3.464 AX46P075
5483.732 106.00112 1.666 -5.271 3.464 AX35Q085
5483.736 106.00113 1.087 -6.13 3.464 AX02P165
5483.76 20.0 5.295 -4.48 "" ""
5483.77 106.00113 2.524 -8.946 3.464 AX25R275
5483.771 607.01214 0.825 -3.808 7.724 0802Rc0365
5483.803 106.00113 1.69 -3.755 3.464 AX35P095
5483.81 20.0 4.677 -2.57 "" ""
5483.811 106.00112 1.978 -3.42 3.464 AX24P215
5483.822 106.00113 1.69 -5.327 3.464 AX35Q095
5483.835 106.00112 0.973 -5.525 3.464 AX13R015
5483.839 106.00112 0.973 -5.518 3.464 AX13R015
5483.85 106.00112 1.139 -3.746 3.464 AX13Q095
5483.851 106.00112 1.139 -5.722 3.464 AX13R095
5483.851 607.01214 0.825 -2.37 7.724 0802Qa0375
5483.88 106.00113 0.985 -5.136 3.464 AX13Q035
5483.908 106.00113 1.276 -5.041 3.464 AX24P025
5483.91 21.0 2.336 -2.16 "" ""
5483.955 27.0 3.629 -0.48 "" ""
5483.961 607.01314 2.814 -2.827 7.724 2112Qc0145
5483.964 25.0 5.516 -1.95 "" ""
5483.971 607.01314 2.262 -1.92 7.724 1709Qb0255
5483.978 106.00113 0.985 -5.13 3.464 AX13Q035
5483.991 21.0 3.17 -3.41 "" ""
5484.003 106.00113 1.69 -3.706 3.464 AX35P105
5484.015 607.01314 2.262 -3.134 7.724 1709Pd0265
5484.029 106.00113 1.276 -5.039 3.464 AX24P025
5484.04 607.01314 2.814 -2.556 7.724 2112Pa0155
5484.051 106.00112 1.666 -3.765 3.464 AX35P095
5484.085 106.00112 1.139 -5.562 3.464 AX13P105
5484.086 106.00112 1.139 -3.705 3.464 AX13Q105
5484.09 607.01314 2.806 -3.349 7.724 2011Pc0345
5484.094 112.00124 0.848 -0.506 1.340 23P223b24
5484.114 607.01214 0.745 -3.645 7.724 0802Qc0315
5484.117 607.01314 2.876 -2.241 7.724 2112Ra0235
5484.122 106.00113 0.985 -4.273 3.464 AX13R035
5484.147 25.1 6.663 -5.6 "" ""
5484.147 90.1 1.377 -1.94 "" ""
5484.183 607.01214 0.745 -2.773 7.724 0802Pa0325
5484.213 106.00112 1.916 -3.521 3.464 AX13P255
5484.22 106.00113 0.985 -4.274 3.464 AX13R035
5484.227 22.0 2.159 -4.75 "" ""
5484.229 45.0 3.965 0.26 "" ""
5484.276 20.0 5.296 -2.84 "" ""
5484.302 106.00112 1.916 -6.06 3.464 AX13Q245
5484.303 24.0 3.009 -4.11 "" ""
5484.321 607.01214 2.899 -3.212 7.724 2112Pc0185
5484.326 20.0 5.792 -3.57 "" ""
5484.328 44.0 1.002 -1.66 "" ""
5484.334 607.01214 0.991 -3.206 7.724 0600Qb0645
5484.354 106.00112 1.917 -5.723 3.464 AX24Q205
5484.4 106.00113 1.276 -5.244 3.464 AX24Q025
5484.416 607.01214 0.689 -3.955 7.724 0802Pc0275
5484.417 607.01314 2.212 -2.842 7.724 1709Qc0205
5484.428 607.01314 2.251 -3.1 7.724 1709Rc0245
5484.448 607.01314 2.827 -2.494 7.724 2112Pb0165
5484.453 607.01314 2.212 -2.354 7.724 1709Pa0215
5484.47 607.01314 2.251 -1.922 7.724 1709Qa0255
5484.476 607.01214 0.991 -5.235 7.724 0600Pd0655
5484.477 106.00112 1.917 -3.422 3.464 AX24P215
5484.485 106.00112 1.917 -3.444 3.464 AX24P205
5484.505 106.00112 1.916 -3.539 3.464 AX13P245
5484.521 106.00113 1.276 -5.25 3.464 AX24Q025
5484.522 106.00112 1.484 -5.921 3.464 BX13P175
5484.523 26.0 4.952 -4.1 "" ""
5484.527 106.00112 1.666 -3.82 3.464 AX35P085
5484.566 112.00124 0.848 -2.86 1.340 23Q223b24
5484.585 106.00112 1.666 -5.287 3.464 AX35Q085
5484.613 21.0045 1.851 -1.07 LAWHFS ""
5484.614 21.0045 1.851 -1.04 LAWHFS ""
5484.614 21.0045 1.851 -1.26 LAWHFS ""
5484.615 21.0045 1.851 -1.11 LAWHFS ""
5484.616 21.0045 1.851 -1.31 LAWHFS ""
5484.621 21.0045 1.851 -1.56 LAWHFS ""
5484.622 21.0045 1.851 -3.21 LAWHFS ""
5484.623 21.0045 1.851 -1.97 LAWHFS ""
5484.625 21.0045 1.851 -1.25 LAWHFS ""
5484.626 21.0045 1.851 -1.31 LAWHFS ""
5484.627 21.0045 1.851 -0.85 LAWHFS ""
5484.63 21.0045 1.851 -0.56 LAWHFS ""
5484.63 21.0045 1.851 -1.11 LAWHFS ""
5484.634 21.0045 1.851 -1.04 LAWHFS ""
5484.639 21.0045 1.851 -1.07 LAWHFS ""
5484.64 106.00113 2.583 -5.915 3.464 AX03R345
5484.644 21.0045 1.851 -1.26 LAWHFS ""
5484.644 44.0 1.588 -2.2 "" ""
5484.663 112.00124 0.516 -1.176 1.340 23R103b24
5484.677 607.01314 1.512 -3.146 7.724 1306Rc0175
5484.704 112.00124 0.848 -0.484 1.340 23P123b24
5484.712 607.01314 1.512 -2.16 7.724 1306Qa0185
5484.754 24.0 3.889 -3.76 "" ""
5484.758 23.0 3.957 -2.71 "" ""
5484.773 607.01214 0.804 -2.798 7.724 0903Rb0145
5484.806 607.01214 0.804 -3.204 7.724 0903Qd0155
5484.806 607.01214 0.886 -3.614 7.724 0903Rd0245
5484.832 106.00112 1.666 -3.766 3.464 AX35P095
5484.86 607.01314 1.498 -2.591 7.724 1306Pb0155
5484.868 28.0 5.0 -3.81 "" ""
5484.868 607.01314 1.529 -2.132 7.724 1306Qb0195
5484.874 112.00124 0.565 -0.625 1.340 23Q209b24
5484.888 106.00113 1.72 -3.697 3.464 AX35P105
5484.896 607.01214 0.759 -3.117 7.724 0903Ra0065
5484.906 106.00113 1.72 -5.343 3.464 AX35Q105
5484.906 25.1 6.135 -3.2 "" ""
5484.908 607.01314 1.529 -3.189 7.724 1306Pd0205
5484.918 607.01214 0.714 -5.275 7.724 0600Pc0545
5484.922 607.01214 0.762 -3.061 7.724 0903Ra0075
5484.937 112.00124 0.566 -3.416 1.340 23P109b24
5484.944 607.01214 1.061 -4.329 7.724 0802Rd0495
5484.994 607.01314 2.188 -3.193 7.724 1709Pc0175
5485.03 60.1 1.281 -1.17 LAWLER ""
5485.065 607.01214 0.756 -3.179 7.724 0903Ra0055
5485.1 60.1 0.55 -1.64 LAWLER ""
5485.138 106.00113 1.72 -3.652 3.464 AX35P115
5485.14 607.01214 0.766 -3.01 7.724 0903Ra0085
5485.155 25.0 5.083 -2.99 "" ""
5485.169 607.01214 2.935 -2.332 7.724 2112Pb0225
5485.178 24.0 4.096 -2.69 "" ""
5485.29 607.01214 2.333 -2.916 7.724 1709Qc0275
5485.303 607.01214 0.77 -2.815 7.724 0903Qb0085
5485.323 607.01214 0.77 -3.493 7.724 0903Pd0095
5485.338 607.01214 2.333 -2.209 7.724 1709Pa0285
5485.347 26.0 5.389 -3.37 "" ""
5485.405 62.0 0.0 -1.25 "" ""
5485.425 106.00113 1.276 -4.789 3.464 AX24P035
5485.43 607.01214 0.754 -3.248 7.724 0903Ra0045
5485.446 607.01214 2.925 -2.875 7.724 2112Qc0215
5485.484 112.00124 0.565 -3.412 1.340 23R209b24
5485.484 607.01314 1.567 -2.278 7.724 1306Ra0245
5485.518 607.01214 0.759 -3.415 7.724 0903Pb0055
5485.519 106.00113 1.276 -4.79 3.464 AX24P035
5485.541 25.1 5.986 -6.89 "" ""
5485.546 112.00126 0.433 -0.923 1.340 12R211h26
5485.547 112.00124 0.566 -0.577 1.340 23Q109b24
5485.551 106.00113 1.913 -3.423 3.464 AX24P215
5485.551 607.01214 0.77 -2.962 7.724 0903Ra0095
5485.567 607.01214 2.925 -2.345 7.724 2112Pa0225
5485.607 106.00113 1.913 -5.759 3.464 AX24Q205
5485.662 24.0 3.889 -2.63 "" ""
5485.698 112.00125 0.434 -0.923 1.340 12R211h25
5485.7 60.1 1.263 -0.12 LAWLER ""
5485.705 607.01314 1.468 -3.342 7.724 1306Pc0105
5485.709 607.01314 2.842 -3.065 7.724 2112Rc0185
