wavelength species excitation loggf disassociation_energy comment
5723.907 607.01214 1.348 -3.683 7.724 0903Rc0505
5723.909 607.01314 2.602 -3.017 7.724 1911Rc0145
5723.936 607.01314 2.602 -2.146 7.724 1911Qa0155
5723.949 6.0 8.531 -4.0 "" ""
5723.976 106.00112 1.718 -2.493 3.464 BX13Q225
5724.012 607.01314 2.655 -2.253 7.724 1911Rb0215
5724.023 607.01214 1.348 -1.919 7.724 0903Qa0515
5724.041 607.01214 0.258 -3.958 7.724 0601Rd0045
5724.041 607.01214 2.7 -2.333 7.724 1911Pb0205
5724.042 106.00112 1.718 -6.184 3.464 BX13R215
5724.049 607.01314 2.655 -2.818 7.724 1911Qd0225
5724.067 23.0 3.265 -3.61 "" ""
5724.084 607.01214 0.316 -3.835 7.724 0601Rd0165
5724.085 21.0045 1.433 -2.01 LAWHFS ""
5724.089 607.01214 1.238 -3.435 7.724 0903Qc0455
5724.095 21.0045 1.433 -1.31 LAWHFS ""
5724.095 21.0045 1.433 -1.82 LAWHFS ""
5724.103 21.0045 1.433 -1.6 LAWHFS ""
5724.103 21.0045 1.433 -1.79 LAWHFS ""
5724.107 37.0 1.588 -1.14 "" ""
5724.11 21.0045 1.433 -1.86 LAWHFS ""
5724.11 21.0045 1.433 -2.0 LAWHFS ""
5724.113 21.0045 1.433 -2.01 LAWHFS ""
5724.116 21.0045 1.433 -2.06 LAWHFS ""
5724.116 21.0045 1.433 -2.72 LAWHFS ""
5724.119 21.0045 1.433 -1.82 LAWHFS ""
5724.12 21.0045 1.433 -3.96 LAWHFS ""
5724.122 21.0045 1.433 -1.79 LAWHFS ""
5724.122 21.0045 1.433 -2.31 LAWHFS ""
5724.125 21.0045 1.433 -1.86 LAWHFS ""
5724.126 21.0045 1.433 -2.06 LAWHFS ""
5724.13 23.0 3.085 -1.3 "" ""
5724.13 607.01314 2.596 -2.558 7.724 1911Pb0135
5724.163 607.01314 0.366 -4.561 7.724 0500Rd0405
5724.195 607.01214 1.238 -2.303 7.724 0903Pa0465
5724.25 29.0 5.344 -2.68 "" ""
5724.278 106.00112 1.612 -6.304 3.464 BX14R155
5724.295 24.0 4.407 -3.04 "" ""
5724.321 106.00113 1.364 -4.204 3.464 BX14R075
5724.328 106.00113 1.341 -4.302 3.464 BX14R065
5724.342 607.01314 1.91 -3.004 7.724 1508Rc0075
5724.349 25.1 6.128 -7.13 "" ""
5724.358 607.01314 1.91 -2.414 7.724 1508Qa0085
5724.361 607.01214 0.294 -2.966 7.724 0500Qb0345
5724.381 607.01214 1.286 -3.199 7.724 1105Rd0155
5724.406 607.01314 1.945 -2.341 7.724 1508Ra0155
5724.445 607.01214 0.294 -4.5 7.724 0500Pd0355
5724.454 26.0 4.281 -2.64 "" ""
5724.477 62.0 1.935 -0.12 "" ""
5724.497 106.00113 1.425 -4.4 3.464 BX03P165
5724.522 607.01214 1.985 -3.159 7.724 1508Pc0145
5724.54 607.01314 1.899 -3.036 7.724 1508Qc0035
5724.54 607.01314 1.899 -3.293 7.724 1508Pa0045
5724.542 26.0 5.082 -2.02 "" ""
5724.588 21.1 7.217 -3.75 "" ""
5724.589 106.00113 2.195 -7.505 3.464 AX36R175
5724.602 37.0 1.588 -2.11 "" ""
5724.61 607.01214 1.234 -3.478 7.724 1105Rd0025
5724.62 106.00113 1.425 -8.39 3.464 BX03Q165
5724.628 24.1 3.861 -4.94 "" ""
5724.654 607.01314 0.236 -3.261 7.724 0500Rb0315
5724.688 22.0 3.158 -3.01 "" ""
5724.702 607.01314 0.134 -4.329 7.724 0500Rc0235
5724.702 607.01314 1.933 -2.21 7.724 1508Qb0125
5724.728 607.01314 0.236 -4.155 7.724 0500Qd0325
5724.728 607.01314 1.933 -3.018 7.724 1508Pd0135
5724.731 64.0 1.466 -0.42 "" ""
5724.738 106.00113 1.364 -7.501 3.464 BX14Q085
5724.738 607.01214 1.379 -2.098 7.724 1004Rb0405
5724.758 607.01314 0.134 -3.116 7.724 0500Qa0245
5724.788 106.00113 1.425 -4.305 3.464 BX03P175
5724.807 106.00113 1.364 -4.11 3.464 BX14R085
5724.808 44.0 1.588 -2.16 "" ""
5724.809 106.00113 1.341 -7.46 3.464 BX14Q075
5724.83 607.01214 1.379 -3.169 7.724 1004Qd0415
5724.843 607.01314 1.046 -3.349 7.724 1004Pc0175
5724.854 106.00113 0.836 -6.989 3.464 AX02P095
5724.869 607.01214 1.655 -3.847 7.724 0903Rd0635
5724.871 106.00113 1.341 -4.202 3.464 BX14R075
5724.902 607.01314 2.571 -3.272 7.724 1911Pc0085
5724.986 607.01314 0.222 -3.253 7.724 0500Ra0315
5725.012 607.01314 1.092 -2.433 7.724 1004Pb0225
5725.012 90.1 0.868 -2.15 Nils02/11 ""
5725.049 26.0 5.082 -3.2 "" ""
5725.064 607.01214 0.256 -4.016 7.724 0601Rd0035
5725.145 607.01214 0.203 -4.186 7.724 0500Qc0285
5725.156 607.01214 0.324 -3.84 7.724 0601Rd0175
5725.169 607.01214 0.569 -4.663 7.724 0500Rd0495
5725.216 607.01214 0.203 -3.385 7.724 0500Pa0295
5725.216 607.01314 2.717 -3.198 7.724 1911Rd0285
5725.292 607.01214 1.151 -3.423 7.724 1004Pc0255
5725.349 607.01314 0.054 -4.433 7.724 0500Pc0145
5725.359 6.0 8.531 -3.08 "" ""
5725.388 90.0 1.215 -1.18 "" ""
5725.399 607.01214 2.668 -3.177 7.724 1911Pc0165
5725.402 23.0 3.296 -3.24 "" ""
5725.44 607.01214 2.691 -2.35 7.724 1911Pa0205
5725.447 607.01314 1.897 -3.987 7.724 1508Pc0025
5725.463 607.01214 0.401 -3.141 7.724 0500Ra0415
5725.572 607.01214 2.691 -2.824 7.724 1911Qc0195
5725.58 607.01214 1.202 -3.101 7.724 1004Qc0295
5725.592 607.01214 1.293 -3.202 7.724 1105Rd0165
5725.625 106.00112 1.647 -7.031 3.464 AX02P245
5725.639 23.0 2.364 -0.17 LAWNOHFS ""
5725.649 607.01214 1.202 -2.299 7.724 1004Pa0305
5725.651 41.0 2.234 -1.21 "" ""
5725.667 607.01214 2.739 -3.115 7.724 1911Pd0255
5725.696 106.00113 1.32 -4.41 3.464 BX14R055
5725.743 44.0 1.062 -3.05 "" ""
5725.811 607.01214 1.233 -3.604 7.724 1105Rd0015
5725.816 607.01214 1.494 -2.143 7.724 0903Rb0565
5725.817 607.01314 1.913 -2.993 7.724 1508Rc0085
5725.83 58.0 0.547 -0.14 "" ""
5725.836 607.01314 1.913 -2.357 7.724 1508Qa0095
5725.922 607.01214 2.121 -2.075 7.724 1508Rb0285
5725.925 24.0 2.965 -4.52 "" ""
5725.928 607.01314 1.918 -2.708 7.724 1508Pb0095
5725.933 106.00113 1.391 -4.111 3.464 BX14R085
5725.946 607.01214 1.494 -3.475 7.724 0903Qd0575
5725.963 26.1 3.425 -4.76 MELBAR ""
5725.98 607.01214 2.121 -2.854 7.724 1508Qd0295
5725.988 607.01214 2.739 -1.914 7.724 1911Qb0245
5726.021 24.0 2.913 -5.0 "" ""
5726.06 607.01314 1.901 -2.958 7.724 1508Qc0045
5726.06 607.01314 1.901 -3.142 7.724 1508Pa0055
5726.066 26.0 5.064 -2.0 "" ""
5726.107 22.0 3.168 -4.15 "" ""
5726.112 607.01214 1.595 -3.074 7.724 0600Qb0825
5726.133 58.0 0.515 -0.92 "" ""
5726.154 607.01214 2.729 -1.916 7.724 1911Qa0245
5726.155 607.01214 2.108 -2.066 7.724 1508Ra0285
5726.186 607.01314 0.085 -4.065 7.724 0500Qc0185
5726.207 607.01214 2.063 -1.892 7.724 1508Qb0235
5726.23 607.01314 0.085 -3.587 7.724 0500Pa0195
5726.238 26.0 4.962 -3.81 "" ""
5726.238 607.01214 0.254 -4.098 7.724 0601Rd0025
5726.256 607.01214 2.063 -3.086 7.724 1508Pd0245
5726.262 106.00113 1.32 -7.4 3.464 BX14Q065
5726.27 607.01214 2.024 -2.319 7.724 1508Pb0195
5726.286 24.0 3.11 -5.75 "" ""
5726.288 26.0 4.909 -3.67 "" ""
5726.3 106.00113 1.391 -7.526 3.464 BX14Q095
5726.309 607.01214 1.595 -5.298 7.724 0600Pd0835
5726.317 106.00113 1.32 -4.3 3.464 BX14R065
5726.365 607.01214 1.276 -3.367 7.724 1004Rc0345
5726.376 106.00113 1.391 -4.021 3.464 BX14R095
5726.381 607.01314 2.585 -2.799 7.724 1911Qc0115
5726.399 607.01214 0.332 -3.846 7.724 0601Rd0185
5726.404 607.01314 2.585 -2.642 7.724 1911Pa0125
5726.43 607.01214 2.729 -3.087 7.724 1911Rc0235
5726.433 607.01314 1.951 -2.312 7.724 1508Ra0165
5726.433 607.01314 2.622 -2.084 7.724 1911Qb0175
5726.444 607.01214 1.276 -1.888 7.724 1004Qa0355
5726.456 607.01314 2.622 -3.045 7.724 1911Pd0185
5726.467 607.01214 0.217 -3.377 7.724 0500Pb0295
5726.47 607.01314 1.082 -3.004 7.724 1004Qc0215
5726.513 29.0 5.344 -2.44 "" ""
5726.519 607.01314 1.082 -2.446 7.724 1004Pa0225
5726.543 26.0 2.843 -6.04 "" ""
5726.686 607.01314 1.974 -2.278 7.724 1508Rb0185
5726.706 607.01314 2.646 -2.24 7.724 1911Ra0215
5726.726 607.01314 1.974 -2.761 7.724 1508Qd0195
5726.796 607.01214 1.243 -5.354 7.724 0600Pc0725
5726.83 60.1 1.043 -0.81 LAWLER ""
5726.861 23.0 2.576 -7.81 "" ""
5726.899 607.01314 2.04 -3.163 7.724 1508Rd0265
5726.915 607.01314 1.148 -1.999 7.724 1004Qb0275
5726.975 68.0 0.0 -1.93 "" ""
5726.977 607.01314 1.148 -3.311 7.724 1004Pd0285
5726.985 607.01214 1.301 -3.207 7.724 1105Rd0175
5727.008 23.0051 1.08 -0.693 LAWLER ""
5727.016 23.0051 1.08 -1.701 LAWLER ""
5727.022 23.0051 1.08 -3.003 LAWLER ""
5727.028 23.0051 1.08 -0.798 LAWLER ""
5727.03 607.01314 2.608 -3.021 7.724 1911Rc0155
5727.035 23.0051 1.08 -1.49 LAWLER ""
5727.04 23.0051 1.08 -2.605 LAWLER ""
5727.045 23.0051 1.08 -0.914 LAWLER ""
5727.051 23.0051 1.08 -1.417 LAWLER ""
5727.056 23.0051 1.08 -2.4 LAWLER ""
5727.057 607.01314 2.608 -2.114 7.724 1911Qa0165
5727.06 23.0051 1.08 -1.043 LAWLER ""
5727.065 23.0051 1.08 -1.411 LAWLER ""
5727.069 23.0051 1.08 -2.303 LAWLER ""
5727.072 23.0051 1.08 -1.189 LAWLER ""
5727.075 23.0051 1.08 -1.458 LAWLER ""
5727.078 23.0051 1.08 -2.303 LAWLER ""
5727.081 23.0051 1.08 -1.359 LAWLER ""
5727.084 23.0051 1.08 -1.563 LAWLER ""
5727.086 23.0051 1.08 -2.458 LAWLER ""
5727.087 23.0051 1.08 -1.563 LAWLER ""
5727.089 23.0051 1.08 -1.759 LAWLER ""
5727.091 23.0051 1.08 -1.826 LAWLER ""
5727.154 607.01314 1.136 -3.272 7.724 1004Rc0265
5727.17 607.01214 0.152 -4.516 7.724 0500Pc0245
5727.177 607.01214 1.233 -3.832 7.724 1105Rd0005
5727.185 106.00113 2.196 -7.456 3.464 AX36R175
5727.211 106.00113 1.261 -6.134 3.464 BX14R015
5727.214 607.01314 1.136 -2.0 7.724 1004Qa0275
5727.25 58.1 2.177 -0.53 "" ""
5727.281 45.0 1.832 -2.43 "" ""
5727.281 57.1 0.65 -2.12 "" ""
5727.332 607.01214 2.052 -3.052 7.724 1508Rc0225
5727.379 607.01214 2.052 -1.893 7.724 1508Qa0235
5727.413 607.01214 1.216 -2.291 7.724 1004Pb0305
5727.457 607.01214 2.785 -2.098 7.724 1911Ra0295
5727.502 607.01314 1.918 -2.986 7.724 1508Rc0095
5727.522 607.01314 1.918 -2.304 7.724 1508Qa0105
5727.526 607.01214 1.158 -3.759 7.724 0903Pc0415
5727.562 607.01214 0.254 -4.223 7.724 0601Rd0015
5727.586 607.01314 1.938 -2.171 7.724 1508Qb0135
5727.6 106.00113 1.643 -7.1 3.464 AX02P245
5727.6 607.01314 0.157 -3.095 7.724 0500Qb0255
5727.614 607.01314 1.938 -3.016 7.724 1508Pd0145
5727.619 23.0051 1.05 -1.456 LAWLER ""
5727.619 23.0051 1.05 -1.867 LAWLER ""
5727.638 607.01314 1.899 -3.682 7.724 1508Pc0035
5727.653 23.0051 1.05 -1.753 LAWLER ""
5727.653 23.0051 1.05 -2.072 LAWLER ""
5727.654 23.0051 1.05 -1.867 LAWLER ""
5727.661 607.01314 0.157 -4.378 7.724 0500Pd0265
5727.662 23.0 1.892 -4.07 "" ""
5727.681 23.0051 1.05 -1.753 LAWLER ""
5727.681 23.0051 1.05 -1.878 LAWLER ""
5727.681 23.0051 1.05 -9.85 LAWLER ""
5727.701 23.0051 1.05 -2.054 LAWLER ""
5727.702 23.0051 1.05 -1.878 LAWLER ""
5727.71 26.0 4.603 -4.04 "" ""
5727.744 25.0 5.083 -4.23 "" ""
5727.748 607.01214 2.797 -2.885 7.724 1911Qd0305
5727.793 607.01314 1.903 -2.903 7.724 1508Qc0055
5727.801 607.01314 1.903 -3.023 7.724 1508Pa0065
5727.813 607.01214 0.341 -3.852 7.724 0601Rd0195
5727.819 20.0 5.574 -4.04 "" ""
5727.966 607.01314 2.664 -2.231 7.724 1911Rb0225
5727.99 607.01214 1.595 -5.2 7.724 0600Rc0825
5728.006 607.01314 2.664 -2.826 7.724 1911Qd0235
5728.049 24.1 3.754 -6.95 "" ""
5728.056 607.01314 0.104 -3.543 7.724 0500Pb0205
5728.135 607.01214 1.235 -3.238 7.724 1105Rb0025
5728.142 607.01214 1.235 -3.07 7.724 1105Qd0035
5728.16 607.01214 1.234 -3.411 7.724 1105Rb0015
5728.166 607.01214 1.234 -3.159 7.724 1105Qd0025
5728.179 22.0 2.091 -5.57 "" ""
5728.182 607.01214 0.421 -3.145 7.724 0500Rb0415
5728.187 607.01214 1.595 -3.066 7.724 0600Qa0835
5728.218 106.00113 1.302 -4.534 3.464 BX14R045
5728.249 607.01314 2.602 -2.519 7.724 1911Pb0145
5728.258 607.01314 1.877 -3.257 7.724 1407Pc0305
5728.274 607.01214 1.237 -3.108 7.724 1105Rb0035
5728.283 607.01214 0.421 -4.273 7.724 0500Qd0425
5728.284 607.01214 1.237 -3.006 7.724 1105Qd0045
5728.297 22.0 3.137 -1.96 "" ""
5728.349 607.01214 1.233 -3.687 7.724 1105Rb0005
5728.352 607.01214 1.233 -3.289 7.724 1105Qd0015
5728.354 21.0 3.099 -1.96 "" ""
5728.359 607.01214 2.798 -2.107 7.724 1911Rb0295
5728.415 607.01314 2.575 -3.24 7.724 1911Pc0095
5728.494 607.01214 2.015 -2.795 7.724 1508Qc0185
5728.532 607.01214 0.294 -4.461 7.724 0500Rc0345
5728.533 607.01214 2.015 -2.337 7.724 1508Pa0195
5728.561 607.01214 1.309 -3.212 7.724 1105Rd0185
5728.578 607.01214 1.239 -3.003 7.724 1105Rb0045
5728.584 27.0 3.629 -4.13 "" ""
5728.59 607.01214 1.239 -2.959 7.724 1105Qd0055
5728.597 607.01214 1.379 -2.082 7.724 1004Ra0415
5728.617 607.01214 0.294 -2.953 7.724 0500Qa0355
5728.624 607.01214 1.414 -3.46 7.724 0600Pb0775
5728.668 607.01314 1.958 -2.285 7.724 1508Ra0175
5728.702 607.01214 1.233 -3.455 7.724 1105Qd0005
5728.745 26.1 3.195 -9.81 "" ""
5728.756 42.0 3.196 -1.38 "" ""
5728.771 607.01214 1.494 -2.131 7.724 0903Ra0575
5728.832 607.01314 0.146 -4.337 7.724 0500Rc0245
5728.89 39.1 1.839 -1.15 Biemont11 ""
5728.89 607.01314 0.146 -3.096 7.724 0500Qa0255
5728.898 106.00113 1.303 -7.317 3.464 BX14Q055
5728.946 106.00113 1.303 -4.408 3.464 BX14R055
5729.013 607.01214 1.292 -1.887 7.724 1004Qb0355
5729.035 607.01214 0.253 -4.449 7.724 0601Rd0005
5729.05 607.01214 1.242 -2.915 7.724 1105Rb0055
5729.064 607.01214 1.242 -2.923 7.724 1105Qd0065
5729.095 607.01214 1.292 -3.412 7.724 1004Pd0365
5729.156 607.01314 0.385 -4.568 7.724 0500Rd0415
5729.185 41.0 0.197 -1.53 "" ""
5729.198 106.00112 0.838 -6.958 3.464 AX02P095
5729.204 607.01314 1.922 -2.653 7.724 1508Pb0105
5729.206 24.0 3.842 -1.06 "" ""
5729.251 39.0 2.002 -1.18 "" ""
5729.272 60.0 0.293 -0.18 "" ""
5729.294 607.01314 0.251 -3.246 7.724 0500Rb0325
5729.313 62.0 1.413 -0.57 "" ""
5729.319 28.0 5.0 -2.8 "" ""
5729.339 58.0 0.646 -1.07 "" ""
5729.342 607.01314 0.236 -3.239 7.724 0500Ra0325
5729.37 607.01314 0.251 -4.163 7.724 0500Qd0335
5729.371 106.00113 1.57 -7.032 3.464 AX02P235
5729.396 607.01314 1.922 -2.981 7.724 1508Rc0105
5729.399 607.01214 0.35 -3.859 7.724 0601Rd0205
5729.41 112.00124 0.745 -4.061 1.340 13R119b24
5729.418 607.01314 1.922 -2.257 7.724 1508Qa0115
5729.424 58.0 1.054 -0.77 "" ""
5729.438 25.0 4.675 -2.99 "" ""
5729.445 42.0 2.494 -2.24 "" ""
5729.459 607.01214 1.992 -3.156 7.724 1508Pc0155
5729.488 106.00113 1.42 -4.022 3.464 BX14R095
5729.539 607.01314 2.728 -3.206 7.724 1911Rd0295
5729.572 42.0 3.731 -0.98 "" ""
5729.631 25.0 3.376 -3.8 "" ""
5729.66 22.0 3.184 -1.81 "" ""
5729.676 106.00113 2.402 -4.828 3.464 AX03Q325
5729.684 106.00113 2.402 -8.149 3.464 AX03R315
5729.689 607.01214 1.245 -2.838 7.724 1105Rb0065
5729.703 607.01314 2.59 -2.792 7.724 1911Qc0125
5729.705 607.01214 1.245 -2.897 7.724 1105Qd0075
5729.736 27.0 5.107 -4.27 "" ""
5729.738 607.01314 1.906 -2.862 7.724 1508Qc0065
5729.739 607.01314 2.59 -2.595 7.724 1911Pa0135
5729.751 607.01314 1.906 -2.925 7.724 1508Pa0075
5729.759 607.01314 1.982 -2.253 7.724 1508Rb0195
5729.781 607.01214 2.709 -2.309 7.724 1911Pb0215
5729.792 26.1 6.802 -3.53 "" ""
5729.799 607.01314 1.982 -2.766 7.724 1508Qd0205
5729.812 106.00113 1.42 -7.537 3.464 BX14Q105
5729.87 42.0 2.913 -1.66 "" ""
5729.889 607.01214 1.233 -3.455 7.724 1105Qb0005
5729.892 607.01214 1.233 -3.756 7.724 1105Pd0015
5729.896 106.00113 1.42 -3.934 3.464 BX14R105
5729.896 607.01314 0.061 -4.432 7.724 0500Pc0155
5729.911 607.01214 0.256 -3.848 7.724 0601Rb0025
5729.917 23.0 1.798 -3.51 "" ""
5729.919 607.01214 0.256 -3.689 7.724 0601Qd0035
5729.946 20.0 5.449 -4.38 "" ""
5729.962 607.01214 0.258 -3.718 7.724 0601Rb0035
5729.967 106.00113 2.402 -7.286 3.464 AX03P325
5729.973 607.01214 0.258 -3.626 7.724 0601Qd0045
5729.976 106.00113 2.402 -4.816 3.464 AX03Q315
5730.01 607.01214 0.254 -4.023 7.724 0601Rb0015
5730.016 607.01214 0.254 -3.777 7.724 0601Qd0025
5730.034 607.01314 1.055 -3.351 7.724 1004Pc0185
5730.047 607.01314 1.901 -3.517 7.724 1508Pc0045
5730.137 62.0 1.413 -0.72 "" ""
5730.164 607.01214 0.26 -3.613 7.724 0601Rb0045
5730.177 607.01214 0.26 -3.58 7.724 0601Qd0055
5730.23 106.00112 2.204 -7.504 3.464 AX36R175
5730.236 607.01314 2.655 -2.22 7.724 1911Ra0225
5730.258 607.01214 0.253 -4.299 7.724 0601Rb0005
5730.262 607.01214 0.254 -3.905 7.724 0601Qd0015
5730.321 607.01214 1.317 -3.218 7.724 1105Rd0195
5730.346 106.00113 2.552 -6.004 3.464 AX46P235
5730.369 607.01314 2.615 -3.026 7.724 1911Rc0165
5730.386 607.01314 2.052 -3.171 7.724 1508Rd0275
5730.397 607.01314 2.615 -2.084 7.724 1911Qa0175
5730.401 607.01314 1.102 -2.41 7.724 1004Pb0235
5730.446 607.01214 1.259 -2.3 7.724 0903Pb0465
5730.45 607.01314 0.094 -4.071 7.724 0500Qc0195
5730.457 607.01314 2.63 -2.055 7.724 1911Qb0185
5730.469 27.0 3.565 -2.9 "" ""
5730.474 22.0 2.736 -3.47 "" ""
5730.481 106.00112 0.839 -6.988 3.464 AX02P095
5730.489 607.01314 2.63 -3.049 7.724 1911Pd0195
5730.497 607.01314 0.094 -3.559 7.724 0500Pa0205
5730.498 607.01214 1.249 -2.772 7.724 1105Rb0075
5730.517 607.01214 1.249 -2.877 7.724 1105Qd0085
5730.519 607.01214 0.263 -3.524 7.724 0601Rb0055
5730.534 607.01214 0.263 -3.546 7.724 0601Qd0065
5730.631 22.0 2.504 -3.58 "" ""
5730.634 22.0 3.176 -2.01 "" ""
5730.644 112.00124 1.45 -1.413 1.340 02P243b24
5730.65 607.01314 1.945 -2.134 7.724 1508Qb0145
5730.656 607.01214 0.253 -4.069 7.724 0601Qd0005
5730.681 607.01314 1.945 -3.015 7.724 1508Pd0155
5730.711 607.01214 2.7 -2.323 7.724 1911Pa0215
5730.726 607.01214 1.234 -3.216 7.724 1105Qb0015
5730.731 607.01214 1.234 -3.527 7.724 1105Pd0025
5730.739 607.01214 1.371 -1.919 7.724 0903Qb0515
5730.746 106.00113 1.838 -7.18 3.464 BX03P245
5730.748 106.00113 1.652 -6.288 3.464 BX14R165
5730.756 24.0 5.6 -1.18 "" ""
5730.794 607.01214 0.311 -2.952 7.724 0500Qb0355
5730.833 63.0 1.667 -0.54 "" ""
5730.854 26.0 4.909 -1.81 "" ""
5730.859 607.01214 1.371 -3.739 7.724 0903Pd0525
5730.859 607.01214 1.414 -5.003 7.724 0600Qc0775
5730.874 607.01214 2.7 -2.83 7.724 1911Qc0205
5730.881 607.01214 0.311 -4.508 7.724 0500Pd0365
5730.897 106.00112 2.339 -5.119 3.464 AX25R245
5730.902 112.00124 1.45 -4.415 1.340 02Q243b24
5730.909 112.00124 1.099 -1.053 1.340 13Q231b24
5730.917 607.01214 2.675 -3.177 7.724 1911Pc0175
5730.981 106.00112 2.339 -5.012 3.464 AX25R235
5731.027 607.01214 0.266 -3.448 7.724 0601Rb0065
5731.037 106.00112 2.586 -5.613 3.464 AX51P385
5731.045 607.01214 0.266 -3.521 7.724 0601Qd0075
5731.045 607.01214 1.414 -3.454 7.724 0600Pa0785
5731.046 607.01214 2.121 -2.05 7.724 1508Ra0295
5731.063 106.00112 2.339 -6.891 3.464 AX25Q245
5731.086 112.00124 1.099 -4.976 1.340 13P131b24
5731.099 112.00124 1.45 -1.402 1.340 02P143b24
5731.101 607.01314 1.966 -2.26 7.724 1508Ra0185
5731.118 22.0 2.229 -2.04 LAWLER ""
5731.123 24.0 3.373 -4.12 "" ""
5731.147 607.01214 2.134 -2.059 7.724 1508Rb0295
5731.152 112.00124 1.099 -4.976 1.340 13R231b24
5731.159 607.01214 0.36 -3.866 7.724 0601Rd0215
5731.177 23.0051 1.063 -1.37 LAWLER ""
5731.207 607.01214 2.134 -2.862 7.724 1508Qd0305
5731.21 23.0051 1.063 -2.21 LAWLER ""
5731.22 23.0051 1.063 -1.511 LAWLER ""
5731.224 106.00113 0.87 -6.972 3.464 AX02P105
5731.232 607.01214 2.75 -3.123 7.724 1911Pd0265
5731.239 23.0051 1.063 -3.325 LAWLER ""
5731.248 23.0051 1.063 -2.014 LAWLER ""
5731.256 23.0051 1.063 -1.675 LAWLER ""
5731.272 23.0051 1.063 -2.914 LAWLER ""
5731.28 23.0051 1.063 -1.96 LAWLER ""
5731.286 23.0051 1.063 -1.873 LAWLER ""
5731.299 23.0051 1.063 -2.692 LAWLER ""
5731.305 23.0051 1.063 -1.982 LAWLER ""
5731.31 23.0051 1.063 -2.128 LAWLER ""
5731.319 23.0051 1.063 -2.567 LAWLER ""
5731.324 23.0051 1.063 -2.073 LAWLER ""
5731.327 23.0051 1.063 -2.516 LAWLER ""
5731.328 112.00124 1.099 -1.039 1.340 13Q131b24
5731.333 23.0051 1.063 -2.516 LAWLER ""
5731.336 23.0051 1.063 -2.261 LAWLER ""
5731.341 23.0051 1.063 -2.546 LAWLER ""
5731.354 607.01214 2.739 -1.897 7.724 1911Qa0255
5731.362 607.01214 2.073 -1.871 7.724 1508Qb0245
5731.413 607.01214 2.073 -3.094 7.724 1508Pd0255
5731.434 14.0 5.609 -2.95 "" ""
5731.447 607.01214 0.217 -4.195 7.724 0500Qc0295
5731.456 106.00113 1.834 -2.146 3.464 BX13R235
5731.469 607.01314 1.092 -3.011 7.724 1004Qc0225
5731.478 607.01214 1.253 -2.712 7.724 1105Rb0085
5731.498 607.01314 1.927 -2.979 7.724 1508Rc0115
5731.499 607.01214 1.253 -2.863 7.724 1105Qd0095
5731.513 25.0 5.697 -2.37 "" ""
5731.52 607.01214 0.217 -3.368 7.724 0500Pa0305
5731.52 607.01314 1.092 -2.423 7.724 1004Pa0235
5731.522 607.01314 1.927 -2.213 7.724 1508Qa0125
5731.529 106.00113 1.834 -6.639 3.464 BX13Q245
5731.587 607.01214 2.033 -2.293 7.724 1508Pb0205
5731.603 607.01214 2.75 -1.895 7.724 1911Qb0255
5731.638 106.00112 1.65 -7.099 3.464 AX02P245
5731.668 23.0 3.111 -0.68 "" ""
5731.676 607.01214 2.739 -3.095 7.724 1911Rc0245
5731.692 607.01214 0.27 -3.38 7.724 0601Rb0075
5731.693 22.0 2.238 -3.82 "" ""
5731.712 607.01214 0.27 -3.503 7.724 0601Qd0085
5731.715 106.00113 1.834 -1.739 3.464 BX13R245
5731.72 106.00113 1.288 -4.683 3.464 BX14R035
5731.726 607.01214 1.235 -3.031 7.724 1105Qb0025
5731.733 607.01214 1.235 -3.399 7.724 1105Pd0035
5731.762 26.0 4.253 -1.3 "" ""
5731.781 607.01214 1.397 -2.087 7.724 1004Rb0415
5731.809 106.00112 1.716 -2.685 3.464 BX13R215
5731.849 106.00112 1.368 -4.203 3.464 BX14R075
5731.865 607.01214 0.421 -3.129 7.724 0500Ra0425
5731.869 106.00113 1.136 -7.42 3.464 BX03P095
5731.871 106.00112 1.344 -4.301 3.464 BX14R065
5731.876 607.01214 1.397 -3.175 7.724 1004Qd0425
5731.887 607.01214 0.253 -4.07 7.724 0601Qb0005
5731.891 607.01214 0.254 -4.371 7.724 0601Pd0015
5731.9 607.01314 1.91 -2.831 7.724 1508Qc0075
5731.902 112.00124 1.156 -1.393 1.340 02Q236b24
5731.915 607.01314 1.91 -2.842 7.724 1508Pa0085
5731.937 106.00112 1.716 -7.023 3.464 BX13Q225
5731.972 24.0 3.077 -8.51 "" ""
5732.051 607.01214 0.592 -4.668 7.724 0500Rd0505
5732.09 39.0 2.083 -0.66 "" ""
5732.096 607.01214 2.063 -3.06 7.724 1508Rc0235
5732.103 106.00112 1.716 -2.393 3.464 BX13R225
5732.103 112.00124 1.156 -5.535 1.340 02P136b24
5732.115 24.0 3.977 -3.81 "" ""
5732.121 607.01314 1.148 -3.28 7.724 1004Rc0275
5732.124 112.00124 1.156 -5.535 1.340 02R236b24
5732.126 607.01314 2.674 -2.21 7.724 1911Rb0235
5732.144 607.01214 2.063 -1.873 7.724 1508Qa0245
5732.153 607.01314 2.58 -3.216 7.724 1911Pc0105
5732.167 607.01314 2.674 -2.835 7.724 1911Qd0245
5732.183 607.01314 1.148 -1.982 7.724 1004Qa0285
5732.216 607.01314 1.16 -1.981 7.724 1004Qb0285
5732.249 607.01314 0.169 -3.076 7.724 0500Qb0265
5732.253 607.01214 1.234 -3.756 7.724 1105Pb0015
5732.265 607.01214 1.326 -3.225 7.724 1105Rd0205
5732.277 106.00112 1.368 -7.5 3.464 BX14Q085
5732.28 607.01314 1.16 -3.32 7.724 1004Pd0295
5732.296 26.0 4.987 -1.56 "" ""
5732.298 607.01214 1.163 -3.43 7.724 1004Pc0265
5732.312 607.01314 0.169 -4.386 7.724 0500Pd0275
5732.323 29.0 5.57 -1.79 "" ""
5732.326 112.00124 1.156 -1.381 1.340 02Q136b24
5732.344 106.00112 1.368 -4.109 3.464 BX14R085
5732.353 106.00113 1.839 -3.082 3.464 BX03Q235
5732.362 106.00112 1.345 -7.459 3.464 BX14Q075
5732.381 607.01214 1.216 -3.109 7.724 1004Qc0305
5732.423 106.00112 1.345 -4.201 3.464 BX14R075
5732.452 607.01214 1.216 -2.282 7.724 1004Pa0315
5732.514 607.01214 0.274 -3.321 7.724 0601Rb0085
5732.537 607.01214 0.274 -3.49 7.724 0601Qd0095
5732.569 106.00113 1.288 -7.202 3.464 BX14Q045
5732.57 607.01314 2.608 -2.482 7.724 1911Pb0155
5732.609 106.00113 1.288 -4.531 3.464 BX14R045
5732.626 106.00112 2.45 -11.347 3.464 AX50P395
5732.631 607.01214 1.257 -2.658 7.724 1105Rb0095
5732.654 607.01214 1.257 -2.853 7.724 1105Qd0105
5732.662 607.01314 1.927 -2.603 7.724 1508Pb0115
5732.672 607.01314 1.903 -3.41 7.724 1508Pc0055
5732.724 26.1 3.387 -4.6 MELBAR ""
5732.725 607.01214 0.254 -3.83 7.724 0601Qb0015
5732.73 607.01214 0.254 -4.143 7.724 0601Pd0025
5732.731 106.00113 0.871 -7.005 3.464 AX02P105
5732.747 106.00113 2.333 -5.119 3.464 AX25R245
5732.824 106.00113 1.838 -2.937 3.464 BX03Q245
5732.826 26.0 4.545 -4.38 "" ""
5732.832 106.00112 2.205 -7.455 3.464 AX36R175
5732.863 26.0 4.1 -3.04 "" ""
5732.889 607.01214 1.237 -2.89 7.724 1105Qb0035
5732.899 607.01214 1.237 -3.314 7.724 1105Pd0045
5732.915 607.01314 0.113 -3.518 7.724 0500Pb0215
5732.917 23.0 3.281 -4.08 "" ""
5732.937 62.0 0.498 -0.86 "" ""
5732.975 90.1 2.196 -1.07 "" ""
5732.98 106.00113 2.333 -5.012 3.464 AX25R235
5733.015 20.0 4.765 -0.96 "" ""
5733.021 607.01314 1.991 -2.228 7.724 1508Rb0205
5733.035 106.00113 2.333 -6.89 3.464 AX25Q245
5733.062 607.01314 1.991 -2.772 7.724 1508Qd0215
5733.075 23.0 2.357 -0.7 "" ""
5733.088 607.01214 0.232 -3.361 7.724 0500Pb0305
5733.093 607.01214 0.37 -3.874 7.724 0601Rd0225
5733.136 607.01214 1.292 -3.375 7.724 1004Rc0355
5733.141 14.0 7.709 -4.95 "" ""
5733.141 607.01314 0.157 -4.345 7.724 0500Rc0255
5733.202 607.01314 0.157 -3.077 7.724 0500Qa0265
5733.218 607.01214 1.292 -1.875 7.724 1004Qa0365
5733.237 92.1 1.026 -1.59 Nils02/17 ""
5733.245 607.01314 2.596 -2.787 7.724 1911Qc0135
5733.253 106.00112 1.324 -4.409 3.464 BX14R055
5733.255 22.0 3.177 -3.66 "" ""
5733.269 607.01314 2.596 -2.552 7.724 1911Pa0145
5733.292 22.0 2.316 -7.8 "" ""
5733.308 27.0 3.626 -2.45 "" ""
5733.348 24.0 5.603 -1.01 "" ""
5733.363 607.01214 2.024 -2.8 7.724 1508Qc0195
5733.403 607.01214 2.024 -2.309 7.724 1508Pa0205
5733.404 23.0 3.064 -0.16 "" ""
5733.459 106.00112 1.395 -4.11 3.464 BX14R085
5733.495 607.01214 0.279 -3.267 7.724 0601Rb0095
5733.52 607.01214 0.279 -3.481 7.724 0601Qd0105
5733.532 106.00112 1.576 -7.032 3.464 AX02P235
5733.568 25.1 6.128 -5.55 "" ""
5733.676 26.0 4.183 -3.23 "" ""
5733.693 58.1 1.543 -1.2 LAWLER ""
5733.71 607.01214 0.256 -3.644 7.724 0601Qb0025
5733.715 607.01214 1.371 -3.688 7.724 0903Rc0515
5733.718 607.01214 0.256 -4.016 7.724 0601Pd0035
5733.746 607.01314 1.974 -2.236 7.724 1508Ra0195
5733.79 607.01214 0.164 -4.524 7.724 0500Pc0255
5733.8 106.00112 1.431 -4.398 3.464 BX03P165
5733.808 607.01314 1.933 -2.979 7.724 1508Rc0125
5733.815 69.1 4.111 0.14 "" ""
5733.828 106.00112 1.324 -7.399 3.464 BX14Q065
5733.833 607.01314 1.933 -2.173 7.724 1508Qa0135
5733.834 607.01214 1.371 -1.91 7.724 0903Qa0525
5733.835 106.00112 1.395 -7.525 3.464 BX14Q095
5733.847 23.0 2.721 -1.06 "" ""
5733.85 64.1 1.371 -0.65 LAWLER ""
5733.878 607.01314 0.251 -3.224 7.724 0500Ra0335
5733.882 106.00112 1.324 -4.299 3.464 BX14R065
