wavelength species excitation loggf disassociation_energy comment
4230.75 22.0 2.173 -3.92 "" ""
4230.936 57.1 1.954 -0.17 "" ""
4230.941 29.0 5.391 -1.57 "" ""
4231.0 106.00112 0.314 -1.415 3.464 AX00R125
4231.027 28.0 3.539 -1.42 "" ""
4231.035 106.00112 0.315 -1.387 3.464 AX00R135
4231.042 106.00112 1.654 -8.464 3.464 CX03P205
4231.086 106.00112 0.315 -3.35 3.464 AX00Q135
4231.086 106.00112 1.848 -4.532 3.464 AX33R245
4231.096 22.0 2.238 -4.68 "" ""
4231.105 22.0 2.66 -4.32 "" ""
4231.108 26.0 3.015 -5.96 "" ""
4231.111 25.1 5.468 -6.28 "" ""
4231.127 106.00113 0.684 -4.799 3.464 BX11P135
4231.177 21.0 2.301 -2.92 "" ""
4231.179 23.1 1.702 -2.8 "" ""
4231.3 39.0 1.304 -1.92 "" ""
4231.327 58.1 0.892 -1.96 LAWLER ""
4231.352 24.0 4.614 -1.45 "" ""
4231.366 106.00113 1.168 -8.509 3.464 CX03P105
4231.388 22.0 1.738 -4.5 "" ""
4231.398 106.00113 0.313 -1.415 3.464 AX00R125
4231.433 106.00113 0.313 -1.386 3.464 AX00R135
4231.481 106.00113 0.313 -3.35 3.464 AX00Q135
4231.502 26.0 3.249 -5.11 "" ""
4231.56 60.1 0.32 -2.06 LAWLER ""
4231.576 607.01214 3.167 -1.636 7.724 1213Rb0245
4231.592 106.00112 0.686 -1.43 3.464 AX11R135
4231.597 26.0 2.607 -4.96 "" ""
4231.612 21.0045 1.996 -1.43 LAWHFS ""
4231.621 21.0045 1.996 -1.84 LAWHFS ""
4231.623 21.0045 1.996 -1.84 LAWHFS ""
4231.629 40.1 1.756 -0.79 Ljung06 ""
4231.632 21.0045 1.996 -2.04 LAWHFS ""
4231.639 21.0045 1.996 -1.72 LAWHFS ""
4231.639 24.0 4.443 -2.62 "" ""
4231.641 106.00113 0.782 -2.025 3.464 BX11P155
4231.641 21.0045 1.996 -1.72 LAWHFS ""
4231.648 21.0045 1.996 -9.0 LAWHFS ""
4231.651 24.0 3.077 -2.6 "" ""
4231.653 21.0045 1.996 -1.85 LAWHFS ""
4231.655 21.0045 1.996 -1.85 LAWHFS ""
4231.657 607.01214 3.167 -4.738 7.724 1213Qd0255
4231.66 21.0045 1.996 -2.02 LAWHFS ""
4231.668 40.1 1.755 -1.02 "" ""
4231.668 92.0 0.947 0.18 "" ""
4231.68 106.00112 0.686 -1.403 3.464 AX11R145
4231.702 106.00113 0.782 -6.957 3.464 BX11Q155
4231.735 106.00112 0.686 -3.427 3.464 AX11Q145
4231.746 58.1 1.243 0.22 "" ""
4231.752 607.01214 3.157 -1.647 7.724 1213Rb0235
4231.817 26.0 4.412 -2.57 "" ""
4231.818 106.00113 0.782 -2.093 3.464 BX11P165
4231.83 607.01214 3.157 -4.715 7.724 1213Qd0245
4231.914 106.00113 0.683 -1.43 3.464 AX11R135
4231.924 21.0 2.507 0.12 "" ""
4231.949 41.0 0.049 -1.28 "" ""
4231.95 26.0 4.431 -2.98 "" ""
4231.954 607.01214 3.147 -1.658 7.724 1213Rb0225
4231.965 70.0 2.229 -0.52 "" ""
4231.967 106.00113 1.932 -6.222 3.464 AX21P315
4231.967 26.0 4.577 -1.78 "" ""
4232.001 106.00113 0.683 -1.403 3.464 AX11R145
4232.023 66.0 1.141 0.71 "" ""
4232.029 607.01214 3.147 -4.692 7.724 1213Qd0235
4232.043 106.00113 1.646 -5.614 3.464 AX43P205
4232.043 92.1 0.036 -2.11 "" ""
4232.044 23.1 3.97 -0.59 "" ""
4232.053 58.1 0.957 -0.66 "" ""
4232.054 106.00113 0.683 -3.426 3.464 AX11Q145
4232.064 25.0 4.329 -3.88 "" ""
4232.075 23.1 6.529 -4.34 "" ""
4232.096 607.01214 3.157 -1.636 7.724 1213Ra0245
4232.101 106.00112 1.846 -4.486 3.464 AX43Q235
4232.135 24.0 4.204 -2.88 "" ""
4232.136 22.0 3.11 -3.07 "" ""
4232.168 106.00112 1.846 -2.334 3.464 AX43P245
4232.183 607.01214 3.138 -1.67 7.724 1213Rb0215
4232.19 65.1 0.891 -0.4 LAWNOHFS ""
4232.206 106.00112 1.846 -2.415 3.464 AX43P235
4232.244 24.0 4.204 -0.5 "" ""
4232.248 106.00112 0.074 -3.872 3.464 AX00R065
4232.251 26.0 4.217 -2.11 "" ""
4232.253 22.0 3.11 -2.81 "" ""
4232.254 607.01214 3.138 -4.668 7.724 1213Qd0225
4232.269 607.01214 3.147 -1.647 7.724 1213Ra0235
4232.326 44.0 1.087 -1.41 "" ""
4232.338 24.0 4.398 -3.86 "" ""
4232.341 60.1143 0.064 -3.774 Lawler ""
4232.348 60.1143 0.064 -2.321 Lawler ""
4232.351 60.1143 0.064 -3.385 Lawler ""
4232.356 60.1143 0.064 -1.174 Lawler ""
4232.357 60.1143 0.064 -2.103 Lawler ""
4232.357 60.1145 0.064 -3.774 Lawler ""
4232.359 60.1143 0.064 -3.193 Lawler ""
4232.361 22.0 2.304 -0.73 "" ""
4232.361 60.1145 0.064 -2.321 Lawler ""
4232.363 60.1145 0.064 -3.385 Lawler ""
4232.364 60.1143 0.064 -1.258 Lawler ""
4232.364 60.1143 0.064 -2.021 Lawler ""
4232.366 60.1145 0.064 -1.174 Lawler ""
4232.367 23.1 3.755 -2.27 "" ""
4232.367 60.1143 0.064 -3.113 Lawler ""
4232.367 60.1145 0.064 -2.103 Lawler ""
4232.368 60.1142 0.064 -0.47 Lawler ""
4232.368 60.1145 0.064 -3.193 Lawler ""
4232.371 60.1143 0.064 -1.348 Lawler ""
4232.371 60.1143 0.064 -2.005 Lawler ""
4232.371 60.1145 0.064 -1.258 Lawler ""
4232.372 60.1145 0.064 -2.021 Lawler ""
4232.373 60.1143 0.064 -3.141 Lawler ""
4232.373 60.1144 0.064 -0.47 Lawler ""
4232.373 60.1145 0.064 -3.113 Lawler ""
4232.376 60.1145 0.064 -1.348 Lawler ""
4232.376 60.1145 0.064 -2.005 Lawler ""
4232.377 60.1143 0.064 -1.444 Lawler ""
4232.377 60.1143 0.064 -2.041 Lawler ""
4232.377 60.1145 0.064 -3.141 Lawler ""
4232.378 60.1146 0.064 -0.47 Lawler ""
4232.379 60.1143 0.064 -3.348 Lawler ""
4232.379 60.1145 0.064 -1.444 Lawler ""
4232.38 60.1145 0.064 -2.041 Lawler ""
4232.381 60.1145 0.064 -3.348 Lawler ""
4232.382 60.1143 0.064 -1.548 Lawler ""
4232.382 60.1143 0.064 -2.137 Lawler ""
4232.382 60.1145 0.064 -1.548 Lawler ""
4232.382 60.1145 0.064 -2.137 Lawler ""
4232.383 60.1148 0.064 -0.47 Lawler ""
4232.385 60.1143 0.064 -1.66 Lawler ""
4232.385 60.1143 0.064 -2.348 Lawler ""
4232.385 60.1145 0.064 -1.66 Lawler ""
4232.385 60.1145 0.064 -2.348 Lawler ""
4232.386 60.1145 0.064 -1.778 Lawler ""
4232.387 60.1145 0.064 -1.896 Lawler ""
4232.388 60.1143 0.064 -1.778 Lawler ""
4232.389 60.1143 0.064 -1.896 Lawler ""
4232.389 60.115 0.064 -0.47 Lawler ""
4232.426 21.0 2.507 -1.38 "" ""
4232.426 72.1 2.341 -0.09 "" ""
4232.427 106.00112 0.919 -4.728 3.464 BX00P225
4232.427 23.0051 1.954 -1.596 LAWLER ""
4232.428 23.0051 1.954 -1.375 LAWLER ""
4232.43 23.0051 1.954 -1.272 LAWLER ""
4232.43 23.0051 1.954 -1.4 LAWLER ""
4232.433 23.0051 1.954 -1.386 LAWLER ""
4232.434 23.0051 1.954 -1.229 LAWLER ""
4232.435 106.00113 1.716 -6.054 3.464 AX32P255
4232.435 24.1 4.984 -4.92 "" ""
4232.435 607.01214 3.129 -1.684 7.724 1213Rb0205
4232.436 23.0051 1.954 -1.596 LAWLER ""
4232.437 23.0051 1.954 -1.248 LAWLER ""
4232.439 23.0051 1.954 -1.24 LAWLER ""
4232.442 23.0051 1.954 -1.375 LAWLER ""
4232.443 23.0051 1.954 -1.081 LAWLER ""
4232.445 23.0051 1.954 -1.317 LAWLER ""
4232.449 23.0051 1.954 -0.912 LAWLER ""
4232.449 23.0051 1.954 -1.272 LAWLER ""
4232.453 23.0051 1.954 -1.532 LAWLER ""
4232.457 23.0051 1.954 -0.753 LAWLER ""
4232.458 23.0051 1.954 -1.229 LAWLER ""
4232.462 64.1 1.526 -0.58 "" ""
4232.467 23.0051 1.954 -0.605 LAWLER ""
4232.468 23.0051 1.954 -1.24 LAWLER ""
4232.469 607.01214 3.138 -1.658 7.724 1213Ra0225
4232.478 23.0051 1.954 -0.469 LAWLER ""
4232.479 23.0051 1.954 -1.317 LAWLER ""
4232.488 20.0 4.765 -2.6 "" ""
4232.491 23.0051 1.954 -1.532 LAWLER ""
4232.504 607.01214 3.129 -4.643 7.724 1213Qd0215
4232.51 106.00112 0.074 -3.849 3.464 AX00R065
4232.541 23.0 1.847 -4.77 "" ""
4232.542 39.0 1.889 -1.38 "" ""
4232.561 58.1 0.721 -0.77 LAWLER ""
4232.589 42.0 2.075 -0.03 "" ""
4232.598 21.0 2.109 -2.93 "" ""
4232.609 28.0 3.541 -4.19 "" ""
4232.612 106.00112 1.139 -8.491 3.464 CX03P095
4232.624 24.0 4.532 -4.32 "" ""
4232.637 106.00112 1.289 -4.275 3.464 AX33R145
4232.652 106.00113 0.073 -3.872 3.464 AX00R065
4232.672 106.00113 1.9 -4.644 3.464 AX33R255
4232.695 607.01214 3.129 -1.67 7.724 1213Ra0215
4232.696 20.0 5.87 -4.3 "" ""
4232.711 607.01214 3.12 -1.699 7.724 1213Rb0195
4232.726 26.0 0.11 -4.93 "" ""
4232.776 607.01214 3.12 -4.618 7.724 1213Qd0205
4232.779 24.0 3.123 -5.54 "" ""
4232.827 25.1 5.366 -5.51 "" ""
4232.844 26.0 4.151 -2.27 "" ""
4232.846 106.00113 1.285 -4.275 3.464 AX33R145
4232.853 24.0 3.011 -1.99 "" ""
4232.911 106.00113 0.073 -3.849 3.464 AX00R065
4232.915 106.00112 0.687 -1.43 3.464 AX11R135
4232.917 25.0 5.083 -2.71 "" ""
4232.922 106.00112 0.687 -1.403 3.464 AX11R145
4232.923 64.0 1.673 0.3 "" ""
4232.936 24.0 3.085 -4.17 "" ""
4232.938 24.1 5.666 -3.07 "" ""
4232.946 607.01214 3.12 -1.684 7.724 1213Ra0205
4232.947 23.0 1.948 0.06 LAWNOHFS ""
4232.949 22.0 3.111 -1.52 "" ""
4232.961 24.0 3.823 -1.61 "" ""
4232.98 106.00112 0.687 -3.404 3.464 AX11Q145
4232.987 24.0 4.444 -0.41 "" ""
4232.994 74.0 2.244 -0.79 "" ""
4233.009 607.01214 3.112 -1.715 7.724 1213Rb0185
4233.017 23.0 3.242 -3.3 "" ""
4233.058 106.00113 1.531 -8.5 3.464 CX03P185
4233.066 22.0 3.111 -2.58 "" ""
4233.071 607.01214 3.112 -4.592 7.724 1213Qd0195
4233.113 26.1 6.798 -3.45 "" ""
4233.149 60.1 1.246 -0.33 "" ""
4233.162 26.1 2.583 -2.02 LAWLER ""
4233.182 23.1 4.772 -2.71 "" ""
4233.199 58.1 0.811 -0.87 "" ""
4233.222 106.00113 0.684 -1.43 3.464 AX11R135
4233.222 607.01214 3.112 -1.699 7.724 1213Ra0195
4233.234 106.00113 0.684 -1.403 3.464 AX11R145
4233.248 24.1 3.864 -2.02 Lawler17 ""
4233.286 106.00113 0.684 -3.404 3.464 AX11Q145
4233.287 90.1 1.914 -0.73 "" ""
4233.315 22.0 3.106 -2.41 "" ""
4233.315 25.0 3.376 -3.74 "" ""
4233.328 607.01214 3.104 -1.732 7.724 1213Rb0175
4233.357 24.0 2.985 -6.68 "" ""
4233.368 42.0 3.499 -1.06 "" ""
4233.372 23.0 2.58 -1.14 "" ""
4233.387 607.01214 3.104 -4.565 7.724 1213Qd0185
4233.409 106.00112 0.687 -4.799 3.464 BX11P135
4233.442 25.1 5.811 -2.67 "" ""
4233.484 42.0 2.985 -1.05 "" ""
4233.5 76.0 1.613 -1.33 "" ""
4233.52 607.01214 3.104 -1.715 7.724 1213Ra0185
4233.573 21.0045 2.001 -1.56 LAWHFS ""
4233.58 21.0045 2.001 -1.37 LAWHFS ""
4233.58 24.0 3.011 -2.88 "" ""
4233.584 21.0045 2.001 -0.86 LAWHFS ""
4233.586 21.0045 2.001 -1.34 LAWHFS ""
4233.589 21.0045 2.001 -1.15 LAWHFS ""
4233.591 21.0045 2.001 -1.41 LAWHFS ""
4233.593 21.0045 2.001 -1.55 LAWHFS ""
4233.595 21.0045 2.001 -1.61 LAWHFS ""
4233.596 21.0045 2.001 -2.27 LAWHFS ""
4233.598 21.0045 2.001 -3.51 LAWHFS ""
4233.6 21.0045 2.001 -1.56 LAWHFS ""
4233.6 21.0045 2.001 -1.86 LAWHFS ""
4233.602 21.0045 2.001 -1.37 LAWHFS ""
4233.603 21.0045 2.001 -1.34 LAWHFS ""
4233.603 26.0 2.482 -0.6 RUF14 ""
4233.604 21.0045 2.001 -1.41 LAWHFS ""
4233.604 21.0045 2.001 -1.61 LAWHFS ""
4233.623 25.1 5.376 -5.15 "" ""
4233.63 24.0 4.609 -3.41 "" ""
4233.659 20.0 6.03 -3.61 "" ""
4233.668 607.01214 3.097 -1.752 7.724 1213Rb0165
4233.7 20.0 6.03 -3.2 "" ""
4233.702 106.00113 1.903 -2.263 3.464 AX43P255
4233.715 27.0 3.927 -3.11 "" ""
4233.723 106.00112 0.778 -4.004 3.464 AX22R085
4233.723 607.01214 3.097 -4.537 7.724 1213Qd0175
4233.783 106.00113 1.903 -4.495 3.464 AX43Q245
4233.787 106.00112 1.29 -4.231 3.464 AX33R145
4233.84 607.01214 3.097 -1.733 7.724 1213Ra0175
4233.855 22.0 3.125 -2.65 "" ""
4233.878 106.00113 1.903 -2.341 3.464 AX43P245
4233.913 106.00113 1.204 -8.519 3.464 CX03P115
4233.957 26.0 4.175 -3.74 "" ""
4233.959 58.1 0.634 -1.44 LAWLER ""
4233.973 106.00113 0.775 -4.004 3.464 AX22R085
4233.974 42.0 3.387 -1.2 "" ""
4233.982 27.0 0.0 -3.47 "" ""
4233.998 23.0 1.944 -0.02 "" ""
4234.003 23.0 0.04 -2.11 "" ""
4234.003 23.1 5.863 -2.26 "" ""
4234.016 22.0 2.248 -4.27 "" ""
4234.026 607.01214 3.09 -1.772 7.724 1213Rb0155
4234.033 106.00113 1.286 -4.231 3.464 AX33R145
4234.034 26.0 3.571 -3.87 "" ""
4234.056 68.1 2.098 -1.6 LAWLER ""
4234.075 26.0 4.257 -2.86 "" ""
4234.079 607.01214 3.09 -4.509 7.724 1213Qd0165
4234.145 106.00112 0.778 -3.977 3.464 AX22R085
4234.167 60.1 0.182 -0.99 "" ""
4234.18 607.01214 3.09 -1.752 7.724 1213Ra0165
4234.185 21.0 2.336 -2.81 "" ""
4234.21 58.1 0.521 -0.64 LAWLER ""
4234.219 24.0 3.665 -2.83 "" ""
4234.256 23.1 1.684 -2.03 "" ""
4234.294 27.1 3.457 -6.58 "" ""
4234.296 20.0 6.031 -3.21 "" ""
4234.344 74.0 2.386 -0.23 "" ""
4234.355 20.0 5.979 -3.82 "" ""
4234.391 106.00113 0.776 -3.977 3.464 AX22R085
4234.403 607.01214 3.083 -1.795 7.724 1213Rb0145
4234.43 24.0 4.436 -1.28 "" ""
4234.445 106.00112 1.595 -8.483 3.464 CX03P195
4234.452 20.0 5.979 -3.12 "" ""
4234.452 607.01214 3.083 -4.479 7.724 1213Qd0155
4234.475 24.0 3.119 -1.19 "" ""
4234.522 23.0 0.0 -2.13 "" ""
4234.54 607.01214 3.083 -1.773 7.724 1213Ra0155
4234.549 23.1 3.756 -1.16 "" ""
4234.549 26.0 3.544 -2.58 "" ""
4234.57 62.1 0.434 -0.64 LAWLER ""
4234.607 24.0 2.542 -6.43 "" ""
4234.624 40.0 0.632 -1.11 "" ""
4234.652 22.0 1.878 -1.74 LAWLER ""
4234.689 23.1 1.678 -5.96 "" ""
4234.728 58.1 0.822 -0.89 LAWLER ""
4234.781 68.1 0.669 -1.51 LAWLER ""
4234.794 24.0 3.836 -1.63 "" ""
4234.832 106.00113 1.648 -5.672 3.464 AX43P205
4234.834 66.0 2.018 0.62 "" ""
4234.843 607.01214 3.077 -4.447 7.724 1213Qd0145
4234.886 607.01214 3.077 -1.82 7.724 1213Rb0135
4234.975 607.01214 3.077 -1.795 7.724 1213Ra0145
4234.987 106.00113 1.852 -10.535 3.464 CX04R205
4235.016 106.00112 1.848 -2.335 3.464 AX43P245
4235.039 42.0 2.621 -1.48 "" ""
4235.064 106.00112 1.848 -4.525 3.464 AX43Q235
4235.07 64.1 1.101 -1.53 LAWLER ""
4235.142 25.0 2.918 -0.26 "" ""
4235.15 106.00113 1.477 -8.512 3.464 CX03P175
4235.169 106.00112 1.848 -2.415 3.464 AX43P235
4235.183 68.0 0.624 -0.62 "" ""
4235.234 607.01214 3.071 -1.847 7.724 1213Rb0125
4235.251 22.0 2.504 -7.45 "" ""
4235.251 607.01214 3.071 -4.414 7.724 1213Qd0135
4235.281 21.0 1.994 -2.3 "" ""
4235.281 28.0 4.232 -1.47 "" ""
4235.295 25.0 2.886 0.17 "" ""
4235.326 24.0 2.985 -8.92 "" ""
4235.335 607.01214 3.071 -1.82 7.724 1213Ra0135
4235.356 24.0 3.884 -3.7 "" ""
4235.386 26.0 3.394 -1.68 "" ""
4235.424 106.00112 1.914 -4.644 3.464 AX33R255
4235.444 24.0 4.446 -2.74 "" ""
4235.464 90.0 0.0 -1.56 "" ""
4235.501 24.0 4.851 -2.54 "" ""
4235.523 24.0 4.437 -0.8 "" ""
4235.54 28.0 4.15 -1.66 "" ""
4235.546 20.0 4.776 -3.9 "" ""
4235.611 106.00112 0.409 -3.872 3.464 AX11R065
4235.634 26.0 2.557 -4.19 "" ""
4235.646 607.01214 3.066 -1.877 7.724 1213Rb0115
4235.675 607.01214 3.066 -4.379 7.724 1213Qd0125
4235.691 106.00113 1.501 -1.33 3.464 AX22R235
4235.726 26.0 3.271 -6.24 "" ""
4235.73 39.1 0.13 -1.27 Biemont11 ""
4235.741 607.01214 3.066 -1.847 7.724 1213Ra0125
4235.758 23.0 1.941 -0.23 LAWNOHFS ""
4235.783 106.00113 1.501 -1.337 3.464 AX22R225
4235.789 106.00113 1.243 -8.526 3.464 CX03P125
4235.815 26.0 4.188 -2.63 "" ""
4235.818 106.00112 1.172 -8.508 3.464 CX03P105
4235.821 26.0 2.402 -3.77 "" ""
4235.826 23.1 6.474 -1.93 "" ""
4235.839 106.00113 1.501 -3.688 3.464 AX22Q235
4235.846 23.1 5.86 -2.69 "" ""
4235.864 106.00112 0.41 -3.851 3.464 AX11R065
4235.864 106.00112 0.785 -2.024 3.464 BX11P155
4235.876 64.1 1.614 -0.44 "" ""
4235.88 62.1 0.543 -1.98 LAWLER ""
4235.884 27.0 3.729 -2.26 "" ""
4235.891 23.1 3.75 -2.21 "" ""
4235.921 23.0 2.294 -3.49 "" ""
4235.924 106.00112 0.785 -6.956 3.464 BX11Q155
4235.934 39.0 0.066 -0.49 "" ""
4235.936 26.0 2.424 -0.34 "" ""
4235.946 73.1 3.081 1.08 "" ""
4235.947 106.00113 0.408 -3.872 3.464 AX11R065
4235.963 26.0 3.329 -1.61 "" ""
4235.986 27.1 5.118 -4.0 "" ""
4235.997 24.0 3.008 -1.27 "" ""
4236.0 106.00113 1.57 -1.326 3.464 AX22R245
4236.015 106.00113 1.435 -1.336 3.464 AX22R225
4236.016 58.1 0.587 -0.62 LAWLER ""
4236.032 40.0 1.365 -0.28 "" ""
4236.037 92.0 0.077 -0.82 "" ""
4236.041 42.0 3.245 -1.62 "" ""
4236.044 106.00112 0.786 -2.092 3.464 BX11P165
4236.079 607.01214 3.061 -1.91 7.724 1213Rb0105
4236.09 106.00113 1.435 -1.345 3.464 AX22R215
4236.107 106.00113 1.57 -1.331 3.464 AX22R235
4236.113 106.00112 0.27 -1.444 3.464 AX00R115
4236.114 607.01214 3.061 -4.341 7.724 1213Qd0115
4236.119 106.00112 1.508 -1.33 3.464 AX22R235
4236.136 106.00112 1.507 -1.337 3.464 AX22R225
4236.15 59.1 0.204 -0.83 LINOHFS ""
4236.153 106.00113 1.435 -3.664 3.464 AX22Q225
4236.158 106.00113 1.57 -3.711 3.464 AX22Q245
4236.161 607.01214 3.061 -1.877 7.724 1213Ra0115
4236.18 23.0 2.614 -3.85 "" ""
4236.196 106.00113 0.408 -3.851 3.464 AX11R065
4236.209 106.00112 1.508 -3.687 3.464 AX22Q235
4236.232 25.1 5.414 -5.43 "" ""
4236.232 75.0 2.023 -1.44 "" ""
4236.238 23.0 2.33 -3.33 "" ""
4236.244 27.0 3.729 -4.48 "" ""
4236.246 106.00112 1.441 -1.336 3.464 AX22R225
4236.256 106.00112 0.27 -1.412 3.464 AX00R125
4236.257 106.00112 1.441 -1.345 3.464 AX22R215
4236.28 23.1 5.863 -1.69 "" ""
4236.294 106.00112 0.27 -3.336 3.464 AX00Q125
4236.334 106.00112 1.441 -3.664 3.464 AX22Q225
4236.354 58.1 1.087 -0.56 LAWLER ""
4236.358 106.00113 1.903 -4.575 3.464 AX33R255
4236.361 28.0 4.102 -1.05 "" ""
4236.379 24.1 3.101 -3.3 "" ""
4236.433 20.0 2.521 -6.22 LAWLER ""
4236.434 26.1 7.467 -4.69 "" ""
4236.492 106.00113 0.268 -1.444 3.464 AX00R115
4236.532 607.01214 3.057 -1.946 7.724 1213Rb0095
4236.536 20.0 4.677 -2.97 "" ""
4236.549 40.0 0.0 -2.11 "" ""
4236.567 607.01214 3.057 -4.301 7.724 1213Qd0105
4236.595 22.0 3.137 -3.8 "" ""
4236.599 106.00113 1.425 -8.52 3.464 CX03P165
4236.607 607.01214 3.057 -1.91 7.724 1213Ra0105
4236.609 40.1 1.758 -1.5 "" ""
4236.616 23.0 0.3 -3.0 LAWNOHFS ""
4236.63 60.1 0.32 -2.12 LAWLER ""
4236.632 106.00113 0.268 -1.412 3.464 AX00R125
4236.67 106.00113 0.268 -3.336 3.464 AX00Q125
4236.675 44.0 1.821 -0.84 "" ""
4236.723 106.00112 1.576 -1.326 3.464 AX22R245
4236.74 62.1 0.659 -0.21 LAWLER ""
4236.742 106.00113 1.935 -6.303 3.464 AX21P315
4236.745 106.00112 1.576 -1.331 3.464 AX22R235
4236.765 26.0 3.632 -2.88 "" ""
4236.81 23.1 1.686 -2.41 "" ""
4236.814 106.00112 1.576 -3.711 3.464 AX22Q245
4236.835 106.00112 0.64 -1.456 3.464 AX11R125
4236.836 24.0 3.814 -1.71 "" ""
4236.909 106.00113 1.371 -1.343 3.464 AX22R215
4236.93 69.1 2.981 0.28 "" ""
4236.942 106.00112 0.64 -1.427 3.464 AX11R135
4236.968 106.00113 1.371 -1.355 3.464 AX22R205
4236.992 106.00112 0.64 -3.394 3.464 AX11Q135
4236.993 106.00113 1.284 -8.529 3.464 CX03P135
4237.004 607.01214 3.052 -1.987 7.724 1213Rb0085
4237.008 106.00113 1.641 -1.325 3.464 AX22R255
4237.013 106.00112 1.376 -1.343 3.464 AX22R215
4237.017 106.00112 1.376 -1.355 3.464 AX22R205
4237.026 68.0 1.462 0.11 "" ""
4237.035 607.01214 3.052 -4.257 7.724 1213Qd0095
4237.038 106.00113 1.371 -3.64 3.464 AX22Q215
4237.05 27.0 3.626 -1.7 "" ""
4237.068 607.01214 3.052 -1.946 7.724 1213Ra0095
4237.073 26.0 0.957 -4.38 "" ""
4237.099 106.00112 1.376 -3.64 3.464 AX22Q215
4237.112 25.0 4.723 -2.42 "" ""
4237.129 23.0 1.349 -4.39 "" ""
4237.131 106.00113 1.641 -1.328 3.464 AX22R245
4237.134 106.00113 0.638 -1.455 3.464 AX11R125
4237.148 22.0 1.738 -3.84 "" ""
4237.158 42.0 2.593 -1.31 "" ""
4237.162 106.00113 1.015 -5.383 3.464 BX01R205
4237.165 106.00112 0.27 -1.444 3.464 AX00R115
4237.176 106.00113 1.641 -3.735 3.464 AX22Q255
4237.195 20.0 4.677 -2.44 "" ""
4237.229 106.00112 1.538 -8.499 3.464 CX03P185
4237.232 106.00112 0.27 -1.412 3.464 AX00R125
4237.251 106.00113 0.638 -1.426 3.464 AX11R135
4237.259 24.0 2.998 -3.68 "" ""
4237.263 42.0 3.221 -1.52 "" ""
4237.272 106.00112 0.27 -3.317 3.464 AX00Q125
4237.291 106.00113 0.638 -3.394 3.464 AX11Q135
4237.341 27.0 2.278 -2.49 LAWNHFS ""
4237.385 25.0 5.108 -3.29 "" ""
4237.394 106.00113 1.376 -8.526 3.464 CX03P155
4237.423 26.0 4.412 -2.29 "" ""
4237.428 40.0 1.395 -0.55 "" ""
4237.488 607.01214 3.049 -2.033 7.724 1213Rb0075
4237.49 22.0 3.102 -3.01 "" ""
4237.516 607.01214 3.049 -4.209 7.724 1213Qd0085
4237.528 106.00113 1.329 -8.529 3.464 CX03P145
4237.531 106.00113 0.269 -1.444 3.464 AX00R115
4237.542 607.01214 3.049 -1.987 7.724 1213Ra0085
4237.587 22.0 1.872 -2.22 LAWLER ""
4237.599 106.00113 0.269 -1.412 3.464 AX00R125
4237.602 27.0 3.729 -3.59 "" ""
4237.637 106.00113 0.269 -3.317 3.464 AX00Q125
4237.66 62.1 0.104 -1.01 LAWLER ""
4237.67 26.0 3.015 -2.37 "" ""
4237.701 24.0 3.009 -1.49 "" ""
4237.702 26.0 4.298 -2.57 "" ""
4237.73 28.0 3.737 -3.85 "" ""
4237.731 106.00112 1.248 -4.241 3.464 AX33R135
4237.747 25.0 4.723 -1.84 "" ""
4237.753 23.0 2.682 -2.41 "" ""
4237.77 22.0 2.304 -0.86 "" ""
4237.808 21.0 2.507 0.02 "" ""
4237.81 41.0 1.393 -0.86 "" ""
4237.866 25.1 5.366 -2.96 "" ""
4237.871 106.00113 1.243 -4.241 3.464 AX33R135
4237.873 25.1 5.369 -4.12 "" ""
4237.887 22.0 2.504 0.19 "" ""
4237.925 21.0 2.336 -1.88 "" ""
4237.945 26.0 3.692 -4.23 "" ""
4237.986 607.01214 3.045 -2.085 7.724 1213Rb0065
4237.994 106.00112 0.641 -1.456 3.464 AX11R125
4238.008 106.00112 1.568 -5.255 3.464 AX54P135
4238.009 607.01214 3.045 -4.155 7.724 1213Qd0075
4238.012 26.0 3.414 -2.65 "" ""
4238.023 26.0 3.414 -1.22 "" ""
4238.024 21.0045 2.01 -1.4 LAWHFS ""
4238.028 21.0045 2.01 -1.2 LAWHFS ""
4238.031 607.01214 3.045 -2.033 7.724 1213Ra0075
4238.032 21.0045 2.01 -1.14 LAWHFS ""
4238.034 106.00112 0.641 -1.427 3.464 AX11R135
4238.037 21.0045 2.01 -1.14 LAWHFS ""
4238.04 21.0045 2.01 -1.21 LAWHFS ""
4238.043 21.0045 2.01 -0.5 LAWHFS ""
4238.044 21.0045 2.01 -1.35 LAWHFS ""
4238.044 27.1 5.051 -2.29 "" ""
4238.045 21.0045 2.01 -0.69 LAWHFS ""
4238.046 21.0045 2.01 -0.91 LAWHFS ""
4238.047 21.0045 2.01 -1.63 LAWHFS ""
4238.048 21.0045 2.01 -1.17 LAWHFS ""
4238.049 21.0045 2.01 -1.5 LAWHFS ""
4238.049 21.0045 2.01 -1.95 LAWHFS ""
4238.05 21.0045 2.01 -2.65 LAWHFS ""
4238.053 21.0045 2.01 -1.63 LAWHFS ""
4238.055 21.0045 2.01 -1.35 LAWHFS ""
4238.056 24.0 3.977 -0.93 "" ""
4238.058 21.0045 2.01 -1.21 LAWHFS ""
4238.06 21.0045 2.01 -1.14 LAWHFS ""
4238.061 21.0045 2.01 -1.14 LAWHFS ""
4238.063 21.0045 2.01 -1.2 LAWHFS ""
4238.064 21.0045 2.01 -1.4 LAWHFS ""
4238.083 106.00112 0.641 -3.373 3.464 AX11Q135
4238.102 22.0 3.087 -3.98 "" ""
4238.16 106.00112 1.648 -1.324 3.464 AX22R255
4238.186 106.00112 1.647 -1.327 3.464 AX22R245
4238.246 26.0 4.581 -2.64 "" ""
4238.252 106.00112 1.648 -3.734 3.464 AX22Q255
4238.267 22.0 2.406 -2.73 "" ""
4238.289 106.00113 0.638 -1.456 3.464 AX11R125
4238.306 57.1139 0.403 -1.832 Lawle01HFS ""
4238.309 57.1139 0.403 -2.309 Lawle01HFS ""
4238.312 57.1139 0.403 -1.61 Lawle01HFS ""
4238.316 57.1139 0.403 -20.26 Lawle01HFS ""
4238.318 57.1139 0.403 -1.832 Lawle01HFS ""
4238.319 106.00113 1.309 -1.353 3.464 AX22R205
4238.323 57.1139 0.403 -1.511 Lawle01HFS ""
4238.324 106.00113 0.639 -1.427 3.464 AX11R135
4238.328 57.1139 0.403 -2.455 Lawle01HFS ""
4238.332 57.1139 0.403 -1.61 Lawle01HFS ""
4238.338 57.1139 0.403 -1.485 Lawle01HFS ""
4238.339 106.00112 1.314 -1.366 3.464 AX22R195
4238.344 106.00112 1.314 -1.353 3.464 AX22R205
4238.345 57.1139 0.403 -1.825 Lawle01HFS ""
4238.35 106.00112 1.208 -8.519 3.464 CX03P115
4238.35 57.1139 0.403 -1.511 Lawle01HFS ""
4238.358 57.1139 0.403 -1.538 Lawle01HFS ""
4238.361 106.00113 1.309 -1.366 3.464 AX22R195
4238.367 57.1139 0.403 -1.439 Lawle01HFS ""
4238.369 106.00113 0.639 -3.373 3.464 AX11Q135
4238.374 57.1139 0.403 -1.485 Lawle01HFS ""
4238.383 106.00113 1.503 -1.33 3.464 AX22R235
4238.383 57.1139 0.403 -1.733 Lawle01HFS ""
4238.392 23.0 3.264 -4.11 "" ""
4238.393 57.1139 0.403 -1.153 Lawle01HFS ""
4238.402 57.1139 0.403 -1.538 Lawle01HFS ""
4238.425 57.1139 0.403 -0.925 Lawle01HFS ""
4238.426 106.00112 1.314 -3.616 3.464 AX22Q205
4238.429 22.0 2.235 -4.82 "" ""
4238.435 57.1139 0.403 -1.733 Lawle01HFS ""
4238.438 106.00113 1.309 -3.616 3.464 AX22Q205
4238.439 27.0 3.626 -1.62 "" ""
4238.456 106.00112 1.916 -4.575 3.464 AX33R255
4238.496 607.01214 3.043 -2.146 7.724 1213Rb0055
4238.503 106.00113 1.503 -3.651 3.464 AX22Q235
4238.516 607.01214 3.043 -4.095 7.724 1213Qd0065
4238.532 607.01214 3.043 -2.085 7.724 1213Ra0065
4238.538 106.00113 1.437 -1.336 3.464 AX22R225
4238.553 58.1 0.47 -1.72 LAWLER ""
4238.573 106.00113 1.503 -1.337 3.464 AX22R225
4238.584 106.00112 1.861 -10.534 3.464 CX04R205
4238.596 22.0 2.479 -6.37 "" ""
4238.598 26.0 4.383 -3.13 "" ""
4238.612 26.0 3.632 -2.78 "" ""
4238.651 106.00113 1.437 -3.629 3.464 AX22Q225
4238.706 22.0 3.152 -2.81 "" ""
4238.71 106.00113 1.437 -1.345 3.464 AX22R215
4238.725 106.00112 1.94 -6.221 3.464 AX21P315
4238.725 24.1 3.103 -4.04 "" ""
4238.73 26.0 4.47 -4.01 "" ""
4238.739 106.00112 1.248 -4.199 3.464 AX33R135
4238.78 64.1 1.126 -0.2 LAWLER ""
4238.788 106.00113 1.714 -1.326 3.464 AX22R265
4238.791 25.1 1.831 -3.63 "" ""
4238.81 26.0 3.394 -0.28 "" ""
4238.813 26.0 4.28 -2.89 "" ""
4238.819 26.1 6.802 -2.73 "" ""
4238.85 106.00112 1.443 -1.336 3.464 AX22R225
4238.857 106.00113 1.572 -1.327 3.464 AX22R245
4238.901 106.00113 1.244 -4.199 3.464 AX33R135
4238.91 106.00112 1.509 -1.33 3.464 AX22R235
4238.926 106.00113 1.714 -1.326 3.464 AX22R255
4238.93 20.0 2.523 -5.34 LAWLER ""
4238.938 106.00112 1.443 -3.629 3.464 AX22Q225
4238.946 23.0 1.941 -1.21 LAWNOHFS ""
4238.949 24.0 3.008 -0.74 "" ""
4238.965 106.00113 1.714 -3.759 3.464 AX22Q265
4238.972 106.00112 1.443 -1.345 3.464 AX22R215
4238.983 106.00113 1.572 -3.674 3.464 AX22Q245
4238.987 11.0 2.101 -2.51 "" ""
4239.0 106.00112 1.509 -3.651 3.464 AX22Q235
4239.007 26.0 2.756 -4.04 "" ""
4239.013 24.0 2.98 -4.66 "" ""
4239.016 607.01214 3.04 -2.217 7.724 1213Rb0045
4239.034 607.01214 3.04 -4.026 7.724 1213Qd0055
4239.042 106.00112 1.509 -1.337 3.464 AX22R225
4239.052 607.01214 3.04 -2.146 7.724 1213Ra0055
4239.065 106.00113 1.572 -1.332 3.464 AX22R235
4239.076 42.0 2.079 -1.84 "" ""
4239.098 22.0 2.394 -4.5 "" ""
4239.184 106.00112 1.569 -5.296 3.464 AX54P135
4239.187 25.1 5.366 -2.25 "" ""
4239.194 42.0 2.079 -2.02 "" ""
4239.262 106.00113 1.372 -1.344 3.464 AX22R215
4239.298 40.0 0.686 0.05 "" ""
4239.362 26.0 3.639 -1.52 "" ""
4239.369 106.00113 1.372 -3.607 3.464 AX22Q215
4239.376 106.00112 1.483 -8.511 3.464 CX03P175
4239.392 25.0 3.38 -3.77 "" ""
4239.405 26.0 4.206 -3.67 "" ""
4239.416 106.00113 1.372 -1.355 3.464 AX22R205
4239.431 106.00112 1.378 -1.344 3.464 AX22R215
4239.451 27.1 3.007 -6.2 "" ""
4239.453 21.0 2.108 -3.71 "" ""
4239.516 106.00112 1.378 -3.607 3.464 AX22Q215
4239.542 106.00112 1.378 -1.355 3.464 AX22R205
4239.543 25.0 4.662 -2.4 "" ""
4239.544 21.0045 2.001 -2.65 LAWHFS ""
4239.545 21.0045 2.001 -2.22 LAWHFS ""
4239.547 21.0045 2.001 -1.97 LAWHFS ""
4239.548 21.0045 2.001 -1.79 LAWHFS ""
4239.551 607.01214 3.038 -2.304 7.724 1213Rb0035
4239.552 21.0045 2.001 -1.62 LAWHFS ""
4239.552 21.0045 2.001 -1.63 LAWHFS ""
4239.552 21.0045 2.001 -1.79 LAWHFS ""
4239.553 21.0045 2.001 -1.78 LAWHFS ""
4239.553 56.0 1.674 -0.72 "" ""
4239.557 21.0045 2.001 -2.1 LAWHFS ""
4239.559 21.0045 2.001 -1.66 LAWHFS ""
4239.562 21.0045 2.001 -1.37 LAWHFS ""
4239.564 21.0045 2.001 -1.16 LAWHFS ""
4239.564 607.01214 3.038 -3.945 7.724 1213Qd0045
4239.576 607.01214 3.038 -2.217 7.724 1213Ra0045
4239.613 23.0 1.852 -3.62 "" ""
4239.629 27.0 2.278 -4.35 "" ""
4239.633 28.0 4.232 -2.37 "" ""
4239.637 26.0 3.249 -6.5 "" ""
4239.652 23.0 2.372 -6.5 "" ""
4239.656 20.0 6.035 -3.98 "" ""
4239.667 22.1 5.563 -0.82 "" ""
4239.703 106.00112 1.579 -1.326 3.464 AX22R245
4239.707 22.0 2.576 -4.28 "" ""
4239.73 25.0 2.939 -0.68 "" ""
4239.732 26.0 2.947 -1.53 "" ""
4239.794 106.00112 1.579 -3.673 3.464 AX22Q245
4239.819 27.0 2.278 -2.76 LAWNHFS ""
4239.835 26.0 0.957 -4.71 "" ""
4239.843 106.00112 1.579 -1.331 3.464 AX22R235
4239.848 26.0 2.69 -1.64 "" ""
4239.854 66.0 1.141 0.71 "" ""
4239.856 28.0 3.191 -2.67 "" ""
4239.901 27.0 3.949 -3.36 "" ""
4239.909 58.1 0.477 0.0 LAWLER ""
4239.942 26.0 3.069 -1.66 "" ""
4239.944 23.1 6.161 -2.85 "" ""
4240.003 21.0 2.301 -3.8 "" ""
4240.017 23.1 5.471 -3.01 "" ""
4240.025 59.1 1.016 -0.04 "" ""
4240.026 106.00113 1.643 -1.325 3.464 AX22R255
4240.075 42.0 2.258 -1.3 "" ""
4240.081 23.0 1.944 -0.76 LAWNOHFS ""
4240.092 24.0 3.011 -3.02 "" ""
4240.093 607.01214 3.036 -2.415 7.724 1213Rb0025
4240.106 607.01214 3.036 -3.844 7.724 1213Qd0035
4240.115 607.01214 3.036 -2.304 7.724 1213Ra0035
4240.143 42.0 2.834 -2.1 "" ""
4240.155 106.00112 1.255 -1.38 3.464 AX22R185
4240.158 106.00113 1.643 -3.696 3.464 AX22Q255
4240.163 23.0 2.314 -2.47 "" ""
4240.17 106.00112 1.255 -1.365 3.464 AX22R195
4240.192 106.00113 1.25 -1.365 3.464 AX22R195
4240.2 26.0 4.151 -3.48 "" ""
4240.201 20.0 5.983 -7.1 "" ""
4240.205 106.00112 1.247 -8.525 3.464 CX03P125
4240.217 106.00113 1.25 -1.38 3.464 AX22R185
4240.23 60.1 0.559 -1.68 LAWLER ""
4240.248 106.00112 1.255 -3.591 3.464 AX22Q195
4240.251 106.00113 1.643 -1.328 3.464 AX22R245
4240.276 42.0 3.075 -0.59 "" ""
4240.279 23.0 2.503 -8.05 "" ""
4240.301 106.00113 1.25 -3.591 3.464 AX22Q195
4240.324 42.0 2.834 -1.83 "" ""
4240.332 24.0 2.913 -4.4 "" ""
4240.338 40.0 0.603 -0.45 "" ""
4240.348 23.0 1.948 -0.63 "" ""
4240.371 26.0 3.544 -1.34 "" ""
4240.39 25.1 6.172 -2.07 "" ""
4240.44 62.0 0.185 -1.17 "" ""
4240.457 20.0 2.709 -1.23 LAWLER ""
4240.5 24.0 4.614 -1.92 "" ""
4240.501 106.00113 1.31 -1.353 3.464 AX22R205
4240.537 25.1 6.172 -3.59 "" ""
4240.552 106.00112 1.721 -1.325 3.464 AX22R265
4240.578 106.00112 1.316 -1.353 3.464 AX22R205
4240.58 106.00112 1.721 -1.326 3.464 AX22R255
4240.587 92.1 0.652 -1.61 "" ""
4240.595 90.1 0.77 -1.9 "" ""
4240.6 106.00113 1.31 -3.584 3.464 AX22Q205
4240.635 106.00113 1.311 -1.367 3.464 AX22R195
4240.644 106.00112 1.721 -3.758 3.464 AX22Q265
4240.646 26.0 2.996 -6.16 "" ""
4240.651 607.01214 3.035 -2.569 7.724 1213Rb0015
4240.652 21.0 4.524 -2.25 "" ""
4240.659 607.01214 3.035 -3.713 7.724 1213Qd0025
4240.66 106.00112 1.316 -3.584 3.464 AX22Q205
4240.664 607.01214 3.035 -2.415 7.724 1213Ra0025
4240.676 106.00112 1.316 -1.367 3.464 AX22R195
4240.681 24.0 3.09 -5.35 "" ""
4240.692 26.0 2.988 -2.64 "" ""
4240.708 24.0 2.98 -1.28 "" ""
4240.729 22.0 2.425 -3.11 "" ""
