wavelength species excitation loggf disassociation_energy comment
6608.793 26.0 5.326 -4.21 "" ""
6608.936 24.0 4.398 -1.05 "" ""
6608.952 26.0 4.188 -2.78 "" ""
6609.032 74.0 1.915 -2.53 "" ""
6609.035 607.01314 0.786 -2.181 7.724 0400Qb0585
6609.085 6.0 8.841 -3.46 "" ""
6609.11 26.0 2.557 -2.69 "" ""
6609.217 607.01314 0.786 -4.105 7.724 0400Pd0595
6609.234 26.1 7.123 -3.02 "" ""
6609.243 607.01314 0.624 -3.059 7.724 0602Rc0235
6609.252 20.0 5.736 -5.85 "" ""
6609.255 25.1 6.86 -2.05 "" ""
6609.262 607.01314 0.512 -3.522 7.724 0501Pc0335
6609.305 607.01314 0.637 -2.564 7.724 0400Pb0525
6609.307 106.00112 2.528 -8.305 3.464 AX15R265
6609.316 607.01314 0.625 -1.847 7.724 0602Qa0245
6609.392 607.01214 0.745 -3.162 7.724 0602Rc0315
6609.393 106.00112 2.528 -5.225 3.464 AX15Q275
6609.423 607.01314 2.399 -3.235 7.724 1610Pc0165
6609.492 607.01214 0.745 -1.72 7.724 0602Qa0325
6609.51 106.00112 2.516 -5.741 3.464 AX04Q305
6609.527 607.01214 1.344 -4.275 7.724 0400Rd0765
6609.605 106.00112 2.081 -7.989 3.464 AX26R145
6609.627 607.01214 1.722 -2.323 7.724 1207Qb0085
6609.635 607.01214 0.86 -1.9 7.724 0602Ra0395
6609.637 106.00112 2.528 -5.229 3.464 AX15Q265
6609.653 607.01214 1.722 -2.988 7.724 1207Pd0095
6609.678 26.0 0.989 -5.0 "" ""
6609.689 106.00112 2.516 -9.051 3.464 AX04R295
6609.724 106.00112 2.528 -7.559 3.464 AX15P275
6609.726 58.1 1.812 -1.27 LAWLER ""
6609.792 607.01214 1.715 -2.572 7.724 1207Ra0075
6609.799 607.01214 1.712 -2.627 7.724 1207Ra0065
6609.821 106.00112 1.656 -8.13 3.464 AX03P205
6609.839 607.01314 2.469 -3.172 7.724 1610Rc0245
6609.898 607.01314 2.469 -1.969 7.724 1610Qa0255
6609.936 106.00112 2.516 -8.09 3.464 AX04P305
6609.985 20.0 5.737 -4.01 "" ""
6610.002 607.01214 0.619 -3.205 7.724 0602Pc0215
6610.035 64.1 1.657 -1.79 "" ""
6610.038 607.01214 1.718 -2.521 7.724 1207Ra0085
6610.068 607.01214 1.712 -2.919 7.724 1207Pb0055
6610.073 20.0 5.877 -5.52 "" ""
6610.077 607.01214 1.709 -2.688 7.724 1207Ra0055
6610.097 106.00113 1.589 -8.133 3.464 AX03P195
6610.116 106.00112 2.516 -5.766 3.464 AX04Q295
6610.124 607.01314 0.593 -3.209 7.724 0501Qc0385
6610.243 607.01314 0.593 -2.207 7.724 0501Pa0395
6610.305 607.01214 0.903 -4.112 7.724 0400Rc0615
6610.368 607.01314 2.44 -2.373 7.724 1610Pb0215
6610.392 26.0 5.503 -2.86 "" ""
6610.453 25.0 5.92 -1.39 "" ""
6610.475 21.1 7.466 0.33 "" ""
6610.502 607.01214 0.903 -2.166 7.724 0400Qa0625
6610.552 607.01214 1.722 -2.475 7.724 1207Ra0095
6610.554 112.00124 0.516 -4.616 1.340 03P203b24
6610.562 106.00113 2.564 -4.47 3.464 AX51R385
6610.625 607.01214 1.707 -2.756 7.724 1207Ra0045
6610.693 607.01314 0.705 -3.482 7.724 0501Rc0445
6610.711 21.1 7.477 0.5 "" ""
6610.733 607.01214 0.76 -1.719 7.724 0602Qb0325
6610.76 607.01214 0.74 -3.867 7.724 0400Qc0555
6610.816 28.0 5.28 -1.53 "" ""
6610.83 607.01314 0.705 -1.809 7.724 0501Qa0455
6610.839 607.01214 0.76 -3.196 7.724 0602Pd0335
6610.916 23.0 1.929 -6.26 "" ""
6610.938 607.01214 0.74 -2.549 7.724 0400Pa0565
6610.94 607.01214 1.845 -3.128 7.724 1207Rd0255
6610.963 607.01214 2.58 -3.223 7.724 1610Rc0295
6611.033 607.01214 2.58 -1.875 7.724 1610Qa0305
6611.152 21.1 7.477 -2.48 "" ""
6611.18 42.0 3.185 -1.37 "" ""
6611.192 22.0 3.455 -2.85 "" ""
6611.213 607.01214 1.762 -2.283 7.724 1207Rb0155
6611.258 607.01214 1.762 -2.702 7.724 1207Qd0165
6611.305 25.0 6.144 -2.56 "" ""
6611.329 607.01214 1.727 -2.432 7.724 1207Ra0105
6611.353 6.0 8.844 -2.28 "" ""
6611.39 42.0 2.756 -2.54 "" ""
6611.448 607.01214 1.705 -2.832 7.724 1207Ra0035
6611.453 607.01314 1.6 -2.724 7.724 1106Qc0265
6611.454 607.01214 0.986 -1.992 7.724 0501Ra0565
6611.515 25.0 5.879 -3.71 "" ""
6611.53 607.01314 1.6 -2.027 7.724 1106Pa0275
6611.537 607.01214 1.039 -3.397 7.724 0602Rd0485
6611.537 607.01214 2.49 -3.255 7.724 1610Pc0215
6611.544 607.01314 1.612 -2.018 7.724 1106Pb0275
6611.569 24.0 4.201 -4.41 "" ""
6611.607 74.0 4.083 -0.03 "" ""
6611.633 71.1 2.147 -2.33 "" ""
6611.685 607.01314 1.557 -3.045 7.724 1106Pc0225
6611.734 66.1 2.179 -1.62 "" ""
6611.756 106.00113 2.509 -9.013 3.464 AX04R295
6611.841 106.00113 2.509 -5.739 3.464 AX04Q305
6611.861 23.1 2.523 -4.79 "" ""
6611.904 73.0 1.393 -1.38 "" ""
6611.917 607.01214 0.878 -1.905 7.724 0602Rb0395
6611.938 607.01214 0.71 -2.172 7.724 0501Pb0435
6611.94 20.0 5.877 -4.12 "" ""
6611.949 607.01214 1.205 -3.735 7.724 0501Rd0645
6612.011 60.0 1.216 -0.19 "" ""
6612.039 26.1 7.264 -3.56 "" ""
6612.065 20.0 5.268 -3.79 "" ""
6612.092 23.0 2.682 -1.55 "" ""
6612.1 607.01214 0.878 -2.983 7.724 0602Qd0405
6612.114 607.01314 0.739 -1.986 7.724 0602Rb0325
6612.129 106.00113 2.509 -5.764 3.464 AX04Q295
6612.189 24.0 4.156 -1.25 "" ""
6612.213 106.00113 2.509 -8.122 3.464 AX04P305
6612.214 607.01314 0.739 -2.892 7.724 0602Qd0335
6612.261 607.01314 0.545 -3.154 7.724 0602Pc0145
6612.289 15.0 8.315 -4.05 "" ""
6612.307 21.0 5.746 -2.27 "" ""
6612.346 607.01314 0.647 -1.827 7.724 0602Qb0255
6612.355 607.01214 1.727 -2.266 7.724 1207Qb0095
6612.365 607.01214 1.732 -2.393 7.724 1207Ra0115
6612.368 607.01214 2.593 -1.874 7.724 1610Qb0305
6612.38 607.01214 1.727 -2.975 7.724 1207Pd0105
6612.394 25.0 6.407 -2.57 "" ""
6612.425 607.01314 0.647 -3.099 7.724 0602Pd0265
6612.44 607.01214 2.593 -3.234 7.724 1610Pd0315
6612.524 607.01314 0.576 -2.789 7.724 0602Qc0185
6612.53 607.01314 0.856 -2.014 7.724 0501Ra0525
6612.535 607.01214 1.704 -2.917 7.724 1207Ra0025
6612.573 607.01214 3.178 -3.558 7.724 2013Pc0255
6612.581 607.01314 0.576 -2.313 7.724 0602Pa0195
6612.593 607.01314 0.786 -4.055 7.724 0400Rc0585
6612.632 20.0 5.827 -4.53 "" ""
6612.651 607.01314 0.725 -1.979 7.724 0602Ra0325
6612.774 607.01314 0.786 -2.173 7.724 0400Qa0595
6612.891 106.00113 1.543 -6.283 3.464 BX15Q015
6612.901 607.01214 1.113 -2.39 7.724 0400Rb0685
6612.906 26.0 5.503 -2.37 "" ""
6612.916 106.00113 1.543 -8.19 3.464 BX15R015
6613.0 607.01314 2.431 -2.891 7.724 1610Qc0205
6613.05 607.01314 2.431 -2.389 7.724 1610Pa0215
6613.076 22.0 2.479 -3.7 "" ""
6613.12 607.01214 1.113 -3.904 7.724 0400Qd0695
6613.173 607.01314 0.979 -2.397 7.724 0400Rb0655
6613.216 23.0 2.682 -2.13 "" ""
6613.376 607.01314 0.979 -3.849 7.724 0400Qd0665
6613.411 607.01214 1.652 -3.242 7.724 1005Pc0425
6613.463 607.01314 0.637 -3.802 7.724 0400Qc0525
6613.466 607.01214 0.84 -1.783 7.724 0501Qb0495
6613.501 607.01214 1.715 -2.828 7.724 1207Pb0065
6613.502 26.0 5.533 -3.6 "" ""
6613.514 28.1 6.571 -4.22 "" ""
6613.587 106.00112 1.034 -7.998 3.464 AX03P055
6613.599 22.0 3.715 -2.02 "" ""
6613.62 22.0 2.493 -2.44 "" ""
6613.622 607.01214 0.84 -3.593 7.724 0501Pd0505
6613.626 22.0 1.459 -3.1 "" ""
6613.626 607.01314 0.637 -2.557 7.724 0400Pa0535
6613.655 607.01214 1.737 -2.356 7.724 1207Ra0125
6613.73 39.1 1.748 -0.83 Biemont11 ""
6613.825 26.0 1.01 -5.93 "" ""
6613.896 607.01214 1.703 -3.013 7.724 1207Ra0015
6613.899 20.0 5.877 -3.65 "" ""
6613.989 106.00112 1.424 -9.251 3.464 BX04P095
6614.048 25.1 6.828 -2.52 "" ""
6614.12 106.00113 2.877 -10.71 3.464 AX05R325
6614.153 607.01214 1.77 -2.253 7.724 1207Rb0165
6614.161 41.0 1.042 -1.81 "" ""
6614.201 607.01214 1.77 -2.706 7.724 1207Qd0175
6614.238 106.00112 1.034 -8.016 3.464 AX03P055
6614.256 607.01214 1.946 -1.388 7.724 0904Qb0645
6614.287 20.0 5.828 -4.67 "" ""
6614.323 23.0 3.645 -3.92 "" ""
6614.343 607.01214 1.946 -3.374 7.724 0904Pd0655
6614.364 607.01314 0.594 -2.269 7.724 0602Pb0205
6614.39 607.01314 0.635 -3.068 7.724 0602Rc0245
6614.464 607.01214 0.616 -4.192 7.724 0400Pc0505
6614.466 607.01314 0.635 -1.828 7.724 0602Qa0255
6614.468 607.01314 0.611 -2.203 7.724 0501Pb0395
6614.509 28.0 5.284 -1.92 "" ""
6614.551 76.0 3.01 -1.74 "" ""
6614.558 607.01214 0.676 -2.885 7.724 0602Qc0265
6614.565 106.00113 1.552 -6.052 3.464 BX15Q025
6614.583 106.00113 1.538 -7.594 3.464 BX15P015
6614.598 106.00113 1.538 -6.275 3.464 BX15Q015
6614.599 106.00113 1.552 -8.238 3.464 BX15R025
6614.643 607.01214 0.676 -2.138 7.724 0602Pa0275
6614.652 607.01214 1.856 -3.136 7.724 1207Rd0265
6614.774 26.1 7.113 -2.79 "" ""
6614.809 21.0 3.867 -3.0 "" ""
6614.812 607.01214 2.532 -2.94 7.724 1610Qc0255
6614.815 22.0 2.406 -3.57 "" ""
6614.832 26.0 5.519 -3.78 "" ""
6614.872 607.01214 2.532 -2.265 7.724 1610Pa0265
6614.905 106.00113 1.543 -7.941 3.464 BX15P025
6614.916 22.0 3.567 -2.48 "" ""
6614.92 106.00113 2.563 -4.674 3.464 AX51P395
6614.929 106.00113 1.543 -6.05 3.464 BX15Q025
6614.952 26.0 5.442 -2.81 "" ""
6614.973 607.01214 0.689 -2.129 7.724 0602Pb0275
6615.037 27.0 5.476 -1.86 "" ""
6615.119 607.01314 2.491 -1.95 7.724 1610Qb0265
6615.126 607.01214 2.181 -1.91 7.724 0601Qb0915
6615.152 20.0 5.878 -4.49 "" ""
6615.183 607.01314 2.491 -3.191 7.724 1610Pd0275
6615.21 607.01214 1.743 -2.322 7.724 1207Ra0135
6615.28 607.01214 2.543 -2.256 7.724 1610Pb0265
6615.29 607.01214 1.732 -2.214 7.724 1207Qb0105
6615.322 607.01214 1.732 -2.966 7.724 1207Pd0115
6615.37 106.00112 1.962 -6.925 3.464 BX15R175
6615.378 23.0 2.721 -4.5 "" ""
6615.413 607.01214 2.181 -4.203 7.724 0601Pd0925
6615.418 76.0 4.992 -0.46 "" ""
6615.514 20.0 5.269 -3.27 "" ""
6615.53 607.01214 1.703 -3.113 7.724 1207Ra0005
6615.553 23.0 1.349 -6.02 "" ""
6615.644 28.0 5.285 -4.02 "" ""
6615.815 22.0 3.715 -2.95 "" ""
6615.828 607.01314 0.726 -1.809 7.724 0501Qb0455
6615.83 26.0 5.454 -3.56 "" ""
6615.864 24.1 4.153 -6.66 "" ""
6615.896 20.0 5.792 -4.21 "" ""
6615.904 106.00113 1.552 -8.123 3.464 BX15P035
6615.938 106.00113 1.552 -5.881 3.464 BX15Q035
6615.941 607.01314 2.407 -3.234 7.724 1610Pc0175
6615.947 60.0 1.335 -0.29 "" ""
6615.968 607.01314 0.726 -3.524 7.724 0501Pd0465
6615.976 112.00124 0.769 -5.118 1.340 03P220b24
6615.992 607.01314 2.48 -3.182 7.724 1610Rc0255
6616.053 607.01314 2.48 -1.951 7.724 1610Qa0265
6616.124 14.0 5.949 -2.85 "" ""
6616.142 607.01214 2.029 -2.834 7.724 0500Pb0935
6616.28 607.01314 2.406 -3.249 7.724 1509Pc0365
6616.283 607.01214 1.113 -2.38 7.724 0400Ra0695
6616.346 58.1 1.812 -1.25 LAWLER ""
6616.444 106.00113 1.97 -4.868 3.464 BX04P215
6616.488 106.00113 1.053 -7.997 3.464 AX03P065
6616.493 106.00113 1.563 -5.881 3.464 BX15Q035
6616.537 106.00113 1.563 -8.264 3.464 BX15R035
6616.582 57.0 0.433 -1.51 "" ""
6616.612 607.01214 0.76 -3.17 7.724 0602Rc0325
6616.625 106.00113 1.97 -8.452 3.464 BX04Q215
6616.67 59.0 1.082 0.35 "" ""
6616.689 106.00113 1.536 -6.742 3.464 BX15Q005
6616.703 26.0 5.33 -3.49 "" ""
6616.71 607.01214 0.71 -3.289 7.724 0501Qc0435
6616.716 607.01214 0.76 -1.706 7.724 0602Qa0335
6616.719 607.01314 0.979 -2.387 7.724 0400Ra0665
6616.729 607.01314 0.524 -4.124 7.724 0400Pc0475
6616.741 68.1 2.97 -0.71 LAWLER ""
6616.752 607.01214 0.613 -3.605 7.724 0501Pc0385
6616.764 106.00113 1.97 -4.64 3.464 BX04P225
6616.801 24.1 4.009 -9.32 "" ""
6616.823 21.0 3.884 -2.24 "" ""
6616.828 26.0 5.503 -3.07 "" ""
6616.849 607.01214 0.71 -2.164 7.724 0501Pa0445
6616.897 106.00112 2.53 -5.225 3.464 AX15Q275
6616.99 607.01214 1.704 -2.933 7.724 1207Qa0025
6616.99 607.01214 1.704 -3.108 7.724 1207Rc0015
6616.995 22.0 3.334 -2.12 "" ""
6617.011 23.0 1.948 -5.85 "" ""
6617.019 607.01214 1.749 -2.29 7.724 1207Ra0145
6617.022 20.0 5.878 -5.36 "" ""
6617.056 28.0 4.232 -3.38 "" ""
6617.057 90.1 1.547 -2.29 "" ""
6617.068 106.00112 2.53 -8.337 3.464 AX15R265
6617.08 607.01214 1.703 -3.161 7.724 1207Rc0005
6617.08 607.01214 1.703 -3.187 7.724 1207Qa0015
6617.093 607.01214 0.878 -1.889 7.724 0602Ra0405
6617.112 27.0 4.471 -0.48 "" ""
6617.136 607.01214 1.718 -2.75 7.724 1207Pb0075
6617.168 607.01214 1.705 -3.06 7.724 1207Rc0025
6617.171 607.01214 1.705 -2.771 7.724 1207Qa0035
6617.223 106.00112 2.53 -7.529 3.464 AX15P275
6617.252 6.0 8.996 -2.89 "" ""
6617.263 38.0 2.25 -0.02 "" ""
6617.269 607.01314 2.449 -2.35 7.724 1610Pb0225
6617.27 21.0 3.884 -2.06 "" ""
6617.322 607.01214 1.777 -2.225 7.724 1207Rb0175
6617.334 106.00113 1.053 -8.018 3.464 AX03P065
6617.34 26.0 5.503 -3.58 "" ""
6617.374 607.01214 1.777 -2.711 7.724 1207Qd0185
6617.394 106.00112 2.53 -5.229 3.464 AX15Q265
6617.401 607.01214 2.181 -4.117 7.724 0601Rc0915
6617.455 106.00113 1.531 -8.078 3.464 AX03P185
6617.464 607.01214 1.946 -3.339 7.724 0904Rc0645
6617.483 106.00113 1.563 -8.237 3.464 BX15P045
6617.52 607.01214 0.84 -3.553 7.724 0501Rc0495
6617.524 112.00124 0.521 -4.687 1.340 03P204b24
6617.527 106.00113 1.563 -5.735 3.464 BX15Q045
6617.559 27.0 4.471 -0.6 "" ""
6617.604 607.01214 1.012 -1.995 7.724 0501Rb0565
6617.612 62.1 1.347 -2.22 "" ""
6617.623 607.01214 1.707 -3.022 7.724 1207Rc0035
6617.631 607.01214 1.707 -2.649 7.724 1207Qa0045
6617.636 607.01214 1.012 -3.351 7.724 0501Qd0575
6617.657 607.01214 1.946 -1.381 7.724 0904Qa0655
6617.688 607.01214 2.181 -1.903 7.724 0601Qa0925
6617.712 607.01214 0.63 -3.212 7.724 0602Pc0225
6617.723 607.01214 0.84 -1.774 7.724 0501Qa0505
6617.777 14.0 6.094 -2.38 "" ""
6617.831 20.0 5.724 -5.32 "" ""
6617.861 25.0 5.881 -4.01 "" ""
6617.89 106.00113 1.452 -9.179 3.464 BX04P105
6617.91 607.01314 0.585 -2.795 7.724 0602Qc0195
6617.964 106.00113 2.551 -7.191 3.464 AX26P245
6617.971 607.01314 0.585 -2.285 7.724 0602Pa0205
6618.045 6.0 8.844 -2.87 "" ""
6618.058 607.01314 0.754 -1.972 7.724 0602Rb0335
6618.069 607.01314 0.552 -3.152 7.724 0602Pc0155
6618.085 21.1 7.466 -0.78 "" ""
6618.129 106.00112 1.595 -8.074 3.464 AX03P195
6618.158 607.01314 0.659 -1.808 7.724 0602Qb0265
6618.161 607.01314 0.754 -2.9 7.724 0602Qd0345
6618.193 607.01314 0.879 -2.017 7.724 0501Rb0525
6618.207 44.0 2.012 -2.18 "" ""
6618.236 607.01314 0.739 -1.966 7.724 0602Ra0335
6618.239 607.01314 0.659 -3.108 7.724 0602Pd0275
6618.277 59.1 1.415 -1.15 "" ""
6618.335 607.01214 0.775 -1.705 7.724 0602Qb0335
6618.34 59.1 1.415 -0.93 LINOHFS ""
6618.348 607.01214 1.709 -2.992 7.724 1207Rc0045
6618.355 607.01314 0.879 -3.29 7.724 0501Qd0535
6618.359 607.01214 1.709 -2.549 7.724 1207Qa0055
6618.379 20.0 5.879 -5.57 "" ""
6618.396 26.0 5.487 -3.04 "" ""
6618.396 26.0 5.503 -4.15 "" ""
6618.442 607.01214 0.775 -3.205 7.724 0602Pd0345
6618.447 607.01214 1.737 -2.168 7.724 1207Qb0115
6618.457 14.0 5.609 -3.1 "" ""
6618.482 607.01214 1.737 -2.961 7.724 1207Pd0125
6618.52 60.0 1.477 0.01 "" ""
6618.573 20.0 4.128 -4.87 "" ""
6618.588 24.0 5.895 -3.67 "" ""
6618.604 607.01214 1.868 -3.145 7.724 1207Rd0275
6618.634 607.01214 2.125 -1.627 7.724 0904Rb0705
