wavelength species excitation loggf disassociation_energy comment
5541.037 21.0045 1.953 -2.21 LAWHFS ""
5541.038 607.01314 0.754 -2.736 7.724 0802Pb0335
5541.039 21.0045 1.953 -2.46 LAWHFS ""
5541.041 21.0045 1.953 -2.01 LAWHFS ""
5541.043 21.0045 1.953 -4.11 LAWHFS ""
5541.045 21.0045 1.953 -2.21 LAWHFS ""
5541.046 21.0045 1.953 -1.94 LAWHFS ""
5541.05 21.0045 1.953 -2.87 LAWHFS ""
5541.052 21.0045 1.953 -2.01 LAWHFS ""
5541.053 21.0045 1.953 -1.97 LAWHFS ""
5541.058 21.0045 1.953 -2.15 LAWHFS ""
5541.061 21.0045 1.953 -1.94 LAWHFS ""
5541.062 21.0045 1.953 -2.16 LAWHFS ""
5541.062 23.0 1.891 -3.68 "" ""
5541.068 106.00112 1.016 -5.426 3.464 BX03R045
5541.068 21.0045 1.953 -1.75 LAWHFS ""
5541.072 21.0045 1.953 -1.97 LAWHFS ""
5541.079 21.0045 1.953 -1.46 LAWHFS ""
5541.08 112.00125 0.348 -1.584 1.340 12R201h25
5541.085 21.0045 1.953 -2.16 LAWHFS ""
5541.152 112.00124 0.384 -3.525 1.340 12R207b24
5541.164 22.0 3.706 -3.64 "" ""
5541.185 106.00112 2.167 -8.159 3.464 AX14R255
5541.196 607.01214 1.737 -2.496 7.724 1407Ra0125
5541.202 607.01314 0.735 -3.592 7.724 0903Rc0015
5541.203 607.01314 0.735 -3.41 7.724 0903Qa0025
5541.206 112.00124 0.384 -0.798 1.340 12Q107h24
5541.226 607.01214 2.406 -2.838 7.724 1810Qc0095
5541.228 27.0 2.872 -3.74 "" ""
5541.237 57.0 1.138 -0.59 "" ""
5541.244 607.01214 2.406 -2.747 7.724 1810Pa0105
5541.26 607.01314 0.734 -3.644 7.724 0903Rc0005
5541.26 607.01314 0.734 -3.665 7.724 0903Qa0015
5541.275 607.01214 0.845 -3.237 7.724 0903Qc0195
5541.284 106.00113 0.985 -5.252 3.464 AX13P025
5541.319 607.01214 0.845 -2.716 7.724 0903Pa0205
5541.322 28.0 5.016 -3.54 "" ""
5541.336 607.01314 0.737 -3.545 7.724 0903Rc0025
5541.341 607.01214 2.464 -2.278 7.724 1810Ra0195
5541.341 607.01314 0.737 -3.247 7.724 0903Qa0035
5541.348 112.00124 0.348 -1.584 1.340 12R201h24
5541.359 112.00124 0.348 -2.35 1.340 12Q101b24
5541.375 607.01314 2.348 -3.187 7.724 1810Rd0075
5541.411 106.00113 0.985 -5.25 3.464 AX13P025
5541.423 607.01314 2.345 -3.213 7.724 1810Rd0065
5541.446 607.01214 0.975 -2.28 7.724 0802Qb0445
5541.471 41.0 1.268 -2.14 "" ""
5541.496 607.01314 0.78 -2.732 7.724 0903Ra0145
5541.503 607.01314 2.352 -3.167 7.724 1810Rd0085
5541.51 607.01214 1.704 -3.251 7.724 1407Rc0015
5541.511 607.01214 0.909 -2.253 7.724 0903Qb0255
5541.518 607.01214 1.703 -3.332 7.724 1407Qa0015
5541.518 607.01214 1.704 -3.078 7.724 1407Qa0025
5541.52 607.01214 1.703 -3.304 7.724 1407Rc0005
5541.521 106.00112 1.484 -5.939 3.464 AX13Q175
5541.525 106.00113 2.612 -4.232 3.464 AX52Q365
5541.528 106.00112 1.484 -3.693 3.464 AX13P185
5541.543 28.0 3.83 -3.12 "" ""
5541.545 607.01214 0.975 -4.079 7.724 0802Pd0455
5541.563 112.00126 0.252 -1.21 1.340 01R210h26
5541.567 607.01214 0.909 -3.543 7.724 0903Pd0265
5541.582 20.0 6.013 -3.86 "" ""
5541.594 26.0 3.298 -4.37 "" ""
5541.603 106.00112 1.898 -5.932 3.464 AX46P075
5541.63 39.0 1.947 -0.72 "" ""
5541.637 24.0 3.548 -2.9 "" ""
5541.641 42.0 3.209 -1.58 "" ""
5541.646 106.00112 1.484 -3.721 3.464 AX13P175
5541.646 607.01314 2.343 -3.248 7.724 1810Rd0055
5541.663 607.01314 0.738 -3.508 7.724 0903Rc0035
5541.665 24.0 4.398 -1.72 "" ""
5541.672 607.01314 0.738 -3.124 7.724 0903Qa0045
5541.683 607.01214 2.422 -2.599 7.724 1810Pb0125
5541.708 607.01214 2.481 -2.271 7.724 1810Rb0205
5541.713 607.01214 1.705 -3.202 7.724 1407Rc0025
5541.718 607.01314 2.964 -1.852 7.724 2112Qb0305
5541.719 607.01214 1.705 -2.916 7.724 1407Qa0035
5541.721 607.01314 1.557 -3.299 7.724 1306Pc0225
5541.743 607.01214 2.481 -2.822 7.724 1810Qd0215
5541.752 607.01314 0.758 -3.523 7.724 0903Pd0105
5541.754 106.00112 1.016 -8.425 3.464 BX03Q055
5541.762 112.00124 1.376 -3.375 1.340 01P244b24
5541.769 607.01214 1.732 -2.359 7.724 1407Qb0105
5541.778 112.00125 0.252 -1.21 1.340 01R210h25
5541.781 26.1 5.253 -4.29 "" ""
5541.79 607.01214 1.732 -3.107 7.724 1407Pd0115
5541.805 106.00113 0.985 -5.494 3.464 AX13Q025
5541.809 607.01314 2.355 -3.153 7.724 1810Rd0095
5541.811 106.00112 1.016 -5.303 3.464 BX03R055
5541.812 607.01314 0.75 -3.228 7.724 0903Pb0075
5541.828 607.01314 0.809 -2.677 7.724 0903Rb0175
5541.838 607.01214 2.428 -3.028 7.724 1810Rc0135
5541.861 23.0 1.852 -3.52 "" ""
5541.865 607.01214 2.428 -2.178 7.724 1810Qa0145
5541.866 607.01314 0.809 -3.293 7.724 0903Qd0185
5541.875 607.01214 0.975 -2.414 7.724 0903Ra0315
5541.878 112.00126 0.671 -0.635 1.340 12P222h26
5541.917 22.0 3.706 -3.55 "" ""
5541.932 106.00113 0.985 -5.5 3.464 AX13Q025
5541.947 25.0 4.329 -3.95 "" ""
5541.95 26.1 5.952 -3.77 "" ""
5541.962 106.00113 0.997 -5.576 3.464 BX03R035
5542.012 112.00124 0.253 -1.21 1.340 01R210h24
5542.018 21.1 7.13 -2.84 "" ""
5542.019 607.01214 0.897 -3.501 7.724 0903Rc0245
5542.044 607.01314 2.341 -3.293 7.724 1810Rd0045
5542.047 106.00112 2.249 -5.313 3.464 AX46Q175
5542.073 607.01214 0.897 -2.255 7.724 0903Qa0255
5542.091 112.00125 0.671 -0.635 1.340 12P222h25
5542.092 112.00124 0.253 -3.097 1.340 01Q110b24
5542.128 607.01214 1.707 -3.162 7.724 1407Rc0035
5542.132 106.00112 1.324 -6.194 3.464 AX24P055
5542.136 607.01214 0.975 -3.701 7.724 0802Rc0445
5542.136 607.01214 1.707 -2.794 7.724 1407Qa0045
5542.139 24.0 3.365 -4.33 "" ""
5542.15 25.0 4.317 -3.64 "" ""
5542.152 106.00112 2.249 -3.305 3.464 AX46P175
5542.162 112.00126 0.252 -1.18 1.340 01R110h26
5542.167 106.00112 2.249 -3.273 3.464 AX46P185
5542.181 607.01314 0.741 -3.48 7.724 0903Rc0045
5542.19 112.00126 0.374 -0.93 1.340 12Q206h26
5542.192 607.01314 0.741 -3.024 7.724 0903Qa0055
5542.196 66.0 2.504 0.01 "" ""
5542.199 106.00113 1.426 -5.917 3.464 AX13Q165
5542.218 607.01214 0.989 -2.421 7.724 0903Rb0315
5542.221 607.01214 1.718 -2.897 7.724 1407Pb0075
5542.222 106.00113 1.426 -3.726 3.464 AX13P175
5542.234 607.01214 0.975 -2.285 7.724 0802Qa0455
5542.245 607.01214 1.788 -4.652 7.724 0902Pc0745
5542.287 607.01214 0.989 -3.317 7.724 0903Qd0325
5542.293 607.01314 2.359 -3.142 7.724 1810Rd0105
5542.306 106.00113 1.426 -3.756 3.464 AX13P165
5542.309 607.01214 1.103 -3.724 7.724 0903Rd0395
5542.315 112.00124 0.672 -0.635 1.340 12P222h24
5542.337 106.00113 0.87 -6.214 3.464 AX02R105
5542.345 607.01314 0.865 -4.401 7.724 0903Rd0245
5542.36 106.00113 0.87 -4.134 3.464 AX02Q105
5542.362 25.0 4.317 -4.1 "" ""
5542.377 112.00125 0.252 -1.18 1.340 01R110h25
5542.378 14.0 4.926 -3.06 "" ""
5542.388 607.01214 2.398 -3.326 7.724 1810Pc0075
5542.39 106.00113 2.16 -8.159 3.464 AX14R255
5542.413 112.00126 0.671 -0.613 1.340 12P122h26
5542.432 112.00125 0.375 -0.93 1.340 12Q206h25
5542.442 23.1 2.368 -6.85 "" ""
5542.448 23.0 2.113 -3.97 "" ""
5542.486 607.01214 2.543 -3.224 7.724 1810Rd0275
5542.488 24.1 6.863 -1.9 "" ""
5542.531 63.0 2.148 -0.33 "" ""
5542.57 106.00112 1.324 -6.212 3.464 AX24P055
5542.598 607.01214 1.743 -2.461 7.724 1407Ra0135
5542.609 112.00124 0.253 -1.18 1.340 01R110h24
5542.609 22.0 3.437 -3.76 "" ""
5542.616 607.01314 2.339 -3.355 7.724 1810Rd0035
5542.627 607.01214 1.834 -3.238 7.724 1407Rd0245
5542.63 112.00125 0.671 -0.613 1.340 12P122h25
5542.649 22.0 2.173 -4.58 "" ""
5542.65 106.00113 0.87 -4.095 3.464 AX02Q115
5542.673 106.00113 0.87 -6.036 3.464 AX02P115
5542.694 112.00124 0.375 -0.93 1.340 12Q206h24
5542.706 112.00124 0.672 -2.993 1.340 12Q222b24
5542.718 23.0 0.017 -3.75 "" ""
5542.725 58.0 0.698 -0.77 "" ""
5542.742 112.00124 0.375 -3.482 1.340 12P106b24
5542.755 607.01214 1.709 -3.132 7.724 1407Rc0045
5542.764 607.01214 1.709 -2.695 7.724 1407Qa0055
5542.771 607.01314 0.763 -2.669 7.724 0903Qb0105
5542.773 21.1 7.138 -2.71 "" ""
5542.808 106.00113 0.998 -8.296 3.464 BX03Q045
5542.81 112.00126 0.348 -1.544 1.340 12R101h26
5542.844 46.0 4.581 0.24 "" ""
5542.849 106.00112 1.666 -6.072 3.464 AX35P085
5542.852 112.00124 0.672 -0.613 1.340 12P122h24
5542.854 106.00113 0.998 -5.426 3.464 BX03R045
5542.869 58.0 1.054 -0.48 "" ""
5542.89 607.01314 0.743 -3.459 7.724 0903Rc0055
5542.89 90.0 1.304 -1.26 "" ""
5542.904 607.01314 0.743 -2.939 7.724 0903Qa0065
5542.921 106.00113 0.985 -5.008 3.464 AX13P035
5542.935 22.0 3.087 -1.8 "" ""
5542.956 607.01314 2.364 -3.135 7.724 1810Rd0115
5542.967 607.01314 0.786 -2.7 7.724 0903Ra0155
5542.979 23.0 2.372 -1.03 "" ""
5543.022 106.00113 0.985 -5.008 3.464 AX13P035
5543.03 26.0 4.188 -4.1 "" ""
5543.046 112.00126 0.374 -0.858 1.340 12Q106h26
5543.046 26.0 3.692 -3.97 "" ""
5543.05 112.00125 0.348 -1.544 1.340 12R101h25
5543.113 42.0 2.595 -1.39 "" ""
5543.147 26.0 3.692 -1.57 "" ""
5543.189 26.0 4.909 -1.22 "" ""
5543.21 23.1 2.375 -6.13 "" ""
5543.245 60.0 1.09 0.3 "" ""
5543.284 23.1 5.463 -2.89 "" ""
5543.287 112.00125 0.375 -0.858 1.340 12Q106h25
5543.303 607.01214 1.77 -2.391 7.724 1407Rb0165
5543.306 112.00124 0.348 -1.544 1.340 12R101h24
5543.307 24.0 5.783 -1.62 "" ""
5543.337 607.01214 1.77 -2.837 7.724 1407Qd0175
5543.348 38.0 2.688 -0.53 "" ""
5543.35 106.00113 0.97 -7.082 3.464 BX03R015
5543.36 607.01314 2.338 -3.441 7.724 1810Rd0025
5543.364 106.00113 2.287 -3.241 3.464 AX46P195
5543.405 112.00124 0.818 -0.689 1.340 01P231b24
5543.425 607.01314 0.735 -4.243 7.724 0903Pa0025
5543.426 607.01314 0.735 -3.769 7.724 0903Qc0015
5543.432 106.00113 2.288 -3.272 3.464 AX46P185
5543.483 28.0 4.232 -2.51 "" ""
5543.498 112.00124 0.375 -3.471 1.340 12R206b24
5543.546 112.00124 0.375 -0.858 1.340 12Q106h24
5543.575 106.00112 1.576 -6.413 3.464 AX02Q235
5543.576 22.0 0.825 -4.7 "" ""
5543.592 607.01214 1.712 -3.108 7.724 1407Rc0055
5543.604 607.01214 1.712 -2.61 7.724 1407Qa0065
5543.691 607.01214 1.704 -3.426 7.724 1407Qc0015
5543.691 607.01214 1.704 -3.913 7.724 1407Pa0025
5543.693 106.00112 1.576 -3.902 3.464 AX02P245
5543.696 607.01214 0.878 -3.731 7.724 0802Qc0395
5543.71 112.00126 0.816 -0.674 1.340 01P131h26
5543.72 106.00112 1.666 -6.098 3.464 AX35P085
5543.739 24.1 3.906 -5.81 "" ""
5543.74 607.01214 1.145 -3.167 7.724 0600Qb0695
5543.746 106.00113 0.871 -6.228 3.464 AX02R105
5543.755 26.1 5.233 -3.93 "" ""
5543.759 26.0 4.431 -4.13 "" ""
5543.77 106.00113 0.871 -4.134 3.464 AX02Q105
5543.779 112.00124 0.818 -3.399 1.340 01Q231b24
5543.784 607.01214 0.878 -2.665 7.724 0802Pa0405
5543.788 607.01314 0.746 -3.444 7.724 0903Rc0065
5543.796 106.00112 1.576 -3.927 3.464 AX02P235
5543.801 607.01314 2.369 -3.13 7.724 1810Rd0125
5543.805 607.01314 0.746 -2.865 7.724 0903Qa0075
5543.806 6.0 8.641 -2.38 "" ""
5543.851 112.00125 0.817 -0.674 1.340 01P131h25
5543.896 607.01214 1.145 -5.256 7.724 0600Pd0705
5543.936 26.0 4.214 -1.14 "" ""
5543.939 607.01314 2.917 -2.881 7.724 2112Qc0265
5543.941 607.01314 1.6 -2.958 7.724 1306Qc0265
5543.952 106.00113 0.871 -4.095 3.464 AX02Q115
5543.955 26.1 5.566 -3.1 "" ""
5543.972 112.00124 0.818 -0.674 1.340 01P131h24
5543.976 106.00113 0.871 -6.024 3.464 AX02P115
5543.983 607.01314 2.886 -3.207 7.724 2112Pc0235
5543.994 607.01314 1.6 -2.303 7.724 1306Pa0275
5543.998 607.01314 2.917 -2.237 7.724 2112Pa0275
5544.001 112.00124 0.565 -2.414 1.340 23P209b24
5544.012 607.01214 2.448 -2.109 7.724 1810Qb0165
5544.02 24.0 3.373 -4.33 "" ""
5544.023 607.01214 0.819 -3.594 7.724 0903Pc0165
5544.031 42.0 3.98 -0.48 "" ""
5544.042 607.01214 2.448 -3.069 7.724 1810Pd0175
5544.051 607.01314 1.612 -2.294 7.724 1306Pb0275
5544.076 607.01214 2.411 -2.826 7.724 1810Qc0105
5544.08 112.00126 0.366 -1.016 1.340 12Q205h26
5544.096 26.0 4.73 -3.98 "" ""
5544.098 607.01214 2.411 -2.69 7.724 1810Pa0115
5544.099 607.01314 0.763 -3.53 7.724 0903Pd0115
5544.11 106.00113 2.288 -5.32 3.464 AX46Q185
5544.207 607.01214 1.749 -2.429 7.724 1407Ra0145
5544.24 607.01314 0.817 -2.649 7.724 0903Rb0185
5544.25 607.01214 1.737 -2.312 7.724 1407Qb0115
5544.265 20.0 5.014 -5.41 "" ""
5544.267 27.0 3.527 -2.23 "" ""
5544.274 607.01214 1.737 -3.101 7.724 1407Pd0125
5544.277 607.01314 2.337 -3.57 7.724 1810Rd0015
5544.281 607.01314 0.817 -3.313 7.724 0903Qd0195
5544.326 112.00125 0.367 -1.016 1.340 12Q205h25
5544.37 112.00126 0.407 -0.684 1.340 01Q218h26
5544.394 106.00112 1.431 -5.887 3.464 AX13Q165
5544.403 607.01214 0.808 -3.963 7.724 0802Pc0355
5544.441 607.01214 2.472 -2.256 7.724 1810Ra0205
5544.452 607.01314 0.737 -3.89 7.724 0903Pa0035
5544.452 607.01314 0.754 -3.159 7.724 0903Pb0085
5544.453 607.01314 0.737 -3.566 7.724 0903Qc0025
5544.466 24.0 5.788 -2.09 "" ""
5544.482 42.0 3.393 -0.84 "" ""
5544.491 607.01214 0.847 -5.301 7.724 0600Pc0595
5544.497 607.01214 0.864 -2.675 7.724 0903Pb0215
5544.503 106.00112 1.431 -3.755 3.464 AX13P165
5544.505 39.0 1.899 -0.44 "" ""
5544.57 106.00112 1.431 -3.725 3.464 AX13P175
5544.578 112.00125 0.407 -0.684 1.340 01Q218h25
5544.593 112.00124 0.367 -1.016 1.340 12Q205h24
5544.593 45.0 3.7 0.18 "" ""
5544.61 39.1 1.738 -0.83 Biemont11 ""
5544.625 58.0 0.515 -0.84 "" ""
5544.625 607.01314 0.793 -2.67 7.724 0903Ra0165
5544.634 112.00124 0.367 -3.428 1.340 12P105b24
5544.638 607.01214 1.715 -3.09 7.724 1407Rc0065
5544.653 607.01214 1.715 -2.537 7.724 1407Qa0075
5544.707 112.00124 0.967 -2.852 1.340 23P227b24
5544.71 607.01214 2.434 -3.031 7.724 1810Rc0145
5544.737 607.01214 2.434 -2.143 7.724 1810Qa0155
5544.741 106.00113 1.376 -5.866 3.464 AX13Q155
5544.772 607.01214 1.705 -3.219 7.724 1407Qc0025
5544.772 607.01214 1.705 -3.562 7.724 1407Pa0035
5544.774 26.1 5.565 -4.1 "" ""
5544.795 112.00126 0.407 -0.66 1.340 01Q118h26
5544.803 112.00124 0.408 -0.684 1.340 01Q218h24
5544.807 92.1 0.568 -2.31 "" ""
5544.815 27.0 4.568 -3.08 "" ""
5544.826 607.01314 2.374 -3.128 7.724 1810Rd0135
5544.833 106.00113 1.376 -3.792 3.464 AX13P155
5544.849 106.00112 2.25 -3.273 3.464 AX46P185
5544.858 23.0 1.05 -2.56 LAWNOHFS ""
5544.859 106.00112 2.25 -5.344 3.464 AX46Q175
5544.875 607.01314 0.75 -3.435 7.724 0903Rc0075
5544.892 57.0 1.204 -0.97 "" ""
5544.894 607.01314 0.75 -2.8 7.724 0903Qa0085
5544.915 106.00113 1.376 -3.759 3.464 AX13P165
5544.915 26.1 6.719 -3.95 "" ""
5544.925 607.01214 1.674 -3.391 7.724 1306Pc0295
5544.936 112.00124 0.408 -4.231 1.340 01P118b24
5544.963 106.00112 2.25 -3.305 3.464 AX46P175
5544.984 607.01314 0.768 -2.62 7.724 0903Qb0115
5544.99 64.1 1.313 -1.58 LAWLER ""
5545.003 112.00125 0.407 -0.66 1.340 01Q118h25
5545.01 59.1 0.922 -0.73 LINOHFS ""
5545.012 607.01314 0.876 -4.511 7.724 0903Rd0255
5545.051 607.01314 2.928 -2.228 7.724 2112Pb0275
5545.055 6.0 8.634 -2.51 "" ""
5545.061 6.0 8.641 -3.9 "" ""
5545.068 112.00126 0.366 -0.928 1.340 12Q105h26
5545.096 112.00124 0.408 -4.231 1.340 01R218b24
5545.102 607.01214 1.722 -2.829 7.724 1407Pb0085
5545.141 25.0 3.133 -5.22 "" ""
5545.172 73.0 1.594 -2.39 "" ""
5545.229 112.00124 0.408 -0.66 1.340 01Q118h24
5545.255 27.0 4.229 -1.46 "" ""
5545.261 25.1 6.18 -7.71 "" ""
5545.271 26.1 2.581 -5.91 "" ""
5545.312 112.00125 0.367 -0.928 1.340 12Q105h25
5545.356 40.0 2.209 -0.43 "" ""
5545.36 607.01314 0.754 -3.607 7.724 0802Qc0335
5545.366 607.01314 2.337 -3.8 7.724 1810Rd0005
5545.381 20.0 5.817 -4.6 "" ""
5545.415 607.01214 2.49 -2.249 7.724 1810Rb0215
5545.432 607.01314 0.754 -2.728 7.724 0802Pa0345
5545.451 607.01214 2.49 -2.828 7.724 1810Qd0225
5545.532 106.00113 1.646 -2.94 3.464 BX13P205
5545.534 112.00124 0.367 -3.409 1.340 12R205b24
5545.549 607.01214 2.428 -2.556 7.724 1810Pb0135
5545.574 112.00124 0.367 -0.928 1.340 12Q105h24
5545.589 106.00113 1.572 -3.903 3.464 AX02P245
5545.608 112.00126 0.36 -1.126 1.340 12Q204h26
5545.632 607.01214 2.402 -3.285 7.724 1810Pc0085
5545.637 112.00124 1.196 -3.087 1.340 12P237b24
5545.672 106.00112 0.988 -5.252 3.464 AX13P025
5545.672 106.00113 1.646 -7.029 3.464 BX13Q205
5545.673 607.01314 0.738 -3.456 7.724 0903Qc0035
5545.675 607.01214 1.845 -3.246 7.724 1407Rd0255
5545.677 607.01314 0.738 -3.678 7.724 0903Pa0045
5545.703 26.0 5.066 -1.27 "" ""
5545.708 106.00113 2.593 -3.059 3.464 AX35P285
5545.729 106.00113 1.572 -6.453 3.464 AX02Q235
5545.753 22.0 2.133 -5.02 "" ""
5545.774 106.00113 1.646 -2.924 3.464 BX13P215
5545.796 23.0 3.284 -2.42 "" ""
5545.805 106.00112 0.988 -5.249 3.464 AX13P025
5545.808 607.01214 1.145 -5.172 7.724 0600Rc0695
5545.836 607.01214 0.854 -3.244 7.724 0903Qc0205
5545.857 112.00125 0.36 -1.126 1.340 12Q204h25
5545.878 106.00113 2.594 -5.488 3.464 AX35Q275
5545.882 607.01214 0.854 -2.69 7.724 0903Pa0215
5545.894 607.01214 1.718 -3.077 7.724 1407Rc0075
5545.91 607.01214 1.718 -2.473 7.724 1407Qa0085
5545.921 23.0 1.063 -1.84 LAWNOHFS ""
5545.922 25.1 6.908 -6.29 "" ""
5545.934 106.00113 1.572 -3.927 3.464 AX02P235
5545.934 27.0 4.11 -0.6 "" ""
5545.949 112.00126 0.643 -0.659 1.340 12P221h26
5545.954 607.01214 1.777 -2.362 7.724 1407Rb0175
5545.964 607.01214 1.145 -3.159 7.724 0600Qa0705
5545.986 607.01214 3.043 -3.288 7.724 2213Rd0065
5545.99 607.01214 1.777 -2.841 7.724 1407Qd0185
5546.01 39.1 1.748 -0.82 Biemont11 ""
5546.011 607.01214 0.991 -3.553 7.724 0600Pb0645
5546.016 607.01214 1.755 -2.398 7.724 1407Ra0155
5546.032 607.01214 3.04 -3.322 7.724 2213Rd0055
5546.035 607.01314 2.38 -3.127 7.724 1810Rd0145
5546.061 607.01214 1.707 -3.104 7.724 1407Qc0035
5546.068 607.01214 1.707 -3.352 7.724 1407Pa0045
5546.07 23.1 6.791 -3.45 "" ""
5546.128 112.00124 0.36 -1.126 1.340 12Q204h24
5546.137 24.0 3.367 -4.45 "" ""
5546.14 607.01214 3.045 -3.262 7.724 2213Rd0075
5546.15 607.01314 0.754 -3.43 7.724 0903Rc0085
5546.161 112.00124 0.36 -3.374 1.340 12P104b24
5546.17 607.01314 0.754 -2.741 7.724 0903Qa0095
5546.171 112.00125 0.644 -0.659 1.340 12P221h25
5546.195 106.00112 0.988 -5.493 3.464 AX13Q025
5546.278 607.01214 3.038 -3.367 7.724 2213Rd0045
5546.289 607.01314 2.338 -3.128 7.724 1810Qd0025
5546.289 607.01314 2.338 -3.394 7.724 1810Rb0015
5546.302 106.00113 2.288 -3.241 3.464 AX46P195
5546.327 106.00112 0.988 -5.5 3.464 AX13Q025
5546.34 607.01314 2.964 -3.148 7.724 2112Rc0305
5546.365 106.00113 2.594 -3.103 3.464 AX35P275
5546.369 607.01314 2.337 -3.668 7.724 1810Rb0005
5546.372 607.01314 2.337 -3.26 7.724 1810Qd0015
5546.378 607.01214 0.921 -2.235 7.724 0903Qb0265
5546.38 607.01314 2.339 -3.035 7.724 1810Qd0035
5546.38 607.01314 2.339 -3.222 7.724 1810Rb0025
5546.385 607.01214 0.896 -2.669 7.724 0802Pb0405
5546.401 112.00124 0.645 -0.659 1.340 12P221h24
5546.421 23.0 1.042 -3.47 "" ""
5546.421 6.0 8.636 -4.31 "" ""
5546.424 21.0 1.968 -1.83 "" ""
5546.436 607.01214 0.921 -3.552 7.724 0903Pd0275
5546.439 25.1 6.86 -4.84 "" ""
5546.461 607.01314 0.801 -2.643 7.724 0903Ra0175
5546.489 112.00126 0.643 -0.636 1.340 12P121h26
5546.496 607.01214 3.049 -3.243 7.724 2213Rd0085
5546.505 106.00113 2.289 -3.272 3.464 AX46P185
5546.506 26.0 4.368 -1.31 "" ""
5546.512 58.0 0.69 -0.67 "" ""
5546.544 607.01214 2.555 -3.232 7.724 1810Rd0285
5546.546 106.00112 0.873 -6.213 3.464 AX02R105
5546.551 607.01214 0.909 -3.509 7.724 0903Rc0255
5546.571 106.00112 0.873 -4.133 3.464 AX02Q105
5546.579 607.01214 0.989 -2.399 7.724 0903Ra0325
5546.599 607.01314 0.768 -3.543 7.724 0903Pd0125
5546.608 607.01214 0.909 -2.236 7.724 0903Qa0265
5546.623 607.01314 2.337 -3.43 7.724 1810Qd0005
5546.645 607.01314 2.341 -2.968 7.724 1810Qd0045
5546.645 607.01314 2.341 -3.093 7.724 1810Rb0035
5546.674 106.00113 0.692 -4.744 3.464 AX02R035
5546.679 607.01314 0.737 -4.398 7.724 0903Pc0025
5546.691 25.1 6.86 -3.63 "" ""
5546.709 24.0 5.784 -2.27 "" ""
5546.714 112.00125 0.644 -0.636 1.340 12P121h25
5546.714 24.0 2.98 -3.83 "" ""
5546.723 607.01214 3.036 -3.428 7.724 2213Rd0035
5546.742 112.00126 0.354 -1.278 1.340 12Q203h26
5546.784 23.1 6.491 -2.92 "" ""
5546.786 112.00126 0.36 -1.013 1.340 12Q104h26
5546.803 112.00124 0.645 -2.975 1.340 12Q221b24
5546.81 106.00113 0.997 -4.833 3.464 AX13P035
5546.824 607.01314 0.826 -2.623 7.724 0903Rb0195
5546.836 76.0 4.228 -0.15 "" ""
5546.862 106.00112 0.873 -4.094 3.464 AX02Q115
5546.866 607.01314 0.826 -3.336 7.724 0903Qd0205
5546.887 106.00112 0.873 -6.036 3.464 AX02P115
5546.903 106.00113 0.692 -4.744 3.464 AX02R035
5546.908 607.01214 1.742 -2.269 7.724 1407Qb0125
5546.911 607.01314 0.697 -3.934 7.724 0802Pc0295
5546.935 607.01214 1.743 -3.098 7.724 1407Pd0135
5546.942 15.0 7.411 -2.69 "" ""
5546.945 112.00124 0.645 -0.636 1.340 12P121h24
5546.953 607.01214 1.705 -4.054 7.724 1407Pc0025
5546.965 27.0 4.229 -0.75 "" ""
5546.991 26.0 4.214 -1.91 "" ""
5546.994 112.00125 0.355 -1.278 1.340 12Q203h25
5547.009 22.0 3.145 -1.9 "" ""
5547.023 106.00113 0.997 -4.831 3.464 AX13P035
5547.033 112.00125 0.36 -1.013 1.340 12Q104h25
5547.054 607.01214 3.052 -3.229 7.724 2213Rd0095
5547.056 23.0 1.08 -1.25 LAWNOHFS ""
5547.058 46.0 4.581 0.06 "" ""
5547.069 112.00126 0.346 -1.794 1.340 12R100h26
5547.079 58.1 1.273 -2.15 LAWLER ""
5547.085 607.01314 2.343 -2.918 7.724 1810Qd0055
5547.085 607.01314 2.343 -2.989 7.724 1810Rb0045
5547.087 607.01314 0.741 -3.386 7.724 0903Qc0045
5547.098 27.0 4.501 -3.85 "" ""
5547.098 607.01314 0.741 -3.524 7.724 0903Pa0055
5547.102 106.00113 1.916 -5.929 3.464 AX46P085
5547.149 607.01214 2.416 -2.818 7.724 1810Qc0115
5547.157 106.00113 0.997 -5.468 3.464 AX13Q035
5547.173 607.01214 2.416 -2.638 7.724 1810Pa0125
5547.184 106.00113 2.289 -5.352 3.464 AX46Q185
5547.205 607.01214 1.004 -2.406 7.724 0903Rb0325
5547.235 22.0 3.706 -3.13 "" ""
5547.25 607.01314 0.758 -3.097 7.724 0903Pb0095
5547.265 112.00124 0.36 -3.341 1.340 12R204b24
5547.267 112.00124 0.355 -1.278 1.340 12Q203h24
5547.267 6.0 8.634 -2.34 "" ""
5547.267 66.0 0.0 -1.51 "" ""
5547.276 607.01214 1.004 -3.325 7.724 0903Qd0335
5547.282 25.1 6.908 -4.2 "" ""
5547.293 112.00124 0.355 -3.334 1.340 12P103b24
5547.298 112.00124 0.36 -1.013 1.340 12Q104h24
5547.314 112.00125 0.347 -1.794 1.340 12R100h25
5547.321 106.00112 0.988 -5.007 3.464 AX13P035
5547.323 607.01314 0.774 -2.575 7.724 0903Qb0125
5547.326 106.00112 1.432 -5.916 3.464 AX13Q165
5547.352 106.00112 1.432 -3.725 3.464 AX13P175
5547.357 607.01214 1.722 -3.068 7.724 1407Rc0085
5547.367 607.01214 3.035 -3.513 7.724 2213Rd0025
5547.369 21.0 4.419 -2.57 "" ""
5547.37 106.00113 0.997 -5.476 3.464 AX13Q035
5547.375 607.01214 1.722 -2.415 7.724 1407Qa0095
5547.413 112.00126 0.35 -1.534 1.340 12Q202h26
5547.419 112.00124 0.198 -2.79 1.340 01R105b24
5547.422 106.00112 0.988 -5.007 3.464 AX13P035
5547.428 607.01314 2.386 -3.128 7.724 1810Rd0155
5547.433 63.0 1.601 -0.06 "" ""
5547.436 106.00112 1.432 -3.755 3.464 AX13P165
5547.441 106.00113 2.615 -1.186 3.464 AX52P375
5547.466 112.00124 0.578 -2.456 1.340 23P210b24
5547.501 58.0 0.781 -0.75 "" ""
5547.566 607.01214 1.709 -3.028 7.724 1407Qc0045
5547.57 106.00113 0.692 -5.705 3.464 AX02Q045
5547.574 112.00124 0.347 -1.794 1.340 12R100h24
5547.574 607.01214 1.709 -3.201 7.724 1407Pa0055
5547.587 106.00113 1.377 -5.894 3.464 AX13Q155
5547.61 607.01214 1.121 -3.73 7.724 0903Rd0405
5547.611 607.01314 0.758 -3.429 7.724 0903Rc0095
5547.633 25.1 6.181 -4.37 "" ""
5547.634 607.01314 0.758 -2.688 7.724 0903Qa0105
5547.634 607.01314 2.337 -3.43 7.724 1810Qb0005
5547.635 106.00113 1.377 -3.76 3.464 AX13P165
5547.642 607.01314 2.337 -3.731 7.724 1810Pd0015
5547.659 607.01314 1.567 -3.303 7.724 1306Pc0235
5547.667 112.00125 0.351 -1.534 1.340 12Q202h25
5547.679 106.00113 1.377 -3.792 3.464 AX13P155
5547.694 607.01314 2.345 -2.88 7.724 1810Qd0065
5547.694 607.01314 2.345 -2.901 7.724 1810Rb0055
5547.752 106.00113 0.692 -4.656 3.464 AX02R045
5547.754 607.01214 2.481 -2.234 7.724 1810Ra0215
5547.757 106.00113 0.692 -5.698 3.464 AX02Q045
5547.788 607.01214 2.456 -2.079 7.724 1810Qb0175
5547.798 607.01214 2.441 -3.034 7.724 1810Rc0155
5547.817 607.01214 2.456 -3.073 7.724 1810Pd0185
5547.817 607.01214 3.057 -3.219 7.724 2213Rd0105
5547.825 607.01214 2.441 -2.111 7.724 1810Qa0165
5547.859 607.01314 0.887 -4.637 7.724 0903Rd0265
5547.869 607.01314 0.769 -2.722 7.724 0802Pb0345
5547.93 106.00113 1.916 -5.954 3.464 AX46P085
5547.939 106.00113 0.692 -4.657 3.464 AX02R045
5547.946 112.00124 0.351 -1.534 1.340 12Q202h24
5547.965 112.00124 0.351 -3.372 1.340 12P102b24
5547.973 106.00112 0.874 -6.227 3.464 AX02R105
5547.998 106.00112 0.874 -4.133 3.464 AX02Q105
5548.005 106.00113 0.998 -4.682 3.464 AX13P045
5548.027 607.01214 1.762 -2.37 7.724 1407Ra0165
5548.042 92.1 1.55 -1.59 "" ""
5548.129 24.1 6.479 -3.72 "" ""
5548.152 607.01214 1.727 -2.768 7.724 1407Pb0095
5548.176 90.0 0.788 -1.5 "" ""
5548.183 106.00112 0.874 -4.094 3.464 AX02Q115
5548.184 106.00113 0.998 -4.683 3.464 AX13P045
5548.207 607.01214 3.034 -3.642 7.724 2213Rd0015
5548.208 106.00112 0.874 -6.024 3.464 AX02P115
5548.21 64.0 1.547 -0.54 "" ""
5548.214 112.00126 0.354 -1.119 1.340 12Q103h26
5548.24 6.0 8.634 -2.93 "" ""
5548.298 59.1 0.959 -1.22 "" ""
5548.308 24.0 3.11 -6.51 "" ""
5548.32 73.0 2.134 -1.65 "" ""
5548.362 112.00124 0.935 -2.836 1.340 23P226b24
5548.403 607.01314 2.338 -3.194 7.724 1810Qb0015
5548.408 607.01314 2.338 -3.499 7.724 1810Pd0025
5548.43 607.01214 0.991 -4.959 7.724 0600Qc0645
5548.433 112.00126 0.239 -1.248 1.340 01R209h26
5548.45 60.1 0.55 -1.27 LAWLER ""
5548.462 112.00125 0.355 -1.119 1.340 12Q103h25
5548.465 27.0 2.875 -5.29 "" ""
5548.476 607.01314 2.348 -2.826 7.724 1810Rb0065
5548.479 607.01314 0.809 -2.617 7.724 0903Ra0185
5548.483 607.01314 2.348 -2.85 7.724 1810Qd0075
5548.516 15.0 7.207 -1.89 "" ""
5548.523 106.00112 1.0 -5.575 3.464 BX03R035
5548.554 26.0 5.082 -2.12 "" ""
5548.567 20.0 5.014 -4.74 "" ""
5548.576 607.01214 0.991 -3.546 7.724 0600Pa0655
5548.585 24.0 3.419 -2.1 "" ""
5548.659 112.00125 0.239 -1.248 1.340 01R209h25
5548.679 60.1 1.281 -0.93 "" ""
5548.688 106.00113 1.689 -6.091 3.464 AX35P095
5548.693 607.01314 0.743 -3.34 7.724 0903Qc0055
5548.704 112.00124 0.355 -3.265 1.340 12R203b24
5548.705 607.01314 0.743 -3.402 7.724 0903Pa0065
5548.73 112.00124 0.355 -1.119 1.340 12Q103h24
5548.785 607.01214 3.061 -3.213 7.724 2213Rd0115
5548.791 106.00112 1.579 -3.903 3.464 AX02P245
5548.791 607.01214 1.786 -2.335 7.724 1407Rb0185
5548.792 607.01314 0.738 -4.097 7.724 0903Pc0035
5548.794 58.0 0.159 -0.66 "" ""
5548.8 25.0 5.083 -3.74 "" ""
5548.813 23.1 4.241 -3.4 "" ""
5548.825 106.00113 2.331 -5.602 3.464 AX03R315
5548.829 607.01214 1.786 -2.846 7.724 1407Qd0195
5548.875 106.00112 1.579 -6.452 3.464 AX02Q235
5548.899 106.00112 2.297 -5.319 3.464 AX46Q185
5548.902 6.0 8.641 -1.76 "" ""
5548.906 112.00124 0.239 -1.248 1.340 01R209h24
5548.913 607.01214 1.856 -3.253 7.724 1407Rd0265
5548.934 106.00113 1.341 -6.197 3.464 AX24P065
5548.945 62.0 0.036 -1.33 "" ""
5548.963 607.01214 0.827 -3.596 7.724 0903Pc0175
5548.964 23.1 6.84 -4.2 "" ""
5548.978 112.00124 0.239 -3.057 1.340 01Q109b24
5549.006 607.01314 2.392 -3.13 7.724 1810Rd0165
5549.008 106.00112 2.297 -3.24 3.464 AX46P195
5549.018 106.00112 2.297 -3.271 3.464 AX46P185
5549.028 607.01214 1.727 -3.061 7.724 1407Rc0095
5549.042 14.0 7.638 -3.92 "" ""
5549.05 607.01214 1.727 -2.363 7.724 1407Qa0105
5549.056 112.00126 0.239 -1.215 1.340 01R109h26
5549.098 106.00112 1.579 -3.927 3.464 AX02P235
5549.098 106.00113 2.331 -7.564 3.464 AX03Q315
5549.101 20.0 5.177 -3.12 "" ""
5549.112 607.01214 2.406 -3.255 7.724 1810Pc0095
5549.12 607.01214 1.707 -3.751 7.724 1407Pc0035
5549.144 24.0 3.008 -2.88 "" ""
5549.233 22.0 3.421 -3.95 "" ""
5549.238 26.1 5.566 -4.06 "" ""
5549.245 607.01214 3.034 -3.871 7.724 2213Rd0005
5549.252 607.01314 0.774 -3.56 7.724 0903Pd0135
5549.257 607.01314 0.763 -3.431 7.724 0903Rc0105
5549.267 22.0 2.159 -2.41 LAWLER ""
5549.28 607.01314 0.763 -2.64 7.724 0903Qa0115
5549.282 112.00125 0.239 -1.215 1.340 01R109h25
5549.282 607.01214 1.712 -2.974 7.724 1407Qc0055
5549.284 24.0 3.885 -3.38 "" ""
5549.293 607.01214 1.712 -3.082 7.724 1407Pa0065
5549.325 607.01214 2.5 -2.227 7.724 1810Rb0225
5549.34 106.00113 2.331 -5.56 3.464 AX03R305
5549.342 607.01314 2.339 -3.011 7.724 1810Qb0025
5549.346 607.01314 2.339 -3.368 7.724 1810Pd0035
5549.362 607.01214 2.5 -2.834 7.724 1810Qd0235
5549.378 106.00112 1.0 -8.295 3.464 BX03Q045
5549.381 112.00126 0.35 -1.262 1.340 12Q102h26
5549.407 106.00113 0.985 -5.772 3.464 BX03R025
5549.427 106.00112 1.0 -5.425 3.464 BX03R045
5549.436 607.01314 2.352 -2.759 7.724 1810Rb0075
5549.447 607.01314 2.352 -2.828 7.724 1810Qd0085
5549.506 106.00113 1.341 -6.217 3.464 AX24P065
5549.526 112.00124 0.239 -1.215 1.340 01R109h24
5549.549 20.0 6.017 -8.57 "" ""
5549.554 26.0 4.383 -1.37 "" ""
5549.58 607.01314 0.835 -2.598 7.724 0903Rb0205
5549.585 112.00124 1.038 -4.834 1.340 02R133b24
5549.61 607.01214 2.434 -2.517 7.724 1810Pb0145
5549.62 106.00113 1.329 -5.843 3.464 AX13Q145
5549.625 607.01314 0.835 -3.361 7.724 0903Qd0215
5549.631 112.00125 0.351 -1.262 1.340 12Q102h25
5549.634 607.01214 0.875 -2.652 7.724 0903Pb0225
5549.651 26.0 4.987 -1.69 "" ""
5549.655 21.0045 1.865 -2.19 LAWHFS ""
5549.656 21.0045 1.865 -3.09 LAWHFS ""
5549.661 112.00126 0.617 -0.733 1.340 12P220h26
5549.663 607.01314 2.338 -3.731 7.724 1810Pb0015
5549.667 21.0045 1.865 -3.09 LAWHFS ""
5549.668 21.0045 1.865 -2.38 LAWHFS ""
5549.669 21.0045 1.865 -2.89 LAWHFS ""
5549.678 21.0045 1.865 -2.89 LAWHFS ""
5549.679 21.0045 1.865 -2.6 LAWHFS ""
5549.68 21.0045 1.865 -2.83 LAWHFS ""
5549.688 21.0045 1.865 -2.83 LAWHFS ""
5549.689 21.0045 1.865 -2.86 LAWHFS ""
5549.69 21.0045 1.865 -2.83 LAWHFS ""
5549.696 106.00113 1.329 -3.831 3.464 AX13P145
5549.696 21.0045 1.865 -2.83 LAWHFS ""
5549.697 21.0045 1.865 -2.9 LAWHFS ""
5549.697 21.0045 1.865 -3.19 LAWHFS ""
5549.702 21.0045 1.865 -2.9 LAWHFS ""
5549.702 21.0045 1.865 -3.64 LAWHFS ""
5549.703 21.0045 1.865 -3.04 LAWHFS ""
5549.706 21.0045 1.865 -3.04 LAWHFS ""
5549.706 21.0045 1.865 -3.32 LAWHFS ""
5549.706 21.0045 1.865 -4.34 LAWHFS ""
5549.708 21.0045 1.865 -3.32 LAWHFS ""
5549.716 607.01214 1.344 -3.375 7.724 0600Rb0755
5549.735 106.00113 1.69 -6.12 3.464 AX35P095
5549.746 607.01214 1.749 -2.229 7.724 1407Qb0135
5549.76 607.01314 1.612 -2.961 7.724 1306Qc0275
5549.772 106.00112 1.381 -5.865 3.464 AX13Q155
5549.775 607.01214 1.749 -3.097 7.724 1407Pd0145
5549.795 607.01314 0.78 -2.534 7.724 0903Qb0135
5549.804 76.0 4.104 -0.62 "" ""
5549.813 106.00113 1.329 -3.796 3.464 AX13P155
5549.815 607.01314 1.612 -2.285 7.724 1306Pa0285
5549.866 106.00112 1.381 -3.791 3.464 AX13P155
5549.881 112.00124 0.351 -3.188 1.340 12R202b24
5549.886 607.01214 1.344 -4.959 7.724 0600Qd0765
5549.891 112.00125 0.618 -0.733 1.340 12P220h25
5549.9 112.00124 0.351 -1.262 1.340 12Q102h24
5549.937 24.1 6.863 -2.5 "" ""
5549.946 106.00112 0.973 -7.081 3.464 BX03R015
5549.949 26.0 3.692 -2.91 "" ""
5549.96 607.01214 3.066 -3.209 7.724 2213Rd0125
5549.963 106.00112 1.381 -3.759 3.464 AX13P165
5550.033 58.1 1.278 -0.96 LAWLER ""
5550.08 60.1 1.228 -0.98 LAWLER ""
5550.141 112.00124 0.618 -0.733 1.340 12P220h24
5550.146 607.01314 1.624 -2.276 7.724 1306Pb0285
5550.153 21.0 3.17 -0.98 "" ""
5550.154 607.01214 0.996 -2.269 7.724 0802Qb0455
5550.197 64.0 0.864 -1.36 "" ""
5550.207 112.00126 0.617 -0.707 1.340 12P120h26
5550.207 607.01214 1.558 -5.303 7.724 0600Rd0825
5550.213 607.01314 0.763 -3.041 7.724 0903Pb0105
5550.217 112.00126 0.383 -0.709 1.340 01Q217h26
5550.228 607.01214 3.035 -3.464 7.724 2213Rb0015
5550.239 607.01214 1.77 -2.342 7.724 1407Ra0175
5550.242 607.01214 3.035 -3.199 7.724 2213Qd0025
5550.254 607.01214 3.034 -3.738 7.724 2213Rb0005
5550.255 607.01214 0.996 -4.101 7.724 0802Pd0465
5550.262 607.01214 3.034 -3.331 7.724 2213Qd0015
5550.345 607.01314 2.928 -2.889 7.724 2112Qc0275
5550.353 25.0 5.487 -1.63 "" ""
5550.355 112.00126 0.348 -1.478 1.340 12Q101h26
5550.362 112.00126 0.779 -0.707 1.340 01P230h26
5550.399 62.0 0.185 -0.72 "" ""
5550.4 607.01214 3.036 -3.292 7.724 2213Rb0025
5550.402 607.01214 0.996 -3.68 7.724 0802Rc0455
5550.405 21.0 2.292 -1.63 "" ""
5550.406 607.01314 2.928 -2.219 7.724 2112Pa0285
5550.419 607.01214 3.036 -3.107 7.724 2213Qd0035
5550.435 112.00125 0.383 -0.709 1.340 01Q217h25
5550.439 112.00125 0.618 -0.707 1.340 12P120h25
5550.442 607.01214 2.422 -2.812 7.724 1810Qc0125
5550.45 607.01314 2.341 -2.872 7.724 1810Qb0035
5550.456 607.01314 2.341 -3.281 7.724 1810Pd0045
5550.467 607.01214 2.422 -2.591 7.724 1810Pa0135
5550.472 20.0 5.485 -4.32 "" ""
5550.473 21.0 3.081 -2.32 "" ""
5550.478 607.01214 3.034 -3.5 7.724 2213Qd0005
5550.492 607.01314 0.746 -3.31 7.724 0903Qc0065
5550.503 607.01214 0.996 -2.276 7.724 0802Qa0465
5550.508 607.01314 0.746 -3.302 7.724 0903Pa0075
5550.526 106.00113 0.985 -8.117 3.464 BX03Q035
5550.532 607.01314 2.896 -3.212 7.724 2112Pc0245
5550.535 112.00125 0.779 -0.707 1.340 01P230h25
5550.55 112.00124 0.618 -2.928 1.340 12Q220b24
5550.563 112.00124 0.592 -2.494 1.340 23P211b24
5550.564 106.00113 0.985 -5.572 3.464 BX03R035
5550.569 25.0 3.376 -5.07 "" ""
5550.579 106.00113 2.376 -1.925 3.464 AX51R375
5550.58 607.01314 2.355 -2.7 7.724 1810Rb0085
5550.588 607.01214 0.864 -3.251 7.724 0903Qc0215
5550.589 607.01314 2.355 -2.811 7.724 1810Qd0095
5550.606 112.00125 0.348 -1.478 1.340 12Q101h25
5550.609 72.0 0.0 -1.9 "" ""
5550.636 607.01214 0.864 -2.665 7.724 0903Pa0225
5550.648 106.00113 2.616 -4.292 3.464 AX52Q365
5550.649 112.00126 0.383 -0.684 1.340 01Q117h26
5550.65 24.0 3.085 -6.09 "" ""
5550.657 58.0 0.517 -0.84 "" ""
5550.671 106.00113 2.406 -6.725 3.464 AX13P315
5550.673 112.00124 0.384 -0.709 1.340 01Q217h24
5550.677 607.01314 0.817 -2.592 7.724 0903Ra0195
5550.687 112.00124 0.619 -0.707 1.340 12P120h24
5550.688 112.00124 0.78 -0.707 1.340 01P230h24
5550.769 607.01214 3.038 -3.163 7.724 2213Rb0035
5550.769 607.01314 2.399 -3.133 7.724 1810Rd0175
5550.794 607.01214 3.038 -3.04 7.724 2213Qd0045
5550.8 112.00124 0.384 -4.208 1.340 01P117b24
5550.81 607.01214 2.567 -3.24 7.724 1810Rd0295
5550.864 112.00124 0.348 -3.151 1.340 12R201b24
5550.868 112.00125 0.383 -0.684 1.340 01Q117h25
5550.875 112.00124 0.348 -1.478 1.340 12Q101h24
5550.892 607.01314 0.899 -4.782 7.724 0903Rd0275
5550.904 607.01214 1.732 -3.058 7.724 1407Rc0105
5550.926 607.01214 1.732 -2.315 7.724 1407Qa0115
5550.945 112.00126 0.779 -0.691 1.340 01P130h26
5550.977 112.00124 0.384 -4.208 1.340 01R217b24
5550.999 39.0 2.0 -0.89 "" ""
