wavelength species excitation loggf disassociation_energy comment
7445.288 106.00112 1.598 -6.094 3.464 AX15P065
7445.297 607.01214 2.493 -1.532 7.724 0602Ra0945
7445.306 607.01214 0.909 -2.995 7.724 0603Rd0265
7445.408 62.0 2.267 0.39 "" ""
7445.425 607.01314 0.951 -1.644 7.724 0401Ra0565
7445.438 607.01214 2.761 -3.926 7.724 1611Pd0275
7445.452 607.01214 2.7 -3.096 7.724 1611Pa0215
7445.497 607.01214 0.887 -1.417 7.724 0401Qb0515
7445.516 607.01314 2.717 -3.047 7.724 1611Ra0285
7445.519 607.01214 0.754 -2.574 7.724 0603Qb0035
7445.534 607.01214 0.754 -3.002 7.724 0603Pd0045
7445.582 607.01214 2.696 -4.024 7.724 0400Qd1095
7445.607 607.01214 2.156 -2.317 7.724 0400Pb0965
7445.656 106.00112 1.581 -6.228 3.464 AX15P055
7445.694 26.0 2.277 -5.31 "" ""
7445.705 607.01214 0.887 -3.261 7.724 0401Pd0525
7445.707 24.0 5.176 -0.53 "" ""
7445.728 607.01214 2.7 -3.643 7.724 1611Qc0205
7445.75 106.00112 1.369 -7.97 3.464 AX04Q085
7445.751 26.0 4.253 -0.23 DEN14 ""
7445.796 106.00112 1.369 -6.583 3.464 AX04R085
7445.907 607.01314 1.864 -2.207 7.724 1107Rb0295
7445.967 22.0 3.567 -2.05 "" ""
7446.01 607.01314 1.864 -2.994 7.724 1107Qd0305
7446.029 62.0 0.185 -3.07 "" ""
7446.044 607.01214 1.848 -1.894 7.724 1006Pb0405
7446.056 26.0 5.422 -3.58 "" ""
7446.068 20.0 6.0 -5.03 "" ""
7446.134 25.0 4.723 -2.46 "" ""
7446.148 607.01214 1.177 -1.899 7.724 0300Ra0715
7446.151 20.0 5.987 -4.74 "" ""
7446.155 607.01214 2.762 -2.692 7.724 1611Qb0265
7446.193 607.01314 2.655 -3.969 7.724 1611Rc0215
7446.256 607.01314 2.655 -2.829 7.724 1611Qa0225
7446.317 20.0 6.0 -4.32 "" ""
7446.336 26.0 5.695 -3.87 "" ""
7446.46 607.01314 0.866 -1.683 7.724 0300Qb0615
7446.527 607.01314 0.585 -2.938 7.724 0502Pc0195
7446.61 20.0 5.87 -6.56 "" ""
7446.695 607.01214 0.791 -2.21 7.724 0603Rb0125
7446.7 23.0 3.242 -0.96 "" ""
7446.702 607.01314 0.866 -3.647 7.724 0300Pd0625
7446.747 607.01214 0.791 -2.546 7.724 0603Qd0135
7446.783 45.0 3.97 0.11 "" ""
7446.79 607.01214 2.75 -2.693 7.724 1611Qa0265
7446.816 22.0 3.715 -3.4 "" ""
7446.865 16.0 8.41 -1.53 "" ""
7446.89 26.0 5.102 -2.45 "" ""
7446.987 607.01314 0.559 -3.201 7.724 0401Pc0365
7447.003 22.0 3.587 -3.62 "" ""
7447.011 607.01214 3.462 -5.573 7.724 2115Rd0075
7447.072 607.01214 1.065 -1.63 7.724 0401Ra0595
7447.107 607.01214 3.466 -5.54 7.724 2115Rd0085
7447.125 607.01314 2.596 -4.017 7.724 1611Pc0135
7447.197 607.01314 1.068 -1.9 7.724 0300Ra0695
7447.216 607.01214 3.46 -5.613 7.724 2115Rd0065
7447.361 42.0 3.907 -0.58 "" ""
7447.394 26.0 4.952 -1.24 "" ""
7447.397 607.01314 1.707 -3.285 7.724 1107Pc0125
7447.416 607.01214 2.75 -3.968 7.724 1611Rc0255
7447.431 26.0 5.616 -1.79 "" ""
7447.442 607.01214 1.777 -3.266 7.724 1107Pc0175
7447.491 607.01214 0.756 -2.46 7.724 0603Qb0045
7447.503 607.01214 3.469 -5.512 7.724 2115Rd0095
7447.51 607.01214 0.756 -2.943 7.724 0603Pd0055
7447.578 106.00112 1.949 -9.114 3.464 BX16R105
7447.623 607.01214 1.889 -1.683 7.724 0905Pb0535
7447.629 16.0 8.41 -1.23 "" ""
7447.629 16.0 8.41 -1.53 "" ""
7447.633 607.01214 2.255 -3.485 7.724 0602Rc0875
7447.662 607.01314 1.775 -3.18 7.724 1107Rc0215
7447.694 607.01214 1.813 -2.936 7.724 1107Qc0215
7447.71 607.01214 0.632 -3.265 7.724 0401Pc0395
7447.718 607.01214 3.457 -5.66 7.724 2115Rd0055
7447.737 21.0 6.061 -2.69 "" ""
7447.738 607.01314 1.775 -2.04 7.724 1107Qa0225
7447.742 106.00113 1.8 -8.453 3.464 AX04Q185
7447.773 607.01214 1.813 -2.349 7.724 1107Pa0225
7447.816 106.00112 3.002 -12.03 3.464 AX06R315
7447.849 90.0 1.393 -2.03 "" ""
7447.875 106.00113 2.563 -4.493 3.464 AX51Q395
7447.886 607.01214 2.42 -1.943 7.724 0400Qb1025
7447.959 26.0 5.519 -2.69 "" ""
7447.969 106.00113 1.8 -6.087 3.464 AX04P195
7447.974 607.01214 2.255 -1.289 7.724 0602Qa0885
7447.978 607.01314 1.851 -2.199 7.724 1107Ra0295
7448.003 106.00113 1.8 -6.118 3.464 AX04P185
7448.123 24.0 5.176 -1.36 "" ""
7448.153 20.0 5.923 -5.26 "" ""
7448.203 23.0 3.874 -3.69 "" ""
7448.204 607.01214 3.473 -5.487 7.724 2115Rd0105
7448.245 607.01214 0.955 -1.641 7.724 0502Rb0435
7448.253 21.0 3.862 -4.07 "" ""
7448.257 24.0 4.609 -4.4 "" ""
7448.258 20.0 3.91 -2.33 LAWLER ""
7448.264 607.01314 0.647 -1.93 7.724 0502Pb0255
7448.28 70.0 3.067 -0.88 "" ""
7448.297 607.01214 2.42 -4.332 7.724 0400Pd1035
7448.321 607.01214 0.752 -3.163 7.724 0603Pb0025
7448.401 607.01214 2.696 -2.163 7.724 0400Ra1095
7448.419 607.01214 0.955 -2.792 7.724 0502Qd0445
7448.516 607.01214 3.455 -5.718 7.724 2115Rd0045
7448.569 607.01214 0.961 -3.655 7.724 0300Rc0635
7448.59 607.01314 0.724 -1.502 7.724 0502Qb0315
7448.592 20.0 6.03 -4.41 "" ""
7448.597 607.01314 0.71 -2.904 7.724 0502Rc0305
7448.619 607.01214 1.762 -3.231 7.724 1006Pc0355
7448.708 60.1 1.599 -1.27 "" ""
7448.711 607.01314 0.725 -2.929 7.724 0502Pd0325
7448.715 607.01314 0.711 -1.502 7.724 0502Qa0315
7448.719 20.0 6.03 -3.98 "" ""
7448.736 607.01214 2.156 -4.042 7.724 0400Qc0965
7448.827 607.01214 0.961 -1.674 7.724 0300Qa0645
7448.839 22.0 3.565 -3.92 "" ""
7448.882 106.00112 1.542 -9.638 3.464 BX05R015
7448.883 607.01314 0.666 -1.819 7.724 0401Pb0425
7448.904 607.01214 0.797 -2.172 7.724 0603Rb0135
7448.912 16.0 8.411 -1.0 "" ""
7448.912 16.0 8.411 -1.38 "" ""
7448.912 16.0 8.411 -2.38 "" ""
7448.96 607.01214 0.797 -2.547 7.724 0603Qd0145
7448.996 607.01214 0.921 -3.004 7.724 0603Rd0275
7449.047 27.0 5.2 -3.26 "" ""
7449.077 106.00113 2.053 -8.272 3.464 AX15P185
7449.124 607.01214 2.156 -2.312 7.724 0400Pa0975
7449.136 607.01314 1.189 -3.378 7.724 0401Rd0655
7449.138 106.00112 1.725 -7.865 3.464 BX05Q105
7449.145 106.00113 2.217 -6.978 3.464 BX15P215
7449.16 607.01214 2.101 -1.866 7.724 0501Pb0895
7449.172 607.01314 2.674 -2.809 7.724 1611Qb0235
7449.21 607.01214 3.478 -5.465 7.724 2115Rd0115
7449.242 607.01314 2.674 -3.941 7.724 1611Pd0245
7449.309 106.00112 1.725 -10.991 3.464 BX05R105
7449.335 26.1 3.889 -3.27 MELBAR ""
7449.339 607.01214 0.808 -2.976 7.724 0502Rc0355
7449.378 26.0 5.665 -2.52 "" ""
7449.391 23.0 4.582 -2.91 "" ""
7449.404 20.0 5.878 -4.05 "" ""
7449.448 106.00112 1.725 -11.342 3.464 BX05P115
7449.453 607.01214 0.808 -1.438 7.724 0502Qa0365
7449.529 26.0 5.583 -1.76 "" ""
7449.551 607.01214 0.652 -2.999 7.724 0502Pc0245
7449.577 20.0 5.916 -4.11 "" ""
7449.594 607.01314 1.733 -2.905 7.724 1107Qc0165
7449.608 27.0 5.2 -3.85 "" ""
7449.61 607.01214 3.454 -5.792 7.724 2115Rd0035
7449.618 106.00112 1.725 -7.751 3.464 BX05Q115
7449.626 607.01314 1.749 -2.46 7.724 1107Pb0185
7449.653 607.01314 1.733 -2.511 7.724 1107Pa0175
7449.672 22.0 3.675 -3.73 "" ""
7449.679 607.01214 0.759 -2.365 7.724 0603Qb0055
7449.703 607.01214 0.759 -2.9 7.724 0603Pd0065
7449.795 607.01314 0.789 -3.174 7.724 0401Rc0485
7449.853 607.01314 1.795 -2.018 7.724 1107Qb0235
7449.936 607.01314 1.795 -3.198 7.724 1107Pd0245
7449.985 27.0 5.145 -3.81 "" ""
7449.988 607.01314 0.789 -1.426 7.724 0401Qa0495
7449.99 607.01314 0.635 -2.613 7.724 0502Qc0245
7450.045 607.01214 2.205 -1.589 7.724 0905Rb0655
7450.09 607.01314 0.635 -1.94 7.724 0502Pa0255
7450.116 16.0 8.411 -0.8 "" ""
7450.116 16.0 8.411 -1.36 "" ""
7450.116 16.0 8.411 -2.38 "" ""
7450.28 39.1 1.748 -1.44 Biemont11 ""
7450.284 607.01214 2.205 -3.013 7.724 0905Qd0665
7450.373 607.01214 0.751 -1.797 7.724 0401Pb0455
7450.406 607.01214 0.887 -3.23 7.724 0401Rc0515
7450.446 20.0 5.979 -3.9 "" ""
7450.47 607.01214 2.675 -3.961 7.724 1611Pc0175
7450.519 607.01214 2.42 -4.249 7.724 0400Rc1025
7450.523 607.01214 3.482 -5.445 7.724 2115Rd0125
7450.529 26.0 5.678 -3.79 "" ""
7450.535 20.0 3.91 -2.59 LAWLER ""
7450.562 20.0 6.031 -4.06 "" ""
7450.614 607.01214 0.887 -1.409 7.724 0401Qa0525
7450.746 20.0 5.979 -3.58 "" ""
7450.757 607.01314 0.866 -3.606 7.724 0300Rc0615
7450.804 607.01314 0.835 -1.675 7.724 0502Ra0395
7450.834 26.0 5.064 -3.28 "" ""
7450.872 607.01314 2.74 -3.046 7.724 1611Rb0295
7450.906 106.00113 2.73 -8.26 3.464 AX16P275
7450.93 607.01214 2.42 -1.938 7.724 0400Qa1035
7450.958 607.01314 2.74 -3.784 7.724 1611Qd0305
7450.997 607.01214 3.452 -5.889 7.724 2115Rd0025
7451.0 607.01314 0.866 -1.676 7.724 0300Qa0625
7451.031 26.0 5.481 -2.81 "" ""
7451.034 607.01314 2.622 -3.665 7.724 1611Qc0175
7451.046 20.0 6.009 -3.87 "" ""
7451.086 607.01314 2.622 -3.244 7.724 1611Pa0185
7451.12 66.1 1.94 -1.5 LAWLER ""
7451.197 20.0 6.017 -4.91 "" ""
7451.219 607.01214 2.719 -3.059 7.724 1611Pb0225
7451.257 15.0 8.457 -1.5 "" ""
7451.263 26.0 5.645 -4.08 "" ""
7451.309 22.0 3.196 -1.87 "" ""
7451.323 20.0 6.007 -5.72 "" ""
7451.353 607.01214 0.716 -2.688 7.724 0502Qc0295
7451.356 607.01214 0.804 -2.138 7.724 0603Rb0145
7451.416 607.01214 0.804 -2.551 7.724 0603Qd0155
7451.45 59.1 1.415 -1.54 LINOHFS ""
7451.469 607.01214 0.716 -1.852 7.724 0502Pa0305
7451.543 106.00113 3.182 -3.484 3.464 AX55P365
7451.545 23.0 4.678 -3.68 "" ""
7451.584 27.0 4.172 -3.91 "" ""
7451.59 20.0 5.923 -5.74 "" ""
7451.592 607.01214 1.154 -3.216 7.724 0502Rd0535
7451.637 20.0 3.91 -3.09 LAWLER ""
7451.74 59.1 1.614 -0.59 LINOHFS ""
7451.878 26.0 5.454 -3.39 "" ""
7451.905 607.01214 0.754 -2.986 7.724 0603Pb0035
7451.915 106.00113 3.183 -1.513 3.464 AX55Q355
7451.936 26.0 5.738 -2.81 "" ""
7451.951 28.0 5.299 -1.71 "" ""
7451.979 607.01214 2.346 -1.5 7.724 0501Qb0955
7452.025 607.01214 0.64 -3.719 7.724 0300Pc0515
7452.087 607.01214 0.762 -2.283 7.724 0603Qb0065
7452.097 26.0 5.06 -1.85 "" ""
7452.115 607.01214 0.762 -2.869 7.724 0603Pd0075
7452.142 106.00113 2.461 -7.694 3.464 AX05R265
7452.146 607.01214 3.488 -5.428 7.724 2115Rd0135
7452.149 20.0 5.917 -5.46 "" ""
7452.194 607.01214 0.825 -1.437 7.724 0502Qb0365
7452.239 607.01314 2.728 -3.036 7.724 1611Ra0295
7452.341 607.01214 0.825 -3.004 7.724 0502Pd0375
7452.358 607.01214 2.346 -3.802 7.724 0501Pd0965
7452.399 607.01314 0.852 -1.68 7.724 0502Rb0395
7452.428 106.00113 3.183 -6.305 3.464 AX05P355
7452.442 607.01214 1.775 -3.247 7.724 0905Pc0485
7452.487 607.01314 1.028 -3.157 7.724 0502Rd0495
7452.543 607.01214 2.101 -3.518 7.724 0501Qc0895
7452.55 607.01314 0.852 -2.73 7.724 0502Qd0405
7452.578 106.00113 2.461 -9.379 3.464 AX05Q265
7452.588 607.01314 2.638 -3.196 7.724 1611Pb0195
7452.625 607.01314 2.664 -3.981 7.724 1611Rc0225
7452.676 607.01214 3.452 -6.03 7.724 2115Rd0015
7452.682 607.01214 1.848 -2.945 7.724 1006Qc0405
7452.692 607.01314 2.664 -2.81 7.724 1611Qa0235
7452.76 42.0 3.907 -0.61 "" ""
7452.809 607.01214 0.792 -2.054 7.724 0300Pb0575
7452.814 607.01214 1.889 -2.952 7.724 0905Qc0535
7452.833 607.01214 1.848 -1.887 7.724 1006Pa0415
7452.853 106.00113 2.461 -7.661 3.464 AX05R255
7452.854 26.0 5.643 -1.94 "" ""
7452.899 607.01214 2.101 -1.861 7.724 0501Pa0905
7452.92 607.01314 0.976 -1.647 7.724 0401Rb0565
7452.923 607.01214 0.73 -1.845 7.724 0502Pb0305
7452.949 607.01214 0.934 -3.013 7.724 0603Rd0285
7452.962 23.0 4.517 -2.6 "" ""
7453.012 607.01214 1.889 -1.678 7.724 0905Pa0545
7453.019 106.00113 1.662 -7.934 3.464 BX05Q085
7453.073 14.0 6.12 -2.95 "" ""
7453.112 62.1 1.557 -1.69 "" ""
7453.137 607.01214 1.855 -3.579 7.724 0602Pc0765
7453.141 607.01314 0.976 -2.977 7.724 0401Qd0575
7453.156 106.00113 1.662 -11.015 3.464 BX05R085
7453.29 20.0 5.963 -4.01 "" ""
7453.35 607.01214 2.04 -1.33 7.724 0905Qb0595
7453.399 607.01214 2.709 -3.072 7.724 1611Pa0225
7453.432 106.00113 2.73 -6.014 3.464 AX16Q265
7453.435 106.00113 1.662 -11.17 3.464 BX05P095
7453.497 20.0 5.879 -3.39 "" ""
7453.532 106.00113 2.333 -5.458 3.464 BX15R235
7453.532 607.01214 1.834 -2.314 7.724 1107Pb0235
7453.539 13.0 4.018 -4.98 "" ""
7453.569 607.01214 2.04 -3.242 7.724 0905Pd0605
7453.572 106.00113 1.662 -7.949 3.464 BX05Q095
7453.626 106.00113 2.333 -8.568 3.464 BX15Q245
7453.642 26.0 5.498 -4.15 "" ""
7453.675 607.01314 1.785 -3.189 7.724 1107Rc0225
7453.677 607.01214 2.773 -3.935 7.724 1611Pd0285
7453.731 106.00113 1.801 -6.088 3.464 AX04P195
7453.733 607.01214 2.709 -3.652 7.724 1611Qc0215
7453.755 607.01314 1.785 -2.02 7.724 1107Qa0235
7453.777 106.00113 1.801 -8.485 3.464 AX04Q185
7453.94 25.1 6.64 -4.57 "" ""
7453.942 106.00113 2.333 -4.235 3.464 BX15R245
7453.997 26.0 4.183 -2.41 "" ""
7454.016 607.01314 1.713 -3.276 7.724 1107Pc0135
7454.017 24.0 5.076 -1.14 "" ""
7454.038 106.00113 1.801 -6.118 3.464 AX04P185
7454.038 92.1 1.331 -2.15 "" ""
7454.05 106.00113 2.73 -6.011 3.464 AX16Q275
7454.051 20.0 6.017 -5.0 "" ""
7454.052 607.01214 0.811 -2.106 7.724 0603Rb0155
7454.065 106.00113 2.564 -1.798 3.464 AX51R385
7454.081 607.01214 3.493 -5.412 7.724 2115Rd0145
7454.088 13.0 4.018 -4.28 "" ""
7454.116 607.01214 0.811 -2.555 7.724 0603Qd0165
7454.137 106.00112 2.081 -8.485 3.464 BX16R145
7454.147 607.01314 2.602 -4.011 7.724 1611Pc0145
7454.154 24.0 5.151 -1.84 "" ""
7454.212 20.0 6.017 -4.38 "" ""
7454.247 607.01214 0.955 -1.627 7.724 0502Ra0445
7454.285 13.0 4.019 -4.03 "" ""
7454.427 607.01214 2.205 -1.582 7.724 0905Ra0665
7454.452 106.00112 1.555 -8.308 3.464 BX05R025
7454.459 607.01314 0.568 -3.661 7.724 0300Pc0495
7454.493 607.01214 2.773 -2.677 7.724 1611Qb0275
7454.525 607.01214 2.761 -2.678 7.724 1611Qa0275
7454.529 106.00113 1.543 -8.715 3.464 BX05R015
7454.554 607.01314 0.709 -2.057 7.724 0300Pb0555
7454.559 607.01214 1.325 -3.431 7.724 0401Rd0685
7454.648 607.01214 3.451 -6.271 7.724 2115Rd0005
7454.717 607.01214 0.766 -2.211 7.724 0603Qb0075
7454.75 607.01214 0.766 -2.846 7.724 0603Pd0085
7454.819 26.0 5.422 -1.63 "" ""
7454.829 25.0 4.723 -3.97 "" ""
7454.831 106.00113 2.054 -8.325 3.464 AX15P185
7454.935 607.01314 2.593 -3.698 7.724 1510Pc0345
7454.965 607.01314 0.594 -2.943 7.724 0502Pc0205
7455.029 20.0 6.049 -3.55 "" ""
7455.042 607.01214 2.346 -3.736 7.724 0501Rc0955
7455.226 607.01314 0.666 -2.9 7.724 0401Qc0425
7455.244 607.01214 2.762 -3.981 7.724 1611Rc0265
