wavelength species excitation loggf disassociation_energy comment
4682.238 42.0 2.678 -2.28 "" ""
4682.277 106.00112 1.02 -5.226 3.464 AX01Q205
4682.296 106.00112 1.02 -3.171 3.464 AX01R195
4682.306 76.0 1.583 -2.29 "" ""
4682.307 28.0 3.652 -5.4 "" ""
4682.32 39.1 0.409 -1.73 Biemont11 ""
4682.32 75.0 2.411 -1.1 "" ""
4682.346 106.00112 1.255 -3.13 3.464 AX12R195
4682.348 106.00112 1.255 -3.107 3.464 AX12R185
4682.372 27.0 3.189 -0.36 "" ""
4682.462 106.00112 1.255 -5.109 3.464 AX12Q195
4682.482 106.00113 1.419 -9.969 3.464 CX04P095
4682.485 106.00112 1.656 -9.895 3.464 CX04P155
4682.491 22.0 0.812 -4.29 "" ""
4682.535 106.00112 1.654 -3.652 3.464 AX23R215
4682.543 106.00112 1.654 -3.528 3.464 AX23R205
4682.558 26.0 2.938 -3.13 "" ""
4682.639 106.00112 1.654 -5.397 3.464 AX23Q215
4682.66 41.0 2.065 -0.94 "" ""
4682.67 62.1 0.434 -1.56 LAWLER ""
4682.71 62.1 0.248 -2.15 LAWLER ""
4682.716 22.0 3.291 -2.81 "" ""
4682.761 23.0 2.576 -0.92 LAWNOHFS ""
4682.854 106.00112 1.978 -4.682 3.464 AX44P215
4682.878 22.0 1.748 -8.37 "" ""
4682.936 106.00113 0.87 -5.694 3.464 AX12R115
4683.015 106.00113 1.168 -5.724 3.464 AX23R115
4683.032 23.0 2.129 -3.83 "" ""
4683.072 64.0 0.88 -0.63 "" ""
4683.11 26.0 4.73 -3.1 "" ""
4683.284 24.0 4.774 -3.69 "" ""
4683.32 23.0 3.564 -3.23 "" ""
4683.326 22.0 3.317 -2.75 "" ""
4683.337 64.0 0.985 0.3 "" ""
4683.371 106.00113 2.22 -1.815 3.464 AX44P265
4683.39 23.0 2.563 -5.5 "" ""
4683.403 22.0 3.282 -2.9 "" ""
4683.438 40.0 1.529 -0.18 "" ""
4683.443 60.0 0.0 0.18 "" ""
4683.478 21.0 2.294 -4.08 "" ""
4683.536 24.0 4.851 -2.86 "" ""
4683.539 74.0 2.456 -0.91 "" ""
4683.56 26.0 2.829 -2.53 "" ""
4683.578 112.00124 0.593 -3.163 1.340 32R119b24
4683.625 106.00112 0.873 -5.694 3.464 AX12R115
4683.638 106.00112 1.368 -10.023 3.464 CX04P075
4683.638 26.0 4.73 -4.12 "" ""
4683.704 106.00112 2.21 -7.952 3.464 AX01R345
4683.718 42.0 3.185 -1.58 "" ""
4683.728 112.00124 0.433 -3.117 1.340 21R119b24
4683.765 106.00113 1.522 -9.903 3.464 CX04P125
4683.779 106.00112 2.21 -3.382 3.464 AX01Q355
4683.808 106.00113 2.221 -1.76 3.464 AX44P255
4683.811 70.1 4.01 -0.65 "" ""
4683.827 42.0 3.161 -1.33 "" ""
4683.836 25.1 5.832 -4.49 "" ""
4683.866 106.00113 0.871 -5.658 3.464 AX12R115
4683.885 106.00112 1.172 -5.724 3.464 AX23R115
4683.924 20.0 2.521 -6.2 LAWLER ""
4683.946 106.00113 1.169 -5.688 3.464 AX23R115
4683.953 106.00112 2.21 -3.202 3.464 AX01Q345
4683.953 106.00113 1.451 -9.943 3.464 CX04P105
4683.964 27.0 2.716 -3.08 LAWNHFS ""
4683.974 25.1 5.49 -7.27 "" ""
4684.022 44.0 1.002 -1.24 "" ""
4684.027 106.00112 2.21 -5.695 3.464 AX01P355
4684.032 60.0 0.14 -0.26 "" ""
4684.096 78.0 1.92 -3.0 DH05nohfs ""
4684.099 26.0 3.298 -6.67 "" ""
4684.125 24.1 5.658 -3.26 "" ""
4684.127 106.00112 2.21 -2.411 3.464 AX51R355
4684.161 106.00113 1.251 -3.131 3.464 AX12R195
4684.174 26.0 2.422 -5.46 "" ""
4684.242 40.0 0.632 -1.63 "" ""
4684.251 106.00113 2.197 -7.991 3.464 AX01R345
4684.255 22.0 3.196 -3.69 "" ""
4684.261 24.0 3.887 -3.29 "" ""
4684.266 106.00113 0.596 -5.922 3.464 AX01R125
4684.27 70.0 3.4 0.02 "" ""
4684.272 106.00112 2.21 -2.724 3.464 AX51R345
4684.274 106.00113 1.251 -5.079 3.464 AX12Q195
4684.288 25.1 5.344 -2.89 "" ""
4684.299 106.00113 1.251 -3.107 3.464 AX12R185
4684.321 106.00112 2.131 -4.732 3.464 AX33P275
4684.336 42.0 2.289 -2.37 "" ""
4684.346 106.00112 2.21 -5.41 3.464 AX51Q355
4684.378 106.00113 2.221 -4.172 3.464 AX44Q255
4684.381 106.00113 1.485 -9.92 3.464 CX04P115
4684.437 27.0 4.11 -2.88 "" ""
4684.454 23.0 1.892 -1.43 "" ""
4684.508 22.0 2.159 -1.33 LAWLER ""
4684.514 22.0 0.899 -6.13 "" ""
4684.568 106.00112 0.874 -5.658 3.464 AX12R115
4684.592 24.0 3.077 -2.05 "" ""
4684.596 26.0 4.412 -2.25 "" ""
4684.598 58.1 0.904 -0.39 LAWLER ""
4684.681 21.0 3.099 -3.73 "" ""
4684.753 24.1 5.666 -3.77 "" ""
4684.789 106.00112 1.173 -5.688 3.464 AX23R115
4684.8 26.0 3.632 -9.12 "" ""
4684.844 106.00112 1.256 -3.131 3.464 AX12R195
4684.852 73.0 0.696 -2.19 "" ""
4684.854 24.0 3.553 -2.23 "" ""
4684.872 106.00112 0.598 -5.922 3.464 AX01R125
4684.92 59.1 0.055 -1.48 "" ""
4684.949 26.0 3.299 -5.88 "" ""
4684.961 106.00112 1.256 -5.079 3.464 AX12Q195
4684.968 106.00112 1.256 -3.107 3.464 AX12R185
4684.979 26.0 3.045 -5.34 "" ""
4685.024 26.0 2.843 -3.34 "" ""
4685.078 106.00113 1.588 -3.528 3.464 AX23R205
4685.11 69.0 1.625 -0.51 "" ""
4685.128 41.0 1.368 -0.56 "" ""
4685.141 106.00113 1.588 -3.433 3.464 AX23R195
4685.161 23.0 1.868 -1.61 "" ""
4685.186 40.1 2.418 -0.9 "" ""
4685.212 58.1 0.869 -1.15 "" ""
4685.223 106.00113 1.588 -5.318 3.464 AX23Q205
4685.238 23.1 5.533 -3.67 "" ""
4685.254 23.1 1.686 -3.77 "" ""
4685.268 20.0 2.933 -0.88 LAWLER ""
4685.269 73.0 1.146 -1.99 "" ""
4685.295 20.0 4.765 -2.91 "" ""
4685.302 23.0 2.893 -2.92 "" ""
4685.357 27.0 4.206 -3.68 "" ""
4685.366 106.00112 1.656 -3.652 3.464 AX23R215
4685.393 22.0 3.303 -2.72 "" ""
4685.403 106.00113 0.596 -5.883 3.464 AX01R125
4685.451 22.0 1.052 -5.04 "" ""
4685.465 24.0 3.553 -2.28 "" ""
4685.47 106.00112 1.656 -5.363 3.464 AX23Q215
4685.495 23.0 3.543 -4.0 "" ""
4685.501 106.00112 1.656 -3.528 3.464 AX23R205
4685.506 20.0 5.014 -4.66 "" ""
4685.561 23.0 2.58 -4.01 "" ""
4685.676 26.0 4.577 -3.58 "" ""
4685.752 106.00112 0.912 -5.157 3.464 BX12P115
4685.812 42.0 3.435 -0.87 "" ""
4685.829 32.0 2.029 -2.31 Li99exp ""
4685.858 27.0 0.922 -3.87 LAWNHFS ""
4685.964 26.1 3.228 -6.79 "" ""
4685.999 24.0 4.436 -2.76 "" ""
4686.025 106.00112 0.599 -5.883 3.464 AX01R125
4686.04 27.0 3.102 -4.34 "" ""
4686.081 42.0 3.503 -0.77 "" ""
4686.098 28.0 3.655 -1.17 "" ""
4686.111 22.0 3.317 -2.65 "" ""
4686.138 24.0 4.13 -1.02 "" ""
4686.18 106.00112 2.231 -4.171 3.464 AX44Q255
4686.189 112.00124 0.264 -3.58 1.340 10R119b24
4686.195 90.0 0.355 -2.11 "" ""
4686.213 28.0 3.594 -0.59 LAWLER ""
4686.25 106.00112 2.231 -1.814 3.464 AX44P265
4686.294 106.00112 1.611 -9.888 3.464 CX04P145
4686.326 106.00112 2.231 -1.759 3.464 AX44P255
4686.348 24.0 4.851 -2.93 "" ""
4686.351 26.0 4.188 -2.72 "" ""
4686.371 24.0 3.008 -4.28 "" ""
4686.392 26.1 7.483 -3.56 "" ""
4686.399 64.0 2.108 0.59 "" ""
4686.523 27.0 3.407 -2.83 "" ""
4686.542 26.1 4.845 -4.84 "" ""
4686.574 40.0 1.442 -1.3 "" ""
4686.599 26.0 4.309 -3.4 "" ""
4686.604 23.1 4.017 -5.0 "" ""
4686.626 21.0 2.301 -3.41 "" ""
4686.631 23.0 2.606 -4.4 "" ""
4686.645 106.00113 2.184 -4.772 3.464 AX33P285
4686.77 58.1 1.091 -0.87 LAWLER ""
4686.86 22.0 2.152 -1.37 LAWLER ""
4686.919 23.0 1.868 -4.94 "" ""
4686.919 23.1 6.141 -3.54 "" ""
4686.943 21.0 3.17 -1.65 "" ""
4686.945 106.00113 2.202 -2.723 3.464 AX51R345
4686.947 106.00113 2.202 -5.409 3.464 AX51Q355
4686.949 22.0 2.736 -1.02 "" ""
4686.976 20.0 2.523 -4.69 LAWLER ""
4687.115 106.00113 2.222 -1.815 3.464 AX44P265
4687.119 23.1 6.659 -2.36 "" ""
4687.148 106.00113 2.202 -3.202 3.464 AX01Q345
4687.15 106.00113 2.202 -5.695 3.464 AX01P355
4687.166 106.00112 1.395 -9.995 3.464 CX04P085
4687.19 62.1 0.04 -1.15 LAWLER ""
4687.191 106.00113 1.523 -6.232 3.464 AX34R135
4687.303 26.0 0.957 -4.32 "" ""
4687.338 24.0 4.437 -3.0 "" ""
4687.386 26.0 2.829 -2.81 "" ""
4687.455 27.0 2.868 -4.2 "" ""
4687.516 26.1 6.724 -4.13 "" ""
4687.588 20.0 4.776 -5.49 "" ""
4687.6 23.0 3.526 -3.51 "" ""
4687.608 58.1 1.044 -1.48 LAWLER ""
4687.617 26.0 2.725 -5.77 "" ""
4687.617 74.0 2.386 -1.0 "" ""
4687.621 14.0 5.078 -3.24 "" ""
4687.644 25.0 4.682 -3.42 "" ""
4687.645 24.0 3.889 -4.48 "" ""
4687.67 26.0 2.856 -3.78 "" ""
4687.695 106.00113 2.223 -1.76 3.464 AX44P255
4687.709 106.00113 1.359 -0.588 3.464 BX11R245
4687.723 21.0 3.055 -3.19 "" ""
4687.754 106.00112 1.528 -6.232 3.464 AX34R135
4687.767 106.00113 1.359 -5.462 3.464 BX11Q255
4687.777 106.00113 1.358 -2.259 3.464 BX01P245
4687.808 22.0 1.429 -2.63 LAWLER ""
4687.809 40.0 0.73 0.55 "" ""
4687.855 75.0 3.375 -0.48 "" ""
4687.896 106.00113 1.359 -0.118 3.464 BX11R255
4687.956 25.1 5.344 -3.61 "" ""
4688.02 24.0 4.436 -2.91 "" ""
4688.029 23.0 2.579 -1.62 "" ""
4688.05 106.00113 1.357 -2.258 3.464 BX01P255
4688.104 106.00113 1.589 -3.528 3.464 AX23R205
4688.119 106.00113 1.147 -5.54 3.464 BX01P215
4688.13 64.0 0.066 -1.05 "" ""
4688.154 27.0 4.022 -3.59 "" ""
4688.177 26.0 4.603 -0.95 "" ""
4688.213 42.0 3.499 -0.12 "" ""
4688.214 24.0 3.407 -3.81 "" ""
4688.227 106.00113 1.589 -5.285 3.464 AX23Q205
4688.229 27.0 4.022 -2.0 "" ""
4688.257 106.00113 1.589 -3.433 3.464 AX23R195
4688.266 106.00113 2.223 -4.214 3.464 AX44Q255
4688.297 24.0 4.443 -2.06 "" ""
4688.331 106.00113 1.524 -6.192 3.464 AX34R135
4688.379 26.0 4.188 -2.03 "" ""
4688.435 23.1 2.219 -5.01 "" ""
4688.448 40.0 0.154 -1.24 "" ""
4688.491 27.0 2.716 -2.22 LAWNHFS ""
4688.492 27.0 4.206 -2.45 "" ""
4688.517 26.0 4.603 -2.76 "" ""
4688.53 112.00124 0.569 -3.126 1.340 32R118b24
4688.533 22.0 3.334 -2.81 "" ""
4688.543 60.0 0.838 -0.47 "" ""
4688.62 65.1 1.103 -0.65 LAWNOHFS ""
4688.666 23.0 2.876 -2.79 "" ""
4688.71 20.0 5.987 -4.72 "" ""
4688.728 22.1 3.999 -2.67 "" ""
4688.734 62.0 0.282 -0.01 "" ""
4688.737 22.1 5.634 -2.81 "" ""
4688.783 24.0 2.965 -5.9 "" ""
4688.842 106.00112 1.595 -3.432 3.464 AX23R195
4688.844 106.00112 1.595 -3.527 3.464 AX23R205
4688.849 73.0 2.134 -1.41 "" ""
4688.887 58.0 0.159 -0.39 "" ""
4688.936 106.00112 1.529 -6.191 3.464 AX34R135
4688.944 106.00112 1.595 -5.317 3.464 AX23Q205
4689.066 106.00112 1.568 -9.891 3.464 CX04P135
4689.075 92.1 0.0 -1.91 "" ""
4689.124 112.00124 0.408 -3.27 1.340 21R118b24
4689.167 106.00113 1.358 -6.707 3.464 BX01Q245
4689.17 90.1 0.829 -1.69 "" ""
4689.316 26.0 4.604 -2.83 "" ""
4689.357 24.0 3.123 -0.4 SOBECK ""
4689.387 26.0 3.109 -3.56 "" ""
4689.452 42.0 2.985 -2.14 "" ""
4689.479 58.1 1.106 -1.09 LAWLER ""
4689.502 22.1 1.179 -4.93 "" ""
4689.546 25.1 6.124 -2.54 "" ""
4689.557 62.1 0.248 -2.44 "" ""
4689.603 27.0 3.684 -2.7 "" ""
4689.609 22.0 2.675 -3.63 "" ""
4689.636 27.1 5.462 -8.17 "" ""
4689.651 106.00112 1.424 -9.968 3.464 CX04P095
4689.656 26.0 4.604 -4.33 "" ""
4689.709 106.00113 2.001 -10.552 3.464 CX05R185
4689.751 66.1 1.845 -0.71 "" ""
4689.755 23.1 2.368 -4.52 "" ""
4689.767 39.0 2.002 -0.17 "" ""
4689.795 22.1 2.588 -3.31 "" ""
4689.916 27.0 4.229 -3.78 "" ""
4689.951 24.0 4.444 -2.23 "" ""
4689.96 27.0 4.069 -4.0 "" ""
4689.971 24.0 3.11 -3.37 "" ""
4689.999 106.00112 2.234 -1.815 3.464 AX44P265
4690.009 22.0 3.332 -3.43 "" ""
4690.059 106.00112 2.214 -3.382 3.464 AX01Q355
4690.071 106.00112 2.234 -4.214 3.464 AX44Q255
4690.111 44.0 1.062 -1.21 "" ""
4690.138 26.0 3.684 -1.68 "" ""
4690.16 106.00112 1.366 -2.258 3.464 BX01P245
4690.16 58.1 0.869 -1.23 LAWLER ""
4690.163 106.00112 2.214 -7.989 3.464 AX01R345
4690.166 27.0 4.172 -3.83 "" ""
4690.172 24.0 4.172 -1.79 "" ""
4690.217 106.00112 2.234 -1.759 3.464 AX44P255
4690.217 22.1 5.424 -3.95 "" ""
4690.252 106.00112 1.366 -6.706 3.464 BX01Q245
4690.306 106.00112 2.214 -5.66 3.464 AX01P355
4690.326 106.00112 1.366 -2.257 3.464 BX01P255
4690.343 60.0 0.0 -0.42 "" ""
4690.369 26.0 3.234 -3.31 "" ""
4690.371 26.0 1.01 -5.23 "" ""
4690.391 106.00112 2.214 -2.411 3.464 AX51R355
4690.41 106.00112 2.214 -3.203 3.464 AX01Q345
4690.479 58.1 1.026 -1.0 LAWLER ""
4690.499 106.00112 2.119 -7.056 3.464 AX01R335
4690.572 106.00112 2.119 -3.203 3.464 AX01Q345
4690.611 106.00112 2.214 -5.355 3.464 AX51Q355
4690.659 106.00113 0.952 -3.17 3.464 AX01R195
4690.673 106.00113 0.952 -3.166 3.464 AX01R185
4690.683 6.0 7.94 -2.09 "" ""
4690.686 90.1 2.21 -1.15 "" ""
4690.711 58.0 0.547 -0.25 "" ""
4690.715 106.00112 2.214 -2.724 3.464 AX51R345
4690.742 106.00112 2.119 -3.076 3.464 AX01Q335
4690.781 106.00113 0.952 -5.226 3.464 AX01Q195
4690.792 106.00112 1.528 -9.901 3.464 CX04P125
4690.793 22.0 1.066 -2.03 LAWLER ""
4690.815 106.00112 2.119 -5.61 3.464 AX01P345
4690.854 42.0 3.165 -1.11 "" ""
4690.868 24.0 4.102 -2.76 "" ""
4690.886 22.0 2.133 -8.53 "" ""
4690.928 25.0 4.675 -4.15 "" ""
4690.932 23.0 2.636 -6.54 "" ""
4691.052 90.1 2.467 -0.47 "" ""
4691.062 25.0 4.675 -1.2 "" ""
4691.075 106.00113 2.031 -4.659 3.464 AX44P225
4691.085 106.00112 1.456 -9.942 3.464 CX04P105
4691.108 57.1139 0.173 -2.81 Lawle01HFS ""
4691.11 24.0 3.011 -5.91 "" ""
4691.113 69.0 1.087 -0.81 "" ""
4691.123 57.1139 0.173 -3.081 Lawle01HFS ""
4691.125 57.1139 0.173 -2.826 Lawle01HFS ""
4691.145 57.1139 0.173 -3.521 Lawle01HFS ""
4691.148 57.1139 0.173 -2.706 Lawle01HFS ""
4691.15 57.1139 0.173 -3.081 Lawle01HFS ""
4691.165 20.0 4.776 -3.55 "" ""
4691.166 64.0 0.812 -0.58 "" ""
4691.176 57.1139 0.173 -2.822 Lawle01HFS ""
4691.179 57.1139 0.173 -2.626 Lawle01HFS ""
4691.215 57.1139 0.173 -2.333 Lawle01HFS ""
4691.256 106.00112 0.956 -3.17 3.464 AX01R195
4691.262 25.1 6.489 -4.36 "" ""
4691.269 106.00112 0.956 -3.166 3.464 AX01R185
4691.328 6.0 7.94 -3.68 "" ""
4691.332 22.0 1.066 -0.82 LAWLER ""
4691.348 23.0 1.892 -3.38 "" ""
4691.386 106.00112 0.956 -5.226 3.464 AX01Q195
4691.412 26.0 2.988 -1.45 "" ""
4691.466 106.00112 1.491 -9.919 3.464 CX04P115
4691.466 106.00112 1.597 -3.527 3.464 AX23R205
4691.499 106.00113 1.193 -3.089 3.464 AX12R175
4691.508 106.00113 1.193 -3.106 3.464 AX12R185
4691.529 26.1 2.578 -9.3 "" ""
4691.544 24.0 4.851 -3.34 "" ""
4691.566 106.00112 1.597 -5.284 3.464 AX23Q205
4691.571 6.0 7.94 -2.62 "" ""
4691.586 106.00112 1.597 -3.433 3.464 AX23R195
4691.61 56.0 1.674 0.21 "" ""
4691.613 106.00113 1.193 -5.067 3.464 AX12Q185
4691.636 90.0 0.788 -1.69 "" ""
4691.706 22.0 0.818 -4.23 "" ""
4691.719 22.0 3.176 -4.25 "" ""
4691.729 40.0 0.65 -2.09 "" ""
4691.756 74.1 2.855 -0.92 "" ""
4691.854 23.0 2.579 -3.04 "" ""
4691.89 26.0 3.632 -8.95 "" ""
4691.895 112.00124 0.238 -3.547 1.340 10R118b24
4691.899 73.0 1.209 -1.37 "" ""
4691.905 23.0 2.372 -3.85 "" ""
4691.925 26.0 2.69 -4.86 "" ""
4691.963 27.0 3.684 -2.19 "" ""
4691.998 22.0 3.397 -3.54 "" ""
4692.003 42.0 2.593 -1.96 "" ""
4692.009 58.1 0.736 -1.35 LAWLER ""
4692.066 76.0 1.411 -2.48 Quinet06 ""
4692.141 22.0 3.397 -2.57 "" ""
