wavelength species excitation loggf disassociation_energy comment
4419.309 23.0 1.063 -3.67 "" ""
4419.33 26.0 3.632 -2.78 "" ""
4419.334 62.0 0.036 -0.33 "" ""
4419.339 106.00113 1.9 -3.842 3.464 AX33R245
4419.376 106.00113 1.9 -1.188 3.464 AX33Q255
4419.383 106.00113 1.452 -3.463 3.464 AX44P115
4419.384 106.00113 1.452 -1.463 3.464 AX44Q115
4419.434 20.0 4.776 -3.37 "" ""
4419.444 41.0 0.656 -0.86 "" ""
4419.543 106.00113 1.789 -4.462 3.464 AX55R135
4419.547 73.0 0.752 -1.99 "" ""
4419.569 25.0 3.761 -8.56 "" ""
4419.569 25.0 3.761 -9.74 "" ""
4419.569 25.0 3.761 -9.76 "" ""
4419.594 23.1 6.182 -2.75 "" ""
4419.602 106.00113 1.9 -1.181 3.464 AX33Q245
4419.608 68.1 1.681 0.39 "" ""
4419.639 106.00113 1.9 -3.832 3.464 AX33P255
4419.661 59.1 1.37 0.1 "" ""
4419.731 42.0 2.521 -2.62 "" ""
4419.774 25.0 4.723 -0.3 "" ""
4419.791 26.0 3.298 -3.3 "" ""
4419.795 21.0 2.336 -2.24 "" ""
4419.836 41.0 0.267 -1.77 "" ""
4419.843 26.0 3.298 -2.77 "" ""
4419.854 106.00113 1.636 -4.192 3.464 AX55R085
4419.884 11.0 2.101 -2.86 "" ""
4419.915 23.0051 0.275 -3.316 LAWLER ""
4419.917 23.0051 0.275 -3.061 LAWLER ""
4419.917 23.0051 0.275 -3.346 LAWLER ""
4419.918 23.0051 0.275 -2.928 LAWLER ""
4419.92 23.0051 0.275 -2.873 LAWLER ""
4419.921 23.0051 0.275 -3.316 LAWLER ""
4419.922 23.0051 0.275 -2.673 LAWLER ""
4419.925 23.0051 0.275 -2.782 LAWLER ""
4419.927 23.0051 0.275 -3.367 LAWLER ""
4419.929 23.0051 0.275 -2.475 LAWLER ""
4419.932 23.0051 0.275 -2.76 LAWLER ""
4419.935 23.0051 0.275 -3.492 LAWLER ""
4419.937 23.0051 0.275 -2.311 LAWLER ""
4419.941 23.0051 0.275 -2.814 LAWLER ""
4419.944 23.0051 0.275 -3.714 LAWLER ""
4419.944 25.0 3.133 -3.85 "" ""
4419.947 23.0051 0.275 -2.17 LAWLER ""
4419.951 23.0051 0.275 -3.01 LAWLER ""
4419.956 23.0051 0.275 -4.125 LAWLER ""
4420.011 26.0 4.59 -4.05 "" ""
4420.03 106.00113 1.243 -3.5 3.464 AX33Q125
4420.039 106.00113 1.243 -1.739 3.464 AX33P125
4420.097 60.0 0.293 -0.5 "" ""
4420.12 23.0 0.267 -2.25 "" ""
4420.18 106.00113 1.243 -1.708 3.464 AX33P135
4420.204 106.00112 1.77 -6.928 3.464 AX01R305
4420.232 68.1 1.368 -3.06 LAWLER ""
4420.25 106.00113 1.637 -4.165 3.464 AX55R085
4420.251 23.0 2.606 -5.81 "" ""
4420.259 106.00112 0.522 -2.849 3.464 BX01P095
4420.31 106.00112 0.522 -8.233 3.464 BX01Q095
4420.336 24.0 3.119 -2.31 "" ""
4420.394 106.00113 1.288 -2.637 3.464 AX44P035
4420.395 25.0 3.133 -5.13 "" ""
4420.411 27.0 3.927 -1.3 "" ""
4420.44 40.0 1.365 -0.26 "" ""
4420.446 41.0 0.267 -1.84 "" ""
4420.461 26.0 4.545 -2.94 "" ""
4420.466 74.0 2.386 -0.5 "" ""
4420.468 76.0 0.0 -1.2 Quinet06 ""
4420.485 106.00113 1.593 -3.751 3.464 AX11Q275
4420.511 20.0 6.024 -4.0 "" ""
4420.516 60.1 0.32 -1.71 "" ""
4420.52 106.00113 1.593 -1.318 3.464 AX11P285
4420.52 62.1 0.333 -0.43 LAWLER ""
4420.526 106.00113 1.288 -2.636 3.464 AX44P035
4420.541 106.00112 0.522 -2.805 3.464 BX01P105
4420.543 106.00113 1.078 -2.71 3.464 BX11P205
4420.549 26.0 3.299 -5.5 "" ""
4420.569 106.00113 1.516 -1.328 3.464 AX11P275
4420.601 106.00113 1.288 -3.209 3.464 AX44Q035
4420.624 106.00112 1.758 -6.526 3.464 CX15R125
4420.624 106.00112 1.758 -6.574 3.464 CX15R115
4420.624 106.00113 1.516 -3.776 3.464 AX11Q265
4420.626 106.00113 1.593 -1.327 3.464 AX11P275
4420.628 41.0 0.049 -1.34 "" ""
4420.63 23.0 1.71 -1.98 "" ""
4420.632 106.00113 1.078 -7.531 3.464 BX11Q205
4420.655 21.1045 0.618 -9.0 LAWHFS ""
4420.657 21.1045 0.618 -3.91 LAWHFS ""
4420.659 21.1045 0.618 -2.98 LAWHFS ""
4420.662 21.1045 0.618 -4.72 LAWHFS ""
4420.664 21.1045 0.618 -3.71 LAWHFS ""
4420.665 21.1045 0.618 -3.1 LAWHFS ""
4420.668 21.1045 0.618 -4.51 LAWHFS ""
4420.67 21.1045 0.618 -3.64 LAWHFS ""
4420.671 21.1045 0.618 -3.24 LAWHFS ""
4420.674 21.1045 0.618 -3.65 LAWHFS ""
4420.674 21.1045 0.618 -4.4 LAWHFS ""
4420.676 21.1045 0.618 -3.4 LAWHFS ""
4420.678 21.1045 0.618 -3.71 LAWHFS ""
4420.678 21.1045 0.618 -4.38 LAWHFS ""
4420.679 21.1045 0.618 -3.58 LAWHFS ""
4420.681 21.1045 0.618 -3.83 LAWHFS ""
4420.681 21.1045 0.618 -4.49 LAWHFS ""
4420.682 21.1045 0.618 -3.81 LAWHFS ""
4420.683 21.1045 0.618 -4.01 LAWHFS ""
4420.683 21.1045 0.618 -4.16 LAWHFS ""
4420.711 106.00113 1.078 -2.799 3.464 BX11P215
4420.712 106.00112 1.758 -10.24 3.464 CX15Q125
4420.733 106.00113 1.288 -3.217 3.464 AX44Q035
4420.733 26.1 1.963 -6.88 "" ""
4420.733 42.0 2.258 -2.19 "" ""
4420.749 27.0 4.046 -3.46 "" ""
4420.761 106.00113 1.516 -1.337 3.464 AX11P265
4420.773 106.00113 1.31 -1.476 3.464 AX22P205
4420.81 106.00113 1.311 -3.668 3.464 AX22Q195
4420.849 27.0 3.729 -1.41 "" ""
4420.855 44.0 1.087 -1.76 "" ""
4420.885 26.0 4.227 -4.42 "" ""
4420.902 106.00113 1.311 -1.492 3.464 AX22P195
4420.956 23.0 2.581 -3.71 "" ""
4420.964 71.0 2.659 0.33 "" ""
4420.968 22.0 3.125 -3.49 "" ""
4420.968 24.0 3.108 -3.29 "" ""
4421.007 26.0 4.28 -2.96 "" ""
4421.034 106.00112 2.009 -9.888 3.464 CX15R175
4421.073 106.00112 1.247 -3.5 3.464 AX33Q125
4421.092 106.00112 1.247 -1.739 3.464 AX33P125
4421.103 23.1 5.791 -2.55 "" ""
4421.106 106.00113 1.288 -2.492 3.464 AX44P045
4421.107 24.0 3.844 -3.93 "" ""
4421.113 24.0 3.11 -9.38 "" ""
4421.119 106.00112 2.009 -6.626 3.464 CX15Q185
4421.119 26.0 3.637 -3.13 "" ""
4421.13 62.1 0.378 -0.49 LAWLER ""
4421.154 106.00112 2.009 -6.574 3.464 CX15Q175
4421.214 106.00113 1.288 -2.493 3.464 AX44P045
4421.22 59.1 0.371 -0.77 LINOHFS ""
4421.23 106.00112 1.248 -1.708 3.464 AX33P135
4421.231 106.00113 1.244 -3.523 3.464 AX33Q125
4421.239 106.00112 2.009 -12.369 3.464 CX15P185
4421.24 64.1 1.313 -0.35 LAWLER ""
4421.261 106.00112 1.601 -3.75 3.464 AX11Q275
4421.265 24.0 3.108 -2.84 "" ""
4421.267 106.00113 1.244 -1.739 3.464 AX33P125
4421.307 106.00112 1.523 -1.328 3.464 AX11P275
4421.315 106.00113 1.244 -1.708 3.464 AX33P135
4421.327 106.00112 1.601 -1.318 3.464 AX11P285
4421.34 27.0 2.925 -1.38 "" ""
4421.373 27.1 5.042 -5.56 "" ""
4421.375 24.0 3.108 -3.32 "" ""
4421.379 20.0 5.736 -3.73 "" ""
4421.381 106.00112 1.523 -3.776 3.464 AX11Q265
4421.395 607.01314 2.453 -1.141 7.724 0709Rb0395
4421.406 106.00112 1.601 -1.326 3.464 AX11P275
4421.439 607.01314 2.453 -4.645 7.724 0709Qd0405
4421.448 106.00112 1.456 -3.432 3.464 AX44R105
4421.453 22.0 2.425 -0.89 "" ""
4421.454 106.00112 1.456 -1.495 3.464 AX44Q105
4421.461 44.0 1.062 -1.36 "" ""
4421.496 24.0 3.884 -2.71 "" ""
4421.524 106.00112 1.523 -1.337 3.464 AX11P265
4421.567 23.0 0.275 -0.81 LAWNOHFS ""
4421.627 106.00112 1.456 -1.462 3.464 AX44Q115
4421.633 106.00112 1.456 -3.475 3.464 AX44P115
4421.65 41.1 2.61 -1.31 Nilsson10 ""
4421.655 26.0 3.412 -7.39 "" ""
4421.663 106.00113 1.451 -11.24 3.464 CX04R115
4421.672 106.00112 1.316 -1.475 3.464 AX22P205
4421.676 28.0 3.477 -4.2 "" ""
4421.69 106.00112 1.316 -3.668 3.464 AX22Q195
4421.69 22.0 3.152 -3.8 "" ""
4421.697 106.00113 1.762 -6.928 3.464 AX01R305
4421.706 26.0 4.603 -2.34 "" ""
4421.707 20.0 5.737 -3.28 "" ""
4421.752 22.0 2.238 -0.2 LAWLER ""
4421.769 106.00112 1.316 -1.492 3.464 AX22P195
4421.868 106.00113 1.827 -4.565 3.464 AX55R145
4421.938 22.1 2.06 -1.64 LAWLER ""
4421.973 27.0 3.407 -3.23 "" ""
4422.048 90.0 1.336 -0.54 "" ""
4422.058 24.0 3.885 -2.9 "" ""
4422.059 42.0 2.274 -1.8 "" ""
4422.092 24.0 2.542 -7.4 "" ""
4422.145 24.0 3.553 -1.85 "" ""
4422.155 25.0 4.35 -2.11 "" ""
4422.183 106.00113 0.431 -5.252 3.464 BX01P065
4422.194 23.0 1.71 -2.71 "" ""
4422.211 20.0 5.827 -4.51 "" ""
4422.23 23.0 1.852 -0.94 LAWNOHFS ""
4422.246 106.00112 1.248 -3.523 3.464 AX33Q125
4422.249 72.0 1.305 -1.7 "" ""
4422.257 106.00113 1.486 -3.476 3.464 AX44R115
4422.265 106.00112 1.248 -1.739 3.464 AX33P125
4422.267 106.00113 1.486 -1.463 3.464 AX44Q115
4422.282 106.00112 1.456 -3.446 3.464 AX44R105
4422.288 106.00112 1.456 -1.495 3.464 AX44Q105
4422.327 106.00112 1.248 -1.708 3.464 AX33P135
4422.399 106.00112 1.456 -1.462 3.464 AX44Q115
4422.405 106.00112 1.456 -3.462 3.464 AX44P115
4422.407 64.0 0.027 -0.15 "" ""
4422.412 106.00113 1.486 -1.434 3.464 AX44Q125
4422.419 25.0 4.682 -4.38 "" ""
4422.422 106.00113 1.486 -3.514 3.464 AX44P125
4422.426 28.0 3.304 -2.74 "" ""
4422.468 23.0 1.711 -2.62 "" ""
4422.474 23.0 1.858 -2.78 "" ""
4422.478 22.0 2.479 -6.81 "" ""
4422.514 68.1 2.211 0.19 "" ""
4422.568 26.0 2.843 -1.11 "" ""
4422.58 39.1 0.104 -1.05 Biemont11 ""
4422.613 25.0 4.35 -1.12 "" ""
4422.618 22.0 1.967 -4.37 "" ""
4422.689 24.0 3.553 -0.4 "" ""
4422.773 24.0 2.542 -8.07 "" ""
4422.783 90.1 0.231 -2.55 Nils02/10 ""
4422.82 22.0 1.066 -1.1 LAWLER ""
4422.842 42.0 3.161 -1.35 "" ""
4422.853 28.0 4.085 -1.89 "" ""
4422.951 20.0 5.828 -5.25 "" ""
4422.96 26.0 4.47 -4.22 "" ""
4422.989 28.0 3.676 -1.58 "" ""
4422.993 106.00113 1.827 -4.523 3.464 AX55R145
4423.014 106.00112 1.291 -2.636 3.464 AX44P035
4423.052 42.0 2.644 -1.76 "" ""
4423.053 106.00113 1.614 -4.121 3.464 AX55R075
4423.098 23.0 2.706 -2.42 "" ""
4423.128 24.0 3.11 -9.75 "" ""
4423.141 106.00113 0.596 -4.309 3.464 AX11P115
4423.141 26.0 2.988 -2.51 "" ""
4423.149 106.00112 1.291 -2.635 3.464 AX44P035
4423.15 607.01314 2.437 -1.151 7.724 0709Rb0385
4423.193 607.01314 2.437 -4.634 7.724 0709Qd0395
4423.2 25.0 4.35 -3.43 "" ""
4423.208 23.0 1.08 -0.94 "" ""
4423.212 106.00112 1.291 -3.209 3.464 AX44Q035
4423.217 106.00113 1.487 -3.491 3.464 AX44R115
4423.228 106.00113 1.487 -1.463 3.464 AX44Q115
4423.239 22.1 1.23 -2.67 "" ""
4423.244 26.0 4.412 -3.03 "" ""
4423.247 11.0 2.103 -2.56 "" ""
4423.278 23.0 3.368 -4.44 "" ""
4423.283 24.0 3.102 -5.11 "" ""
4423.308 106.00113 1.487 -1.434 3.464 AX44Q125
4423.314 24.0 3.011 -1.73 "" ""
4423.319 106.00113 1.487 -3.5 3.464 AX44P125
4423.346 106.00112 1.291 -3.216 3.464 AX44Q035
4423.36 106.00113 1.614 -4.098 3.464 AX55R075
4423.382 62.0 0.036 -1.25 "" ""
4423.415 27.0 3.809 -3.9 "" ""
4423.442 58.0 0.0 -0.67 "" ""
4423.453 22.0 2.304 -4.62 "" ""
4423.556 22.0 0.899 -5.9 "" ""
4423.589 24.0 3.854 -0.58 "" ""
4423.595 23.0 1.948 -1.31 "" ""
4423.605 23.0 2.676 -6.83 "" ""
4423.605 24.1 5.867 -4.5 "" ""
4423.609 42.0 2.258 -0.86 "" ""
4423.615 24.0 3.373 -2.42 "" ""
4423.628 22.0 1.967 -6.69 "" ""
4423.631 106.00113 1.371 -3.656 3.464 AX22Q205
4423.664 106.00113 1.903 -1.188 3.464 AX33Q255
4423.673 58.1 1.057 -0.36 BIEMONT ""
4423.69 106.00113 1.903 -3.805 3.464 AX33P255
4423.707 106.00113 1.371 -1.459 3.464 AX22P215
4423.723 106.00112 1.291 -2.492 3.464 AX44P045
4423.732 22.0 1.967 -5.12 "" ""
4423.75 106.00113 1.371 -1.474 3.464 AX22P205
4423.752 106.00113 1.903 -3.871 3.464 AX33R245
4423.762 74.0 2.831 -0.1 "" ""
4423.778 106.00113 1.903 -1.181 3.464 AX33Q245
4423.833 106.00112 1.291 -2.492 3.464 AX44P045
4423.841 26.0 3.654 -1.61 RUF14 ""
4423.865 41.0 2.085 -0.67 "" ""
4423.888 106.00112 0.598 -4.308 3.464 AX11P115
4423.893 57.0 1.229 0.27 "" ""
4423.911 23.0 2.636 -0.13 "" ""
4423.941 22.0 2.493 -2.6 "" ""
4423.95 23.0 2.579 -1.85 "" ""
4423.97 24.0 5.222 -1.43 "" ""
4424.001 42.0 3.714 -1.47 "" ""
4424.034 23.0 1.711 -4.76 "" ""
4424.068 26.0 3.639 -2.19 "" ""
4424.075 24.0 2.913 -1.08 "" ""
4424.078 20.0 5.449 -4.83 "" ""
4424.1 64.1 1.171 -1.18 LAWLER ""
4424.173 27.1 5.204 -4.71 "" ""
4424.188 26.0 3.544 -1.61 "" ""
4424.191 42.0 2.068 -2.29 "" ""
4424.229 106.00113 0.596 -4.345 3.464 AX11P115
4424.257 27.1 5.051 -4.21 "" ""
4424.278 24.0 3.008 -0.37 "" ""
4424.297 62.1147 0.484 -0.587 Lawler ""
4424.307 62.1147 0.484 -0.657 Lawler ""
4424.308 62.1149 0.484 -0.587 Lawler ""
4424.309 62.1144 0.484 0.14 Lawler ""
4424.311 62.1147 0.484 -1.854 Lawler ""
4424.316 62.1147 0.484 -0.731 Lawler ""
4424.317 62.1149 0.484 -0.657 Lawler ""
4424.319 62.1147 0.484 -1.631 Lawler ""
4424.32 62.1149 0.484 -1.854 Lawler ""
4424.324 106.00112 0.433 -5.252 3.464 BX01P065
4424.324 62.1147 0.484 -0.809 Lawler ""
4424.324 62.1147 0.484 -3.433 Lawler ""
4424.324 62.1149 0.484 -0.731 Lawler ""
4424.325 62.1148 0.484 0.14 Lawler ""
4424.327 62.1147 0.484 -1.544 Lawler ""
4424.328 62.1149 0.484 -1.631 Lawler ""
4424.331 62.1147 0.484 -0.89 Lawler ""
4424.331 62.1147 0.484 -3.051 Lawler ""
4424.331 62.1149 0.484 -0.809 Lawler ""
4424.331 62.1149 0.484 -3.433 Lawler ""
4424.334 62.1147 0.484 -1.524 Lawler ""
4424.334 62.1149 0.484 -1.544 Lawler ""
4424.334 62.115 0.484 0.14 Lawler ""
4424.337 62.1149 0.484 -0.89 Lawler ""
4424.337 62.1149 0.484 -3.051 Lawler ""
4424.338 62.1147 0.484 -0.974 Lawler ""
4424.338 62.1147 0.484 -2.868 Lawler ""
4424.34 62.1147 0.484 -1.556 Lawler ""
4424.34 62.1149 0.484 -1.524 Lawler ""
4424.342 62.1149 0.484 -0.974 Lawler ""
4424.342 62.1149 0.484 -2.868 Lawler ""
4424.343 62.1147 0.484 -1.06 Lawler ""
4424.343 62.1147 0.484 -2.801 Lawler ""
4424.344 62.1149 0.484 -1.556 Lawler ""
4424.345 62.1147 0.484 -1.65 Lawler ""
4424.347 62.1149 0.484 -1.06 Lawler ""
4424.347 62.1149 0.484 -2.801 Lawler ""
4424.347 62.1152 0.484 0.14 Lawler ""
4424.348 62.1147 0.484 -1.143 Lawler ""
4424.348 62.1147 0.484 -2.847 Lawler ""
4424.348 62.1149 0.484 -1.65 Lawler ""
4424.349 62.1147 0.484 -1.868 Lawler ""
4424.35 62.1149 0.484 -1.143 Lawler ""
4424.35 62.1149 0.484 -2.847 Lawler ""
4424.351 62.1147 0.484 -3.081 Lawler ""
4424.351 62.1149 0.484 -1.868 Lawler ""
4424.353 62.1149 0.484 -3.081 Lawler ""
4424.354 62.1154 0.484 0.14 Lawler ""
4424.383 22.0 2.425 -0.64 "" ""
4424.491 106.00112 1.376 -3.656 3.464 AX22Q205
4424.494 24.0 2.985 -1.83 "" ""
4424.542 106.00113 1.909 -10.844 3.464 CX04P215
4424.568 23.0 1.375 -1.46 "" ""
4424.57 68.0 0.624 -0.06 "" ""
4424.576 106.00112 1.376 -1.474 3.464 AX22P205
4424.58 106.00112 1.376 -1.458 3.464 AX22P215
4424.629 23.1 1.803 -2.32 "" ""
4424.666 106.00113 1.077 -4.229 3.464 AX33P075
4424.764 106.00112 1.914 -3.841 3.464 AX33R245
4424.785 106.00113 1.596 -1.319 3.464 AX11P285
4424.792 44.0 1.46 -1.72 "" ""
4424.804 106.00113 1.675 -3.767 3.464 AX11Q285
4424.833 106.00113 1.675 -1.311 3.464 AX11P295
4424.835 106.00112 1.914 -1.186 3.464 AX33Q255
4424.836 607.01314 2.421 -1.161 7.724 0709Rb0375
4424.838 28.0 4.161 -4.2 "" ""
4424.843 106.00113 1.596 -3.794 3.464 AX11Q275
4424.852 106.00113 0.837 -2.188 3.464 BX01Q165
4424.868 28.0 3.462 -3.29 "" ""
4424.875 106.00113 0.837 -5.742 3.464 BX01P175
4424.878 607.01314 2.421 -4.623 7.724 0709Qd0385
4424.901 106.00112 1.914 -1.18 3.464 AX33Q245
4424.928 106.00113 0.837 -5.57 3.464 BX01R165
4424.949 106.00113 1.675 -1.318 3.464 AX11P285
4424.951 106.00113 0.837 -2.139 3.464 BX01Q175
4424.97 73.0 2.558 -0.63 "" ""
4424.972 106.00112 1.914 -3.831 3.464 AX33P255
4424.984 106.00113 1.596 -1.327 3.464 AX11P275
4424.991 106.00112 0.599 -4.345 3.464 AX11P115
4425.011 64.0 1.53 0.36 "" ""
4425.128 24.0 3.102 -1.96 "" ""
4425.154 106.00113 1.078 -4.253 3.464 AX33P075
4425.17 106.00113 1.909 -8.984 3.464 CX04Q205
4425.189 106.00112 1.083 -2.712 3.464 BX11R205
4425.189 106.00113 0.87 -4.291 3.464 AX22P105
4425.2 607.01314 2.437 -1.141 7.724 0709Ra0395
4425.237 24.0 4.571 -2.97 "" ""
4425.273 106.00113 1.909 -8.805 3.464 CX04Q215
4425.276 106.00112 1.083 -7.542 3.464 BX11Q215
4425.277 21.0 2.336 -1.79 "" ""
4425.278 24.0 3.11 -8.42 "" ""
4425.371 106.00112 1.083 -2.136 3.464 BX11R215
4425.38 106.00112 1.491 -3.475 3.464 AX44R115
4425.398 106.00112 1.491 -1.462 3.464 AX44Q115
4425.42 21.0 3.099 -1.68 "" ""
4425.437 20.0 1.879 -0.39 LAWLER ""
4425.486 14.0 4.95 -2.77 "" ""
4425.519 24.0 4.407 -3.99 "" ""
4425.539 106.00112 1.604 -1.319 3.464 AX11P285
4425.542 106.00112 1.491 -1.433 3.464 AX44Q125
4425.56 106.00112 1.491 -3.513 3.464 AX44P125
4425.591 106.00112 1.08 -4.229 3.464 AX33P075
4425.595 24.0 3.373 -2.48 "" ""
4425.615 106.00112 1.683 -3.767 3.464 AX11Q285
4425.618 106.00112 1.604 -3.794 3.464 AX11Q275
4425.625 26.0 4.257 -3.26 "" ""
4425.658 26.0 3.571 -2.86 "" ""
4425.677 26.0 3.637 -4.5 "" ""
4425.68 106.00112 1.683 -1.31 3.464 AX11P295
4425.704 23.0 1.349 -2.04 "" ""
4425.712 55.0 0.0 -6.56 "" ""
4425.72 23.0 1.847 -1.33 "" ""
4425.751 26.0 3.263 -3.26 "" ""
4425.765 106.00112 1.683 -1.318 3.464 AX11P285
4425.766 106.00112 1.604 -1.327 3.464 AX11P275
4425.813 68.1 0.891 -2.57 LAWLER ""
4425.823 22.0 1.066 -1.88 LAWLER ""
4425.879 26.0 3.637 -4.7 "" ""
4425.892 28.0 4.534 -3.52 "" ""
4425.902 106.00113 1.909 -11.168 3.464 CX04R205
4425.902 74.0 2.265 -0.92 "" ""
4425.979 22.1 5.028 -3.41 "" ""
4425.98 62.1 0.434 -1.92 LAWLER ""
4425.997 23.0 0.286 -0.93 LAWNOHFS ""
4426.016 106.00112 0.873 -4.291 3.464 AX22P105
4426.051 22.0 1.878 -0.31 LAWLER ""
4426.082 106.00112 1.081 -4.253 3.464 AX33P075
4426.086 106.00113 0.871 -4.324 3.464 AX22P105
4426.095 106.00113 1.302 -2.416 3.464 AX44P045
4426.127 24.0 3.419 -3.66 "" ""
4426.15 64.1 0.382 -1.59 LAWLER ""
4426.172 106.00113 0.268 -4.304 3.464 AX00P115
4426.176 106.00113 1.285 -3.529 3.464 AX33Q135
4426.192 106.00113 1.285 -1.703 3.464 AX33P135
4426.245 106.00113 1.302 -3.242 3.464 AX44Q045
4426.269 106.00113 1.372 -1.459 3.464 AX22P215
4426.275 77.0 1.224 -1.92 "" ""
4426.293 106.00113 1.303 -2.415 3.464 AX44P045
4426.312 106.00113 1.285 -1.675 3.464 AX33P145
4426.319 106.00113 1.372 -3.69 3.464 AX22Q205
4426.338 22.0 3.059 -2.53 "" ""
4426.353 24.0 4.774 -2.86 "" ""
4426.357 106.00112 1.491 -3.491 3.464 AX44R115
4426.366 607.01314 2.421 -1.151 7.724 0709Ra0385
4426.37 20.0 4.128 -4.21 "" ""
4426.374 106.00112 1.491 -1.462 3.464 AX44Q115
4426.421 106.00113 1.372 -1.474 3.464 AX22P205
4426.425 24.0 2.985 -2.98 "" ""
4426.443 106.00113 1.303 -3.252 3.464 AX44Q045
4426.452 106.00112 1.491 -1.433 3.464 AX44Q125
4426.46 607.01314 2.406 -1.172 7.724 0709Rb0365
4426.469 106.00112 1.491 -3.5 3.464 AX44P125
4426.501 607.01314 2.406 -4.611 7.724 0709Qd0375
4426.511 106.00112 1.976 -5.106 3.464 AX54P215
4426.549 23.0 2.33 -2.19 "" ""
4426.586 106.00113 1.523 -3.517 3.464 AX44R125
4426.605 106.00113 1.523 -1.434 3.464 AX44Q125
4426.614 106.00113 1.867 -4.632 3.464 AX55R155
4426.651 106.00113 1.303 -2.313 3.464 AX44P055
4426.651 24.0 5.235 -0.07 "" ""
4426.662 24.0 2.985 -1.97 "" ""
4426.67 42.0 2.497 -0.61 "" ""
4426.676 41.0 0.739 -1.48 "" ""
4426.677 92.1 0.583 -1.64 "" ""
4426.726 106.00113 1.523 -1.409 3.464 AX44Q135
4426.729 25.1 6.124 -5.73 "" ""
4426.745 106.00113 1.523 -3.551 3.464 AX44P135
4426.768 68.0 0.0 -0.98 "" ""
4426.812 25.0 4.341 -3.14 "" ""
4426.812 25.0 4.602 -3.23 "" ""
4426.82 60.1 0.182 -1.75 LAWLER ""
4426.821 106.00113 1.303 -2.313 3.464 AX44P055
4426.863 106.00113 1.015 -5.651 3.464 BX11P195
4426.904 106.00112 0.27 -4.304 3.464 AX00P115
4426.919 16.0 6.855 -2.0 "" ""
4426.925 106.00112 0.874 -4.324 3.464 AX22P105
4426.934 92.0 0.0 -1.32 "" ""
4426.956 28.0 4.161 -3.8 "" ""
4426.983 106.00113 2.031 -1.788 3.464 AX44R235
4426.984 27.0 2.872 -2.69 "" ""
4427.025 24.0 3.11 -2.55 "" ""
4427.03 64.1 1.526 -1.11 LAWLER ""
4427.043 106.00113 2.031 -1.733 3.464 AX44R225
4427.061 106.00113 1.594 -4.043 3.464 AX55R065
4427.069 58.1 0.417 -0.63 LAWLER ""
4427.07 25.0 4.341 -1.55 "" ""
4427.098 22.0 1.501 0.23 LAWLER ""
4427.101 106.00113 2.031 -3.984 3.464 AX44Q235
4427.12 106.00112 1.456 -11.239 3.464 CX04R115
4427.128 22.0 1.066 -2.66 "" ""
4427.129 106.00113 1.953 -12.691 3.464 CX15P175
4427.149 24.1 5.869 -2.96 "" ""
4427.167 24.0 2.897 -4.89 "" ""
4427.178 106.00112 0.841 -2.188 3.464 BX01Q165
4427.197 106.00112 0.841 -5.742 3.464 BX01P175
4427.208 58.1 0.708 -1.83 LAWLER ""
4427.216 106.00112 1.378 -1.459 3.464 AX22P215
4427.227 106.00113 2.031 -5.092 3.464 AX54P225
4427.244 106.00112 1.378 -3.69 3.464 AX22Q205
4427.247 23.0 2.676 0.38 "" ""
4427.255 40.0 2.322 0.38 "" ""
4427.257 106.00112 0.841 -5.57 3.464 BX01R165
4427.274 23.0 1.852 -2.62 "" ""
4427.276 106.00112 0.841 -2.139 3.464 BX01Q175
4427.289 106.00113 1.594 -4.023 3.464 AX55R065
4427.298 26.0 3.651 -1.25 "" ""
4427.305 106.00113 0.269 -4.341 3.464 AX00P115
4427.31 26.0 0.052 -2.92 OBR91 ""
4427.311 106.00112 1.289 -3.529 3.464 AX33Q135
4427.329 106.00112 1.378 -1.474 3.464 AX22P205
4427.341 106.00112 1.289 -1.703 3.464 AX33P135
4427.365 74.0 3.652 0.03 "" ""
4427.409 20.0 4.621 -1.74 "" ""
4427.455 106.00112 1.289 -1.675 3.464 AX33P145
4427.476 27.0 4.055 -2.48 "" ""
4427.502 25.1 7.376 -4.33 "" ""
4427.54 106.00113 1.953 -6.543 3.464 CX15Q165
4427.557 57.1 1.781 -0.19 "" ""
4427.562 106.00113 1.286 -3.553 3.464 AX33Q135
4427.575 607.01314 2.406 -1.161 7.724 0709Ra0375
4427.578 23.1 1.792 -4.23 "" ""
4427.58 62.1 0.248 -1.29 LAWLER ""
4427.6 64.1 1.156 -1.05 LAWLER ""
4427.614 106.00113 1.286 -1.703 3.464 AX33P135
4427.617 106.00113 0.556 -2.806 3.464 BX01P105
4427.627 106.00113 1.286 -1.675 3.464 AX33P145
4427.643 106.00113 1.953 -6.576 3.464 CX15Q175
4427.651 92.1 0.036 -1.98 "" ""
4427.654 90.1 1.794 -0.91 "" ""
4427.67 106.00113 0.556 -7.974 3.464 BX01Q105
4427.694 106.00113 1.524 -3.534 3.464 AX44R125
4427.706 24.0 3.011 -2.46 "" ""
4427.715 106.00113 1.524 -1.434 3.464 AX44Q125
4427.716 106.00112 1.683 -6.874 3.464 AX01R295
4427.764 106.00113 1.524 -1.409 3.464 AX44Q135
4427.771 22.0 2.394 -5.03 "" ""
4427.786 106.00113 1.524 -3.536 3.464 AX44P135
4427.79 62.1 0.277 -1.81 LAWLER ""
4427.87 60.1 0.742 -1.79 LAWLER ""
4427.878 106.00113 1.719 -10.203 3.464 CX15Q115
4427.881 106.00113 0.556 -2.763 3.464 BX01P115
4427.882 22.1 1.242 -3.13 "" ""
4427.89 106.00113 1.868 -4.588 3.464 AX55R155
4427.916 58.1 0.536 -0.41 LAWLER ""
4428.03 607.01314 2.391 -1.183 7.724 0709Rb0355
4428.051 106.00112 0.27 -4.341 3.464 AX00P115
4428.055 106.00113 1.953 -9.845 3.464 CX15R165
4428.07 607.01314 2.391 -4.599 7.724 0709Qd0365
4428.073 106.00113 1.719 -6.629 3.464 CX15R105
4428.106 23.0 2.364 -3.28 "" ""
4428.144 106.00112 1.916 -1.187 3.464 AX33Q255
4428.202 106.00112 1.916 -3.87 3.464 AX33R245
4428.208 42.0 1.469 -3.06 "" ""
4428.214 106.00113 1.719 -6.575 3.464 CX15R115
4428.239 106.00113 1.612 -9.05 3.464 CX15R075
4428.255 23.0 2.357 -2.2 "" ""
4428.281 106.00112 1.916 -3.804 3.464 AX33P255
4428.339 106.00112 1.916 -1.18 3.464 AX33Q245
4428.339 23.0 2.676 -3.81 "" ""
4428.424 24.1 5.666 -3.29 "" ""
4428.435 25.1 7.047 -5.13 "" ""
4428.438 58.1 0.529 -0.58 LAWLER ""
4428.445 106.00112 1.951 -8.923 3.464 AX50R355
4428.463 44.0 1.087 -1.07 "" ""
4428.482 24.0 4.407 -1.6 "" ""
4428.482 74.0 3.372 -0.56 "" ""
4428.502 24.0 3.011 -0.95 "" ""
4428.51 23.0 0.267 -1.14 LAWNOHFS ""
4428.541 27.0 3.949 -2.17 "" ""
4428.571 26.0 3.94 -2.34 "" ""
4428.612 106.00112 1.694 -4.317 3.464 AX55R105
4428.65 106.00112 1.29 -3.553 3.464 AX33Q135
4428.681 106.00112 1.29 -1.703 3.464 AX33P135
4428.713 106.00112 1.29 -1.675 3.464 AX33P145
4428.719 23.0 2.636 -4.89 "" ""
4428.751 27.1 5.051 -5.65 "" ""
4428.771 106.00112 1.306 -2.416 3.464 AX44P045
4428.808 24.0 4.102 -3.79 "" ""
4428.817 607.01314 2.391 -1.172 7.724 0709Ra0365
4428.833 26.0 3.639 -6.09 "" ""
4428.882 106.00112 1.724 -4.378 3.464 AX55R115
4428.891 21.0 2.612 -1.48 "" ""
4428.905 106.00113 1.675 -6.873 3.464 AX01R295
4428.914 106.00112 1.306 -3.242 3.464 AX44Q045
4428.972 106.00112 1.306 -2.415 3.464 AX44P045
4429.069 59.1141 0.0 -1.11 LI/LAW ""
4429.089 40.0 0.632 -1.63 "" ""
4429.094 59.1141 0.0 -2.282 LI/LAW ""
4429.101 26.0 4.603 -2.31 "" ""
4429.104 59.1141 0.0 -1.203 LI/LAW ""
4429.106 23.1 1.564 -5.29 "" ""
4429.107 42.0 3.165 -1.55 "" ""
4429.112 106.00113 1.605 -11.376 3.464 CX04Q155
4429.115 106.00112 1.306 -3.251 3.464 AX44Q045
4429.115 59.1141 0.0 -3.781 LI/LAW ""
4429.126 59.1141 0.0 -2.092 LI/LAW ""
4429.134 59.1141 0.0 -1.302 LI/LAW ""
4429.137 59.1141 0.371 -2.19 LI/LAW ""
4429.142 16.0 6.855 -1.9 "" ""
4429.144 59.1141 0.0 -3.453 LI/LAW ""
4429.153 59.1141 0.0 -2.05 LI/LAW ""
4429.159 59.1141 0.371 -1.99 LI/LAW ""
4429.16 59.1141 0.0 -1.407 LI/LAW ""
4429.162 59.1141 0.371 -1.031 LI/LAW ""
4429.168 59.1141 0.0 -3.366 LI/LAW ""
4429.175 59.1141 0.0 -2.104 LI/LAW ""
4429.18 59.1141 0.0 -1.516 LI/LAW ""
4429.181 106.00113 1.435 -3.677 3.464 AX22Q215
4429.186 59.1141 0.0 -3.512 LI/LAW ""
4429.186 59.1141 0.371 -1.939 LI/LAW ""
4429.187 23.1 6.286 -3.35 "" ""
4429.189 59.1141 0.371 -0.988 LI/LAW ""
4429.191 26.0 3.926 -2.05 "" ""
4429.192 59.1141 0.0 -2.294 LI/LAW ""
4429.196 59.1141 0.0 -1.625 LI/LAW ""
4429.213 59.1141 0.371 -2.19 LI/LAW ""
4429.219 59.1141 0.371 -1.986 LI/LAW ""
4429.22 59.1141 0.371 -0.93 LI/LAW ""
4429.231 106.00112 1.978 -5.166 3.464 AX54P215
4429.233 106.00112 1.694 -4.285 3.464 AX55R105
4429.246 26.0 3.651 -2.71 "" ""
4429.249 106.00113 1.435 -1.443 3.464 AX22P225
4429.25 59.1141 0.371 -1.99 LI/LAW ""
4429.256 59.1141 0.371 -2.184 LI/LAW ""
4429.257 59.1141 0.371 -0.862 LI/LAW ""
4429.266 58.1 1.087 0.33 BIEMONT ""
4429.291 59.1141 0.371 -1.939 LI/LAW ""
