wavelength species excitation loggf disassociation_energy comment
4943.668 607.01314 1.231 -3.199 7.724 0205Ra0105
4943.673 607.01314 1.231 -3.238 7.724 0205Rb0095
4943.676 106.00113 1.789 -7.421 3.464 AX02R275
4943.679 106.00112 1.376 -2.224 3.464 BX12R215
4943.69 607.01314 1.231 -5.591 7.724 0205Qd0105
4943.72 26.1 7.392 -3.88 "" ""
4943.72 59.1 0.482 -1.52 "" ""
4943.761 25.1 5.832 -6.18 "" ""
4943.84 58.1 0.956 -1.42 "" ""
4943.899 60.1 0.204 -1.64 "" ""
4944.043 106.00113 1.135 -5.578 3.464 AX23P095
4944.049 24.0 5.235 -2.1 "" ""
4944.055 607.01214 3.46 -3.037 7.724 1215Rb0055
4944.056 106.00113 1.72 -3.782 3.464 AX45P105
4944.061 607.01214 3.46 -4.982 7.724 1215Qd0065
4944.072 106.00113 1.72 -5.654 3.464 AX45Q105
4944.085 607.01214 3.46 -2.977 7.724 1215Ra0065
4944.094 22.0 3.548 -1.38 "" ""
4944.207 607.01214 1.281 -3.512 7.724 0003Ra0485
4944.261 106.00113 1.72 -3.78 3.464 AX45P115
4944.312 607.01214 1.281 -3.521 7.724 0003Rb0475
4944.313 607.01214 1.308 -3.056 7.724 0104Ra0375
4944.35 22.0 1.967 -2.21 "" ""
4944.356 22.0 2.406 -2.45 "" ""
4944.363 68.0 1.068 -0.15 "" ""
4944.39 607.01214 1.366 -2.88 7.724 0205Ra0245
4944.394 607.01214 1.281 -7.152 7.724 0003Qd0485
4944.405 106.00113 0.727 -4.434 3.464 BX02P055
4944.409 607.01214 1.308 -3.067 7.724 0104Rb0365
4944.434 23.0 1.711 -4.33 "" ""
4944.442 106.00113 0.727 -9.636 3.464 BX02Q055
4944.454 607.01214 1.366 -2.898 7.724 0205Rb0235
4944.472 607.01214 1.308 -6.487 7.724 0104Qd0375
4944.495 607.01214 1.366 -5.963 7.724 0205Qd0245
4944.518 106.00112 1.809 -6.447 3.464 AX56Q025
4944.534 27.0 4.229 -3.39 "" ""
4944.546 106.00112 1.809 -6.443 3.464 AX56Q025
4944.546 25.0 3.376 -4.2 "" ""
4944.557 106.00112 0.778 -5.565 3.464 AX12P075
4944.565 24.0 3.844 -0.84 "" ""
4944.587 106.00113 1.039 -3.37 3.464 BX02Q145
4944.618 58.1 1.007 -0.52 BIEMONT ""
4944.64 106.00113 1.039 -6.827 3.464 BX02P155
4944.675 106.00113 1.039 -6.656 3.464 BX02R145
4944.683 23.0 3.077 -2.66 "" ""
4944.69 64.1 1.657 -1.13 LAWLER ""
4944.728 106.00113 1.039 -3.277 3.464 BX02Q155
4944.731 27.0 2.875 -2.55 LAWNHFS ""
4944.732 106.00112 2.058 -6.878 3.464 AX13R275
4944.751 106.00112 1.801 -6.345 3.464 AX56R005
4944.753 106.00112 1.809 -7.221 3.464 AX56R025
4944.769 607.01214 1.479 -3.157 7.724 0306Ra0065
4944.772 106.00112 1.801 -6.345 3.464 AX56R005
4944.78 106.00112 1.809 -7.222 3.464 AX56R025
4944.8 23.0 1.71 -5.59 "" ""
4944.803 607.01214 1.479 -3.219 7.724 0306Rb0055
4944.813 607.01214 1.479 -5.167 7.724 0306Qd0065
4944.82 106.00113 0.388 -5.788 3.464 AX01P045
4944.826 60.0 0.14 0.34 "" ""
4944.871 607.01214 3.457 -3.108 7.724 1215Rb0045
4944.876 607.01214 3.457 -4.913 7.724 1215Qd0055
4944.896 607.01214 3.457 -3.037 7.724 1215Ra0055
4944.918 24.0 3.419 -4.6 "" ""
4944.92 106.00113 0.727 -4.361 3.464 BX02P065
4944.943 24.0 5.517 -3.62 "" ""
4944.965 106.00113 1.136 -5.608 3.464 AX23P095
4944.98 24.0 4.774 -3.92 "" ""
4944.989 23.0 1.375 -3.05 "" ""
4944.991 106.00113 1.855 -5.842 3.464 AX34Q195
4945.013 23.0 2.636 -3.03 "" ""
4945.039 106.00113 1.72 -3.782 3.464 AX45P105
4945.042 106.00112 1.86 -5.842 3.464 AX34Q195
4945.042 106.00113 1.855 -3.271 3.464 AX34P195
4945.056 106.00113 1.72 -5.673 3.464 AX45Q105
4945.062 23.1 3.325 -4.44 "" ""
4945.079 22.1 1.179 -5.88 "" ""
4945.083 106.00113 1.855 -3.319 3.464 AX34P205
4945.09 607.01314 1.227 -3.238 7.724 0205Ra0095
4945.095 607.01314 1.227 -3.282 7.724 0205Rb0085
4945.102 106.00113 0.388 -5.803 3.464 AX01P045
4945.11 607.01314 1.227 -5.55 7.724 0205Qd0095
4945.114 106.00112 2.347 -5.83 3.464 AX56R205
4945.148 106.00112 1.861 -3.319 3.464 AX34P205
4945.152 106.00112 1.86 -3.271 3.464 AX34P195
4945.172 106.00113 1.72 -3.78 3.464 AX45P115
4945.19 20.0 5.014 -2.87 "" ""
4945.195 106.00112 0.778 -5.589 3.464 AX12P075
4945.28 42.0 2.521 -2.25 "" ""
4945.282 27.0 4.501 -2.73 "" ""
4945.289 24.0 3.085 -4.12 "" ""
4945.302 26.0 3.015 -3.9 "" ""
4945.31 106.00112 2.283 -3.755 3.464 AX23P305
4945.38 72.1 1.601 -2.3 LAWLER ""
4945.382 607.01314 1.136 -3.165 7.724 0104Ra0275
4945.411 106.00112 2.283 -10.918 3.464 AX23Q295
4945.443 28.0 3.793 -0.82 "" ""
4945.451 607.01314 1.136 -3.18 7.724 0104Rb0265
4945.459 90.0 0.0 -2.48 "" ""
4945.463 28.1 4.029 -4.74 "" ""
4945.474 106.00113 1.953 -10.738 3.464 CX05P175
4945.496 607.01314 1.136 -6.343 7.724 0104Qd0275
4945.507 106.00113 2.111 -5.677 3.464 AX56Q155
4945.532 106.00112 2.283 -3.498 3.464 AX23P295
4945.534 26.0 4.581 -4.27 "" ""
4945.546 106.00112 1.598 -6.014 3.464 AX45P055
4945.547 24.1 6.6 -3.77 "" ""
4945.598 27.0 2.872 -2.71 LAWNHFS ""
4945.627 23.0 2.682 -2.06 "" ""
4945.635 23.0 2.721 -6.52 "" ""
4945.636 26.0 4.206 -1.51 "" ""
4945.686 607.01214 3.455 -3.195 7.724 1215Rb0035
4945.69 607.01214 3.455 -4.832 7.724 1215Qd0045
4945.705 607.01214 3.455 -3.108 7.724 1215Ra0045
4945.84 57.0 0.869 -1.14 "" ""
4945.878 106.00112 1.598 -6.031 3.464 AX45P055
4945.883 106.00113 2.111 -3.476 3.464 AX56R145
4945.918 23.0 2.573 -5.6 "" ""
4945.928 106.00113 2.111 -3.36 3.464 AX56R155
4945.955 25.1 6.653 -5.52 "" ""
4945.987 106.00113 1.953 -7.366 3.464 CX05Q165
4946.015 607.01214 1.476 -3.219 7.724 0306Ra0055
4946.029 28.0 3.793 -1.29 "" ""
4946.037 26.0 3.015 -5.91 "" ""
4946.045 607.01214 1.476 -3.292 7.724 0306Rb0045
4946.054 607.01214 1.476 -5.1 7.724 0306Qd0055
4946.114 22.0 3.556 -1.19 "" ""
4946.151 106.00113 1.953 -7.247 3.464 CX05Q175
4946.153 23.1 3.325 -6.47 "" ""
4946.188 22.0 2.425 -2.31 "" ""
4946.224 20.0 4.677 -4.83 "" ""
4946.332 607.01314 1.09 -3.569 7.724 0003Ra0405
4946.337 62.0 0.185 -0.7 "" ""
4946.382 26.0 4.073 -2.42 "" ""
4946.388 26.0 3.368 -1.11 RUF14 ""
4946.413 57.1139 0.235 -2.313 Lawle01HFS ""
4946.418 57.1139 0.235 -2.802 Lawle01HFS ""
4946.423 57.1139 0.235 -3.501 Lawle01HFS ""
4946.423 607.01314 1.09 -3.579 7.724 0003Rb0395
4946.45 106.00112 1.139 -5.578 3.464 AX23P095
4946.459 57.1139 0.235 -2.606 Lawle01HFS ""
4946.46 607.01314 1.223 -3.282 7.724 0205Ra0085
4946.464 57.1139 0.235 -2.686 Lawle01HFS ""
4946.465 607.01314 1.223 -3.33 7.724 0205Rb0075
4946.468 57.1139 0.235 -3.061 Lawle01HFS ""
4946.479 607.01314 1.223 -5.504 7.724 0205Qd0085
4946.48 60.1 1.263 -1.44 LAWLER ""
4946.489 607.01314 1.09 -7.064 7.724 0003Qd0405
4946.497 57.1139 0.235 -3.061 Lawle01HFS ""
4946.498 607.01214 3.454 -3.305 7.724 1215Rb0025
4946.5 57.1139 0.235 -2.806 Lawle01HFS ""
4946.501 607.01214 3.454 -4.732 7.724 1215Qd0035
4946.503 57.1139 0.235 -2.79 Lawle01HFS ""
4946.513 607.01214 3.454 -3.195 7.724 1215Ra0035
4946.558 26.0 4.183 -2.81 "" ""
4946.582 24.0 5.524 -3.48 "" ""
4946.611 6.0 7.477 -4.7 "" ""
4946.624 58.1 1.243 -1.14 LAWLER ""
4946.636 607.01214 1.356 -2.898 7.724 0205Ra0235
4946.66 90.1 2.385 -0.99 "" ""
4946.665 106.00113 1.953 -11.318 3.464 CX05R165
4946.699 607.01214 1.356 -2.916 7.724 0205Rb0225
4946.726 75.0 1.866 -1.5 "" ""
4946.738 607.01214 1.356 -5.946 7.724 0205Qd0235
4946.742 112.00124 0.73 -1.941 1.340 22R124b24
4946.878 23.0 2.925 -4.51 "" ""
4946.998 25.0 5.345 -3.48 "" ""
4947.01 106.00113 1.797 -6.144 3.464 AX56Q015
4947.011 106.00113 1.797 -6.143 3.464 AX56Q015
4947.02 60.1 0.559 -1.13 LAWLER ""
4947.063 106.00113 2.112 -5.652 3.464 AX56Q155
4947.101 23.0 1.711 -6.73 "" ""
4947.122 20.0 4.677 -4.47 "" ""
4947.123 106.00112 2.358 -6.95 3.464 AX23Q305
4947.149 106.00112 0.389 -5.787 3.464 AX01P045
4947.203 106.00112 2.358 -4.205 3.464 AX23P315
4947.207 24.0 5.258 -1.93 "" ""
4947.21 607.01214 1.474 -3.292 7.724 0306Ra0045
4947.235 607.01214 1.474 -3.38 7.724 0306Rb0035
4947.242 106.00112 2.358 -3.754 3.464 AX23P305
4947.242 607.01214 1.474 -5.02 7.724 0306Qd0045
4947.307 607.01214 3.452 -3.458 7.724 1215Rb0015
4947.309 607.01214 3.452 -4.601 7.724 1215Qd0025
4947.318 607.01214 3.452 -3.305 7.724 1215Ra0025
4947.319 106.00112 1.798 -7.347 3.464 AX02R275
4947.32 56.0 2.237 -0.05 "" ""
4947.326 112.00124 0.639 -2.235 1.340 11R126b24
4947.329 26.1 2.853 -5.99 "" ""
4947.339 607.01214 1.292 -3.068 7.724 0104Ra0365
4947.368 106.00112 1.139 -5.608 3.464 AX23P095
4947.421 106.00113 1.797 -6.465 3.464 AX56R015
4947.421 106.00113 1.797 -6.466 3.464 AX56R015
4947.433 106.00112 0.389 -5.803 3.464 AX01P045
4947.433 607.01214 1.292 -3.08 7.724 0104Rb0355
4947.448 24.0 2.985 -5.55 "" ""
4947.485 106.00113 2.112 -3.36 3.464 AX56R155
4947.494 607.01214 1.292 -6.477 7.724 0104Qd0365
4947.526 106.00113 2.112 -3.476 3.464 AX56R145
4947.527 21.0 3.187 -3.46 "" ""
4947.575 90.1 1.322 -1.49 "" ""
4947.581 23.1 3.75 -1.92 "" ""
4947.607 14.0 5.082 -1.81 NIST/D ""
4947.647 22.0 3.543 -1.67 "" ""
4947.742 607.01314 1.124 -3.18 7.724 0104Ra0265
4947.779 607.01314 1.22 -3.33 7.724 0205Ra0075
4947.784 106.00113 1.856 -3.319 3.464 AX34P205
4947.784 607.01314 1.22 -3.384 7.724 0205Rb0065
4947.796 607.01314 1.22 -5.453 7.724 0205Qd0075
4947.8 106.00112 2.119 -3.476 3.464 AX56R145
4947.81 607.01314 1.124 -3.196 7.724 0104Rb0255
4947.818 106.00113 1.856 -5.876 3.464 AX34Q195
4947.852 607.01314 1.124 -6.328 7.724 0104Qd0265
4947.856 112.00124 0.549 -2.24 1.340 00R128b24
4947.86 106.00112 2.119 -3.359 3.464 AX56R155
4947.877 23.1 3.97 -3.17 "" ""
4947.922 607.01214 1.259 -3.522 7.724 0003Ra0475
4947.926 106.00112 2.119 -5.677 3.464 AX56Q155
4947.941 106.00112 1.862 -3.319 3.464 AX34P205
4947.965 106.00112 1.862 -5.876 3.464 AX34Q195
4947.974 22.0 0.818 -2.68 LAWLER ""
4947.986 106.00113 1.971 -6.883 3.464 AX13R265
4948.001 106.00113 1.856 -3.271 3.464 AX34P195
4948.026 607.01214 1.259 -3.531 7.724 0003Rb0465
4948.053 24.0 3.407 -2.04 "" ""
4948.07 106.00113 0.692 -6.309 3.464 BX02P035
4948.075 106.00112 1.862 -3.271 3.464 AX34P195
4948.09 20.0 6.035 -4.02 "" ""
4948.095 25.0 3.376 -4.4 "" ""
4948.107 607.01214 1.259 -7.145 7.724 0003Qd0475
4948.114 607.01214 3.452 -3.712 7.724 1215Rb0005
4948.115 607.01214 3.452 -4.409 7.724 1215Qd0015
4948.121 607.01214 3.452 -3.458 7.724 1215Ra0015
4948.152 22.0 2.394 -2.53 "" ""
4948.159 106.00113 1.791 -7.347 3.464 AX02R275
4948.162 22.0 3.438 -3.55 "" ""
4948.183 26.0 4.603 -3.0 "" ""
4948.189 22.0 2.173 -1.0 LAWLER ""
4948.207 25.1 5.49 -7.62 "" ""
4948.229 25.0 4.357 -3.07 "" ""
4948.351 607.01214 1.472 -3.38 7.724 0306Ra0035
4948.373 607.01214 1.472 -3.492 7.724 0306Rb0025
4948.378 607.01214 1.472 -4.92 7.724 0306Qd0035
4948.488 106.00112 0.729 -4.434 3.464 BX02P055
4948.506 25.1 7.376 -3.06 "" ""
4948.531 106.00112 0.729 -9.635 3.464 BX02Q055
4948.536 106.00112 1.724 -3.782 3.464 AX45P105
4948.544 106.00112 1.724 -5.653 3.464 AX45Q105
4948.56 64.0 1.981 0.23 "" ""
4948.58 27.0 4.046 -1.06 "" ""
4948.604 22.0 2.66 -2.67 "" ""
4948.622 24.0 3.407 -2.68 "" ""
4948.63 62.1 0.543 -0.95 LAWLER ""
4948.675 106.00112 1.043 -3.369 3.464 BX02Q145
4948.684 58.0 0.384 -0.86 "" ""
4948.701 106.00112 2.245 -8.261 3.464 AX50Q375
4948.712 58.0 0.547 -0.93 "" ""
4948.736 106.00112 1.043 -6.827 3.464 BX02P155
4948.75 106.00112 1.724 -3.779 3.464 AX45P115
4948.768 106.00112 1.043 -6.655 3.464 BX02R145
4948.768 40.0 0.519 -1.98 "" ""
4948.795 106.00112 2.245 -6.635 3.464 AX50P385
4948.815 23.0 2.721 -6.55 "" ""
4948.828 106.00112 1.043 -3.276 3.464 BX02Q155
4948.832 607.01214 1.345 -2.916 7.724 0205Ra0225
4948.841 26.1 6.083 -4.43 "" ""
4948.859 26.0 2.557 -4.76 "" ""
4948.893 607.01214 1.345 -2.935 7.724 0205Rb0215
4948.918 607.01214 3.451 -4.01 7.724 1215Qd0005
4948.921 607.01214 3.451 -3.712 7.724 1215Ra0005
4948.93 607.01214 1.345 -5.929 7.724 0205Qd0225
4948.947 72.0 1.305 -1.69 "" ""
4948.954 106.00112 2.245 -6.351 3.464 AX50P375
4948.993 106.00112 1.804 -6.142 3.464 AX56Q015
4948.993 106.00112 1.804 -6.144 3.464 AX56Q015
4948.993 24.0 3.407 -2.22 "" ""
4949.011 60.1 0.63 -1.45 "" ""
4949.012 106.00112 0.73 -4.361 3.464 BX02P065
4949.012 42.0 1.419 -3.07 "" ""
4949.013 21.0 3.187 -3.34 "" ""
4949.047 607.01314 1.217 -3.384 7.724 0205Ra0065
4949.052 607.01314 1.217 -3.446 7.724 0205Rb0055
4949.062 607.01314 1.217 -5.395 7.724 0205Qd0065
4949.341 106.00112 1.666 -11.728 3.464 CX05R095
4949.343 106.00112 1.804 -6.465 3.464 AX56R015
4949.344 106.00112 1.804 -6.466 3.464 AX56R015
4949.396 27.0 3.949 -2.47 "" ""
4949.417 106.00112 2.12 -3.36 3.464 AX56R155
4949.428 22.0 2.159 -2.32 "" ""
4949.441 607.01214 1.471 -3.492 7.724 0306Ra0025
4949.444 106.00112 2.12 -3.476 3.464 AX56R145
4949.447 607.01314 1.073 -3.58 7.724 0003Ra0395
4949.458 607.01214 1.471 -3.646 7.724 0306Rb0015
4949.462 607.01214 1.471 -4.79 7.724 0306Qd0025
4949.482 106.00113 1.311 -5.669 3.464 BX12P195
4949.484 106.00112 2.12 -5.652 3.464 AX56Q155
4949.528 23.0 1.802 -4.85 "" ""
4949.528 58.1 1.922 -0.37 "" ""
4949.534 106.00112 1.725 -3.781 3.464 AX45P105
4949.536 607.01314 1.073 -3.591 7.724 0003Rb0385
4949.542 106.00112 1.725 -5.673 3.464 AX45Q105
4949.581 24.0 3.847 -1.43 "" ""
4949.601 607.01314 1.073 -7.055 7.724 0003Qd0395
4949.631 24.0 4.204 -4.29 "" ""
4949.646 6.0 8.531 -4.15 "" ""
4949.677 106.00112 1.725 -3.779 3.464 AX45P115
4949.679 26.0 4.14 -2.65 "" ""
4949.679 26.0 4.217 -4.24 "" ""
4949.724 68.1 2.429 -1.13 LAWLER ""
4949.756 57.0 0.0 -0.85 "" ""
4949.781 24.0 4.204 -4.22 "" ""
4949.834 25.0 4.791 -3.22 "" ""
4949.846 106.00112 2.281 -7.269 3.464 CX05P235
4949.898 22.1 3.999 -4.39 "" ""
4949.906 106.00112 2.281 -11.495 3.464 CX05Q225
4949.915 23.0 3.054 -2.58 "" ""
4950.006 39.0 1.965 -1.36 "" ""
4950.052 607.01314 1.113 -3.197 7.724 0104Ra0255
4950.087 106.00112 2.281 -7.176 3.464 CX05P225
4950.106 26.0 3.414 -1.5 DEN14 ""
4950.113 64.0 1.283 -0.3 "" ""
4950.117 607.01314 1.113 -3.213 7.724 0104Rb0245
4950.159 607.01314 1.113 -6.313 7.724 0104Qd0255
4950.175 92.1 0.717 -2.05 "" ""
4950.202 21.1 1.506 -2.82 "" ""
4950.262 607.01314 1.214 -3.446 7.724 0205Ra0055
4950.267 607.01314 1.214 -3.519 7.724 0205Rb0045
4950.276 607.01314 1.214 -5.327 7.724 0205Qd0055
4950.284 60.0 0.456 -0.28 "" ""
4950.313 20.0 3.907 -8.11 "" ""
4950.313 607.01214 1.276 -3.08 7.724 0104Ra0355
4950.344 20.0 6.036 -4.0 "" ""
4950.405 607.01214 1.276 -3.092 7.724 0104Rb0345
4950.429 26.1 5.565 -3.61 "" ""
4950.431 112.00124 1.008 0.488 1.340 00R239b24
4950.465 607.01214 1.276 -6.467 7.724 0104Qd0355
4950.478 607.01214 1.47 -3.646 7.724 0306Ra0015
4950.49 607.01214 1.47 -3.901 7.724 0306Rb0005
4950.493 607.01214 1.47 -4.599 7.724 0306Qd0015
4950.498 26.0 3.271 -3.67 "" ""
4950.513 25.0 5.083 -2.1 "" ""
4950.513 607.01214 3.452 -4.011 7.724 1215Qc0005
4950.515 607.01214 3.452 -3.707 7.724 1215Pa0015
4950.532 20.0 5.177 -2.26 "" ""
4950.55 21.0 5.222 -2.61 "" ""
4950.584 22.0 3.177 -3.04 "" ""
4950.587 112.00124 1.008 0.372 1.340 00R139b24
4950.588 24.0 5.544 -1.39 "" ""
4950.609 27.1 5.085 -3.64 "" ""
4950.61 112.00124 1.008 -2.331 1.340 00Q139b24
4950.614 42.0 2.258 -1.01 "" ""
4950.623 22.0 1.429 -2.24 "" ""
4950.626 90.1 1.144 -1.75 "" ""
4950.653 106.00113 1.753 -3.773 3.464 AX45P115
4950.654 106.00113 1.753 -5.779 3.464 AX45Q115
4950.658 106.00113 1.42 -5.709 3.464 AX34P095
4950.665 23.1 6.832 -3.96 "" ""
4950.702 106.00112 1.917 -6.023 3.464 AX34Q205
4950.713 60.0 0.293 -0.55 "" ""
4950.779 22.0 3.184 -4.17 "" ""
4950.802 106.00112 1.917 -3.382 3.464 AX34P215
4950.814 19.0 1.609 -2.5 "" ""
4950.821 106.00113 1.753 -3.785 3.464 AX45P125
4950.823 106.00112 1.917 -3.317 3.464 AX34P205
4950.832 23.0 3.064 -2.51 "" ""
4950.844 26.0 4.581 -3.07 "" ""
4950.898 24.0 4.236 -1.21 "" ""
4950.903 15.0 7.17 -2.0 "" ""
4950.916 24.0 2.998 -3.8 "" ""
4950.925 23.0 2.764 -4.49 "" ""
4950.93 27.0 4.107 -1.61 "" ""
4950.943 15.0 7.17 -2.0 "" ""
4950.972 23.0 2.706 -4.54 "" ""
4950.975 607.01214 1.336 -2.935 7.724 0205Ra0215
4951.035 607.01214 1.336 -2.954 7.724 0205Rb0205
4951.07 607.01214 1.336 -5.91 7.724 0205Qd0215
4951.276 106.00113 2.273 -5.324 3.464 AX45R225
4951.303 607.01214 3.452 -3.707 7.724 1215Pb0015
4951.306 607.01214 3.452 -4.409 7.724 1215Qc0015
4951.308 607.01214 3.452 -3.451 7.724 1215Pa0025
4951.319 106.00113 1.437 -6.605 3.464 BX02P225
4951.323 106.00113 2.273 -3.087 3.464 AX45Q235
4951.354 27.0 2.875 -3.67 "" ""
4951.357 59.0 0.0 0.49 "" ""
4951.371 24.1 6.681 -3.39 "" ""
4951.385 24.0 4.774 -2.14 "" ""
4951.399 106.00113 1.437 -2.714 3.464 BX02Q215
4951.4 106.00113 2.273 -3.285 3.464 AX45Q225
4951.422 106.00113 1.911 -6.023 3.464 AX34Q205
4951.427 607.01314 1.212 -3.519 7.724 0205Ra0045
4951.431 607.01314 1.212 -3.608 7.724 0205Rb0035
4951.438 106.00112 2.662 -10.684 3.464 CX05P285
4951.438 24.0 2.98 -5.46 "" ""
4951.438 607.01314 1.212 -5.247 7.724 0205Qd0045
4951.441 106.00113 1.437 -2.619 3.464 BX02Q225
4951.446 106.00113 2.273 -6.535 3.464 AX45P235
4951.462 607.01214 1.469 -3.901 7.724 0306Ra0005
4951.471 607.01214 1.469 -4.201 7.724 0306Qd0005
4951.474 106.00113 1.911 -3.317 3.464 AX34P205
4951.507 106.00113 1.911 -3.382 3.464 AX34P215
4951.521 106.00113 1.437 -6.366 3.464 BX02R215
4951.526 22.0 1.442 -3.21 "" ""
4951.533 106.00113 1.42 -5.739 3.464 AX34P095
4951.578 64.0 1.466 -0.45 "" ""
4951.587 607.01214 1.238 -3.532 7.724 0003Ra0465
4951.656 23.1 1.803 -3.82 "" ""
4951.68 21.0 2.0 -1.54 "" ""
4951.69 607.01214 1.238 -3.541 7.724 0003Rb0455
4951.743 68.1 1.614 -0.33 "" ""
4951.769 607.01214 1.238 -7.137 7.724 0003Qd0465
4951.796 23.1 6.864 -3.64 "" ""
4951.805 106.00113 1.753 -3.773 3.464 AX45P115
4951.807 106.00113 1.753 -5.8 3.464 AX45Q115
4951.832 27.0 4.061 -1.22 "" ""
4951.837 42.0 3.357 -1.75 "" ""
4951.863 106.00113 0.804 -5.584 3.464 AX12P085
4951.895 106.00113 1.754 -3.786 3.464 AX45P125
4951.9 20.0 2.523 -4.65 LAWLER ""
4951.903 58.0 0.295 -1.27 "" ""
4951.942 58.0 0.719 -0.76 "" ""
4951.948 25.0 4.791 -3.25 "" ""
4951.958 25.1 6.64 -5.02 "" ""
4951.961 22.0 1.967 -5.29 "" ""
4951.965 42.0 2.678 -1.72 "" ""
4952.053 57.1 2.38 -0.56 "" ""
4952.09 607.01214 3.454 -3.451 7.724 1215Pb0025
4952.096 607.01214 3.454 -4.601 7.724 1215Qc0025
4952.099 607.01214 3.454 -3.295 7.724 1215Pa0035
4952.134 58.1 1.318 -1.96 LAWLER ""
4952.137 23.1 2.508 -4.97 "" ""
4952.201 106.00112 0.694 -6.308 3.464 BX02P035
4952.207 106.00112 2.221 -5.421 3.464 AX45R215
4952.208 25.0 4.791 -1.76 "" ""
4952.218 106.00113 0.75 -4.361 3.464 BX02P065
4952.248 106.00113 1.088 -3.277 3.464 BX02Q155
4952.261 106.00113 0.75 -9.188 3.464 BX02Q065
4952.276 28.0 3.603 -1.74 "" ""
4952.279 106.00113 1.088 -6.804 3.464 BX02P165
4952.28 106.00112 2.221 -3.281 3.464 AX45Q225
4952.311 607.01314 1.102 -3.214 7.724 0104Ra0245
4952.32 26.0 3.639 -8.18 "" ""
4952.34 106.00113 1.088 -6.618 3.464 BX02R155
4952.342 106.00112 2.221 -3.523 3.464 AX45Q215
4952.37 62.1 0.333 -1.25 LAWLER ""
4952.371 106.00113 1.088 -3.183 3.464 BX02Q165
4952.374 607.01314 1.102 -3.231 7.724 0104Rb0235
4952.414 607.01314 1.102 -6.297 7.724 0104Qd0245
4952.415 106.00112 2.221 -7.117 3.464 AX45P225
4952.452 60.0 0.14 -0.48 "" ""
4952.481 64.0 0.213 -1.13 "" ""
4952.498 60.0 0.14 -0.48 "" ""
4952.513 607.01314 1.056 -3.591 7.724 0003Ra0385
4952.514 33.0 6.394 -0.3 "" ""
4952.527 25.0 3.37 -3.89 "" ""
4952.539 607.01314 1.21 -3.608 7.724 0205Ra0035
4952.543 607.01314 1.21 -3.72 7.724 0205Rb0025
4952.548 607.01314 1.21 -5.148 7.724 0205Qd0035
4952.587 106.00113 1.614 -6.03 3.464 AX45P065
4952.6 607.01314 1.056 -3.603 7.724 0003Rb0375
4952.609 26.0 4.1 -2.11 "" ""
4952.641 26.0 4.206 -2.25 "" ""
4952.646 106.00113 0.804 -5.611 3.464 AX12P085
4952.664 607.01314 1.056 -7.045 7.724 0003Qd0385
4952.671 106.00113 0.75 -4.287 3.464 BX02P075
4952.732 26.0 4.555 -3.12 "" ""
4952.733 106.00112 2.361 -4.205 3.464 AX23P315
4952.779 27.0 3.189 -4.84 "" ""
4952.794 24.1 6.277 -1.44 "" ""
4952.836 106.00112 2.361 -6.998 3.464 AX23Q305
4952.838 25.0 3.38 -5.15 "" ""
4952.869 24.0 2.706 -7.07 "" ""
4952.874 607.01214 3.455 -3.295 7.724 1215Pb0035
4952.883 607.01214 3.455 -4.732 7.724 1215Qc0035
4952.886 607.01214 3.455 -3.182 7.724 1215Pa0045
4952.955 106.00112 2.361 -3.755 3.464 AX23P305
4952.998 23.1 4.017 -2.23 "" ""
4953.021 106.00113 1.614 -6.05 3.464 AX45P065
4953.03 62.1 0.188 -1.9 LAWLER ""
4953.035 22.1 3.999 -5.72 "" ""
4953.042 25.1 6.64 -3.7 "" ""
4953.067 607.01214 1.326 -2.954 7.724 0205Ra0205
4953.081 74.0 2.456 -1.1 "" ""
4953.108 106.00112 1.424 -5.709 3.464 AX34P095
4953.119 106.00113 1.168 -5.602 3.464 AX23P105
4953.123 41.0 1.169 -2.05 "" ""
4953.124 607.01214 1.326 -2.975 7.724 0205Rb0195
4953.149 64.0 1.448 -0.14 "" ""
4953.158 607.01214 1.326 -5.891 7.724 0205Qd0205
4953.172 27.0 0.513 -3.29 "" ""
4953.208 28.0 3.737 -0.58 LAWLER ""
4953.236 607.01214 1.26 -3.092 7.724 0104Ra0345
4953.269 607.01214 1.47 -4.201 7.724 0306Qc0005
4953.271 607.01214 1.47 -3.899 7.724 0306Pa0015
4953.307 21.1 4.875 -2.67 "" ""
4953.326 607.01214 1.26 -3.105 7.724 0104Rb0335
4953.358 22.0 0.848 -3.98 "" ""
4953.384 607.01214 1.26 -6.456 7.724 0104Qd0345
4953.468 106.00113 1.499 -7.262 3.464 BX02Q235
4953.506 63.0 1.969 -0.15 "" ""
4953.534 112.00124 0.794 -2.162 1.340 33R121b24
4953.572 23.0 3.803 -3.58 "" ""
4953.599 607.01314 1.209 -3.72 7.724 0205Ra0025
4953.602 25.0 4.824 -2.38 "" ""
4953.602 607.01314 1.209 -3.874 7.724 0205Rb0015
4953.606 21.0 3.055 -2.27 "" ""
4953.606 607.01314 1.209 -5.018 7.724 0205Qd0025
4953.626 26.0 2.452 -5.49 "" ""
