wavelength species excitation loggf disassociation_energy comment
4547.674 27.0 4.146 -3.09 "" ""
4547.732 27.0 1.048 -4.19 "" ""
4547.732 607.01214 0.995 -3.937 7.724 0204Qc0025
4547.737 607.01214 0.995 -2.634 7.724 0204Pa0035
4547.742 607.01214 0.995 -2.789 7.724 0204Pb0025
4547.776 607.01314 0.635 -2.426 7.724 0002Ra0255
4547.801 22.0 2.479 -0.8 "" ""
4547.814 106.00112 2.1 -4.1 3.464 AX44R235
4547.821 607.01314 0.635 -2.442 7.724 0002Rb0245
4547.823 41.0 1.12 -1.74 "" ""
4547.831 20.0 1.899 -3.38 LAWLER ""
4547.847 26.0 3.544 -0.82 BEL17 ""
4547.848 25.0 4.657 -4.26 "" ""
4547.858 607.01314 0.635 -5.55 7.724 0002Qd0255
4547.86 44.0 1.732 -0.88 "" ""
4547.878 607.01314 0.743 -2.536 7.724 0103Ra0065
4547.886 106.00112 2.1 -1.465 3.464 AX44Q245
4547.895 607.01314 0.743 -2.598 7.724 0103Rb0055
4547.896 106.00113 2.105 -2.212 3.464 AX55R205
4547.904 106.00113 2.105 -2.111 3.464 AX55R195
4547.904 607.01314 0.743 -4.549 7.724 0103Qd0065
4547.917 106.00113 1.854 -7.177 3.464 CX04P205
4547.944 106.00112 2.1 -1.42 3.464 AX44Q235
4547.958 106.00112 1.666 -2.14 3.464 AX55P085
4547.959 24.0 3.553 -2.52 "" ""
4547.96 106.00113 2.105 -4.21 3.464 AX55Q205
4547.969 106.00113 1.854 -7.114 3.464 CX04P195
4547.995 106.00112 1.666 -3.542 3.464 AX55Q085
4548.007 64.0 1.356 0.45 "" ""
4548.016 106.00112 2.1 -3.993 3.464 AX44P245
4548.051 24.1 6.277 -4.14 "" ""
4548.089 24.0 3.085 -3.44 "" ""
4548.109 22.0 2.493 -0.63 "" ""
4548.131 112.00124 0.515 -7.979 1.340 31P222b24
4548.165 24.0 3.977 -3.08 "" ""
4548.182 607.01214 0.827 -2.138 7.724 0103Ra0185
4548.195 607.01214 3.071 -4.133 7.724 1113Qc0125
4548.2 106.00113 1.541 -7.181 3.464 CX15P015
4548.207 24.0 3.553 -2.44 "" ""
4548.214 106.00112 1.666 -2.096 3.464 AX55P095
4548.227 607.01214 0.827 -2.161 7.724 0103Rb0175
4548.236 60.0 0.456 -0.12 "" ""
4548.239 106.00113 1.541 -11.935 3.464 CX15Q015
4548.244 607.01214 3.071 -1.585 7.724 1113Pa0135
4548.244 607.01214 3.071 -1.619 7.724 1113Pb0125
4548.246 106.00113 1.659 -4.582 3.464 AX00P315
4548.254 607.01214 0.827 -4.997 7.724 0103Qd0185
4548.271 106.00112 1.576 -4.525 3.464 AX22P235
4548.325 607.01314 3.184 -2.87 7.724 1214Qc0005
4548.332 607.01314 3.184 -2.568 7.724 1214Pa0015
4548.365 607.01214 0.997 -4.067 7.724 0204Qc0035
4548.371 607.01214 0.997 -2.521 7.724 0204Pa0045
4548.378 112.00124 0.515 -10.248 1.340 31Q222b24
4548.378 607.01214 0.997 -2.634 7.724 0204Pb0035
4548.389 106.00113 1.719 -7.229 3.464 CX15P105
4548.399 607.01214 1.626 -5.95 7.724 0002Qc0695
4548.428 26.0 4.309 -3.0 "" ""
4548.472 106.00113 1.719 -7.289 3.464 CX15P115
4548.481 77.0 3.782 -0.18 "" ""
4548.482 112.00124 0.515 -7.956 1.340 31P122b24
4548.501 607.01214 1.626 -1.915 7.724 0002Pa0705
4548.539 4.0 0.0 -8.6 "" ""
4548.544 106.00112 1.666 -2.139 3.464 AX55P085
4548.582 106.00112 1.666 -3.558 3.464 AX55Q085
4548.597 69.0 2.149 0.25 "" ""
4548.598 607.01214 1.626 -1.923 7.724 0002Pb0695
4548.607 23.0 1.08 -3.93 "" ""
4548.637 106.00113 1.854 -12.546 3.464 CX04Q195
4548.647 24.0 4.183 -0.95 "" ""
4548.659 76.0 1.841 -1.6 Quinet06 ""
4548.678 106.00113 1.719 -10.631 3.464 CX15Q105
4548.684 23.1 3.75 -3.22 "" ""
4548.707 45.0 1.483 -1.99 "" ""
4548.751 106.00112 1.666 -2.096 3.464 AX55P095
4548.757 106.00113 1.013 -2.412 3.464 BX01P195
4548.764 22.0 0.825 -0.28 LAWLER ""
4548.777 26.0 3.015 -5.23 "" ""
4548.797 106.00112 1.539 -7.721 3.464 CX15Q005
4548.84 106.00113 1.564 -4.452 3.464 AX44P135
4548.841 106.00113 1.013 -6.95 3.464 BX01Q195
4548.853 607.01214 3.077 -4.166 7.724 1113Qc0135
4548.882 607.01314 0.741 -2.599 7.724 0103Ra0055
4548.886 58.0 0.384 -0.29 "" ""
4548.898 607.01314 0.741 -2.672 7.724 0103Rb0045
4548.905 607.01214 3.077 -1.554 7.724 1113Pa0145
4548.905 607.01214 3.077 -1.585 7.724 1113Pb0135
4548.905 607.01314 0.741 -4.482 7.724 0103Qd0055
4548.933 106.00113 1.013 -2.368 3.464 BX01P205
4548.939 106.00112 1.806 -3.764 3.464 AX44Q185
4548.957 607.01214 0.999 -4.167 7.724 0204Qc0045
4548.959 607.01314 3.184 -3.268 7.724 1214Qc0015
4548.965 607.01214 0.999 -2.431 7.724 0204Pa0055
4548.97 607.01314 3.184 -2.313 7.724 1214Pa0025
4548.975 607.01214 0.999 -2.521 7.724 0204Pb0045
4549.008 60.1 0.559 -1.51 "" ""
4549.018 106.00112 1.806 -1.683 3.464 AX44P185
4549.019 607.01314 3.184 -2.568 7.724 1214Pb0015
4549.034 106.00112 1.806 -1.676 3.464 AX44P195
4549.036 23.0 1.852 -2.61 "" ""
4549.044 23.0 2.706 -3.56 "" ""
4549.047 106.00113 1.485 -10.307 3.464 CX04P125
4549.134 106.00112 2.441 -11.171 3.464 CX04P285
4549.146 106.00113 1.542 -7.21 3.464 CX15P025
4549.159 42.0 3.396 -1.71 "" ""
4549.167 607.01214 0.745 -2.339 7.724 0002Ra0325
4549.192 26.1 5.911 -1.62 MELBAR ""
4549.204 24.0 3.419 -3.4 "" ""
4549.216 24.1 5.869 -3.1 "" ""
4549.233 607.01214 0.745 -2.353 7.724 0002Rb0315
4549.253 106.00113 1.485 -7.531 3.464 CX04Q115
4549.281 607.01214 0.745 -5.664 7.724 0002Qd0325
4549.286 21.0 3.099 -1.31 "" ""
4549.29 24.0 3.553 -3.53 "" ""
4549.398 26.0 3.015 -6.14 "" ""
4549.417 42.0 3.161 -1.49 "" ""
4549.419 106.00113 1.485 -7.472 3.464 CX04Q125
4549.423 44.0 0.997 -2.14 "" ""
4549.466 26.0 3.879 -1.71 "" ""
4549.466 26.1 2.828 -1.92 LAWLER ""
4549.491 57.0 0.373 -0.92 "" ""
4549.497 106.00113 1.572 -4.654 3.464 AX00P305
4549.51 607.01214 3.083 -4.196 7.724 1113Qc0145
4549.511 607.01214 1.002 -4.247 7.724 0204Qc0055
4549.52 607.01214 1.002 -2.357 7.724 0204Pa0065
4549.532 607.01214 1.002 -2.431 7.724 0204Pb0055
4549.543 607.01314 0.625 -2.443 7.724 0002Ra0245
4549.565 607.01214 3.083 -1.524 7.724 1113Pa0155
4549.565 607.01214 3.083 -1.554 7.724 1113Pb0145
4549.597 607.01314 3.186 -3.46 7.724 1214Qc0025
4549.599 607.01314 0.624 -2.46 7.724 0002Rb0235
4549.612 607.01314 3.186 -2.158 7.724 1214Pa0035
4549.622 22.1 1.583 -0.22 LAWLER ""
4549.626 106.00113 1.485 -11.681 3.464 CX04R115
4549.631 607.01314 0.625 -5.533 7.724 0002Qd0245
4549.632 58.1 1.365 -0.52 "" ""
4549.651 27.0 3.064 -0.33 "" ""
4549.661 106.00112 0.694 -4.521 3.464 BX12P035
4549.68 27.0 3.629 -1.97 "" ""
4549.693 607.01314 3.186 -2.313 7.724 1214Pb0025
4549.704 106.00112 1.668 -4.582 3.464 AX00P315
4549.717 112.00124 0.478 -4.812 1.340 20P226b24
4549.719 607.01214 0.819 -2.161 7.724 0103Ra0175
4549.762 607.01214 0.819 -2.185 7.724 0103Rb0165
4549.787 607.01214 0.819 -4.974 7.724 0103Qd0175
4549.813 22.1 1.179 -2.32 LAWLER ""
4549.822 112.00124 0.478 -7.278 1.340 20Q226b24
4549.848 607.01314 0.738 -2.672 7.724 0103Ra0045
4549.85 20.0 2.526 -4.45 LAWLER ""
4549.858 106.00112 0.807 -2.311 3.464 BX12Q085
4549.862 607.01314 0.738 -2.76 7.724 0103Rb0035
4549.866 24.0 3.553 -3.74 "" ""
4549.868 607.01314 0.738 -4.401 7.724 0103Qd0045
4549.9 106.00112 0.807 -5.246 3.464 BX12R085
4549.914 26.0 3.684 -3.28 "" ""
4549.937 26.1 2.889 -6.11 "" ""
4549.946 112.00124 0.478 -4.793 1.340 20P126b24
4549.947 44.0 2.898 -0.28 "" ""
4550.003 106.00113 2.125 -6.321 3.464 AX50P375
4550.025 607.01214 1.005 -4.315 7.724 0204Qc0065
4550.032 62.0 0.282 -0.87 "" ""
4550.035 607.01214 1.005 -2.294 7.724 0204Pa0075
4550.049 607.01214 1.005 -2.357 7.724 0204Pb0065
4550.06 64.1 0.556 -2.63 LAWLER ""
4550.065 106.00112 0.807 -5.244 3.464 BX12P095
4550.083 59.1 0.0 -2.13 "" ""
4550.097 607.01214 1.23 -1.649 7.724 0204Pb0315
4550.107 106.00112 0.807 -2.267 3.464 BX12Q095
4550.108 25.1 5.832 -3.66 "" ""
4550.149 106.00113 2.106 -2.213 3.464 AX55R205
4550.152 106.00112 1.943 -4.056 3.464 AX01R325
4550.157 112.00124 0.147 -6.149 1.340 20P214b24
4550.167 607.01214 3.09 -4.224 7.724 1113Qc0155
4550.206 26.0 4.604 -1.95 "" ""
4550.208 106.00113 2.106 -4.178 3.464 AX55Q205
4550.224 607.01214 3.09 -1.497 7.724 1113Pa0165
4550.224 607.01214 3.09 -1.524 7.724 1113Pb0155
4550.239 106.00113 1.772 -7.106 3.464 AX23R235
4550.24 607.01314 3.187 -3.59 7.724 1214Qc0035
4550.248 106.00113 1.572 -4.591 3.464 AX22P235
4550.257 106.00113 2.106 -2.112 3.464 AX55R195
4550.258 607.01314 3.187 -2.045 7.724 1214Pa0045
4550.293 58.1 1.122 -0.3 BIEMONT ""
4550.312 106.00112 1.848 -7.541 3.464 AX23R245
4550.35 20.0 5.386 -4.68 "" ""
4550.367 607.01314 3.187 -2.158 7.724 1214Pb0035
4550.374 106.00112 1.943 -5.807 3.464 AX01Q325
4550.391 68.1 0.886 -2.51 LAWLER ""
4550.409 76.0 1.84 -0.71 "" ""
4550.459 23.0 2.503 -7.27 "" ""
4550.467 607.01214 1.216 -4.957 7.724 0204Qc0305
4550.471 106.00112 1.943 -3.825 3.464 AX01R315
4550.479 27.0 3.25 -2.31 "" ""
4550.499 607.01214 1.009 -4.373 7.724 0204Qc0075
4550.51 20.0 5.014 -6.83 "" ""
4550.511 607.01214 1.009 -2.238 7.724 0204Pa0085
4550.511 607.01214 1.216 -1.65 7.724 0204Pa0315
4550.527 607.01214 1.009 -2.294 7.724 0204Pb0075
4550.569 607.01214 1.216 -1.664 7.724 0204Pb0305
4550.58 607.01214 1.595 -5.945 7.724 0002Qc0685
4550.681 607.01214 1.595 -1.924 7.724 0002Pa0695
4550.775 607.01314 0.737 -2.76 7.724 0103Ra0035
4550.776 106.00112 1.832 -3.771 3.464 AX55R135
4550.777 77.0 1.605 -2.61 "" ""
4550.779 607.01214 1.595 -1.932 7.724 0002Pb0685
4550.787 607.01314 0.737 -2.873 7.724 0103Rb0025
4550.792 607.01314 0.737 -4.302 7.724 0103Qd0035
4550.813 106.00112 1.832 -1.604 3.464 AX55Q135
4550.823 607.01214 3.097 -4.251 7.724 1113Qc0165
4550.829 25.0 4.824 -2.8 "" ""
4550.831 59.1 0.204 -1.83 "" ""
4550.836 28.0 3.938 -3.89 "" ""
4550.84 106.00113 1.596 -4.633 3.464 AX11P275
4550.873 25.0 5.13 -2.56 "" ""
4550.875 607.01314 1.126 -1.751 7.724 0103Pb0415
4550.883 607.01214 3.097 -1.471 7.724 1113Pa0175
4550.883 607.01214 3.097 -1.497 7.724 1113Pb0165
4550.888 607.01314 3.189 -3.689 7.724 1214Qc0045
4550.897 28.0 3.539 -3.23 "" ""
4550.902 607.01214 1.202 -4.943 7.724 0204Qc0295
4550.903 106.00112 1.832 -1.599 3.464 AX55Q145
4550.911 607.01314 3.189 -1.955 7.724 1214Pa0055
4550.926 106.00112 1.58 -4.654 3.464 AX00P305
4550.934 607.01214 1.013 -4.425 7.724 0204Qc0085
4550.941 106.00112 1.832 -3.752 3.464 AX55P145
4550.945 607.01214 1.202 -1.665 7.724 0204Pa0305
4550.947 607.01214 1.013 -2.189 7.724 0204Pa0095
4550.95 64.1 0.731 -1.31 LAWLER ""
4550.966 607.01214 1.013 -2.238 7.724 0204Pb0085
4550.983 26.1 6.204 -3.63 "" ""
4550.999 27.0 3.729 -2.01 "" ""
4551.002 607.01214 1.202 -1.68 7.724 0204Pb0295
4551.03 106.00112 2.102 -1.465 3.464 AX44Q245
4551.042 607.01314 3.189 -2.045 7.724 1214Pb0045
4551.078 21.0 3.055 -4.06 "" ""
4551.085 106.00112 2.102 -4.129 3.464 AX44R235
4551.125 24.0 4.774 -3.15 "" ""
4551.16 106.00112 2.102 -3.966 3.464 AX44P245
4551.17 106.00112 1.758 -10.648 3.464 CX15Q115
4551.205 106.00112 1.807 -1.676 3.464 AX44P195
4551.215 106.00112 1.807 -3.796 3.464 AX44Q185
4551.215 106.00112 2.102 -1.42 3.464 AX44Q235
4551.216 607.01214 0.811 -2.185 7.724 0103Ra0165
4551.217 28.0 4.164 -0.88 "" ""
4551.249 106.00112 1.758 -7.287 3.464 CX15P115
4551.257 607.01214 0.811 -2.211 7.724 0103Rb0155
4551.263 106.00112 1.758 -7.37 3.464 CX15P125
4551.28 607.01314 0.614 -2.46 7.724 0002Ra0235
4551.281 607.01214 0.811 -4.949 7.724 0103Qd0165
4551.291 58.1 0.74 -0.42 LAWLER ""
4551.295 106.00112 1.807 -1.683 3.464 AX44P185
4551.295 76.0 1.84 -1.31 "" ""
4551.299 607.01214 1.188 -4.929 7.724 0204Qc0285
4551.313 26.0 4.577 -3.16 "" ""
4551.316 607.01214 0.73 -2.353 7.724 0002Ra0315
4551.329 607.01214 1.017 -4.471 7.724 0204Qc0095
4551.334 607.01314 0.614 -2.478 7.724 0002Rb0225
4551.34 607.01214 1.188 -1.68 7.724 0204Pa0295
4551.343 607.01214 1.017 -2.145 7.724 0204Pa0105
4551.355 106.00113 0.727 -2.688 3.464 BX12P055
4551.364 607.01214 1.017 -2.189 7.724 0204Pb0095
4551.366 607.01314 0.614 -5.516 7.724 0002Qd0235
4551.38 106.00113 0.727 -7.918 3.464 BX12Q055
4551.381 607.01214 0.73 -2.367 7.724 0002Rb0305
4551.396 607.01214 1.188 -1.696 7.724 0204Pb0285
4551.416 106.00112 1.568 -4.411 3.464 AX44P135
4551.427 607.01214 0.73 -5.652 7.724 0002Qd0315
4551.45 64.1 1.101 -1.5 LAWLER ""
4551.474 90.0 1.716 -0.56 "" ""
4551.48 607.01214 3.104 -4.275 7.724 1113Qc0175
4551.504 24.0 4.851 -2.02 "" ""
4551.542 607.01314 3.191 -3.77 7.724 1214Qc0055
4551.543 607.01214 3.104 -1.447 7.724 1113Pa0185
4551.543 607.01214 3.104 -1.471 7.724 1113Pb0175
4551.569 607.01314 3.191 -1.882 7.724 1214Pa0065
4551.571 106.00112 1.291 -11.054 3.464 CX04R045
4551.6 106.00113 1.55 -7.198 3.464 CX15P025
4551.607 106.00113 1.688 -7.188 3.464 CX15P095
4551.625 20.0 5.817 -3.22 "" ""
4551.625 45.0 1.278 -1.3 "" ""
4551.631 607.01314 1.108 -5.305 7.724 0103Qc0405
4551.648 26.0 3.94 -2.06 "" ""
4551.656 607.01214 1.175 -4.914 7.724 0204Qc0275
4551.664 106.00113 1.55 -10.956 3.464 CX15Q025
4551.664 607.01314 0.735 -2.873 7.724 0103Ra0025
4551.673 607.01314 0.735 -3.027 7.724 0103Rb0015
4551.677 607.01314 0.735 -4.172 7.724 0103Qd0025
4551.684 607.01214 1.022 -4.512 7.724 0204Qc0105
4551.689 607.01314 1.108 -1.751 7.724 0103Pa0415
4551.696 607.01214 1.175 -1.696 7.724 0204Pa0285
4551.697 22.0 3.282 -2.94 "" ""
4551.7 607.01214 1.022 -2.104 7.724 0204Pa0115
4551.716 106.00113 1.688 -7.231 3.464 CX15P105
4551.716 607.01314 3.191 -1.956 7.724 1214Pb0055
4551.723 607.01214 1.022 -2.145 7.724 0204Pb0105
4551.729 22.0 2.47 -2.24 "" ""
4551.75 607.01214 1.175 -1.712 7.724 0204Pb0275
4551.76 607.01314 1.108 -1.763 7.724 0103Pb0405
4551.774 112.00124 0.544 -8.941 1.340 31Q223b24
4551.785 106.00113 0.727 -2.64 3.464 BX12P065
4551.803 25.1 6.124 -5.5 "" ""
4551.812 14.0 5.078 -3.5 "" ""
4551.814 112.00124 0.544 -6.631 1.340 31P223b24
4551.836 74.0 1.654 -1.06 "" ""
4551.84 23.0 1.798 -0.95 "" ""
4551.842 106.00112 1.579 -4.591 3.464 AX22P235
4551.865 106.00113 1.688 -10.614 3.464 CX15Q095
4551.883 112.00124 0.544 -6.609 1.340 31P123b24
4551.902 106.00112 2.4 -9.377 3.464 CX15P245
4551.924 106.00113 1.935 -4.055 3.464 AX01R325
4551.956 73.0 0.491 -1.71 "" ""
4551.974 607.01214 1.163 -4.899 7.724 0204Qc0265
4551.975 92.0 0.077 -1.48 "" ""
4551.994 68.0 0.889 -0.8 "" ""
4552.0 607.01214 1.028 -4.55 7.724 0204Qc0115
4552.013 607.01214 1.163 -1.712 7.724 0204Pa0275
4552.017 607.01214 1.028 -2.067 7.724 0204Pa0125
4552.043 607.01214 1.028 -2.104 7.724 0204Pb0115
4552.049 106.00112 1.018 -2.411 3.464 BX01P195
4552.062 58.0 0.028 -1.04 "" ""
4552.065 607.01214 1.163 -1.729 7.724 0204Pb0265
4552.07 106.00112 1.832 -3.789 3.464 AX55R135
4552.086 112.00124 0.301 -6.177 1.340 31P213b24
4552.107 106.00112 1.832 -1.604 3.464 AX55Q135
4552.11 106.00113 1.935 -5.806 3.464 AX01Q325
4552.118 44.0 1.062 -1.91 "" ""
4552.124 106.00112 1.832 -1.599 3.464 AX55Q145
4552.136 106.00112 1.018 -6.95 3.464 BX01Q195
4552.137 607.01214 3.112 -4.299 7.724 1113Qc0185
4552.138 68.1 2.211 -0.28 LAWLER ""
4552.147 26.0 4.368 -3.62 "" ""
4552.151 106.00112 1.604 -4.633 3.464 AX11P275
4552.153 90.0 1.09 -0.98 "" ""
4552.161 106.00112 1.832 -3.737 3.464 AX55P145
4552.172 106.00113 1.935 -3.824 3.464 AX01R315
4552.178 106.00113 2.126 -8.773 3.464 AX50Q365
4552.202 607.01314 3.194 -3.838 7.724 1214Qc0065
4552.204 607.01214 3.112 -1.423 7.724 1113Pa0195
4552.204 607.01214 3.112 -1.447 7.724 1113Pb0185
4552.222 106.00113 1.55 -7.185 3.464 CX15P035
4552.233 607.01314 3.194 -1.819 7.724 1214Pa0075
4552.235 106.00112 1.018 -2.367 3.464 BX01P205
4552.249 59.0 0.0 -0.29 "" ""
4552.252 607.01214 1.151 -4.883 7.724 0204Qc0255
4552.271 24.1 6.28 -2.71 "" ""
4552.276 607.01214 1.034 -4.585 7.724 0204Qc0125
4552.29 607.01214 1.151 -1.729 7.724 0204Pa0265
4552.293 22.1 1.115 -2.87 LAWLER ""
4552.295 607.01214 1.034 -2.033 7.724 0204Pa0135
4552.322 607.01214 1.034 -2.067 7.724 0204Pb0125
4552.341 607.01214 1.151 -1.747 7.724 0204Pb0255
4552.353 106.00112 1.542 -7.212 3.464 CX15P015
4552.39 607.01314 3.194 -1.882 7.724 1214Pb0065
4552.412 78.0 4.173 0.5 "" ""
4552.414 22.0 1.501 -1.38 "" ""
4552.433 106.00113 1.751 -4.59 3.464 AX00P325
4552.435 27.0 3.809 -0.66 "" ""
4552.453 22.0 0.835 -0.25 LAWLER ""
4552.468 20.0 6.049 -3.17 "" ""
4552.479 607.01314 1.09 -5.295 7.724 0103Qc0395
4552.492 607.01214 1.139 -4.866 7.724 0204Qc0245
4552.512 607.01214 1.04 -4.617 7.724 0204Qc0135
4552.514 607.01314 0.734 -3.027 7.724 0103Ra0015
4552.521 607.01314 0.734 -3.282 7.724 0103Rb0005
4552.523 607.01314 0.734 -3.98 7.724 0103Qd0015
4552.528 607.01214 1.139 -1.747 7.724 0204Pa0255
4552.532 607.01214 1.04 -2.001 7.724 0204Pa0145
4552.536 607.01314 1.09 -1.763 7.724 0103Pa0405
4552.539 112.00124 0.549 -3.293 1.340 20P228b24
4552.562 607.01214 1.04 -2.033 7.724 0204Pb0135
4552.578 607.01214 1.139 -1.765 7.724 0204Pb0245
4552.606 607.01314 1.09 -1.775 7.724 0103Pb0395
4552.66 62.1 0.248 -0.82 LAWLER ""
4552.674 607.01214 0.804 -2.211 7.724 0103Ra0155
4552.691 607.01214 1.128 -4.849 7.724 0204Qc0235
4552.708 607.01214 1.047 -4.647 7.724 0204Qc0145
4552.713 607.01214 0.804 -2.238 7.724 0103Rb0145
4552.722 607.01214 1.564 -5.94 7.724 0002Qc0675
4552.726 607.01214 1.128 -1.765 7.724 0204Pa0245
4552.73 607.01214 1.047 -1.972 7.724 0204Pa0155
4552.736 607.01214 0.804 -4.923 7.724 0103Qd0155
4552.762 607.01214 1.047 -2.001 7.724 0204Pb0145
4552.772 106.00112 1.569 -4.452 3.464 AX44P135
4552.775 607.01214 1.128 -1.784 7.724 0204Pb0235
4552.794 607.01214 3.12 -4.321 7.724 1113Qc0195
4552.822 607.01214 1.564 -1.932 7.724 0002Pa0685
4552.852 607.01214 1.117 -4.83 7.724 0204Qc0225
4552.861 607.01214 3.12 -1.401 7.724 1113Pa0205
4552.861 607.01214 3.12 -1.423 7.724 1113Pb0195
4552.865 607.01214 1.054 -4.674 7.724 0204Qc0155
4552.868 607.01314 3.197 -3.896 7.724 1214Qc0075
4552.874 24.0 4.464 -0.96 "" ""
4552.885 607.01214 1.117 -1.784 7.724 0204Pa0235
4552.889 607.01214 1.054 -1.944 7.724 0204Pa0165
4552.903 607.01314 3.197 -1.764 7.724 1214Pa0085
4552.919 607.01214 1.564 -1.94 7.724 0002Pb0675
4552.922 607.01214 1.054 -1.972 7.724 0204Pb0155
4552.932 607.01214 1.117 -1.804 7.724 0204Pb0225
4552.933 23.0 2.573 -4.44 "" ""
4552.972 607.01214 1.107 -4.811 7.724 0204Qc0215
4552.982 607.01214 1.062 -4.701 7.724 0204Qc0165
4552.989 607.01314 0.604 -2.478 7.724 0002Ra0225
4553.004 607.01214 1.107 -1.804 7.724 0204Pa0225
4553.007 607.01214 1.062 -1.917 7.724 0204Pa0175
4553.022 40.0 0.52 -1.22 "" ""
4553.031 607.01314 0.604 -2.497 7.724 0002Rb0215
4553.043 607.01214 1.062 -1.944 7.724 0204Pb0165
4553.049 23.0 2.357 -1.53 "" ""
4553.05 607.01214 1.107 -1.825 7.724 0204Pb0215
4553.053 20.0 6.05 -4.05 "" ""
4553.054 607.01214 1.097 -4.791 7.724 0204Qc0205
4553.06 607.01214 1.07 -4.725 7.724 0204Qc0175
4553.062 607.01314 0.604 -5.499 7.724 0002Qd0225
4553.063 58.0 0.206 -0.86 "" ""
4553.063 607.01314 3.197 -1.819 7.724 1214Pb0075
4553.07 20.0 6.05 -3.38 "" ""
4553.084 607.01214 1.097 -1.825 7.724 0204Pa0215
4553.086 607.01214 1.07 -1.892 7.724 0204Pa0185
4553.095 607.01214 1.087 -4.771 7.724 0204Qc0195
4553.097 607.01214 1.078 -4.748 7.724 0204Qc0185
4553.12 112.00124 0.549 -7.661 1.340 20Q228b24
4553.124 607.01214 1.07 -1.917 7.724 0204Pb0175
4553.124 607.01214 1.087 -1.846 7.724 0204Pa0205
4553.125 607.01214 1.078 -1.869 7.724 0204Pa0195
4553.128 607.01214 1.097 -1.846 7.724 0204Pb0205
4553.164 28.0 3.655 -1.66 "" ""
4553.165 607.01214 1.078 -1.892 7.724 0204Pb0185
4553.166 607.01214 1.087 -1.869 7.724 0204Pb0195
4553.173 112.00124 0.513 -3.25 1.340 20Q227b24
4553.206 21.1 4.846 -1.12 "" ""
4553.208 27.0 2.278 -3.39 "" ""
4553.215 42.0 2.513 -1.55 "" ""
4553.25 112.00124 0.549 -3.334 1.340 20P128b24
4553.252 26.1 6.221 -2.6 "" ""
4553.26 106.00113 1.588 -4.489 3.464 AX33P195
4553.289 607.01314 1.073 -5.285 7.724 0103Qc0385
4553.301 112.00124 0.513 -0.76 1.340 20P127b24
4553.317 42.0 2.644 -1.64 "" ""
4553.325 607.01314 0.734 -3.282 7.724 0103Ra0005
4553.33 607.01314 0.734 -3.582 7.724 0103Qd0005
4553.331 27.0 3.168 -1.79 "" ""
4553.335 26.0 4.603 -3.56 "" ""
4553.337 112.00124 0.513 -0.783 1.340 20P227b24
4553.344 26.0 5.008 -2.22 "" ""
4553.344 607.01314 1.073 -1.775 7.724 0103Pa0395
4553.381 106.00112 1.345 -8.991 3.464 CX04R065
4553.39 22.0 3.059 -0.78 "" ""
4553.413 607.01314 1.073 -1.787 7.724 0103Pb0385
4553.426 607.01214 0.716 -2.367 7.724 0002Ra0305
4553.452 607.01214 3.129 -4.343 7.724 1113Qc0205
4553.468 23.0 2.721 -2.75 "" ""
4553.483 26.0 3.069 -3.89 "" ""
4553.489 607.01214 0.716 -2.381 7.724 0002Rb0295
4553.525 607.01214 3.129 -1.38 7.724 1113Pa0215
4553.525 607.01214 3.129 -1.401 7.724 1113Pb0205
4553.534 607.01214 0.716 -5.639 7.724 0002Qd0305
4553.54 607.01314 3.201 -3.948 7.724 1214Qc0085
4553.557 106.00112 2.055 -3.898 3.464 AX33Q265
4553.578 106.00112 1.345 -8.889 3.464 CX04R075
4553.579 607.01314 3.201 -1.715 7.724 1214Pa0095
4553.586 70.1 3.786 -0.69 "" ""
4553.623 24.0 3.842 -3.95 "" ""
4553.627 106.00112 2.055 -1.52 3.464 AX33P275
4553.638 23.0 1.349 -5.86 "" ""
4553.64 106.00113 1.675 -4.569 3.464 AX11P285
4553.648 106.00112 1.345 -11.387 3.464 CX04Q075
4553.677 73.0 1.393 -1.58 "" ""
4553.71 106.00112 2.055 -1.511 3.464 AX33P265
4553.738 607.01314 3.201 -1.764 7.724 1214Pb0085
4553.75 106.00113 1.541 -8.141 3.464 CX15P015
4553.796 42.0 3.154 -1.16 "" ""
4553.827 41.0 0.739 -1.17 "" ""
4553.852 92.1 0.113 -2.38 "" ""
4553.856 106.00112 1.862 -7.176 3.464 CX04P205
4553.878 106.00112 1.862 -12.545 3.464 CX04Q195
4553.92 106.00112 1.78 -7.171 3.464 AX23R235
4553.934 40.1 2.418 -0.57 "" ""
4553.954 106.00113 1.662 -4.664 3.464 AX00P315
4553.98 106.00112 1.761 -4.59 3.464 AX00P325
4554.001 56.1137 0.0 -0.636 GALLAG ""
4554.002 56.1137 0.0 -0.636 GALLAG ""
4554.002 56.1137 0.0 -1.033 GALLAG ""
4554.003 56.1135 0.0 -0.636 GALLAG ""
4554.004 56.1135 0.0 -0.636 GALLAG ""
4554.004 56.1135 0.0 -1.033 GALLAG ""
4554.011 24.0 4.093 -0.73 "" ""
4554.019 106.00112 1.862 -7.113 3.464 CX04P195
4554.027 22.0 2.479 -6.48 "" ""
4554.034 56.1134 0.0 0.17 GALLAG ""
4554.034 56.1136 0.0 0.17 GALLAG ""
4554.036 56.1138 0.0 0.17 GALLAG ""
4554.041 106.00113 1.66 -7.162 3.464 CX15P085
4554.05 56.1135 0.0 -0.189 GALLAG ""
4554.053 56.1135 0.0 -0.636 GALLAG ""
4554.053 56.1137 0.0 -0.189 GALLAG ""
4554.054 56.1135 0.0 -1.337 GALLAG ""
4554.056 56.1137 0.0 -0.636 GALLAG ""
4554.057 56.1137 0.0 -1.337 GALLAG ""
4554.059 607.01314 1.056 -5.274 7.724 0103Qc0375
4554.065 23.0 2.676 -1.51 "" ""
4554.083 106.00113 1.562 -7.178 3.464 CX15P035
4554.092 74.1 2.788 -1.82 "" ""
4554.093 607.01214 0.797 -2.238 7.724 0103Ra0145
4554.098 106.00112 0.729 -2.687 3.464 BX12P055
4554.112 607.01214 3.138 -4.363 7.724 1113Qc0215
4554.113 607.01314 1.056 -1.787 7.724 0103Pa0385
4554.122 106.00112 0.729 -7.917 3.464 BX12Q055
4554.129 607.01214 0.797 -2.267 7.724 0103Rb0135
4554.15 607.01214 0.797 -4.896 7.724 0103Qd0145
4554.17 607.01214 3.138 -1.381 7.724 1113Pb0215
4554.173 106.00113 1.562 -10.677 3.464 CX15Q035
4554.18 106.00113 1.66 -7.19 3.464 CX15P095
4554.181 607.01314 1.056 -1.8 7.724 0103Pb0375
4554.195 607.01214 3.138 -1.36 7.724 1113Pa0225
4554.217 607.01314 3.205 -3.994 7.724 1214Qc0095
4554.26 607.01314 3.205 -1.671 7.724 1214Pa0105
4554.27 106.00113 1.66 -10.599 3.464 CX15Q085
4554.294 26.0 3.544 -7.54 "" ""
4554.295 21.0 3.17 -2.01 "" ""
4554.37 24.0 4.464 -2.15 "" ""
4554.414 607.01314 3.205 -1.715 7.724 1214Pb0095
4554.44 62.1 0.104 -1.25 LAWLER ""
4554.451 26.0 2.863 -2.81 DEN14 ""
4554.477 106.00112 1.853 -3.824 3.464 AX01R315
4554.517 44.0 0.811 0.13 "" ""
4554.53 106.00112 0.73 -2.64 3.464 BX12P065
4554.538 106.00113 1.562 -7.163 3.464 CX15P045
4554.544 23.0 2.614 -3.55 "" ""
4554.545 58.1 0.495 -1.33 LAWLER ""
4554.565 27.0 4.055 -2.01 "" ""
4554.597 78.0 2.3 -2.78 DH05nohfs ""
4554.626 106.00112 1.853 -3.665 3.464 AX01R305
4554.646 607.01314 0.594 -2.497 7.724 0002Ra0215
4554.661 24.1 5.489 -3.96 "" ""
4554.68 24.0 3.085 -2.78 "" ""
4554.693 106.00112 1.853 -5.763 3.464 AX01Q315
4554.695 607.01314 0.594 -2.517 7.724 0002Rb0205
4554.721 607.01314 0.594 -5.48 7.724 0002Qd0215
4554.771 112.00124 0.168 -6.151 1.340 20P215b24
4554.773 607.01214 3.147 -4.382 7.724 1113Qc0225
4554.791 607.01314 1.04 -5.263 7.724 0103Qc0365
4554.82 24.0 3.11 -1.25 "" ""
4554.822 23.0 1.852 -3.57 "" ""
4554.824 607.01214 1.534 -5.936 7.724 0002Qc0665
4554.828 607.01314 0.734 -3.582 7.724 0103Qc0005
4554.83 607.01214 3.147 -1.361 7.724 1113Pb0225
4554.83 607.01314 0.734 -3.281 7.724 0103Pa0015
4554.843 607.01314 1.04 -1.8 7.724 0103Pa0375
4554.858 23.0 2.721 -4.97 "" ""
4554.86 607.01214 3.147 -1.341 7.724 1113Pa0235
4554.887 24.0 3.119 -3.21 "" ""
4554.898 607.01314 3.209 -4.035 7.724 1214Qc0105
4554.907 106.00112 1.683 -4.568 3.464 AX11P285
4554.91 60.1 0.38 -2.42 LAWLER ""
4554.91 607.01314 1.04 -1.813 7.724 0103Pb0365
4554.922 607.01214 1.534 -1.94 7.724 0002Pa0675
4554.946 607.01314 3.209 -1.631 7.724 1214Pa0115
4554.988 64.1 1.338 -1.1 "" ""
4554.989 24.1 4.071 -1.27 Lawler17 ""
4555.019 607.01214 1.534 -1.949 7.724 0002Pb0665
4555.038 23.1 6.068 -4.39 "" ""
4555.068 22.0 2.406 -0.91 "" ""
4555.082 24.0 3.102 -0.67 "" ""
4555.087 92.1 1.041 -0.65 Nils02/9 ""
4555.092 607.01314 3.209 -1.671 7.724 1214Pb0105
4555.121 40.0 1.549 -0.21 "" ""
4555.137 60.1 0.559 -1.42 "" ""
4555.16 106.00112 1.547 -11.933 3.464 CX15Q015
4555.17 106.00112 1.547 -7.18 3.464 CX15P015
4555.202 22.0 3.332 -3.3 "" ""
4555.214 106.00112 1.725 -10.629 3.464 CX15Q105
4555.218 607.01214 1.371 -1.658 7.724 0103Pb0515
4555.223 66.0 0.937 -0.66 "" ""
4555.225 55.0 0.0 -1.28 "" ""
4555.287 106.00112 1.725 -7.228 3.464 CX15P105
4555.288 24.0 3.432 -1.2 "" ""
4555.33 106.00112 1.725 -7.288 3.464 CX15P115
4555.362 23.0 1.891 -1.35 "" ""
4555.381 25.1 5.394 -5.67 "" ""
4555.394 24.0 3.553 -2.73 "" ""
4555.4 106.00113 1.72 -2.044 3.464 AX55P105
4555.403 106.00112 1.491 -11.679 3.464 CX04R115
4555.432 106.00113 1.72 -3.635 3.464 AX55Q105
4555.433 58.1 2.575 0.68 "" ""
4555.436 607.01214 3.157 -4.401 7.724 1113Qc0235
4555.446 106.00112 1.671 -4.664 3.464 AX00P315
4555.457 22.0 3.291 -2.82 "" ""
4555.472 607.01214 0.791 -2.267 7.724 0103Ra0135
4555.483 22.0 0.848 -0.4 LAWLER ""
4555.483 607.01314 1.024 -5.252 7.724 0103Qc0355
4555.491 607.01214 3.157 -1.341 7.724 1113Pb0235
4555.497 607.01214 0.702 -2.381 7.724 0002Ra0295
4555.504 106.00112 1.491 -7.53 3.464 CX04Q115
4555.506 607.01214 0.791 -2.298 7.724 0103Rb0125
4555.518 607.01314 0.735 -3.98 7.724 0103Qc0015
4555.52 40.0 1.581 -0.32 "" ""
4555.521 607.01314 0.735 -3.025 7.724 0103Pa0025
4555.523 607.01314 0.735 -3.281 7.724 0103Pb0015
4555.526 607.01214 0.791 -4.866 7.724 0103Qd0135
4555.527 607.01214 3.157 -1.323 7.724 1113Pa0245
4555.534 607.01314 1.024 -1.813 7.724 0103Pa0365
4555.558 607.01214 0.702 -2.396 7.724 0002Rb0285
4555.574 106.00112 1.491 -7.471 3.464 CX04Q125
4555.584 607.01314 3.214 -4.073 7.724 1214Qc0115
4555.588 23.0 2.741 -2.24 "" ""
4555.592 106.00113 1.72 -2.013 3.464 AX55P115
4555.6 607.01314 1.024 -1.826 7.724 0103Pb0355
4555.602 607.01214 0.702 -5.626 7.724 0002Qd0295
4555.608 58.1 0.792 -1.48 LAWLER ""
4555.617 23.1 6.674 -3.71 "" ""
4555.635 607.01314 3.214 -1.594 7.724 1214Pa0125
4555.675 106.00112 1.491 -10.306 3.464 CX04P125
4555.678 106.00113 1.635 -7.147 3.464 CX15P075
4555.679 106.00113 1.845 -3.824 3.464 AX01R315
4555.697 68.0 1.332 -0.2 "" ""
4555.706 106.00112 1.618 -4.332 3.464 AX55P065
4555.718 106.00113 1.576 -7.159 3.464 CX15P045
4555.748 26.0 3.271 -3.29 "" ""
4555.774 607.01314 3.214 -1.631 7.724 1214Pb0115
4555.813 90.0 0.479 -1.28 "" ""
4555.835 106.00113 1.576 -10.601 3.464 CX15Q045
4555.842 106.00113 1.845 -3.665 3.464 AX01R305
4555.854 106.00113 1.635 -7.163 3.464 CX15P085
4555.863 106.00113 1.845 -5.762 3.464 AX01Q315
4555.877 106.00113 1.635 -10.586 3.464 CX15Q075
4555.893 26.1 2.828 -2.4 MELBAR ""
4556.046 42.0 3.165 -2.29 "" ""
4556.068 106.00113 1.576 -7.15 3.464 CX15P055
4556.078 106.00112 1.618 -4.352 3.464 AX55P065
4556.087 26.0 2.947 -3.22 "" ""
4556.102 607.01214 3.167 -4.419 7.724 1113Qc0245
4556.104 26.0 3.94 -4.14 "" ""
4556.125 106.00113 1.707 -6.897 3.464 AX23R225
4556.126 26.0 3.6 -0.79 "" ""
4556.13 60.1 0.064 -1.44 LAWLER ""
4556.136 106.00112 1.547 -7.209 3.464 CX15P025
4556.137 607.01314 1.008 -5.241 7.724 0103Qc0345
4556.145 20.0 5.014 -9.54 "" ""
4556.155 607.01214 3.167 -1.323 7.724 1113Pb0245
4556.167 24.0 3.11 -0.78 "" ""
4556.169 607.01314 0.737 -4.172 7.724 0103Qc0025
4556.174 607.01314 0.737 -2.869 7.724 0103Pa0035
4556.178 607.01314 0.737 -3.025 7.724 0103Pb0025
4556.186 607.01314 1.008 -1.826 7.724 0103Pa0355
4556.196 607.01214 3.167 -1.305 7.724 1113Pa0255
4556.206 58.1 2.006 -0.33 "" ""
4556.222 25.0 4.657 -3.98 "" ""
4556.235 106.00113 1.72 -2.043 3.464 AX55P105
4556.25 607.01314 1.008 -1.84 7.724 0103Pb0345
4556.261 106.00113 1.589 -4.546 3.464 AX33P195
4556.267 106.00113 1.72 -3.655 3.464 AX55Q105
4556.267 607.01314 0.585 -2.517 7.724 0002Ra0205
4556.271 607.01314 3.219 -4.108 7.724 1214Qc0125
4556.282 22.0 2.66 -3.76 "" ""
4556.303 23.1 6.329 -4.44 "" ""
4556.317 607.01314 0.585 -2.538 7.724 0002Rb0195
4556.327 607.01314 3.219 -1.56 7.724 1214Pa0135
4556.329 106.00112 1.018 -6.274 3.464 AX01R205
4556.33 73.0 1.393 -1.31 "" ""
4556.34 607.01314 0.585 -5.46 7.724 0002Qd0205
4556.35 25.1 5.544 -3.58 "" ""
4556.352 106.00113 1.855 -3.804 3.464 AX44Q195
4556.361 24.0 3.11 -3.54 "" ""
4556.365 106.00113 1.72 -2.014 3.464 AX55P115
4556.381 106.00113 2.108 -3.947 3.464 AX33Q275
4556.394 106.00113 2.108 -1.523 3.464 AX33P275
4556.4 607.01214 1.348 -5.407 7.724 0103Qc0505
4556.401 106.00113 2.108 -1.539 3.464 AX33P285
4556.43 106.00113 1.855 -1.673 3.464 AX44P205
4556.434 106.00113 1.855 -1.676 3.464 AX44P195
4556.459 112.00124 0.586 -5.152 1.340 20P229b24
4556.459 607.01314 3.219 -1.594 7.724 1214Pb0125
4556.464 106.00113 1.013 -6.274 3.464 AX01R205
4556.474 607.01214 1.348 -1.658 7.724 0103Pa0515
4556.494 27.0 4.144 -3.44 "" ""
4556.5 62.1 0.997 -1.09 LAWLER ""
4556.508 106.00113 1.613 -7.142 3.464 CX15P065
4556.524 106.00113 1.593 -7.147 3.464 CX15P055
4556.538 24.0 3.963 -2.62 "" ""
4556.554 607.01214 3.376 -1.305 7.724 1214Rb0245
4556.566 607.01214 1.348 -1.668 7.724 0103Pb0505
4556.574 106.00112 1.314 -6.216 3.464 AX12R205
4556.584 106.00112 1.595 -4.489 3.464 AX33P195
4556.594 106.00113 2.129 -6.322 3.464 AX50P375
4556.607 106.00113 1.309 -6.216 3.464 AX12R205
4556.616 607.01214 3.376 -4.42 7.724 1214Qd0255
4556.627 62.0 0.387 -0.73 "" ""
4556.636 106.00113 1.845 -4.598 3.464 AX00P335
4556.667 106.00113 1.593 -10.579 3.464 CX15Q055
4556.674 69.1 3.253 0.07 "" ""
4556.679 106.00113 1.613 -10.579 3.464 CX15Q065
4556.682 24.0 3.392 -4.24 "" ""
4556.71 112.00124 0.32 -6.164 1.340 31P214b24
4556.713 106.00113 1.636 -4.358 3.464 AX55P075
4556.728 106.00113 1.613 -7.149 3.464 CX15P075
4556.73 60.1 0.182 -1.35 LAWLER ""
4556.737 23.0 2.682 -2.94 "" ""
4556.751 23.1 3.755 -2.03 "" ""
4556.751 607.01314 0.993 -5.229 7.724 0103Qc0335
4556.77 607.01214 3.178 -4.436 7.724 1113Qc0255
4556.773 112.00124 0.586 -7.717 1.340 20Q229b24
4556.781 607.01314 0.738 -4.303 7.724 0103Qc0035
4556.787 607.01314 0.738 -2.756 7.724 0103Pa0045
4556.793 607.01314 0.738 -2.869 7.724 0103Pb0035
4556.799 106.00113 1.593 -7.145 3.464 CX15P065
4556.799 607.01314 0.993 -1.84 7.724 0103Pa0345
4556.81 607.01214 0.785 -2.298 7.724 0103Ra0125
4556.811 74.0 2.965 -0.37 "" ""
4556.821 607.01214 3.178 -1.305 7.724 1113Pb0255
4556.843 607.01214 0.785 -2.331 7.724 0103Rb0115
4556.851 38.1 6.612 -3.23 "" ""
4556.861 607.01214 0.785 -4.834 7.724 0103Qd0125
4556.861 607.01314 0.993 -1.854 7.724 0103Pb0335
4556.861 74.0 3.45 -0.57 "" ""
4556.868 607.01214 3.178 -1.288 7.724 1113Pa0265
4556.88 41.0 0.619 -1.72 "" ""
4556.886 607.01214 1.504 -5.931 7.724 0002Qc0655
4556.906 112.00124 0.586 -5.136 1.340 20P129b24
4556.909 106.00113 1.641 -4.539 3.464 AX22P245
4556.924 26.0 3.249 -2.71 "" ""
4556.934 24.0 3.193 -1.59 "" ""
4556.955 607.01214 3.366 -1.322 7.724 1214Rb0235
4556.962 607.01314 3.224 -4.14 7.724 1214Qc0135
4556.983 607.01214 1.504 -1.949 7.724 0002Pa0665
4557.011 106.00112 1.782 -7.105 3.464 AX23R235
4557.015 607.01214 3.366 -4.403 7.724 1214Qd0245
4557.022 607.01314 3.224 -1.529 7.724 1214Pa0145
4557.031 24.0 3.09 -4.86 "" ""
4557.08 607.01214 1.504 -1.958 7.724 0002Pb0655
4557.131 23.0 1.858 -2.53 "" ""
4557.148 607.01314 3.224 -1.56 7.724 1214Pb0135
4557.155 24.0 4.385 -3.61 "" ""
4557.165 106.00113 0.836 -2.269 3.464 BX12Q095
4557.182 106.00113 1.637 -4.381 3.464 AX55P075
4557.213 106.00113 0.836 -5.292 3.464 BX12R095
4557.225 21.0 2.606 0.18 "" ""
4557.251 22.0 2.504 -3.57 "" ""
4557.264 27.0 4.018 -2.63 "" ""
4557.324 607.01214 3.366 -1.305 7.724 1214Ra0245
4557.325 607.01314 0.978 -5.216 7.724 0103Qc0325
4557.335 106.00113 0.836 -5.305 3.464 BX12P105
4557.353 607.01314 0.741 -4.402 7.724 0103Qc0045
4557.361 607.01314 0.741 -2.667 7.724 0103Pa0055
4557.37 607.01314 0.741 -2.756 7.724 0103Pb0045
4557.372 607.01314 0.978 -1.854 7.724 0103Pa0335
4557.379 607.01214 3.356 -1.341 7.724 1214Rb0225
4557.383 106.00113 0.836 -2.23 3.464 BX12Q105
4557.433 607.01314 0.978 -1.868 7.724 0103Pb0325
4557.436 607.01214 3.356 -4.386 7.724 1214Qd0235
4557.442 607.01214 3.189 -4.452 7.724 1113Qc0265
4557.489 607.01214 3.189 -1.288 7.724 1113Pb0265
4557.524 23.0 2.503 -2.54 "" ""
4557.529 607.01214 0.689 -2.396 7.724 0002Ra0285
4557.538 106.00112 2.058 -1.52 3.464 AX33P275
4557.544 607.01214 3.189 -1.272 7.724 1113Pa0275
4557.559 26.0 4.987 -2.82 "" ""
4557.588 607.01214 0.689 -2.411 7.724 0002Rb0275
4557.611 106.00112 2.058 -3.941 3.464 AX33Q265
4557.63 607.01214 0.689 -5.612 7.724 0002Qd0285
4557.654 607.01314 3.23 -4.17 7.724 1214Qc0145
