wavelength species excitation loggf disassociation_energy comment
4239.703 106.00112 1.579 -1.326 3.464 AX22R245
4239.707 22.0 2.576 -4.28 "" ""
4239.73 25.0 2.939 -0.68 "" ""
4239.732 26.0 2.947 -1.53 "" ""
4239.794 106.00112 1.579 -3.673 3.464 AX22Q245
4239.819 27.0 2.278 -2.76 LAWNHFS ""
4239.835 26.0 0.957 -4.71 "" ""
4239.843 106.00112 1.579 -1.331 3.464 AX22R235
4239.848 26.0 2.69 -1.64 "" ""
4239.854 66.0 1.141 0.71 "" ""
4239.856 28.0 3.191 -2.67 "" ""
4239.901 27.0 3.949 -3.36 "" ""
4239.909 58.1 0.477 0.0 LAWLER ""
4239.942 26.0 3.069 -1.66 "" ""
4239.944 23.1 6.161 -2.85 "" ""
4240.003 21.0 2.301 -3.8 "" ""
4240.017 23.1 5.471 -3.01 "" ""
4240.025 59.1 1.016 -0.04 "" ""
4240.026 106.00113 1.643 -1.325 3.464 AX22R255
4240.075 42.0 2.258 -1.3 "" ""
4240.081 23.0 1.944 -0.76 LAWNOHFS ""
4240.092 24.0 3.011 -3.02 "" ""
4240.093 607.01214 3.036 -2.415 7.724 1213Rb0025
4240.106 607.01214 3.036 -3.844 7.724 1213Qd0035
4240.115 607.01214 3.036 -2.304 7.724 1213Ra0035
4240.143 42.0 2.834 -2.1 "" ""
4240.155 106.00112 1.255 -1.38 3.464 AX22R185
4240.158 106.00113 1.643 -3.696 3.464 AX22Q255
4240.163 23.0 2.314 -2.47 "" ""
4240.17 106.00112 1.255 -1.365 3.464 AX22R195
4240.192 106.00113 1.25 -1.365 3.464 AX22R195
4240.2 26.0 4.151 -3.48 "" ""
4240.201 20.0 5.983 -7.1 "" ""
4240.205 106.00112 1.247 -8.525 3.464 CX03P125
4240.217 106.00113 1.25 -1.38 3.464 AX22R185
4240.23 60.1 0.559 -1.68 LAWLER ""
4240.248 106.00112 1.255 -3.591 3.464 AX22Q195
4240.251 106.00113 1.643 -1.328 3.464 AX22R245
4240.276 42.0 3.075 -0.59 "" ""
4240.279 23.0 2.503 -8.05 "" ""
4240.301 106.00113 1.25 -3.591 3.464 AX22Q195
4240.324 42.0 2.834 -1.83 "" ""
4240.332 24.0 2.913 -4.4 "" ""
4240.338 40.0 0.603 -0.45 "" ""
4240.348 23.0 1.948 -0.63 "" ""
4240.371 26.0 3.544 -1.34 "" ""
4240.39 25.1 6.172 -2.07 "" ""
4240.44 62.0 0.185 -1.17 "" ""
4240.457 20.0 2.709 -1.23 LAWLER ""
4240.5 24.0 4.614 -1.92 "" ""
4240.501 106.00113 1.31 -1.353 3.464 AX22R205
4240.537 25.1 6.172 -3.59 "" ""
4240.552 106.00112 1.721 -1.325 3.464 AX22R265
4240.578 106.00112 1.316 -1.353 3.464 AX22R205
4240.58 106.00112 1.721 -1.326 3.464 AX22R255
4240.587 92.1 0.652 -1.61 "" ""
4240.595 90.1 0.77 -1.9 "" ""
4240.6 106.00113 1.31 -3.584 3.464 AX22Q205
4240.635 106.00113 1.311 -1.367 3.464 AX22R195
4240.644 106.00112 1.721 -3.758 3.464 AX22Q265
4240.646 26.0 2.996 -6.16 "" ""
4240.651 607.01214 3.035 -2.569 7.724 1213Rb0015
4240.652 21.0 4.524 -2.25 "" ""
4240.659 607.01214 3.035 -3.713 7.724 1213Qd0025
4240.66 106.00112 1.316 -3.584 3.464 AX22Q205
4240.664 607.01214 3.035 -2.415 7.724 1213Ra0025
4240.676 106.00112 1.316 -1.367 3.464 AX22R195
4240.681 24.0 3.09 -5.35 "" ""
4240.692 26.0 2.988 -2.64 "" ""
4240.708 24.0 2.98 -1.28 "" ""
4240.729 22.0 2.425 -3.11 "" ""
4240.757 23.1 6.491 -1.43 "" ""
4240.769 20.0 6.0 -4.38 "" ""
4240.785 26.0 4.368 -2.37 "" ""
4240.802 27.0 3.051 -2.67 "" ""
4240.804 22.0 2.576 -6.29 "" ""
4240.815 26.0 3.94 -3.76 "" ""
4240.83 42.0 2.596 -0.65 "" ""
4240.835 106.00112 1.654 -5.612 3.464 AX43P205
4240.85 20.0 6.0 -4.86 "" ""
4240.862 59.1141 0.55 -3.858 LI/LAW ""
4240.875 106.00112 1.431 -8.52 3.464 CX03P165
4240.877 23.1 5.83 -2.95 "" ""
4240.883 59.1141 0.55 -2.151 LI/LAW ""
4240.887 59.1141 0.55 -3.666 LI/LAW ""
4240.902 59.1141 0.55 -0.912 LI/LAW ""
4240.912 59.1141 0.55 -1.952 LI/LAW ""
4240.917 59.1141 0.55 -3.72 LI/LAW ""
4240.922 27.1 2.679 -5.28 "" ""
4240.934 59.1141 0.55 -0.854 LI/LAW ""
4240.946 59.1141 0.55 -1.901 LI/LAW ""
4240.952 59.1141 0.55 -4.024 LI/LAW ""
4240.955 22.0 2.493 -4.6 "" ""
4240.971 59.1141 0.55 -0.796 LI/LAW ""
4240.983 23.0 2.676 -2.54 "" ""
4240.984 59.1141 0.55 -1.949 LI/LAW ""
4241.012 59.1141 0.55 -0.737 LI/LAW ""
4241.026 59.1141 0.55 -2.148 LI/LAW ""
4241.057 23.0 1.941 -2.36 "" ""
4241.058 59.1141 0.55 -0.68 LI/LAW ""
4241.061 44.0 1.087 -0.63 "" ""
4241.076 20.0 4.438 -4.76 "" ""
4241.08 24.0 3.108 -5.05 "" ""
4241.108 59.1141 0.55 -0.624 LI/LAW ""
4241.116 24.0 4.609 -3.19 "" ""
4241.117 26.0 2.829 -2.51 "" ""
4241.151 75.0 2.136 -0.97 "" ""
4241.191 60.1 1.751 0.31 "" ""
4241.196 40.0 0.622 -0.43 "" ""
4241.223 607.01214 3.034 -2.569 7.724 1213Ra0015
4241.223 607.01214 3.034 -2.823 7.724 1213Rb0005
4241.223 607.01214 3.034 -3.521 7.724 1213Qd0015
4241.264 27.0 3.968 -3.76 "" ""
4241.273 64.1 1.62 -0.39 "" ""
4241.308 20.0 4.621 -2.23 "" ""
4241.308 23.0 1.954 -0.8 LAWNOHFS ""
4241.311 20.0 6.036 -2.49 "" ""
4241.329 106.00112 1.65 -1.325 3.464 AX22R255
4241.372 25.0 3.376 -4.55 "" ""
4241.383 106.00112 1.289 -8.528 3.464 CX03P135
4241.388 75.0 2.136 -0.75 "" ""
4241.42 106.00113 1.789 -1.33 3.464 AX22R275
4241.421 106.00112 1.65 -3.696 3.464 AX22Q255
4241.444 74.0 1.915 -0.4 "" ""
4241.451 25.0 4.824 -3.07 "" ""
4241.451 41.0 1.156 -1.05 "" ""
4241.462 21.0 2.109 -4.04 "" ""
4241.477 106.00112 1.65 -1.328 3.464 AX22R245
4241.503 42.0 3.393 -1.7 "" ""
4241.507 27.0 3.629 -0.8 "" ""
4241.573 106.00113 1.789 -1.327 3.464 AX22R265
4241.607 106.00113 1.789 -3.783 3.464 AX22Q275
4241.664 92.1 0.568 -0.1 Nils02/8 ""
4241.676 40.0 0.65 0.14 "" ""
4241.68 21.0 2.109 -2.94 "" ""
4241.714 106.00112 1.381 -8.525 3.464 CX03P155
4241.796 79.0 5.101 -1.24 "" ""
4241.799 607.01214 3.034 -3.123 7.724 1213Qd0005
4241.8 607.01214 3.034 -2.823 7.724 1213Ra0005
4241.816 27.0059 2.079 -3.626 Lawle15HFS ""
4241.82 27.0059 2.079 -3.881 Lawle15HFS ""
4241.826 27.0059 2.079 -3.427 Lawle15HFS ""
4241.833 27.0059 2.079 -5.531 Lawle15HFS ""
4241.837 27.0059 2.079 -3.626 Lawle15HFS ""
4241.843 27.0059 2.079 -3.363 Lawle15HFS ""
4241.851 27.0059 2.079 -4.291 Lawle15HFS ""
4241.857 27.0059 2.079 -3.427 Lawle15HFS ""
4241.865 27.0059 2.079 -3.394 Lawle15HFS ""
4241.876 27.0059 2.079 -3.574 Lawle15HFS ""
4241.884 27.0059 2.079 -3.363 Lawle15HFS ""
4241.885 106.00112 1.334 -8.528 3.464 CX03P145
4241.894 27.0059 2.079 -3.575 Lawle15HFS ""
4241.899 22.1 5.564 -2.42 "" ""
4241.903 23.1 6.473 -1.31 "" ""
4241.907 27.0059 2.079 -3.168 Lawle15HFS ""
4241.917 27.0059 2.079 -3.394 Lawle15HFS ""
4241.944 27.0059 2.079 -2.876 Lawle15HFS ""
4241.957 27.0059 2.079 -3.575 Lawle15HFS ""
4241.961 106.00113 1.716 -1.326 3.464 AX22R265
4242.007 58.1 0.932 -0.57 BIEMONT ""
4242.049 23.0 1.802 -2.1 "" ""
4242.081 11.0 2.103 -2.25 "" ""
4242.081 11.0 2.103 -3.21 "" ""
4242.083 27.0 1.048 -2.68 "" ""
4242.094 24.0 4.189 -4.18 "" ""
4242.099 106.00113 1.716 -3.718 3.464 AX22Q265
4242.15 69.1 0.029 -0.95 LAWLER ""
4242.156 106.00112 0.598 -1.484 3.464 AX11R115
4242.158 22.1 4.906 -1.42 "" ""
4242.202 106.00113 1.716 -1.326 3.464 AX22R255
4242.203 106.00113 1.251 -1.365 3.464 AX22R195
4242.223 106.00112 1.256 -1.365 3.464 AX22R195
4242.266 29.0 5.501 -1.45 "" ""
4242.296 106.00113 1.251 -3.56 3.464 AX22Q195
4242.3 106.00112 0.598 -1.452 3.464 AX11R125
4242.301 106.00112 1.256 -3.56 3.464 AX22Q195
4242.307 106.00112 1.256 -1.38 3.464 AX22R185
4242.316 106.00113 1.251 -1.38 3.464 AX22R185
4242.333 25.1 6.172 -1.26 "" ""
4242.336 106.00112 0.598 -3.359 3.464 AX11Q125
4242.359 58.1 0.708 -2.01 LAWLER ""
4242.366 24.0 4.183 -4.47 "" ""
4242.366 24.1 3.871 -1.19 Lawler17 ""
4242.407 106.00112 1.197 -1.396 3.464 AX22R175
4242.43 106.00112 0.229 -1.474 3.464 AX00R105
4242.434 106.00112 1.197 -1.378 3.464 AX22R185
4242.44 106.00113 0.596 -1.484 3.464 AX11R115
4242.481 106.00113 1.193 -1.378 3.464 AX22R185
4242.488 106.00113 1.193 -1.396 3.464 AX22R175
4242.508 106.00112 1.197 -3.566 3.464 AX22Q185
4242.576 106.00113 0.596 -1.452 3.464 AX11R125
4242.581 106.00113 1.193 -3.566 3.464 AX22Q185
4242.587 23.0 2.357 -7.49 "" ""
4242.596 26.0 2.725 -2.65 "" ""
4242.602 56.0 1.566 -1.12 "" ""
4242.603 106.00112 0.229 -1.439 3.464 AX00R115
4242.613 106.00113 0.596 -3.359 3.464 AX11Q125
4242.616 26.0 4.206 -4.15 "" ""
4242.631 106.00112 0.229 -3.298 3.464 AX00Q115
4242.634 41.0 2.271 0.18 "" ""
4242.652 20.0 5.877 -1.39 "" ""
4242.703 26.0 4.151 -3.05 "" ""
4242.72 24.1 5.489 -3.6 "" ""
4242.72 58.1 0.295 -0.59 LAWLER ""
4242.721 106.00112 0.752 -3.945 3.464 AX22R075
4242.73 26.0 3.298 -1.62 "" ""
4242.735 106.00113 0.894 -2.155 3.464 BX11Q175
4242.739 42.0 3.39 -1.46 "" ""
4242.742 106.00112 2.009 -9.255 3.464 CX15R185
4242.745 106.00113 0.894 -5.637 3.464 BX11P185
4242.757 20.0 4.76 -3.73 "" ""
4242.776 106.00113 0.227 -1.474 3.464 AX00R105
4242.8 42.0 2.985 -1.36 "" ""
4242.81 106.00113 0.894 -5.966 3.464 BX11R175
4242.817 22.0 1.872 -2.64 "" ""
4242.819 106.00113 0.894 -2.341 3.464 BX11Q185
4242.826 24.0 3.011 -1.36 "" ""
4242.857 58.1 1.122 -0.25 BIEMONT ""
4242.886 23.1 3.755 -1.29 "" ""
4242.898 27.0 3.629 -2.95 "" ""
4242.924 25.1 5.369 -2.99 "" ""
4242.932 106.00113 0.75 -3.945 3.464 AX22R075
4242.948 106.00113 0.227 -1.439 3.464 AX00R115
4242.948 26.1 4.728 -4.59 "" ""
4242.972 106.00113 0.227 -3.298 3.464 AX00Q115
4242.981 607.01214 3.034 -3.123 7.724 1213Qc0005
4242.985 607.01214 3.034 -2.821 7.724 1213Pa0015
4243.049 106.00112 0.752 -3.92 3.464 AX22R075
4243.057 44.0 0.927 -0.83 "" ""
4243.075 106.00113 1.606 -5.246 3.464 AX54P145
4243.093 23.0 2.357 -6.72 "" ""
4243.11 106.00112 1.704 -4.296 3.464 AX54Q165
4243.144 22.0 3.106 -2.38 "" ""
4243.159 106.00112 1.704 -2.449 3.464 AX54P165
4243.17 106.00112 0.599 -1.484 3.464 AX11R115
4243.207 106.00112 1.704 -2.391 3.464 AX54P175
4243.238 28.0 3.191 -5.13 "" ""
4243.246 106.00112 0.599 -1.452 3.464 AX11R125
4243.257 106.00113 0.75 -3.92 3.464 AX22R075
4243.261 106.00112 1.656 -5.67 3.464 AX43P205
4243.264 22.0 2.266 -4.54 "" ""
4243.272 106.00112 0.053 -3.792 3.464 AX00R055
4243.278 23.0 1.944 -1.72 "" ""
4243.28 106.00112 0.599 -3.339 3.464 AX11Q125
4243.287 24.0 3.695 -3.26 "" ""
4243.331 106.00112 0.229 -1.474 3.464 AX00R105
4243.352 106.00112 1.208 -4.204 3.464 AX33R125
4243.369 26.0 3.637 -1.71 "" ""
4243.432 106.00113 1.204 -4.204 3.464 AX33R125
4243.432 66.0 0.937 -0.45 "" ""
4243.433 106.00113 1.063 -1.112 3.464 BX10P245
4243.437 106.00112 0.229 -1.44 3.464 AX00R115
4243.443 106.00113 0.596 -1.484 3.464 AX11R115
4243.457 106.00112 0.053 -3.773 3.464 AX00R055
4243.465 106.00112 0.229 -3.28 3.464 AX00Q115
4243.475 25.0 4.341 -2.61 "" ""
4243.487 106.00112 1.943 -6.302 3.464 AX21P315
4243.491 42.0 3.44 -1.55 "" ""
4243.511 106.00113 0.596 -1.452 3.464 AX11R125
4243.513 59.1 0.422 -0.53 "" ""
4243.531 106.00113 1.063 -5.461 3.464 BX10Q245
4243.544 26.0 3.692 -1.84 "" ""
4243.546 106.00113 0.596 -3.339 3.464 AX11Q125
4243.566 20.0 4.677 -1.9 "" ""
4243.586 106.00113 1.063 -0.718 3.464 BX10P255
4243.588 607.01214 3.035 -2.821 7.724 1213Pb0015
4243.589 607.01214 3.035 -3.521 7.724 1213Qc0015
4243.594 607.01214 3.035 -2.565 7.724 1213Pa0025
4243.614 106.00113 0.052 -3.792 3.464 AX00R055
4243.624 26.0 3.299 -8.04 "" ""
4243.666 106.00113 0.228 -1.474 3.464 AX00R105
4243.725 27.1 2.777 -4.76 "" ""
4243.739 58.1 1.708 0.01 "" ""
4243.763 25.0 4.341 -1.26 "" ""
4243.772 106.00113 0.228 -1.439 3.464 AX00R115
4243.797 106.00113 0.052 -3.773 3.464 AX00R055
4243.797 106.00113 0.228 -3.28 3.464 AX00Q115
4243.816 26.0 3.881 -1.5 "" ""
4243.821 23.0 2.33 -1.83 "" ""
4243.84 64.1 1.405 -0.43 LAWLER ""
4243.875 27.0 2.784 -4.14 "" ""
4243.911 106.00112 1.723 -1.326 3.464 AX22R265
4243.924 90.1 1.166 -1.2 Nils02/12 ""
4243.994 73.0 1.393 -1.78 "" ""
4244.003 106.00112 1.723 -3.718 3.464 AX22Q265
4244.021 27.0 3.62 -2.35 "" ""
4244.039 106.00112 1.796 -1.33 3.464 AX22R275
4244.065 106.00112 1.723 -1.326 3.464 AX22R255
4244.069 106.00112 1.796 -1.327 3.464 AX22R265
4244.082 20.0 4.44 -2.25 "" ""
4244.13 106.00112 1.796 -3.783 3.464 AX22Q275
4244.134 25.1 5.344 -3.27 "" ""
4244.14 20.0 6.003 -2.83 "" ""
4244.202 607.01214 3.036 -2.565 7.724 1213Pb0025
4244.208 607.01214 3.036 -3.714 7.724 1213Qc0025
4244.218 607.01214 3.036 -2.41 7.724 1213Pa0035
4244.224 106.00112 1.209 -4.166 3.464 AX33R125
4244.227 20.0 4.677 -2.22 "" ""
4244.242 23.0 2.676 -2.32 "" ""
4244.244 26.0 4.368 -2.19 "" ""
4244.248 25.1 5.369 -2.4 "" ""
4244.248 62.0 0.036 -1.75 "" ""
4244.249 27.1 5.085 -1.89 "" ""
4244.309 106.00112 1.199 -1.379 3.464 AX22R185
4244.315 106.00113 1.205 -4.166 3.464 AX33R125
4244.323 106.00113 1.194 -1.379 3.464 AX22R185
4244.352 24.0 3.854 -1.8 "" ""
4244.367 74.0 0.771 -1.39 "" ""
4244.373 92.1 0.0 -1.28 "" ""
4244.376 25.0 5.083 -2.97 "" ""
4244.378 106.00112 1.199 -1.396 3.464 AX22R175
4244.383 106.00112 1.199 -3.537 3.464 AX22Q185
4244.384 106.00113 1.607 -5.289 3.464 AX54P145
4244.387 24.0 4.443 -2.23 "" ""
4244.408 106.00113 1.194 -3.537 3.464 AX22Q185
4244.415 106.00113 1.194 -1.396 3.464 AX22R175
4244.435 45.0 1.278 -2.15 "" ""
4244.541 26.1 2.34 -6.21 "" ""
4244.635 24.1 5.489 -4.65 "" ""
4244.7 62.1 0.277 -0.81 LAWLER ""
4244.72 25.0 4.824 -3.14 "" ""
4244.741 106.00113 1.791 -1.331 3.464 AX22R275
4244.741 63.0 1.617 -0.36 "" ""
4244.744 20.0 5.878 -2.86 "" ""
4244.747 42.1 4.496 -1.0 "" ""
4244.757 106.00112 1.705 -4.325 3.464 AX54Q165
4244.769 106.00112 1.705 -2.391 3.464 AX54P175
4244.77 24.0 3.887 -2.27 "" ""
4244.779 28.1 4.029 -3.11 "" ""
4244.793 24.0 4.093 -2.77 "" ""
4244.803 42.0 3.196 -1.49 "" ""
4244.806 106.00112 1.705 -2.449 3.464 AX54P165
4244.83 607.01214 3.038 -2.41 7.724 1213Pb0035
4244.833 44.0 2.006 -1.0 "" ""
4244.837 607.01214 3.038 -3.845 7.724 1213Qc0035
4244.852 607.01214 3.038 -2.298 7.724 1213Pa0045
4244.858 22.0 1.979 -3.87 "" ""
4244.884 106.00113 1.791 -3.742 3.464 AX22Q275
4244.956 24.0 3.695 -3.06 "" ""
4244.963 60.1 0.204 -1.03 "" ""
4244.991 106.00113 1.865 -1.339 3.464 AX22R285
4244.999 106.00113 1.791 -1.328 3.464 AX22R265
4245.044 106.00112 1.143 -1.413 3.464 AX22R165
4245.048 23.1 1.671 -6.42 "" ""
4245.061 24.0 4.436 -0.47 "" ""
4245.084 106.00112 1.143 -1.394 3.464 AX22R175
4245.132 106.00113 1.138 -1.413 3.464 AX22R165
4245.144 106.00113 1.138 -1.394 3.464 AX22R175
4245.153 106.00112 1.143 -3.54 3.464 AX22Q175
4245.153 26.0 4.073 -2.18 "" ""
4245.156 28.0 4.415 -2.79 "" ""
4245.159 106.00113 1.865 -1.332 3.464 AX22R275
4245.165 72.0 1.113 -1.46 "" ""
4245.17 62.1 0.248 -1.47 LAWLER ""
4245.184 26.0 4.73 -3.33 "" ""
4245.189 106.00113 1.865 -3.809 3.464 AX22Q285
4245.234 106.00113 1.138 -3.54 3.464 AX22Q175
4245.237 23.0 1.042 -5.03 "" ""
4245.258 26.0 2.856 -1.17 "" ""
4245.26 22.0 1.748 -4.17 "" ""
4245.342 64.0 0.88 -0.12 "" ""
4245.344 26.0 3.329 -1.43 DEN14 ""
4245.344 73.0 1.393 -1.11 "" ""
4245.361 26.0 4.151 -2.92 "" ""
4245.373 106.00112 1.796 -5.896 3.464 AX32P265
4245.401 26.0 3.045 -4.7 "" ""
4245.458 106.00113 1.748 -4.289 3.464 AX54Q175
4245.459 26.1 6.133 -3.92 "" ""
4245.471 607.01214 3.04 -2.298 7.724 1213Pb0045
4245.478 607.01214 3.04 -3.945 7.724 1213Qc0045
4245.489 106.00113 1.748 -2.394 3.464 AX54P175
4245.492 24.0 3.099 -5.56 "" ""
4245.498 607.01214 3.04 -2.209 7.724 1213Pa0055
4245.505 22.0 2.235 -0.94 LAWLER ""
4245.538 106.00113 1.748 -2.337 3.464 AX54P185
4245.574 27.0 3.62 -2.01 "" ""
4245.655 20.0 5.987 -4.54 "" ""
4245.656 106.00113 1.911 -4.173 3.464 AX54R205
4245.663 25.0 4.329 -2.98 "" ""
4245.708 106.00113 1.911 -1.776 3.464 AX54Q205
4245.718 106.00113 1.911 -1.736 3.464 AX54Q215
4245.743 24.0 4.444 -2.33 "" ""
4245.77 106.00113 1.911 -4.34 3.464 AX54P215
4245.797 58.1 0.459 -0.99 BIEMONT ""
4245.827 25.1 6.489 -4.16 "" ""
4245.845 72.1 2.495 -0.57 "" ""
4245.852 106.00112 0.389 -3.793 3.464 AX11R055
4245.878 58.1 0.721 -0.52 BIEMONT ""
4245.897 20.0 4.776 -3.93 "" ""
4245.91 66.0 1.354 0.73 "" ""
4245.922 25.1 5.344 -2.98 "" ""
4245.973 58.1 0.529 -0.48 LAWLER ""
4246.013 26.0 3.271 -2.17 "" ""
4246.018 42.0 3.161 -0.15 "" ""
4246.031 106.00112 0.389 -3.774 3.464 AX11R055
4246.072 20.0 5.879 -4.39 "" ""
4246.084 26.0 3.639 -1.11 "" ""
4246.111 22.0 2.406 -1.76 "" ""
4246.116 21.0045 2.01 -3.24 LAWHFS ""
4246.118 21.0045 2.01 -2.82 LAWHFS ""
4246.12 21.0045 2.01 -2.6 LAWHFS ""
4246.12 607.01214 3.043 -2.209 7.724 1213Pb0055
4246.122 21.0045 2.01 -2.48 LAWHFS ""
4246.125 21.0045 2.01 -2.43 LAWHFS ""
4246.127 21.0045 2.01 -2.46 LAWHFS ""
4246.13 21.0045 2.01 -1.98 LAWHFS ""
4246.13 21.0045 2.01 -2.17 LAWHFS ""
4246.131 21.0045 2.01 -1.87 LAWHFS ""
4246.131 21.0045 2.01 -1.89 LAWHFS ""
4246.131 607.01214 3.043 -4.027 7.724 1213Qc0055
4246.132 21.0045 2.01 -1.92 LAWHFS ""
4246.132 21.0045 2.01 -2.12 LAWHFS ""
4246.133 106.00113 0.388 -3.793 3.464 AX11R055
4246.136 21.0045 2.01 -2.43 LAWHFS ""
4246.139 21.0045 2.01 -2.04 LAWHFS ""
4246.142 21.0045 2.01 -1.78 LAWHFS ""
4246.145 21.0045 2.01 -1.59 LAWHFS ""
4246.148 21.0045 2.01 -1.42 LAWHFS ""
4246.15 607.01214 3.043 -2.136 7.724 1213Pa0065
4246.152 21.0045 2.01 -1.28 LAWHFS ""
4246.16 24.0 4.437 -0.03 "" ""
4246.174 22.0 2.248 -5.11 "" ""
4246.182 27.0 3.527 -3.96 "" ""
4246.207 23.0 2.503 -6.23 "" ""
4246.26 92.0 0.0 -0.69 "" ""
4246.285 41.0 1.079 -0.97 "" ""
4246.308 106.00113 0.388 -3.774 3.464 AX11R055
4246.341 44.0 1.821 -0.62 "" ""
4246.351 24.0 2.985 -4.06 "" ""
4246.355 106.00112 0.958 -6.086 3.464 BX11R195
4246.39 62.1 0.248 -2.64 LAWLER ""
4246.39 69.1 1.11 -2.02 LAWLER ""
4246.395 58.1 0.892 -0.8 "" ""
4246.409 24.1 3.851 -3.22 "" ""
4246.525 23.0 2.676 -4.89 "" ""
4246.57 64.1 1.133 -0.64 LAWLER ""
4246.595 26.0 3.428 -4.31 "" ""
4246.613 23.1 1.686 -5.12 "" ""
4246.616 22.0 3.137 -3.92 "" ""
4246.624 25.1 6.86 -5.39 "" ""
4246.709 23.0 1.71 -0.89 "" ""
4246.713 58.1 0.265 -0.56 LAWLER ""
4246.736 44.0 2.485 0.34 "" ""
4246.781 607.01214 3.045 -2.136 7.724 1213Pb0065
4246.786 106.00112 1.144 -1.394 3.464 AX22R175
4246.786 26.0 2.586 -5.0 "" ""
4246.795 607.01214 3.045 -4.096 7.724 1213Qc0065
4246.798 106.00112 2.167 -6.362 3.464 CX04R255
4246.814 21.1045 0.315 -0.96 LAWHFS ""
4246.818 106.00113 1.14 -1.394 3.464 AX22R175
4246.818 21.1045 0.315 -0.39 LAWHFS ""
4246.818 21.1045 0.315 -0.8 LAWHFS ""
4246.82 607.01214 3.045 -2.074 7.724 1213Pa0075
4246.821 21.1045 0.315 -0.78 LAWHFS ""
4246.821 21.1045 0.315 -0.81 LAWHFS ""
4246.822 75.0 4.277 0.37 "" ""
4246.823 21.1045 0.315 -0.98 LAWHFS ""
4246.824 21.1045 0.315 -1.48 LAWHFS ""
4246.825 21.1045 0.315 -0.96 LAWHFS ""
4246.825 21.1045 0.315 -2.91 LAWHFS ""
4246.827 21.1045 0.315 -0.8 LAWHFS ""
4246.827 21.1045 0.315 -1.16 LAWHFS ""
4246.828 21.1045 0.315 -0.81 LAWHFS ""
4246.829 21.1045 0.315 -0.98 LAWHFS ""
4246.837 106.00112 1.144 -1.413 3.464 AX22R165
4246.854 106.00112 1.144 -3.512 3.464 AX22Q175
4246.889 106.00113 1.14 -1.413 3.464 AX22R165
4246.89 60.1 0.064 -1.79 LAWLER ""
4246.896 106.00113 1.14 -3.512 3.464 AX22Q175
4246.939 106.00112 2.167 -10.737 3.464 CX04Q255
4246.945 25.1 6.489 -4.89 "" ""
4246.997 106.00112 2.167 -6.534 3.464 CX04R245
4247.044 25.1 5.544 -6.52 "" ""
4247.149 26.0 4.14 -3.13 "" ""
4247.188 24.0 2.985 -4.38 "" ""
4247.258 106.00113 1.749 -2.337 3.464 AX54P185
4247.262 106.00113 1.749 -4.32 3.464 AX54Q175
4247.29 106.00113 1.749 -2.394 3.464 AX54P175
4247.294 26.0 3.632 -2.99 "" ""
4247.306 26.0 2.452 -2.71 "" ""
4247.344 66.1 1.57 -0.4 "" ""
4247.37 60.1 0.0 -0.21 LAWLER ""
4247.39 62.1 0.188 -1.96 LAWLER ""
4247.422 26.1 4.476 -8.14 "" ""
4247.425 26.0 3.366 -0.23 "" ""
4247.447 58.1 0.417 -1.35 LAWLER ""
4247.454 607.01214 3.049 -2.074 7.724 1213Pb0075
4247.471 607.01214 3.049 -4.156 7.724 1213Qc0075
4247.472 25.0 3.38 -3.77 "" ""
4247.491 22.0 3.109 -1.22 "" ""
4247.498 607.01214 3.049 -2.02 7.724 1213Pa0085
4247.514 24.0 2.985 -5.44 "" ""
4247.549 24.0 3.889 -3.45 "" ""
4247.555 24.0 3.094 -6.28 "" ""
4247.556 106.00112 0.559 -1.514 3.464 AX11R105
4247.588 106.00112 1.798 -1.33 3.464 AX22R275
4247.599 90.1 0.556 -2.37 "" ""
4247.63 59.1 0.055 -0.56 LINOHFS ""
4247.642 23.1 5.476 -2.3 "" ""
4247.654 22.0 2.394 -4.18 "" ""
4247.674 23.0 1.217 -4.79 "" ""
4247.679 25.0 4.636 -1.67 "" ""
4247.68 106.00112 1.798 -3.741 3.464 AX22Q275
4247.703 22.0 2.406 -2.69 "" ""
4247.703 24.0 2.913 -3.9 "" ""
4247.724 106.00112 0.559 -1.479 3.464 AX11R115
4247.746 106.00112 1.798 -1.327 3.464 AX22R265
4247.75 106.00112 0.559 -3.32 3.464 AX11Q115
4247.752 25.0 4.191 -1.97 "" ""
4247.782 24.0 3.407 -4.69 "" ""
4247.797 20.0 5.881 -5.68 "" ""
4247.805 22.0 1.995 -3.63 "" ""
4247.812 106.00113 0.556 -1.514 3.464 AX11R105
4247.884 22.0 1.501 -3.34 "" ""
4247.901 106.00113 1.913 -1.736 3.464 AX54Q215
4247.914 26.0 4.431 -3.68 "" ""
4247.925 26.0 4.442 -2.84 "" ""
4247.935 106.00113 1.913 -4.199 3.464 AX54R205
4247.95 25.1 5.376 -3.38 "" ""
4247.957 106.00113 1.913 -4.317 3.464 AX54P215
4247.979 106.00113 0.556 -1.479 3.464 AX11R115
4247.989 90.1 1.14 -1.09 "" ""
4247.99 106.00113 1.913 -1.776 3.464 AX54Q205
4248.003 106.00113 0.556 -3.32 3.464 AX11Q115
4248.021 106.00112 1.091 -1.433 3.464 AX22R155
4248.076 106.00112 1.091 -1.411 3.464 AX22R165
4248.091 20.0 4.776 -4.26 "" ""
4248.094 58.1 1.273 -0.5 "" ""
4248.108 106.00113 1.087 -1.433 3.464 AX22R155
4248.138 607.01214 3.052 -2.02 7.724 1213Pb0085
4248.139 106.00112 1.091 -3.512 3.464 AX22Q165
4248.14 106.00113 1.087 -1.411 3.464 AX22R165
4248.143 44.0 1.865 -1.26 "" ""
4248.15 62.1 0.659 -2.21 LAWLER ""
4248.16 607.01214 3.052 -4.21 7.724 1213Qc0085
4248.186 27.0 2.868 -1.7 LAWNHFS ""
4248.191 607.01214 3.052 -1.973 7.724 1213Pa0095
4248.22 106.00113 1.087 -3.512 3.464 AX22Q165
4248.224 26.0 3.069 -1.32 "" ""
4248.231 20.0 4.44 -4.97 "" ""
4248.252 23.1 6.453 -2.78 "" ""
4248.266 23.0 2.113 -2.21 "" ""
4248.28 66.1 1.85 -1.52 LAWLER ""
4248.33 24.0 3.008 -1.28 "" ""
4248.402 26.0 1.01 -5.08 "" ""
4248.424 106.00112 0.559 -1.514 3.464 AX11R105
4248.452 106.00113 1.868 -1.34 3.464 AX22R285
4248.456 66.1 1.777 -0.46 "" ""
4248.502 24.0 4.096 -1.82 "" ""
4248.513 25.1 5.49 -4.32 "" ""
4248.526 106.00112 0.559 -1.479 3.464 AX11R115
4248.552 15.0 6.949 -4.0 "" ""
4248.555 106.00112 0.559 -3.302 3.464 AX11Q115
4248.583 22.0 3.158 -2.95 "" ""
4248.601 106.00113 1.868 -3.767 3.464 AX22Q285
4248.652 23.1 3.793 -3.09 "" ""
4248.652 41.0 0.019 -1.85 "" ""
4248.671 106.00113 0.557 -1.514 3.464 AX11R105
4248.671 58.1 0.683 0.18 LAWLER ""
4248.699 24.0 2.98 -2.76 "" ""
4248.716 26.0 3.692 -4.38 "" ""
4248.726 106.00113 1.868 -1.332 3.464 AX22R275
4248.729 106.00112 0.191 -1.508 3.464 AX00R095
4248.742 26.0 3.036 -6.54 "" ""
4248.743 24.0 3.11 -2.13 "" ""
4248.777 106.00113 0.557 -1.479 3.464 AX11R115
4248.784 106.00112 1.872 -1.339 3.464 AX22R285
4248.797 23.0 2.682 -1.6 "" ""
4248.798 106.00113 0.557 -3.302 3.464 AX11Q115
4248.811 23.1 1.674 -2.87 "" ""
4248.813 106.00112 1.872 -1.331 3.464 AX22R275
4248.834 607.01214 3.057 -1.973 7.724 1213Pb0095
4248.862 607.01214 3.057 -4.258 7.724 1213Qc0095
4248.874 106.00112 1.872 -3.809 3.464 AX22Q285
4248.895 607.01214 3.057 -1.93 7.724 1213Pa0105
4248.899 26.0 3.298 -6.57 "" ""
4248.903 20.0 6.041 -1.55 "" ""
4248.905 23.0 1.858 -3.69 "" ""
4248.937 106.00112 0.191 -1.469 3.464 AX00R105
4248.952 106.00112 0.191 -3.256 3.464 AX00Q105
4248.956 29.0 5.073 -0.97 "" ""
4249.012 24.0 2.985 -5.71 "" ""
4249.037 20.0 6.041 -2.7 "" ""
4249.039 106.00113 0.19 -1.508 3.464 AX00R095
4249.042 106.00112 4.2 -2.589 3.464 CX05Q495
4249.052 106.00112 1.798 -5.968 3.464 AX32P265
4249.077 59.1 0.0 -1.52 "" ""
4249.091 23.1 5.835 -3.89 "" ""
4249.095 20.0 6.041 -2.31 "" ""
4249.112 22.0 2.295 -0.3 "" ""
4249.194 20.0 5.989 -5.47 "" ""
4249.199 26.0 4.383 -2.7 "" ""
4249.248 106.00113 0.19 -1.469 3.464 AX00R105
4249.26 106.00113 0.19 -3.256 3.464 AX00Q105
4249.308 22.0 1.738 -3.04 "" ""
4249.322 26.0 2.422 -3.14 "" ""
4249.37 22.0 2.776 -1.55 "" ""
4249.412 11.0 2.101 -3.33 "" ""
4249.45 106.00112 1.172 -4.165 3.464 AX33R115
4249.456 41.0 0.0 -1.47 "" ""
4249.456 74.0 1.654 -1.38 "" ""
4249.48 106.00113 1.168 -4.165 3.464 AX33R115
4249.48 59.1 0.371 -1.13 LINOHFS ""
4249.491 106.00112 0.191 -1.508 3.464 AX00R095
4249.536 62.1 0.333 -1.49 "" ""
4249.544 607.01214 3.061 -1.93 7.724 1213Pb0105
4249.577 607.01214 3.061 -4.302 7.724 1213Qc0105
4249.584 26.0 2.557 -3.3 "" ""
4249.597 106.00113 1.944 -1.355 3.464 AX22R295
4249.609 106.00112 1.092 -1.411 3.464 AX22R165
4249.613 607.01214 3.061 -1.892 7.724 1213Pa0115
4249.618 106.00113 1.933 -5.318 3.464 AX50R355
4249.639 106.00112 0.192 -1.469 3.464 AX00R105
4249.64 106.00112 1.092 -1.433 3.464 AX22R155
4249.65 106.00113 1.088 -1.411 3.464 AX22R165
4249.652 106.00112 0.192 -3.24 3.464 AX00Q105
4249.655 106.00113 1.789 -5.895 3.464 AX32P265
4249.671 106.00112 1.092 -3.486 3.464 AX22Q165
4249.679 90.1 0.971 -1.58 Nils02/10 ""
4249.697 106.00113 1.088 -1.433 3.464 AX22R155
