wavelength species excitation loggf disassociation_energy comment
4637.321 106.00113 2.038 -5.093 3.464 AX23R265
4637.348 106.00113 2.038 -6.424 3.464 AX23Q275
4637.503 26.0 3.281 -1.29 DEN14 ""
4637.506 22.0 2.015 -2.72 "" ""
4637.512 106.00113 0.732 -6.012 3.464 AX01R155
4637.56 106.00112 1.916 -3.897 3.464 AX55Q155
4637.584 106.00112 1.916 -1.924 3.464 AX55P165
4637.601 106.00113 2.094 -6.58 3.464 AX34R245
4637.609 106.00112 1.916 -1.926 3.464 AX55P155
4637.654 106.00113 1.972 -7.172 3.464 AX34R225
4637.711 22.0 3.405 -2.87 "" ""
4637.74 42.0 3.3 -1.59 "" ""
4637.76 24.0 2.543 -1.21 "" ""
4637.794 23.0 2.113 -5.36 "" ""
4637.798 26.0 4.648 -3.7 "" ""
4637.802 23.0 2.503 -7.84 "" ""
4637.818 24.0 2.543 -2.24 "" ""
4637.828 22.0 3.317 -1.06 "" ""
4637.845 106.00112 0.735 -6.011 3.464 AX01R155
4637.868 22.0 2.343 -0.4 "" ""
4637.876 28.0 4.102 -1.41 "" ""
4637.941 106.00112 2.102 -1.721 3.464 AX44P245
4637.998 106.00112 2.102 -4.044 3.464 AX44Q235
4638.01 26.0 3.6 -1.12 "" ""
4638.08 21.0 2.294 -2.42 "" ""
4638.091 41.0 1.393 -1.2 "" ""
4638.122 26.0 4.555 -2.21 "" ""
4638.123 26.0 4.59 -3.46 "" ""
4638.125 106.00112 2.102 -1.696 3.464 AX44P235
4638.177 23.1 6.674 -4.2 "" ""
4638.183 23.0 2.038 -7.88 "" ""
4638.209 22.0 3.282 -1.28 "" ""
4638.227 106.00113 2.033 -6.791 3.464 AX34R235
4638.229 22.0 1.995 -2.75 "" ""
4638.335 106.00112 1.862 -11.351 3.464 AX34R205
4638.38 14.0 5.078 -4.01 "" ""
4638.406 106.00113 1.015 -5.551 3.464 BX01P195
4638.429 106.00112 1.279 -13.467 3.464 CX04Q025
4638.45 25.0 4.675 -3.63 "" ""
4638.451 106.00112 1.279 -8.567 3.464 CX04P025
4638.481 112.00124 0.708 -3.607 1.340 21R128b24
4638.507 28.0 2.738 -4.84 "" ""
4638.535 106.00113 1.856 -4.618 3.464 AX44P195
4638.539 26.0 4.603 -1.71 "" ""
4638.555 106.00113 2.158 -4.082 3.464 AX44Q245
4638.561 106.00113 1.039 -2.151 3.464 BX12Q145
4638.608 106.00113 1.039 -5.592 3.464 BX12P155
4638.61 106.00113 2.158 -1.762 3.464 AX44P255
4638.636 106.00113 1.039 -5.56 3.464 BX12R145
4638.657 106.00113 1.572 -3.395 3.464 AX12R245
4638.682 106.00113 1.039 -2.157 3.464 BX12Q155
4638.685 106.00113 2.158 -1.725 3.464 AX44P245
4638.707 60.1 0.471 -1.3 "" ""
4638.755 22.0 3.303 -1.01 "" ""
4638.757 106.00113 1.913 -7.807 3.464 AX34R215
4638.779 23.0 1.847 -2.04 "" ""
4638.78 106.00112 1.976 -10.285 3.464 CX04P215
4638.801 106.00113 1.572 -5.325 3.464 AX12Q245
4638.803 22.0 3.334 -0.81 "" ""
4638.87 26.0 4.368 -3.18 "" ""
4638.896 24.1 5.315 -4.19 "" ""
4638.9 106.00113 1.572 -3.316 3.464 AX12R235
4638.905 106.00112 1.395 -12.013 3.464 CX04Q085
4638.922 24.0 4.141 -2.57 "" ""
4638.954 26.0 4.73 -3.04 "" ""
4638.971 27.0 3.014 -4.41 "" ""
4638.979 106.00112 1.395 -7.668 3.464 CX04P085
4638.982 106.00112 1.579 -3.395 3.464 AX12R245
4638.998 106.00113 1.855 -11.409 3.464 AX34R205
4639.0 64.1 1.059 -0.96 LAWLER ""
4639.094 27.0 4.143 -3.09 "" ""
4639.096 106.00112 1.395 -7.554 3.464 CX04P095
4639.125 60.0 0.14 -0.45 "" ""
4639.133 106.00112 1.579 -5.325 3.464 AX12Q245
4639.145 27.0 4.055 -4.45 "" ""
4639.148 106.00112 1.279 -8.407 3.464 CX04P035
4639.192 106.00112 1.579 -3.316 3.464 AX12R235
4639.287 23.0 2.579 -2.58 "" ""
4639.298 23.1 3.121 -4.25 "" ""
4639.363 22.0 1.738 -0.05 LAWLER ""
4639.37 60.1 0.32 -1.43 LAWLER ""
4639.392 26.0 4.412 -4.36 "" ""
4639.488 106.00113 0.992 -5.861 3.464 AX12R145
4639.496 24.0 3.548 -3.69 "" ""
4639.502 26.0 3.544 -8.72 "" ""
4639.507 24.0 3.108 -0.91 SOBECK ""
4639.548 59.0 0.171 0.34 "" ""
4639.569 21.0 2.294 -0.91 "" ""
4639.625 22.0 2.504 -7.48 "" ""
4639.654 26.0 4.604 -2.34 "" ""
4639.661 22.0 1.748 -0.14 LAWLER ""
4639.704 90.1 1.545 -1.15 "" ""
4639.707 24.0 3.548 -0.91 "" ""
4639.776 26.0 4.442 -4.37 "" ""
4639.786 20.0 5.041 -8.17 "" ""
4639.826 21.0 2.318 -3.75 "" ""
4639.927 106.00112 0.995 -5.861 3.464 AX12R145
4639.939 22.0 1.732 -0.16 LAWLER ""
4640.04 22.0 2.493 -5.07 "" ""
4640.041 64.0 1.448 0.36 "" ""
4640.046 90.1 1.286 -1.41 "" ""
4640.061 106.00113 2.159 -4.412 3.464 AX55R205
4640.064 23.0 1.05 -1.38 LAWNOHFS ""
4640.106 40.0 1.832 -0.43 "" ""
4640.113 106.00113 2.159 -1.861 3.464 AX55Q215
4640.116 23.0 1.954 -3.51 "" ""
4640.123 106.00113 2.159 -1.777 3.464 AX55Q205
4640.175 106.00113 2.159 -4.204 3.464 AX55P215
4640.205 59.0 0.171 -0.06 "" ""
4640.214 58.1 0.792 -1.96 LAWLER ""
4640.272 26.0 3.637 -6.19 "" ""
4640.299 22.0 3.405 -4.05 "" ""
4640.319 23.0 2.676 -5.41 "" ""
4640.321 23.0 1.892 -1.91 "" ""
4640.418 22.0 2.332 -0.79 "" ""
4640.47 21.0 1.438 -3.49 "" ""
4640.508 62.0 0.387 -1.21 "" ""
4640.543 25.0 4.191 -4.49 "" ""
4640.554 24.0 3.119 -4.63 "" ""
4640.572 22.0 3.291 -1.12 "" ""
4640.582 22.0 3.111 -2.12 "" ""
4640.595 68.1 1.815 -0.27 "" ""
4640.688 24.0 3.847 -2.09 "" ""
4640.694 106.00113 2.096 -6.513 3.464 AX34R245
4640.734 23.0 1.063 -1.49 LAWNOHFS ""
4640.808 106.00112 1.806 -7.877 3.464 AX34R195
4640.823 27.0 0.581 -4.05 "" ""
4640.847 24.0 4.613 -1.64 "" ""
4640.855 58.0 0.41 -0.18 "" ""
4640.875 21.1 6.903 -2.94 "" ""
4640.899 26.0 3.069 -4.44 "" ""
4640.906 106.00113 0.992 -5.817 3.464 AX12R145
4640.917 42.0 3.779 -1.37 "" ""
4640.943 106.00112 1.291 -12.667 3.464 CX04Q035
4640.944 106.00112 1.27 -9.678 3.464 CX04P015
4640.952 24.0 2.998 -4.68 "" ""
4640.974 106.00112 1.291 -8.401 3.464 CX04P035
4640.979 106.00113 2.19 -4.65 3.464 AX22P315
4641.002 21.0 5.055 -1.98 "" ""
4641.002 21.0 5.055 -3.51 "" ""
4641.022 106.00112 1.793 -4.511 3.464 AX55P125
4641.028 21.0 1.438 -3.94 "" ""
4641.057 58.0 0.302 -0.29 "" ""
4641.08 22.0 2.248 -2.01 LAWLER ""
4641.213 106.00113 0.836 -5.059 3.464 BX12P095
4641.222 26.0 2.829 -4.13 "" ""
4641.231 106.00112 1.368 -12.086 3.464 CX04Q075
4641.254 90.0 1.393 -0.77 "" ""
4641.288 26.0 3.298 -3.09 "" ""
4641.297 106.00112 1.368 -7.794 3.464 CX04P075
4641.301 25.0 2.939 -3.82 "" ""
4641.339 106.00113 1.856 -11.351 3.464 AX34R205
4641.347 23.1 3.793 -2.98 "" ""
4641.37 106.00112 0.996 -5.817 3.464 AX12R145
4641.446 20.0 5.96 -4.29 "" ""
4641.461 106.00112 1.369 -7.669 3.464 CX04P085
4641.466 24.0 4.204 -1.21 "" ""
4641.478 106.00112 1.291 -8.239 3.464 CX04P045
4641.483 15.0 7.17 -2.5 "" ""
4641.56 28.0 3.396 -3.76 "" ""
4641.572 42.0 2.985 -1.79 "" ""
4641.598 24.0 4.204 -3.74 "" ""
4641.65 92.1 1.04 -1.32 "" ""
4641.739 23.0 1.858 -3.0 "" ""
4641.772 24.0 4.172 -1.18 "" ""
4641.785 22.0 3.407 -4.2 "" ""
4641.812 74.0 0.598 -2.79 "" ""
4641.829 26.0 4.792 -0.92 "" ""
4641.846 76.0 1.084 -3.15 Quinet06 ""
4641.863 15.0 7.207 -2.0 "" ""
4641.92 23.0 2.914 -3.52 "" ""
4641.96 65.1 1.149 -0.15 LAWNOHFS ""
4641.994 24.0 3.847 -0.67 "" ""
4642.018 106.00113 2.158 -6.364 3.464 AX34R255
4642.048 106.00112 1.86 -4.561 3.464 AX44P195
4642.108 106.00113 2.16 -1.762 3.464 AX44P255
4642.163 25.0 4.432 -3.15 "" ""
4642.185 106.00113 2.161 -4.123 3.464 AX44Q245
4642.194 26.0 5.06 -3.46 "" ""
4642.203 106.00112 1.794 -4.548 3.464 AX55P125
4642.228 23.0 2.58 -3.5 "" ""
4642.23 62.1 0.378 -0.46 LAWLER ""
4642.232 6.0 7.94 -2.97 "" ""
4642.245 106.00112 1.02 -5.55 3.464 BX01P195
4642.245 106.00113 1.909 -10.158 3.464 CX04P205
4642.263 112.00124 0.513 -3.831 1.340 10R127b24
4642.3 106.00113 2.161 -1.725 3.464 AX44P245
4642.4 60.1 0.985 -1.4 LAWLER ""
4642.417 24.0 3.077 -2.47 "" ""
4642.449 106.00112 1.984 -4.607 3.464 AX33P255
4642.466 106.00112 1.306 -12.418 3.464 CX04Q045
4642.499 106.00113 2.041 -4.189 3.464 AX23R275
4642.505 106.00112 1.306 -8.236 3.464 CX04P045
4642.538 29.0 5.417 -1.02 "" ""
4642.551 74.0 1.707 -1.24 "" ""
4642.573 23.0 2.053 -7.42 "" ""
4642.585 26.0 3.394 -3.65 "" ""
4642.592 106.00113 2.161 -1.862 3.464 AX55Q215
4642.604 106.00112 1.345 -12.172 3.464 CX04Q065
4642.654 106.00113 2.161 -4.438 3.464 AX55R205
4642.659 106.00113 2.161 -4.18 3.464 AX55P215
4642.66 106.00112 1.345 -7.93 3.464 CX04P065
4642.671 106.00113 2.041 -6.382 3.464 AX23Q275
4642.682 20.0 5.041 -5.78 "" ""
4642.705 42.0 3.176 -1.21 "" ""
4642.711 24.0 4.172 -0.85 "" ""
4642.721 106.00113 2.161 -1.777 3.464 AX55Q205
4642.789 27.0 3.684 -1.71 "" ""
4642.793 106.00113 2.041 -5.093 3.464 AX23R265
4642.795 25.0 4.723 -1.43 "" ""
4642.863 24.0 4.398 -3.4 "" ""
4642.882 106.00112 1.345 -7.795 3.464 CX04P075
4642.886 106.00112 1.306 -8.081 3.464 CX04P055
4642.903 25.1 6.489 -5.43 "" ""
4642.95 69.1 2.764 -0.44 "" ""
4642.981 25.1 5.49 -6.7 "" ""
4643.002 23.0 2.581 -3.25 "" ""
4643.017 106.00112 1.324 -12.276 3.464 CX04Q055
4643.065 106.00112 1.324 -8.078 3.464 CX04P055
4643.068 106.00112 1.807 -7.821 3.464 AX34R195
4643.068 106.00113 1.8 -7.877 3.464 AX34R195
4643.116 112.00124 0.673 -3.573 1.340 21R127b24
4643.128 69.0 1.087 -0.89 "" ""
4643.14 74.0 2.6 -0.81 "" ""
4643.176 20.0 5.87 -2.52 "" ""
4643.181 45.0 2.099 -1.14 "" ""
4643.191 26.0 1.484 -5.06 "" ""
4643.213 106.00113 1.214 -3.23 3.464 AX01R235
4643.25 25.0 4.657 -1.56 "" ""
4643.293 106.00113 1.214 -3.208 3.464 AX01R225
4643.31 41.0 0.267 -1.91 "" ""
4643.355 106.00112 1.324 -7.932 3.464 CX04P065
4643.364 106.00113 1.214 -5.357 3.464 AX01Q235
4643.372 106.00113 1.827 -4.547 3.464 AX55P135
4643.453 106.00113 1.968 -5.092 3.464 AX23R265
4643.464 26.0 3.651 -1.29 "" ""
4643.478 106.00112 1.22 -3.23 3.464 AX01R235
4643.487 59.1 0.055 -1.17 "" ""
4643.507 23.0 2.576 -1.65 "" ""
4643.509 106.00113 1.275 -9.94 3.464 CX04P025
4643.52 26.0 3.639 -6.0 "" ""
4643.553 106.00112 1.22 -3.208 3.464 AX01R225
4643.613 20.0 5.581 -4.0 "" ""
4643.632 106.00113 1.968 -5.522 3.464 AX23R255
4643.642 106.00112 1.22 -5.357 3.464 AX01Q235
4643.666 106.00113 1.968 -6.106 3.464 AX23Q265
4643.675 41.0 1.368 -1.22 "" ""
4643.688 39.0 0.0 -0.45 "" ""
4643.735 27.0 3.407 -1.89 "" ""
4643.774 58.1 0.892 -1.57 LAWLER ""
4643.781 24.0 3.426 -3.93 "" ""
4643.861 14.0 5.078 -2.8 "" ""
4643.881 24.0 4.407 -2.01 "" ""
4643.903 20.0 5.581 -3.04 "" ""
4643.909 24.0 3.119 -3.03 "" ""
4643.919 22.1 5.424 -3.69 "" ""
4644.053 106.00113 1.501 -3.315 3.464 AX12R235
4644.1 26.1 2.69 -6.54 "" ""
4644.124 106.00113 1.501 -3.253 3.464 AX12R225
4644.193 106.00113 1.501 -5.303 3.464 AX12Q235
4644.194 26.0 4.603 -3.65 "" ""
4644.216 58.1 1.026 -0.88 LAWLER ""
4644.314 27.0 4.055 -0.69 "" ""
4644.333 106.00112 1.508 -3.315 3.464 AX12R235
4644.365 27.0 4.069 -4.05 "" ""
4644.389 106.00112 1.507 -3.252 3.464 AX12R225
4644.45 106.00112 1.043 -2.15 3.464 BX12Q145
4644.469 24.0 3.085 -5.71 "" ""
4644.476 106.00112 1.508 -5.303 3.464 AX12Q235
4644.503 106.00112 1.043 -5.591 3.464 BX12P155
4644.503 27.0 4.237 -2.62 "" ""
4644.513 26.0 4.603 -2.41 "" ""
4644.522 106.00112 1.043 -5.559 3.464 BX12R145
4644.575 106.00112 1.043 -2.156 3.464 BX12Q155
4644.578 69.0 2.199 -0.23 "" ""
4644.623 106.00112 1.862 -4.617 3.464 AX44P195
4644.627 106.00112 0.839 -5.058 3.464 BX12P095
4644.698 106.00113 1.827 -4.587 3.464 AX55P135
4644.773 23.0 2.33 -1.23 "" ""
4644.781 28.0 3.594 -5.15 "" ""
4644.79 24.0 4.407 -3.13 "" ""
4644.801 40.0 1.821 0.04 "" ""
4644.963 60.0 0.293 -0.61 "" ""
4645.008 24.0 4.609 -3.15 "" ""
4645.099 44.0 2.485 -0.09 "" ""
4645.142 27.0 3.809 -2.38 "" ""
4645.149 27.0 0.629 -5.32 "" ""
4645.18 24.0 3.889 -3.37 "" ""
4645.183 24.0 4.437 -1.33 "" ""
4645.188 22.0 1.732 -0.51 LAWLER ""
4645.227 106.00113 1.801 -7.821 3.464 AX34R195
4645.275 57.1139 0.126 -3.263 Lawle01HFS ""
4645.276 57.1139 0.126 -3.068 Lawle01HFS ""
4645.277 57.1139 0.126 -3.015 Lawle01HFS ""
4645.277 57.1139 0.126 -3.041 Lawle01HFS ""
4645.278 57.1139 0.126 -3.14 Lawle01HFS ""
4645.279 57.1139 0.126 -3.362 Lawle01HFS ""
4645.28 57.1139 0.126 -21.79 Lawle01HFS ""
4645.28 57.1139 0.126 -2.455 Lawle01HFS ""
4645.28 57.1139 0.126 -2.683 Lawle01HFS ""
4645.28 57.1139 0.126 -2.969 Lawle01HFS ""
4645.28 57.1139 0.126 -3.355 Lawle01HFS ""
4645.28 57.1139 0.126 -3.839 Lawle01HFS ""
4645.28 57.1139 0.126 -3.985 Lawle01HFS ""
4645.281 57.1139 0.126 -3.362 Lawle01HFS ""
4645.282 57.1139 0.126 -3.14 Lawle01HFS ""
4645.283 57.1139 0.126 -3.015 Lawle01HFS ""
4645.283 57.1139 0.126 -3.041 Lawle01HFS ""
4645.284 57.1139 0.126 -3.068 Lawle01HFS ""
4645.285 57.1139 0.126 -3.263 Lawle01HFS ""
4645.302 106.00113 2.16 -6.296 3.464 AX34R255
4645.31 65.1 0.0 -0.9 LAWNOHFS ""
4645.313 23.0 2.606 -5.02 "" ""
4645.344 24.0 4.613 -1.17 "" ""
4645.38 42.0 2.258 -2.56 "" ""
4645.401 62.0 0.036 -0.48 "" ""
4645.443 106.00113 1.285 -5.941 3.464 AX23R145
4645.492 25.0 4.675 -2.82 "" ""
4645.631 26.0 4.604 -2.38 "" ""
4645.732 106.00113 2.192 -4.73 3.464 AX22P315
4645.76 60.1 0.559 -0.76 LAWLER ""
4645.807 106.00112 1.148 -0.697 3.464 BX10P255
4645.926 106.00112 1.148 -4.985 3.464 BX10Q255
4645.974 23.0 0.04 -3.37 LAWNOHFS ""
4645.996 106.00112 1.148 -0.289 3.464 BX10P265
4646.007 64.0 1.466 0.38 "" ""
4646.05 59.1 0.216 -1.14 LINOHFS ""
4646.128 20.0 5.045 -7.58 "" ""
4646.14 74.0 2.385 -1.02 "" ""
4646.162 24.0 1.029 -0.74 SOBECK ""
4646.231 22.0 2.248 -3.1 "" ""
4646.264 24.0 4.204 -1.69 "" ""
4646.291 42.0 3.196 -1.78 "" ""
4646.33 64.1 1.287 -1.18 LAWLER ""
4646.339 106.00112 1.289 -5.941 3.464 AX23R145
4646.359 23.0051 1.063 -1.577 LAWLER ""
4646.36 57.0 1.234 -0.4 "" ""
4646.365 23.0051 1.063 -2.203 LAWLER ""
4646.37 23.0051 1.063 -3.068 LAWLER ""
4646.388 60.0 0.456 0.05 "" ""
4646.39 23.0051 1.063 -1.793 LAWLER ""
4646.395 23.0051 1.063 -2.042 LAWLER ""
4646.396 24.0 4.204 -3.48 "" ""
4646.399 23.0051 1.063 -2.64 LAWLER ""
4646.415 23.0051 1.063 -2.076 LAWLER ""
4646.419 23.0051 1.063 -2.05 LAWLER ""
4646.422 23.0051 1.063 -2.39 LAWLER ""
4646.434 23.0051 1.063 -2.515 LAWLER ""
4646.437 23.0051 1.063 -2.214 LAWLER ""
4646.439 23.0051 1.063 -2.214 LAWLER ""
4646.449 106.00112 1.986 -4.676 3.464 AX33P255
4646.485 24.0 3.077 -1.03 "" ""
4646.581 22.0 2.101 -5.82 "" ""
4646.597 92.1 0.113 -1.67 "" ""
4646.651 27.0 2.698 -3.57 "" ""
4646.68 62.1 0.277 -1.03 LAWLER ""
4646.694 106.00113 1.216 -3.23 3.464 AX01R235
4646.697 22.0 2.101 -4.08 "" ""
4646.758 106.00112 1.754 -7.296 3.464 AX34R185
4646.759 25.1 5.811 -5.18 "" ""
4646.772 23.0 1.954 -4.12 "" ""
4646.775 24.0 3.099 -0.84 SOBECK ""
4646.813 106.00112 2.197 -4.649 3.464 AX22P315
4646.846 106.00113 1.216 -5.321 3.464 AX01Q235
4646.886 106.00113 1.216 -3.208 3.464 AX01R225
4646.895 23.0 2.073 -7.51 "" ""
4646.91 28.0 3.633 -2.98 "" ""
4646.915 106.00113 1.286 -5.897 3.464 AX23R145
4646.916 26.0 4.412 -3.82 "" ""
4646.949 41.0 2.271 -0.43 "" ""
4646.958 22.0 2.425 -2.85 "" ""
4646.969 106.00112 1.222 -3.23 3.464 AX01R235
4646.984 106.00113 2.038 -4.633 3.464 AX33P265
4646.99 59.0 0.0 -0.39 "" ""
4647.118 21.0 3.081 -1.9 "" ""
4647.118 24.1 3.736 -4.95 "" ""
4647.135 106.00112 1.222 -5.321 3.464 AX01Q235
4647.179 26.0 4.635 -1.3 "" ""
4647.186 106.00112 1.222 -3.208 3.464 AX01R225
4647.213 20.0 5.963 -3.68 "" ""
