wavelength species excitation loggf disassociation_energy comment
4740.721 106.00112 1.369 -5.683 3.464 AX34R085
4740.732 15.0 7.376 -3.0 "" ""
4740.737 106.00112 2.039 -3.801 3.464 AX34R235
4740.749 106.00113 0.948 -3.062 3.464 AX12R135
4740.804 106.00113 0.948 -4.861 3.464 AX12Q135
4740.826 112.00124 0.384 -0.961 1.340 21R117b24
4740.884 106.00112 1.247 -3.153 3.464 AX23R125
4740.885 106.00112 2.039 -7.283 3.464 AX34Q235
4740.921 19.0 1.609 -3.27 "" ""
4740.925 27.1 3.403 -3.66 "" ""
4740.933 106.00113 1.8 -4.402 3.464 AX34R185
4740.937 106.00112 2.039 -4.208 3.464 AX34R225
4740.943 24.0 5.151 -3.62 "" ""
4740.97 106.00113 1.244 -3.153 3.464 AX23R125
4740.975 27.0 4.237 -4.07 "" ""
4740.978 106.00113 1.8 -4.944 3.464 AX34R195
4741.002 24.0 4.609 -3.1 "" ""
4741.007 21.0045 1.439 -1.55 LAWHFS ""
4741.008 21.0045 1.439 -1.52 LAWHFS ""
4741.009 21.0045 1.439 -1.26 LAWHFS ""
4741.01 21.0045 1.439 -1.57 LAWHFS ""
4741.012 21.0045 1.439 -1.07 LAWHFS ""
4741.013 21.0045 1.439 -1.52 LAWHFS ""
4741.014 106.00112 1.248 -3.162 3.464 AX23R135
4741.014 106.00113 1.244 -3.162 3.464 AX23R135
4741.014 21.0045 1.439 -1.69 LAWHFS ""
4741.016 21.0045 1.439 -0.98 LAWHFS ""
4741.018 21.0045 1.439 -1.13 LAWHFS ""
4741.019 21.0045 1.439 -1.91 LAWHFS ""
4741.021 21.0045 1.439 -0.96 LAWHFS ""
4741.024 21.0045 1.439 -0.87 LAWHFS ""
4741.025 106.00113 1.8 -5.802 3.464 AX34Q195
4741.025 21.0045 1.439 -2.33 LAWHFS ""
4741.028 21.0045 1.439 -1.01 LAWHFS ""
4741.031 21.0045 1.439 -0.68 LAWHFS ""
4741.034 106.00113 0.75 -5.431 3.464 AX12R075
4741.036 21.0045 1.439 -1.21 LAWHFS ""
4741.039 21.0045 1.439 -0.51 LAWHFS ""
4741.049 21.0045 1.439 -0.37 LAWHFS ""
4741.064 106.00112 1.248 -4.899 3.464 AX23Q135
4741.067 106.00113 1.244 -4.877 3.464 AX23Q135
4741.07 26.0 3.332 -2.4 RUF14 ""
4741.149 24.0 4.201 -0.43 "" ""
4741.176 106.00112 2.116 -3.394 3.464 AX12Q315
4741.247 27.1 3.083 -4.11 "" ""
4741.276 106.00112 2.116 -9.011 3.464 AX12R305
4741.294 27.0 4.11 -1.25 "" ""
4741.304 90.0 0.788 -1.76 "" ""
4741.308 106.00113 2.053 -4.756 3.464 AX55P185
4741.333 28.0 3.676 -6.02 "" ""
4741.361 106.00112 2.116 -5.517 3.464 AX12P315
4741.401 39.0 2.002 -0.1 "" ""
4741.413 106.00113 2.109 -3.394 3.464 AX12Q315
4741.439 106.00113 0.75 -5.407 3.464 AX12R075
4741.461 106.00112 2.116 -3.188 3.464 AX12Q305
4741.503 74.0 2.965 -0.73 "" ""
4741.529 26.0 2.829 -2.0 "" ""
4741.556 106.00112 1.916 -7.036 3.464 AX45R165
4741.59 106.00113 2.109 -5.517 3.464 AX12P315
4741.605 106.00113 2.109 -9.011 3.464 AX12R305
4741.618 27.1 5.462 -3.57 "" ""
4741.641 106.00112 0.952 -3.069 3.464 AX12R125
4741.646 112.00124 0.238 -1.137 1.340 10R218b24
4741.653 58.1 1.026 -1.1 "" ""
4741.684 22.0 3.334 -3.59 "" ""
4741.685 20.0 4.529 -2.92 "" ""
4741.692 23.0 2.294 -3.48 "" ""
4741.73 62.1 0.434 -1.59 LAWLER ""
4741.735 112.00124 0.504 -1.298 1.340 32R115b24
4741.747 112.00124 0.238 -3.384 1.340 10Q118b24
4741.774 106.00112 0.952 -3.061 3.464 AX12R135
4741.783 106.00113 2.109 -3.188 3.464 AX12Q305
4741.83 106.00112 0.952 -4.861 3.464 AX12Q135
4741.904 106.00112 2.06 -6.358 3.464 AX45R195
4741.918 38.0 1.774 -0.32 "" ""
4741.919 22.0 0.048 -4.64 "" ""
4741.919 24.0 3.432 -4.67 "" ""
4741.924 23.1 2.368 -5.67 "" ""
4741.998 22.0 2.229 -2.35 "" ""
4742.005 106.00113 0.949 -3.069 3.464 AX12R125
4742.045 106.00113 0.949 -3.062 3.464 AX12R135
4742.046 112.00124 0.238 -1.118 1.340 10R118b24
4742.067 106.00113 1.913 -4.869 3.464 AX34R215
4742.075 106.00112 0.752 -5.431 3.464 AX12R075
4742.09 23.0 2.136 -4.29 "" ""
4742.091 106.00112 1.807 -4.944 3.464 AX34R195
4742.095 23.0 2.606 -5.8 "" ""
4742.1 106.00113 0.949 -4.84 3.464 AX12Q135
4742.106 22.0 2.152 -0.94 LAWLER ""
4742.118 24.0 4.416 -3.97 "" ""
4742.121 106.00113 1.856 -8.442 3.464 AX34R205
4742.162 24.1 4.14 -3.12 "" ""
4742.2 22.0 2.479 -2.15 "" ""
4742.201 106.00112 1.807 -5.771 3.464 AX34Q195
4742.212 106.00112 1.807 -4.402 3.464 AX34R185
4742.227 58.1 0.721 -1.74 LAWLER ""
4742.228 25.1 6.128 -2.8 "" ""
4742.228 27.0 4.018 -1.51 "" ""
4742.232 106.00112 1.248 -3.153 3.464 AX23R125
4742.241 21.0 3.081 -3.23 "" ""
4742.265 90.1 1.322 -1.8 "" ""
4742.275 106.00112 1.248 -3.162 3.464 AX23R135
4742.288 23.1 1.674 -8.75 "" ""
4742.298 106.00113 1.913 -6.197 3.464 AX34Q215
4742.302 22.0 1.459 -2.72 LAWLER ""
4742.325 106.00112 1.248 -4.877 3.464 AX23Q135
4742.33 106.00113 1.856 -5.953 3.464 AX34Q205
4742.341 106.00113 1.913 -8.443 3.464 AX34R205
4742.361 106.00113 1.856 -4.945 3.464 AX34R195
4742.416 106.00113 2.217 -5.982 3.464 AX45R225
4742.485 106.00112 0.752 -5.407 3.464 AX12R075
4742.541 27.0 2.784 -2.62 LAWNHFS ""
4742.552 26.0 4.368 -2.72 "" ""
4742.561 6.0 7.94 -2.72 "" ""
4742.59 106.00112 1.951 -6.594 3.464 AX12R285
4742.611 106.00112 1.754 -4.102 3.464 AX34R175
4742.622 106.00112 1.754 -4.4 3.464 AX34R185
4742.624 20.0 6.017 -2.6 "" ""
4742.624 23.0 2.33 -7.41 "" ""
4742.627 106.00113 2.217 -2.125 3.464 AX55P225
4742.63 21.0 5.007 -3.75 "" ""
4742.638 106.00113 2.13 -7.722 3.464 AX50R365
4742.643 24.0 5.128 -3.54 "" ""
4742.664 106.00112 1.951 -3.045 3.464 AX12Q295
4742.678 22.0 0.825 -4.97 "" ""
4742.703 106.00113 2.217 -4.396 3.464 AX55Q215
4742.723 106.00112 1.754 -5.654 3.464 AX34Q185
4742.75 21.0 3.081 -4.18 "" ""
4742.752 23.0 2.682 -7.39 "" ""
4742.76 106.00113 2.031 -4.207 3.464 AX34R225
4742.768 106.00113 2.217 -2.055 3.464 AX55P215
4742.77 106.00112 1.951 -2.94 3.464 AX12Q285
4742.789 22.0 2.235 0.21 LAWLER ""
4742.791 106.00113 2.031 -3.799 3.464 AX34R235
4742.826 106.00113 2.031 -7.32 3.464 AX34Q235
4742.832 106.00113 1.827 -8.335 3.464 AX45R145
4742.844 106.00112 1.951 -5.375 3.464 AX12P295
4742.864 106.00112 1.872 -7.501 3.464 AX45R155
4742.87 106.00113 1.596 -2.788 3.464 AX01Q285
4742.895 106.00113 1.944 -6.594 3.464 AX12R285
4742.927 106.00113 1.944 -3.045 3.464 AX12Q295
4742.932 26.0 4.188 -2.37 "" ""
4742.934 40.0 1.529 -1.06 "" ""
4742.936 106.00113 1.596 -5.912 3.464 AX01R275
4742.954 25.1 5.376 -2.98 "" ""
4743.009 28.0 4.161 -2.93 "" ""
4743.02 66.1 0.59 -2.32 LAWLER ""
4743.024 44.0 2.79 -0.57 "" ""
4743.044 106.00112 0.952 -3.069 3.464 AX12R125
4743.052 106.00113 1.596 -5.286 3.464 AX01P285
4743.066 106.00113 1.944 -2.94 3.464 AX12Q285
4743.071 57.1 1.781 -0.17 "" ""
4743.087 106.00112 0.952 -3.062 3.464 AX12R135
4743.097 106.00113 1.944 -5.375 3.464 AX12P295
4743.118 106.00113 1.596 -2.763 3.464 AX01Q275
4743.13 24.0 4.2 -0.87 "" ""
4743.141 23.0 1.944 -3.89 "" ""
4743.143 106.00113 2.129 -9.027 3.464 AX50P375
4743.144 106.00112 0.952 -4.84 3.464 AX12Q135
4743.146 106.00112 1.604 -2.788 3.464 AX01Q285
4743.161 106.00113 1.748 -4.102 3.464 AX34R175
4743.215 106.00113 1.748 -4.4 3.464 AX34R185
4743.237 106.00112 1.604 -5.912 3.464 AX01R275
4743.243 106.00113 1.801 -4.944 3.464 AX34R195
4743.248 106.00113 1.972 -4.206 3.464 AX34R225
4743.261 106.00113 1.748 -5.654 3.464 AX34Q185
4743.275 26.1 2.674 -5.86 "" ""
4743.287 26.0 2.756 -4.75 "" ""
4743.344 26.0 3.637 -6.45 "" ""
4743.351 106.00112 1.604 -5.286 3.464 AX01P285
4743.354 24.0 3.008 -3.32 "" ""
4743.387 26.1 7.113 -4.72 "" ""
4743.391 21.0 1.983 -4.05 "" ""
4743.398 106.00112 2.111 -6.266 3.464 AX45R205
4743.398 26.0 4.73 -2.8 "" ""
4743.432 106.00113 1.801 -5.77 3.464 AX34Q195
4743.442 106.00112 1.604 -2.763 3.464 AX01Q275
4743.451 106.00113 1.801 -4.402 3.464 AX34R185
4743.456 27.0 3.927 -3.68 "" ""
4743.471 22.0 3.164 -3.01 "" ""
4743.502 106.00113 1.972 -6.564 3.464 AX34Q225
4743.508 25.0 4.426 -4.37 "" ""
4743.52 92.0 0.774 -0.95 "" ""
4743.524 23.1 4.241 -2.39 "" ""
4743.542 23.0 2.364 -1.09 "" ""
4743.555 106.00113 1.972 -4.87 3.464 AX34R215
4743.607 24.1 5.326 -4.76 "" ""
4743.625 106.00113 2.054 -4.807 3.464 AX55P185
4743.625 42.0 3.3 -1.77 "" ""
4743.643 27.0 4.143 -3.68 "" ""
4743.646 106.00112 2.102 -3.5 3.464 AX34R245
4743.652 64.0 0.841 0.12 "" ""
4743.685 90.1 0.51 -2.02 Nils02/11 ""
4743.72 23.0 1.944 -1.51 "" ""
4743.726 112.00124 0.361 -0.999 1.340 21R216b24
4743.78 20.0 6.017 -3.64 "" ""
4743.793 21.0045 1.448 -1.32 LAWHFS ""
4743.793 21.0045 1.448 -2.02 LAWHFS ""
4743.794 21.0045 1.448 -1.39 LAWHFS ""
4743.796 21.0045 1.448 -1.86 LAWHFS ""
4743.797 21.0045 1.448 -1.12 LAWHFS ""
4743.798 21.0045 1.448 -1.12 LAWHFS ""
4743.801 21.0045 1.448 -1.86 LAWHFS ""
4743.802 21.0045 1.448 -1.02 LAWHFS ""
4743.803 21.0045 1.448 -0.92 LAWHFS ""
4743.804 106.00112 2.102 -8.127 3.464 AX34Q245
4743.808 21.0045 1.448 -1.96 LAWHFS ""
4743.81 21.0045 1.448 -0.97 LAWHFS ""
4743.811 21.0045 1.448 -0.75 LAWHFS ""
4743.814 112.00124 0.361 -3.158 1.340 21Q116b24
4743.817 21.0045 1.448 -2.17 LAWHFS ""
4743.819 21.0045 1.448 -0.98 LAWHFS ""
4743.821 21.0045 1.448 -0.6 LAWHFS ""
4743.828 21.0045 1.448 -2.56 LAWHFS ""
4743.83 21.0045 1.448 -1.05 LAWHFS ""
4743.83 41.0 1.079 -1.54 "" ""
4743.832 21.0045 1.448 -0.47 LAWHFS ""
4743.843 21.0045 1.448 -1.26 LAWHFS ""
4743.845 21.0045 1.448 -0.36 LAWHFS ""
4743.846 20.0 6.017 -3.38 "" ""
4743.86 21.0045 1.448 -0.25 LAWHFS ""
4743.864 106.00112 2.102 -3.802 3.464 AX34R235
4743.891 76.0 2.189 -1.5 "" ""
4743.921 112.00124 0.227 -2.852 1.340 21R108b24
4743.947 25.0 4.723 -2.92 "" ""
4743.964 112.00124 0.064 -3.189 1.340 10R109b24
4744.05 106.00112 2.034 -3.188 3.464 AX12Q305
4744.054 106.00113 2.027 -3.188 3.464 AX12Q305
4744.105 112.00124 0.361 -0.977 1.340 21R116b24
4744.127 106.00113 1.827 -8.292 3.464 AX45R145
4744.14 23.0 2.33 -2.84 "" ""
4744.147 106.00112 2.034 -7.146 3.464 AX12R295
4744.163 59.0 0.0 -0.36 "" ""
4744.228 106.00113 2.027 -5.422 3.464 AX12P305
4744.232 106.00112 2.034 -5.422 3.464 AX12P305
4744.235 106.00113 2.027 -7.146 3.464 AX12R295
4744.296 24.0 4.096 -4.16 "" ""
4744.329 106.00112 2.034 -3.045 3.464 AX12Q295
4744.345 19.0 1.609 -2.88 "" ""
4744.352 24.0 3.008 -4.21 "" ""
4744.364 106.00112 1.873 -7.456 3.464 AX45R155
4744.365 28.0 4.415 -4.24 "" ""
4744.409 106.00113 2.027 -3.045 3.464 AX12Q295
4744.434 24.0 5.151 -4.08 "" ""
4744.636 26.0 0.989 -5.3 "" ""
4744.644 23.0 2.614 -4.57 "" ""
4744.645 41.0 1.531 -1.01 "" ""
4744.649 25.1 6.124 -5.06 "" ""
4744.701 106.00112 2.165 -3.261 3.464 AX34R255
4744.71 20.0 4.528 -2.61 "" ""
4744.73 25.0 3.376 -7.75 "" ""
4744.776 106.00112 1.755 -4.4 3.464 AX34R185
4744.793 106.00112 2.165 -3.501 3.464 AX34R245
4744.801 58.0 0.964 0.14 "" ""
4744.823 20.0 5.014 -3.4 "" ""
4744.848 28.0 4.161 -1.39 "" ""
4744.868 106.00112 2.165 -6.789 3.464 AX34Q255
4744.869 26.0 3.298 -5.14 "" ""
4744.875 106.00112 1.755 -4.102 3.464 AX34R175
4744.877 106.00112 1.755 -5.624 3.464 AX34Q185
4744.899 25.0 3.37 -5.87 "" ""
4744.906 59.1 0.204 -1.14 "" ""
4744.929 20.0 5.927 -3.51 "" ""
4744.941 26.0 3.265 -2.39 "" ""
4744.944 58.1 0.445 -1.19 LAWLER ""
4745.069 26.0 2.69 -4.86 "" ""
4745.116 45.0 0.965 -1.98 "" ""
4745.129 26.0 2.221 -4.17 "" ""
4745.137 22.0 2.493 -6.07 "" ""
4745.183 25.0 4.682 -2.34 "" ""
4745.185 24.0 3.11 -2.11 "" ""
4745.201 27.0 2.716 -6.44 "" ""
4745.218 112.00124 0.213 -1.233 1.340 10R217b24
4745.272 68.0 0.862 -0.64 "" ""
4745.288 106.00113 1.749 -4.4 3.464 AX34R185
4745.307 24.0 2.706 -1.38 SOBECK ""
4745.315 112.00124 0.213 -3.485 1.340 10Q117b24
4745.34 112.00124 0.384 -2.642 1.340 32R107b24
4745.359 23.0 2.252 -4.42 "" ""
4745.422 25.0 4.682 -3.42 "" ""
4745.457 106.00113 1.749 -5.624 3.464 AX34Q185
4745.462 106.00113 1.749 -4.102 3.464 AX34R175
4745.515 22.0 0.818 -5.5 "" ""
4745.577 74.0 2.244 -1.43 "" ""
4745.622 112.00124 0.213 -1.213 1.340 10R117b24
4745.68 62.1 0.104 -0.93 LAWLER ""
4745.691 106.00113 2.13 -5.766 3.464 AX50Q365
4745.742 26.0 3.299 -5.48 "" ""
4745.742 66.1 0.927 -1.73 "" ""
4745.8 26.0 3.651 -1.25 DEN14 ""
4745.821 25.0 4.636 -3.25 "" ""
4745.828 64.0 0.88 -0.41 "" ""
4745.84 26.0 4.1 -2.63 "" ""
4745.851 106.00112 2.112 -6.21 3.464 AX45R205
4745.851 106.00113 2.033 -3.8 3.464 AX34R235
4745.913 73.0 2.154 -1.12 "" ""
4745.956 20.0 6.018 -3.7 "" ""
4746.026 25.0 4.751 -2.34 "" ""
4746.057 23.1 6.473 -4.5 "" ""
4746.104 21.0 1.985 -4.16 "" ""
4746.111 27.0 3.927 -0.24 "" ""
4746.129 106.00113 2.033 -7.282 3.464 AX34Q235
4746.144 106.00112 1.704 -3.903 3.464 AX34R165
4746.152 21.0 2.612 -1.57 "" ""
4746.165 23.0 2.129 -7.6 "" ""
4746.174 106.00112 1.704 -4.1 3.464 AX34R175
4746.175 106.00113 1.698 -3.903 3.464 AX34R165
4746.192 106.00113 2.033 -4.207 3.464 AX34R225
4746.211 106.00112 2.245 -9.845 3.464 AX50P375
4746.221 106.00113 1.513 -5.8 3.464 AX01R265
4746.239 106.00113 1.698 -4.1 3.464 AX34R175
4746.242 106.00112 2.165 -4.235 3.464 AX55Q205
4746.265 106.00112 1.704 -5.53 3.464 AX34Q175
4746.266 106.00113 1.513 -2.764 3.464 AX01Q275
4746.271 20.0 4.531 -2.16 "" ""
4746.276 26.0 4.188 -2.37 "" ""
4746.28 27.1 5.462 -3.45 "" ""
4746.284 106.00113 1.698 -5.53 3.464 AX34Q175
4746.3 20.0 4.529 -2.75 "" ""
4746.316 106.00112 2.165 -2.046 3.464 AX55P215
4746.318 24.0 5.076 -3.18 "" ""
4746.34 106.00112 2.165 -1.997 3.464 AX55P205
4746.386 23.1 2.37 -1.77 "" ""
4746.398 106.00113 1.513 -2.745 3.464 AX01Q265
4746.443 106.00113 1.513 -5.284 3.464 AX01P275
4746.483 25.0 4.791 -2.32 "" ""
4746.616 23.0 2.027 -0.59 "" ""
4746.641 21.0 3.081 -4.21 "" ""
4746.668 26.0 4.412 -3.28 "" ""
4746.695 106.00112 1.52 -5.8 3.464 AX01R265
4746.715 25.1 5.376 -4.45 "" ""
4746.72 23.1 6.141 -2.5 "" ""
4746.737 26.0 3.639 -8.38 "" ""
4746.765 22.0 3.332 -3.77 "" ""
4746.774 106.00112 1.521 -2.763 3.464 AX01Q275
4746.789 106.00113 2.094 -3.801 3.464 AX34R235
4746.821 106.00113 2.094 -3.499 3.464 AX34R245
4746.846 23.0 2.113 -4.82 "" ""
4746.851 106.00113 2.094 -8.164 3.464 AX34Q245
4746.863 106.00112 1.872 -6.29 3.464 AX12R275
4746.893 106.00112 1.52 -2.745 3.464 AX01Q265
4746.901 106.00113 1.865 -6.29 3.464 AX12R275
4746.916 59.1 0.629 -0.5 "" ""
4746.938 106.00112 1.872 -2.94 3.464 AX12Q285
4746.938 106.00113 1.865 -2.94 3.464 AX12Q285
4746.97 106.00112 1.832 -8.334 3.464 AX45R145
4746.972 106.00112 1.521 -5.283 3.464 AX01P275
4746.982 26.0 4.73 -2.53 "" ""
4746.983 112.00124 0.34 -1.018 1.340 21R215b24
4747.039 106.00112 1.872 -2.861 3.464 AX12Q275
4747.05 24.0 3.09 -2.17 "" ""
4747.067 112.00124 0.34 -3.127 1.340 21Q115b24
4747.068 106.00113 1.865 -2.861 3.464 AX12Q275
4747.105 106.00113 1.865 -5.308 3.464 AX12P285
4747.114 106.00112 1.872 -5.308 3.464 AX12P285
4747.116 23.0 2.576 -0.93 "" ""
4747.167 58.1 0.32 -1.25 "" ""
4747.24 24.0 4.613 -1.94 "" ""
4747.257 22.0 1.066 -2.47 "" ""
4747.259 22.0 3.427 -3.88 "" ""
4747.26 58.1 0.902 -1.79 LAWLER ""
4747.265 26.0 4.577 -3.98 "" ""
4747.368 106.00113 1.946 -3.045 3.464 AX12Q295
4747.383 112.00124 0.34 -0.995 1.340 21R115b24
4747.454 24.0 3.407 -4.05 "" ""
4747.534 24.0 2.542 -7.03 "" ""
4747.536 106.00113 1.946 -6.627 3.464 AX12R285
4747.538 106.00113 1.946 -5.344 3.464 AX12P295
4747.557 106.00113 1.204 -3.148 3.464 AX23R115
4747.573 106.00112 1.954 -3.045 3.464 AX12Q295
4747.588 24.1 5.658 -3.96 "" ""
4747.612 23.0 0.267 -5.18 "" ""
4747.646 24.0 4.204 -1.88 "" ""
4747.657 106.00113 1.031 -5.343 3.464 AX23R065
4747.666 106.00112 1.954 -6.627 3.464 AX12R285
4747.671 38.1 5.914 -1.81 "" ""
4747.674 22.0 2.248 -0.83 LAWLER ""
4747.703 106.00113 1.204 -3.149 3.464 AX23R125
4747.707 106.00113 1.946 -2.94 3.464 AX12Q285
4747.707 21.0 4.193 -3.29 "" ""
4747.74 20.0 5.041 -2.56 "" ""
4747.749 106.00113 1.204 -4.847 3.464 AX23Q125
4747.751 106.00112 1.954 -5.344 3.464 AX12P295
4747.784 112.00124 0.485 -0.769 1.340 32R214b24
4747.806 112.00124 0.485 -0.757 1.340 32R114b24
4747.811 20.0 4.529 -2.58 "" ""
4747.844 106.00112 1.954 -2.94 3.464 AX12Q285
4747.858 112.00124 0.485 -2.84 1.340 32Q114b24
4747.901 27.0 4.055 -4.31 "" ""
4747.941 11.0 2.101 -2.39 "" ""
4747.948 106.00113 1.032 -5.322 3.464 AX23R065
4747.978 27.0 4.055 -3.17 "" ""
4747.993 14.0 4.93 -2.02 NIST/D ""
4748.012 26.0 4.603 -3.26 "" ""
4748.093 24.0 3.842 -4.03 "" ""
4748.124 106.00113 1.699 -4.101 3.464 AX34R175
4748.13 106.00112 1.705 -4.101 3.464 AX34R175
4748.132 23.0 2.636 -6.28 "" ""
4748.136 106.00113 1.789 -8.757 3.464 AX45R135
4748.163 21.1 4.875 -2.92 "" ""
4748.176 25.0 4.824 -2.67 "" ""
4748.205 106.00112 1.705 -3.904 3.464 AX34R165
4748.209 24.0 3.011 -4.18 "" ""
4748.221 106.00112 1.705 -5.502 3.464 AX34Q175
4748.265 106.00113 1.699 -3.904 3.464 AX34R165
4748.274 106.00113 1.699 -5.502 3.464 AX34Q175
4748.298 106.00112 1.832 -8.291 3.464 AX45R145
4748.319 106.00113 0.458 -5.7 3.464 AX01R085
4748.319 24.0 2.542 -5.42 "" ""
4748.335 106.00112 2.167 -3.261 3.464 AX34R255
4748.386 26.0 2.452 -8.74 "" ""
4748.386 75.0 2.023 -1.42 "" ""
4748.502 106.00112 2.167 -6.749 3.464 AX34Q255
4748.506 22.0 1.732 -5.95 "" ""
4748.507 23.0 2.038 -0.54 LAWNOHFS ""
4748.569 106.00112 2.167 -3.502 3.464 AX34R245
4748.593 25.0 3.376 -5.86 "" ""
4748.607 25.1 6.128 -3.1 "" ""
4748.73 57.1 0.926 -0.54 LAWNOHFS ""
4748.733 106.00113 1.908 -10.686 3.464 CX05R165
4748.756 106.00113 1.205 -3.148 3.464 AX23R115
4748.774 112.00124 0.19 -1.251 1.340 10R216b24
4748.787 106.00113 0.683 -3.188 3.464 AX01R135
4748.787 23.0 3.054 -2.73 "" ""
4748.796 22.0 2.576 -5.45 "" ""
4748.805 23.0 1.954 -2.97 "" ""
4748.832 106.00112 1.034 -5.343 3.464 AX23R065
4748.836 106.00112 1.208 -3.148 3.464 AX23R115
4748.837 106.00113 1.205 -3.15 3.464 AX23R125
4748.85 27.0 4.146 -2.93 "" ""
4748.863 106.00113 0.458 -5.672 3.464 AX01R085
4748.866 112.00124 0.19 -3.455 1.340 10Q116b24
4748.878 106.00113 1.205 -4.826 3.464 AX23Q125
4748.891 106.00113 0.683 -3.175 3.464 AX01R145
4748.9 25.1 6.107 -4.96 "" ""
4748.934 24.0 2.543 -5.64 "" ""
4748.963 106.00113 0.683 -5.062 3.464 AX01Q145
4748.968 21.0 1.994 -1.95 "" ""
4748.973 106.00112 2.166 -2.047 3.464 AX55P215
4748.996 106.00112 1.208 -3.149 3.464 AX23R125
4749.01 26.0 4.792 -2.88 "" ""
4749.011 106.00112 2.166 -4.27 3.464 AX55Q205
4749.022 75.0 1.761 -2.06 "" ""
4749.035 106.00112 1.208 -4.846 3.464 AX23Q125
4749.102 20.0 4.677 -2.88 "" ""
4749.109 106.00112 2.166 -1.997 3.464 AX55P205
4749.112 25.1 6.181 -2.0 "" ""
4749.125 106.00112 1.035 -5.322 3.464 AX23R065
4749.137 64.0 2.076 0.2 "" ""
4749.181 26.0 4.604 -4.39 "" ""
4749.183 112.00124 0.19 -1.23 1.340 10R116b24
4749.2 90.0 0.966 -1.29 "" ""
4749.209 24.0 3.367 -1.96 "" ""
4749.234 58.1 1.212 -1.26 LAWLER ""
4749.245 106.00113 1.288 -5.448 3.464 BX11P235
4749.253 26.0 4.253 -4.45 "" ""
4749.254 23.1 1.678 -4.21 "" ""
4749.273 106.00113 1.789 -8.717 3.464 AX45R135
4749.277 24.0 4.201 -1.58 "" ""
4749.297 23.1 2.274 -3.07 "" ""
4749.322 27.0 0.581 -5.28 "" ""
4749.336 106.00112 0.459 -5.699 3.464 AX01R085
4749.347 27.0 4.046 -2.27 "" ""
4749.404 42.0 3.185 -1.84 "" ""
4749.409 112.00124 0.216 -2.796 1.340 21R107b24
4749.412 27.0 2.868 -3.97 "" ""
4749.485 27.0 3.407 -2.05 LAWNHFS ""
4749.508 58.1 1.581 -1.0 "" ""
4749.55 22.1 5.634 -2.39 "" ""
4749.56 60.1 0.559 -1.55 "" ""
4749.593 26.0 1.607 -4.43 "" ""
4749.619 24.0 4.614 -3.89 "" ""
4749.651 26.0 4.151 -1.83 "" ""
4749.669 27.0 3.051 -0.32 "" ""
4749.673 106.00112 2.165 -6.143 3.464 AX45R215
4749.701 41.0 1.428 -0.66 "" ""
4749.703 74.0 2.42 -0.84 "" ""
4749.733 112.00124 0.051 -3.137 1.340 10R108b24
4749.736 106.00112 2.165 -4.745 3.464 AX44P245
4749.748 60.0 0.456 0.13 "" ""
4749.762 27.0 4.146 -2.98 "" ""
4749.767 106.00112 0.686 -3.188 3.464 AX01R135
4749.769 23.0 2.364 -2.4 "" ""
4749.776 24.1 6.6 -2.62 "" ""
4749.8 27.0 4.046 -1.79 "" ""
4749.856 106.00113 1.651 -3.761 3.464 AX34R155
4749.872 106.00112 0.686 -3.175 3.464 AX01R145
4749.888 106.00112 0.46 -5.672 3.464 AX01R085
4749.92 27.0 4.022 -2.05 "" ""
4749.926 22.0 2.304 -4.02 "" ""
4749.931 20.0 4.677 -3.51 "" ""
4749.935 106.00113 1.651 -3.901 3.464 AX34R165
4749.948 106.00112 0.686 -5.062 3.464 AX01Q145
4749.948 26.0 4.555 -1.34 "" ""
4749.96 106.00112 1.199 -2.235 3.464 BX12Q175
4749.961 24.0 3.365 -1.97 "" ""
4749.965 106.00112 1.199 -5.864 3.464 BX12P185
4749.971 90.0 1.005 -1.34 "" ""
4749.977 106.00113 1.651 -5.422 3.464 AX34Q165
4750.01 106.00112 1.209 -3.148 3.464 AX23R115
4750.02 60.1 0.204 -2.09 LAWLER ""
4750.05 106.00112 1.199 -5.877 3.464 BX12R175
4750.055 106.00112 1.199 -2.298 3.464 BX12Q185
4750.085 106.00113 2.096 -3.499 3.464 AX34R245
4750.088 106.00112 1.209 -3.15 3.464 AX23R125
4750.116 112.00124 0.467 -0.939 1.340 32R213b24
4750.117 42.0 3.39 -1.71 "" ""
4750.128 106.00112 1.209 -4.826 3.464 AX23Q125
4750.186 112.00124 0.467 -2.892 1.340 32Q113b24
4750.218 112.00124 0.32 -1.039 1.340 21R214b24
4750.229 106.00113 1.341 -5.614 3.464 AX34R075
4750.238 106.00112 1.656 -3.76 3.464 AX34R155
4750.272 106.00113 0.908 -3.077 3.464 AX12R115
4750.288 106.00112 1.656 -3.901 3.464 AX34R165
4750.297 112.00124 0.32 -3.094 1.340 21Q114b24
4750.369 106.00112 1.656 -5.422 3.464 AX34Q165
4750.388 106.00113 2.096 -8.126 3.464 AX34Q245
4750.39 42.0 2.521 -0.92 "" ""
4750.41 112.00124 0.467 -0.915 1.340 32R113b24
4750.421 57.0 1.229 -0.43 "" ""
4750.433 106.00113 0.684 -3.188 3.464 AX01R135
4750.436 106.00113 0.908 -3.066 3.464 AX12R125
4750.442 106.00113 0.684 -3.176 3.464 AX01R145
4750.46 106.00113 2.096 -3.801 3.464 AX34R235
4750.465 26.1 6.798 -4.05 "" ""
4750.479 106.00113 0.908 -4.818 3.464 AX12Q125
4750.515 106.00113 0.684 -5.04 3.464 AX01Q145
4750.52 25.1 5.516 -5.47 "" ""
4750.541 112.00124 0.375 -2.581 1.340 32R106b24
4750.588 22.0 2.29 -3.5 "" ""
4750.588 22.0 3.407 -3.61 "" ""
4750.596 106.00113 1.341 -5.59 3.464 AX34R075
4750.644 112.00124 0.32 -1.015 1.340 21R114b24
4750.666 22.0 3.332 -3.64 "" ""
