wavelength species excitation loggf disassociation_energy comment
3759.384 106.00113 0.679 -6.404 3.464 CX02R035
3759.392 106.00113 1.077 -4.655 3.464 AX53P085
3759.461 106.00113 1.55 -6.949 3.464 CX35Q035
3759.464 26.1 4.734 -2.16 "" ""
3759.482 29.0 5.501 -1.38 "" ""
3759.491 23.0 1.217 -2.88 "" ""
3759.496 106.00113 1.078 -4.711 3.464 AX53P075
3759.501 106.00113 0.992 -6.917 3.464 AX42P135
3759.508 28.0 3.477 -2.35 "" ""
3759.511 106.00113 1.55 -4.72 3.464 CX35R035
3759.535 23.0 1.847 -3.81 "" ""
3759.55 106.00113 1.078 -6.333 3.464 AX53Q075
3759.553 41.0 0.049 -1.35 "" ""
3759.554 25.0 2.886 -3.58 "" ""
3759.581 26.0 3.428 -1.58 "" ""
3759.593 106.00113 0.835 -8.087 3.464 CX02P105
3759.605 27.0 3.527 -7.65 "" ""
3759.605 42.0 3.3 -0.57 "" ""
3759.663 106.00113 1.013 -7.126 3.464 AX31P195
3759.671 106.00113 0.835 -5.421 3.464 CX02Q095
3759.682 106.00112 0.988 -5.993 3.464 CX13Q035
3759.684 27.0 2.54 -1.37 LAWNHFS ""
3759.698 106.00112 0.988 -7.843 3.464 CX13P035
3759.71 24.0 3.011 -4.43 "" ""
3759.713 106.00113 1.078 -4.655 3.464 AX53P085
3759.74 73.0 0.0 -2.37 "" ""
3759.758 26.0 4.151 -2.46 "" ""
3759.765 106.00112 0.978 -8.317 3.464 CX13R015
3759.768 25.0 4.255 -1.44 "" ""
3759.771 23.0 1.852 -1.74 "" ""
3759.774 106.00112 1.265 -5.897 3.464 CX24Q015
3759.777 106.00112 0.978 -6.311 3.464 CX13Q015
3759.782 106.00112 1.265 -7.181 3.464 CX24P015
3759.785 42.0 2.494 -2.08 "" ""
3759.79 60.1 0.63 -0.45 LAWLER ""
3759.8 106.00113 0.835 -5.388 3.464 CX02Q105
3759.837 44.0 0.927 -0.5 "" ""
3759.878 106.00113 0.835 -8.899 3.464 CX02R095
3759.88 22.0 2.693 -2.4 "" ""
3759.892 106.00112 0.995 -6.876 3.464 AX42P135
3759.897 23.0 2.614 -1.02 "" ""
3759.904 25.0 5.108 -3.34 "" ""
3759.966 24.0 3.32 -3.94 "" ""
3759.979 64.0 0.0 -1.25 "" ""
3759.998 106.00112 0.27 -8.209 3.464 AX10R125
3760.015 44.0 0.385 -0.61 "" ""
3760.018 42.0 3.3 -1.17 "" ""
3760.031 23.0 2.676 -6.6 "" ""
3760.032 24.0 3.319 -2.88 "" ""
3760.05 26.0 2.402 -0.85 "" ""
3760.05 62.1 0.378 -0.94 LAWLER ""
3760.058 27.0 3.168 -4.17 "" ""
3760.123 74.0 0.412 -1.32 "" ""
3760.132 42.0 2.678 -1.52 "" ""
3760.139 106.00113 0.967 -6.752 3.464 CX13Q005
3760.192 73.0 1.209 -1.83 "" ""
3760.206 23.1051 1.686 -3.946 LAWLER ""
3760.211 23.1051 1.686 -2.732 LAWLER ""
3760.211 23.1051 1.686 -3.541 LAWLER ""
3760.215 23.1051 1.686 -2.527 LAWLER ""
3760.215 23.1051 1.686 -3.33 LAWLER ""
3760.217 23.1051 1.686 -1.803 LAWLER ""
3760.218 23.1051 1.686 -2.461 LAWLER ""
3760.218 23.1051 1.686 -3.221 LAWLER ""
3760.22 23.1051 1.686 -1.924 LAWLER ""
3760.221 23.1051 1.686 -2.465 LAWLER ""
3760.221 23.1051 1.686 -3.199 LAWLER ""
3760.223 23.1051 1.686 -2.06 LAWLER ""
3760.223 23.1051 1.686 -2.526 LAWLER ""
3760.224 23.1051 1.686 -3.309 LAWLER ""
3760.225 23.1051 1.686 -2.216 LAWLER ""
3760.225 23.1051 1.686 -2.648 LAWLER ""
3760.226 23.1051 1.686 -2.401 LAWLER ""
3760.226 23.1051 1.686 -2.831 LAWLER ""
3760.227 23.1051 1.686 -2.635 LAWLER ""
3760.227 23.1051 1.686 -2.977 LAWLER ""
3760.272 90.1 0.0 -2.45 "" ""
3760.279 106.00112 1.378 -4.797 3.464 AX42Q215
3760.284 24.0 3.011 -3.14 "" ""
3760.299 106.00112 1.378 -7.254 3.464 AX42R205
3760.315 22.0 2.406 -3.67 "" ""
3760.317 23.0 2.262 -2.82 "" ""
3760.327 23.1 2.542 -2.21 "" ""
3760.351 106.00112 1.378 -6.289 3.464 AX42P215
3760.371 106.00112 1.378 -4.5 3.464 AX42Q205
3760.38 23.1 6.104 -1.11 "" ""
3760.402 27.0 1.739 -1.93 LAWNHFS ""
3760.402 45.0 0.701 -0.75 "" ""
3760.403 58.1 0.32 -1.53 LAWLER ""
3760.467 64.0 0.937 -0.03 "" ""
3760.531 106.00112 0.979 -6.117 3.464 CX13Q025
3760.532 26.0 2.221 -1.29 "" ""
3760.542 106.00112 0.979 -7.686 3.464 CX13P025
3760.585 106.00113 1.065 -7.645 3.464 AX20P245
3760.622 23.0 1.217 -1.63 "" ""
3760.629 22.0 2.425 -3.36 "" ""
3760.632 26.0 3.692 -3.48 "" ""
3760.635 41.0 1.393 -0.95 "" ""
3760.636 25.0 5.345 -1.99 "" ""
3760.674 24.0 4.204 -3.32 "" ""
3760.7 58.1 0.553 -0.97 "" ""
3760.71 62.1 0.184 -0.4 LAWLER ""
3760.71 64.1 0.427 -0.59 LAWLER ""
3760.769 106.00112 0.27 -8.169 3.464 AX10R125
3760.786 106.00112 1.02 -7.183 3.464 AX31P195
3760.789 23.0 1.349 -4.91 "" ""
3760.795 106.00113 1.261 -5.853 3.464 CX24P015
3760.815 23.0 1.847 -2.19 "" ""
3760.85 106.00112 1.071 -7.645 3.464 AX20P245
3760.869 106.00112 1.263 -6.355 3.464 CX24Q005
3760.876 42.0 3.221 -0.39 "" ""
3760.887 92.1 0.0 -1.4 "" ""
3760.898 106.00112 0.996 -6.917 3.464 AX42P135
3760.91 24.0 3.373 -3.8 "" ""
3760.911 27.0 4.055 -4.03 "" ""
3760.929 64.1 0.425 -0.87 "" ""
3760.976 25.1 4.82 -5.79 "" ""
3760.994 22.0 1.872 -4.81 "" ""
3761.034 25.0 3.856 -1.27 "" ""
3761.063 26.0 3.366 -2.51 "" ""
3761.066 106.00112 0.681 -6.543 3.464 CX02R025
3761.085 23.0 2.573 -0.25 "" ""
3761.095 41.0 1.368 -0.32 "" ""
3761.102 90.1 1.547 -0.78 "" ""
3761.116 63.1 1.319 -0.83 "" ""
3761.164 24.1 5.315 -2.25 "" ""
3761.19 23.1 2.542 -2.5 "" ""
3761.216 106.00112 0.973 -6.307 3.464 CX13Q015
3761.223 106.00112 0.973 -7.377 3.464 CX13P015
3761.239 6.0 7.475 -4.74 "" ""
3761.299 23.0 2.893 -1.57 "" ""
3761.321 22.1 0.573 0.18 LAWLER ""
3761.33 69.1 0.0 -0.28 LAWLER ""
3761.365 23.0 2.876 -2.06 "" ""
3761.388 26.0 4.151 -4.32 "" ""
3761.409 26.0 2.586 -1.9 "" ""
3761.419 24.0 3.842 -1.41 "" ""
3761.419 25.1 5.544 -4.72 "" ""
3761.434 23.0 1.892 -1.15 "" ""
3761.469 90.0 1.215 -0.39 "" ""
3761.505 106.00113 0.268 -8.209 3.464 AX10R125
3761.507 44.0 1.697 -0.02 "" ""
3761.537 22.0 2.295 -7.11 "" ""
3761.566 60.1 1.374 0.15 "" ""
3761.571 106.00112 0.681 -6.403 3.464 CX02R035
3761.582 106.00113 1.015 -7.183 3.464 AX31P195
3761.593 25.0 3.761 -5.6 "" ""
3761.597 106.00112 0.681 -8.884 3.464 CX02Q035
3761.61 74.0 2.351 -0.78 "" ""
3761.62 25.0 4.709 -1.24 "" ""
3761.647 25.0 5.334 -1.5 "" ""
3761.65 106.00112 1.555 -4.923 3.464 CX35R025
3761.664 24.1 2.704 -2.51 "" ""
3761.694 20.0 1.886 -3.64 LAWLER ""
3761.717 26.0 3.981 -1.79 "" ""
3761.73 27.0 3.051 -3.82 "" ""
3761.753 42.0 2.521 -1.07 "" ""
3761.808 106.00112 0.838 -8.898 3.464 CX02R095
3761.851 24.1 2.704 -2.51 "" ""
3761.855 15.1 9.51 -1.96 "" ""
3761.858 26.0 3.957 -2.56 "" ""
3761.859 21.0 2.138 -4.15 "" ""
3761.867 106.00112 0.838 -5.421 3.464 CX02Q095
3761.868 38.1 6.602 -0.94 "" ""
3761.872 22.1 2.588 -0.42 LAWLER ""
3761.889 24.1 2.704 -2.89 "" ""
3761.91 69.1 0.0 -0.43 LAWLER ""
3761.933 23.1 6.141 -2.5 "" ""
3761.97 106.00112 0.838 -5.387 3.464 CX02Q105
3761.974 22.0 1.732 -4.23 "" ""
3761.988 68.0 0.889 0.34 "" ""
3762.028 106.00112 0.838 -8.087 3.464 CX02P105
3762.053 42.0 2.985 -1.25 "" ""
3762.058 106.00113 1.541 -5.227 3.464 CX35R015
3762.069 106.00112 1.556 -4.72 3.464 CX35R035
3762.094 106.00112 1.556 -6.949 3.464 CX35Q035
3762.095 42.0 2.678 -1.24 "" ""
3762.104 73.0 1.357 -1.38 "" ""
3762.11 60.1 0.559 -0.87 "" ""
3762.116 92.1 0.217 -1.36 "" ""
3762.154 26.0 3.414 -3.69 "" ""
3762.159 23.0 2.377 -2.45 "" ""
3762.204 26.0 3.366 -1.18 "" ""
3762.213 64.0 0.124 -0.3 "" ""
3762.226 20.0 2.707 -3.03 "" ""
3762.247 6.0 7.482 -4.25 "" ""
3762.254 22.0 2.295 -5.78 "" ""
3762.267 106.00113 0.269 -8.169 3.464 AX10R125
3762.275 25.0 3.761 -7.27 "" ""
3762.295 26.0 3.394 -2.5 "" ""
3762.303 68.1 0.886 -1.65 LAWLER ""
3762.314 21.0 2.606 -3.33 "" ""
3762.321 27.0 3.051 -5.67 "" ""
3762.36 27.0 3.229 -5.06 "" ""
3762.436 24.0 2.542 -5.65 "" ""
3762.508 72.1 3.949 0.62 "" ""
3762.545 22.0 2.394 -4.1 "" ""
3762.553 25.0 4.191 -3.52 "" ""
3762.557 106.00112 0.97 -6.751 3.464 CX13Q005
3762.584 23.1 5.791 -2.1 "" ""
3762.59 62.1 0.248 -0.85 LAWLER ""
3762.594 106.00113 0.97 -6.111 3.464 CX13P015
3762.629 24.0 2.985 -1.74 "" ""
3762.638 28.0 2.738 -1.66 "" ""
3762.679 106.00113 1.542 -6.736 3.464 CX35Q025
3762.684 26.0 3.412 -4.6 "" ""
3762.69 66.1 1.17 -1.42 LAWLER ""
3762.697 24.0 4.204 -1.8 "" ""
3762.712 20.0 5.736 -6.07 "" ""
3762.714 106.00113 0.803 -8.055 3.464 CX02P095
3762.718 106.00113 1.542 -4.912 3.464 CX35R025
3762.743 25.0 4.426 -1.26 "" ""
3762.744 26.0 4.151 -3.54 "" ""
3762.747 106.00113 0.804 -5.461 3.464 CX02Q085
3762.75 26.0 4.1 -3.58 "" ""
3762.834 22.0 2.295 -5.67 "" ""
3762.881 90.1 0.764 -0.69 "" ""
3762.893 26.1 5.952 -1.55 "" ""
3762.899 106.00113 0.803 -5.422 3.464 CX02Q095
3762.932 106.00113 0.804 -8.805 3.464 CX02R085
3762.933 90.0 0.457 -0.13 "" ""
3762.949 20.0 5.737 -3.48 "" ""
3762.973 58.1 0.909 -0.21 BIEMONT ""
3763.0 64.1 0.24 -1.37 LAWLER ""
3763.028 24.0 4.532 -2.19 "" ""
3763.077 22.0 2.133 -2.92 "" ""
3763.137 23.0 1.929 -0.37 LAWNOHFS ""
3763.213 106.00113 1.266 -5.827 3.464 CX24P015
3763.225 26.0 3.015 -4.7 "" ""
3763.235 106.00113 1.266 -9.45 3.464 CX24Q015
3763.264 92.0 0.868 0.48 "" ""
3763.3 22.0 1.748 -4.34 "" ""
3763.322 90.1 2.084 -0.39 "" ""
3763.328 24.1 6.798 -4.43 "" ""
3763.33 64.1 0.427 -1.09 LAWLER ""
3763.34 23.1 6.857 -3.75 "" ""
3763.345 106.00112 1.265 -5.852 3.464 CX24P015
3763.345 24.0 4.528 -2.83 "" ""
3763.349 42.0 1.469 -1.62 "" ""
3763.367 22.0 0.0 -3.43 LAWLER ""
3763.367 25.0 2.951 -1.48 "" ""
3763.398 23.1 2.554 -3.7 "" ""
3763.431 106.00112 1.483 -6.514 3.464 AX53R185
3763.452 21.0 1.968 -3.87 "" ""
3763.47 28.0 3.594 -4.85 "" ""
3763.47 60.1 0.204 -0.43 LAWLER ""
3763.489 41.0 0.019 -0.83 "" ""
3763.496 24.0 3.814 -3.32 "" ""
3763.496 26.1 4.476 -3.71 "" ""
3763.566 26.0 2.482 -3.5 "" ""
3763.567 106.00113 0.669 -6.786 3.464 CX02R015
3763.602 74.1 2.353 -2.21 "" ""
3763.604 58.1 0.529 -0.93 LAWLER ""
3763.626 106.00113 1.534 -5.698 3.464 CX35R005
3763.65 26.0 3.015 -6.44 "" ""
3763.675 25.0 4.357 -2.58 "" ""
3763.73 25.1 5.102 -1.36 "" ""
3763.765 24.0 2.985 -1.79 "" ""
3763.789 26.0 0.989 -0.22 OBR91 ""
3763.809 22.0 2.115 -3.56 "" ""
3763.813 20.0 4.128 -3.71 "" ""
3763.897 106.00113 1.266 -5.848 3.464 CX24P025
3763.911 23.1 6.019 -0.89 "" ""
3763.976 76.1 2.138 -2.5 Quinet06 ""
3764.005 42.0 3.209 -1.1 "" ""
3764.006 23.0 1.954 -4.69 "" ""
3764.068 20.0 4.76 -1.62 "" ""
3764.105 26.1 2.581 -3.06 "" ""
3764.114 41.0 0.019 -1.41 "" ""
3764.115 58.1 0.357 -0.26 LAWLER ""
3764.127 23.0 2.576 -0.97 "" ""
3764.203 64.1 1.373 0.17 "" ""
3764.208 26.0 2.196 -1.67 "" ""
3764.237 23.1 2.555 -3.42 "" ""
3764.305 74.0 2.456 -0.24 "" ""
3764.31 106.00113 0.669 -8.605 3.464 CX02Q025
3764.333 22.0 0.812 -9.2 "" ""
3764.341 23.0 2.676 -1.94 "" ""
3764.37 62.1 0.333 -0.55 LAWLER ""
3764.375 106.00113 0.669 -6.54 3.464 CX02R025
3764.386 40.0 0.0 -0.9 "" ""
3764.475 23.0 1.944 -2.77 "" ""
3764.511 24.0 4.204 -2.55 "" ""
3764.537 106.00113 1.568 -7.251 3.464 AX20Q305
3764.562 106.00113 1.568 -4.215 3.464 AX20P315
3764.57 23.0 1.871 -3.31 "" ""
3764.598 106.00112 1.172 -9.294 3.464 AX53R105
3764.598 24.0 4.204 -2.55 "" ""
3764.601 106.00112 1.172 -4.665 3.464 AX53Q105
3764.604 64.1 1.25 -0.32 "" ""
3764.606 28.0 3.844 -2.28 "" ""
3764.613 21.0 4.501 -3.41 "" ""
3764.646 106.00112 1.547 -5.227 3.464 CX35R015
3764.653 23.1 5.792 -3.63 "" ""
3764.655 20.0 2.707 -8.61 "" ""
3764.701 106.00113 1.568 -4.217 3.464 AX20P305
3764.709 20.0 2.707 -7.28 "" ""
3764.736 106.00112 1.172 -4.792 3.464 AX53Q115
3764.74 106.00112 1.172 -6.174 3.464 AX53P115
3764.839 29.0 5.519 -1.76 "" ""
3764.847 106.00112 1.484 -6.461 3.464 AX53R185
3764.855 25.1 5.103 -2.66 "" ""
3764.905 23.1 6.096 -3.9 "" ""
3764.916 106.00112 0.806 -8.804 3.464 CX02R085
3764.939 106.00112 1.034 -6.914 3.464 AX53P055
3764.97 106.00112 0.806 -5.461 3.464 CX02Q085
3764.977 21.0 2.144 -3.24 "" ""
3764.983 28.0 3.633 -4.03 "" ""
3764.993 106.00113 1.204 -4.795 3.464 AX53Q115
3764.996 106.00113 0.975 -6.093 3.464 CX13P015
3765.0 106.00113 1.204 -7.872 3.464 AX53R115
3765.022 106.00113 0.975 -9.251 3.464 CX13Q015
3765.031 42.0 2.068 -1.74 "" ""
3765.044 58.1 0.56 -0.64 BIEMONT ""
3765.045 72.0 2.258 0.04 "" ""
3765.046 106.00112 0.973 -6.11 3.464 CX13P015
3765.05 27.0 3.168 -6.01 "" ""
3765.068 41.0 0.0 -1.08 "" ""
3765.075 45.0 0.705 -0.38 "" ""
3765.078 22.0 1.501 -4.88 "" ""
3765.098 106.00112 0.806 -5.421 3.464 CX02Q095
3765.113 23.0 1.852 -5.12 "" ""
3765.114 106.00113 1.204 -6.258 3.464 AX53P125
3765.121 106.00113 1.204 -5.003 3.464 AX53Q125
3765.144 22.0 2.159 -3.27 "" ""
3765.15 106.00112 1.034 -6.932 3.464 AX53P055
3765.152 106.00112 0.806 -8.055 3.464 CX02P095
3765.218 42.0 2.075 -1.33 "" ""
3765.229 106.00112 1.173 -9.308 3.464 AX53R105
3765.233 106.00112 1.173 -4.665 3.464 AX53Q105
3765.24 90.0 1.09 -0.17 "" ""
3765.244 106.00113 1.376 -4.253 3.464 AX53R155
3765.293 106.00112 1.547 -4.911 3.464 CX35R025
3765.3 106.00113 1.376 -4.011 3.464 AX53R165
3765.308 27.0 3.512 -2.58 "" ""
3765.312 106.00112 1.547 -6.736 3.464 CX35Q025
3765.32 106.00112 1.173 -4.793 3.464 AX53Q115
3765.324 106.00112 1.173 -6.162 3.464 AX53P115
3765.324 106.00113 1.376 -7.388 3.464 AX53Q165
3765.347 27.0 1.709 -2.42 "" ""
3765.348 92.0 0.0 -0.46 "" ""
3765.364 20.0 5.667 -3.05 "" ""
3765.372 60.1 1.88 0.58 "" ""
3765.427 62.1 0.333 -1.48 "" ""
3765.433 25.0 2.918 -5.1 "" ""
3765.467 23.1 6.144 -2.13 "" ""
3765.535 106.00113 0.775 -5.507 3.464 CX02Q075
3765.539 26.0 3.234 0.49 "" ""
3765.55 106.00113 0.775 -8.019 3.464 CX02P085
3765.559 72.0 0.814 -1.39 "" ""
3765.585 24.1 3.104 -2.24 Lawler17 ""
3765.586 24.1 6.8 -4.46 "" ""
3765.601 23.0 1.929 -2.54 "" ""
3765.607 22.0 2.66 -3.67 "" ""
3765.61 23.0 2.636 -2.98 "" ""
3765.627 23.0 2.276 -1.95 "" ""
3765.645 26.0 3.981 -1.62 "" ""
3765.659 26.0 4.14 -1.35 "" ""
3765.677 21.0 2.562 -1.37 "" ""
3765.698 26.0 3.265 -1.26 "" ""
3765.699 106.00113 0.775 -8.71 3.464 CX02R075
3765.706 24.0 3.842 -2.1 "" ""
3765.714 106.00113 0.775 -5.461 3.464 CX02Q085
3765.728 23.0 1.944 -4.53 "" ""
3765.728 28.0 3.737 -2.7 "" ""
3765.729 106.00113 0.976 -6.035 3.464 CX13P025
3765.747 106.00113 1.205 -4.795 3.464 AX53Q115
3765.754 106.00113 1.205 -7.887 3.464 AX53R115
3765.759 106.00112 1.27 -9.449 3.464 CX24Q015
3765.767 106.00112 1.27 -5.826 3.464 CX24P015
3765.822 106.00112 0.671 -6.786 3.464 CX02R015
3765.824 106.00113 1.205 -6.245 3.464 AX53P125
3765.83 106.00113 1.205 -5.004 3.464 AX53Q125
3765.832 42.0 3.315 -1.42 "" ""
3765.851 69.1 2.266 -0.35 "" ""
3765.878 27.1 2.727 -4.27 "" ""
3765.885 25.0 4.329 -3.7 "" ""
3765.887 58.1 0.7 -0.74 BIEMONT ""
3765.906 27.0 3.051 -4.42 "" ""
3765.92 60.1 0.471 -1.18 LAWLER ""
3765.925 106.00112 0.229 -8.516 3.464 AX10R115
3765.926 63.1 1.249 -1.35 "" ""
3766.011 24.0 2.913 -3.94 "" ""
3766.023 106.00112 1.08 -4.71 3.464 AX53P075
3766.034 106.00113 1.536 -6.365 3.464 CX35Q015
3766.05 25.0 3.85 -1.42 "" ""
3766.061 106.00112 1.08 -6.317 3.464 AX53Q075
3766.061 106.00113 1.536 -5.196 3.464 CX35R015
3766.067 25.0 5.083 -2.88 "" ""
3766.085 27.0 3.168 -4.43 "" ""
3766.089 26.0 2.586 -2.14 "" ""
3766.118 20.0 4.128 -5.35 "" ""
3766.136 41.0 0.049 -1.15 "" ""
3766.157 68.1 1.35 -0.35 LAWLER ""
3766.177 106.00112 1.334 -4.523 3.464 AX53R145
3766.214 24.1 6.8 -3.77 "" ""
3766.231 106.00112 1.539 -5.698 3.464 CX35R005
3766.234 106.00112 1.334 -4.246 3.464 AX53R155
3766.257 106.00112 1.081 -4.653 3.464 AX53P085
3766.266 106.00112 1.875 -5.386 3.464 CX02P285
3766.269 106.00113 1.193 -6.58 3.464 AX42Q175
3766.272 106.00112 1.334 -8.351 3.464 AX53Q155
3766.278 23.0 1.375 -2.68 "" ""
3766.292 26.0 3.249 -3.46 "" ""
3766.301 76.0 1.41 -1.39 "" ""
3766.313 106.00113 1.193 -4.073 3.464 AX42P175
3766.327 106.00112 1.875 -10.957 3.464 CX02Q275
3766.342 27.0 3.25 -8.45 "" ""
3766.343 106.00113 1.193 -4.066 3.464 AX42P185
3766.362 23.0 2.294 -1.36 "" ""
3766.375 25.1 6.828 -3.2 "" ""
3766.378 106.00112 1.081 -4.71 3.464 AX53P075
3766.397 23.0 1.852 -1.27 "" ""
3766.416 106.00112 1.081 -6.331 3.464 AX53Q075
3766.439 106.00112 1.875 -5.247 3.464 CX02P275
3766.442 22.0 1.052 -1.46 LAWLER ""
3766.47 106.00112 1.271 -5.847 3.464 CX24P025
3766.48 75.0 1.811 -0.89 "" ""
3766.494 27.0 3.051 -3.99 "" ""
3766.499 106.00113 1.275 -5.837 3.464 CX24P025
3766.503 58.1 0.459 -0.94 LAWLER ""
3766.535 106.00113 1.275 -10.454 3.464 CX24Q025
3766.558 25.0 4.329 -3.39 "" ""
3766.563 106.00113 1.377 -4.011 3.464 AX53R165
3766.563 106.00113 1.377 -4.253 3.464 AX53R155
3766.577 106.00112 1.081 -4.653 3.464 AX53P085
3766.583 106.00112 0.229 -8.479 3.464 AX10R115
3766.585 106.00113 1.377 -7.361 3.464 AX53Q165
3766.585 60.1 1.36 0.46 "" ""
3766.601 106.00112 0.672 -6.539 3.464 CX02R025
3766.621 106.00112 0.672 -8.604 3.464 CX02Q025
3766.637 24.1 3.105 -2.98 Lawler17 ""
3766.659 106.00113 0.661 -7.221 3.464 CX02R005
3766.659 26.0 3.036 -1.21 "" ""
3766.681 58.1 0.445 -1.37 LAWLER ""
3766.753 106.00113 1.266 -6.815 3.464 CX24P015
3766.763 22.0 2.235 -6.81 "" ""
3766.792 27.0 3.25 -4.56 "" ""
3766.815 40.1 0.409 -0.83 Ljung06 ""
3766.823 25.1 5.105 -4.22 "" ""
3766.829 25.1 6.489 -3.74 "" ""
3766.854 26.0 4.14 -1.28 "" ""
3766.886 92.0 0.552 0.28 "" ""
3766.888 22.0 2.173 -3.78 "" ""
3766.908 40.0 1.529 0.61 "" ""
3766.91 72.1 2.495 0.34 "" ""
3766.915 62.0 0.498 -0.9 "" ""
3766.941 106.00113 1.275 -5.807 3.464 CX24P035
3766.977 24.0 4.532 -3.67 "" ""
3767.04 64.1 0.425 -0.44 LAWLER ""
3767.077 23.0 1.858 -0.62 "" ""
3767.192 26.0 1.01 -0.38 OBR91 ""
3767.198 24.1 3.105 -2.76 Lawler17 ""
3767.25 23.0 1.05 -1.79 LAWNOHFS ""
3767.257 23.1 2.52 -1.32 "" ""
3767.264 106.00112 1.335 -4.246 3.464 AX53R155
3767.27 106.00112 1.335 -4.523 3.464 AX53R145
3767.303 106.00112 1.335 -8.326 3.464 AX53Q155
3767.348 23.0 2.676 -3.1 "" ""
3767.35 44.0 1.697 -0.02 "" ""
3767.36 62.1 0.484 -0.7 LAWLER ""
3767.404 22.0 2.091 -5.64 "" ""
3767.417 106.00113 0.227 -8.516 3.464 AX10R115
3767.425 24.0 2.542 -1.48 "" ""
3767.439 27.0 3.565 -2.16 "" ""
3767.444 106.00112 0.978 -9.25 3.464 CX13Q015
3767.451 106.00112 0.978 -6.092 3.464 CX13P015
3767.497 25.1 5.414 -2.06 "" ""
3767.51 25.1 6.9 -1.3 "" ""
3767.51 65.1 0.714 -0.3 LAWNOHFS ""
3767.526 28.0 0.109 -3.65 "" ""
3767.529 106.00113 1.435 -6.815 3.464 AX42R215
3767.53 26.0 4.14 -1.89 "" ""
3767.547 24.0 2.985 -2.06 "" ""
3767.579 106.00113 1.435 -5.479 3.464 AX42Q225
3767.593 26.0 4.14 -1.2 "" ""
3767.596 106.00113 1.435 -4.8 3.464 AX42Q215
3767.622 20.0 2.707 -1.71 "" ""
3767.628 66.0 1.055 0.81 "" ""
3767.636 26.0 4.14 -0.47 "" ""
3767.645 106.00113 1.435 -6.409 3.464 AX42P225
3767.678 24.0 2.542 -2.35 "" ""
3767.688 25.0 4.265 -0.63 "" ""
3767.704 23.1 2.497 -1.35 LAWNOHFS ""
3767.709 25.1 6.489 -2.07 "" ""
3767.719 26.0 3.639 -3.49 "" ""
3767.727 22.0 0.812 -5.55 "" ""
3767.732 106.00113 1.105 -4.641 3.464 AX53P085
3767.733 106.00112 0.778 -8.709 3.464 CX02R075
3767.77 62.1 0.184 -0.91 LAWLER ""
3767.773 106.00113 1.105 -6.416 3.464 AX53Q085
3767.782 106.00112 0.778 -5.507 3.464 CX02Q075
3767.798 106.00113 1.194 -4.066 3.464 AX42P185
3767.8 20.0 2.707 -5.27 "" ""
3767.803 106.00113 1.194 -6.61 3.464 AX42Q175
3767.805 27.0 4.061 -2.97 "" ""
3767.812 20.0 2.707 -6.76 "" ""
3767.835 74.0 2.386 -0.32 "" ""
3767.843 106.00113 1.194 -4.073 3.464 AX42P175
3767.876 25.0 4.265 -1.56 "" ""
3767.879 40.1 0.71 -1.75 Ljung06 ""
3767.91 62.1 0.434 -1.5 LAWLER ""
3767.916 40.1 0.709 -1.85 "" ""
3767.941 106.00112 0.778 -5.461 3.464 CX02Q085
3767.943 25.1 6.387 -2.03 "" ""
3767.944 106.00113 1.105 -4.599 3.464 AX53P095
3767.964 24.0 4.385 -4.2 "" ""
3767.98 24.0 3.847 -3.04 "" ""
3767.989 106.00112 0.778 -8.019 3.464 CX02P085
3767.998 58.1 1.041 -0.67 "" ""
3768.004 24.0 2.543 -2.46 "" ""
3768.016 27.0 3.25 -5.49 "" ""
3768.026 106.00113 0.749 -5.562 3.464 CX02Q065
3768.027 26.0 2.221 -1.75 "" ""
3768.042 24.0 2.543 -1.0 "" ""
3768.065 24.0 2.543 -0.87 "" ""
3768.067 106.00113 0.228 -8.479 3.464 AX10R115
3768.097 106.00113 0.749 -7.978 3.464 CX02P075
3768.104 24.0 2.543 -1.46 "" ""
3768.106 24.0 2.542 -5.09 "" ""
3768.127 22.0 2.675 -3.44 "" ""
3768.128 23.0 2.113 -5.25 "" ""
3768.138 76.0 1.411 -2.57 Quinet06 ""
3768.153 25.0 4.432 -2.1 "" ""
3768.17 106.00113 0.749 -8.612 3.464 CX02R065
3768.171 106.00113 1.105 -4.64 3.464 AX53P085
3768.175 25.0 4.329 -0.74 "" ""
3768.203 106.00112 0.979 -6.034 3.464 CX13P025
3768.213 106.00113 1.105 -6.432 3.464 AX53Q085
3768.227 106.00113 0.984 -6.028 3.464 CX13P025
3768.227 106.00113 1.572 -4.216 3.464 AX20P315
3768.238 24.0 2.542 -0.29 SOBECK ""
3768.24 106.00113 0.749 -5.508 3.464 CX02Q075
3768.253 72.0 1.302 -0.61 "" ""
3768.271 106.00113 0.984 -10.516 3.464 CX13Q025
3768.312 106.00113 1.572 -7.298 3.464 AX20Q305
3768.35 106.00113 1.105 -4.6 3.464 AX53P095
3768.386 25.0 4.723 -4.05 "" ""
3768.4 64.1 0.078 0.21 LAWLER ""
3768.433 106.00113 1.572 -4.217 3.464 AX20P305
3768.441 24.0 3.844 -1.31 "" ""
3768.445 74.0 0.207 -1.4 "" ""
3768.486 22.0 0.812 -5.57 "" ""
3768.49 24.1 2.541 -4.62 "" ""
3768.591 22.0 1.738 -4.41 "" ""
3768.6 24.0 2.542 -1.09 "" ""
3768.616 42.0 2.513 -1.28 "" ""
3768.654 106.00112 1.542 -5.195 3.464 CX35R015
3768.663 23.0 1.71 -2.06 "" ""
3768.665 106.00113 1.053 -6.916 3.464 AX53P065
3768.669 106.00112 1.542 -6.364 3.464 CX35Q015
3768.673 77.0 1.466 -1.6 "" ""
3768.678 106.00112 1.197 -6.58 3.464 AX42Q175
3768.7 15.1 9.516 -1.55 "" ""
3768.704 106.00113 0.985 -5.931 3.464 CX13P035
3768.706 26.0 3.926 -1.76 "" ""
3768.723 23.0 1.847 -2.23 "" ""
3768.726 106.00112 1.197 -4.073 3.464 AX42P175
3768.733 24.0 2.542 -0.92 SOBECK ""
3768.734 42.0 3.44 -0.26 "" ""
3768.756 28.0 3.895 -2.68 "" ""
3768.757 106.00112 1.197 -4.065 3.464 AX42P185
3768.773 58.1 1.041 -0.03 BIEMONT ""
3768.778 23.1 6.876 -0.35 "" ""
3768.788 68.1 0.891 -1.21 LAWLER ""
3768.795 106.00113 0.975 -7.124 3.464 CX13P015
3768.795 92.1 0.717 -0.69 "" ""
3768.939 106.00113 1.053 -6.937 3.464 AX53P065
3768.945 106.00112 0.663 -7.22 3.464 CX02R005
3768.987 24.0 2.543 -1.64 "" ""
3768.99 26.1 5.819 -4.04 "" ""
3769.002 25.0 4.432 -1.07 "" ""
3769.011 68.1 0.886 -1.9 LAWLER ""
3769.02 27.0 3.189 -4.73 "" ""
3769.036 58.1 0.6 -0.79 BIEMONT ""
3769.05 25.1 7.376 -1.94 "" ""
3769.052 22.0 2.493 -1.71 "" ""
3769.052 58.1 0.175 -1.49 LAWLER ""
3769.062 106.00112 1.279 -10.453 3.464 CX24Q025
3769.073 23.0 1.71 -0.87 "" ""
3769.076 106.00112 1.279 -5.837 3.464 CX24P025
3769.11 25.0 5.345 -0.26 "" ""
3769.112 42.0 2.521 -1.83 "" ""
3769.137 106.00113 0.663 -8.144 3.464 CX02Q015
3769.146 27.0 2.716 -3.94 "" ""
3769.146 41.0 0.142 -1.14 "" ""
3769.183 106.00113 0.663 -6.775 3.464 CX02R015
3769.206 74.0 1.855 -0.61 "" ""
3769.31 24.1 2.542 -3.56 "" ""
3769.312 106.00112 1.27 -6.814 3.464 CX24P015
3769.323 25.0 3.768 -5.13 "" ""
3769.34 60.1 0.182 -1.46 LAWLER ""
