wavelength species excitation loggf disassociation_energy comment
4669.628 42.0 3.736 -1.24 "" ""
4669.64 62.1 0.277 -0.53 LAWLER ""
4669.664 24.0 3.09 -2.47 "" ""
4669.728 23.1 6.681 -1.72 "" ""
4669.859 25.1 6.489 -4.42 "" ""
4669.863 41.0 1.368 -1.53 "" ""
4669.932 106.00113 1.08 -3.191 3.464 AX01R215
4669.951 106.00112 0.641 -5.927 3.464 AX01R135
4669.961 26.0 4.792 -3.69 "" ""
4669.975 44.0 0.927 -1.76 "" ""
4669.984 90.0 1.021 -0.93 "" ""
4670.07 106.00113 1.08 -5.257 3.464 AX01Q215
4670.091 24.0 4.437 -1.95 "" ""
4670.094 106.00113 1.08 -3.18 3.464 AX01R205
4670.098 58.1 0.902 -1.18 LAWLER ""
4670.099 106.00112 0.912 -5.712 3.464 AX12R125
4670.139 20.0 5.041 -3.87 "" ""
4670.182 26.1 2.583 -4.09 MELBAR ""
4670.247 25.1 6.489 -4.85 "" ""
4670.289 22.1 5.424 -4.81 "" ""
4670.332 106.00113 1.204 -5.795 3.464 AX23R125
4670.339 24.0 4.444 -3.29 "" ""
4670.39 106.00112 1.085 -3.191 3.464 AX01R215
4670.395 106.00112 1.848 -4.48 3.464 AX23R245
4670.396 22.0 3.321 -3.95 "" ""
4670.399 21.1045 1.357 -1.2 LAWHFS ""
4670.4 24.1 5.867 -2.38 "" ""
4670.402 21.1045 1.357 -1.37 LAWHFS ""
4670.405 21.1045 1.357 -1.58 LAWHFS ""
4670.407 21.1045 1.357 -1.85 LAWHFS ""
4670.408 21.1045 1.357 -1.94 LAWHFS ""
4670.41 21.1045 1.357 -1.76 LAWHFS ""
4670.41 21.1045 1.357 -2.27 LAWHFS ""
4670.411 21.1045 1.357 -1.73 LAWHFS ""
4670.412 21.1045 1.357 -1.79 LAWHFS ""
4670.413 21.1045 1.357 -1.97 LAWHFS ""
4670.415 21.1045 1.357 -2.05 LAWHFS ""
4670.416 21.1045 1.357 -2.14 LAWHFS ""
4670.416 21.1045 1.357 -2.29 LAWHFS ""
4670.416 21.1045 1.357 -2.52 LAWHFS ""
4670.416 21.1045 1.357 -2.94 LAWHFS ""
4670.419 42.0 3.154 -1.52 "" ""
4670.47 23.0 2.682 -5.67 "" ""
4670.482 23.0 1.08 -0.83 LAWNOHFS ""
4670.505 106.00112 1.848 -5.685 3.464 AX23Q245
4670.522 106.00113 1.707 -3.822 3.464 AX23R225
4670.524 21.0 3.17 -2.58 "" ""
4670.538 106.00112 1.085 -5.257 3.464 AX01Q215
4670.56 60.1 0.064 -1.28 LAWLER ""
4670.563 106.00112 1.848 -4.069 3.464 AX23R235
4670.569 106.00112 1.085 -3.179 3.464 AX01R205
4670.609 23.0 2.573 -2.82 "" ""
4670.625 23.0 1.217 -5.5 "" ""
4670.626 106.00113 1.707 -3.654 3.464 AX23R215
4670.627 58.1 1.041 -1.75 LAWLER ""
4670.64 25.0 4.682 -2.94 "" ""
4670.69 106.00113 1.707 -5.489 3.464 AX23Q225
4670.69 62.1 0.543 -1.59 LAWLER ""
4670.725 58.1 0.674 -1.0 LAWLER ""
4670.736 23.0 1.954 -3.24 "" ""
4670.737 26.0 3.544 -9.6 "" ""
4670.743 23.1 1.678 -4.3 "" ""
4670.749 25.0 4.682 -2.73 "" ""
4670.756 62.0 0.185 -0.04 "" ""
4670.826 62.0 0.185 -0.04 "" ""
4670.882 20.0 5.927 -1.89 "" ""
4670.896 58.0 0.41 -0.34 "" ""
4670.904 27.0 2.868 -3.45 "" ""
4670.912 106.00113 2.196 -2.415 3.464 AX51R355
4670.963 106.00113 1.607 -6.479 3.464 AX34R155
4670.963 106.00113 1.697 -9.914 3.464 CX04P165
4671.014 106.00112 1.612 -6.479 3.464 AX34R155
4671.037 27.0 4.237 -3.45 "" ""
4671.084 60.0 0.14 -0.54 "" ""
4671.179 106.00112 1.208 -5.794 3.464 AX23R125
4671.201 21.0 2.336 -0.73 "" ""
4671.212 25.1 6.489 -4.29 "" ""
4671.293 22.0 2.115 -4.0 "" ""
4671.354 24.1 5.658 -2.01 "" ""
4671.395 58.1 0.896 -1.53 LAWLER ""
4671.397 92.1 0.568 -1.57 "" ""
4671.43 106.00113 1.205 -5.756 3.464 AX23R125
4671.48 106.00112 1.78 -4.068 3.464 AX23R235
4671.503 106.00112 1.78 -3.822 3.464 AX23R225
4671.545 106.00113 2.053 -4.062 3.464 AX55Q185
4671.589 106.00112 1.78 -5.595 3.464 AX23Q235
4671.59 106.00113 2.053 -1.943 3.464 AX55P185
4671.611 106.00113 2.053 -1.966 3.464 AX55P195
4671.649 25.0055 2.886 -2.235 LAWHFS ""
4671.657 106.00113 1.97 -4.623 3.464 AX44P215
4671.657 25.0055 2.886 -3.153 LAWHFS ""
4671.663 25.0055 2.886 -4.371 LAWHFS ""
4671.667 25.0055 2.886 -2.375 LAWHFS ""
4671.673 25.0055 2.886 -2.977 LAWHFS ""
4671.678 25.0055 2.886 -4.019 LAWHFS ""
4671.681 25.0055 2.886 -2.533 LAWHFS ""
4671.686 25.0055 2.886 -2.951 LAWHFS ""
4671.689 25.0055 2.886 -3.893 LAWHFS ""
4671.692 25.0055 2.886 -2.717 LAWHFS ""
4671.696 25.0055 2.886 -3.018 LAWHFS ""
4671.698 25.0055 2.886 -3.973 LAWHFS ""
4671.7 25.0055 2.886 -2.939 LAWHFS ""
4671.702 25.0055 2.886 -3.194 LAWHFS ""
4671.704 25.0055 2.886 -3.224 LAWHFS ""
4671.731 23.0 1.868 -2.69 "" ""
4671.803 57.1 1.954 -0.47 "" ""
4671.808 106.00112 1.754 -9.945 3.464 CX04P175
4671.858 106.00113 1.34 -10.048 3.464 CX04P065
4671.895 42.0 2.644 -0.74 "" ""
4671.98 21.1 4.832 -2.7 "" ""
4671.989 69.1 3.253 -0.02 "" ""
4671.996 26.0 4.14 -3.13 "" ""
4672.001 20.0 2.933 -3.77 LAWLER ""
4672.034 106.00113 1.309 -3.162 3.464 AX12R205
4672.051 26.0 4.792 -3.03 "" ""
4672.061 106.00113 1.309 -3.132 3.464 AX12R195
4672.087 59.1 0.216 -0.63 "" ""
4672.094 41.0 0.348 -0.54 "" ""
4672.146 20.0 4.765 -4.66 "" ""
4672.155 106.00113 1.309 -5.153 3.464 AX12Q205
4672.159 25.1 6.49 -3.37 "" ""
4672.236 106.00112 1.209 -5.756 3.464 AX23R125
4672.295 20.0 2.933 -5.84 LAWLER ""
4672.35 106.00113 0.992 -2.431 3.464 BX12P135
4672.386 25.0 4.422 -3.44 "" ""
4672.415 106.00113 0.992 -6.854 3.464 BX12Q135
4672.54 106.00112 1.092 -2.158 3.464 BX12Q155
4672.576 106.00112 1.092 -5.666 3.464 BX12P165
4672.579 106.00113 0.992 -2.417 3.464 BX12P145
4672.584 106.00112 1.314 -3.162 3.464 AX12R205
4672.602 106.00112 1.314 -3.131 3.464 AX12R195
4672.618 106.00112 1.092 -5.647 3.464 BX12R155
4672.654 106.00112 1.092 -2.183 3.464 BX12Q165
4672.708 106.00112 1.314 -5.153 3.464 AX12Q205
4672.742 24.0 4.141 -0.71 "" ""
4672.794 20.0 5.041 -4.43 "" ""
4672.83 26.0 1.607 -4.24 "" ""
4672.887 27.0 4.146 -3.39 "" ""
4672.891 106.00112 2.009 -3.988 3.464 AX55Q175
4672.896 26.0 4.73 -4.36 "" ""
4672.931 24.0 4.452 -2.38 "" ""
4672.959 106.00112 2.009 -1.927 3.464 AX55P175
4672.983 106.00112 2.009 -1.94 3.464 AX55P185
4673.029 42.0 2.274 -2.44 "" ""
4673.078 26.0 2.69 -5.18 "" ""
4673.128 24.0 4.189 -0.5 "" ""
4673.158 68.0 0.0 -0.96 "" ""
4673.164 26.0 3.651 -0.98 "" ""
4673.18 112.00124 0.486 -3.372 1.340 21R121b24
4673.211 26.0 4.431 -2.76 "" ""
4673.216 106.00113 1.288 -5.557 3.464 BX01P235
4673.271 26.0 3.651 -1.25 "" ""
4673.413 21.0 1.952 -3.49 "" ""
4673.432 22.0 2.343 -2.11 LAWLER ""
4673.482 106.00112 1.324 -10.062 3.464 CX04P055
4673.583 41.0 2.234 -0.68 "" ""
4673.6 66.1 2.11 -0.69 LAWLER ""
4673.615 56.0 1.189 -0.97 "" ""
4673.647 23.0 2.372 -1.61 LAWNOHFS ""
4673.661 90.0 0.355 -1.41 "" ""
4673.779 26.0 4.577 -3.95 "" ""
4673.783 106.00113 2.054 -1.966 3.464 AX55P195
4673.794 112.00124 0.645 -2.795 1.340 32R121b24
4673.823 106.00113 2.054 -4.094 3.464 AX55Q185
4673.865 106.00113 2.054 -1.944 3.464 AX55P185
4673.959 60.0 0.293 -0.44 "" ""
4673.972 21.0 3.099 -2.83 "" ""
4674.066 23.0 0.275 -5.78 "" ""
4674.079 24.0 4.189 -1.39 "" ""
4674.128 27.0 4.11 -3.47 "" ""
4674.155 106.00113 1.709 -3.823 3.464 AX23R225
4674.293 106.00113 1.709 -5.454 3.464 AX23Q225
4674.352 106.00113 1.709 -3.654 3.464 AX23R215
4674.418 27.0 4.229 -4.31 "" ""
4674.484 58.0 0.206 -0.31 "" ""
4674.59 62.1 0.184 -0.56 LAWLER ""
4674.629 106.00113 1.972 -4.684 3.464 AX44P215
4674.648 26.0 1.556 -4.79 "" ""
4674.654 44.0 1.46 -1.45 "" ""
4674.674 106.00113 1.31 -3.162 3.464 AX12R205
4674.697 22.0 3.125 -3.83 "" ""
4674.732 106.00112 1.782 -4.068 3.464 AX23R235
4674.751 28.0 3.633 -1.83 "" ""
4674.78 29.0 5.149 -0.81 "" ""
4674.795 106.00113 1.31 -5.122 3.464 AX12Q205
4674.836 106.00113 1.311 -3.132 3.464 AX12R195
4674.842 106.00112 1.782 -5.558 3.464 AX23Q235
4674.849 39.0 0.066 -0.46 "" ""
4674.871 20.0 5.014 -4.46 "" ""
4674.888 112.00124 0.319 -3.645 1.340 10R121b24
4674.891 106.00112 1.782 -3.822 3.464 AX23R225
4674.91 24.1 6.573 -4.75 "" ""
4674.932 20.0 5.979 -3.74 "" ""
4674.939 20.0 4.76 -3.31 "" ""
4674.982 106.00112 2.01 -1.94 3.464 AX55P185
4674.985 106.00112 2.01 -4.018 3.464 AX55Q175
4675.019 28.0 3.462 -3.57 "" ""
4675.022 45.0 0.705 -1.78 "" ""
4675.05 20.0 5.979 -3.59 "" ""
4675.054 106.00112 2.01 -1.927 3.464 AX55P175
4675.094 26.0 4.1 -1.81 "" ""
4675.101 24.0 3.102 -3.42 "" ""
4675.117 22.0 1.066 -1.29 LAWLER ""
4675.197 22.0 0.899 -4.2 "" ""
4675.264 25.0 5.13 -3.01 "" ""
4675.292 106.00112 1.316 -3.162 3.464 AX12R205
4675.301 23.0 2.576 -2.61 "" ""
4675.321 69.0 1.892 -0.18 "" ""
4675.376 26.0 4.383 -2.93 "" ""
4675.378 41.0 0.267 -0.69 "" ""
4675.417 106.00112 1.316 -5.121 3.464 AX12Q205
4675.437 106.00112 1.316 -3.132 3.464 AX12R195
4675.459 23.0 2.563 -5.11 "" ""
4675.517 60.0 0.456 -0.35 "" ""
4675.589 28.0 3.603 -1.74 "" ""
4675.618 68.1 1.322 -0.05 "" ""
4675.662 25.1 5.811 -6.27 "" ""
4675.697 106.00113 1.65 -9.896 3.464 CX04P155
4675.78 24.0 4.141 -2.04 "" ""
4675.783 24.0 3.008 -6.48 "" ""
4675.825 106.00113 2.192 -3.383 3.464 AX01Q355
4675.964 22.1 5.881 -4.25 "" ""
4676.055 90.0 1.29 -0.55 "" ""
4676.087 25.0 4.675 -3.47 "" ""
4676.126 106.00112 1.872 -4.58 3.464 AX55P145
4676.152 24.0 4.436 -3.87 "" ""
4676.238 106.00112 2.165 -4.406 3.464 AX55R205
4676.244 23.0 2.614 -6.8 "" ""
4676.266 21.0 1.447 -4.98 "" ""
4676.309 106.00112 2.165 -1.855 3.464 AX55Q215
4676.331 24.0 3.553 -1.59 "" ""
4676.342 106.00112 2.165 -1.771 3.464 AX55Q205
4676.413 106.00112 2.165 -4.197 3.464 AX55P215
4676.427 106.00113 1.363 -10.024 3.464 CX04P075
4676.453 106.00112 0.995 -2.43 3.464 BX12P135
4676.517 106.00112 0.995 -6.854 3.464 BX12Q135
4676.52 26.0 4.442 -3.06 "" ""
4676.524 22.0 2.675 -1.91 "" ""
4676.565 20.0 5.045 -4.23 "" ""
4676.622 74.0 2.42 -0.84 "" ""
4676.684 106.00112 0.995 -2.416 3.464 BX12P145
4676.692 6.0 7.482 -4.14 "" ""
4676.71 27.0 3.527 -1.81 "" ""
4676.716 106.00112 1.716 -3.821 3.464 AX23R225
4676.732 106.00112 1.716 -3.653 3.464 AX23R215
4676.802 22.0 3.282 -3.04 "" ""
4676.823 106.00112 1.716 -5.488 3.464 AX23Q225
4676.9 62.1 0.04 -0.87 LAWLER ""
4676.935 23.0 1.217 -6.78 "" ""
4676.94 24.0 3.553 -1.89 "" ""
4676.953 22.0 2.504 -1.37 LAWLER ""
4676.964 106.00112 2.281 -8.119 3.464 CX05R235
4677.131 106.00112 2.281 -11.34 3.464 CX05Q235
4677.185 106.00112 2.281 -7.789 3.464 CX05R225
4677.199 24.0 4.443 -2.2 "" ""
4677.231 27.0 0.629 -4.45 "" ""
4677.4 26.0 4.214 -2.63 "" ""
4677.485 22.0 3.059 0.06 "" ""
4677.485 24.0 4.437 -4.46 "" ""
4677.506 27.0 0.581 -4.33 "" ""
4677.574 27.0 2.784 -8.82 "" ""
4677.588 26.0 4.151 -2.28 "" ""
4677.603 24.0 2.965 -3.68 "" ""
4677.637 22.0 3.291 -2.89 "" ""
4677.651 106.00112 1.704 -9.913 3.464 CX04P165
4677.667 106.00112 1.873 -4.622 3.464 AX55P145
4677.688 74.0 2.456 -0.73 "" ""
4677.721 106.00113 1.646 -3.653 3.464 AX23R215
4677.743 23.0 2.606 -3.94 "" ""
4677.805 106.00113 1.646 -3.529 3.464 AX23R205
4677.809 106.00113 2.193 -7.953 3.464 AX01R345
4677.861 69.1 0.029 -2.75 "" ""
4677.878 106.00113 1.646 -5.398 3.464 AX23Q215
4678.051 23.0 2.573 -3.12 "" ""
4678.057 106.00113 1.563 -6.368 3.464 AX34R145
4678.089 25.0 5.21 -3.41 "" ""
4678.091 59.1141 0.508 -4.347 LI/LAW ""
4678.092 59.1141 0.508 -4.201 LI/LAW ""
4678.095 59.1141 0.508 -4.288 LI/LAW ""
4678.099 59.1141 0.508 -4.616 LI/LAW ""
4678.11 59.1141 0.508 -3.129 LI/LAW ""
4678.116 59.1141 0.508 -2.939 LI/LAW ""
4678.123 59.1141 0.508 -2.46 LI/LAW ""
4678.124 59.1141 0.508 -2.885 LI/LAW ""
4678.134 59.1141 0.508 -2.927 LI/LAW ""
4678.135 59.1141 0.508 -2.351 LI/LAW ""
4678.145 59.1141 0.508 -3.117 LI/LAW ""
4678.148 59.1141 0.508 -2.242 LI/LAW ""
4678.149 48.0 3.731 -0.97 "" ""
4678.163 59.1141 0.508 -2.137 LI/LAW ""
4678.172 22.0 3.389 -2.88 "" ""
4678.18 59.1141 0.508 -2.038 LI/LAW ""
4678.199 59.1141 0.508 -1.945 LI/LAW ""
4678.202 42.0 3.031 -2.05 "" ""
4678.247 64.0 2.048 0.46 "" ""
4678.314 22.0 3.389 -3.0 "" ""
4678.356 39.0 2.372 -0.11 "" ""
4678.369 106.00112 1.568 -6.368 3.464 AX34R145
4678.41 26.0 3.414 -3.73 "" ""
4678.43 112.00124 0.459 -3.338 1.340 21R120b24
4678.456 27.0 4.256 -3.1 "" ""
4678.467 41.0 1.042 -1.35 "" ""
4678.572 112.00124 0.619 -3.199 1.340 32R120b24
4678.6 58.1 0.721 -1.51 LAWLER ""
4678.744 28.0 4.534 -3.36 "" ""
4678.784 106.00113 1.013 -3.179 3.464 AX01R205
4678.817 106.00113 1.013 -3.171 3.464 AX01R195
4678.846 24.0 4.444 -2.77 "" ""
4678.846 26.0 3.6 -0.68 DEN14 ""
4678.889 106.00112 2.166 -1.855 3.464 AX55Q215
4678.914 106.00113 1.013 -5.258 3.464 AX01Q205
4678.916 24.1 4.14 -4.9 "" ""
4678.926 106.00112 2.166 -4.431 3.464 AX55R205
4678.959 106.00113 1.91 -4.621 3.464 AX55P155
4678.992 106.00112 2.166 -4.174 3.464 AX55P215
4679.029 106.00112 2.166 -1.771 3.464 AX55Q205
4679.039 74.0 2.265 -1.22 "" ""
4679.06 66.1 2.11 0.0 LAWLER ""
4679.061 68.1 1.535 -0.42 "" ""
4679.07 26.0 3.571 -9.51 "" ""
4679.073 106.00112 1.344 -10.047 3.464 CX04P065
4679.08 59.1 0.629 -0.98 LINOHFS ""
4679.159 28.1 6.984 -1.75 "" ""
4679.181 64.0 1.547 0.45 "" ""
4679.218 26.0 4.555 -1.11 "" ""
4679.226 26.0 3.249 -5.01 "" ""
4679.227 20.0 5.045 -4.95 "" ""
4679.233 26.0 3.366 -2.14 "" ""
4679.304 106.00112 1.018 -3.179 3.464 AX01R205
4679.319 21.0 3.099 -2.65 "" ""
4679.323 24.0 4.096 -3.04 "" ""
4679.334 106.00112 1.018 -3.171 3.464 AX01R195
4679.353 106.00113 1.564 -6.324 3.464 AX34R145
4679.412 58.1 0.495 -1.95 LAWLER ""
4679.416 106.00113 1.605 -9.889 3.464 CX04P145
4679.443 106.00112 1.018 -5.258 3.464 AX01Q205
4679.51 26.0 4.073 -3.15 "" ""
