wavelength species excitation loggf disassociation_energy comment
4714.831 58.1 1.057 -0.6 LAWLER ""
4714.859 27.0 4.055 -4.38 "" ""
4714.886 28.0 3.477 -2.77 "" ""
4714.953 106.00113 2.159 -4.241 3.464 AX55Q205
4714.964 112.00124 0.147 -3.404 1.340 10R114b24
4714.98 106.00112 0.84 -3.166 3.464 AX01R165
4714.983 23.1 1.678 -3.53 "" ""
4715.0 72.1 1.601 -2.64 LAWLER ""
4715.006 106.00113 2.159 -2.052 3.464 AX55P215
4715.008 106.00112 0.84 -3.163 3.464 AX01R175
4715.014 106.00113 2.159 -2.003 3.464 AX55P205
4715.066 23.0 2.073 -2.25 "" ""
4715.092 24.1 5.658 -2.31 "" ""
4715.118 106.00112 0.84 -5.162 3.464 AX01Q175
4715.133 20.0 5.014 -3.33 "" ""
4715.146 23.0 1.711 -4.27 "" ""
4715.168 106.00113 2.096 -4.764 3.464 AX44P235
4715.245 62.1154 0.104 -1.46 Lawler ""
4715.255 62.1152 0.104 -1.46 Lawler ""
4715.257 14.0 4.926 -3.89 "" ""
4715.274 62.1149 0.104 -2.805 Lawler ""
4715.277 62.115 0.104 -1.46 Lawler ""
4715.279 62.1149 0.104 -2.624 Lawler ""
4715.281 62.1147 0.104 -2.805 Lawler ""
4715.282 62.1149 0.104 -2.106 Lawler ""
4715.283 62.1149 0.104 -2.593 Lawler ""
4715.285 62.1149 0.104 -2.398 Lawler ""
4715.287 62.1149 0.104 -2.657 Lawler ""
4715.288 62.1147 0.104 -2.624 Lawler ""
4715.288 62.1149 0.104 -2.804 Lawler ""
4715.29 62.1147 0.104 -2.106 Lawler ""
4715.29 62.1148 0.104 -1.46 Lawler ""
4715.29 62.1149 0.104 -2.856 Lawler ""
4715.291 62.1149 0.104 -3.521 Lawler ""
4715.292 23.0 1.948 -1.58 LAWNOHFS ""
4715.293 62.1147 0.104 -2.593 Lawler ""
4715.293 62.1149 0.104 -2.805 Lawler ""
4715.293 62.1149 0.104 -4.764 Lawler ""
4715.294 62.1149 0.104 -3.111 Lawler ""
4715.295 62.1149 0.104 -2.624 Lawler ""
4715.296 62.1147 0.104 -2.398 Lawler ""
4715.296 62.1149 0.104 -2.593 Lawler ""
4715.297 62.1147 0.104 -2.657 Lawler ""
4715.297 62.1149 0.104 -2.657 Lawler ""
4715.297 62.1149 0.104 -2.856 Lawler ""
4715.299 62.1147 0.104 -2.804 Lawler ""
4715.301 62.1147 0.104 -2.856 Lawler ""
4715.302 22.0 0.048 -2.68 "" ""
4715.302 62.1147 0.104 -3.521 Lawler ""
4715.304 62.1147 0.104 -4.764 Lawler ""
4715.305 62.1147 0.104 -2.805 Lawler ""
4715.305 62.1147 0.104 -3.111 Lawler ""
4715.307 62.1147 0.104 -2.624 Lawler ""
4715.309 62.1147 0.104 -2.593 Lawler ""
4715.309 62.1147 0.104 -2.657 Lawler ""
4715.309 62.1147 0.104 -2.856 Lawler ""
4715.312 62.1144 0.104 -1.46 Lawler ""
4715.382 23.0 3.543 -4.6 "" ""
4715.431 90.1 1.31 -1.81 "" ""
4715.477 23.0 2.255 -4.9 "" ""
4715.519 26.0 3.544 -7.39 "" ""
4715.59 60.1 0.204 -0.9 LAWLER ""
4715.625 112.00124 0.607 -0.891 1.340 21R125b24
4715.669 92.0 1.265 -0.35 "" ""
4715.677 112.00124 0.607 -0.931 1.340 21R225b24
4715.762 28.0 3.541 -0.32 LAWLER ""
4715.772 106.00113 1.376 -3.213 3.464 AX23R155
4715.8 106.00113 1.376 -3.248 3.464 AX23R165
4715.8 112.00124 0.607 -3.111 1.340 21Q125b24
4715.818 41.0 2.065 -0.56 "" ""
4715.837 26.0 4.442 -3.3 "" ""
4715.86 23.0 2.357 -1.44 "" ""
4715.88 26.0 3.637 -6.71 "" ""
4715.885 28.0 4.15 -0.94 "" ""
4715.898 106.00113 1.376 -5.061 3.464 AX23Q165
4715.971 20.0 4.732 -3.77 "" ""
4716.009 24.0 3.889 -3.6 "" ""
4716.027 22.1 5.424 -4.67 "" ""
4716.093 106.00112 1.961 -4.658 3.464 AX55P165
4716.096 62.0 0.387 0.34 "" ""
4716.107 23.1 6.659 -2.5 "" ""
4716.155 20.0 5.041 -2.3 "" ""
4716.158 21.1 0.605 -4.93 "" ""
4716.212 26.1 7.123 -4.35 "" ""
4716.245 21.0 2.292 -0.87 "" ""
4716.35 112.00124 0.301 -3.083 1.340 21R113b24
4716.369 23.0 2.579 -4.43 "" ""
4716.409 26.0 4.412 -3.07 "" ""
4716.412 57.1139 0.772 -1.733 Lawle01HFS ""
4716.418 106.00113 0.837 -3.164 3.464 AX01R175
4716.418 57.1139 0.772 -2.222 Lawle01HFS ""
4716.423 28.0 3.652 -5.36 "" ""
4716.424 57.1139 0.772 -2.921 Lawle01HFS ""
4716.429 112.00124 0.444 -1.13 1.340 10R225b24
4716.433 20.0 5.045 -2.76 "" ""
4716.448 57.1139 0.772 -2.026 Lawle01HFS ""
4716.45 106.00113 0.52 -5.819 3.464 AX01R105
4716.453 57.1139 0.772 -2.106 Lawle01HFS ""
4716.457 57.1139 0.772 -2.481 Lawle01HFS ""
4716.476 57.1139 0.772 -2.481 Lawle01HFS ""
4716.48 57.1139 0.772 -2.226 Lawle01HFS ""
4716.483 57.1139 0.772 -2.21 Lawle01HFS ""
4716.497 106.00113 0.837 -3.166 3.464 AX01R165
4716.511 26.0 2.69 -6.36 "" ""
4716.523 106.00113 0.837 -5.135 3.464 AX01Q175
4716.559 112.00124 0.444 -3.692 1.340 10Q125b24
4716.564 22.0 3.334 -4.04 "" ""
4716.57 64.1 1.371 -1.42 LAWLER ""
4716.643 23.0 1.194 -2.67 "" ""
4716.669 42.0 3.435 -1.28 "" ""
4716.692 71.0 0.0 -2.86 "" ""
4716.743 20.1 7.042 -0.94 "" ""
4716.817 112.00124 0.444 -1.115 1.340 10R125b24
4716.837 26.0 3.249 -3.41 "" ""
4716.844 106.00113 1.216 -5.538 3.464 BX01P225
4716.859 74.0 2.107 -1.47 "" ""
4716.872 26.1 3.889 -8.77 "" ""
4716.992 23.0 1.929 -2.07 "" ""
4717.008 22.0 3.427 -3.14 "" ""
4717.03 21.0045 1.433 -3.54 LAWHFS ""
4717.031 21.0045 1.433 -3.15 LAWHFS ""
4717.031 21.0045 1.433 -3.28 LAWHFS ""
4717.031 21.0045 1.433 -3.57 LAWHFS ""
4717.032 21.0045 1.433 -3.09 LAWHFS ""
4717.033 21.0045 1.433 -3.54 LAWHFS ""
4717.034 21.0045 1.433 -2.89 LAWHFS ""
4717.035 21.0045 1.433 -3.0 LAWHFS ""
4717.036 21.0045 1.433 -3.59 LAWHFS ""
4717.037 21.0045 1.433 -2.7 LAWHFS ""
4717.038 21.0045 1.433 -2.98 LAWHFS ""
4717.039 21.0045 1.433 -3.71 LAWHFS ""
4717.041 21.0045 1.433 -2.53 LAWHFS ""
4717.042 21.0045 1.433 -3.03 LAWHFS ""
4717.044 21.0045 1.433 -3.93 LAWHFS ""
4717.045 21.0045 1.433 -2.39 LAWHFS ""
4717.047 21.0045 1.433 -3.23 LAWHFS ""
4717.049 21.0045 1.433 -4.35 LAWHFS ""
4717.068 62.0 0.0 -0.51 "" ""
4717.081 20.0 4.621 -4.12 "" ""
4717.085 60.1 0.182 -1.6 "" ""
4717.117 23.0 3.543 -4.25 "" ""
4717.158 26.0 2.756 -5.77 "" ""
4717.192 106.00112 0.841 -3.164 3.464 AX01R175
4717.233 26.0 3.069 -4.78 "" ""
4717.26 106.00112 0.522 -5.819 3.464 AX01R105
4717.264 25.1 6.531 -1.86 "" ""
4717.27 106.00113 0.521 -5.786 3.464 AX01R105
4717.279 106.00112 0.841 -3.166 3.464 AX01R165
4717.302 106.00112 0.841 -5.135 3.464 AX01Q175
4717.32 106.00113 1.42 -5.901 3.464 AX34R105
4717.429 25.0 3.761 -4.2 "" ""
4717.445 106.00112 1.381 -3.213 3.464 AX23R155
4717.447 22.0 2.304 -2.96 "" ""
4717.506 106.00112 1.381 -3.248 3.464 AX23R165
4717.509 27.0 3.064 -4.45 "" ""
4717.522 67.0 1.133 -0.17 "" ""
4717.564 23.0 1.929 -5.9 "" ""
4717.576 57.1 2.056 -1.05 "" ""
4717.583 106.00112 1.381 -5.06 3.464 AX23Q165
4717.604 20.0 6.003 -3.54 "" ""
4717.62 106.00113 2.161 -2.052 3.464 AX55P215
4717.627 40.0 0.603 -1.44 "" ""
4717.683 24.0 3.119 -1.75 "" ""
4717.685 106.00113 2.161 -4.276 3.464 AX55Q205
4717.686 23.0 2.113 -0.36 LAWNOHFS ""
4717.73 62.1 0.434 -0.91 LAWLER ""
4717.742 106.00113 2.161 -2.003 3.464 AX55P205
4717.753 112.00124 0.575 -0.896 1.340 21R224b24
4717.773 106.00113 1.377 -3.248 3.464 AX23R165
4717.824 106.00113 1.377 -3.213 3.464 AX23R155
4717.844 42.0 3.387 -1.71 "" ""
4717.859 106.00113 1.377 -5.034 3.464 AX23Q165
4717.863 23.1 2.024 -6.14 "" ""
4717.873 112.00124 0.575 -3.38 1.340 21Q124b24
4717.881 58.1 0.7 -1.14 LAWLER ""
4717.919 42.0 2.497 -0.72 "" ""
4717.986 112.00124 0.575 -0.88 1.340 21R124b24
4718.031 106.00113 1.42 -5.869 3.464 AX34R105
4718.033 106.00112 1.962 -4.705 3.464 AX55P165
4718.092 106.00112 0.523 -5.785 3.464 AX01R105
4718.259 22.0 2.479 -3.21 "" ""
4718.304 26.0 2.69 -5.3 "" ""
4718.34 62.1 0.659 -0.82 LAWLER ""
4718.343 106.00112 1.424 -5.901 3.464 AX34R105
4718.345 24.0 3.382 -3.51 "" ""
4718.366 24.1 6.479 -4.29 "" ""
4718.415 26.0 4.14 -2.4 "" ""
4718.42 24.0 3.193 0.24 SOBECK ""
4718.446 27.0 4.018 -2.33 "" ""
4718.503 26.0 4.206 -4.1 "" ""
4718.509 23.0 2.503 -8.15 "" ""
4718.514 42.0 3.221 -2.15 "" ""
4718.616 90.1 2.467 -0.26 "" ""
4718.62 27.0 2.875 -2.76 "" ""
4718.624 74.0 2.965 -0.62 "" ""
4718.653 62.0 0.387 -1.06 "" ""
4718.692 68.0 2.126 0.38 "" ""
4718.74 22.0 3.407 -3.15 "" ""
4718.742 23.0 2.579 -1.42 "" ""
4718.811 24.0 4.204 -2.5 "" ""
4718.829 106.00112 2.111 -4.139 3.464 AX55Q195
4718.834 21.0 2.294 -1.5 "" ""
4718.858 42.0 3.551 -0.44 "" ""
4718.872 24.0 3.548 -3.71 "" ""
4718.879 106.00112 1.856 -2.915 3.464 AX01Q315
4718.883 23.0 2.053 -1.9 "" ""
4718.883 74.1 3.118 -0.82 "" ""
4718.908 106.00112 2.111 -1.996 3.464 AX55P205
4718.917 106.00112 2.111 -1.962 3.464 AX55P195
4718.98 106.00112 1.856 -6.26 3.464 AX01R305
4719.027 60.0 0.0 0.0 "" ""
4719.04 64.1 0.556 -1.85 LAWLER ""
4719.079 106.00112 1.424 -5.869 3.464 AX34R105
4719.103 106.00112 1.856 -5.4 3.464 AX01P315
4719.108 40.0 1.857 0.05 "" ""
4719.11 26.0 3.299 -2.96 "" ""
4719.11 72.1 1.481 -1.65 LAWLER ""
4719.155 106.00113 2.003 -4.706 3.464 AX55P175
4719.193 58.1 0.708 -2.12 LAWLER ""
4719.205 106.00112 1.856 -2.86 3.464 AX01Q305
4719.219 26.0 4.227 -2.63 "" ""
4719.235 26.0 3.639 -6.07 "" ""
4719.256 24.0 4.413 -4.05 "" ""
4719.269 112.00124 0.45 -2.89 1.340 32R112b24
4719.291 21.0045 2.302 -1.84 LAWHFS ""
4719.291 21.0045 2.302 -1.91 LAWHFS ""
4719.292 21.0045 2.302 -1.87 LAWHFS ""
4719.292 21.0045 2.302 -2.11 LAWHFS ""
4719.294 21.0045 2.302 -2.06 LAWHFS ""
4719.298 21.0045 2.302 -2.36 LAWHFS ""
4719.301 21.0045 2.302 -4.01 LAWHFS ""
4719.304 21.0045 2.302 -2.77 LAWHFS ""
4719.307 21.0045 2.302 -2.11 LAWHFS ""
4719.308 21.0045 2.302 -2.05 LAWHFS ""
4719.314 21.0045 2.302 -1.65 LAWHFS ""
4719.314 21.0045 2.302 -1.91 LAWHFS ""
4719.319 106.00112 1.382 -3.248 3.464 AX23R165
4719.321 21.0045 2.302 -1.36 LAWHFS ""
4719.322 21.0045 2.302 -1.84 LAWHFS ""
4719.33 21.0045 2.302 -1.87 LAWHFS ""
4719.34 21.0045 2.302 -2.06 LAWHFS ""
4719.356 22.0 0.812 -4.78 "" ""
4719.362 106.00112 1.382 -3.213 3.464 AX23R155
4719.378 106.00113 1.953 -10.6 3.464 CX05R175
4719.395 22.0 3.348 -3.82 "" ""
4719.397 106.00112 1.382 -5.034 3.464 AX23Q165
4719.426 27.0 4.11 -3.62 "" ""
4719.493 23.0 2.573 -3.53 "" ""
4719.495 28.0 4.161 -1.54 "" ""
4719.511 22.1 1.242 -3.32 LAWLER ""
4719.554 26.0 4.831 -3.96 "" ""
4719.583 106.00113 1.848 -2.915 3.464 AX01Q315
4719.651 106.00113 1.848 -6.26 3.464 AX01R305
4719.777 106.00113 1.848 -5.4 3.464 AX01P315
4719.827 62.1154 0.04 -1.24 Lawler ""
4719.834 62.1152 0.04 -1.24 Lawler ""
4719.845 106.00113 1.848 -2.86 3.464 AX01Q305
4719.849 20.0 5.045 -4.39 "" ""
4719.85 62.115 0.04 -1.24 Lawler ""
4719.858 62.1149 0.04 -1.24 Lawler ""
4719.864 62.1148 0.04 -1.24 Lawler ""
4719.874 62.1147 0.04 -1.24 Lawler ""
4719.883 62.1144 0.04 -1.24 Lawler ""
4719.919 57.1 1.954 -0.45 "" ""
4719.98 90.1 1.769 -1.17 "" ""
4720.13 62.1 0.543 -1.62 LAWLER ""
4720.143 112.00124 0.411 -1.032 1.340 10R224b24
4720.149 26.1 3.197 -4.48 MELBAR ""
4720.204 23.1 2.024 -5.45 "" ""
4720.226 23.0 2.893 -2.08 "" ""
4720.255 27.0 4.229 -3.38 "" ""
4720.269 112.00124 0.411 -3.472 1.340 10Q124b24
4720.286 24.0 2.965 -5.04 "" ""
4720.351 27.0 4.11 -3.1 "" ""
4720.391 74.0 1.649 -1.92 "" ""
4720.497 112.00124 0.411 -1.016 1.340 10R124b24
4720.518 24.0 4.436 -1.52 "" ""
4720.559 20.0 5.014 -3.57 "" ""
4720.56 26.0 4.206 -2.91 "" ""
4720.691 112.00124 0.544 -0.904 1.340 21R223b24
4720.768 112.00124 0.128 -3.365 1.340 10R113b24
4720.806 21.0045 1.428 -2.2 LAWHFS ""
4720.808 112.00124 0.544 -3.354 1.340 21Q123b24
4720.809 21.0045 1.428 -2.82 LAWHFS ""
4720.812 21.0045 1.428 -3.69 LAWHFS ""
4720.815 21.0045 1.428 -2.41 LAWHFS ""
4720.818 21.0045 1.428 -2.66 LAWHFS ""
4720.82 21.0045 1.428 -3.26 LAWHFS ""
4720.823 21.0045 1.428 -2.7 LAWHFS ""
4720.825 21.0045 1.428 -2.67 LAWHFS ""
4720.826 21.0045 1.428 -3.01 LAWHFS ""
4720.828 21.0045 1.428 -3.14 LAWHFS ""
4720.83 21.0045 1.428 -2.83 LAWHFS ""
4720.831 21.0045 1.428 -2.83 LAWHFS ""
4720.915 44.0 2.006 -1.4 "" ""
4720.917 25.0 3.761 -6.63 "" ""
4720.955 24.0 3.392 -3.17 "" ""
4720.962 26.0 4.151 -2.23 "" ""
4720.982 25.0 4.751 -2.57 "" ""
4720.995 45.0 1.142 -2.34 "" ""
4721.001 26.0 2.988 -2.8 "" ""
4721.009 112.00124 0.544 -0.888 1.340 21R123b24
4721.022 20.1 7.044 -0.78 "" ""
4721.022 20.1 7.044 -2.08 "" ""
4721.051 106.00113 1.038 -3.064 3.464 AX12R145
4721.094 20.0 4.732 -2.44 "" ""
4721.1 25.0 4.751 -3.59 "" ""
4721.126 106.00113 1.038 -3.066 3.464 AX12R155
4721.126 24.0 3.548 -1.96 "" ""
4721.203 106.00113 1.038 -4.944 3.464 AX12Q155
4721.256 106.00113 2.004 -4.755 3.464 AX55P175
4721.276 22.0 3.437 -3.01 "" ""
4721.276 24.0 3.426 -3.32 "" ""
4721.285 23.1 6.16 -2.39 "" ""
4721.287 76.0 3.174 -1.84 Quinet06 ""
4721.305 27.0 0.629 -5.29 "" ""
4721.336 106.00112 2.112 -1.996 3.464 AX55P205
4721.359 25.0 4.604 -2.72 "" ""
4721.364 106.00112 2.112 -4.172 3.464 AX55Q195
4721.39 62.1 0.248 -1.98 LAWLER ""
4721.404 106.00112 1.222 -5.538 3.464 BX01P225
4721.432 22.0 3.152 -3.02 "" ""
4721.452 106.00112 2.112 -1.962 3.464 AX55P195
4721.456 106.00112 1.767 -6.087 3.464 AX01R295
4721.468 64.0 1.494 0.2 "" ""
4721.51 23.0 1.948 -0.78 "" ""
4721.529 106.00112 1.767 -2.861 3.464 AX01Q305
4721.544 27.1 3.116 -7.61 "" ""
4721.571 14.0 4.92 -2.47 NIST/D ""
4721.67 106.00113 1.077 -5.509 3.464 AX23R085
4721.675 106.00112 1.767 -2.819 3.464 AX01Q295
4721.724 106.00113 1.759 -6.087 3.464 AX01R295
4721.748 106.00112 1.767 -5.388 3.464 AX01P305
4721.751 106.00113 1.759 -2.861 3.464 AX01Q305
4721.86 112.00124 0.284 -2.886 1.340 21R112b24
4721.877 24.0 4.437 -2.31 "" ""
4721.914 106.00113 1.759 -2.818 3.464 AX01Q295
4721.925 20.0 4.735 -2.51 "" ""
4721.942 106.00113 1.759 -5.388 3.464 AX01P305
4721.945 106.00113 2.224 -9.85 3.464 AX50P375
4721.948 106.00112 1.042 -3.064 3.464 AX12R145
4722.026 106.00112 1.042 -3.066 3.464 AX12R155
4722.027 26.0 4.383 -3.06 "" ""
4722.08 28.0 4.161 -1.58 "" ""
4722.089 90.0 0.929 -1.25 "" ""
4722.105 106.00112 1.042 -4.944 3.464 AX12Q155
4722.15 30.0 4.03 -0.37 RoedLawl12 ""
4722.172 26.0 4.1 -3.09 "" ""
4722.176 106.00113 1.078 -5.482 3.464 AX23R085
4722.187 24.0 4.189 -1.68 "" ""
4722.205 24.0 4.443 -1.24 "" ""
4722.211 23.0 2.914 -1.59 "" ""
4722.266 27.0 2.925 -5.33 "" ""
4722.274 38.0 1.797 -0.13 "" ""
4722.293 22.0 3.397 -4.05 "" ""
4722.293 58.1 0.559 -1.47 LAWLER ""
4722.536 83.0 1.415 -1.0 "" ""
4722.585 23.0 2.581 -4.09 "" ""
4722.606 22.0 1.052 -1.47 LAWLER ""
4722.616 20.0 5.041 -3.56 "" ""
4722.651 24.0 3.09 -1.94 "" ""
4722.688 20.0 5.485 -2.99 "" ""
4722.695 68.0 0.0 -1.11 "" ""
4722.702 106.00112 1.081 -5.509 3.464 AX23R085
4722.707 20.0 5.045 -2.87 "" ""
4722.717 92.1 0.217 -1.73 "" ""
4722.746 58.1 1.044 -1.34 LAWLER ""
4722.761 24.0 3.365 -1.44 "" ""
4722.786 106.00113 1.039 -3.066 3.464 AX12R155
4722.815 106.00113 1.039 -3.064 3.464 AX12R145
4722.864 106.00113 1.039 -4.92 3.464 AX12Q155
4722.871 23.0 1.954 -0.61 "" ""
4722.878 73.0 0.0 -2.6 "" ""
4722.943 24.0 4.851 -3.29 "" ""
4722.997 28.0 4.15 -1.01 "" ""
4723.008 28.0 4.534 -3.86 "" ""
4723.015 24.0 4.183 -2.39 "" ""
4723.016 24.0 4.204 -2.6 "" ""
4723.053 42.0 4.05 -0.43 "" ""
4723.078 25.0 4.824 -3.29 "" ""
4723.097 22.0 2.576 -4.59 "" ""
4723.097 24.0 3.077 -0.66 "" ""
4723.139 28.0 3.844 -2.83 "" ""
4723.152 24.0 4.204 -0.87 "" ""
4723.163 22.0 1.066 -1.48 LAWLER ""
4723.205 106.00112 1.081 -5.481 3.464 AX23R085
4723.217 21.0 2.606 -1.8 "" ""
4723.23 68.1 0.891 -2.21 LAWLER ""
4723.25 106.00113 1.359 -1.677 3.464 BX11P245
4723.305 42.0 4.313 -0.48 "" ""
4723.321 58.1 0.703 -1.38 LAWLER ""
4723.34 24.1 4.165 -2.71 "" ""
4723.343 26.0 4.792 -3.56 "" ""
4723.345 28.0 3.676 -4.12 "" ""
4723.372 106.00113 1.359 -5.649 3.464 BX11Q245
4723.43 106.00113 1.359 -1.123 3.464 BX11P255
4723.431 23.0 2.038 -1.77 "" ""
4723.438 90.0 0.0 -1.7 "" ""
4723.442 42.0 2.834 -1.91 "" ""
4723.447 24.1 6.6 -4.06 "" ""
4723.457 106.00113 1.087 -2.417 3.464 BX12P155
4723.473 23.0 2.636 -5.58 "" ""
4723.523 27.0 3.927 -2.4 "" ""
4723.534 106.00113 1.087 -6.825 3.464 BX12Q155
4723.538 24.1 6.482 -2.96 "" ""
4723.651 112.00124 0.379 -1.149 1.340 10R223b24
4723.663 106.00113 1.329 -3.185 3.464 AX23R145
4723.673 106.00113 1.087 -2.426 3.464 BX12P165
4723.679 23.0 3.564 -3.07 "" ""
4723.712 106.00112 1.043 -3.066 3.464 AX12R155
4723.717 106.00113 1.329 -3.211 3.464 AX23R155
4723.735 106.00112 1.043 -3.064 3.464 AX12R145
4723.741 24.1 5.315 -4.97 "" ""
4723.752 21.0 4.997 -3.0 "" ""
4723.769 112.00124 0.515 -0.914 1.340 21R222b24
4723.773 112.00124 0.379 -3.644 1.340 10Q123b24
4723.775 20.0 5.957 -5.13 "" ""
4723.784 90.1 0.189 -2.25 "" ""
4723.792 106.00112 1.043 -4.919 3.464 AX12Q155
4723.802 41.0 2.222 -0.5 "" ""
4723.803 106.00113 1.329 -5.005 3.464 AX23Q155
4723.857 26.1 5.565 -4.53 "" ""
4723.879 28.0 3.676 -3.13 "" ""
4723.882 112.00124 0.515 -3.328 1.340 21Q122b24
4723.883 24.0 4.444 -3.12 "" ""
4723.911 23.0 2.136 -2.27 "" ""
4724.034 112.00124 0.379 -1.134 1.340 10R123b24
4724.068 26.1 2.578 -9.1 "" ""
4724.07 24.0 2.985 -3.55 "" ""
4724.124 28.0 4.164 -0.94 "" ""
4724.145 112.00124 0.515 -0.898 1.340 21R122b24
4724.163 106.00112 2.1 -4.697 3.464 AX44P235
4724.259 25.0 3.761 -4.16 "" ""
4724.263 69.0 0.0 -1.95 "" ""
4724.284 23.0 2.576 -2.91 "" ""
4724.31 58.0 0.0 -1.25 "" ""
4724.317 26.0 4.648 -2.94 "" ""
4724.322 24.0 3.407 -3.24 "" ""
4724.36 60.1 0.742 -0.43 LAWLER ""
4724.412 24.0 3.085 -0.73 "" ""
4724.422 57.1 0.772 -1.82 "" ""
4724.461 112.00124 0.434 -2.846 1.340 32R111b24
4724.499 20.0 5.916 -3.62 "" ""
4724.662 22.0 2.173 -1.53 LAWLER ""
4724.772 90.1 1.204 -1.63 "" ""
4724.806 23.0 2.284 -3.85 "" ""
