wavelength species excitation loggf disassociation_energy comment
4664.641 26.0 4.206 -3.96 "" ""
4664.65 59.1 0.422 -0.88 LINOHFS ""
4664.667 66.1 0.538 -1.66 "" ""
4664.682 106.00112 1.222 -1.995 3.464 BX11Q225
4664.7 106.00113 2.192 -2.414 3.464 AX51R355
4664.718 26.0 2.843 -3.49 "" ""
4664.735 106.00112 1.222 -1.406 3.464 BX11Q235
4664.768 26.0 4.47 -4.04 "" ""
4664.775 26.1 2.578 -6.95 "" ""
4664.778 25.0 4.636 -3.61 "" ""
4664.782 24.0 3.123 -0.3 SOBECK ""
4664.792 106.00112 1.222 -4.973 3.464 BX11R225
4664.811 11.0 2.101 -1.55 "" ""
4664.844 26.0 4.555 -2.1 "" ""
4664.97 24.0 3.011 -5.08 "" ""
4664.975 106.00112 1.806 -9.994 3.464 CX04P185
4664.989 22.0 2.576 -5.68 "" ""
4665.0 23.0 1.892 -2.5 "" ""
4665.016 24.0 3.419 -3.19 "" ""
4665.115 27.0 4.146 -3.36 "" ""
4665.12 62.1 0.434 -1.42 LAWLER ""
4665.23 106.00113 1.747 -9.946 3.464 CX04P175
4665.255 26.0 4.383 -2.19 "" ""
4665.278 23.0 2.357 -2.29 "" ""
4665.28 58.1 1.212 -1.0 "" ""
4665.307 23.0 2.129 -6.86 "" ""
4665.32 41.0 1.522 -1.48 "" ""
4665.333 106.00113 1.372 -3.202 3.464 AX12R215
4665.343 106.00113 2.217 -1.983 3.464 AX55Q225
4665.378 42.0 2.474 -2.14 "" ""
4665.417 106.00113 2.217 -4.617 3.464 AX55R215
4665.418 106.00113 2.217 -4.288 3.464 AX55P225
4665.461 106.00113 1.372 -5.167 3.464 AX12Q215
4665.47 23.1 6.096 -3.84 "" ""
4665.491 106.00113 2.217 -1.866 3.464 AX55Q215
4665.511 22.0 2.266 -4.63 "" ""
4665.517 106.00113 1.372 -3.163 3.464 AX12R205
4665.548 28.1 6.851 -1.82 "" ""
4665.549 26.0 4.073 -2.47 "" ""
4665.556 24.0 3.09 -3.26 "" ""
4665.629 23.0 2.553 -4.9 "" ""
4665.747 20.0 5.014 -5.04 "" ""
4665.757 106.00112 2.059 -10.54 3.464 CX05R195
4665.805 26.1 2.702 -4.92 "" ""
4665.829 21.0 2.336 -1.26 "" ""
4665.883 106.00112 1.378 -3.202 3.464 AX12R215
4665.906 24.0 3.553 -0.53 "" ""
4666.005 90.1 0.764 -1.93 "" ""
4666.016 106.00112 1.378 -5.167 3.464 AX12Q215
4666.046 106.00112 1.378 -3.163 3.464 AX12R205
4666.11 26.0 4.309 -2.45 "" ""
4666.117 27.0 4.055 -3.1 "" ""
4666.121 23.0 1.892 -1.25 "" ""
4666.197 24.0 2.965 -0.88 SOBECK ""
4666.207 26.0 3.271 -3.82 "" ""
4666.245 41.0 1.393 -0.49 "" ""
4666.26 106.00113 1.193 -2.648 3.464 BX12R175
4666.271 106.00112 1.085 -5.544 3.464 BX01P205
4666.273 106.00113 1.319 -10.064 3.464 CX04P055
4666.372 106.00113 1.193 -7.045 3.464 BX12Q185
4666.43 64.1 1.371 -1.28 LAWLER ""
4666.438 24.0 4.437 -2.9 "" ""
4666.467 106.00113 1.193 -2.704 3.464 BX12R185
4666.472 23.0 1.71 -3.2 "" ""
4666.48 24.0 3.142 -0.34 SOBECK ""
4666.502 24.0 4.102 -2.13 "" ""
4666.512 24.0 3.553 -0.91 "" ""
4666.535 22.0 3.125 -1.77 "" ""
4666.541 25.0 4.636 -1.98 "" ""
4666.702 69.1 2.945 -0.33 "" ""
4666.713 58.1 0.56 -1.58 LAWLER ""
4666.758 26.1 2.828 -3.28 MELBAR ""
4666.799 90.0 0.788 -1.16 "" ""
4666.85 92.1 0.036 -1.95 "" ""
4666.863 22.0 3.397 -2.65 "" ""
4666.866 106.00112 1.916 -5.519 3.464 AX23R255
4666.876 106.00112 1.306 -10.062 3.464 CX04P045
4666.889 58.1 0.792 -1.97 LAWLER ""
4666.898 106.00113 1.078 -3.191 3.464 AX01R215
4666.931 106.00112 1.846 -4.48 3.464 AX23R245
4666.947 106.00113 1.078 -3.179 3.464 AX01R205
4666.959 106.00112 1.846 -4.069 3.464 AX23R235
4666.964 27.0 4.143 -3.2 "" ""
4666.977 106.00112 1.916 -5.846 3.464 AX23Q255
4666.982 28.0 3.793 -0.99 "" ""
4667.011 22.0 2.675 -3.18 "" ""
4667.035 106.00113 1.078 -5.29 3.464 AX01Q215
4667.041 106.00112 1.846 -5.723 3.464 AX23Q245
4667.042 106.00112 1.916 -4.481 3.464 AX23R245
4667.062 24.0 3.548 -2.19 "" ""
4667.125 40.0 0.622 -1.63 "" ""
4667.145 23.0 2.33 -3.33 "" ""
4667.164 24.0 2.965 -1.25 SOBECK ""
4667.212 24.0 3.553 -1.86 "" ""
4667.221 41.0 0.267 -1.16 "" ""
4667.3 69.1 1.11 -2.64 LAWLER ""
4667.337 106.00112 1.083 -3.191 3.464 AX01R215
4667.363 24.0 3.011 -2.4 "" ""
4667.376 22.0 2.173 -2.78 "" ""
4667.383 106.00112 1.083 -3.179 3.464 AX01R205
4667.447 106.00113 1.772 -4.07 3.464 AX23R235
4667.449 26.0 4.792 -3.6 "" ""
4667.453 26.0 3.6 -0.71 DEN14 ""
4667.465 23.1 6.097 -1.86 "" ""
4667.473 39.0 1.982 -0.2 "" ""
4667.484 106.00112 1.083 -5.29 3.464 AX01Q215
4667.524 22.0 1.045 -2.95 "" ""
4667.585 22.0 0.021 -1.19 "" ""
4667.592 106.00113 1.772 -5.559 3.464 AX23Q235
4667.664 106.00113 1.772 -3.824 3.464 AX23R225
4667.666 26.0 4.412 -3.97 "" ""
4667.714 25.0 4.662 -0.29 "" ""
4667.727 24.0 4.204 -3.04 "" ""
4667.755 28.0 3.703 -1.01 "" ""
4667.86 24.0 4.204 -3.62 "" ""
4667.991 112.00124 0.515 -3.406 1.340 21R122b24
4668.062 26.0 3.684 -1.63 "" ""
4668.118 106.00113 0.638 -5.97 3.464 AX01R135
4668.121 27.0 2.868 -4.2 "" ""
4668.134 26.0 3.263 -1.08 DEN14 ""
4668.139 26.0 4.368 -3.03 "" ""
4668.172 90.0 0.929 -0.76 "" ""
4668.347 22.0 1.052 -2.15 LAWLER ""
4668.393 106.00113 0.908 -5.751 3.464 AX12R125
4668.459 74.0 1.915 -1.44 "" ""
4668.476 47.0 3.775 -1.21 "" ""
4668.54 20.0 5.014 -4.72 "" ""
4668.557 11.0 2.103 -2.25 "" ""
4668.559 11.0 2.103 -1.3 "" ""
4668.598 20.0 4.765 -3.99 "" ""
4668.619 28.0 4.232 -2.33 "" ""
4668.624 106.00112 0.64 -5.969 3.464 AX01R135
4668.697 21.0 1.942 -3.38 "" ""
4668.699 24.0 4.443 -1.72 "" ""
4668.731 24.0 3.373 -3.1 "" ""
4668.763 24.0 4.436 -2.16 "" ""
4668.785 24.0 4.407 -4.06 "" ""
4668.793 23.0 2.121 -4.65 "" ""
4668.793 42.0 3.39 -1.4 "" ""
4668.797 21.0 2.606 -2.02 "" ""
4668.893 57.1 1.781 -0.43 "" ""
4668.895 25.1 6.489 -3.82 "" ""
4668.982 77.0 1.995 -2.0 "" ""
4668.997 106.00112 0.911 -5.751 3.464 AX12R125
4669.039 112.00124 0.672 -3.272 1.340 32R122b24
4669.106 26.1 4.814 -4.59 "" ""
4669.131 44.0 1.837 -1.57 "" ""
4669.139 73.0 1.146 -1.51 "" ""
4669.141 106.00113 2.112 -4.735 3.464 AX33P275
4669.171 26.0 3.651 -1.25 DEN14 ""
4669.176 27.0 4.107 -4.56 "" ""
4669.183 23.0 2.357 -1.68 "" ""
4669.23 22.0 1.738 -2.22 LAWLER ""
4669.242 72.0 1.305 -1.95 "" ""
4669.302 23.0 0.069 -3.49 LAWNOHFS ""
4669.303 112.00124 0.349 -3.676 1.340 10R122b24
4669.317 24.0 3.165 -0.47 SOBECK ""
4669.368 23.0 1.954 -3.73 "" ""
4669.39 62.1 0.104 -0.6 LAWLER ""
4669.427 106.00113 0.639 -5.928 3.464 AX01R135
4669.475 22.0 3.421 -3.59 "" ""
4669.479 106.00113 0.908 -5.712 3.464 AX12R125
4669.495 106.00112 1.611 -6.525 3.464 AX34R155
4669.498 58.1 1.419 -0.3 "" ""
4669.504 106.00113 1.606 -6.525 3.464 AX34R155
4669.586 106.00112 1.222 -5.861 3.464 BX11P225
4669.628 42.0 3.736 -1.24 "" ""
4669.64 62.1 0.277 -0.53 LAWLER ""
4669.664 24.0 3.09 -2.47 "" ""
4669.728 23.1 6.681 -1.72 "" ""
4669.859 25.1 6.489 -4.42 "" ""
4669.863 41.0 1.368 -1.53 "" ""
4669.932 106.00113 1.08 -3.191 3.464 AX01R215
4669.951 106.00112 0.641 -5.927 3.464 AX01R135
4669.961 26.0 4.792 -3.69 "" ""
4669.975 44.0 0.927 -1.76 "" ""
4669.984 90.0 1.021 -0.93 "" ""
4670.07 106.00113 1.08 -5.257 3.464 AX01Q215
4670.091 24.0 4.437 -1.95 "" ""
4670.094 106.00113 1.08 -3.18 3.464 AX01R205
4670.098 58.1 0.902 -1.18 LAWLER ""
4670.099 106.00112 0.912 -5.712 3.464 AX12R125
4670.139 20.0 5.041 -3.87 "" ""
4670.182 26.1 2.583 -4.09 MELBAR ""
4670.247 25.1 6.489 -4.85 "" ""
4670.289 22.1 5.424 -4.81 "" ""
4670.332 106.00113 1.204 -5.795 3.464 AX23R125
4670.339 24.0 4.444 -3.29 "" ""
4670.39 106.00112 1.085 -3.191 3.464 AX01R215
4670.395 106.00112 1.848 -4.48 3.464 AX23R245
4670.396 22.0 3.321 -3.95 "" ""
4670.399 21.1045 1.357 -1.2 LAWHFS ""
4670.4 24.1 5.867 -2.38 "" ""
4670.402 21.1045 1.357 -1.37 LAWHFS ""
4670.405 21.1045 1.357 -1.58 LAWHFS ""
4670.407 21.1045 1.357 -1.85 LAWHFS ""
4670.408 21.1045 1.357 -1.94 LAWHFS ""
4670.41 21.1045 1.357 -1.76 LAWHFS ""
4670.41 21.1045 1.357 -2.27 LAWHFS ""
4670.411 21.1045 1.357 -1.73 LAWHFS ""
4670.412 21.1045 1.357 -1.79 LAWHFS ""
4670.413 21.1045 1.357 -1.97 LAWHFS ""
4670.415 21.1045 1.357 -2.05 LAWHFS ""
4670.416 21.1045 1.357 -2.14 LAWHFS ""
4670.416 21.1045 1.357 -2.29 LAWHFS ""
4670.416 21.1045 1.357 -2.52 LAWHFS ""
4670.416 21.1045 1.357 -2.94 LAWHFS ""
4670.419 42.0 3.154 -1.52 "" ""
4670.47 23.0 2.682 -5.67 "" ""
4670.482 23.0 1.08 -0.83 LAWNOHFS ""
4670.505 106.00112 1.848 -5.685 3.464 AX23Q245
4670.522 106.00113 1.707 -3.822 3.464 AX23R225
4670.524 21.0 3.17 -2.58 "" ""
4670.538 106.00112 1.085 -5.257 3.464 AX01Q215
4670.56 60.1 0.064 -1.28 LAWLER ""
4670.563 106.00112 1.848 -4.069 3.464 AX23R235
4670.569 106.00112 1.085 -3.179 3.464 AX01R205
4670.609 23.0 2.573 -2.82 "" ""
4670.625 23.0 1.217 -5.5 "" ""
4670.626 106.00113 1.707 -3.654 3.464 AX23R215
4670.627 58.1 1.041 -1.75 LAWLER ""
4670.64 25.0 4.682 -2.94 "" ""
4670.69 106.00113 1.707 -5.489 3.464 AX23Q225
4670.69 62.1 0.543 -1.59 LAWLER ""
4670.725 58.1 0.674 -1.0 LAWLER ""
4670.736 23.0 1.954 -3.24 "" ""
4670.737 26.0 3.544 -9.6 "" ""
4670.743 23.1 1.678 -4.3 "" ""
4670.749 25.0 4.682 -2.73 "" ""
4670.756 62.0 0.185 -0.04 "" ""
4670.826 62.0 0.185 -0.04 "" ""
4670.882 20.0 5.927 -1.89 "" ""
4670.896 58.0 0.41 -0.34 "" ""
4670.904 27.0 2.868 -3.45 "" ""
4670.912 106.00113 2.196 -2.415 3.464 AX51R355
4670.963 106.00113 1.607 -6.479 3.464 AX34R155
4670.963 106.00113 1.697 -9.914 3.464 CX04P165
4671.014 106.00112 1.612 -6.479 3.464 AX34R155
4671.037 27.0 4.237 -3.45 "" ""
4671.084 60.0 0.14 -0.54 "" ""
4671.179 106.00112 1.208 -5.794 3.464 AX23R125
4671.201 21.0 2.336 -0.73 "" ""
4671.212 25.1 6.489 -4.29 "" ""
4671.293 22.0 2.115 -4.0 "" ""
4671.354 24.1 5.658 -2.01 "" ""
4671.395 58.1 0.896 -1.53 LAWLER ""
4671.397 92.1 0.568 -1.57 "" ""
4671.43 106.00113 1.205 -5.756 3.464 AX23R125
4671.48 106.00112 1.78 -4.068 3.464 AX23R235
4671.503 106.00112 1.78 -3.822 3.464 AX23R225
4671.545 106.00113 2.053 -4.062 3.464 AX55Q185
4671.589 106.00112 1.78 -5.595 3.464 AX23Q235
4671.59 106.00113 2.053 -1.943 3.464 AX55P185
4671.611 106.00113 2.053 -1.966 3.464 AX55P195
4671.649 25.0055 2.886 -2.235 LAWHFS ""
4671.657 106.00113 1.97 -4.623 3.464 AX44P215
4671.657 25.0055 2.886 -3.153 LAWHFS ""
4671.663 25.0055 2.886 -4.371 LAWHFS ""
4671.667 25.0055 2.886 -2.375 LAWHFS ""
4671.673 25.0055 2.886 -2.977 LAWHFS ""
4671.678 25.0055 2.886 -4.019 LAWHFS ""
4671.681 25.0055 2.886 -2.533 LAWHFS ""
4671.686 25.0055 2.886 -2.951 LAWHFS ""
4671.689 25.0055 2.886 -3.893 LAWHFS ""
4671.692 25.0055 2.886 -2.717 LAWHFS ""
4671.696 25.0055 2.886 -3.018 LAWHFS ""
4671.698 25.0055 2.886 -3.973 LAWHFS ""
4671.7 25.0055 2.886 -2.939 LAWHFS ""
4671.702 25.0055 2.886 -3.194 LAWHFS ""
4671.704 25.0055 2.886 -3.224 LAWHFS ""
4671.731 23.0 1.868 -2.69 "" ""
4671.803 57.1 1.954 -0.47 "" ""
4671.808 106.00112 1.754 -9.945 3.464 CX04P175
4671.858 106.00113 1.34 -10.048 3.464 CX04P065
4671.895 42.0 2.644 -0.74 "" ""
4671.98 21.1 4.832 -2.7 "" ""
4671.989 69.1 3.253 -0.02 "" ""
4671.996 26.0 4.14 -3.13 "" ""
4672.001 20.0 2.933 -3.77 LAWLER ""
4672.034 106.00113 1.309 -3.162 3.464 AX12R205
4672.051 26.0 4.792 -3.03 "" ""
4672.061 106.00113 1.309 -3.132 3.464 AX12R195
4672.087 59.1 0.216 -0.63 "" ""
4672.094 41.0 0.348 -0.54 "" ""
4672.146 20.0 4.765 -4.66 "" ""
4672.155 106.00113 1.309 -5.153 3.464 AX12Q205
4672.159 25.1 6.49 -3.37 "" ""
4672.236 106.00112 1.209 -5.756 3.464 AX23R125
4672.295 20.0 2.933 -5.84 LAWLER ""
4672.35 106.00113 0.992 -2.431 3.464 BX12P135
4672.386 25.0 4.422 -3.44 "" ""
4672.415 106.00113 0.992 -6.854 3.464 BX12Q135
4672.54 106.00112 1.092 -2.158 3.464 BX12Q155
4672.576 106.00112 1.092 -5.666 3.464 BX12P165
4672.579 106.00113 0.992 -2.417 3.464 BX12P145
4672.584 106.00112 1.314 -3.162 3.464 AX12R205
4672.602 106.00112 1.314 -3.131 3.464 AX12R195
4672.618 106.00112 1.092 -5.647 3.464 BX12R155
4672.654 106.00112 1.092 -2.183 3.464 BX12Q165
4672.708 106.00112 1.314 -5.153 3.464 AX12Q205
4672.742 24.0 4.141 -0.71 "" ""
4672.794 20.0 5.041 -4.43 "" ""
4672.83 26.0 1.607 -4.24 "" ""
4672.887 27.0 4.146 -3.39 "" ""
4672.891 106.00112 2.009 -3.988 3.464 AX55Q175
4672.896 26.0 4.73 -4.36 "" ""
4672.931 24.0 4.452 -2.38 "" ""
4672.959 106.00112 2.009 -1.927 3.464 AX55P175
4672.983 106.00112 2.009 -1.94 3.464 AX55P185
4673.029 42.0 2.274 -2.44 "" ""
4673.078 26.0 2.69 -5.18 "" ""
4673.128 24.0 4.189 -0.5 "" ""
4673.158 68.0 0.0 -0.96 "" ""
4673.164 26.0 3.651 -0.98 "" ""
4673.18 112.00124 0.486 -3.372 1.340 21R121b24
4673.211 26.0 4.431 -2.76 "" ""
4673.216 106.00113 1.288 -5.557 3.464 BX01P235
4673.271 26.0 3.651 -1.25 "" ""
4673.413 21.0 1.952 -3.49 "" ""
4673.432 22.0 2.343 -2.11 LAWLER ""
4673.482 106.00112 1.324 -10.062 3.464 CX04P055
4673.583 41.0 2.234 -0.68 "" ""
4673.6 66.1 2.11 -0.69 LAWLER ""
4673.615 56.0 1.189 -0.97 "" ""
4673.647 23.0 2.372 -1.61 LAWNOHFS ""
4673.661 90.0 0.355 -1.41 "" ""
4673.779 26.0 4.577 -3.95 "" ""
4673.783 106.00113 2.054 -1.966 3.464 AX55P195
4673.794 112.00124 0.645 -2.795 1.340 32R121b24
4673.823 106.00113 2.054 -4.094 3.464 AX55Q185
4673.865 106.00113 2.054 -1.944 3.464 AX55P185
4673.959 60.0 0.293 -0.44 "" ""
4673.972 21.0 3.099 -2.83 "" ""
4674.066 23.0 0.275 -5.78 "" ""
4674.079 24.0 4.189 -1.39 "" ""
4674.128 27.0 4.11 -3.47 "" ""
4674.155 106.00113 1.709 -3.823 3.464 AX23R225
4674.293 106.00113 1.709 -5.454 3.464 AX23Q225
4674.352 106.00113 1.709 -3.654 3.464 AX23R215
4674.418 27.0 4.229 -4.31 "" ""
4674.484 58.0 0.206 -0.31 "" ""
4674.59 62.1 0.184 -0.56 LAWLER ""
4674.629 106.00113 1.972 -4.684 3.464 AX44P215
