wavelength species excitation loggf disassociation_energy comment
4130.792 607.01314 1.259 -0.969 7.724 0405Ra0155
4130.807 607.01314 1.673 -1.48 7.724 0607Ra0045
4130.81 27.0 3.684 -3.33 "" ""
4130.821 607.01314 1.259 -0.996 7.724 0405Rb0145
4130.821 607.01314 1.673 -1.569 7.724 0607Rb0035
4130.826 607.01314 1.673 -3.212 7.724 0607Qd0045
4130.838 607.01314 1.259 -3.687 7.724 0405Qd0155
4130.868 58.1 0.739 -0.44 BIEMONT ""
4130.872 106.00113 1.751 -1.146 3.464 AX00R325
4130.885 27.1 3.116 -3.72 "" ""
4130.893 607.01214 1.992 -1.041 7.724 0708Ra0165
4130.896 106.00113 1.751 -3.795 3.464 AX00Q335
4130.9 607.01214 1.992 -3.81 7.724 0708Qd0165
4130.909 607.01214 1.992 -1.065 7.724 0708Rb0155
4130.93 20.0 5.923 -5.13 "" ""
4130.934 20.0 5.827 -4.77 "" ""
4130.998 106.00113 1.341 -5.261 3.464 AX54P065
4131.002 90.0 0.966 -0.46 "" ""
4131.006 106.00113 1.266 -5.993 3.464 CX14P025
4131.03 66.1 1.46 -0.76 LAWLER ""
4131.07 106.00113 0.976 -8.518 3.464 CX03R025
4131.072 607.01314 1.903 -1.389 7.724 0708Ra0065
4131.094 58.1 1.089 -0.32 BIEMONT ""
4131.096 58.1 0.327 -0.53 BIEMONT ""
4131.102 25.0 4.229 0.1 "" ""
4131.133 607.01214 1.326 -0.865 7.724 0405Ra0205
4131.133 607.01214 1.516 -1.015 7.724 0506Ra0145
4131.158 106.00113 1.65 -4.862 3.464 CX14P165
4131.16 28.0 4.161 -1.44 "" ""
4131.165 26.1 5.952 -4.16 "" ""
4131.166 23.0 0.267 -2.69 LAWNOHFS ""
4131.172 607.01214 1.737 -1.103 7.724 0607Ra0125
4131.174 607.01214 2.31 -0.93 7.724 0809Ra0265
4131.179 607.01214 1.326 -0.885 7.724 0405Rb0195
4131.186 106.00113 1.651 -4.936 3.464 CX14P155
4131.202 607.01214 1.326 -3.816 7.724 0405Qd0205
4131.209 607.01314 1.452 -1.263 7.724 0506Ra0075
4131.212 607.01214 1.737 -1.136 7.724 0607Rb0115
4131.215 106.00113 1.71 -5.323 3.464 CX03P225
4131.226 607.01214 1.737 -3.644 7.724 0607Qd0125
4131.241 607.01214 2.31 -0.944 7.724 0809Rb0255
4131.245 607.01314 1.452 -1.318 7.724 0506Rb0065
4131.245 607.01314 2.173 -1.091 7.724 0809Ra0165
4131.248 22.0 2.295 -0.61 "" ""
4131.25 607.01314 1.452 -3.392 7.724 0506Qd0075
4131.267 607.01214 2.31 -4.093 7.724 0809Qd0265
4131.294 607.01314 2.173 -1.115 7.724 0809Rb0155
4131.299 607.01214 1.516 -1.043 7.724 0506Rb0135
4131.306 106.00113 1.71 -5.381 3.464 CX03P215
4131.309 607.01314 2.173 -3.86 7.724 0809Qd0165
4131.315 607.01214 1.516 -3.678 7.724 0506Qd0145
4131.325 607.01314 1.903 -3.404 7.724 0708Qd0065
4131.329 22.0 2.229 -2.6 "" ""
4131.345 607.01314 1.903 -1.451 7.724 0708Rb0055
4131.357 24.0 3.842 -2.29 "" ""
4131.38 106.00112 2.112 -4.172 3.464 CX25P205
4131.399 106.00112 2.112 -8.205 3.464 CX25Q195
4131.42 20.0 5.581 -4.43 "" ""
4131.427 90.1 1.038 -1.25 "" ""
4131.472 607.01314 1.671 -1.569 7.724 0607Ra0035
4131.473 64.1 1.405 -0.1 "" ""
4131.484 25.0 3.376 -1.8 "" ""
4131.484 607.01314 1.671 -1.681 7.724 0607Rb0025
4131.488 607.01314 1.671 -3.112 7.724 0607Qd0035
4131.506 68.0 0.862 0.56 "" ""
4131.519 41.0 1.504 -0.66 "" ""
4131.525 106.00112 2.112 -4.215 3.464 CX25P195
4131.568 106.00113 1.651 -9.154 3.464 CX14Q155
4131.58 20.0 5.828 -3.32 "" ""
4131.65 20.0 5.581 -3.39 "" ""
4131.681 607.01314 1.901 -1.451 7.724 0708Ra0055
4131.698 607.01214 1.985 -1.065 7.724 0708Ra0155
4131.711 607.01214 1.985 -1.092 7.724 0708Rb0145
4131.714 607.01214 1.985 -3.783 7.724 0708Qd0155
4131.732 607.01314 1.253 -0.996 7.724 0405Ra0145
4131.735 28.1 6.468 -7.25 "" ""
4131.746 26.0 4.214 -1.85 "" ""
4131.757 607.01314 1.253 -1.024 7.724 0405Rb0135
4131.761 607.01214 0.955 -0.711 7.724 0102Ra0445
4131.772 607.01314 1.253 -3.659 7.724 0405Qd0145
4131.805 23.0 1.944 -1.03 "" ""
4131.809 23.1 4.7 -2.86 "" ""
4131.814 25.0 4.357 -1.91 "" ""
4131.821 20.0 6.03 -5.53 "" ""
4131.834 607.01214 0.955 -0.72 7.724 0102Rb0435
4131.843 607.01314 1.092 -0.814 7.724 0304Ra0235
4131.855 58.1 0.811 -1.31 "" ""
4131.86 20.0 6.03 -4.2 "" ""
4131.888 607.01214 0.955 -4.31 7.724 0102Qd0445
4131.896 607.01314 1.092 -0.832 7.724 0304Rb0225
4131.916 106.00112 1.265 -6.045 3.464 CX14P015
4131.917 42.0 3.154 -0.36 "" ""
4131.922 607.01314 1.092 -3.879 7.724 0304Qd0235
4131.935 26.0 3.414 -1.64 DEN14 ""
4131.944 106.00113 1.71 -9.986 3.464 CX03Q215
4131.954 607.01314 1.449 -1.318 7.724 0506Ra0065
4131.971 26.0 3.263 -1.45 "" ""
4131.983 607.01314 1.449 -1.38 7.724 0506Rb0055
4131.983 607.01314 2.167 -1.115 7.724 0809Ra0155
4131.986 20.0 5.923 -2.48 "" ""
4131.988 607.01314 1.901 -3.336 7.724 0708Qd0055
4131.99 607.01314 1.449 -3.333 7.724 0506Qd0065
4131.991 23.0 0.286 -0.09 LAWNOHFS ""
4131.997 23.0 1.217 -2.58 "" ""
4131.997 607.01214 1.509 -1.043 7.724 0506Ra0135
4131.998 607.01214 2.299 -0.944 7.724 0809Ra0255
4132.0 607.01214 1.732 -1.136 7.724 0607Ra0115
4132.01 92.0 0.53 -0.39 "" ""
4132.012 607.01314 1.901 -1.524 7.724 0708Rb0045
4132.026 42.0 2.913 -1.39 "" ""
4132.027 607.01314 2.167 -1.141 7.724 0809Rb0145
4132.039 607.01214 1.732 -1.171 7.724 0607Rb0105
4132.04 607.01314 2.167 -3.833 7.724 0809Qd0155
4132.051 607.01214 1.732 -3.609 7.724 0607Qd0115
4132.058 26.0 1.607 -0.68 OBR91 ""
4132.068 607.01214 2.299 -0.959 7.724 0809Rb0245
4132.081 106.00112 0.84 -4.324 3.464 AX11R175
4132.083 106.00112 1.705 -9.085 3.464 CX14Q165
4132.092 607.01214 2.299 -4.075 7.724 0809Qd0255
4132.095 106.00112 1.705 -4.789 3.464 CX14P175
4132.124 607.01314 1.67 -1.681 7.724 0607Ra0025
4132.124 607.01314 1.67 -1.836 7.724 0607Rb0015
4132.133 607.01314 1.67 -2.982 7.724 0607Qd0025
4132.145 27.0 1.048 -2.69 LAWNHFS ""
4132.159 24.0 3.077 -1.98 "" ""
4132.169 3.0 1.846 -6.12 "" ""
4132.177 106.00112 1.705 -4.861 3.464 CX14P165
4132.193 59.1 0.204 -1.0 "" ""
4132.2 106.00112 1.316 -6.502 3.464 AX32P195
4132.202 27.0 3.565 -2.75 "" ""
4132.207 74.0 2.456 -0.54 "" ""
4132.211 607.01214 1.509 -1.074 7.724 0506Rb0125
4132.217 24.0 3.119 -2.9 "" ""
4132.219 21.0 2.0 -2.87 "" ""
4132.219 607.01214 1.317 -0.886 7.724 0405Ra0195
4132.225 607.01214 1.509 -3.647 7.724 0506Qd0135
4132.232 42.0 2.258 -1.52 "" ""
4132.254 607.01314 1.899 -1.524 7.724 0708Ra0045
4132.26 64.1 0.601 -0.15 LAWLER ""
4132.262 106.00113 0.556 -1.919 3.464 BX11P105
4132.263 607.01214 1.317 -0.907 7.724 0405Rb0185
4132.286 607.01214 1.317 -3.794 7.724 0405Qd0195
4132.301 25.0 5.516 -0.41 "" ""
4132.302 106.00113 0.556 -7.212 3.464 BX11Q105
4132.315 58.1 0.708 -0.68 LAWLER ""
4132.349 106.00113 1.311 -6.502 3.464 AX32P195
4132.353 26.0 3.684 -3.73 "" ""
4132.382 607.01214 0.887 -0.874 7.724 0001Ra0525
4132.411 24.1 3.758 -2.48 Lawler17 ""
4132.423 56.0 0.0 -2.0 "" ""
4132.427 20.0 6.031 -1.65 "" ""
4132.457 106.00112 1.668 -1.146 3.464 AX00R325
4132.457 607.01214 0.887 -0.882 7.724 0001Rb0515
4132.484 106.00113 0.556 -1.918 3.464 BX11P115
4132.487 23.0 2.682 -3.76 "" ""
4132.491 22.0 2.287 -3.0 "" ""
4132.505 607.01214 1.978 -1.092 7.724 0708Ra0145
4132.505 607.01214 1.978 -1.12 7.724 0708Rb0135
4132.507 106.00113 1.362 -7.283 3.464 AX21P245
4132.518 607.01214 1.978 -3.755 7.724 0708Qd0145
4132.521 607.01214 0.887 -4.612 7.724 0001Qd0525
4132.525 20.0 2.93 -1.58 "" ""
4132.533 26.0 4.253 -0.73 "" ""
4132.55 22.0 2.693 -0.91 "" ""
4132.55 60.1 0.471 -1.09 LAWLER ""
4132.562 3.0 1.846 -1.04 "" ""
4132.582 106.00112 1.668 -1.149 3.464 AX00R315
4132.618 3.0 1.846 -0.78 "" ""
4132.619 3.0 1.846 -1.74 "" ""
4132.626 58.1 0.822 -0.74 LAWLER ""
4132.636 607.01314 1.899 -3.256 7.724 0708Qd0045
4132.639 106.00112 1.668 -3.778 3.464 AX00Q325
4132.643 607.01314 0.811 -0.89 7.724 0001Rb0495
4132.647 607.01314 1.247 -1.024 7.724 0405Ra0135
4132.652 26.0 4.073 -3.9 "" ""
4132.662 607.01314 1.899 -1.613 7.724 0708Rb0035
4132.672 607.01314 1.247 -1.055 7.724 0405Rb0125
4132.677 607.01314 1.446 -1.38 7.724 0506Ra0055
4132.686 607.01314 1.247 -3.629 7.724 0405Qd0135
4132.692 69.1 2.419 -0.13 "" ""
4132.703 607.01314 0.811 -4.587 7.724 0001Qd0505
4132.706 607.01314 1.446 -1.454 7.724 0506Rb0045
4132.706 607.01314 2.161 -1.141 7.724 0809Ra0145
4132.711 26.0 4.151 -1.93 "" ""
4132.711 607.01314 1.446 -3.266 7.724 0506Qd0055
4132.721 68.1 0.891 -2.32 LAWLER ""
4132.753 90.1 1.203 -0.6 "" ""
4132.755 607.01314 1.669 -1.836 7.724 0607Ra0015
4132.755 607.01314 1.669 -2.091 7.724 0607Rb0005
4132.755 607.01314 2.161 -1.169 7.724 0809Rb0135
4132.757 607.01214 1.504 -1.074 7.724 0506Ra0125
4132.762 607.01314 1.669 -2.79 7.724 0607Qd0015
4132.763 607.01314 2.161 -3.804 7.724 0809Qd0145
4132.799 607.01314 1.897 -1.613 7.724 0708Ra0035
4132.813 607.01214 1.727 -1.172 7.724 0607Ra0105
4132.816 607.01214 2.288 -0.959 7.724 0809Ra0245
4132.84 66.1 1.65 -0.81 LAWLER ""
4132.842 106.00113 1.659 -1.146 3.464 AX00R325
4132.849 607.01214 1.727 -1.211 7.724 0607Rb0095
4132.86 607.01214 1.727 -3.57 7.724 0607Qd0105
4132.864 106.00113 0.836 -4.324 3.464 AX11R175
4132.882 23.0 1.063 -2.28 LAWNOHFS ""
4132.888 607.01214 2.288 -0.974 7.724 0809Rb0235
4132.899 26.0 2.843 -0.92 "" ""
4132.912 607.01214 2.288 -4.056 7.724 0809Qd0245
4132.922 106.00113 1.576 -6.902 3.464 CX25P045
4132.925 106.00112 2.166 -4.132 3.464 CX25P215
4132.943 26.0 1.607 -5.31 "" ""
4132.952 106.00112 2.166 -8.159 3.464 CX25Q205
4132.968 21.0045 1.943 -0.95 LAWHFS ""
4132.969 106.00113 1.659 -1.149 3.464 AX00R315
4132.969 21.0045 1.943 -1.13 LAWHFS ""
4132.971 21.0045 1.943 -0.95 LAWHFS ""
4132.971 21.0045 1.943 -1.38 LAWHFS ""
4132.973 21.0045 1.943 -1.81 LAWHFS ""
4132.974 21.0045 1.943 -0.79 LAWHFS ""
4132.976 21.0045 1.943 -1.26 LAWHFS ""
4132.977 21.0045 1.943 -0.78 LAWHFS ""
4132.98 21.0045 1.943 -0.82 LAWHFS ""
4132.981 21.0045 1.943 -0.94 LAWHFS ""
4132.985 21.0045 1.943 -0.53 LAWHFS ""
4132.991 21.0045 1.943 -0.32 LAWHFS ""
4132.994 106.00112 1.016 -6.81 3.464 CX03R045
4132.996 106.00113 1.659 -3.778 3.464 AX00Q325
4133.002 22.0 2.235 -6.5 "" ""
4133.003 607.01314 1.082 -0.832 7.724 0304Ra0225
4133.008 42.0 2.834 -1.52 "" ""
4133.039 25.0 4.662 -3.14 "" ""
4133.054 607.01314 1.082 -0.851 7.724 0304Rb0215
4133.066 23.0 1.868 -3.44 "" ""
4133.075 23.0 2.364 -4.12 "" ""
4133.079 607.01314 1.082 -3.86 7.724 0304Qd0225
4133.085 106.00112 2.166 -4.172 3.464 CX25P205
4133.102 607.01214 1.504 -1.107 7.724 0506Rb0115
4133.106 106.00113 0.914 -4.937 3.464 BX10P225
4133.116 607.01214 1.504 -3.615 7.724 0506Qd0125
4133.166 106.00113 1.748 -2.068 3.464 AX54R175
4133.17 62.1 0.248 -1.67 LAWLER ""
4133.201 106.00113 1.748 -2.023 3.464 AX54R185
4133.201 92.1 0.717 -1.09 "" ""
4133.242 106.00113 1.748 -4.239 3.464 AX54Q185
4133.252 24.0 3.814 -2.21 "" ""
4133.27 607.01314 1.897 -3.156 7.724 0708Qd0035
4133.284 607.01214 1.309 -0.907 7.724 0405Ra0185
4133.289 607.01314 1.897 -1.725 7.724 0708Rb0025
4133.296 607.01214 1.972 -1.12 7.724 0708Ra0135
4133.296 607.01214 1.972 -1.15 7.724 0708Rb0125
4133.303 106.00112 1.016 -6.712 3.464 CX03R055
4133.31 607.01214 1.972 -3.724 7.724 0708Qd0135
4133.327 607.01214 1.309 -0.929 7.724 0405Rb0175
4133.348 106.00112 1.016 -9.594 3.464 CX03Q055
4133.348 607.01214 1.309 -3.772 7.724 0405Qd0185
4133.35 60.1 0.32 -0.49 LAWLER ""
4133.353 66.1 1.528 -0.31 "" ""
4133.37 607.01314 1.669 -2.091 7.724 0607Ra0005
4133.374 607.01314 1.669 -2.392 7.724 0607Qd0005
4133.386 607.01314 1.444 -1.454 7.724 0506Ra0045
4133.407 607.01314 1.444 -1.542 7.724 0506Rb0035
4133.412 607.01314 1.444 -3.185 7.724 0506Qd0045
4133.424 607.01314 2.155 -1.169 7.724 0809Ra0135
4133.425 75.0 2.02 -0.62 "" ""
4133.435 27.0 2.875 -2.54 LAWNHFS ""
4133.464 607.01314 2.155 -1.2 7.724 0809Rb0125
4133.477 607.01314 2.155 -3.773 7.724 0809Qd0135
4133.481 74.0 2.42 -0.32 "" ""
4133.491 92.0 0.0 -0.76 "" ""
4133.521 106.00113 1.275 -5.982 3.464 CX14P025
4133.522 106.00112 1.368 -7.283 3.464 AX21P245
4133.531 106.00112 1.172 -9.256 3.464 CX03R105
4133.543 607.01314 1.241 -1.055 7.724 0405Ra0125
4133.555 24.0 2.913 -9.03 "" ""
4133.566 607.01314 1.241 -1.088 7.724 0405Rb0115
4133.574 106.00113 1.275 -10.734 3.464 CX14Q025
4133.58 607.01314 1.241 -3.596 7.724 0405Qd0125
4133.584 21.0 1.994 -4.37 "" ""
4133.603 26.0 4.206 -1.33 "" ""
4133.608 106.00112 1.172 -5.874 3.464 CX03Q105
4133.608 607.01214 0.935 -0.72 7.724 0102Ra0435
4133.609 607.01214 1.722 -1.211 7.724 0607Ra0095
4133.629 607.01214 2.278 -0.974 7.724 0809Ra0235
4133.632 20.0 5.96 -6.96 "" ""
4133.634 106.00113 0.782 -2.423 3.464 BX11R155
4133.642 607.01214 1.722 -1.254 7.724 0607Rb0085
4133.652 607.01214 1.722 -3.529 7.724 0607Qd0095
4133.681 607.01214 0.935 -0.73 7.724 0102Rb0425
4133.696 106.00112 1.172 -5.819 3.464 CX03Q115
4133.703 607.01214 2.278 -0.991 7.724 0809Rb0225
4133.725 607.01214 2.278 -4.037 7.724 0809Qd0235
4133.733 607.01214 0.935 -4.301 7.724 0102Qd0435
4133.734 23.0 2.576 -1.9 "" ""
4133.739 26.0 3.692 -4.76 "" ""
4133.743 106.00113 0.64 -4.483 3.464 BX00P185
4133.745 106.00113 0.782 -7.081 3.464 BX11Q165
4133.759 106.00112 0.559 -1.918 3.464 BX11P105
4133.762 106.00112 0.841 -4.272 3.464 AX11R175
4133.77 23.0 1.05 -1.85 "" ""
4133.773 106.00112 1.172 -8.802 3.464 CX03P115
4133.794 58.1 0.516 0.3 BIEMONT ""
4133.798 106.00112 0.559 -7.212 3.464 BX11Q105
4133.801 58.1 0.863 0.37 BIEMONT ""
4133.811 106.00113 0.782 -2.576 3.464 BX11R165
4133.824 607.01314 1.896 -1.725 7.724 0708Ra0025
4133.849 66.0 1.238 0.6 "" ""
4133.856 26.0 3.366 -1.13 DEN14 ""
4133.862 26.0 4.253 -3.58 "" ""
4133.89 607.01314 1.896 -1.88 7.724 0708Rb0015
4133.89 607.01314 1.896 -3.026 7.724 0708Qd0025
4133.923 42.0 3.736 -10.0 "" ""
4133.934 607.01214 1.498 -1.107 7.724 0506Ra0115
4133.975 607.01214 1.498 -1.143 7.724 0506Rb0105
4133.98 106.00112 0.559 -1.917 3.464 BX11P115
4133.988 607.01214 1.498 -3.58 7.724 0506Qd0115
4133.996 26.0 4.309 -1.87 "" ""
4134.042 106.00112 1.859 -1.145 3.464 AX00R345
4134.049 106.00113 1.605 -4.936 3.464 CX14P155
4134.051 23.0 1.941 -1.67 "" ""
4134.063 106.00113 1.606 -5.011 3.464 CX14P145
4134.064 106.00113 1.275 -5.906 3.464 CX14P035
4134.068 90.0 0.0 -1.15 "" ""
4134.073 607.01314 1.442 -1.543 7.724 0506Ra0035
4134.078 607.01214 1.967 -1.151 7.724 0708Ra0125
4134.078 607.01214 1.967 -1.183 7.724 0708Rb0115
4134.091 607.01214 1.967 -3.691 7.724 0708Qd0125
4134.091 607.01314 1.442 -1.655 7.724 0506Rb0025
4134.094 607.01314 1.442 -3.086 7.724 0506Qd0035
4134.113 90.1 1.14 -0.89 "" ""
4134.132 607.01314 2.149 -1.2 7.724 0809Ra0125
4134.14 607.01314 1.072 -0.851 7.724 0304Ra0215
4134.145 66.0 1.354 0.52 "" ""
4134.164 64.0 0.066 -0.31 "" ""
4134.17 607.01314 2.149 -1.232 7.724 0809Rb0115
4134.176 106.00113 1.849 -9.274 3.464 AX50R345
4134.182 607.01314 2.149 -3.74 7.724 0809Qd0125
4134.19 607.01314 1.072 -0.87 7.724 0304Rb0205
4134.194 26.0 2.607 -3.73 "" ""
4134.214 607.01314 1.072 -3.841 7.724 0304Qd0215
4134.235 106.00112 1.859 -3.763 3.464 AX00Q345
4134.283 23.0 2.276 -4.14 "" ""
4134.29 65.1 0.816 -1.04 LAWNOHFS ""
4134.314 40.0 1.581 -0.44 "" ""
4134.317 106.00112 1.859 -1.145 3.464 AX00R335
4134.327 607.01214 1.301 -0.929 7.724 0405Ra0175
4134.334 106.00113 1.849 -3.763 3.464 AX00Q345
4134.336 26.0 0.0 -4.72 OBR91 ""
4134.338 22.1 5.055 -4.18 "" ""
4134.369 607.01214 1.301 -0.953 7.724 0405Rb0165
4134.388 607.01214 1.718 -1.254 7.724 0607Ra0085
4134.389 607.01214 1.301 -3.748 7.724 0405Qd0175
4134.404 24.0 4.093 -0.35 "" ""
4134.414 106.00113 1.606 -9.218 3.464 CX14Q145
4134.417 607.01314 1.236 -1.088 7.724 0405Ra0115
4134.419 607.01214 1.718 -1.302 7.724 0607Rb0075
4134.42 26.0 3.015 -1.7 "" ""
4134.426 26.0 3.414 -2.19 "" ""
4134.428 607.01214 1.718 -3.482 7.724 0607Qd0085
4134.436 607.01214 2.268 -0.991 7.724 0809Ra0225
4134.441 607.01314 1.236 -1.124 7.724 0405Rb0105
4134.447 106.00113 1.849 -1.145 3.464 AX00R335
4134.448 607.01314 1.895 -1.88 7.724 0708Ra0015
4134.452 607.01314 1.236 -3.561 7.724 0405Qd0115
4134.484 106.00112 1.859 -9.274 3.464 AX50R345
4134.484 23.0 0.3 -0.23 LAWNOHFS ""
4134.494 607.01314 1.895 -2.135 7.724 0708Rb0005
4134.496 607.01314 1.895 -2.834 7.724 0708Qd0015
4134.505 22.0 2.504 -4.13 "" ""
4134.507 607.01214 0.863 -0.883 7.724 0001Ra0515
4134.511 607.01214 2.268 -1.008 7.724 0809Rb0215
4134.518 106.00112 1.27 -9.723 3.464 CX14Q015
4134.525 106.00113 0.837 -4.271 3.464 AX11R175
4134.526 106.00112 1.27 -6.019 3.464 CX14P015
4134.532 607.01214 2.268 -4.017 7.724 0809Qd0225
4134.544 607.01314 0.852 -0.751 7.724 0102Rb0395
4134.547 607.01314 1.669 -2.392 7.724 0607Qc0005
4134.548 607.01314 1.669 -2.091 7.724 0607Pa0015
4134.552 607.01314 0.789 -0.89 7.724 0001Ra0495
4134.582 607.01214 0.863 -0.891 7.724 0001Rb0505
4134.587 41.0 1.402 -0.46 "" ""
4134.591 607.01314 0.852 -4.262 7.724 0102Qd0405
4134.611 607.01214 1.139 -0.807 7.724 0304Rb0245
4134.625 25.0 4.824 -1.18 "" ""
4134.625 607.01314 0.789 -0.899 7.724 0001Rb0485
4134.641 607.01214 1.139 -3.923 7.724 0304Qd0255
4134.644 607.01214 0.863 -4.604 7.724 0001Qd0515
4134.677 26.0 2.829 -0.49 "" ""
4134.683 607.01314 0.789 -4.579 7.724 0001Qd0495
4134.709 66.0 0.874 -0.35 "" ""
4134.71 60.1 0.38 -1.14 LAWLER ""
4134.716 26.0 4.442 -2.69 "" ""
4134.719 106.00113 0.488 -4.42 3.464 BX11P085
4134.739 607.01314 1.441 -1.655 7.724 0506Ra0025
4134.75 106.00113 1.266 -7.008 3.464 CX14P015
4134.755 607.01314 1.441 -1.81 7.724 0506Rb0015
4134.757 607.01314 1.441 -2.955 7.724 0506Qd0025
4134.813 23.1 6.037 -4.57 "" ""
4134.829 607.01214 1.494 -1.182 7.724 0506Rb0095
4134.83 607.01314 2.145 -1.232 7.724 0809Ra0115
4134.836 106.00113 1.749 -2.023 3.464 AX54R185
4134.84 607.01214 1.494 -3.542 7.724 0506Qd0105
4134.848 607.01214 1.961 -1.183 7.724 0708Ra0115
4134.848 607.01214 1.961 -1.219 7.724 0708Rb0105
4134.861 607.01214 1.961 -3.656 7.724 0708Qd0115
4134.867 607.01314 2.145 -1.268 7.724 0809Rb0105
4134.874 106.00113 1.749 -4.209 3.464 AX54Q185
4134.878 106.00113 1.749 -2.068 3.464 AX54R175
4134.878 607.01314 2.145 -3.705 7.724 0809Qd0115
4134.948 106.00112 1.718 -5.322 3.464 CX03P225
4134.977 26.0 4.383 -3.08 "" ""
4134.983 106.00112 1.718 -9.986 3.464 CX03Q215
4134.986 25.0 4.265 -3.58 "" ""
4135.005 106.00112 1.577 -1.149 3.464 AX00R315
4135.011 607.01214 1.494 -1.143 7.724 0506Ra0105
4135.034 25.0 4.243 -0.03 "" ""
4135.054 24.0 4.096 -2.67 "" ""
4135.059 23.0 2.33 -4.43 "" ""
4135.059 607.01314 1.895 -2.135 7.724 0708Ra0005
4135.088 607.01314 1.895 -2.436 7.724 0708Qd0005
4135.095 70.1 4.31 -0.5 "" ""
4135.106 106.00112 1.718 -5.38 3.464 CX03P215
4135.108 607.01314 1.67 -2.79 7.724 0607Qc0015
4135.111 607.01314 1.67 -1.835 7.724 0607Pa0025
4135.111 607.01314 1.67 -2.091 7.724 0607Pb0015
4135.127 106.00112 1.577 -1.154 3.464 AX00R305
4135.129 22.0 2.304 -1.62 "" ""
4135.142 62.1 0.659 -1.05 "" ""
4135.143 106.00112 0.979 -8.517 3.464 CX03R025
4135.151 607.01214 1.715 -1.302 7.724 0607Ra0075
4135.164 106.00113 1.479 -8.433 3.464 AX10P295
4135.167 25.0 4.255 -1.93 "" ""
4135.178 607.01214 1.715 -1.357 7.724 0607Rb0065
4135.183 106.00112 1.577 -3.762 3.464 AX00Q315
4135.187 607.01214 1.715 -3.431 7.724 0607Qd0075
4135.215 42.0 2.834 -1.82 "" ""
4135.224 106.00112 1.764 -1.145 3.464 AX00R335
4135.237 607.01214 2.259 -1.008 7.724 0809Ra0215
4135.249 607.01314 0.937 -0.769 7.724 0203Rb0295
4135.256 607.01314 1.063 -0.87 7.724 0304Ra0205
4135.269 26.0 3.394 -2.46 "" ""
4135.271 607.01314 1.231 -1.124 7.724 0405Ra0105
4135.275 45.0 0.705 -0.68 "" ""
4135.285 607.01314 0.937 -4.038 7.724 0203Qd0305
4135.292 607.01314 1.231 -1.164 7.724 0405Rb0095
4135.293 23.0 1.08 -2.09 LAWNOHFS ""
4135.303 607.01314 1.063 -0.891 7.724 0304Rb0195
4135.303 607.01314 1.231 -3.523 7.724 0405Qd0105
4135.307 25.1 5.811 -3.28 "" ""
4135.312 607.01214 2.259 -1.026 7.724 0809Rb0205
4135.316 25.0 4.35 -1.59 "" ""
4135.32 60.1 0.63 -0.07 LAWLER ""
4135.327 607.01314 1.063 -3.821 7.724 0304Qd0205
4135.333 607.01214 2.259 -3.997 7.724 0809Qd0215
4135.35 607.01214 1.293 -0.953 7.724 0405Ra0165
4135.368 106.00112 1.657 -9.153 3.464 CX14Q155
4135.375 106.00112 1.271 -5.992 3.464 CX14P025
4135.377 42.0 3.176 -1.15 "" ""
4135.387 607.01314 1.44 -1.81 7.724 0506Ra0015
4135.39 607.01214 1.293 -0.978 7.724 0405Rb0155
4135.391 106.00112 1.657 -4.862 3.464 CX14P165
4135.399 607.01314 1.44 -2.065 7.724 0506Rb0005
4135.4 607.01314 1.44 -2.763 7.724 0506Qd0015
4135.409 607.01214 1.293 -3.723 7.724 0405Qd0165
4135.413 106.00112 1.764 -3.748 3.464 AX00Q335
4135.419 23.0 3.281 -4.11 "" ""
4135.421 106.00113 1.531 -4.668 3.464 AX43Q185
4135.424 58.1 0.559 -0.49 LAWLER ""
4135.427 41.0 1.572 -0.65 "" ""
4135.432 607.01214 0.916 -0.73 7.724 0102Ra0425
4135.456 106.00112 1.657 -4.935 3.464 CX14P155
4135.477 24.0 4.189 -3.31 "" ""
4135.481 106.00113 1.531 -2.804 3.464 AX43P185
4135.482 106.00113 1.568 -1.149 3.464 AX00R315
4135.492 106.00113 1.531 -2.73 3.464 AX43P195
4135.494 106.00112 1.764 -1.147 3.464 AX00R325
4135.498 106.00113 1.755 -1.145 3.464 AX00R335
4135.501 62.0 0.185 -1.12 "" ""
4135.503 607.01214 0.916 -0.74 7.724 0102Rb0415
4135.509 42.0 2.521 -2.17 "" ""
4135.52 607.01314 2.14 -1.268 7.724 0809Ra0105
4135.554 607.01214 0.916 -4.291 7.724 0102Qd0425
4135.555 607.01314 2.14 -1.307 7.724 0809Rb0095
4135.565 607.01314 2.14 -3.666 7.724 0809Qd0105
4135.573 21.0 3.337 -2.31 "" ""
4135.586 106.00113 1.135 -8.783 3.464 CX03P105
4135.594 106.00113 1.714 -4.545 3.464 AX22R265
4135.604 106.00113 1.568 -1.153 3.464 AX00R305
4135.604 6.0 7.94 -3.07 "" ""
4135.607 106.00112 0.644 -4.483 3.464 BX00P185
4135.607 607.01214 1.957 -1.219 7.724 0708Ra0105
4135.607 607.01214 1.957 -1.258 7.724 0708Rb0095
4135.614 21.0 3.055 -3.82 "" ""
4135.619 607.01214 1.957 -3.618 7.724 0708Qd0105
4135.634 106.00113 1.568 -3.762 3.464 AX00Q315
4135.641 21.0 3.055 -3.92 "" ""
4135.652 607.01314 1.671 -2.982 7.724 0607Qc0025
4135.654 106.00113 1.755 -3.748 3.464 AX00Q335
4135.654 68.1 1.56 -1.64 LAWLER ""
4135.656 40.0 0.632 -1.08 "" ""
4135.658 607.01314 1.671 -1.68 7.724 0607Pa0035
4135.658 607.01314 1.671 -1.835 7.724 0607Pb0025
4135.662 607.01214 1.489 -1.226 7.724 0506Rb0085
4135.673 607.01214 1.489 -3.5 7.724 0506Qd0095
4135.674 106.00113 1.135 -5.933 3.464 CX03Q095
4135.686 24.1 5.666 -4.57 "" ""
4135.707 68.1 1.368 -2.03 LAWLER ""
4135.743 607.01214 1.489 -1.182 7.724 0506Ra0095
4135.755 26.0 4.188 -1.71 "" ""
4135.756 92.1 0.778 -1.21 "" ""
4135.765 106.00113 1.755 -1.147 3.464 AX00R325
4135.773 24.1 5.315 -2.32 "" ""
4135.774 76.0 0.516 -1.24 Quinet06 ""
4135.81 607.01214 1.128 -0.807 7.724 0304Ra0245
4135.815 106.00113 1.641 -4.52 3.464 AX22R255
4135.836 106.00113 1.135 -5.875 3.464 CX03Q105
4135.845 24.0 3.009 -3.14 "" ""
4135.868 607.01214 1.128 -0.824 7.724 0304Rb0235
4135.893 58.1 1.318 -0.52 "" ""
4135.896 607.01214 1.128 -3.906 7.724 0304Qd0245
4135.897 607.01214 1.712 -1.357 7.724 0607Ra0065
4135.919 22.0 2.29 -1.8 "" ""
4135.922 607.01214 1.712 -1.419 7.724 0607Rb0055
4135.924 106.00113 1.135 -9.22 3.464 CX03R095
4135.929 607.01214 1.712 -3.372 7.724 0607Qd0065
4136.018 607.01314 1.44 -2.065 7.724 0506Ra0005
4136.023 607.01314 1.44 -2.366 7.724 0506Qd0005
4136.031 607.01214 2.25 -1.026 7.724 0809Ra0205
4136.038 106.00112 1.395 -2.987 3.464 AX54P085
4136.066 106.00113 1.42 -2.913 3.464 AX54P095
4136.069 106.00112 1.395 -4.307 3.464 AX54Q085
4136.082 106.00112 0.411 -4.27 3.464 AX00R155
4136.101 22.0 2.406 -5.94 "" ""
4136.101 23.0 1.868 -0.7 LAWNOHFS ""
4136.103 106.00113 1.42 -4.321 3.464 AX54Q095
4136.104 607.01314 1.227 -1.164 7.724 0405Ra0095
4136.106 607.01214 2.25 -1.046 7.724 0809Rb0195
4136.123 607.01314 1.227 -1.207 7.724 0405Rb0085
4136.126 607.01214 2.25 -3.975 7.724 0809Qd0205
4136.134 607.01314 1.227 -3.482 7.724 0405Qd0095
4136.155 607.01314 0.835 -0.752 7.724 0102Ra0395
4136.179 607.01314 1.673 -3.113 7.724 0607Qc0035
4136.186 607.01314 1.673 -1.568 7.724 0607Pa0045
4136.186 607.01314 1.673 -1.681 7.724 0607Pb0035
4136.2 106.00112 0.49 -4.419 3.464 BX11P085
4136.201 73.0 0.491 -1.51 "" ""
4136.202 607.01314 2.136 -1.307 7.724 0809Ra0095
4136.208 106.00113 1.834 -4.331 3.464 AX43R235
4136.215 607.01314 0.835 -0.762 7.724 0102Rb0385
4136.231 607.01314 1.895 -2.436 7.724 0708Qc0005
4136.233 607.01314 1.895 -2.135 7.724 0708Pa0015
4136.233 607.01314 2.136 -1.35 7.724 0809Rb0085
4136.242 607.01314 2.136 -3.624 7.724 0809Qd0095
4136.246 106.00113 1.834 -1.815 3.464 AX43Q245
4136.252 25.1 5.414 -6.22 "" ""
4136.261 607.01314 0.835 -4.251 7.724 0102Qd0395
4136.265 106.00112 1.395 -2.921 3.464 AX54P095
4136.272 106.00113 1.42 -2.848 3.464 AX54P105
4136.28 106.00113 1.287 -5.901 3.464 CX14P035
4136.285 90.0 1.472 0.14 "" ""
4136.293 6.0 7.94 -4.22 "" ""
4136.3 106.00113 1.834 -1.881 3.464 AX43Q235
4136.338 106.00113 1.834 -4.63 3.464 AX43P245
4136.344 74.0 2.265 -0.74 "" ""
4136.349 607.01314 1.055 -0.891 7.724 0304Ra0195
4136.352 607.01214 1.286 -0.978 7.724 0405Ra0155
4136.354 106.00113 1.287 -9.978 3.464 CX14Q035
4136.354 607.01214 1.952 -1.258 7.724 0708Ra0095
4136.354 607.01214 1.952 -1.301 7.724 0708Rb0085
4136.364 607.01214 1.952 -3.576 7.724 0708Qd0095
4136.372 106.00112 1.487 -8.432 3.464 AX10P295
4136.372 106.00113 1.789 -4.57 3.464 AX22R275
4136.379 23.0 0.286 -2.27 LAWNOHFS ""
4136.389 26.0 4.412 -3.76 "" ""
4136.39 607.01214 1.286 -1.005 7.724 0405Rb0145
4136.395 607.01314 1.055 -0.912 7.724 0304Rb0185
4136.407 607.01214 1.286 -3.697 7.724 0405Qd0155
4136.417 607.01314 1.055 -3.799 7.724 0304Qd0195
4136.441 106.00113 0.997 -6.933 3.464 CX03R035
4136.445 28.0 3.304 -4.75 "" ""
4136.45 75.0 1.456 -1.04 "" ""
4136.476 607.01214 1.485 -1.274 7.724 0506Rb0075
4136.487 607.01214 1.485 -3.454 7.724 0506Qd0085
4136.505 20.0 4.677 -3.58 "" ""
4136.511 607.01314 0.767 -0.899 7.724 0001Ra0485
4136.515 607.01214 1.485 -1.226 7.724 0506Ra0085
4136.521 26.0 3.366 -1.53 "" ""
4136.546 106.00112 1.395 -2.987 3.464 AX54P085
4136.552 106.00113 1.563 -5.011 3.464 CX14P145
4136.552 106.00113 1.563 -5.086 3.464 CX14P135
4136.577 106.00112 1.395 -4.324 3.464 AX54Q085
4136.583 607.01314 0.767 -0.908 7.724 0001Rb0475
4136.608 607.01214 0.84 -0.891 7.724 0001Ra0505
4136.617 607.01314 0.924 -0.769 7.724 0203Ra0295
4136.625 607.01314 0.924 -0.783 7.724 0203Rb0285
4136.626 607.01214 1.709 -1.419 7.724 0607Ra0055
4136.64 607.01314 0.767 -4.571 7.724 0001Qd0485
4136.648 607.01214 1.709 -1.492 7.724 0607Rb0045
4136.653 607.01214 1.709 -3.304 7.724 0607Qd0055
4136.659 607.01314 0.924 -4.024 7.724 0203Qd0295
4136.674 106.00113 1.42 -2.912 3.464 AX54P095
4136.675 106.00113 1.287 -5.817 3.464 CX14P045
4136.681 607.01214 0.84 -0.9 7.724 0001Rb0495
4136.69 607.01314 1.675 -3.212 7.724 0607Qc0045
4136.699 607.01314 1.675 -1.479 7.724 0607Pa0055
4136.699 607.01314 1.675 -1.568 7.724 0607Pb0045
4136.711 106.00113 1.42 -4.339 3.464 AX54Q095
4136.728 106.00112 1.395 -2.921 3.464 AX54P095
4136.729 106.00113 1.563 -4.173 3.464 AX54R135
4136.736 106.00113 1.563 -2.14 3.464 AX54Q135
4136.743 607.01214 0.84 -4.596 7.724 0001Qd0505
4136.75 58.1 0.655 -1.25 LAWLER ""
4136.75 60.1 0.38 -1.03 LAWLER ""
4136.771 21.0 2.318 -1.12 "" ""
4136.782 106.00113 0.997 -9.481 3.464 CX03Q045
4136.783 607.01314 1.896 -2.834 7.724 0708Qc0015
4136.785 607.01314 1.896 -1.879 7.724 0708Pa0025
4136.812 607.01314 1.896 -2.135 7.724 0708Pb0015
4136.813 92.1 0.548 -1.26 "" ""
4136.819 607.01214 2.241 -1.046 7.724 0809Ra0195
4136.833 106.00113 1.42 -2.848 3.464 AX54P105
4136.839 106.00113 1.563 -2.079 3.464 AX54Q145
4136.846 106.00113 1.563 -4.401 3.464 AX54P145
4136.855 28.0 3.304 -4.48 "" ""
4136.873 106.00113 1.563 -9.28 3.464 CX14Q135
4136.873 607.01314 2.132 -1.35 7.724 0809Ra0085
4136.882 22.0 2.248 -0.89 LAWLER ""
4136.888 20.0 5.802 -2.89 "" ""
4136.893 607.01214 2.241 -1.066 7.724 0809Rb0185
4136.895 58.1 0.74 -0.74 LAWLER ""
4136.9 607.01314 2.132 -1.398 7.724 0809Rb0075
4136.902 25.1 6.135 -1.29 "" ""
4136.906 106.00113 0.997 -6.809 3.464 CX03R045
4136.91 607.01314 2.132 -3.578 7.724 0809Qd0085
4136.912 607.01214 2.241 -3.953 7.724 0809Qd0195
4136.915 607.01314 1.223 -1.207 7.724 0405Ra0085
4136.921 23.0 2.255 -0.68 "" ""
4136.924 42.0 3.3 -1.21 "" ""
4136.933 607.01314 1.223 -1.256 7.724 0405Rb0075
4136.943 607.01314 1.223 -3.436 7.724 0405Qd0085
4136.954 106.00113 1.57 -4.497 3.464 AX22R245
4136.977 106.00113 0.409 -4.27 3.464 AX00R155
4136.998 26.0 3.412 -0.54 "" ""
4137.037 106.00112 1.671 -1.146 3.464 AX00R325
4137.041 57.0 0.13 -0.88 "" ""
4137.044 607.01214 1.117 -0.824 7.724 0304Ra0235
4137.06 23.1 4.772 -4.36 "" ""
4137.067 63.0 1.992 -0.02 "" ""
4137.086 41.0 0.0 -0.44 "" ""
4137.088 607.01214 1.948 -1.301 7.724 0708Ra0085
4137.088 607.01214 1.948 -1.349 7.724 0708Rb0075
4137.097 607.01214 1.948 -3.529 7.724 0708Qd0085
4137.1 64.1 1.232 -0.13 LAWLER ""
4137.101 607.01214 1.117 -0.841 7.724 0304Rb0225
4137.129 607.01214 1.117 -3.888 7.724 0304Qd0235
4137.133 20.0 4.677 -3.14 "" ""
4137.141 106.00112 1.648 -4.52 3.464 AX22R255
4137.183 607.01314 1.678 -3.293 7.724 0607Qc0055
4137.189 607.01314 1.678 -1.405 7.724 0607Pa0065
4137.19 23.0 2.33 -1.21 "" ""
4137.202 607.01314 1.678 -1.479 7.724 0607Pb0055
4137.21 607.01314 1.44 -2.366 7.724 0506Qc0005
4137.212 607.01314 1.44 -2.064 7.724 0506Pa0015
4137.221 106.00112 1.671 -3.732 3.464 AX00Q325
4137.228 44.0 0.997 -1.64 "" ""
4137.231 607.01214 0.896 -0.74 7.724 0102Ra0415
4137.272 25.0 3.38 -1.5 "" ""
4137.274 607.01214 1.482 -1.328 7.724 0506Rb0065
4137.282 607.01214 1.482 -3.402 7.724 0506Qd0075
4137.284 22.0 2.316 0.07 "" ""
4137.288 607.01214 1.482 -1.274 7.724 0506Ra0075
4137.302 607.01214 0.896 -0.75 7.724 0102Rb0405
4137.303 106.00112 1.671 -1.15 3.464 AX00R315
4137.321 607.01314 1.897 -3.026 7.724 0708Qc0025
4137.324 607.01314 1.897 -1.724 7.724 0708Pa0035
4137.331 607.01214 1.279 -1.005 7.724 0405Ra0145
4137.336 607.01214 1.707 -1.492 7.724 0607Ra0045
4137.351 20.0 5.927 -2.16 "" ""
4137.352 607.01214 0.896 -4.281 7.724 0102Qd0415
4137.357 607.01214 1.707 -1.581 7.724 0607Rb0035
4137.361 607.01214 1.707 -3.224 7.724 0607Qd0045
4137.364 607.01314 1.899 -1.612 7.724 0708Pa0045
4137.368 607.01214 1.279 -1.034 7.724 0405Rb0135
4137.369 607.01314 1.897 -1.879 7.724 0708Pb0025
4137.384 607.01214 1.279 -3.668 7.724 0405Qd0145
4137.392 24.0 4.102 -1.22 "" ""
4137.42 26.0 4.28 -0.96 "" ""
4137.42 607.01314 1.046 -0.912 7.724 0304Ra0185
4137.421 106.00113 1.662 -1.146 3.464 AX00R325
4137.449 106.00112 1.581 -6.901 3.464 CX25P045
4137.464 607.01314 1.046 -0.935 7.724 0304Rb0175
4137.464 74.0 0.412 -1.81 "" ""
4137.466 58.1 0.634 -0.49 LAWLER ""
4137.482 106.00112 0.412 -4.222 3.464 AX00R155
4137.485 607.01314 1.046 -3.777 7.724 0304Qd0185
4137.532 20.0 6.035 -5.61 "" ""
4137.535 607.01314 2.129 -1.398 7.724 0809Ra0075
4137.561 607.01314 2.129 -1.452 7.724 0809Rb0065
4137.569 607.01314 2.129 -3.526 7.724 0809Qd0075
4137.575 106.00113 1.662 -3.732 3.464 AX00Q325
4137.584 41.0 1.489 -0.73 "" ""
4137.599 607.01214 2.233 -1.066 7.724 0809Ra0185
4137.601 75.0 2.698 -0.63 "" ""
4137.624 106.00113 0.988 -4.665 3.464 BX10P245
4137.629 106.00113 1.533 -2.73 3.464 AX43P195
4137.632 106.00112 0.841 -5.764 3.464 BX11R175
4137.632 26.0 4.227 -3.21 "" ""
4137.641 106.00113 1.533 -4.7 3.464 AX43Q185
4137.645 58.1 0.516 0.4 LAWLER ""
4137.659 607.01314 1.681 -3.361 7.724 0607Qc0065
4137.666 607.01314 1.681 -1.342 7.724 0607Pa0075
4137.669 106.00112 1.576 -4.497 3.464 AX22R245
4137.673 607.01214 2.233 -1.088 7.724 0809Rb0175
4137.682 106.00113 1.662 -1.15 3.464 AX00R315
4137.682 607.01314 1.681 -1.405 7.724 0607Pb0065
4137.684 106.00113 0.988 -0.834 3.464 BX10Q235
4137.691 607.01214 2.233 -3.93 7.724 0809Qd0185
4137.697 106.00113 1.533 -2.804 3.464 AX43P185
4137.705 607.01314 1.22 -1.256 7.724 0405Ra0075
4137.718 106.00113 0.988 -0.436 3.464 BX10Q245
4137.722 607.01314 1.22 -1.31 7.724 0405Rb0065
4137.726 22.0 2.159 -2.35 "" ""
4137.731 607.01314 1.22 -3.384 7.724 0405Qd0075
4137.772 106.00112 1.721 -4.544 3.464 AX22R265
4137.774 607.01314 1.441 -2.764 7.724 0506Qc0015
4137.778 106.00113 0.988 -3.977 3.464 BX10R235
4137.778 607.01314 1.441 -1.809 7.724 0506Pa0025
4137.778 607.01314 1.441 -2.064 7.724 0506Pb0015
4137.8 21.0 1.994 -3.04 "" ""
4137.803 607.01314 0.818 -0.762 7.724 0102Ra0385
4137.806 106.00112 1.704 -2.109 3.464 AX54R165
4137.81 607.01214 1.945 -1.349 7.724 0708Ra0075
4137.81 607.01214 1.945 -1.404 7.724 0708Rb0065
4137.818 607.01214 1.945 -3.478 7.724 0708Qd0075
4137.831 106.00113 1.564 -4.191 3.464 AX54R135
4137.837 106.00112 1.704 -2.06 3.464 AX54R175
4137.839 106.00113 1.564 -2.14 3.464 AX54Q135
4137.841 23.0 2.579 -1.41 "" ""
4137.841 76.0 1.886 -1.09 "" ""
4137.846 607.01314 1.899 -3.157 7.724 0708Qc0035
4137.863 607.01314 0.818 -0.773 7.724 0102Rb0375
4137.877 106.00113 1.564 -2.079 3.464 AX54Q145
4137.882 106.00112 1.279 -10.733 3.464 CX14Q025
4137.885 106.00113 1.564 -4.385 3.464 AX54P145
4137.891 20.0 2.93 -0.99 "" ""
4137.896 106.00112 1.279 -5.981 3.464 CX14P025
4137.897 106.00112 1.704 -4.241 3.464 AX54Q175
4137.908 607.01314 0.818 -4.241 7.724 0102Qd0385
4137.912 607.01314 1.899 -1.724 7.724 0708Pb0035
4137.923 24.0 4.096 -1.26 "" ""
4137.968 26.0 2.83 -3.75 "" ""
4137.971 607.01314 0.911 -0.783 7.724 0203Ra0285
4137.972 24.0 2.706 -3.91 "" ""
4137.976 23.0 1.063 -2.2 LAWNOHFS ""
4137.977 607.01314 0.911 -0.798 7.724 0203Rb0275
4137.985 22.0 2.486 -4.66 "" ""
4137.989 607.01314 1.901 -1.523 7.724 0708Pa0055
4138.01 607.01314 0.911 -4.009 7.724 0203Qd0285
4138.028 64.0 0.864 -0.62 "" ""
4138.033 607.01214 1.705 -1.581 7.724 0607Ra0035
4138.043 74.0 1.649 -0.89 "" ""
4138.049 607.01214 1.479 -1.328 7.724 0506Ra0065
4138.049 607.01214 1.479 -1.391 7.724 0506Rb0055
4138.049 607.01214 1.705 -1.693 7.724 0607Rb0025
4138.052 607.01214 1.705 -3.124 7.724 0607Qd0035
4138.056 607.01214 1.479 -3.344 7.724 0506Qd0065
4138.058 106.00112 1.487 -1.153 3.464 AX00R305
4138.097 58.1 0.924 -0.08 BIEMONT ""
4138.109 23.0 1.868 -1.45 LAWNOHFS ""
4138.109 24.0 2.985 -2.36 "" ""
4138.118 607.01314 1.684 -3.42 7.724 0607Qc0075
4138.122 24.0 3.011 -3.52 "" ""
4138.127 607.01314 1.684 -1.288 7.724 0607Pa0085
4138.144 607.01314 1.684 -1.343 7.724 0607Pb0075
4138.166 23.0 1.944 -1.7 LAWNOHFS ""
4138.171 106.00112 1.528 -4.171 3.464 AX54R125
4138.174 106.00112 1.487 -1.159 3.464 AX00R295
4138.181 26.0 4.217 -3.19 "" ""
4138.187 607.01314 2.126 -1.452 7.724 0809Ra0065
4138.194 106.00112 1.528 -2.199 3.464 AX54Q125
4138.206 20.0 5.963 -3.21 "" ""
4138.208 26.1 4.728 -3.18 "" ""
4138.211 607.01314 2.126 -1.514 7.724 0809Rb0055
4138.217 607.01314 2.126 -3.467 7.724 0809Qd0065
4138.224 23.0 1.71 -1.96 LAWNOHFS ""
4138.231 106.00112 1.487 -3.746 3.464 AX00Q305
4138.235 106.00113 1.865 -4.599 3.464 AX22R285
4138.256 607.01214 1.107 -0.842 7.724 0304Ra0225
4138.283 24.0 4.398 -4.21 "" ""
4138.284 23.1 6.473 -4.6 "" ""
4138.288 106.00112 1.612 -9.218 3.464 CX14Q145
4138.29 607.01214 1.273 -1.034 7.724 0405Ra0135
4138.295 41.0 2.234 -0.2 "" ""
4138.295 74.0 2.456 -0.33 "" ""
4138.299 22.0 1.872 -2.33 LAWLER ""
4138.3 106.00112 1.528 -2.136 3.464 AX54Q135
4138.312 607.01214 1.107 -0.86 7.724 0304Rb0215
4138.318 607.01314 1.442 -2.956 7.724 0506Qc0025
4138.322 106.00112 1.528 -4.399 3.464 AX54P135
4138.324 106.00112 1.612 -4.936 3.464 CX14P155
4138.324 607.01214 1.273 -1.065 7.724 0405Rb0125
4138.325 607.01314 1.442 -1.654 7.724 0506Pa0035
4138.325 607.01314 1.442 -1.809 7.724 0506Pb0025
4138.331 69.0 1.087 0.34 "" ""
4138.338 607.01214 1.107 -3.869 7.724 0304Qd0225
4138.34 607.01214 1.273 -3.638 7.724 0405Qd0135
4138.351 58.1 1.347 0.09 "" ""
4138.352 106.00113 1.648 -5.382 3.464 CX03P215
4138.357 607.01314 1.901 -3.256 7.724 0708Qc0045
4138.361 106.00113 0.41 -4.222 3.464 AX00R155
4138.365 27.0 2.54 -3.13 "" ""
4138.371 106.00112 1.612 -5.01 3.464 CX14P145
4138.372 607.01214 2.225 -1.088 7.724 0809Ra0175
4138.395 24.0 4.201 -3.13 "" ""
4138.405 26.1 2.826 -4.47 "" ""
4138.406 23.0 2.563 -3.0 "" ""
4138.42 23.0 2.676 -4.42 "" ""
4138.434 28.0 4.164 -1.14 "" ""
4138.436 106.00113 1.649 -5.436 3.464 CX03P205
4138.445 607.01214 2.225 -1.111 7.724 0809Rb0165
4138.446 607.01314 0.746 -0.908 7.724 0001Ra0475
4138.45 41.1 1.59 -1.65 Nilsson10 ""
4138.454 106.00112 1.279 -5.905 3.464 CX14P035
4138.461 607.01214 2.225 -3.905 7.724 0809Qd0175
4138.463 607.01314 1.901 -1.612 7.724 0708Pb0045
4138.468 607.01314 1.039 -0.935 7.724 0304Ra0175
4138.474 607.01314 1.217 -1.31 7.724 0405Ra0065
4138.49 607.01314 1.217 -1.373 7.724 0405Rb0055
4138.497 607.01314 1.217 -3.326 7.724 0405Qd0065
4138.51 607.01314 1.039 -0.959 7.724 0304Rb0165
4138.515 106.00113 1.302 -5.814 3.464 CX14P045
4138.517 607.01314 0.746 -0.917 7.724 0001Rb0465
4138.519 607.01214 1.942 -1.404 7.724 0708Ra0065
4138.519 607.01214 1.942 -1.466 7.724 0708Rb0055
4138.526 607.01214 1.942 -3.419 7.724 0708Qd0065
4138.53 607.01314 1.039 -3.754 7.724 0304Qd0175
4138.536 66.0 1.055 0.01 "" ""
4138.539 42.0 3.031 -1.39 "" ""
4138.56 607.01314 1.688 -3.471 7.724 0607Qc0085
4138.573 607.01314 0.746 -4.562 7.724 0001Qd0475
4138.573 607.01314 1.688 -1.239 7.724 0607Pa0095
4138.588 607.01314 1.688 -1.288 7.724 0607Pb0085
4138.588 607.01314 1.903 -1.449 7.724 0708Pa0065
4138.604 106.00113 1.479 -1.153 3.464 AX00R305
4138.611 106.00113 1.302 -9.777 3.464 CX14Q045
4138.618 106.00113 1.716 -4.473 3.464 AX22R265
4138.627 106.00113 1.523 -5.163 3.464 CX14P125
4138.627 27.0 3.729 -1.72 "" ""
4138.645 106.00113 1.523 -5.087 3.464 CX14P135
4138.653 92.1 0.284 -1.69 "" ""
4138.684 607.01214 0.817 -0.9 7.724 0001Ra0495
4138.693 106.00113 1.643 -4.451 3.464 AX22R255
4138.708 25.0 4.662 -2.21 "" ""
4138.71 607.01214 1.704 -1.694 7.724 0607Ra0025
4138.72 106.00113 1.479 -1.159 3.464 AX00R295
4138.723 607.01214 1.704 -1.848 7.724 0607Rb0015
4138.725 607.01214 1.704 -2.994 7.724 0607Qd0025
4138.725 62.0 0.101 -1.75 "" ""
4138.753 106.00113 1.479 -3.746 3.464 AX00Q305
4138.757 607.01214 0.817 -0.908 7.724 0001Rb0485
4138.798 607.01214 1.476 -1.391 7.724 0506Ra0055
4138.802 607.01214 1.476 -1.464 7.724 0506Rb0045
4138.812 607.01214 1.476 -3.276 7.724 0506Qd0055
4138.815 106.00113 1.302 -5.73 3.464 CX14P055
4138.817 607.01214 0.817 -4.588 7.724 0001Qd0495
4138.818 24.0 3.011 -5.01 "" ""
4138.83 607.01314 2.124 -1.514 7.724 0809Ra0055
4138.839 26.0 2.277 -3.46 "" ""
4138.843 607.01314 1.444 -3.086 7.724 0506Qc0035
4138.85 607.01314 1.444 -1.541 7.724 0506Pa0045
4138.85 607.01314 2.124 -1.587 7.724 0809Rb0045
4138.856 607.01314 1.903 -3.337 7.724 0708Qc0055
4138.856 607.01314 2.124 -3.399 7.724 0809Qd0055
4138.86 607.01314 1.444 -1.654 7.724 0506Pb0035
4138.867 106.00112 1.78 -4.35 3.464 AX43R225
4138.92 106.00113 1.523 -9.337 3.464 CX14Q125
4138.92 25.1 6.908 -2.99 "" ""
4138.92 62.1 0.543 -1.62 LAWLER ""
4138.934 106.00112 1.78 -1.874 3.464 AX43Q235
4138.938 106.00113 1.501 -4.475 3.464 AX22R235
4138.95 106.00112 1.721 -4.867 3.464 AX32Q255
4138.952 20.0 2.93 -8.1 "" ""
4138.968 106.00112 1.78 -1.944 3.464 AX43Q225
4138.983 607.01314 1.903 -1.523 7.724 0708Pb0055
4138.985 607.01314 1.692 -3.518 7.724 0607Qc0095
4138.996 26.0 4.383 -3.61 "" ""
4138.997 607.01314 1.692 -1.196 7.724 0607Pa0105
4139.007 607.01214 0.878 -0.75 7.724 0102Ra0405
4139.011 106.00112 1.721 -2.735 3.464 AX32P265
4139.017 607.01314 1.692 -1.239 7.724 0607Pb0095
4139.019 28.0 3.793 -3.57 "" ""
4139.03 28.0 4.161 -4.46 "" ""
4139.032 106.00113 1.649 -10.063 3.464 CX03Q205
4139.035 106.00112 1.78 -4.671 3.464 AX43P235
4139.05 60.1 0.32 -2.0 LAWLER ""
4139.06 106.00113 1.329 -5.824 3.464 AX43P145
4139.07 106.00112 1.721 -2.846 3.464 AX32P255
4139.076 607.01214 0.878 -0.761 7.724 0102Rb0395
4139.088 26.0 4.253 -1.92 "" ""
4139.108 20.0 6.036 -2.54 "" ""
4139.11 106.00112 1.27 -7.007 3.464 CX14P015
4139.12 25.0 4.341 -3.4 "" ""
4139.125 607.01214 0.878 -4.271 7.724 0102Qd0405
4139.132 20.0 4.677 -6.45 "" ""
4139.138 607.01214 2.218 -1.111 7.724 0809Ra0165
4139.138 92.1 0.0 -1.68 "" ""
4139.153 607.01314 1.906 -1.387 7.724 0708Pa0075
4139.155 106.00112 1.529 -4.187 3.464 AX54R125
4139.176 24.0 2.707 -3.41 "" ""
4139.176 26.0 4.14 -2.98 "" ""
4139.178 106.00112 1.529 -2.199 3.464 AX54Q125
4139.206 25.0 4.341 -2.87 "" ""
4139.208 607.01214 2.218 -1.135 7.724 0809Rb0155
4139.215 607.01214 1.939 -1.466 7.724 0708Ra0055
4139.215 607.01214 1.939 -1.539 7.724 0708Rb0045
4139.221 106.00112 1.529 -2.137 3.464 AX54Q135
4139.221 607.01214 1.939 -3.351 7.724 0708Qd0055
4139.221 607.01314 1.214 -1.373 7.724 0405Ra0055
4139.223 106.00112 1.508 -4.475 3.464 AX22R235
4139.224 607.01214 2.218 -3.879 7.724 0809Qd0165
4139.226 607.01214 1.267 -1.065 7.724 0405Ra0125
4139.236 607.01314 1.214 -1.446 7.724 0405Rb0045
4139.242 607.01314 1.214 -3.258 7.724 0405Qd0055
4139.244 106.00112 1.529 -4.384 3.464 AX54P135
4139.248 23.0 1.892 -0.61 LAWNOHFS ""
4139.259 607.01214 1.267 -1.098 7.724 0405Rb0115
4139.273 607.01214 1.267 -3.606 7.724 0405Qd0125
4139.274 24.0 3.847 -2.89 "" ""
4139.301 106.00113 1.593 -6.987 3.464 CX25P055
4139.301 607.01314 0.899 -0.798 7.724 0203Ra0275
4139.306 607.01314 0.899 -0.813 7.724 0203Rb0265
4139.318 74.0 2.036 -0.96 "" ""
4139.323 106.00112 1.705 -2.06 3.464 AX54R175
4139.337 607.01314 0.899 -3.994 7.724 0203Qd0275
4139.343 607.01314 1.906 -3.405 7.724 0708Qc0065
4139.347 607.01314 1.446 -3.186 7.724 0506Qc0045
4139.353 26.0 4.253 -3.41 "" ""
4139.353 607.01314 1.446 -1.452 7.724 0506Pa0055
4139.369 23.0 1.217 -2.87 "" ""
4139.369 607.01314 1.446 -1.541 7.724 0506Pb0045
4139.37 607.01214 1.703 -1.848 7.724 0607Ra0015
4139.372 106.00112 1.705 -2.109 3.464 AX54R165
4139.378 607.01214 1.703 -2.103 7.724 0607Rb0005
4139.381 607.01214 1.703 -2.802 7.724 0607Qd0015
4139.384 106.00112 1.705 -4.213 3.464 AX54Q175
4139.394 607.01314 1.697 -3.56 7.724 0607Qc0105
4139.405 607.01314 1.697 -1.156 7.724 0607Pa0115
4139.413 106.00112 1.58 -1.149 3.464 AX00R315
4139.424 41.0 0.049 -1.02 "" ""
4139.425 106.00112 1.344 -5.238 3.464 AX54P065
4139.428 607.01314 0.801 -0.773 7.724 0102Ra0375
4139.428 607.01314 1.697 -1.196 7.724 0607Pb0105
4139.437 58.1 1.273 -0.57 "" ""
4139.445 607.01214 1.097 -0.86 7.724 0304Ra0215
4139.449 27.0 2.041 -2.16 LAWNHFS ""
4139.463 607.01314 2.121 -1.587 7.724 0809Ra0045
4139.472 22.0 2.229 -1.52 LAWLER ""
4139.483 607.01314 1.906 -1.449 7.724 0708Pb0065
4139.483 607.01314 2.121 -1.676 7.724 0809Rb0035
4139.485 607.01314 2.121 -3.318 7.724 0809Qd0045
4139.487 607.01314 0.801 -0.785 7.724 0102Rb0365
4139.493 607.01314 1.031 -0.959 7.724 0304Ra0165
4139.5 607.01214 1.097 -0.879 7.724 0304Rb0205
4139.505 106.00113 1.482 -8.512 3.464 AX10P295
4139.52 42.0 2.068 -2.37 "" ""
4139.525 607.01214 1.097 -3.85 7.724 0304Qd0215
4139.528 607.01214 1.474 -1.464 7.724 0506Ra0045
4139.531 607.01314 0.801 -4.229 7.724 0102Qd0375
4139.534 106.00113 1.791 -4.497 3.464 AX22R275
4139.534 607.01314 1.031 -0.984 7.724 0304Rb0155
4139.54 607.01214 1.474 -1.553 7.724 0506Rb0035
4139.547 607.01214 1.474 -3.195 7.724 0506Qd0045
4139.553 607.01314 1.031 -3.729 7.724 0304Qd0165
4139.559 66.0 0.874 -0.27 "" ""
4139.576 106.00113 1.837 -1.815 3.464 AX43Q245
4139.582 106.00112 1.139 -9.22 3.464 CX03R095
4139.592 106.00112 1.58 -3.717 3.464 AX00Q315
4139.643 106.00113 1.837 -4.359 3.464 AX43R235
4139.653 106.00112 1.139 -5.932 3.464 CX03Q095
4139.66 21.0 2.108 -1.15 "" ""
4139.672 106.00112 1.58 -1.154 3.464 AX00R305
4139.679 106.00113 1.837 -4.603 3.464 AX43P245
4139.682 106.00113 1.572 -4.43 3.464 AX22R245
4139.693 607.01314 1.91 -1.332 7.724 0708Pa0085
4139.696 41.0 0.13 -0.22 "" ""
4139.703 26.0 4.257 -4.06 "" ""
4139.715 106.00112 1.796 -4.57 3.464 AX22R275
4139.718 26.1 4.491 -3.72 "" ""
4139.74 26.0 3.271 -7.36 "" ""
4139.744 24.0 2.542 -6.26 "" ""
4139.746 106.00113 1.837 -1.881 3.464 AX43Q235
4139.747 106.00112 1.345 -5.259 3.464 AX54P065
4139.761 20.0 4.677 -3.19 "" ""
4139.767 106.00112 1.139 -5.874 3.464 CX03Q105
4139.776 22.0 2.173 -5.71 "" ""
4139.785 607.01314 1.702 -3.598 7.724 0607Qc0115
4139.798 607.01314 1.702 -1.12 7.724 0607Pa0125
4139.81 23.0 3.284 -4.28 "" ""
4139.816 607.01314 1.91 -3.464 7.724 0708Qc0075
4139.822 607.01314 1.702 -1.156 7.724 0607Pb0115
4139.832 607.01314 1.449 -3.266 7.724 0506Qc0055
4139.837 22.0 2.287 -1.07 "" ""
4139.838 106.00112 1.139 -8.783 3.464 CX03P105
4139.839 607.01314 1.449 -1.379 7.724 0506Pa0065
4139.859 607.01314 1.449 -1.452 7.724 0506Pb0055
4139.88 106.00113 1.572 -1.149 3.464 AX00R315
4139.896 607.01214 2.211 -1.135 7.724 0809Ra0155
4139.897 607.01214 1.937 -1.539 7.724 0708Ra0045
4139.897 607.01214 1.937 -1.628 7.724 0708Rb0035
4139.902 607.01214 1.937 -3.27 7.724 0708Qd0045
4139.927 26.0 0.989 -3.51 OBR91 ""
4139.949 607.01314 1.212 -1.446 7.724 0405Ra0045
4139.963 607.01314 1.212 -1.535 7.724 0405Rb0035
4139.964 607.01214 2.211 -1.161 7.724 0809Rb0145
4139.964 607.01314 1.91 -1.387 7.724 0708Pb0075
4139.965 607.01314 1.212 -3.177 7.724 0405Qd0045
4139.979 607.01214 2.211 -3.852 7.724 0809Qd0155
4139.996 40.0 1.75 -0.57 "" ""
4140.016 607.01214 1.703 -2.103 7.724 0607Ra0005
4140.02 607.01214 1.703 -2.404 7.724 0607Qd0005
4140.032 106.00113 1.572 -3.717 3.464 AX00Q315
4140.084 23.1 4.7 -1.91 "" ""
4140.086 607.01314 2.12 -1.676 7.724 0809Ra0035
4140.102 607.01314 2.12 -1.788 7.724 0809Rb0025
4140.105 607.01314 2.12 -3.219 7.724 0809Qd0035
4140.132 607.01314 2.469 -1.031 7.724 0910Rb0245
4140.135 106.00113 1.572 -1.154 3.464 AX00R305
4140.141 607.01214 1.262 -1.098 7.724 0405Ra0115
4140.155 607.01314 2.469 -4.146 7.724 0910Qd0255
4140.159 607.01314 1.707 -3.633 7.724 0607Qc0125
4140.161 106.00112 1.65 -4.45 3.464 AX22R255
4140.171 607.01214 1.262 -1.134 7.724 0405Rb0105
4140.173 607.01314 1.707 -1.087 7.724 0607Pa0135
4140.185 607.01214 1.262 -3.571 7.724 0405Qd0115
4140.198 24.0 4.093 -2.71 "" ""
4140.2 607.01314 1.707 -1.12 7.724 0607Pb0125
4140.2 607.01314 1.913 -1.283 7.724 0708Pa0095
4140.235 90.1 1.144 -0.85 "" ""
4140.24 26.0 2.947 -2.84 "" ""
4140.241 106.00113 1.32 -5.727 3.464 CX14P055
4140.242 607.01214 1.472 -1.553 7.724 0506Ra0035
4140.247 25.0 4.824 -1.54 "" ""
4140.257 607.01214 0.96 -0.778 7.724 0203Rb0295
4140.257 607.01214 1.472 -1.665 7.724 0506Rb0025
4140.262 607.01214 1.472 -3.096 7.724 0506Qd0035
4140.263 21.0045 1.953 -1.4 LAWHFS ""
4140.264 21.0045 1.953 -1.01 LAWHFS ""
4140.264 21.0045 1.953 -1.14 LAWHFS ""
4140.264 21.0045 1.953 -1.43 LAWHFS ""
4140.266 21.0045 1.953 -0.95 LAWHFS ""
4140.267 21.0045 1.953 -0.75 LAWHFS ""
4140.267 21.0045 1.953 -1.4 LAWHFS ""
4140.268 106.00113 1.486 -5.24 3.464 CX14P115
4140.269 21.0045 1.953 -0.86 LAWHFS ""
4140.271 21.0045 1.953 -0.56 LAWHFS ""
4140.271 21.0045 1.953 -1.45 LAWHFS ""
4140.274 21.0045 1.953 -0.84 LAWHFS ""
4140.276 21.0045 1.953 -0.39 LAWHFS ""
4140.276 21.0045 1.953 -1.57 LAWHFS ""
4140.277 607.01314 1.913 -3.516 7.724 0708Qc0085
4140.279 21.0045 1.953 -0.89 LAWHFS ""
4140.281 21.0045 1.953 -0.25 LAWHFS ""
4140.282 21.0045 1.953 -1.79 LAWHFS ""
4140.282 607.01314 2.459 -1.031 7.724 0910Ra0245
4140.285 21.0045 1.953 -1.09 LAWHFS ""
4140.289 21.0045 1.953 -2.21 LAWHFS ""
4140.293 607.01214 0.96 -4.047 7.724 0203Qd0305
4140.297 607.01314 1.452 -3.334 7.724 0506Qc0065
4140.305 106.00112 1.861 -4.905 3.464 AX54R205
4140.305 106.00113 1.486 -5.164 3.464 CX14P125
4140.305 607.01314 1.452 -1.316 7.724 0506Pa0075
4140.328 607.01314 1.452 -1.379 7.724 0506Pb0065
4140.357 607.01314 0.726 -0.917 7.724 0001Ra0465
4140.36 106.00113 1.32 -9.682 3.464 CX14Q055
4140.372 607.01314 2.459 -1.046 7.724 0910Rb0235
4140.394 607.01314 2.459 -4.127 7.724 0910Qd0245
4140.396 23.0 2.262 -3.65 "" ""
4140.402 26.0 3.414 -1.6 DEN14 ""
4140.413 22.0 2.238 -1.22 LAWLER ""
4140.427 607.01314 0.726 -0.927 7.724 0001Rb0455
4140.431 106.00112 0.786 -4.299 3.464 AX11R165
4140.431 607.01314 1.913 -1.332 7.724 0708Pb0085
4140.45 64.1 0.556 -1.22 LAWLER ""
4140.457 106.00113 1.33 -5.868 3.464 AX43P145
4140.463 25.1 5.563 -2.46 "" ""
4140.472 26.0 3.394 -3.1 "" ""
4140.475 106.00113 1.32 -5.644 3.464 CX14P065
4140.479 106.00112 1.0 -6.932 3.464 CX03R035
4140.482 607.01314 0.726 -4.553 7.724 0001Qd0465
4140.496 607.01314 1.024 -0.984 7.724 0304Ra0155
4140.509 22.0 3.059 -2.91 "" ""
4140.511 106.00112 1.579 -4.429 3.464 AX22R245
4140.517 607.01314 1.713 -3.666 7.724 0607Qc0135
4140.522 20.0 4.128 -4.49 "" ""
4140.532 607.01314 1.713 -1.056 7.724 0607Pa0145
4140.533 106.00113 0.684 -1.779 3.464 BX11Q135
4140.534 106.00113 1.486 -9.391 3.464 CX14Q115
4140.535 607.01314 1.024 -1.011 7.724 0304Rb0145
4140.552 607.01314 1.024 -3.702 7.724 0304Qd0155
4140.56 607.01314 1.713 -1.087 7.724 0607Pb0135
4140.566 607.01214 1.935 -1.628 7.724 0708Ra0035
4140.566 607.01214 1.935 -1.74 7.724 0708Rb0025
4140.57 607.01214 1.935 -3.171 7.724 0708Qd0035
4140.589 106.00113 0.684 -5.182 3.464 BX11R135
4140.596 106.00113 0.684 -5.031 3.464 BX11P145
4140.608 607.01314 0.887 -0.813 7.724 0203Ra0265
4140.61 607.01214 1.087 -0.88 7.724 0304Ra0205
4140.61 607.01314 0.887 -0.829 7.724 0203Rb0255
4140.618 20.0 4.76 -2.24 "" ""
4140.641 607.01314 0.887 -3.978 7.724 0203Qd0265
4140.644 607.01314 2.449 -1.046 7.724 0910Ra0235
4140.647 607.01214 2.205 -1.161 7.724 0809Ra0145
4140.651 106.00113 0.684 -1.825 3.464 BX11Q145
4140.652 607.01314 1.21 -1.535 7.724 0405Ra0035
4140.655 106.00112 1.291 -9.977 3.464 CX14Q035
4140.662 607.01314 1.21 -1.647 7.724 0405Rb0025
4140.664 607.01214 1.087 -0.9 7.724 0304Rb0195
4140.666 607.01314 1.21 -3.078 7.724 0405Qd0035
4140.675 106.00112 1.291 -5.9 3.464 CX14P035
4140.682 607.01314 1.918 -1.24 7.724 0708Pa0105
4140.688 607.01214 1.087 -3.83 7.724 0304Qd0205
4140.692 607.01314 2.449 -1.062 7.724 0910Rb0225
4140.699 27.1 5.051 -3.26 "" ""
4140.699 607.01314 2.119 -1.788 7.724 0809Ra0025
4140.7 24.0 3.842 -1.08 "" ""
4140.711 607.01214 2.205 -1.189 7.724 0809Rb0135
4140.712 607.01314 2.119 -1.943 7.724 0809Rb0015
4140.713 607.01314 2.449 -4.108 7.724 0910Qd0235
4140.714 607.01314 2.119 -3.088 7.724 0809Qd0025
4140.725 607.01214 2.205 -3.823 7.724 0809Qd0145
4140.725 607.01314 1.918 -3.562 7.724 0708Qc0095
4140.735 607.01214 0.795 -0.909 7.724 0001Ra0485
4140.742 607.01314 1.455 -3.393 7.724 0506Qc0075
4140.747 58.1 0.521 -1.19 LAWLER ""
4140.751 607.01314 1.455 -1.261 7.724 0506Pa0085
4140.753 26.0 4.442 -3.14 "" ""
4140.758 607.01214 0.86 -0.761 7.724 0102Ra0395
4140.76 106.00112 1.49 -8.511 3.464 AX10P295
