6707.8 3.0 0.0 0.17
4982.81 11.0 2.1 -0.92
5682.63 11.0 2.1 -0.71
5688.2 11.0 2.1 -0.41
6154.23 11.0 2.1 -1.55
6160.75 11.0 2.1 -1.25
8183.26 11.0 2.1 0.24
8194.81 11.0 2.1 0.54
3986.75 12.0 4.35 -1.06
4167.27 12.0 4.35 -0.74
4571.1 12.0 0.0 -5.62
4702.99 12.0 4.35 -0.44
4730.03 12.0 4.35 -2.35
5528.4 12.0 4.35 -0.55
5711.09 12.0 4.35 -1.84
6696.02 13.0 3.14 -1.57
6698.67 13.0 3.14 -1.87
7836.13 13.0 4.02 -0.53
4102.94 14.0 1.91 -3.34
4805.44 14.0 4.92 -2.21
4947.61 14.0 5.08 -1.81
5645.61 14.0 4.93 -1.63
5665.56 14.0 4.92 -2.04
5690.43 14.0 4.93 -1.87
5708.4 14.0 4.95 -1.47
5772.15 14.0 5.08 -1.75
5793.07 14.0 4.93 -2.02
5948.54 14.0 5.08 -1.23
6555.46 14.0 5.98 -1.4
6721.85 14.0 5.86 -0.94
6976.51 14.0 5.95 -0.92
7003.57 14.0 5.96 -0.75
7680.27 14.0 5.86 -0.69
7742.72 14.0 6.21 -0.28
7944.0 14.0 5.98 -0.31
8093.23 14.0 5.86 -1.35
7698.96 19.0 0.0 -0.18
3487.6 20.0 1.9 -1.37
3644.41 20.0 1.9 -0.3
3870.48 20.0 2.52 -1.09
4092.63 20.0 2.52 -0.86
4283.01 20.0 1.89 -0.22
4318.65 20.0 1.9 -0.21
4355.08 20.0 2.71 -0.42
4425.44 20.0 1.88 -0.36
4455.89 20.0 1.9 -0.53
4456.61 20.0 1.9 -1.66
4526.94 20.0 2.71 -0.42
4578.55 20.0 2.52 -0.56
4685.27 20.0 2.93 -0.88
5260.39 20.0 2.52 -1.9
5261.71 20.0 2.52 -0.73
5512.98 20.0 2.93 -0.3
5581.97 20.0 2.52 -0.71
5588.76 20.0 2.53 0.21
5590.12 20.0 2.52 -0.71
5601.29 20.0 2.53 -0.69
5857.45 20.0 2.93 0.23
6102.72 20.0 1.88 -0.85
6122.21 20.0 1.89 -0.38
6161.29 20.0 2.52 -1.03
6162.17 20.0 1.9 -0.17
6166.44 20.0 2.52 -0.9
6169.06 20.0 2.52 -0.54
6169.56 20.0 2.53 -0.27
6439.07 20.0 2.53 0.47
6449.81 20.0 2.52 -0.55
6455.6 20.0 2.52 -1.36
6471.66 20.0 2.53 -0.59
6499.65 20.0 2.52 -0.59
6717.69 20.0 2.71 -0.61
4320.73 21.1 0.6 -0.25
4324.98 21.1 0.59 -0.44
4374.45 21.1 0.62 -0.42
4400.38 21.1 0.6 -0.54
4415.54 21.1 0.59 -0.67
5031.01 21.1 1.36 -0.4
5526.77 21.1 1.77 0.02
5657.89 21.1 1.51 -0.6
3998.64 22.0 0.05 0.02
4512.73 22.0 0.83 -0.4
4518.02 22.0 0.82 -0.25
4533.24 22.0 0.85 0.54
4534.78 22.0 0.83 0.35
4548.76 22.0 0.82 -0.28
4555.48 22.0 0.85 -0.4
4840.87 22.0 0.9 -0.43
4981.73 22.0 0.85 0.57
4999.5 22.0 0.82 0.32
5016.16 22.0 0.85 -0.48
5064.65 22.0 0.05 -0.94
5210.38 22.0 0.05 -0.82
4028.34 22.1 1.89 -0.92
4394.06 22.1 1.22 -1.77
4395.84 22.1 1.24 -1.93
4399.77 22.1 1.24 -1.2
4418.33 22.1 1.24 -1.99
4493.52 22.1 1.08 -2.78
4583.41 22.1 1.16 -2.84
4708.66 22.1 1.24 -2.35
4798.53 22.1 1.08 -2.66
5129.16 22.1 1.89 -1.34
5185.9 22.1 1.89 -1.41
5336.79 22.1 1.58 -1.6
5381.02 22.1 1.56 -1.97
5418.77 22.1 1.58 -2.13
4111.78 23.0 0.3 0.4
4379.23 23.0 0.3 0.58
4389.98 23.0 0.28 0.22
3504.44 23.1 1.09 -0.77
3517.3 23.1 1.13 -0.24
3530.77 23.1 1.07 -0.53
3545.2 23.1 1.09 -0.32
3715.46 23.1 1.57 -0.22
3727.34 23.1 1.69 -0.23
3903.25 23.1 1.48 -0.91
3951.96 23.1 1.48 -0.73
3997.11 23.1 1.48 -1.2
4002.93 23.1 1.43 -1.44
4005.7 23.1 1.82 -0.45
4023.38 23.1 1.8 -0.61
3908.76 24.0 1.0 -1.05
4254.35 24.0 0.0 -0.09
4274.81 24.0 0.0 -0.22
4545.95 24.0 0.94 -1.37
4600.75 24.0 1.0 -1.25
4616.12 24.0 0.98 -1.19
4626.17 24.0 0.97 -1.33
4646.16 24.0 1.03 -0.74
4651.29 24.0 0.98 -1.46
4652.16 24.0 1.0 -1.04
5296.69 24.0 0.98 -1.36
5300.74 24.0 0.98 -2.0
5345.8 24.0 1.0 -0.95
5348.31 24.0 1.0 -1.21
5409.78 24.0 1.03 -0.67
3391.43 24.1 2.42 -1.4
3393.84 24.1 3.1 -0.94
3715.17 24.1 3.1 -1.5
4588.2 24.1 4.07 -0.65
4592.05 24.1 4.07 -1.3
4618.81 24.1 4.07 -0.89
4041.35 25.0 2.11 0.28
4055.54 25.0 2.14 -0.08
4079.24 25.0 2.14 -0.5
4082.94 25.0 2.18 -0.36
4754.04 25.0 2.28 -0.08
4761.51 25.0 2.95 -0.27
4762.37 25.0 2.89 0.3
4765.85 25.0 2.94 -0.09
4766.42 25.0 2.92 0.11
4783.43 25.0 2.3 0.04
4823.52 25.0 2.32 0.14
6013.51 25.0 3.07 -0.35
6021.82 25.0 3.07 -0.05
3460.32 25.1 1.81 -0.63
3488.68 25.1 1.85 -0.94
3497.53 25.1 1.85 -1.42
3406.8 26.0 2.22 -0.96
3424.28 26.0 2.18 -0.7
3447.28 26.0 2.2 -1.02
3450.33 26.0 2.22 -0.9
3451.91 26.0 2.22 -1.0
3540.12 26.0 2.87 -0.71
3742.62 26.0 2.94 -0.81
3808.73 26.0 2.56 -1.17
3949.95 26.0 2.18 -1.25
3977.74 26.0 2.2 -1.12
4058.22 26.0 3.21 -1.18
4067.98 26.0 3.21 -0.53
4070.77 26.0 3.24 -0.87
4147.67 26.0 1.49 -2.1
4150.25 26.0 3.43 -1.19
4158.79 26.0 3.43 -0.7
4187.04 26.0 2.45 -0.56
4233.6 26.0 2.48 -0.6
4352.73 26.0 2.22 -1.29
4430.61 26.0 2.22 -1.66
4432.57 26.0 3.57 -1.58
4447.72 26.0 2.22 -1.36
4484.22 26.0 3.6 -0.64
4514.18 26.0 3.05 -1.96
4547.85 26.0 3.55 -0.82
4574.22 26.0 3.21 -2.35
4602.0 26.0 1.61 -3.15
4602.94 26.0 1.49 -2.22
4607.65 26.0 3.27 -1.33
4619.29 26.0 3.6 -1.06
4630.12 26.0 2.28 -2.58
4637.5 26.0 3.28 -1.29
4668.13 26.0 3.27 -1.08
4704.95 26.0 3.69 -1.32
4733.59 26.0 1.49 -2.99
4736.77 26.0 3.21 -0.67
4787.83 26.0 3.0 -2.62
4807.71 26.0 3.37 -2.15
4871.32 26.0 2.87 -0.34
4875.88 26.0 3.33 -1.9
4882.14 26.0 3.42 -1.48
4885.43 26.0 3.88 -0.97
4890.76 26.0 2.88 -0.38
4896.44 26.0 3.88 -1.89
4903.31 26.0 2.88 -0.89
4905.13 26.0 3.93 -1.73
4907.73 26.0 3.43 -1.7
4910.02 26.0 3.4 -1.28
4911.78 26.0 3.93 -1.75
4946.39 26.0 3.37 -1.11
4950.11 26.0 3.42 -1.5
4966.09 26.0 3.33 -0.79
5001.86 26.0 3.88 -0.01
5002.79 26.0 3.4 -1.46
5005.71 26.0 3.88 -0.12
5014.94 26.0 3.94 -0.18
5022.24 26.0 3.98 -0.33
5028.13 26.0 3.57 -1.02
5039.25 26.0 3.37 -1.52
5048.44 26.0 3.96 -1.0
5049.82 26.0 2.28 -1.35
5133.69 26.0 4.18 0.36
5194.94 26.0 1.56 -2.09
5198.71 26.0 2.22 -2.13
5202.34 26.0 2.18 -1.84
5215.18 26.0 3.27 -0.86
5216.27 26.0 1.61 -2.15
5217.39 26.0 3.21 -1.07
5242.49 26.0 3.63 -0.97
5253.46 26.0 3.28 -1.58
5263.31 26.0 3.27 -0.87
5288.52 26.0 3.69 -1.49
5307.36 26.0 1.61 -2.99
5324.18 26.0 3.21 -0.11
5332.9 26.0 1.56 -2.78
5339.93 26.0 3.27 -0.63
5341.02 26.0 1.61 -1.95
5373.71 26.0 4.47 -0.71
5379.57 26.0 3.69 -1.42
5473.9 26.0 4.15 -0.72
5483.1 26.0 4.15 -1.39
5493.5 26.0 4.1 -1.48
5525.54 26.0 4.23 -1.08
5554.9 26.0 4.55 -0.27
5563.6 26.0 4.19 -0.75
5569.62 26.0 3.42 -0.52
5586.76 26.0 3.37 -0.11
5618.63 26.0 4.21 -1.25
5624.54 26.0 3.42 -0.76
5638.26 26.0 4.22 -0.72
5662.52 26.0 4.18 -0.41
5686.53 26.0 4.55 -0.45
5705.47 26.0 4.3 -1.35
5753.12 26.0 4.26 -0.62
5775.08 26.0 4.22 -1.08
6003.01 26.0 3.88 -1.1
6008.56 26.0 3.88 -0.98
6056.0 26.0 4.73 -0.32
6065.48 26.0 2.61 -1.53
6151.62 26.0 2.18 -3.3
6173.34 26.0 2.22 -2.88
6219.28 26.0 2.2 -2.43
6232.64 26.0 3.65 -1.24
6246.32 26.0 3.6 -0.77
6252.56 26.0 2.4 -1.69
6265.13 26.0 2.18 -2.55
6301.5 26.0 3.65 -0.71
6315.81 26.0 4.08 -1.63
6336.82 26.0 3.69 -0.85
6408.02 26.0 3.69 -0.99
6411.65 26.0 3.65 -0.59
6421.35 26.0 2.28 -2.03
6430.85 26.0 2.18 -2.01
6481.87 26.0 2.28 -2.98
6677.99 26.0 2.69 -1.42
6750.15 26.0 2.42 -2.62
6752.71 26.0 4.64 -1.2
6843.66 26.0 4.55 -0.73
6855.16 26.0 4.56 -0.49
6858.15 26.0 4.61 -0.9
7495.07 26.0 4.22 -0.1
7511.02 26.0 4.18 0.12
7568.9 26.0 4.28 -0.88
8220.38 26.0 4.32 0.3
4491.4 26.1 2.86 -2.64
4576.34 26.1 2.84 -2.92
4582.84 26.1 2.84 -3.06
4620.52 26.1 2.83 -3.19
4629.34 26.1 2.81 -2.26
5197.58 26.1 3.23 -2.05
5414.07 26.1 3.22 -3.48
6432.68 26.1 2.89 -3.5
6516.08 26.1 2.89 -3.37
7515.83 26.1 3.9 -3.39
3405.12 27.0 0.43 0.29
3409.18 27.0 0.51 -0.22
3412.34 27.0 0.51 0.06
3412.63 27.0 0.0 -0.71
3431.58 27.0 0.1 -0.9
3433.04 27.0 0.63 -0.18
3449.17 27.0 0.58 -0.12
3449.44 27.0 0.43 -0.48
3455.24 27.0 0.22 -1.19
3489.4 27.0 0.92 0.18
3491.32 27.0 0.22 -1.41
3513.48 27.0 0.1 -0.79
3518.35 27.0 1.05 0.0
3529.03 27.0 0.17 -0.89
3550.59 27.0 0.17 -1.59
3564.95 27.0 0.58 -0.96
3842.05 27.0 0.92 -0.74
3845.47 27.0 0.92 0.06
3995.31 27.0 0.92 -0.18
4118.77 27.0 1.05 -0.48
4121.32 27.0 0.92 -0.33
3472.54 28.0 0.11 -0.79
3597.7 28.0 0.21 -1.1
4470.48 28.0 3.4 -0.3
4604.99 28.0 3.48 -0.24
4648.65 28.0 3.42 -0.09
4686.21 28.0 3.59 -0.59
4714.42 28.0 3.38 0.25
4756.52 28.0 3.48 -0.27
4980.17 28.0 3.6 0.07
5017.58 28.0 3.54 -0.03
5080.53 28.0 3.65 0.32
6643.63 28.0 1.68 -2.22
6767.77 28.0 1.82 -2.14
5105.54 29.0 1.39 -1.5
4680.14 30.0 4.01 -0.85
4722.15 30.0 4.03 -0.37
4810.53 30.0 4.08 -0.15
7800.27 37.0 0.0 0.14
7947.6 37.0 0.0 -0.16
4607.33 38.0 0.0 0.28
4077.71 38.1 0.0 0.15
4161.8 38.1 2.94 -0.47
4215.52 38.1 0.0 -0.17
3448.8 39.1 0.41 -1.41
3549.0 39.1 0.13 -0.29
3600.73 39.1 0.18 0.34
3601.92 39.1 0.1 -0.15
3611.04 39.1 0.13 0.05
3628.7 39.1 0.13 -0.7
3710.29 39.1 0.18 0.51
3747.55 39.1 0.1 -0.95
3832.89 39.1 0.18 -0.34
3950.35 39.1 0.1 -0.73
3982.59 39.1 0.13 -0.56
4124.9 39.1 0.41 -1.38
4235.73 39.1 0.13 -1.27
4358.72 39.1 0.1 -1.15
4398.01 39.1 0.13 -0.75
4682.32 39.1 0.41 -1.73
4823.3 39.1 0.99 -0.99
4854.86 39.1 0.99 -0.27
4883.68 39.1 1.08 0.19
4900.12 39.1 1.03 0.03
4982.13 39.1 1.03 -1.32
5087.42 39.1 1.08 -0.16
5119.11 39.1 0.99 -1.33
5123.21 39.1 0.99 -0.79
5200.41 39.1 0.99 -0.47
5205.72 39.1 1.03 -0.28
5289.82 39.1 1.03 -1.68
5402.77 39.1 1.84 -0.31
5473.38 39.1 1.74 -0.78
5480.73 39.1 1.72 -0.85
5509.89 39.1 0.99 -1.31
5521.56 39.1 1.74 -0.94
5544.61 39.1 1.74 -0.83
5546.01 39.1 1.74 -0.82
5662.92 39.1 1.94 0.34
5728.89 39.1 1.84 -1.15
6613.73 39.1 1.75 -0.83
6795.34 39.1 1.74 -1.03
7450.28 39.1 1.75 -1.44
7881.88 39.1 1.84 -0.6
3403.68 40.1 1.0 -0.6
3404.83 40.1 0.36 -0.49
3408.08 40.1 0.97 -0.66
3430.53 40.1 0.47 -0.16
3432.4 40.1 0.93 -0.72
3433.91 40.1 1.0 -0.89
3454.57 40.1 0.93 -1.33
3458.93 40.1 0.96 -0.48
3479.02 40.1 0.53 -0.67
3499.57 40.1 0.41 -1.06
3505.67 40.1 0.16 -0.39
3536.94 40.1 0.36 -1.41
3549.51 40.1 1.24 -0.72
3551.95 40.1 0.1 -0.36
3607.37 40.1 1.24 -0.7
3630.02 40.1 0.36 -1.11
3714.78 40.1 0.53 -0.96
3718.83 40.1 0.36 -1.76
3766.82 40.1 0.41 -0.83
3796.48 40.1 1.01 -0.89
3814.96 40.1 0.41 -2.26
3836.76 40.1 0.56 -0.12
3998.96 40.1 0.56 -0.52
4034.08 40.1 0.8 -1.51
4040.24 40.1 0.93 -1.65
4048.67 40.1 0.8 -0.53
4050.32 40.1 0.71 -1.06
4071.09 40.1 1.0 -1.66
4077.05 40.1 0.96 -1.69
4149.2 40.1 0.8 -0.04
4156.23 40.1 0.71 -0.78
4161.2 40.1 0.71 -0.59
4179.81 40.1 1.66 -0.68
4208.98 40.1 0.71 -0.51
4210.61 40.1 1.66 -1.19
4211.88 40.1 0.53 -1.04
4231.63 40.1 1.76 -0.79
4258.04 40.1 0.56 -1.2
4273.51 40.1 0.76 -1.48
4317.31 40.1 0.71 -1.45
4336.34 40.1 1.83 -1.75
4359.73 40.1 1.24 -0.51
4370.95 40.1 1.21 -0.77
4414.54 40.1 1.24 -1.08
4440.45 40.1 1.21 -1.04
4442.99 40.1 1.49 -0.42
4457.41 40.1 1.18 -1.22
4496.96 40.1 0.71 -0.89
4613.95 40.1 0.97 -1.54
5112.27 40.1 1.66 -0.85
5350.35 40.1 1.77 -1.16
3740.72 41.1 1.62 -0.31
3864.1 42.0 0.0 -0.01
3902.95 42.0 0.0 -0.15
5533.03 42.0 1.34 -0.07
3436.74 44.0 0.15 0.15
3498.94 44.0 0.0 0.31
3742.28 44.0 0.34 -0.18
3798.9 44.0 0.15 -0.04
3799.35 44.0 0.0 0.02
3434.89 45.0 0.0 0.44
3700.91 45.0 0.19 -0.1
3958.86 45.0 0.97 0.01
3404.58 46.0 0.81 0.32
3460.74 46.0 0.81 -0.42
3516.94 46.0 0.96 -0.24
3382.89 47.0 0.0 -0.33
3891.78 56.1 2.51 0.29
4130.65 56.1 2.72 0.52
4166.0 56.1 2.72 -0.43
4524.93 56.1 2.51 -0.39
5853.68 56.1 0.6 -0.91
3713.54 57.1 0.17 -0.8
3794.77 57.1 0.24 0.21
3949.1 57.1 0.4 0.49
3988.51 57.1 0.4 0.21
3995.74 57.1 0.17 -0.06
4067.38 57.1 0.17 -0.96
4077.34 57.1 0.24 -0.06
4086.71 57.1 0.0 -0.07
4123.22 57.1 0.32 0.13
4141.72 57.1 0.4 -0.66
4238.37 57.1 0.4 -0.26
4322.5 57.1 0.17 -0.93
4333.75 57.1 0.17 -0.06
4429.91 57.1 0.24 -0.35
4526.11 57.1 0.77 -0.59
4558.46 57.1 0.32 -0.97
4574.86 57.1 0.17 -1.08
4605.78 57.1 0.71 -1.18
4662.5 57.1 0.0 -1.24
4716.44 57.1 0.77 -1.21
4740.28 57.1 0.13 -1.11
4748.73 57.1 0.93 -0.54
4804.04 57.1 0.24 -1.49
4809.0 57.1 0.24 -1.4
4920.98 57.1 0.13 -0.58
4921.78 57.1 0.24 -0.45
4986.82 57.1 0.17 -1.3
5114.56 57.1 0.24 -1.03
5122.99 57.1 0.32 -0.91
5156.73 57.1 0.13 -1.85
5163.61 57.1 0.24 -1.81
5290.82 57.1 0.0 -1.65
5301.97 57.1 0.4 -0.94
5303.53 57.1 0.32 -1.35
5482.27 57.1 0.0 -2.23
5797.57 57.1 0.24 -1.36
5805.77 57.1 0.13 -1.56
5863.69 57.1 0.93 -1.37
6262.29 57.1 0.4 -1.22
6390.48 57.1 0.32 -1.41
3539.08 58.1 0.32 -0.27
3942.15 58.1 0.0 -0.22
3942.74 58.1 0.86 0.69
3980.89 58.1 0.71 -0.21
3999.24 58.1 0.3 0.06
4014.9 58.1 0.53 -0.2
4042.58 58.1 0.5 0.0
4046.34 58.1 0.55 -0.16
4053.5 58.1 0.0 -0.61
4068.84 58.1 0.7 -0.17
4072.92 58.1 0.33 -0.64
4073.47 58.1 0.48 0.21
4075.7 58.1 0.7 0.23
4083.22 58.1 0.7 0.27
4087.36 58.1 0.53 -0.73
4117.29 58.1 0.74 -0.45
4118.14 58.1 0.7 0.13
4120.83 58.1 0.32 -0.37
4127.36 58.1 0.68 0.31
4135.42 58.1 0.56 -0.49
4137.64 58.1 0.52 0.4
4142.4 58.1 0.7 0.22
4145.0 58.1 0.7 0.1
4146.23 58.1 0.56 -0.12
4148.16 58.1 0.74 -0.76
4165.6 58.1 0.91 0.52
4187.32 58.1 0.55 -0.43
4193.87 58.1 0.55 -0.48
4214.03 58.1 0.61 -0.45
4222.6 58.1 0.12 -0.15
4289.93 58.1 0.33 0.11
4330.44 58.1 0.32 -0.83
4332.7 58.1 0.7 -0.59
4349.79 58.1 0.7 -0.32
4361.65 58.1 0.53 -0.95
4364.65 58.1 0.5 -0.17
4382.16 58.1 0.68 0.13
4391.66 58.1 0.32 -0.04
4399.2 58.1 0.33 -0.44
4407.27 58.1 0.7 -0.71
4418.78 58.1 0.86 0.27
4449.33 58.1 0.61 0.04
4460.21 58.1 0.48 0.28
4471.24 58.1 0.7 0.23
4479.36 58.1 0.56 -0.44
4483.89 58.1 0.86 0.1
4486.91 58.1 0.3 -0.18
4523.08 58.1 0.52 -0.08
4539.74 58.1 0.33 -0.08
4560.96 58.1 0.68 -0.26
4562.36 58.1 0.48 0.21
4572.28 58.1 0.68 0.22
4582.5 58.1 0.7 -0.35
4591.12 58.1 1.11 -0.41
4593.93 58.1 0.7 0.07
4628.16 58.1 0.52 0.14
4684.6 58.1 0.9 -0.39
4773.94 58.1 0.92 -0.39
4882.46 58.1 1.53 0.19
5011.76 58.1 1.05 -0.49
5187.46 58.1 1.21 0.17
5274.23 58.1 1.04 0.13
5330.56 58.1 0.87 -0.4
5393.39 58.1 1.1 -0.06
5468.37 58.1 1.4 -0.07
5512.06 58.1 1.01 -0.39
6043.37 58.1 1.2 -0.48
3964.82 59.1 0.06 0.07
3965.26 59.1 0.2 0.18
3994.8 59.1 0.06 -0.03
4004.7 59.1 0.22 -0.25
4039.34 59.1 0.2 -0.34
4044.8 59.1 0.0 -0.29
4062.8 59.1 0.42 0.33
4164.16 59.1 0.2 0.17
4179.4 59.1 0.2 0.46
4189.49 59.1 0.37 0.43
4222.95 59.1 0.06 0.23
4225.32 59.1 0.0 0.32
4405.83 59.1 0.55 -0.06
4408.81 59.1 0.0 0.05
4496.33 59.1 0.22 -0.76
4496.47 59.1 0.06 -0.37
5135.15 59.1 0.95 0.01
5173.91 59.1 0.97 0.36
5219.06 59.1 0.8 -0.05
5259.73 59.1 0.63 0.12
5322.77 59.1 0.48 -0.12
5352.4 59.1 0.48 -0.74
3615.81 60.1 0.2 -0.76
3738.06 60.1 0.56 -0.04
3759.79 60.1 0.63 -0.45
3780.38 60.1 0.47 -0.35
3784.24 60.1 0.38 0.15
3810.48 60.1 0.74 -0.14
3826.41 60.1 0.06 -0.41
3838.98 60.1 0.0 -0.24
3879.54 60.1 0.32 -0.21
3887.87 60.1 0.06 -0.78
3891.51 60.1 0.74 -0.14
3900.22 60.1 0.47 0.1
3990.1 60.1 0.47 0.13
3991.74 60.1 0.0 -0.26
3994.67 60.1 0.32 0.04
4004.0 60.1 0.06 -0.57
4007.43 60.1 0.47 -0.4
4011.06 60.1 0.47 -0.76
4012.24 60.1 0.63 0.81
4012.7 60.1 0.0 -0.6
4013.22 60.1 0.18 -1.1
4018.82 60.1 0.06 -0.85
4021.33 60.1 0.32 -0.1
4023.0 60.1 0.56 0.04
4041.06 60.1 0.47 -0.53
4043.59 60.1 0.32 -0.71
4051.14 60.1 0.38 -0.3
4059.95 60.1 0.2 -0.52
4069.26 60.1 0.06 -0.57
4075.11 60.1 0.2 -0.48
4075.27 60.1 0.06 -0.76
4109.45 60.1 0.32 0.35
4135.32 60.1 0.63 -0.07
4136.75 60.1 0.38 -1.03
4156.08 60.1 0.18 0.16
4177.32 60.1 0.06 -0.1
4211.29 60.1 0.2 -0.86
4232.37 60.1 0.06 -0.47
4284.51 60.1 0.63 -0.17
4303.57 60.1 0.0 0.08
4351.28 60.1 0.18 -0.61
4358.16 60.1 0.32 -0.16
4368.63 60.1 0.06 -0.81
4385.66 60.1 0.2 -0.3
4400.82 60.1 0.06 -0.6
4446.38 60.1 0.2 -0.35
4451.98 60.1 0.0 -1.1
4462.98 60.1 0.56 0.04
4465.06 60.1 0.0 -1.36
4465.59 60.1 0.18 -1.1
4497.91 60.1 0.56 -1.02
4501.81 60.1 0.2 -0.69
4506.58 60.1 0.06 -1.04
4541.27 60.1 0.38 -0.74
4542.6 60.1 0.74 -0.28
4563.22 60.1 0.18 -0.88
4567.61 60.1 0.2 -1.31
4645.76 60.1 0.56 -0.76
4703.57 60.1 0.38 -1.0
4706.54 60.1 0.0 -0.71
4715.59 60.1 0.2 -0.9
4763.62 60.1 0.38 -1.27
4786.11 60.1 0.18 -1.41
4797.15 60.1 0.56 -0.69
4799.42 60.1 0.0 -1.45
4825.48 60.1 0.18 -0.42
4859.03 60.1 0.32 -0.44
4902.04 60.1 0.06 -1.34
4914.38 60.1 0.38 -0.7
4959.12 60.1 0.06 -0.8
4987.16 60.1 0.74 -0.79
4989.42 60.1 0.68 -1.19
5063.72 60.1 0.98 -0.62
5066.83 60.1 0.56 -1.43
5092.79 60.1 0.38 -0.61
5130.59 60.1 1.3 0.45
5132.33 60.1 0.56 -0.71
5165.13 60.1 0.68 -0.74
5167.92 60.1 0.56 -1.18
5192.61 60.1 1.14 0.27
5212.36 60.1 0.2 -0.96
5215.65 60.1 1.26 -0.74
5234.19 60.1 0.55 -0.51
5249.58 60.1 0.98 0.2
5250.81 60.1 0.74 -0.72
5255.51 60.1 0.2 -0.67
5293.16 60.1 0.82 0.1
5303.2 60.1 0.38 -1.43
5306.46 60.1 0.86 -0.97
5311.45 60.1 0.98 -0.42
5319.81 60.1 0.55 -0.14
5356.97 60.1 1.26 -0.28
5371.93 60.1 1.41 0.0
5431.52 60.1 1.12 -0.47
5485.1 60.1 0.55 -1.64
5485.7 60.1 1.26 -0.12
5688.52 60.1 0.98 -0.31
5740.86 60.1 1.16 -0.53
5811.57 60.1 0.86 -0.86
3566.81 62.1 0.25 -1.22
3627.0 62.1 0.28 -0.51
3706.75 62.1 0.48 -0.6
3708.41 62.1 0.04 -1.01
3755.28 62.1 0.33 -0.65
3764.37 62.1 0.33 -0.55
3831.51 62.1 0.43 -0.43
3843.51 62.1 0.43 -0.45
3847.52 62.1 0.33 -0.78
3896.97 62.1 0.04 -0.67
3922.39 62.1 0.38 -0.26
3946.5 62.1 0.18 -0.94
3979.2 62.1 0.54 -0.47
3993.31 62.1 0.04 -0.93
4023.22 62.1 0.04 -0.93
4047.15 62.1 0.18 -0.92
4064.55 62.1 0.33 -0.67
4066.73 62.1 0.28 -0.74
4068.32 62.1 0.43 -0.76
4155.21 62.1 0.54 -0.73
4169.47 62.1 0.25 -0.76
4183.77 62.1 0.04 -1.05
4188.13 62.1 0.54 -0.44
4206.12 62.1 0.38 -0.72
4220.66 62.1 0.54 -0.44
4236.74 62.1 0.66 -0.21
4244.7 62.1 0.28 -0.81
4256.39 62.1 0.38 -0.15
4262.67 62.1 0.38 -0.49
4265.07 62.1 0.18 -1.04
4280.78 62.1 0.48 0.06
4318.94 62.1 0.28 -0.25
4323.29 62.1 0.1 -0.92
4329.02 62.1 0.18 -0.51
4334.15 62.1 0.28 -0.5
4362.02 62.1 0.48 -0.47
4390.86 62.1 0.18 -0.45
4420.53 62.1 0.33 -0.43
4421.13 62.1 0.38 -0.49
4424.34 62.1 0.48 0.14
4427.58 62.1 0.25 -1.29
4433.89 62.1 0.43 -0.19
4434.32 62.1 0.38 -0.07
4452.72 62.1 0.28 -0.41
4467.34 62.1 0.66 0.15
4472.41 62.1 0.18 -0.96
4499.48 62.1 0.25 -0.87
4511.83 62.1 0.18 -0.82
4519.63 62.1 0.54 -0.35
4523.91 62.1 0.43 -0.39
4536.51 62.1 0.1 -1.28
4537.94 62.1 0.48 -0.48
4540.18 62.1 0.28 -1.28
4542.05 62.1 0.25 -1.04
4552.65 62.1 0.25 -0.82
4566.2 62.1 0.33 -0.59
4577.69 62.1 0.25 -0.65
4584.83 62.1 0.43 -0.65
4591.82 62.1 0.18 -1.12
4593.55 62.1 0.38 -0.83
4604.17 62.1 0.04 -1.39
4615.44 62.1 0.54 -0.69
4615.68 62.1 0.19 -0.84
4642.23 62.1 0.38 -0.46
4646.68 62.1 0.28 -1.03
4648.16 62.1 0.0 -1.51
4669.39 62.1 0.1 -0.6
4669.64 62.1 0.28 -0.53
4674.59 62.1 0.18 -0.56
4676.9 62.1 0.04 -0.87
4687.18 62.1 0.04 -1.15
4693.63 62.1 0.18 -1.48
4704.4 62.1 0.0 -0.86
4713.07 62.1 0.54 -0.8
4715.27 62.1 0.1 -1.46
4719.85 62.1 0.04 -1.24
4745.67 62.1 0.1 -0.93
4774.14 62.1 0.18 -1.61
4791.58 62.1 0.1 -1.44
4815.81 62.1 0.18 -0.82
4844.21 62.1 0.28 -0.89
4854.37 62.1 0.38 -1.25
4913.26 62.1 0.66 -0.93
4948.63 62.1 0.54 -0.95
5052.75 62.1 1.37 -0.16
5103.08 62.1 1.16 -0.35
5104.47 62.1 1.0 -0.65
3724.93 63.1 0.0 -0.09
3819.67 63.1 0.0 0.51
3907.11 63.1 0.21 0.17
3971.97 63.1 0.21 0.27
4129.72 63.1 0.0 0.22
4205.04 63.1 0.0 0.21
4435.58 63.1 0.21 -0.11
5966.06 63.1 1.25 -1.04
6049.51 63.1 1.28 -0.8
6173.03 63.1 1.32 -0.86
6437.64 63.1 1.32 -0.32
6645.06 63.1 1.38 0.12
7077.09 63.1 1.25 -0.72
7217.56 63.1 1.23 -0.35
7301.19 63.1 1.25 -0.39
7370.22 63.1 1.32 -0.29
7426.57 63.1 1.28 -0.67
3418.73 64.1 0.0 -0.36
3424.6 64.1 0.35 -0.34
3425.93 64.1 0.38 -0.6
3439.21 64.1 0.38 0.08
3451.24 64.1 0.38 -0.25
3467.27 64.1 0.42 0.09
3473.22 64.1 0.03 -0.37
3481.8 64.1 0.49 0.12
3482.61 64.1 0.43 -0.47
3491.96 64.1 0.0 -0.53
3549.36 64.1 0.24 0.29
3557.06 64.1 0.6 0.05
3646.2 64.1 0.24 0.31
3699.74 64.1 0.35 -0.29
3712.7 64.1 0.38 0.04
3719.45 64.1 1.23 0.47
3791.17 64.1 1.25 0.13
3796.38 64.1 0.03 0.02
3894.69 64.1 0.0 -0.58
3957.67 64.1 0.6 -0.25
3996.31 64.1 1.13 -0.1
4037.32 64.1 0.66 -0.11
4037.89 64.1 0.56 -0.42
4049.42 64.1 0.66 -0.08
4049.85 64.1 0.99 0.48
4063.38 64.1 0.99 0.33
4085.56 64.1 0.73 -0.01
4132.26 64.1 0.6 -0.15
4191.07 64.1 0.43 -0.48
4251.73 64.1 0.38 -0.22
4253.6 64.1 1.13 -0.04
4316.05 64.1 0.66 -0.45
4342.18 64.1 0.6 -0.27
4419.03 64.1 0.49 -0.7
4483.33 64.1 1.06 -0.42
4498.29 64.1 0.43 -1.08
4506.34 64.1 0.5 -1.03
5733.85 64.1 1.37 -0.65
3702.85 65.1 0.13 0.44
3747.38 65.1 0.4 0.13
3874.17 65.1 0.0 0.27
3407.8 66.1 0.0 0.18
3413.78 66.1 0.1 -0.52
3434.37 66.1 0.0 -0.45
3454.32 66.1 0.1 -0.14
3456.56 66.1 0.59 -0.11
3460.97 66.1 0.0 -0.07
3531.71 66.1 0.0 0.77
3534.96 66.1 0.1 -0.04
3536.02 66.1 0.54 0.53
3538.52 66.1 0.0 -0.02
3546.83 66.1 0.1 -0.55
3550.22 66.1 0.59 0.27
3563.15 66.1 0.1 -0.36
3694.81 66.1 0.1 -0.11
3747.82 66.1 0.1 -0.81
3757.37 66.1 0.1 -0.17
3944.68 66.1 0.0 0.11
3978.56 66.1 0.92 0.22
3983.65 66.1 0.54 -0.31
3996.69 66.1 0.59 -0.26
4011.29 66.1 0.92 -0.73
4041.98 66.1 0.93 -0.9
4050.57 66.1 0.59 -0.47
4073.12 66.1 0.54 -0.32
4077.97 66.1 0.1 -0.04
4103.31 66.1 0.1 -0.38
4124.63 66.1 0.92 -0.66
4129.42 66.1 0.54 -0.61
4409.38 66.1 0.0 -1.24
4449.7 66.1 0.0 -1.03
4620.04 66.1 0.1 -1.93
5169.69 66.1 0.1 -1.95
3398.94 67.1 0.0 0.41
3416.44 67.1 0.08 0.26
3453.11 67.1 0.08 0.01
3456.01 67.1 0.0 0.76
3484.83 67.1 0.08 0.28
3796.73 67.1 0.0 0.16
3810.71 67.1 0.0 0.19
3890.97 67.1 0.08 0.46
4045.45 67.1 0.0 -0.05
3499.1 68.1 0.06 0.29
3580.52 68.1 0.06 -0.62
3633.54 68.1 0.0 -0.53
3692.65 68.1 0.06 0.28
3729.52 68.1 0.0 -0.59
3781.01 68.1 0.67 -0.66
3786.84 68.1 0.0 -0.52
3797.06 68.1 0.06 -1.03
3830.48 68.1 0.0 -0.22
3880.61 68.1 0.64 -0.25
3896.23 68.1 0.06 -0.12
3906.31 68.1 0.0 0.12
4142.91 68.1 0.64 -0.72
3462.2 69.1 0.0 0.03
3700.26 69.1 0.03 -0.38
3701.36 69.1 0.0 -0.54
3795.76 69.1 0.03 -0.23
3848.02 69.1 0.0 -0.14
3996.51 69.1 0.0 -1.2
4242.15 69.1 0.03 -0.95
3694.19 70.1 0.0 -0.3
3507.38 71.1 0.0 -1.16
6221.86 71.1 1.54 -0.76
3399.79 72.1 0.0 -0.57
3505.22 72.1 1.04 -0.14
3719.28 72.1 0.61 -0.81
3918.09 72.1 0.45 -1.14
4093.15 72.1 0.45 -1.15
4135.78 76.0 0.52 -1.24
4260.8 76.0 0.0 -1.43
3800.12 77.0 0.0 -1.43
4057.81 82.0 1.32 -0.22
3351.23 90.1 0.19 -0.6
3435.98 90.1 0.0 -0.67
4019.13 90.1 0.0 -0.23
4086.52 90.1 0.0 -0.93
4094.75 90.1 0.0 -0.88
3859.57 92.1 0.04 -0.07
4241.66 92.1 0.57 -0.1
