wavelength species excitation loggf disassociation_energy comment
3457.25 106.00112 0.73 -4.93 3.464 CX12P065
3457.293 22.0 0.825 -2.23 LAWLER ""
3457.337 26.0 3.692 -3.52 "" ""
3457.348 24.0 4.096 -2.6 "" ""
3457.356 106.00113 0.911 -8.269 3.464 AX20R235
3457.364 42.0 2.595 -1.62 "" ""
3457.371 106.00113 0.19 -7.678 3.464 AX20R105
3457.373 106.00112 0.807 -5.053 3.464 AX52P085
3457.378 607.01214 2.358 -4.531 7.724 1109Qc0295
3457.394 106.00112 0.807 -6.564 3.464 AX52Q085
3457.396 24.0 3.963 -4.32 "" ""
3457.397 607.01214 2.358 -1.3 7.724 1109Pb0295
3457.398 607.01214 2.358 -1.28 7.724 1109Pa0305
3457.399 21.0 1.986 -1.71 "" ""
3457.42 107.00114 0.561 -5.464 3.400 ""
3457.437 21.0 2.008 0.23 "" ""
3457.49 22.0 0.848 -1.87 LAWLER ""
3457.5 28.0 3.191 -5.26 "" ""
3457.508 26.0 2.452 -3.28 "" ""
3457.514 106.00112 0.807 -4.986 3.464 AX52P095
3457.525 23.1 5.829 -4.27 "" ""
3457.543 106.00112 0.409 -9.279 3.464 CX01Q055
3457.548 40.1 0.558 -0.53 "" ""
3457.557 63.1 1.249 -1.37 "" ""
3457.562 107.00114 1.231 -4.34 3.400 ""
3457.569 106.00112 0.409 -4.426 3.464 CX01P055
3457.573 23.0 1.891 -7.66 "" ""
3457.609 24.1 4.934 -0.53 "" ""
3457.635 107.00114 1.231 -3.074 3.400 ""
3457.64 106.00113 0.975 -5.254 3.464 CX23P015
3457.658 106.00113 0.975 -8.143 3.464 CX23Q015
3457.672 607.01314 2.296 -4.585 7.724 1109Qc0285
3457.685 607.01314 2.296 -1.386 7.724 1109Pb0285
3457.692 607.01314 2.296 -1.365 7.724 1109Pa0295
3457.695 23.0 2.721 -5.16 "" ""
3457.712 92.1 0.685 -0.42 "" ""
3457.744 26.0 3.692 -3.52 "" ""
3457.764 106.00112 0.41 -4.35 3.464 CX01P065
3457.799 41.0 1.12 -0.61 "" ""
3457.801 25.1 5.376 -2.34 "" ""
3457.819 29.0065 1.388 -5.746 KURHFS ""
3457.821 29.0063 1.388 -5.746 KURHFS ""
3457.828 29.0065 1.388 -4.6 KURHFS ""
3457.829 29.0063 1.388 -4.6 KURHFS ""
3457.84 29.0065 1.388 -5.57 KURHFS ""
3457.841 29.0063 1.388 -5.57 KURHFS ""
3457.841 29.0065 1.388 -3.792 KURHFS ""
3457.842 29.0063 1.388 -3.792 KURHFS ""
3457.846 29.0063 1.388 -4.503 KURHFS ""
3457.846 29.0065 1.388 -4.503 KURHFS ""
3457.855 29.0063 1.388 -3.998 KURHFS ""
3457.855 29.0065 1.388 -3.998 KURHFS ""
3457.858 29.0063 1.388 -4.616 KURHFS ""
3457.858 29.0065 1.388 -4.616 KURHFS ""
3457.863 29.0063 1.388 -4.248 KURHFS ""
3457.864 29.0065 1.388 -4.248 KURHFS ""
3457.866 29.0063 1.388 -4.57 KURHFS ""
3457.867 29.0065 1.388 -4.57 KURHFS ""
3457.87 42.0 2.932 -1.58 "" ""
3457.873 106.00112 1.334 -6.695 3.464 CX23R145
3457.884 26.0 3.281 -2.52 "" ""
3457.9 28.0 3.304 -3.78 "" ""
3457.91 62.1 0.333 -1.74 LAWLER ""
3457.926 45.0 1.675 -0.06 "" ""
3457.943 106.00112 1.334 -3.805 3.464 CX23Q145
3457.952 106.00112 1.334 -3.734 3.464 CX23Q155
3457.963 23.0 2.706 -5.69 "" ""
3457.981 22.0 2.493 -3.22 "" ""
3457.986 607.01314 2.514 -1.101 7.724 1210Rb0285
3457.99 25.1 4.82 -4.38 "" ""
3458.003 22.0 0.835 -2.05 LAWLER ""
3458.005 607.01314 2.514 -4.354 7.724 1210Qd0295
3458.023 106.00112 1.334 -10.214 3.464 CX23P155
3458.029 27.0 2.079 -1.4 LAWNHFS ""
3458.048 21.0 2.294 -3.46 "" ""
3458.058 23.1 5.83 -4.63 "" ""
3458.066 23.0 2.579 -5.77 "" ""
3458.084 24.0 3.847 -0.69 "" ""
3458.112 106.00113 1.283 -7.07 3.464 AX41Q245
3458.122 26.1 1.963 -4.19 "" ""
3458.141 22.0 2.479 -2.42 "" ""
3458.152 42.0 2.521 -0.88 "" ""
3458.17 26.0 2.48 -6.58 "" ""
3458.17 92.0 0.471 0.13 "" ""
3458.206 26.0 3.692 -3.97 "" ""
3458.225 25.1 5.369 -3.27 "" ""
3458.234 24.0 3.847 -2.07 "" ""
3458.252 27.0 2.955 -6.99 "" ""
3458.253 106.00113 0.976 -5.373 3.464 CX23P025
3458.28 70.1 4.96 -0.28 "" ""
3458.299 106.00112 0.157 -7.66 3.464 AX20R095
3458.303 26.0 2.422 -1.28 "" ""
3458.314 607.01214 2.372 -4.539 7.724 1109Qc0305
3458.33 607.01214 2.372 -1.28 7.724 1109Pb0305
3458.336 607.01214 2.372 -1.26 7.724 1109Pa0315
3458.339 24.0 2.98 -1.83 "" ""
3458.351 24.0 3.085 -1.5 "" ""
3458.359 22.0 2.406 -1.52 "" ""
3458.408 107.00114 1.435 -0.857 3.400 ""
3458.409 25.1 6.666 -3.5 "" ""
3458.423 106.00113 1.283 -5.086 3.464 AX41R245
3458.428 76.0 1.84 -0.78 "" ""
3458.435 25.1 6.489 -2.96 "" ""
3458.449 20.0 4.128 -4.61 "" ""
3458.46 28.0 0.212 -0.21 LAWLER ""
3458.477 28.0 3.191 -4.02 "" ""
3458.482 106.00113 0.75 -4.93 3.464 CX12P065
3458.502 26.0 3.692 -3.33 "" ""
3458.503 6.0 7.482 -2.57 "" ""
3458.545 28.0 3.477 -1.84 "" ""
3458.552 107.00114 1.435 -2.678 3.400 ""
3458.552 607.01314 2.308 -4.594 7.724 1109Qc0295
3458.552 69.0 2.336 1.03 "" ""
3458.555 107.00114 1.484 -3.04 3.400 ""
3458.565 607.01314 2.308 -1.365 7.724 1109Pb0295
3458.57 107.00114 1.435 -0.839 3.400 ""
3458.572 607.01314 2.308 -1.345 7.724 1109Pa0305
3458.581 106.00113 0.75 -12.747 3.464 CX12Q065
3458.595 106.00112 0.919 -8.203 3.464 AX20R235
3458.599 23.0 2.741 -4.25 "" ""
3458.612 106.00113 0.75 -4.839 3.464 CX12P075
3458.677 106.00113 1.284 -5.053 3.464 AX41R235
3458.679 106.00112 0.157 -7.629 3.464 AX20R095
3458.685 26.0 3.639 -5.12 "" ""
3458.694 107.00114 1.434 -0.815 3.400 ""
3458.732 21.0 1.849 -1.2 "" ""
3458.811 106.00112 0.978 -8.143 3.464 CX23Q015
3458.818 106.00112 0.978 -5.254 3.464 CX23P015
3458.83 25.0 3.761 -1.78 "" ""
3458.85 107.00114 0.416 -3.482 3.400 ""
3458.875 107.00114 1.435 -5.109 3.400 ""
3458.877 106.00113 0.431 -4.35 3.464 CX01P065
3458.88 75.0 2.136 -0.32 "" ""
3458.886 26.1 5.906 -3.41 "" ""
3458.887 106.00112 1.042 -4.765 3.464 AX52R145
3458.893 107.00114 1.435 -2.651 3.400 ""
3458.903 22.1 4.28 -0.46 "" ""
3458.926 26.0 3.414 -5.44 "" ""
3458.932 40.1 0.959 -0.48 Ljung06 ""
3458.939 106.00112 1.042 -4.752 3.464 AX52R155
3458.95 41.0 0.739 -1.07 "" ""
3458.959 22.0 2.091 -3.54 "" ""
3458.971 106.00112 1.042 -6.591 3.464 AX52Q155
3458.981 106.00113 0.431 -9.628 3.464 CX01Q065
3458.985 66.1 0.927 -0.75 "" ""
3458.99 26.0 3.692 -2.95 "" ""
3459.012 106.00113 0.431 -4.282 3.464 CX01P075
3459.044 107.00114 1.482 -2.774 3.400 ""
3459.06 107.00114 1.482 -0.708 3.400 ""
3459.06 107.00114 1.482 -0.727 3.400 ""
3459.06 107.00114 1.482 -0.743 3.400 ""
3459.064 107.00114 1.469 -1.017 3.400 ""
3459.084 106.00112 1.294 -5.087 3.464 AX41R245
3459.142 24.0 3.119 -0.62 "" ""
3459.143 23.0 1.375 -3.18 "" ""
3459.16 24.0 3.884 -4.42 "" ""
3459.163 106.00112 1.294 -7.033 3.464 AX41Q245
3459.184 62.1 0.543 -0.98 "" ""
3459.197 106.00112 1.294 -5.053 3.464 AX41R235
3459.237 23.0 1.852 -3.71 "" ""
3459.245 23.0 2.576 -4.31 "" ""
3459.265 23.0 2.606 -2.94 "" ""
3459.266 24.1 4.916 -0.98 "" ""
3459.284 607.01214 2.385 -1.261 7.724 1109Pb0315
3459.285 26.0 3.281 -3.21 "" ""
3459.287 107.00114 0.416 -5.099 3.400 ""
3459.296 107.00114 1.482 -5.369 3.400 ""
3459.308 107.00114 0.416 -3.416 3.400 ""
3459.311 106.00112 1.071 -5.458 3.464 AX30P255
3459.313 107.00114 1.482 -2.752 3.400 ""
3459.317 23.0 2.357 -5.62 "" ""
3459.339 6.0 7.475 -4.24 "" ""
3459.349 22.0 1.738 -6.42 "" ""
3459.351 106.00112 1.071 -7.967 3.464 AX30Q245
3459.361 106.00113 0.914 -8.203 3.464 AX20R235
3459.361 107.00114 1.469 -2.554 3.400 ""
3459.403 107.00114 1.469 -0.993 3.400 ""
3459.408 29.0 5.501 -1.46 "" ""
3459.41 62.1 0.434 -1.36 LAWLER ""
3459.419 22.0 2.493 -2.28 "" ""
3459.426 26.0 2.69 -1.63 "" ""
3459.43 106.00112 1.071 -5.56 3.464 AX30P245
3459.451 106.00112 0.979 -5.372 3.464 CX23P025
3459.457 607.01314 2.321 -4.602 7.724 1109Qc0305
3459.462 26.0 3.299 -3.9 "" ""
3459.465 23.0 2.123 -1.81 "" ""
3459.469 607.01314 2.321 -1.345 7.724 1109Pb0305
3459.478 607.01314 2.321 -1.325 7.724 1109Pa0315
3459.504 24.0 3.885 -3.27 "" ""
3459.509 106.00112 1.381 -6.689 3.464 CX23R155
3459.581 106.00112 1.381 -3.667 3.464 CX23Q165
3459.584 106.00112 1.381 -3.734 3.464 CX23Q155
3459.585 107.00114 0.888 -5.281 3.400 ""
3459.611 26.0 3.281 -3.9 "" ""
3459.619 107.00114 0.998 -3.32 3.400 ""
3459.625 23.0 1.063 -4.3 "" ""
3459.637 106.00112 0.752 -12.746 3.464 CX12Q065
3459.657 106.00112 1.381 -10.081 3.464 CX23P165
3459.663 106.00112 0.752 -4.93 3.464 CX12P065
3459.668 23.0 1.798 -6.78 "" ""
3459.696 23.0 2.096 -2.22 "" ""
3459.697 25.1 6.49 -2.71 "" ""
3459.699 41.0 1.177 -0.55 "" ""
3459.737 107.00114 1.469 -0.96 3.400 ""
3459.753 27.0 3.102 -3.09 "" ""
3459.756 26.1 7.123 -3.25 "" ""
3459.811 106.00112 0.752 -4.839 3.464 CX12P075
3459.835 58.1 1.194 -0.16 "" ""
3459.845 106.00112 1.043 -4.752 3.464 AX52R155
3459.847 106.00112 1.043 -4.765 3.464 AX52R145
3459.863 107.00114 1.469 -4.761 3.400 ""
3459.867 607.01314 2.502 -1.12 7.724 1210Rb0275
3459.877 106.00112 1.043 -6.566 3.464 AX52Q155
3459.883 106.00112 0.911 -6.646 3.464 AX52R115
3459.885 607.01314 2.502 -4.344 7.724 1210Qd0285
3459.887 26.0 3.651 -0.92 "" ""
3459.893 106.00112 0.911 -4.498 3.464 AX52Q115
3459.906 107.00114 1.469 -2.519 3.400 ""
3459.914 26.0 3.015 -0.93 "" ""
3459.916 42.0 1.38 -1.25 "" ""
3459.919 92.0 0.0 -0.16 "" ""
3459.927 26.0 2.856 -4.25 "" ""
3459.939 106.00112 0.433 -9.628 3.464 CX01Q065
3459.954 26.0 2.277 -1.51 "" ""
3459.96 40.1 1.485 -0.7 "" ""
3459.97 106.00112 0.433 -4.35 3.464 CX01P065
3459.971 25.0 4.675 -2.39 "" ""
3459.974 106.00113 0.692 -7.036 3.464 CX12P035
3459.994 106.00112 0.911 -4.447 3.464 AX52Q125
3460.004 106.00112 0.911 -6.49 3.464 AX52P125
3460.013 24.1 4.313 -2.43 "" ""
3460.03 25.1 1.174 -2.56 "" ""
3460.088 23.0 2.682 -2.29 "" ""
3460.092 23.0 1.948 -3.67 "" ""
3460.096 23.0 0.3 -4.72 "" ""
3460.121 106.00112 0.433 -4.282 3.464 CX01P075
3460.129 23.0 2.581 -7.82 "" ""
3460.16 58.1 0.265 -1.3 "" ""
3460.171 106.00113 0.156 -7.659 3.464 AX20R095
3460.175 25.0 4.662 -1.02 "" ""
3460.181 106.00113 1.286 -7.033 3.464 AX41Q245
3460.182 106.00113 1.063 -7.928 3.464 AX30Q245
3460.202 106.00113 1.063 -5.559 3.464 AX30P245
3460.219 106.00113 1.063 -5.457 3.464 AX30P255
3460.223 42.0 2.274 -0.83 "" ""
3460.266 107.00114 0.734 -3.418 3.400 ""
3460.282 107.00114 0.998 -4.737 3.400 ""
3460.295 70.0 2.229 0.34 "" ""
3460.307 25.1055 1.808 -2.062 LAWHFS ""
3460.307 25.1055 1.808 -2.159 LAWHFS ""
3460.309 25.1055 1.808 -1.795 LAWHFS ""
3460.309 25.1055 1.808 -1.897 LAWHFS ""
3460.309 25.1055 1.808 -2.607 LAWHFS ""
3460.311 107.00114 0.998 -3.237 3.400 ""
3460.312 25.1055 1.808 -1.543 LAWHFS ""
3460.312 25.1055 1.808 -1.811 LAWHFS ""
3460.312 25.1055 1.808 -2.573 LAWHFS ""
3460.316 25.1055 1.808 -1.343 LAWHFS ""
3460.316 25.1055 1.808 -1.821 LAWHFS ""
3460.316 25.1055 1.808 -2.719 LAWHFS ""
3460.322 25.1055 1.808 -1.175 LAWHFS ""
3460.322 25.1055 1.808 -1.987 LAWHFS ""
3460.322 25.1055 1.808 -3.083 LAWHFS ""
3460.326 106.00113 0.775 -7.397 3.464 AX52P075
3460.386 20.0 5.449 -5.27 "" ""
3460.388 607.01314 2.334 -4.61 7.724 1109Qc0315
3460.391 74.1 2.409 -1.83 "" ""
3460.4 607.01314 2.334 -1.326 7.724 1109Pb0315
3460.4 66.1 1.17 -0.46 LAWLER ""
3460.409 607.01314 2.334 -1.306 7.724 1109Pa0325
3460.41 65.1 0.731 -0.06 LAWNOHFS ""
3460.413 22.0 2.504 -3.79 "" ""
3460.43 24.0 3.008 -0.36 "" ""
3460.43 24.0 4.093 -3.15 "" ""
3460.442 23.0 1.941 -3.1 "" ""
3460.448 75.0 0.0 -0.34 "" ""
3460.481 22.0 2.091 -1.98 "" ""
3460.492 106.00113 1.286 -5.087 3.464 AX41R245
3460.502 23.0 2.357 -2.39 "" ""
3460.516 27.0 2.628 -2.4 "" ""
3460.523 23.0 2.58 -5.69 "" ""
3460.532 106.00112 0.912 -6.661 3.464 AX52R115
3460.535 24.0 3.193 -5.16 "" ""
3460.54 24.0 3.102 -1.72 "" ""
3460.542 106.00112 0.912 -4.497 3.464 AX52Q115
3460.544 27.0 3.131 -2.96 "" ""
3460.548 106.00113 0.156 -7.628 3.464 AX20R095
3460.594 24.0 3.886 -3.75 "" ""
3460.599 106.00112 0.912 -4.448 3.464 AX52Q125
3460.608 106.00112 0.912 -6.477 3.464 AX52P125
3460.619 42.0 2.913 -0.92 "" ""
3460.626 106.00113 0.975 -6.286 3.464 CX23P015
3460.635 106.00113 0.775 -7.421 3.464 AX52P075
3460.655 22.0 2.425 -1.57 "" ""
3460.658 24.0 4.609 -1.75 "" ""
3460.666 66.1 1.223 -0.46 "" ""
3460.686 21.0 1.985 -0.14 "" ""
3460.703 22.1 4.891 -1.19 "" ""
3460.721 27.0 0.922 -2.58 LAWNHFS ""
3460.732 106.00113 0.835 -4.976 3.464 AX52P095
3460.734 23.1 2.266 -5.04 "" ""
3460.739 46.0 0.813 -0.42 "" ""
3460.742 23.0 2.764 -3.38 "" ""
3460.757 107.00114 0.734 -4.964 3.400 ""
3460.758 106.00113 0.835 -6.573 3.464 AX52Q095
3460.777 42.0 2.075 -0.12 "" ""
3460.79 27.0 3.229 -2.85 "" ""
3460.792 107.00114 0.734 -3.346 3.400 ""
3460.794 106.00113 0.984 -5.366 3.464 CX23P025
3460.795 21.0 1.985 -2.11 "" ""
3460.824 106.00113 0.984 -9.387 3.464 CX23Q025
3460.826 107.00114 1.484 -3.793 3.400 ""
3460.827 106.00113 1.286 -5.053 3.464 AX41R235
3460.833 106.00113 1.25 -7.879 3.464 AX52R195
3460.853 107.00114 0.22 -5.649 3.400 ""
3460.894 106.00113 0.835 -4.912 3.464 AX52P105
3460.905 22.0 2.394 -3.24 "" ""
3460.914 107.00114 1.484 -2.914 3.400 ""
3460.928 25.1 5.563 -2.69 "" ""
3460.937 24.0 3.884 -2.85 "" ""
3460.946 24.1 4.778 -2.67 "" ""
3460.967 106.00113 0.775 -4.839 3.464 CX12P075
3460.97 66.1 0.0 -0.07 LAWLER ""
3460.978 24.0 3.085 -4.21 "" ""
3461.0 65.1 0.816 -0.02 LAWNOHFS ""
3461.004 39.1 3.239 -0.5 "" ""
3461.018 90.0 0.0 -0.81 "" ""
3461.02 106.00113 1.266 -6.517 3.464 CX34R025
3461.022 106.00113 1.087 -4.759 3.464 AX52R155
3461.055 106.00112 1.456 -3.992 3.464 CX34R105
3461.063 24.1 4.771 -3.49 "" ""
3461.064 106.00113 0.775 -4.764 3.464 CX12P085
3461.068 106.00112 1.456 -3.911 3.464 CX34R115
3461.069 23.0 1.871 -6.71 "" ""
3461.077 106.00113 1.087 -4.755 3.464 AX52R165
3461.082 106.00113 0.775 -13.11 3.464 CX12Q075
3461.091 40.0 0.998 -0.1 "" ""
3461.097 106.00113 1.087 -6.607 3.464 AX52Q165
3461.102 106.00113 0.458 -4.282 3.464 CX01P075
3461.105 106.00112 0.694 -7.035 3.464 CX12P035
3461.11 62.1 0.277 -1.04 LAWLER ""
3461.116 26.0 3.109 -3.88 "" ""
3461.127 106.00112 1.456 -8.06 3.464 CX34Q115
3461.128 27.0 3.051 -0.96 "" ""
3461.131 106.00112 1.424 -4.08 3.464 CX34R095
3461.134 27.0 1.954 -1.88 "" ""
3461.158 27.0 3.229 -1.01 "" ""
3461.159 69.1 1.11 -0.61 "" ""
3461.165 106.00112 1.424 -3.991 3.464 CX34R105
3461.169 27.0 3.168 0.66 "" ""
3461.181 28.0 3.603 -2.7 "" ""
3461.189 57.0 0.13 -0.62 "" ""
3461.19 106.00113 0.985 -5.453 3.464 CX23P035
3461.195 106.00113 0.836 -4.976 3.464 AX52P095
3461.202 106.00113 0.458 -4.222 3.464 CX01P085
3461.206 24.0 3.963 -3.08 "" ""
3461.217 90.0 0.615 -0.07 "" ""
3461.219 106.00112 1.424 -8.043 3.464 CX34Q105
3461.222 106.00113 0.836 -6.59 3.464 AX52Q095
3461.223 106.00113 0.458 -9.995 3.464 CX01Q075
3461.223 23.0 2.682 -2.43 "" ""
3461.274 24.1 4.94 -2.5 "" ""
3461.3 66.1 2.576 0.8 "" ""
3461.303 106.00112 0.992 -8.349 3.464 AX20R245
3461.32 106.00113 0.836 -4.912 3.464 AX52P105
3461.323 22.0 0.812 -6.88 "" ""
3461.327 607.01314 2.491 -1.14 7.724 1210Rb0265
3461.333 107.00114 1.467 -4.651 3.400 ""
3461.335 106.00113 0.371 -6.359 3.464 CX01P035
3461.345 607.01314 2.348 -4.617 7.724 1109Qc0325
3461.345 607.01314 2.491 -4.333 7.724 1210Qd0275
3461.35 58.1 0.529 -0.7 "" ""
3461.357 607.01314 2.348 -1.306 7.724 1109Pb0325
3461.361 23.0 2.113 -4.64 "" ""
3461.368 607.01314 2.348 -1.287 7.724 1109Pa0335
3461.375 63.1 1.229 -0.95 "" ""
3461.386 68.1 2.153 0.8 "" ""
3461.401 23.0 2.364 -2.26 "" ""
3461.402 106.00112 1.491 -3.838 3.464 CX34R125
3461.408 106.00112 1.491 -3.912 3.464 CX34R115
3461.41 62.1 0.434 -1.72 LAWLER ""
3461.423 23.0 2.377 -5.14 "" ""
3461.458 25.1 5.563 -1.61 "" ""
3461.459 23.1 6.068 -4.44 "" ""
3461.466 106.00112 1.491 -8.072 3.464 CX34Q125
3461.484 22.0 2.248 -2.41 "" ""
3461.488 26.0 2.843 -4.88 "" ""
3461.489 42.0 2.258 -1.83 "" ""
3461.496 22.1 0.135 -0.85 LAWLER ""
3461.505 23.0 1.891 -3.37 "" ""
3461.541 26.0 2.843 -4.65 "" ""
3461.569 23.1 1.07 -2.38 "" ""
3461.573 106.00112 1.431 -6.687 3.464 CX23R165
3461.594 106.00112 1.395 -4.177 3.464 CX34R085
3461.638 6.0 7.477 -3.79 "" ""
3461.64 106.00112 1.431 -3.604 3.464 CX23Q175
3461.65 106.00112 1.395 -4.079 3.464 CX34R095
3461.65 106.00113 0.986 -8.349 3.464 AX20R245
3461.652 28.0 0.025 -0.35 LAWLER ""
3461.653 106.00112 1.431 -3.667 3.464 CX23Q165
3461.653 22.1 4.906 -1.36 "" ""
3461.659 24.1 4.407 -3.6 "" ""
3461.7 106.00112 1.395 -8.019 3.464 CX34Q095
3461.72 106.00112 1.431 -10.015 3.464 CX23P175
3461.726 23.0 1.063 -3.27 "" ""
3461.789 58.1 0.899 -0.68 "" ""
3461.802 28.1 6.324 -5.54 "" ""
3461.807 106.00112 0.978 -6.285 3.464 CX23P015
3461.82 60.1 0.182 -1.78 LAWLER ""
3461.825 24.1 4.771 -4.01 "" ""
3461.839 42.0 1.53 -2.34 "" ""
3461.865 60.1 0.38 -1.11 "" ""
3461.89 62.1 0.333 -2.11 LAWLER ""
3461.917 22.1 4.965 -2.91 "" ""
3461.921 106.00113 1.145 -7.358 3.464 AX41R215
3461.932 106.00112 0.126 -7.601 3.464 AX20R085
3461.96 64.1 0.425 -0.91 LAWLER ""
3461.965 106.00113 1.145 -4.506 3.464 AX41Q225
3461.977 106.00113 1.145 -4.564 3.464 AX41Q215
3461.982 106.00112 0.988 -9.387 3.464 CX23Q025
3461.993 106.00112 0.988 -5.365 3.464 CX23P025
3462.021 106.00113 1.145 -7.018 3.464 AX41P225
3462.036 45.0 0.322 -0.18 "" ""
3462.061 22.0 2.101 -2.8 "" ""
3462.083 106.00113 1.088 -4.755 3.464 AX52R165
3462.087 106.00113 1.088 -4.759 3.464 AX52R155
3462.102 106.00113 1.088 -6.581 3.464 AX52Q165
3462.121 23.0 2.579 -3.23 "" ""
3462.137 106.00112 0.778 -13.109 3.464 CX12Q075
3462.149 26.0 3.692 -8.22 "" ""
3462.154 106.00113 1.251 -7.824 3.464 AX52R195
3462.167 106.00112 0.778 -4.839 3.464 CX12P075
3462.167 21.0 2.0 -0.02 "" ""
3462.176 106.00112 0.46 -9.995 3.464 CX01Q075
3462.2 69.1 0.0 0.03 LAWLER ""
3462.213 106.00112 0.46 -4.282 3.464 CX01P075
3462.213 106.00112 1.529 -3.772 3.464 CX34R135
3462.216 26.0 2.873 -3.56 "" ""
3462.22 92.0 0.0 -0.21 "" ""
3462.222 106.00112 1.271 -6.517 3.464 CX34R025
3462.236 106.00112 1.529 -3.839 3.464 CX34R125
3462.237 106.00112 0.126 -7.573 3.464 AX20R085
3462.238 24.0 4.189 -1.83 "" ""
3462.249 24.0 3.553 -1.46 "" ""
3462.279 22.0 1.878 -4.79 "" ""
3462.281 106.00112 0.778 -4.764 3.464 CX12P085
3462.282 106.00112 1.529 -8.08 3.464 CX34Q135
3462.327 106.00112 0.46 -4.221 3.464 CX01P085
3462.332 607.01314 2.362 -4.623 7.724 1109Qc0335
3462.341 25.1 5.516 -2.1 "" ""
3462.343 607.01314 2.362 -1.287 7.724 1109Pb0335
3462.352 26.0 2.196 -2.11 "" ""
3462.355 607.01314 2.362 -1.268 7.724 1109Pa0345
3462.381 106.00112 0.372 -6.359 3.464 CX01P035
3462.395 21.0 2.109 -3.24 "" ""
3462.404 106.00112 1.368 -4.286 3.464 CX34R075
3462.409 106.00112 0.988 -5.452 3.464 CX23P035
3462.427 106.00113 1.065 -5.458 3.464 AX30P255
3462.447 607.01314 2.48 -1.16 7.724 1210Rb0255
3462.464 607.01314 2.48 -4.321 7.724 1210Qd0265
3462.475 106.00113 1.065 -7.967 3.464 AX30Q245
3462.487 106.00112 1.369 -4.176 3.464 CX34R085
3462.532 106.00112 1.369 -7.987 3.464 CX34Q085
3462.56 27.1 5.118 -5.05 "" ""
3462.564 24.1 6.6 -4.78 "" ""
3462.571 68.0 1.432 1.09 "" ""
3462.62 21.0 2.292 -3.67 "" ""
3462.623 106.00113 1.065 -5.559 3.464 AX30P245
3462.626 23.1 6.491 -2.38 "" ""
3462.64 72.1 0.608 -1.67 LAWLER ""
3462.642 41.0 0.267 -1.72 "" ""
3462.7 62.1 0.659 -1.28 LAWLER ""
3462.703 42.0 2.593 -1.45 "" ""
3462.707 22.0 2.504 -4.74 "" ""
3462.727 24.1 2.419 -2.54 "" ""
3462.751 25.0 3.769 -2.06 "" ""
3462.79 27.0059 0.629 -0.617 Lawle15HFS ""
3462.798 27.0059 0.629 -0.833 Lawle15HFS ""
3462.804 27.0059 0.629 -1.243 Lawle15HFS ""
3462.805 27.0059 0.629 -1.116 Lawle15HFS ""
3462.81 27.0059 0.629 -1.082 Lawle15HFS ""
3462.811 27.0059 0.629 -1.555 Lawle15HFS ""
3462.814 26.0 2.829 -3.46 "" ""
3462.815 27.0059 0.629 -1.09 Lawle15HFS ""
3462.816 27.0059 0.629 -2.108 Lawle15HFS ""
3462.818 27.0059 0.629 -1.254 Lawle15HFS ""
3462.82 27.0059 0.629 -1.68 Lawle15HFS ""
3462.822 27.0059 0.629 -1.43 Lawle15HFS ""
3462.823 27.0059 0.629 -1.254 Lawle15HFS ""
3462.825 106.00112 1.197 -7.77 3.464 AX52R185
3462.828 28.0 4.085 0.17 "" ""
3462.851 90.1 1.203 -0.26 "" ""
3462.894 24.0 4.096 -0.83 "" ""
3462.921 23.0 2.372 -2.02 "" ""
3462.937 106.00113 0.948 -4.45 3.464 AX52Q125
3462.937 106.00113 0.948 -6.685 3.464 AX52R125
3462.97 65.1 0.816 -0.33 LAWNOHFS ""
3463.0 64.1 0.144 -1.07 LAWLER ""
3463.018 40.1 1.485 0.41 "" ""
3463.036 106.00113 0.948 -4.402 3.464 AX52Q135
3463.036 106.00113 0.948 -6.498 3.464 AX52P135
3463.077 23.1 2.52 -2.49 "" ""
3463.14 44.0 0.259 -2.11 "" ""
3463.17 106.00113 0.488 -4.222 3.464 CX01P085
3463.198 22.0 1.052 -2.22 LAWLER ""
3463.218 58.1 0.875 -0.36 "" ""
3463.241 106.00113 0.488 -4.169 3.464 CX01P095
3463.251 74.0 0.366 -2.05 "" ""
3463.252 23.0 1.05 -3.52 "" ""
3463.272 27.1 5.051 -2.46 "" ""
3463.293 607.01314 2.469 -1.18 7.724 1210Rb0245
3463.302 26.0 1.484 -2.72 OBR91 ""
3463.309 106.00113 0.488 -10.417 3.464 CX01Q085
3463.309 607.01314 2.469 -4.309 7.724 1210Qd0255
3463.316 106.00113 0.782 -8.079 3.464 AX41P155
3463.326 23.0 1.944 -3.3 "" ""
3463.335 23.1 6.542 -1.68 "" ""
3463.338 66.1 0.927 -0.51 "" ""
3463.348 607.01314 2.376 -4.629 7.724 1109Qc0345
3463.35 25.0 4.265 -3.47 "" ""
3463.356 106.00113 0.804 -4.764 3.464 CX12P085
3463.359 607.01314 2.376 -1.268 7.724 1109Pb0345
3463.372 607.01314 2.376 -1.249 7.724 1109Pa0355
3463.376 28.0 1.934 -2.74 "" ""
3463.398 23.0 0.069 -2.87 "" ""
3463.421 25.1 4.685 -4.04 "" ""
3463.425 106.00113 0.804 -4.704 3.464 CX12P095
3463.462 106.00112 0.994 -8.281 3.464 AX20R245
3463.478 22.0 2.47 -5.84 "" ""
3463.479 27.0059 1.784 -2.414 Lawle15HFS ""
3463.488 106.00113 0.804 -12.819 3.464 CX12Q085
3463.488 25.0 4.682 -2.57 "" ""
3463.491 27.0059 1.784 -2.735 Lawle15HFS ""
3463.5 27.0059 1.784 -3.212 Lawle15HFS ""
3463.502 27.0059 1.784 -2.881 Lawle15HFS ""
3463.505 29.0063 3.814 -3.958 KURHFS ""
3463.505 29.0065 3.814 -3.958 KURHFS ""
3463.506 29.0063 3.814 -3.56 KURHFS ""
3463.506 29.0063 3.814 -4.259 KURHFS ""
3463.506 29.0065 3.814 -3.56 KURHFS ""
3463.506 29.0065 3.814 -4.259 KURHFS ""
3463.507 29.0065 3.814 -3.56 KURHFS ""
3463.507 29.0065 3.814 -3.56 KURHFS ""
3463.508 29.0063 3.814 -3.56 KURHFS ""
3463.508 29.0063 3.814 -3.56 KURHFS ""
3463.51 29.0063 3.814 -3.113 KURHFS ""
3463.51 29.0065 3.814 -3.113 KURHFS ""
3463.511 27.0059 1.784 -2.735 Lawle15HFS ""
3463.518 23.1 5.835 -3.58 "" ""
3463.518 27.0059 1.784 -2.756 Lawle15HFS ""
3463.519 24.0 3.09 -1.52 "" ""
3463.519 74.1 1.664 -1.41 "" ""
3463.525 106.00112 1.345 -4.407 3.464 CX34R065
3463.548 92.0 0.077 0.02 "" ""
3463.55 106.00112 1.569 -3.711 3.464 CX34R145
3463.563 42.0 2.678 -1.08 "" ""
3463.589 106.00112 1.569 -3.772 3.464 CX34R135
3463.611 42.0 2.068 -1.57 "" ""
3463.624 106.00112 1.569 -8.084 3.464 CX34Q145
3463.64 106.00112 1.345 -4.284 3.464 CX34R075
3463.646 24.0 4.102 -0.62 "" ""
3463.657 25.0 4.675 -0.34 "" ""
3463.675 106.00113 0.949 -4.45 3.464 AX52Q125
3463.675 106.00113 0.949 -6.701 3.464 AX52R125
3463.68 106.00112 1.345 -7.943 3.464 CX34Q075
3463.72 90.1 1.642 0.08 "" ""
3463.725 106.00113 0.949 -4.403 3.464 AX52Q135
3463.726 106.00113 0.949 -6.484 3.464 AX52P135
3463.746 106.00113 1.147 -4.506 3.464 AX41Q225
3463.75 23.0 1.802 -4.74 "" ""
3463.758 58.1 0.7 -0.53 "" ""
3463.764 106.00113 1.147 -7.383 3.464 AX41R215
3463.77 73.0 0.0 -1.52 "" ""
3463.786 27.0 2.868 -2.45 "" ""
3463.798 106.00113 0.988 -8.281 3.464 AX20R245
3463.804 106.00113 0.125 -7.601 3.464 AX20R085
3463.806 41.0 1.612 0.13 "" ""
3463.808 106.00113 1.147 -6.995 3.464 AX41P225
3463.82 42.0 3.031 -0.94 "" ""
3463.826 106.00113 1.147 -4.564 3.464 AX41Q215
3463.836 23.1 2.898 -2.13 "" ""
3463.839 28.0 3.676 -2.34 "" ""
3463.866 107.00114 1.262 -3.211 3.400 ""
3463.873 66.1 0.589 -0.82 "" ""
3463.875 106.00113 0.997 -5.449 3.464 CX23P035
3463.882 27.0 2.955 -8.94 "" ""
3463.918 106.00113 0.997 -11.149 3.464 CX23Q035
3463.923 607.01314 2.459 -1.202 7.724 1210Rb0235
3463.938 607.01314 2.459 -4.295 7.724 1210Qd0245
3463.962 26.1 1.669 -4.28 "" ""
3463.99 64.1 0.427 0.26 LAWLER ""
3464.015 21.0 2.294 -3.63 "" ""
3464.02 24.1 2.432 -2.77 "" ""
3464.057 28.0 3.396 -4.1 "" ""
3464.071 62.1 0.184 -1.49 "" ""
3464.074 106.00112 1.199 -7.717 3.464 AX52R185
3464.106 106.00113 0.125 -7.573 3.464 AX20R085
3464.125 28.0 4.085 -0.07 "" ""
3464.129 106.00112 0.785 -8.079 3.464 AX41P155
3464.144 24.0 2.98 -3.05 "" ""
3464.153 106.00112 1.483 -6.688 3.464 CX23R175
3464.157 106.00113 0.997 -5.546 3.464 CX23P045
3464.157 58.1 0.357 -0.87 "" ""
3464.176 23.1 2.52 -2.11 "" ""
3464.211 58.1 0.634 -0.72 "" ""
3464.216 106.00112 1.483 -3.546 3.464 CX23Q185
3464.238 106.00112 1.483 -3.604 3.464 CX23Q175
3464.255 106.00112 0.49 -10.416 3.464 CX01Q085
3464.296 106.00112 0.49 -4.221 3.464 CX01P085
3464.3 106.00112 1.483 -9.986 3.464 CX23P185
3464.333 26.0 2.873 -6.37 "" ""
3464.37 70.0 0.0 -1.04 "" ""
3464.381 106.00112 0.49 -4.168 3.464 CX01P095
3464.385 607.01314 2.449 -1.223 7.724 1210Rb0225
3464.396 607.01314 2.391 -4.635 7.724 1109Qc0355
3464.4 26.1 4.491 -3.16 "" ""
3464.4 607.01314 2.449 -4.281 7.724 1210Qd0235
3464.407 607.01314 2.391 -1.249 7.724 1109Pb0355
3464.415 106.00113 0.783 -8.126 3.464 AX41P155
3464.42 607.01314 2.391 -1.23 7.724 1109Pa0365
3464.44 62.1 0.184 -1.76 LAWLER ""
3464.447 74.1 3.118 -1.21 "" ""
3464.453 38.1 3.037 0.49 "" ""
3464.462 106.00112 0.844 -8.948 3.464 AX30P215
3464.495 26.1 4.146 -2.59 "" ""
3464.521 22.0 2.115 -3.02 "" ""
3464.528 68.1 0.636 -0.75 LAWLER ""
3464.54 106.00112 0.807 -12.819 3.464 CX12Q085
3464.574 106.00112 0.807 -4.764 3.464 CX12P085
3464.635 24.0 4.189 -2.2 "" ""
3464.66 106.00112 0.807 -4.703 3.464 CX12P095
3464.674 21.0 0.021 -4.58 "" ""
3464.71 75.0 0.0 -0.57 "" ""
3464.719 607.01314 2.44 -1.246 7.724 1210Rb0215
3464.726 21.0 2.301 -3.03 "" ""
3464.734 607.01314 2.44 -4.266 7.724 1210Qd0225
3464.769 26.0 2.829 -5.02 "" ""
3464.806 42.0 2.595 -1.88 "" ""
3464.815 22.0 2.479 -3.53 "" ""
3464.818 107.00114 1.262 -4.475 3.400 ""
3464.829 24.0 2.542 -1.93 "" ""
3464.883 22.0 1.429 -9.01 "" ""
3464.886 107.00114 1.263 -3.117 3.400 ""
3464.887 106.00113 0.952 -7.22 3.464 AX41Q185
3464.902 26.1 5.548 -3.71 "" ""
3464.908 22.0 2.133 -4.64 "" ""
3464.911 26.0 2.586 -1.26 "" ""
3464.926 106.00112 1.324 -4.546 3.464 CX34R055
3464.929 106.00113 0.952 -5.041 3.464 AX41P185
3464.932 25.1 5.376 -2.64 "" ""
3464.932 27.0 3.295 -1.03 "" ""
3464.945 106.00113 0.952 -4.976 3.464 AX41P195
3464.96 607.01314 2.431 -1.269 7.724 1210Rb0205
3464.974 607.01314 2.431 -4.25 7.724 1210Qd0215
3465.033 22.0 2.101 -1.81 "" ""
3465.063 90.0 1.021 -0.26 "" ""
3465.072 74.1 2.75 -1.55 "" ""
3465.079 106.00112 1.324 -4.406 3.464 CX34R065
3465.08 106.00112 1.0 -11.149 3.464 CX23Q035
3465.08 106.00113 0.521 -4.169 3.464 CX01P095
3465.096 106.00112 1.0 -5.449 3.464 CX23P035
3465.114 106.00112 1.324 -7.884 3.464 CX34Q065
3465.125 106.00113 0.521 -4.122 3.464 CX01P105
3465.135 607.01314 2.422 -1.293 7.724 1210Rb0195
3465.148 607.01314 2.422 -4.233 7.724 1210Qd0205
3465.154 42.0 2.596 -1.84 "" ""
3465.237 106.00113 0.521 -10.973 3.464 CX01Q095
3465.243 23.0 1.941 -3.13 "" ""
3465.247 24.0 2.542 -1.25 "" ""
3465.247 24.0 4.614 -0.69 "" ""
3465.249 106.00112 0.787 -8.126 3.464 AX41P155
3465.259 23.1 2.759 -1.88 "" ""
3465.266 607.01314 2.414 -1.318 7.724 1210Rb0185
3465.272 607.01214 2.448 -1.329 7.724 1210Rb0165
3465.279 607.01314 2.414 -4.215 7.724 1210Qd0195
3465.281 607.01214 2.456 -1.302 7.724 1210Rb0175
3465.283 607.01214 2.448 -4.131 7.724 1210Qd0175
3465.289 607.01214 2.441 -1.357 7.724 1210Rb0155
3465.293 607.01214 2.456 -4.152 7.724 1210Qd0185
3465.299 607.01214 2.441 -4.109 7.724 1210Qd0165
3465.309 28.0 3.676 -1.23 "" ""
3465.317 607.01214 2.464 -1.276 7.724 1210Rb0185
3465.329 607.01214 2.464 -4.172 7.724 1210Qd0195
3465.331 607.01214 2.434 -1.387 7.724 1210Rb0145
3465.339 106.00112 0.778 -7.396 3.464 AX52P075
3465.341 607.01214 2.434 -4.084 7.724 1210Qd0155
3465.361 607.01214 2.448 -1.302 7.724 1210Ra0175
3465.367 607.01214 2.441 -1.329 7.724 1210Ra0165
3465.371 607.01314 2.407 -1.344 7.724 1210Rb0175
3465.38 607.01214 2.472 -1.252 7.724 1210Rb0195
3465.382 607.01214 2.456 -1.276 7.724 1210Ra0185
3465.383 607.01314 2.407 -4.195 7.724 1210Qd0185
3465.393 607.01214 2.472 -4.19 7.724 1210Qd0205
3465.398 106.00112 1.0 -5.545 3.464 CX23P045
3465.398 607.01214 2.428 -1.418 7.724 1210Rb0135
3465.399 607.01214 2.434 -1.357 7.724 1210Ra0155
3465.407 607.01214 2.428 -4.058 7.724 1210Qd0145
3465.428 27.1 5.204 -4.87 "" ""
3465.428 607.01314 2.407 -1.318 7.724 1210Ra0185
3465.43 607.01214 2.464 -1.252 7.724 1210Ra0195
3465.439 76.0 2.189 -0.43 "" ""
3465.442 607.01314 2.399 -1.344 7.724 1210Ra0175
3465.449 28.0 3.396 -3.35 "" ""
3465.455 607.01314 2.414 -1.293 7.724 1210Ra0195
3465.458 607.01214 2.428 -1.387 7.724 1210Ra0145
3465.463 607.01314 2.399 -1.371 7.724 1210Rb0165
3465.464 62.0 0.185 -1.34 "" ""
3465.471 607.01214 2.481 -1.228 7.724 1210Rb0205
3465.474 607.01314 2.399 -4.175 7.724 1210Qd0175
3465.484 607.01214 2.481 -4.208 7.724 1210Qd0215
3465.488 607.01214 2.422 -1.451 7.724 1210Rb0125
3465.488 607.01314 2.406 -1.23 7.724 1109Pb0365
3465.489 607.01314 2.392 -1.371 7.724 1210Ra0165
3465.497 607.01214 2.422 -4.03 7.724 1210Qd0135
3465.507 607.01214 2.472 -1.228 7.724 1210Ra0205
3465.524 25.1 6.489 -2.63 "" ""
3465.526 26.0 2.873 -5.02 "" ""
3465.527 23.0 2.364 -5.85 "" ""
3465.534 607.01314 2.422 -1.269 7.724 1210Ra0205
3465.541 607.01214 2.422 -1.418 7.724 1210Ra0135
3465.548 22.1 2.06 -0.84 LAWLER ""
3465.553 607.01314 2.392 -1.4 7.724 1210Rb0155
3465.563 607.01314 2.386 -1.4 7.724 1210Ra0155
3465.564 607.01314 2.392 -4.152 7.724 1210Qd0165
3465.574 24.0 2.543 -2.09 "" ""
3465.591 607.01214 2.49 -1.205 7.724 1210Rb0215
3465.605 607.01214 2.49 -4.224 7.724 1210Qd0225
3465.609 607.01214 2.416 -1.487 7.724 1210Rb0115
3465.611 607.01214 2.416 -4.0 7.724 1210Qd0125
3465.613 607.01214 2.481 -1.205 7.724 1210Ra0215
3465.634 40.0 0.154 -1.18 "" ""
3465.642 28.1 3.071 -1.37 "" ""
3465.649 607.01314 2.386 -1.43 7.724 1210Rb0145
3465.652 106.00112 0.778 -7.42 3.464 AX52P075
3465.652 106.00113 0.836 -4.704 3.464 CX12P095
3465.656 607.01214 2.416 -1.451 7.724 1210Ra0125
3465.657 25.0 4.709 -2.08 "" ""
3465.659 42.0 1.38 -1.47 "" ""
3465.659 607.01314 2.38 -1.43 7.724 1210Ra0145
3465.659 607.01314 2.386 -4.129 7.724 1210Qd0155
3465.679 607.01314 2.431 -1.246 7.724 1210Ra0215
3465.691 24.0 4.189 -2.92 "" ""
3465.697 106.00113 0.836 -4.657 3.464 CX12P105
3465.703 23.1 5.86 -4.2 "" ""
3465.74 607.01214 2.5 -1.183 7.724 1210Rb0225
3465.742 607.01214 2.411 -1.525 7.724 1210Rb0105
3465.748 607.01214 2.411 -3.967 7.724 1210Qd0115
3465.748 607.01214 2.49 -1.183 7.724 1210Ra0225
3465.749 25.1 5.832 -4.02 "" ""
3465.754 607.01214 2.5 -4.239 7.724 1210Qd0235
3465.759 607.01314 2.38 -1.461 7.724 1210Rb0135
3465.765 607.01314 2.38 -4.103 7.724 1210Qd0145
3465.765 90.1 0.83 -0.51 "" ""
3465.78 607.01314 2.374 -1.461 7.724 1210Ra0135
3465.783 607.01214 2.411 -1.487 7.724 1210Ra0115
3465.793 27.0 0.0 -0.64 LAWNHFS ""
3465.802 106.00113 0.836 -11.646 3.464 CX12Q095
3465.843 42.0 2.289 -0.74 "" ""
3465.854 41.0 0.142 -1.28 "" ""
3465.861 26.0 0.11 -1.19 OBR91 ""
3465.877 607.01314 2.374 -1.495 7.724 1210Rb0125
3465.886 607.01314 2.374 -4.075 7.724 1210Qd0135
3465.89 24.1 4.771 -3.8 "" ""
3465.901 607.01214 2.406 -1.567 7.724 1210Rb0095
3465.907 607.01314 2.44 -1.224 7.724 1210Ra0225
3465.908 607.01214 2.406 -3.931 7.724 1210Qd0105
3465.915 607.01214 2.5 -1.162 7.724 1210Ra0235
3465.918 607.01314 2.369 -1.495 7.724 1210Ra0125
3465.919 607.01214 2.51 -1.162 7.724 1210Rb0235
3465.924 90.1 0.51 -1.25 Nils02/10 ""
3465.928 106.00112 0.098 -7.536 3.464 AX20R075
3465.934 607.01214 2.406 -1.525 7.724 1210Ra0105
3465.934 607.01214 2.51 -4.254 7.724 1210Qd0245
3465.948 106.00113 0.708 -7.078 3.464 CX12P045
3465.98 107.00114 0.474 -3.504 3.400 ""
3466.013 23.0 0.3 -4.94 "" ""
3466.017 607.01314 2.369 -1.531 7.724 1210Rb0115
3466.025 607.01314 2.369 -4.045 7.724 1210Qd0125
3466.073 607.01314 2.364 -1.531 7.724 1210Ra0115
3466.084 607.01214 2.402 -1.612 7.724 1210Rb0085
3466.091 607.01214 2.402 -3.891 7.724 1210Qd0095
3466.1 23.0 2.606 -4.87 "" ""
3466.105 106.00113 0.839 -8.947 3.464 AX30P215
3466.11 22.1 4.947 -3.07 "" ""
3466.113 607.01214 2.402 -1.567 7.724 1210Ra0095
3466.113 607.01214 2.51 -1.141 7.724 1210Ra0245
3466.129 607.01214 2.521 -1.141 7.724 1210Rb0245
3466.145 607.01214 2.521 -4.268 7.724 1210Qd0255
3466.148 22.0 0.848 -4.71 "" ""
3466.164 106.00112 0.098 -7.511 3.464 AX20R075
3466.176 106.00112 0.523 -10.973 3.464 CX01Q095
3466.176 607.01314 2.364 -1.569 7.724 1210Rb0105
3466.182 607.01314 2.364 -4.012 7.724 1210Qd0115
3466.186 42.0 3.221 -0.57 "" ""
3466.188 27.0 3.229 -3.19 "" ""
3466.202 48.0 3.798 0.14 "" ""
3466.221 106.00112 0.523 -4.168 3.464 CX01P095
3466.241 607.01314 2.449 -1.202 7.724 1210Ra0235
3466.248 607.01314 2.359 -1.569 7.724 1210Ra0105
3466.256 24.1 4.411 -3.61 "" ""
3466.263 24.1 4.924 -3.11 "" ""
3466.269 25.1 6.489 -2.78 "" ""
3466.28 106.00112 0.523 -4.122 3.464 CX01P105
3466.28 26.0 2.402 -2.73 "" ""
3466.29 607.01214 2.398 -1.662 7.724 1210Rb0075
3466.295 607.01214 2.398 -3.846 7.724 1210Qd0085
3466.301 92.0 0.0 0.08 "" ""
3466.313 607.01214 2.398 -1.612 7.724 1210Ra0085
3466.329 107.00114 0.474 -5.171 3.400 ""
3466.343 107.00114 0.474 -3.442 3.400 ""
3466.346 26.0 2.849 -4.65 "" ""
3466.347 106.00113 1.261 -6.476 3.464 CX34R015
3466.353 607.01314 2.359 -1.611 7.724 1210Rb0095
3466.355 22.0 0.818 -6.37 "" ""
3466.358 106.00112 0.838 -4.975 3.464 AX52P095
3466.358 607.01314 2.359 -3.976 7.724 1210Qd0105
3466.37 106.00112 0.838 -6.571 3.464 AX52Q095
3466.37 106.00113 0.953 -4.976 3.464 AX41P195
3466.371 106.00113 0.953 -7.252 3.464 AX41Q185
3466.38 23.0 1.08 -4.14 "" ""
3466.405 25.0 3.761 -0.89 "" ""
3466.409 106.00113 0.953 -5.041 3.464 AX41P185
3466.428 106.00112 0.846 -9.01 3.464 AX30P215
3466.443 607.01314 2.355 -1.611 7.724 1210Ra0095
3466.445 24.1 2.541 -4.68 "" ""
3466.449 24.0 2.87 -4.54 "" ""
3466.465 25.0 3.761 -2.36 "" ""
3466.499 26.0 0.858 -3.11 "" ""
3466.5 64.1 0.662 -0.83 LAWLER ""
3466.501 6.0 7.482 -3.37 "" ""
3466.508 106.00112 0.838 -4.91 3.464 AX52P105
3466.517 607.01214 2.395 -1.718 7.724 1210Rb0065
3466.522 607.01214 2.395 -3.796 7.724 1210Qd0075
3466.537 607.01214 2.395 -1.662 7.724 1210Ra0075
3466.539 90.0 0.615 -0.39 "" ""
3466.549 607.01314 2.355 -1.657 7.724 1210Rb0085
3466.554 607.01314 2.355 -3.936 7.724 1210Qd0095
3466.573 106.00112 1.306 -4.706 3.464 CX34R045
3466.592 25.1 4.689 -3.07 "" ""
3466.594 23.1 2.263 -1.35 "" ""
3466.606 21.0 1.952 -1.25 "" ""
3466.634 90.0 1.29 0.31 "" ""
3466.654 607.01314 2.352 -1.657 7.724 1210Ra0085
3466.709 607.01314 2.459 -1.181 7.724 1210Ra0245
3466.715 23.0 2.364 -3.3 "" ""
3466.731 20.0 4.128 -3.74 "" ""
3466.745 106.00113 1.063 -8.454 3.464 AX20R255
3466.754 27.0 2.326 -1.95 "" ""
3466.758 106.00112 0.956 -7.22 3.464 AX41Q185
3466.764 607.01314 2.352 -1.707 7.724 1210Rb0075
3466.767 607.01214 2.392 -1.783 7.724 1210Rb0055
3466.768 607.01314 2.352 -3.891 7.724 1210Qd0085
3466.769 607.01214 2.392 -3.738 7.724 1210Qd0065
3466.777 106.00112 1.306 -4.543 3.464 CX34R055
3466.777 106.00113 0.984 -6.781 3.464 CX23P025
3466.781 607.01214 2.392 -1.718 7.724 1210Ra0065
3466.791 25.1 6.49 -3.6 "" ""
3466.804 106.00112 0.956 -5.04 3.464 AX41P185
3466.806 27.0 2.868 -3.73 "" ""
3466.808 106.00112 1.306 -7.805 3.464 CX34Q055
3466.822 106.00112 0.956 -4.975 3.464 AX41P195
3466.824 42.0 0.0 -1.93 "" ""
3466.827 106.00112 0.839 -4.975 3.464 AX52P095
3466.833 106.00113 0.557 -4.122 3.464 CX01P105
3466.84 106.00112 0.839 -6.589 3.464 AX52Q095
3466.851 106.00112 0.839 -11.645 3.464 CX12Q095
3466.856 106.00113 0.557 -4.083 3.464 CX01P115
3466.856 26.1 4.728 -2.74 "" ""
3466.858 23.0 1.847 -4.26 "" ""
3466.866 26.1 5.565 -4.68 "" ""
3466.88 24.0 3.847 -2.76 "" ""
3466.887 55.0 0.0 -7.08 "" ""
3466.889 106.00112 0.839 -4.703 3.464 CX12P095
3466.891 607.01314 2.348 -1.707 7.724 1210Ra0075
3466.893 26.0 2.557 -2.1 "" ""
3466.934 106.00113 1.012 -5.544 3.464 CX23P045
3466.939 106.00112 0.839 -4.91 3.464 AX52P105
3466.946 58.1 0.175 -1.29 BIEMONT ""
3466.95 106.00112 0.839 -4.657 3.464 CX12P105
3466.95 64.1 0.425 -0.62 LAWLER ""
3466.964 42.0 2.258 -0.72 "" ""
3466.985 106.00112 1.069 -8.454 3.464 AX20R255
3466.987 25.1 4.689 -3.58 "" ""
3466.989 106.00113 1.012 -9.723 3.464 CX23Q045
3466.993 24.0 3.008 -1.15 "" ""
3466.997 607.01314 2.348 -1.763 7.724 1210Rb0065
3466.999 107.00114 1.041 -3.347 3.400 ""
3467.001 607.01314 2.348 -3.841 7.724 1210Qd0075
3467.003 24.1 4.771 -2.59 "" ""
3467.009 106.00113 0.557 -11.99 3.464 CX01Q105
3467.03 26.0 3.544 -6.27 "" ""
3467.031 24.0 3.847 -0.94 "" ""
3467.035 607.01214 2.39 -1.857 7.724 1210Rb0045
3467.038 26.0 2.988 -3.21 "" ""
3467.038 607.01214 2.39 -3.671 7.724 1210Qd0055
3467.048 607.01214 2.39 -1.783 7.724 1210Ra0055
3467.1 106.00112 0.71 -7.077 3.464 CX12P045
3467.106 24.1 2.453 -3.65 "" ""
3467.135 26.0 3.632 -6.46 "" ""
3467.138 28.0 3.765 -0.38 "" ""
3467.139 24.1 2.542 -3.79 "" ""
3467.14 607.01314 2.345 -1.763 7.724 1210Ra0065
3467.142 106.00113 1.013 -5.66 3.464 CX23P055
3467.176 22.0 2.479 -1.62 "" ""
3467.192 107.00114 1.203 -5.092 3.400 ""
