wavelength species excitation loggf disassociation_energy comment
4237.158 42.0 2.593 -1.31 "" ""
4237.162 106.00113 1.015 -5.383 3.464 BX01R205
4237.165 106.00112 0.27 -1.444 3.464 AX00R115
4237.176 106.00113 1.641 -3.735 3.464 AX22Q255
4237.195 20.0 4.677 -2.44 "" ""
4237.229 106.00112 1.538 -8.499 3.464 CX03P185
4237.232 106.00112 0.27 -1.412 3.464 AX00R125
4237.251 106.00113 0.638 -1.426 3.464 AX11R135
4237.259 24.0 2.998 -3.68 "" ""
4237.263 42.0 3.221 -1.52 "" ""
4237.272 106.00112 0.27 -3.317 3.464 AX00Q125
4237.291 106.00113 0.638 -3.394 3.464 AX11Q135
4237.341 27.0 2.278 -2.49 LAWNHFS ""
4237.385 25.0 5.108 -3.29 "" ""
4237.394 106.00113 1.376 -8.526 3.464 CX03P155
4237.423 26.0 4.412 -2.29 "" ""
4237.428 40.0 1.395 -0.55 "" ""
4237.488 607.01214 3.049 -2.033 7.724 1213Rb0075
4237.49 22.0 3.102 -3.01 "" ""
4237.516 607.01214 3.049 -4.209 7.724 1213Qd0085
4237.528 106.00113 1.329 -8.529 3.464 CX03P145
4237.531 106.00113 0.269 -1.444 3.464 AX00R115
4237.542 607.01214 3.049 -1.987 7.724 1213Ra0085
4237.587 22.0 1.872 -2.22 LAWLER ""
4237.599 106.00113 0.269 -1.412 3.464 AX00R125
4237.602 27.0 3.729 -3.59 "" ""
4237.637 106.00113 0.269 -3.317 3.464 AX00Q125
4237.66 62.1 0.104 -1.01 LAWLER ""
4237.67 26.0 3.015 -2.37 "" ""
4237.701 24.0 3.009 -1.49 "" ""
4237.702 26.0 4.298 -2.57 "" ""
4237.73 28.0 3.737 -3.85 "" ""
4237.731 106.00112 1.248 -4.241 3.464 AX33R135
4237.747 25.0 4.723 -1.84 "" ""
4237.753 23.0 2.682 -2.41 "" ""
4237.77 22.0 2.304 -0.86 "" ""
4237.808 21.0 2.507 0.02 "" ""
4237.81 41.0 1.393 -0.86 "" ""
4237.866 25.1 5.366 -2.96 "" ""
4237.871 106.00113 1.243 -4.241 3.464 AX33R135
4237.873 25.1 5.369 -4.12 "" ""
4237.887 22.0 2.504 0.19 "" ""
4237.925 21.0 2.336 -1.88 "" ""
4237.945 26.0 3.692 -4.23 "" ""
4237.986 607.01214 3.045 -2.085 7.724 1213Rb0065
4237.994 106.00112 0.641 -1.456 3.464 AX11R125
4238.008 106.00112 1.568 -5.255 3.464 AX54P135
4238.009 607.01214 3.045 -4.155 7.724 1213Qd0075
4238.012 26.0 3.414 -2.65 "" ""
4238.023 26.0 3.414 -1.22 "" ""
4238.024 21.0045 2.01 -1.4 LAWHFS ""
4238.028 21.0045 2.01 -1.2 LAWHFS ""
4238.031 607.01214 3.045 -2.033 7.724 1213Ra0075
4238.032 21.0045 2.01 -1.14 LAWHFS ""
4238.034 106.00112 0.641 -1.427 3.464 AX11R135
4238.037 21.0045 2.01 -1.14 LAWHFS ""
4238.04 21.0045 2.01 -1.21 LAWHFS ""
4238.043 21.0045 2.01 -0.5 LAWHFS ""
4238.044 21.0045 2.01 -1.35 LAWHFS ""
4238.044 27.1 5.051 -2.29 "" ""
4238.045 21.0045 2.01 -0.69 LAWHFS ""
4238.046 21.0045 2.01 -0.91 LAWHFS ""
4238.047 21.0045 2.01 -1.63 LAWHFS ""
4238.048 21.0045 2.01 -1.17 LAWHFS ""
4238.049 21.0045 2.01 -1.5 LAWHFS ""
4238.049 21.0045 2.01 -1.95 LAWHFS ""
4238.05 21.0045 2.01 -2.65 LAWHFS ""
4238.053 21.0045 2.01 -1.63 LAWHFS ""
4238.055 21.0045 2.01 -1.35 LAWHFS ""
4238.056 24.0 3.977 -0.93 "" ""
4238.058 21.0045 2.01 -1.21 LAWHFS ""
4238.06 21.0045 2.01 -1.14 LAWHFS ""
4238.061 21.0045 2.01 -1.14 LAWHFS ""
4238.063 21.0045 2.01 -1.2 LAWHFS ""
4238.064 21.0045 2.01 -1.4 LAWHFS ""
4238.083 106.00112 0.641 -3.373 3.464 AX11Q135
4238.102 22.0 3.087 -3.98 "" ""
4238.16 106.00112 1.648 -1.324 3.464 AX22R255
4238.186 106.00112 1.647 -1.327 3.464 AX22R245
4238.246 26.0 4.581 -2.64 "" ""
4238.252 106.00112 1.648 -3.734 3.464 AX22Q255
4238.267 22.0 2.406 -2.73 "" ""
4238.289 106.00113 0.638 -1.456 3.464 AX11R125
4238.306 57.1139 0.403 -1.832 Lawle01HFS ""
4238.309 57.1139 0.403 -2.309 Lawle01HFS ""
4238.312 57.1139 0.403 -1.61 Lawle01HFS ""
4238.316 57.1139 0.403 -20.26 Lawle01HFS ""
4238.318 57.1139 0.403 -1.832 Lawle01HFS ""
4238.319 106.00113 1.309 -1.353 3.464 AX22R205
4238.323 57.1139 0.403 -1.511 Lawle01HFS ""
4238.324 106.00113 0.639 -1.427 3.464 AX11R135
4238.328 57.1139 0.403 -2.455 Lawle01HFS ""
4238.332 57.1139 0.403 -1.61 Lawle01HFS ""
4238.338 57.1139 0.403 -1.485 Lawle01HFS ""
4238.339 106.00112 1.314 -1.366 3.464 AX22R195
4238.344 106.00112 1.314 -1.353 3.464 AX22R205
4238.345 57.1139 0.403 -1.825 Lawle01HFS ""
4238.35 106.00112 1.208 -8.519 3.464 CX03P115
4238.35 57.1139 0.403 -1.511 Lawle01HFS ""
4238.358 57.1139 0.403 -1.538 Lawle01HFS ""
4238.361 106.00113 1.309 -1.366 3.464 AX22R195
4238.367 57.1139 0.403 -1.439 Lawle01HFS ""
4238.369 106.00113 0.639 -3.373 3.464 AX11Q135
4238.374 57.1139 0.403 -1.485 Lawle01HFS ""
4238.383 106.00113 1.503 -1.33 3.464 AX22R235
4238.383 57.1139 0.403 -1.733 Lawle01HFS ""
4238.392 23.0 3.264 -4.11 "" ""
4238.393 57.1139 0.403 -1.153 Lawle01HFS ""
4238.402 57.1139 0.403 -1.538 Lawle01HFS ""
4238.425 57.1139 0.403 -0.925 Lawle01HFS ""
4238.426 106.00112 1.314 -3.616 3.464 AX22Q205
4238.429 22.0 2.235 -4.82 "" ""
4238.435 57.1139 0.403 -1.733 Lawle01HFS ""
4238.438 106.00113 1.309 -3.616 3.464 AX22Q205
4238.439 27.0 3.626 -1.62 "" ""
4238.456 106.00112 1.916 -4.575 3.464 AX33R255
4238.496 607.01214 3.043 -2.146 7.724 1213Rb0055
4238.503 106.00113 1.503 -3.651 3.464 AX22Q235
4238.516 607.01214 3.043 -4.095 7.724 1213Qd0065
4238.532 607.01214 3.043 -2.085 7.724 1213Ra0065
4238.538 106.00113 1.437 -1.336 3.464 AX22R225
4238.553 58.1 0.47 -1.72 LAWLER ""
4238.573 106.00113 1.503 -1.337 3.464 AX22R225
4238.584 106.00112 1.861 -10.534 3.464 CX04R205
4238.596 22.0 2.479 -6.37 "" ""
4238.598 26.0 4.383 -3.13 "" ""
4238.612 26.0 3.632 -2.78 "" ""
4238.651 106.00113 1.437 -3.629 3.464 AX22Q225
4238.706 22.0 3.152 -2.81 "" ""
4238.71 106.00113 1.437 -1.345 3.464 AX22R215
4238.725 106.00112 1.94 -6.221 3.464 AX21P315
4238.725 24.1 3.103 -4.04 "" ""
4238.73 26.0 4.47 -4.01 "" ""
4238.739 106.00112 1.248 -4.199 3.464 AX33R135
4238.78 64.1 1.126 -0.2 LAWLER ""
4238.788 106.00113 1.714 -1.326 3.464 AX22R265
4238.791 25.1 1.831 -3.63 "" ""
4238.81 26.0 3.394 -0.28 "" ""
4238.813 26.0 4.28 -2.89 "" ""
4238.819 26.1 6.802 -2.73 "" ""
4238.85 106.00112 1.443 -1.336 3.464 AX22R225
4238.857 106.00113 1.572 -1.327 3.464 AX22R245
4238.901 106.00113 1.244 -4.199 3.464 AX33R135
4238.91 106.00112 1.509 -1.33 3.464 AX22R235
4238.926 106.00113 1.714 -1.326 3.464 AX22R255
4238.93 20.0 2.523 -5.34 LAWLER ""
4238.938 106.00112 1.443 -3.629 3.464 AX22Q225
4238.946 23.0 1.941 -1.21 LAWNOHFS ""
4238.949 24.0 3.008 -0.74 "" ""
4238.965 106.00113 1.714 -3.759 3.464 AX22Q265
4238.972 106.00112 1.443 -1.345 3.464 AX22R215
4238.983 106.00113 1.572 -3.674 3.464 AX22Q245
4238.987 11.0 2.101 -2.51 "" ""
4239.0 106.00112 1.509 -3.651 3.464 AX22Q235
4239.007 26.0 2.756 -4.04 "" ""
4239.013 24.0 2.98 -4.66 "" ""
4239.016 607.01214 3.04 -2.217 7.724 1213Rb0045
4239.034 607.01214 3.04 -4.026 7.724 1213Qd0055
4239.042 106.00112 1.509 -1.337 3.464 AX22R225
4239.052 607.01214 3.04 -2.146 7.724 1213Ra0055
4239.065 106.00113 1.572 -1.332 3.464 AX22R235
4239.076 42.0 2.079 -1.84 "" ""
4239.098 22.0 2.394 -4.5 "" ""
4239.184 106.00112 1.569 -5.296 3.464 AX54P135
4239.187 25.1 5.366 -2.25 "" ""
4239.194 42.0 2.079 -2.02 "" ""
4239.262 106.00113 1.372 -1.344 3.464 AX22R215
4239.298 40.0 0.686 0.05 "" ""
4239.362 26.0 3.639 -1.52 "" ""
4239.369 106.00113 1.372 -3.607 3.464 AX22Q215
4239.376 106.00112 1.483 -8.511 3.464 CX03P175
4239.392 25.0 3.38 -3.77 "" ""
4239.405 26.0 4.206 -3.67 "" ""
4239.416 106.00113 1.372 -1.355 3.464 AX22R205
4239.431 106.00112 1.378 -1.344 3.464 AX22R215
4239.451 27.1 3.007 -6.2 "" ""
4239.453 21.0 2.108 -3.71 "" ""
4239.516 106.00112 1.378 -3.607 3.464 AX22Q215
4239.542 106.00112 1.378 -1.355 3.464 AX22R205
4239.543 25.0 4.662 -2.4 "" ""
4239.544 21.0045 2.001 -2.65 LAWHFS ""
4239.545 21.0045 2.001 -2.22 LAWHFS ""
4239.547 21.0045 2.001 -1.97 LAWHFS ""
4239.548 21.0045 2.001 -1.79 LAWHFS ""
4239.551 607.01214 3.038 -2.304 7.724 1213Rb0035
4239.552 21.0045 2.001 -1.62 LAWHFS ""
4239.552 21.0045 2.001 -1.63 LAWHFS ""
4239.552 21.0045 2.001 -1.79 LAWHFS ""
4239.553 21.0045 2.001 -1.78 LAWHFS ""
4239.553 56.0 1.674 -0.72 "" ""
4239.557 21.0045 2.001 -2.1 LAWHFS ""
4239.559 21.0045 2.001 -1.66 LAWHFS ""
4239.562 21.0045 2.001 -1.37 LAWHFS ""
4239.564 21.0045 2.001 -1.16 LAWHFS ""
4239.564 607.01214 3.038 -3.945 7.724 1213Qd0045
4239.576 607.01214 3.038 -2.217 7.724 1213Ra0045
4239.613 23.0 1.852 -3.62 "" ""
4239.629 27.0 2.278 -4.35 "" ""
4239.633 28.0 4.232 -2.37 "" ""
4239.637 26.0 3.249 -6.5 "" ""
4239.652 23.0 2.372 -6.5 "" ""
4239.656 20.0 6.035 -3.98 "" ""
4239.667 22.1 5.563 -0.82 "" ""
4239.703 106.00112 1.579 -1.326 3.464 AX22R245
4239.707 22.0 2.576 -4.28 "" ""
4239.73 25.0 2.939 -0.68 "" ""
4239.732 26.0 2.947 -1.53 "" ""
4239.794 106.00112 1.579 -3.673 3.464 AX22Q245
4239.819 27.0 2.278 -2.76 LAWNHFS ""
4239.835 26.0 0.957 -4.71 "" ""
4239.843 106.00112 1.579 -1.331 3.464 AX22R235
4239.848 26.0 2.69 -1.64 "" ""
4239.854 66.0 1.141 0.71 "" ""
4239.856 28.0 3.191 -2.67 "" ""
4239.901 27.0 3.949 -3.36 "" ""
4239.909 58.1 0.477 0.0 LAWLER ""
4239.942 26.0 3.069 -1.66 "" ""
4239.944 23.1 6.161 -2.85 "" ""
4240.003 21.0 2.301 -3.8 "" ""
4240.017 23.1 5.471 -3.01 "" ""
4240.025 59.1 1.016 -0.04 "" ""
4240.026 106.00113 1.643 -1.325 3.464 AX22R255
4240.075 42.0 2.258 -1.3 "" ""
4240.081 23.0 1.944 -0.76 LAWNOHFS ""
4240.092 24.0 3.011 -3.02 "" ""
4240.093 607.01214 3.036 -2.415 7.724 1213Rb0025
4240.106 607.01214 3.036 -3.844 7.724 1213Qd0035
4240.115 607.01214 3.036 -2.304 7.724 1213Ra0035
4240.143 42.0 2.834 -2.1 "" ""
4240.155 106.00112 1.255 -1.38 3.464 AX22R185
4240.158 106.00113 1.643 -3.696 3.464 AX22Q255
4240.163 23.0 2.314 -2.47 "" ""
4240.17 106.00112 1.255 -1.365 3.464 AX22R195
4240.192 106.00113 1.25 -1.365 3.464 AX22R195
4240.2 26.0 4.151 -3.48 "" ""
4240.201 20.0 5.983 -7.1 "" ""
4240.205 106.00112 1.247 -8.525 3.464 CX03P125
4240.217 106.00113 1.25 -1.38 3.464 AX22R185
4240.23 60.1 0.559 -1.68 LAWLER ""
4240.248 106.00112 1.255 -3.591 3.464 AX22Q195
4240.251 106.00113 1.643 -1.328 3.464 AX22R245
4240.276 42.0 3.075 -0.59 "" ""
4240.279 23.0 2.503 -8.05 "" ""
4240.301 106.00113 1.25 -3.591 3.464 AX22Q195
4240.324 42.0 2.834 -1.83 "" ""
4240.332 24.0 2.913 -4.4 "" ""
4240.338 40.0 0.603 -0.45 "" ""
4240.348 23.0 1.948 -0.63 "" ""
4240.371 26.0 3.544 -1.34 "" ""
4240.39 25.1 6.172 -2.07 "" ""
4240.44 62.0 0.185 -1.17 "" ""
4240.457 20.0 2.709 -1.23 LAWLER ""
4240.5 24.0 4.614 -1.92 "" ""
4240.501 106.00113 1.31 -1.353 3.464 AX22R205
4240.537 25.1 6.172 -3.59 "" ""
4240.552 106.00112 1.721 -1.325 3.464 AX22R265
4240.578 106.00112 1.316 -1.353 3.464 AX22R205
4240.58 106.00112 1.721 -1.326 3.464 AX22R255
4240.587 92.1 0.652 -1.61 "" ""
4240.595 90.1 0.77 -1.9 "" ""
4240.6 106.00113 1.31 -3.584 3.464 AX22Q205
4240.635 106.00113 1.311 -1.367 3.464 AX22R195
4240.644 106.00112 1.721 -3.758 3.464 AX22Q265
4240.646 26.0 2.996 -6.16 "" ""
4240.651 607.01214 3.035 -2.569 7.724 1213Rb0015
4240.652 21.0 4.524 -2.25 "" ""
4240.659 607.01214 3.035 -3.713 7.724 1213Qd0025
4240.66 106.00112 1.316 -3.584 3.464 AX22Q205
4240.664 607.01214 3.035 -2.415 7.724 1213Ra0025
4240.676 106.00112 1.316 -1.367 3.464 AX22R195
4240.681 24.0 3.09 -5.35 "" ""
4240.692 26.0 2.988 -2.64 "" ""
4240.708 24.0 2.98 -1.28 "" ""
4240.729 22.0 2.425 -3.11 "" ""
4240.757 23.1 6.491 -1.43 "" ""
4240.769 20.0 6.0 -4.38 "" ""
4240.785 26.0 4.368 -2.37 "" ""
4240.802 27.0 3.051 -2.67 "" ""
4240.804 22.0 2.576 -6.29 "" ""
4240.815 26.0 3.94 -3.76 "" ""
4240.83 42.0 2.596 -0.65 "" ""
4240.835 106.00112 1.654 -5.612 3.464 AX43P205
4240.85 20.0 6.0 -4.86 "" ""
4240.862 59.1141 0.55 -3.858 LI/LAW ""
4240.875 106.00112 1.431 -8.52 3.464 CX03P165
4240.877 23.1 5.83 -2.95 "" ""
4240.883 59.1141 0.55 -2.151 LI/LAW ""
4240.887 59.1141 0.55 -3.666 LI/LAW ""
4240.902 59.1141 0.55 -0.912 LI/LAW ""
4240.912 59.1141 0.55 -1.952 LI/LAW ""
4240.917 59.1141 0.55 -3.72 LI/LAW ""
4240.922 27.1 2.679 -5.28 "" ""
4240.934 59.1141 0.55 -0.854 LI/LAW ""
4240.946 59.1141 0.55 -1.901 LI/LAW ""
4240.952 59.1141 0.55 -4.024 LI/LAW ""
4240.955 22.0 2.493 -4.6 "" ""
4240.971 59.1141 0.55 -0.796 LI/LAW ""
4240.983 23.0 2.676 -2.54 "" ""
4240.984 59.1141 0.55 -1.949 LI/LAW ""
4241.012 59.1141 0.55 -0.737 LI/LAW ""
4241.026 59.1141 0.55 -2.148 LI/LAW ""
4241.057 23.0 1.941 -2.36 "" ""
4241.058 59.1141 0.55 -0.68 LI/LAW ""
4241.061 44.0 1.087 -0.63 "" ""
4241.076 20.0 4.438 -4.76 "" ""
4241.08 24.0 3.108 -5.05 "" ""
4241.108 59.1141 0.55 -0.624 LI/LAW ""
4241.116 24.0 4.609 -3.19 "" ""
4241.117 26.0 2.829 -2.51 "" ""
4241.151 75.0 2.136 -0.97 "" ""
4241.191 60.1 1.751 0.31 "" ""
4241.196 40.0 0.622 -0.43 "" ""
4241.223 607.01214 3.034 -2.569 7.724 1213Ra0015
4241.223 607.01214 3.034 -2.823 7.724 1213Rb0005
4241.223 607.01214 3.034 -3.521 7.724 1213Qd0015
4241.264 27.0 3.968 -3.76 "" ""
4241.273 64.1 1.62 -0.39 "" ""
4241.308 20.0 4.621 -2.23 "" ""
4241.308 23.0 1.954 -0.8 LAWNOHFS ""
4241.311 20.0 6.036 -2.49 "" ""
4241.329 106.00112 1.65 -1.325 3.464 AX22R255
4241.372 25.0 3.376 -4.55 "" ""
4241.383 106.00112 1.289 -8.528 3.464 CX03P135
4241.388 75.0 2.136 -0.75 "" ""
4241.42 106.00113 1.789 -1.33 3.464 AX22R275
4241.421 106.00112 1.65 -3.696 3.464 AX22Q255
4241.444 74.0 1.915 -0.4 "" ""
4241.451 25.0 4.824 -3.07 "" ""
4241.451 41.0 1.156 -1.05 "" ""
4241.462 21.0 2.109 -4.04 "" ""
4241.477 106.00112 1.65 -1.328 3.464 AX22R245
4241.503 42.0 3.393 -1.7 "" ""
4241.507 27.0 3.629 -0.8 "" ""
4241.573 106.00113 1.789 -1.327 3.464 AX22R265
4241.607 106.00113 1.789 -3.783 3.464 AX22Q275
4241.664 92.1 0.568 -0.1 Nils02/8 ""
4241.676 40.0 0.65 0.14 "" ""
4241.68 21.0 2.109 -2.94 "" ""
4241.714 106.00112 1.381 -8.525 3.464 CX03P155
4241.796 79.0 5.101 -1.24 "" ""
4241.799 607.01214 3.034 -3.123 7.724 1213Qd0005
4241.8 607.01214 3.034 -2.823 7.724 1213Ra0005
4241.816 27.0059 2.079 -3.626 Lawle15HFS ""
4241.82 27.0059 2.079 -3.881 Lawle15HFS ""
4241.826 27.0059 2.079 -3.427 Lawle15HFS ""
4241.833 27.0059 2.079 -5.531 Lawle15HFS ""
4241.837 27.0059 2.079 -3.626 Lawle15HFS ""
4241.843 27.0059 2.079 -3.363 Lawle15HFS ""
4241.851 27.0059 2.079 -4.291 Lawle15HFS ""
4241.857 27.0059 2.079 -3.427 Lawle15HFS ""
4241.865 27.0059 2.079 -3.394 Lawle15HFS ""
4241.876 27.0059 2.079 -3.574 Lawle15HFS ""
4241.884 27.0059 2.079 -3.363 Lawle15HFS ""
4241.885 106.00112 1.334 -8.528 3.464 CX03P145
4241.894 27.0059 2.079 -3.575 Lawle15HFS ""
4241.899 22.1 5.564 -2.42 "" ""
4241.903 23.1 6.473 -1.31 "" ""
4241.907 27.0059 2.079 -3.168 Lawle15HFS ""
4241.917 27.0059 2.079 -3.394 Lawle15HFS ""
4241.944 27.0059 2.079 -2.876 Lawle15HFS ""
4241.957 27.0059 2.079 -3.575 Lawle15HFS ""
4241.961 106.00113 1.716 -1.326 3.464 AX22R265
4242.007 58.1 0.932 -0.57 BIEMONT ""
4242.049 23.0 1.802 -2.1 "" ""
4242.081 11.0 2.103 -2.25 "" ""
4242.081 11.0 2.103 -3.21 "" ""
4242.083 27.0 1.048 -2.68 "" ""
4242.094 24.0 4.189 -4.18 "" ""
4242.099 106.00113 1.716 -3.718 3.464 AX22Q265
4242.15 69.1 0.029 -0.95 LAWLER ""
4242.156 106.00112 0.598 -1.484 3.464 AX11R115
4242.158 22.1 4.906 -1.42 "" ""
4242.202 106.00113 1.716 -1.326 3.464 AX22R255
4242.203 106.00113 1.251 -1.365 3.464 AX22R195
4242.223 106.00112 1.256 -1.365 3.464 AX22R195
4242.266 29.0 5.501 -1.45 "" ""
4242.296 106.00113 1.251 -3.56 3.464 AX22Q195
4242.3 106.00112 0.598 -1.452 3.464 AX11R125
4242.301 106.00112 1.256 -3.56 3.464 AX22Q195
4242.307 106.00112 1.256 -1.38 3.464 AX22R185
4242.316 106.00113 1.251 -1.38 3.464 AX22R185
4242.333 25.1 6.172 -1.26 "" ""
4242.336 106.00112 0.598 -3.359 3.464 AX11Q125
4242.359 58.1 0.708 -2.01 LAWLER ""
4242.366 24.0 4.183 -4.47 "" ""
4242.366 24.1 3.871 -1.19 Lawler17 ""
4242.407 106.00112 1.197 -1.396 3.464 AX22R175
4242.43 106.00112 0.229 -1.474 3.464 AX00R105
4242.434 106.00112 1.197 -1.378 3.464 AX22R185
4242.44 106.00113 0.596 -1.484 3.464 AX11R115
4242.481 106.00113 1.193 -1.378 3.464 AX22R185
4242.488 106.00113 1.193 -1.396 3.464 AX22R175
4242.508 106.00112 1.197 -3.566 3.464 AX22Q185
4242.576 106.00113 0.596 -1.452 3.464 AX11R125
4242.581 106.00113 1.193 -3.566 3.464 AX22Q185
4242.587 23.0 2.357 -7.49 "" ""
4242.596 26.0 2.725 -2.65 "" ""
4242.602 56.0 1.566 -1.12 "" ""
4242.603 106.00112 0.229 -1.439 3.464 AX00R115
4242.613 106.00113 0.596 -3.359 3.464 AX11Q125
4242.616 26.0 4.206 -4.15 "" ""
4242.631 106.00112 0.229 -3.298 3.464 AX00Q115
4242.634 41.0 2.271 0.18 "" ""
4242.652 20.0 5.877 -1.39 "" ""
4242.703 26.0 4.151 -3.05 "" ""
4242.72 24.1 5.489 -3.6 "" ""
4242.72 58.1 0.295 -0.59 LAWLER ""
4242.721 106.00112 0.752 -3.945 3.464 AX22R075
4242.73 26.0 3.298 -1.62 "" ""
4242.735 106.00113 0.894 -2.155 3.464 BX11Q175
4242.739 42.0 3.39 -1.46 "" ""
4242.742 106.00112 2.009 -9.255 3.464 CX15R185
4242.745 106.00113 0.894 -5.637 3.464 BX11P185
4242.757 20.0 4.76 -3.73 "" ""
4242.776 106.00113 0.227 -1.474 3.464 AX00R105
4242.8 42.0 2.985 -1.36 "" ""
4242.81 106.00113 0.894 -5.966 3.464 BX11R175
4242.817 22.0 1.872 -2.64 "" ""
4242.819 106.00113 0.894 -2.341 3.464 BX11Q185
4242.826 24.0 3.011 -1.36 "" ""
4242.857 58.1 1.122 -0.25 BIEMONT ""
4242.886 23.1 3.755 -1.29 "" ""
4242.898 27.0 3.629 -2.95 "" ""
4242.924 25.1 5.369 -2.99 "" ""
4242.932 106.00113 0.75 -3.945 3.464 AX22R075
4242.948 106.00113 0.227 -1.439 3.464 AX00R115
4242.948 26.1 4.728 -4.59 "" ""
4242.972 106.00113 0.227 -3.298 3.464 AX00Q115
4242.981 607.01214 3.034 -3.123 7.724 1213Qc0005
4242.985 607.01214 3.034 -2.821 7.724 1213Pa0015
4243.049 106.00112 0.752 -3.92 3.464 AX22R075
4243.057 44.0 0.927 -0.83 "" ""
4243.075 106.00113 1.606 -5.246 3.464 AX54P145
4243.093 23.0 2.357 -6.72 "" ""
4243.11 106.00112 1.704 -4.296 3.464 AX54Q165
4243.144 22.0 3.106 -2.38 "" ""
4243.159 106.00112 1.704 -2.449 3.464 AX54P165
4243.17 106.00112 0.599 -1.484 3.464 AX11R115
4243.207 106.00112 1.704 -2.391 3.464 AX54P175
4243.238 28.0 3.191 -5.13 "" ""
4243.246 106.00112 0.599 -1.452 3.464 AX11R125
4243.257 106.00113 0.75 -3.92 3.464 AX22R075
4243.261 106.00112 1.656 -5.67 3.464 AX43P205
4243.264 22.0 2.266 -4.54 "" ""
4243.272 106.00112 0.053 -3.792 3.464 AX00R055
4243.278 23.0 1.944 -1.72 "" ""
4243.28 106.00112 0.599 -3.339 3.464 AX11Q125
4243.287 24.0 3.695 -3.26 "" ""
4243.331 106.00112 0.229 -1.474 3.464 AX00R105
4243.352 106.00112 1.208 -4.204 3.464 AX33R125
4243.369 26.0 3.637 -1.71 "" ""
4243.432 106.00113 1.204 -4.204 3.464 AX33R125
4243.432 66.0 0.937 -0.45 "" ""
4243.433 106.00113 1.063 -1.112 3.464 BX10P245
4243.437 106.00112 0.229 -1.44 3.464 AX00R115
4243.443 106.00113 0.596 -1.484 3.464 AX11R115
4243.457 106.00112 0.053 -3.773 3.464 AX00R055
4243.465 106.00112 0.229 -3.28 3.464 AX00Q115
4243.475 25.0 4.341 -2.61 "" ""
4243.487 106.00112 1.943 -6.302 3.464 AX21P315
4243.491 42.0 3.44 -1.55 "" ""
4243.511 106.00113 0.596 -1.452 3.464 AX11R125
4243.513 59.1 0.422 -0.53 "" ""
4243.531 106.00113 1.063 -5.461 3.464 BX10Q245
4243.544 26.0 3.692 -1.84 "" ""
4243.546 106.00113 0.596 -3.339 3.464 AX11Q125
4243.566 20.0 4.677 -1.9 "" ""
4243.586 106.00113 1.063 -0.718 3.464 BX10P255
4243.588 607.01214 3.035 -2.821 7.724 1213Pb0015
4243.589 607.01214 3.035 -3.521 7.724 1213Qc0015
4243.594 607.01214 3.035 -2.565 7.724 1213Pa0025
4243.614 106.00113 0.052 -3.792 3.464 AX00R055
4243.624 26.0 3.299 -8.04 "" ""
4243.666 106.00113 0.228 -1.474 3.464 AX00R105
4243.725 27.1 2.777 -4.76 "" ""
4243.739 58.1 1.708 0.01 "" ""
4243.763 25.0 4.341 -1.26 "" ""
4243.772 106.00113 0.228 -1.439 3.464 AX00R115
4243.797 106.00113 0.052 -3.773 3.464 AX00R055
4243.797 106.00113 0.228 -3.28 3.464 AX00Q115
4243.816 26.0 3.881 -1.5 "" ""
4243.821 23.0 2.33 -1.83 "" ""
4243.84 64.1 1.405 -0.43 LAWLER ""
4243.875 27.0 2.784 -4.14 "" ""
4243.911 106.00112 1.723 -1.326 3.464 AX22R265
4243.924 90.1 1.166 -1.2 Nils02/12 ""
4243.994 73.0 1.393 -1.78 "" ""
4244.003 106.00112 1.723 -3.718 3.464 AX22Q265
4244.021 27.0 3.62 -2.35 "" ""
4244.039 106.00112 1.796 -1.33 3.464 AX22R275
4244.065 106.00112 1.723 -1.326 3.464 AX22R255
4244.069 106.00112 1.796 -1.327 3.464 AX22R265
4244.082 20.0 4.44 -2.25 "" ""
4244.13 106.00112 1.796 -3.783 3.464 AX22Q275
4244.134 25.1 5.344 -3.27 "" ""
4244.14 20.0 6.003 -2.83 "" ""
4244.202 607.01214 3.036 -2.565 7.724 1213Pb0025
4244.208 607.01214 3.036 -3.714 7.724 1213Qc0025
4244.218 607.01214 3.036 -2.41 7.724 1213Pa0035
4244.224 106.00112 1.209 -4.166 3.464 AX33R125
4244.227 20.0 4.677 -2.22 "" ""
4244.242 23.0 2.676 -2.32 "" ""
4244.244 26.0 4.368 -2.19 "" ""
4244.248 25.1 5.369 -2.4 "" ""
4244.248 62.0 0.036 -1.75 "" ""
4244.249 27.1 5.085 -1.89 "" ""
4244.309 106.00112 1.199 -1.379 3.464 AX22R185
4244.315 106.00113 1.205 -4.166 3.464 AX33R125
4244.323 106.00113 1.194 -1.379 3.464 AX22R185
4244.352 24.0 3.854 -1.8 "" ""
4244.367 74.0 0.771 -1.39 "" ""
4244.373 92.1 0.0 -1.28 "" ""
4244.376 25.0 5.083 -2.97 "" ""
4244.378 106.00112 1.199 -1.396 3.464 AX22R175
4244.383 106.00112 1.199 -3.537 3.464 AX22Q185
4244.384 106.00113 1.607 -5.289 3.464 AX54P145
4244.387 24.0 4.443 -2.23 "" ""
4244.408 106.00113 1.194 -3.537 3.464 AX22Q185
4244.415 106.00113 1.194 -1.396 3.464 AX22R175
4244.435 45.0 1.278 -2.15 "" ""
4244.541 26.1 2.34 -6.21 "" ""
4244.635 24.1 5.489 -4.65 "" ""
4244.7 62.1 0.277 -0.81 LAWLER ""
4244.72 25.0 4.824 -3.14 "" ""
4244.741 106.00113 1.791 -1.331 3.464 AX22R275
4244.741 63.0 1.617 -0.36 "" ""
4244.744 20.0 5.878 -2.86 "" ""
4244.747 42.1 4.496 -1.0 "" ""
4244.757 106.00112 1.705 -4.325 3.464 AX54Q165
4244.769 106.00112 1.705 -2.391 3.464 AX54P175
4244.77 24.0 3.887 -2.27 "" ""
4244.779 28.1 4.029 -3.11 "" ""
4244.793 24.0 4.093 -2.77 "" ""
4244.803 42.0 3.196 -1.49 "" ""
4244.806 106.00112 1.705 -2.449 3.464 AX54P165
4244.83 607.01214 3.038 -2.41 7.724 1213Pb0035
4244.833 44.0 2.006 -1.0 "" ""
4244.837 607.01214 3.038 -3.845 7.724 1213Qc0035
4244.852 607.01214 3.038 -2.298 7.724 1213Pa0045
4244.858 22.0 1.979 -3.87 "" ""
4244.884 106.00113 1.791 -3.742 3.464 AX22Q275
4244.956 24.0 3.695 -3.06 "" ""
4244.963 60.1 0.204 -1.03 "" ""
4244.991 106.00113 1.865 -1.339 3.464 AX22R285
4244.999 106.00113 1.791 -1.328 3.464 AX22R265
4245.044 106.00112 1.143 -1.413 3.464 AX22R165
4245.048 23.1 1.671 -6.42 "" ""
4245.061 24.0 4.436 -0.47 "" ""
4245.084 106.00112 1.143 -1.394 3.464 AX22R175
4245.132 106.00113 1.138 -1.413 3.464 AX22R165
4245.144 106.00113 1.138 -1.394 3.464 AX22R175
4245.153 106.00112 1.143 -3.54 3.464 AX22Q175
4245.153 26.0 4.073 -2.18 "" ""
4245.156 28.0 4.415 -2.79 "" ""
4245.159 106.00113 1.865 -1.332 3.464 AX22R275
4245.165 72.0 1.113 -1.46 "" ""
4245.17 62.1 0.248 -1.47 LAWLER ""
4245.184 26.0 4.73 -3.33 "" ""
4245.189 106.00113 1.865 -3.809 3.464 AX22Q285
4245.234 106.00113 1.138 -3.54 3.464 AX22Q175
4245.237 23.0 1.042 -5.03 "" ""
4245.258 26.0 2.856 -1.17 "" ""
4245.26 22.0 1.748 -4.17 "" ""
4245.342 64.0 0.88 -0.12 "" ""
4245.344 26.0 3.329 -1.43 DEN14 ""
4245.344 73.0 1.393 -1.11 "" ""
4245.361 26.0 4.151 -2.92 "" ""
4245.373 106.00112 1.796 -5.896 3.464 AX32P265
4245.401 26.0 3.045 -4.7 "" ""
4245.458 106.00113 1.748 -4.289 3.464 AX54Q175
4245.459 26.1 6.133 -3.92 "" ""
4245.471 607.01214 3.04 -2.298 7.724 1213Pb0045
4245.478 607.01214 3.04 -3.945 7.724 1213Qc0045
4245.489 106.00113 1.748 -2.394 3.464 AX54P175
4245.492 24.0 3.099 -5.56 "" ""
4245.498 607.01214 3.04 -2.209 7.724 1213Pa0055
4245.505 22.0 2.235 -0.94 LAWLER ""
4245.538 106.00113 1.748 -2.337 3.464 AX54P185
4245.574 27.0 3.62 -2.01 "" ""
4245.655 20.0 5.987 -4.54 "" ""
4245.656 106.00113 1.911 -4.173 3.464 AX54R205
4245.663 25.0 4.329 -2.98 "" ""
4245.708 106.00113 1.911 -1.776 3.464 AX54Q205
4245.718 106.00113 1.911 -1.736 3.464 AX54Q215
4245.743 24.0 4.444 -2.33 "" ""
4245.77 106.00113 1.911 -4.34 3.464 AX54P215
4245.797 58.1 0.459 -0.99 BIEMONT ""
4245.827 25.1 6.489 -4.16 "" ""
4245.845 72.1 2.495 -0.57 "" ""
4245.852 106.00112 0.389 -3.793 3.464 AX11R055
4245.878 58.1 0.721 -0.52 BIEMONT ""
4245.897 20.0 4.776 -3.93 "" ""
4245.91 66.0 1.354 0.73 "" ""
4245.922 25.1 5.344 -2.98 "" ""
4245.973 58.1 0.529 -0.48 LAWLER ""
4246.013 26.0 3.271 -2.17 "" ""
4246.018 42.0 3.161 -0.15 "" ""
4246.031 106.00112 0.389 -3.774 3.464 AX11R055
4246.072 20.0 5.879 -4.39 "" ""
4246.084 26.0 3.639 -1.11 "" ""
4246.111 22.0 2.406 -1.76 "" ""
4246.116 21.0045 2.01 -3.24 LAWHFS ""
4246.118 21.0045 2.01 -2.82 LAWHFS ""
4246.12 21.0045 2.01 -2.6 LAWHFS ""
4246.12 607.01214 3.043 -2.209 7.724 1213Pb0055
4246.122 21.0045 2.01 -2.48 LAWHFS ""
4246.125 21.0045 2.01 -2.43 LAWHFS ""
4246.127 21.0045 2.01 -2.46 LAWHFS ""
4246.13 21.0045 2.01 -1.98 LAWHFS ""
4246.13 21.0045 2.01 -2.17 LAWHFS ""
4246.131 21.0045 2.01 -1.87 LAWHFS ""
4246.131 21.0045 2.01 -1.89 LAWHFS ""
4246.131 607.01214 3.043 -4.027 7.724 1213Qc0055
4246.132 21.0045 2.01 -1.92 LAWHFS ""
4246.132 21.0045 2.01 -2.12 LAWHFS ""
4246.133 106.00113 0.388 -3.793 3.464 AX11R055
4246.136 21.0045 2.01 -2.43 LAWHFS ""
4246.139 21.0045 2.01 -2.04 LAWHFS ""
4246.142 21.0045 2.01 -1.78 LAWHFS ""
4246.145 21.0045 2.01 -1.59 LAWHFS ""
4246.148 21.0045 2.01 -1.42 LAWHFS ""
4246.15 607.01214 3.043 -2.136 7.724 1213Pa0065
4246.152 21.0045 2.01 -1.28 LAWHFS ""
4246.16 24.0 4.437 -0.03 "" ""
4246.174 22.0 2.248 -5.11 "" ""
4246.182 27.0 3.527 -3.96 "" ""
4246.207 23.0 2.503 -6.23 "" ""
4246.26 92.0 0.0 -0.69 "" ""
4246.285 41.0 1.079 -0.97 "" ""
4246.308 106.00113 0.388 -3.774 3.464 AX11R055
4246.341 44.0 1.821 -0.62 "" ""
4246.351 24.0 2.985 -4.06 "" ""
4246.355 106.00112 0.958 -6.086 3.464 BX11R195
4246.39 62.1 0.248 -2.64 LAWLER ""
4246.39 69.1 1.11 -2.02 LAWLER ""
4246.395 58.1 0.892 -0.8 "" ""
4246.409 24.1 3.851 -3.22 "" ""
4246.525 23.0 2.676 -4.89 "" ""
4246.57 64.1 1.133 -0.64 LAWLER ""
4246.595 26.0 3.428 -4.31 "" ""
4246.613 23.1 1.686 -5.12 "" ""
4246.616 22.0 3.137 -3.92 "" ""
4246.624 25.1 6.86 -5.39 "" ""
4246.709 23.0 1.71 -0.89 "" ""
4246.713 58.1 0.265 -0.56 LAWLER ""
4246.736 44.0 2.485 0.34 "" ""
4246.781 607.01214 3.045 -2.136 7.724 1213Pb0065
4246.786 106.00112 1.144 -1.394 3.464 AX22R175
4246.786 26.0 2.586 -5.0 "" ""
4246.795 607.01214 3.045 -4.096 7.724 1213Qc0065
4246.798 106.00112 2.167 -6.362 3.464 CX04R255
4246.814 21.1045 0.315 -0.96 LAWHFS ""
4246.818 106.00113 1.14 -1.394 3.464 AX22R175
4246.818 21.1045 0.315 -0.39 LAWHFS ""
4246.818 21.1045 0.315 -0.8 LAWHFS ""
4246.82 607.01214 3.045 -2.074 7.724 1213Pa0075
4246.821 21.1045 0.315 -0.78 LAWHFS ""
4246.821 21.1045 0.315 -0.81 LAWHFS ""
4246.822 75.0 4.277 0.37 "" ""
4246.823 21.1045 0.315 -0.98 LAWHFS ""
4246.824 21.1045 0.315 -1.48 LAWHFS ""
4246.825 21.1045 0.315 -0.96 LAWHFS ""
4246.825 21.1045 0.315 -2.91 LAWHFS ""
4246.827 21.1045 0.315 -0.8 LAWHFS ""
4246.827 21.1045 0.315 -1.16 LAWHFS ""
4246.828 21.1045 0.315 -0.81 LAWHFS ""
4246.829 21.1045 0.315 -0.98 LAWHFS ""
4246.837 106.00112 1.144 -1.413 3.464 AX22R165
4246.854 106.00112 1.144 -3.512 3.464 AX22Q175
4246.889 106.00113 1.14 -1.413 3.464 AX22R165
4246.89 60.1 0.064 -1.79 LAWLER ""
4246.896 106.00113 1.14 -3.512 3.464 AX22Q175
4246.939 106.00112 2.167 -10.737 3.464 CX04Q255
4246.945 25.1 6.489 -4.89 "" ""
4246.997 106.00112 2.167 -6.534 3.464 CX04R245
4247.044 25.1 5.544 -6.52 "" ""
4247.149 26.0 4.14 -3.13 "" ""
