a line list in the range:    4245.00   4255.00
  4245.000       8.0     7.000     -9.69                                        
  4245.044 106.00112     1.143    -1.413               3.464            AX22R165
  4245.048      23.1     1.671     -6.42                                        
  4245.061      24.0     4.436     -0.47                                        
  4245.084 106.00112     1.143    -1.394               3.464            AX22R175
  4245.132 106.00113     1.138    -1.413               3.464            AX22R165
  4245.144 106.00113     1.138    -1.394               3.464            AX22R175
  4245.144 606.01212     1.736    -1.355                6.24           107pP1e41
  4245.153 106.00112     1.143    -3.540               3.464            AX22Q175
  4245.153      26.0     4.073     -2.18                                        
  4245.156      28.0     4.415     -2.79                                        
  4245.159 106.00113     1.865    -1.332               3.464            AX22R275
  4245.165      72.0     1.113     -1.46                                        
  4245.170      62.1     0.248     -1.47                                 LAWLER 
  4245.184      26.0     4.730     -3.33                                        
  4245.189 106.00113     1.865    -3.809               3.464            AX22Q285
  4245.234 106.00113     1.138    -3.540               3.464            AX22Q175
  4245.237      23.0     1.042     -5.03                                        
  4245.258      26.0     2.856     -1.17                                        
  4245.260      22.0     1.748     -4.17                                        
  4245.342      64.0     0.880     -0.12                                        
  4245.344      26.0     3.329     -1.43                                  DEN14 
  4245.344      73.0     1.393     -1.11                                        
  4245.361      26.0     4.151     -2.92                                        
  4245.373 106.00112     1.796    -5.896               3.464            AX32P265
  4245.380 606.01212     1.736    -1.366                6.24           107pP2f40
  4245.394 606.01212     0.910    -6.811                6.24            42tR3147
  4245.401      26.0     3.045     -4.70                                        
  4245.420 606.01212     1.723    -1.377                6.24           107pP2e39
  4245.436 606.01212     1.544    -6.668                6.24           107nP1323
  4245.458 106.00113     1.748    -4.289               3.464            AX54Q175
  4245.459      26.1     6.133     -3.92                                        
  4245.471 607.01214     3.040    -2.298               7.724          1213Pb0045
  4245.478 607.01214     3.040    -3.945               7.724          1213Qc0045
  4245.489 106.00113     1.748    -2.394               3.464            AX54P175
  4245.492      24.0     3.099     -5.56                                        
  4245.498 607.01214     3.040    -2.209               7.724          1213Pa0055
  4245.505      22.0     2.235     -0.94                                 LAWLER 
  4245.524 606.01212     1.723    -1.388                6.24           107pP3f38
  4245.538 106.00113     1.748    -2.337               3.464            AX54P185
  4245.538 606.01212     1.723    -1.366                6.24           107pP1f40
  4245.554 606.01212     1.736    -4.626                6.24           107pQ1240
  4245.558 606.01212     1.723    -4.584                6.24           107pQ1239
  4245.558 606.01212     1.737    -1.377                6.24           107pP3e39
  4245.574      27.0     3.620     -2.01                                        
  4245.582 606.01212     1.737    -4.611                6.24           107pQ2339
  4245.655      20.0     5.987     -4.54                                        
  4245.656 106.00113     1.911    -4.173               3.464            AX54R205
  4245.663      25.0     4.329     -2.98                                        
  4245.708 106.00113     1.911    -1.776               3.464            AX54Q205
  4245.712 606.01212     1.723    -4.587                6.24           107pQ2338
  4245.718 106.00113     1.911    -1.736               3.464            AX54Q215
  4245.743      24.0     4.444     -2.33                                        
  4245.755 606.01212     1.737    -6.772                6.24           107pR1339
  4245.770 106.00113     1.911    -4.340               3.464            AX54P215
  4245.797      58.1     0.459     -0.99                                BIEMONT 
  4245.827      25.1     6.489     -4.16                                        
  4245.845      72.1     2.496     -1.15                              DenHarto21
  4245.850 606.01212     1.723    -8.028                6.24           107pR1338
  4245.852 106.00112     0.389    -3.793               3.464            AX11R055
  4245.878      58.1     0.721     -0.52                                BIEMONT 
  4245.897      20.0     4.776     -3.93                                        
  4245.910      66.0     1.354      0.73                                        
  4245.922      25.1     5.344     -2.98                                        
  4245.950 606.01213     0.657    -7.882                6.24            20tR3155
  4245.973      58.1     0.529     -0.48                                 LAWLER 
  4246.013      26.0     3.271     -2.17                                        
  4246.018      42.0     3.163     -0.15                              NIST/B    
  4246.031 106.00112     0.389    -3.774               3.464            AX11R055
  4246.042 606.01213     0.657    -8.160                6.24            20tR3155
  4246.072      20.0     5.879     -4.39                                        
  4246.084      26.0     3.639     -1.11                                        
  4246.111      22.0     2.406     -1.76                                        
  4246.116   21.0045     2.010    -3.240                                 LAWHFS 
  4246.118   21.0045     2.010    -2.820                                 LAWHFS 
  4246.120   21.0045     2.010    -2.600                                 LAWHFS 
  4246.120 607.01214     3.043    -2.209               7.724          1213Pb0055
  4246.122   21.0045     2.010    -2.480                                 LAWHFS 
  4246.125   21.0045     2.010    -2.430                                 LAWHFS 
  4246.127   21.0045     2.010    -2.460                                 LAWHFS 
  4246.130   21.0045     2.010    -1.980                                 LAWHFS 
  4246.130   21.0045     2.010    -2.170                                 LAWHFS 
  4246.131   21.0045     2.010    -1.870                                 LAWHFS 
  4246.131   21.0045     2.010    -1.890                                 LAWHFS 
  4246.131 607.01214     3.043    -4.027               7.724          1213Qc0055
  4246.132   21.0045     2.010    -1.920                                 LAWHFS 
  4246.132   21.0045     2.010    -2.120                                 LAWHFS 
  4246.133 106.00113     0.388    -3.793               3.464            AX11R055
  4246.136   21.0045     2.010    -2.430                                 LAWHFS 
  4246.139   21.0045     2.010    -2.040                                 LAWHFS 
  4246.142   21.0045     2.010    -1.780                                 LAWHFS 
  4246.145   21.0045     2.010    -1.590                                 LAWHFS 
  4246.148   21.0045     2.010    -1.420                                 LAWHFS 
  4246.150 607.01214     3.043    -2.136               7.724          1213Pa0065
  4246.152   21.0045     2.010    -1.280                                 LAWHFS 
  4246.160      24.0     4.437     -0.03                                        
  4246.174      22.0     2.248     -5.11                                        
  4246.182      27.0     3.527     -3.96                                        
  4246.207      23.0     2.503     -6.23                                        
  4246.260      92.0     0.000     -0.69                                        
  4246.285      41.0     1.079     -0.97                                        
  4246.308 106.00113     0.388    -3.774               3.464            AX11R055
  4246.341      44.0     1.821     -0.62                                        
  4246.351      24.0     2.985     -4.06                                        
  4246.355 106.00112     0.958    -6.086               3.464            BX11R195
  4246.390      62.1     0.248     -2.64                                 LAWLER 
  4246.390      69.1     1.110     -2.02                                 LAWLER 
  4246.395      58.1     0.892     -0.80                                        
  4246.409      24.1     3.851     -3.22                                        
  4246.525      23.0     2.676     -4.89                                        
  4246.570      64.1     1.133     -0.64                                 LAWLER 
  4246.595      26.0     3.428     -4.31                                        
  4246.613      23.1     1.686     -5.12                                        
  4246.616      22.0     3.137     -3.92                                        
  4246.624      25.1     6.860     -5.39                                        
  4246.709      23.0     1.710     -0.89                                        
  4246.713      58.1     0.265     -0.56                                 LAWLER 
  4246.736      44.0     2.485      0.34                                        
  4246.781 607.01214     3.045    -2.136               7.724          1213Pb0065
  4246.786 106.00112     1.144    -1.394               3.464            AX22R175
  4246.786      26.0     2.586     -5.00                                        
  4246.795 607.01214     3.045    -4.096               7.724          1213Qc0065
  4246.798 106.00112     2.167    -6.362               3.464            CX04R255
  4246.814   21.1045     0.315    -0.960                                 LAWHFS 
  4246.818 106.00113     1.140    -1.394               3.464            AX22R175
  4246.818   21.1045     0.315    -0.390                                 LAWHFS 
  4246.818   21.1045     0.315    -0.800                                 LAWHFS 
  4246.820 607.01214     3.045    -2.074               7.724          1213Pa0075
  4246.821   21.1045     0.315    -0.780                                 LAWHFS 
  4246.821   21.1045     0.315    -0.810                                 LAWHFS 
  4246.822      75.0     4.277      0.37                                        
  4246.823   21.1045     0.315    -0.980                                 LAWHFS 
  4246.824   21.1045     0.315    -1.480                                 LAWHFS 
  4246.825   21.1045     0.315    -0.960                                 LAWHFS 
  4246.825   21.1045     0.315    -2.910                                 LAWHFS 
  4246.827   21.1045     0.315    -0.800                                 LAWHFS 
  4246.827   21.1045     0.315    -1.160                                 LAWHFS 
  4246.828   21.1045     0.315    -0.810                                 LAWHFS 
  4246.829   21.1045     0.315    -0.980                                 LAWHFS 
  4246.837 106.00112     1.144    -1.413               3.464            AX22R165
  4246.854 106.00112     1.144    -3.512               3.464            AX22Q175
  4246.889 106.00113     1.140    -1.413               3.464            AX22R165
  4246.890      60.1     0.064     -1.79                                 LAWLER 
  4246.896 106.00113     1.140    -3.512               3.464            AX22Q175
  4246.939 106.00112     2.167   -10.737               3.464            CX04Q255
  4246.945      25.1     6.489     -4.89                                        
  4246.997 106.00112     2.167    -6.534               3.464            CX04R245
  4247.044      25.1     5.544     -6.52                                        
  4247.149      26.0     4.140     -3.13                                        
  4247.177 606.01212     1.617    -5.276                6.24           107oP1231
  4247.188      24.0     2.985     -4.38                                        
  4247.258 106.00113     1.749    -2.337               3.464            AX54P185
  4247.262 106.00113     1.749    -4.320               3.464            AX54Q175
  4247.290 106.00113     1.749    -2.394               3.464            AX54P175
  4247.294      26.0     3.632     -2.99                                        
  4247.297 606.01212     0.716    -7.077                6.24            31tR3147
  4247.306      26.0     2.452     -2.71                                        
  4247.306 606.01212     1.617    -5.224                6.24           107oP2330
  4247.344      66.1     1.570     -0.40                                        
  4247.370      60.1     0.000     -0.21                                 LAWLER 
  4247.390      62.1     0.188     -1.96                                 LAWLER 
  4247.422      26.1     4.476     -8.14                                        
  4247.425      26.0     3.366     -0.23                                        
  4247.447      58.1     0.417     -1.35                                 LAWLER 
  4247.454 607.01214     3.049    -2.074               7.724          1213Pb0075
  4247.471 607.01214     3.049    -4.156               7.724          1213Qc0075
  4247.472      25.0     3.380     -3.77                                        
  4247.491      22.0     3.109     -1.22                                        
  4247.498 607.01214     3.049    -2.020               7.724          1213Pa0085
  4247.514      24.0     2.985     -5.44                                        
  4247.544 606.01212     1.617    -8.044                6.24           107oQ1330
  4247.549      24.0     3.889     -3.45                                        
  4247.555      24.0     3.094     -6.28                                        
  4247.556 106.00112     0.559    -1.514               3.464            AX11R105
  4247.588 106.00112     1.798    -1.330               3.464            AX22R275
  4247.599      90.1     0.556     -2.37                                        
  4247.630      59.1     0.055     -0.56                                LINOHFS 
  4247.642      23.1     5.476     -2.30                                        
  4247.654      22.0     2.394     -4.18                                        
  4247.674      23.0     1.217     -4.79                                        
  4247.679      25.0     4.636     -1.67                                        
  4247.680 106.00112     1.798    -3.741               3.464            AX22Q275
  4247.703      22.0     2.406     -2.69                                        
  4247.703      24.0     2.913     -3.90                                        
  4247.724 106.00112     0.559    -1.479               3.464            AX11R115
  4247.746 106.00112     1.798    -1.327               3.464            AX22R265
  4247.750 106.00112     0.559    -3.320               3.464            AX11Q115
  4247.752      25.0     4.191     -1.97                                        
  4247.782      24.0     3.407     -4.69                                        
  4247.797      20.0     5.881     -5.68                                        
  4247.805      22.0     1.995     -3.63                                        
  4247.812 106.00113     0.556    -1.514               3.464            AX11R105
  4247.884      22.0     1.501     -3.34                                        
  4247.901 106.00113     1.913    -1.736               3.464            AX54Q215
  4247.914      26.0     4.431     -3.68                                        
  4247.925      26.0     4.442     -2.84                                        
  4247.935 106.00113     1.913    -4.199               3.464            AX54R205
  4247.950      25.1     5.376     -3.38                                        
  4247.957 106.00113     1.913    -4.317               3.464            AX54P215
  4247.979 106.00113     0.556    -1.479               3.464            AX11R115
  4247.989      90.1     1.140     -1.09                                        
  4247.990 106.00113     1.913    -1.776               3.464            AX54Q205
  4248.003 106.00113     0.556    -3.320               3.464            AX11Q115
  4248.017 606.01212     1.671    -7.881                6.24            96nP1346
  4248.021 106.00112     1.091    -1.433               3.464            AX22R155
  4248.076 106.00112     1.091    -1.411               3.464            AX22R165
  4248.091      20.0     4.776     -4.26                                        
  4248.094      58.1     1.273     -0.50                                        
  4248.108 106.00113     1.087    -1.433               3.464            AX22R155
  4248.138 607.01214     3.052    -2.020               7.724          1213Pb0085
  4248.139 106.00112     1.091    -3.512               3.464            AX22Q165
  4248.140 106.00113     1.087    -1.411               3.464            AX22R165
  4248.143      44.0     1.865     -1.26                                        
  4248.148 606.01212     0.892    -7.080                6.24            42tR3146
  4248.150      62.1     0.659     -2.21                                 LAWLER 
  4248.160 607.01214     3.052    -4.210               7.724          1213Qc0085
  4248.186      27.0     2.868     -1.70                                LAWNHFS 
  4248.191 607.01214     3.052    -1.973               7.724          1213Pa0095
  4248.220 106.00113     1.087    -3.512               3.464            AX22Q165
  4248.224      26.0     3.069     -1.32                                        
  4248.231      20.0     4.440     -4.97                                        
  4248.252      23.1     6.453     -2.78                                        
  4248.266      23.0     2.113     -2.21                                        
  4248.280      66.1     1.850     -1.52                                 LAWLER 
  4248.330      24.0     3.008     -1.28                                        
  4248.373 606.01212     1.553    -8.587                6.24           107nP1324
  4248.378 606.01212     1.628    -4.306                6.24           107oP1232
  4248.402      26.0     1.010     -5.08                                        
  4248.424 106.00112     0.559    -1.514               3.464            AX11R105
  4248.431 606.01212     1.628    -4.450                6.24           107oP2331
  4248.452 106.00113     1.868    -1.340               3.464            AX22R285
  4248.456      66.1     1.777     -0.46                                        
  4248.502      24.0     4.096     -1.82                                        
  4248.513      25.1     5.490     -4.32                                        
  4248.526 106.00112     0.559    -1.479               3.464            AX11R115
  4248.552      15.0     6.949     -4.00                                        
  4248.555 106.00112     0.559    -3.302               3.464            AX11Q115
  4248.583      22.0     3.158     -2.95                                        
  4248.601 106.00113     1.868    -3.767               3.464            AX22Q285
  4248.613 606.01212     1.628    -7.389                6.24           107oQ1331
  4248.652      23.1     3.793     -3.09                                        
  4248.652      41.0     0.019     -1.85                                        
  4248.671 106.00113     0.557    -1.514               3.464            AX11R105
  4248.671      58.1     0.683      0.18                                 LAWLER 
  4248.699      24.0     2.980     -2.76                                        
  4248.716      26.0     3.692     -4.38                                        
  4248.726 106.00113     1.868    -1.332               3.464            AX22R275
  4248.729 106.00112     0.191    -1.508               3.464            AX00R095
  4248.742      26.0     3.036     -6.54                                        
  4248.743      24.0     3.110     -2.13                                        
  4248.777 106.00113     0.557    -1.479               3.464            AX11R115
  4248.784 106.00112     1.872    -1.339               3.464            AX22R285
  4248.797      23.0     2.682     -1.60                                        
  4248.798 106.00113     0.557    -3.302               3.464            AX11Q115
  4248.811      23.1     1.674     -2.87                                        
  4248.813 106.00112     1.872    -1.331               3.464            AX22R275
  4248.834 607.01214     3.057    -1.973               7.724          1213Pb0095
  4248.862 607.01214     3.057    -4.258               7.724          1213Qc0095
  4248.874 106.00112     1.872    -3.809               3.464            AX22Q285
  4248.895 607.01214     3.057    -1.930               7.724          1213Pa0105
  4248.899      26.0     3.298     -6.57                                        
  4248.903      20.0     6.041     -1.55                                        
  4248.905      23.0     1.858     -3.69                                        
  4248.937 106.00112     0.191    -1.469               3.464            AX00R105
  4248.952 106.00112     0.191    -3.256               3.464            AX00Q105
  4248.956      29.0     5.073     -0.97                                        
  4248.964 606.01212     1.767    -1.334                6.24           107pP1e43
  4249.012      24.0     2.985     -5.71                                        
  4249.020 606.01213     0.637    -7.875                6.24            20tR3154
  4249.037      20.0     6.041     -2.70                                        
  4249.039 106.00113     0.190    -1.508               3.464            AX00R095
  4249.042 106.00112     4.200    -2.589               3.464            CX05Q495
  4249.052 106.00112     1.798    -5.968               3.464            AX32P265
  4249.077      59.1     0.000     -1.52                                        
  4249.091      23.1     5.835     -3.89                                        
  4249.095      20.0     6.041     -2.31                                        
  4249.106 606.01213     0.637    -8.153                6.24            20tR3154
  4249.112      22.0     2.295     -0.30                                        
  4249.194      20.0     5.989     -5.47                                        
  4249.199      26.0     4.383     -2.70                                        
  4249.204 606.01212     1.767    -1.345                6.24           107pP2f42
  4249.248 106.00113     0.190    -1.469               3.464            AX00R105
  4249.260 106.00113     0.190    -3.256               3.464            AX00Q105
  4249.308      22.0     1.738     -3.04                                        
  4249.322      26.0     2.422     -3.14                                        
  4249.347 606.01212     1.753    -1.356                6.24           107pP2e41
  4249.367 606.01212     1.767    -4.646                6.24           107pQ1242
  4249.370      22.0     2.776     -1.55                                        
  4249.386 606.01212     1.767    -1.355                6.24           107pP3e41
  4249.400 606.01212     1.767    -4.631                6.24           107pQ2341
  4249.412      11.0     2.101     -3.33                                        
  4249.442 606.01212     1.753    -1.366                6.24           107pP3f40
  4249.450 106.00112     1.172    -4.165               3.464            AX33R115
  4249.456      41.0     0.000     -1.47                                        
  4249.456      74.0     1.654     -1.38                                        
  4249.474 606.01212     1.753    -1.345                6.24           107pP1f42
  4249.477 606.01212     1.753    -4.604                6.24           107pQ1241
  4249.480 106.00113     1.168    -4.165               3.464            AX33R115
  4249.480      59.1     0.371     -1.13                                LINOHFS 
  4249.491 106.00112     0.191    -1.508               3.464            AX00R095
  4249.536      62.1     0.333     -1.49                                        
  4249.544 607.01214     3.061    -1.930               7.724          1213Pb0105
  4249.564 606.01212     1.767    -6.796                6.24           107pR1341
  4249.577 607.01214     3.061    -4.302               7.724          1213Qc0105
  4249.584      26.0     2.557     -3.30                                        
  4249.597 106.00113     1.944    -1.355               3.464            AX22R295
  4249.609 106.00112     1.092    -1.411               3.464            AX22R165
  4249.613 607.01214     3.061    -1.892               7.724          1213Pa0115
  4249.618 106.00113     1.933    -5.318               3.464            AX50R355
  4249.623 606.01212     1.753    -4.607                6.24           107pQ2340
  4249.639 106.00112     0.192    -1.469               3.464            AX00R105
  4249.640 106.00112     1.092    -1.433               3.464            AX22R155
  4249.650 106.00113     1.088    -1.411               3.464            AX22R165
  4249.652 106.00112     0.192    -3.240               3.464            AX00Q105
  4249.655 106.00113     1.789    -5.895               3.464            AX32P265
  4249.671 106.00112     1.092    -3.486               3.464            AX22Q165
  4249.679      90.1     0.971     -1.58                               Nils02/10
  4249.697 106.00113     1.088    -1.433               3.464            AX22R155
  4249.708      24.0     3.823     -1.12                                        
  4249.720 106.00113     1.088    -3.486               3.464            AX22Q165
  4249.754 606.01212     1.753    -8.043                6.24           107pR1340
  4249.780 106.00113     1.944    -1.341               3.464            AX22R285
  4249.791 106.00113     0.190    -1.508               3.464            AX00R095
  4249.806 106.00113     1.944    -3.838               3.464            AX22Q295
  4249.815 606.01212     1.563    -6.695                6.24           107nP1325
  4249.843      24.0     3.102     -0.76                                        
  4249.881      27.0     3.927     -4.25                                        
  4249.939 106.00113     0.190    -1.469               3.464            AX00R105
  4249.939 606.01212     1.689    -7.433                6.24            96nP1347
  4249.952 106.00113     0.190    -3.240               3.464            AX00Q105
  4249.978      57.1     1.945     -0.34                                        
  4249.986 106.00113     1.707    -5.567               3.464            AX43P215
  4250.016      20.0     6.007     -4.83                                        
  4250.054      26.0     4.151     -3.92                                        
  4250.119      26.0     2.467     -0.41                                        
  4250.139      27.1     5.065     -3.18                                        
  4250.145      26.0     4.412     -3.16                                        
  4250.188      26.0     2.402     -5.46                                        
  4250.194 106.00112     1.173    -4.129               3.464            AX33R115
  4250.223 606.01212     0.698    -7.374                6.24            31tR3146
  4250.227 106.00113     1.169    -4.129               3.464            AX33R115
  4250.263 607.01214     3.066    -1.892               7.724          1213Pb0115
  4250.270      64.0     0.841     -0.53                                        
  4250.305 607.01214     3.066    -4.342               7.724          1213Qc0115
  4250.343      90.1     0.556     -4.00                                        
  4250.345      59.1     1.338      0.12                                        
  4250.346 607.01214     3.066    -1.858               7.724          1213Pa0125
  4250.450      25.0     5.334     -3.34                                        
  4250.535      25.0     4.602     -3.51                                        
  4250.538      25.0     4.341     -1.29                                        
  4250.538      25.0     4.341     -3.93                                        
  4250.570      22.0     2.316     -0.09                                        
  4250.618      27.0     2.868     -4.06                                        
  4250.645      22.1     4.947     -1.27                                        
  4250.649      58.1     0.495     -1.57                                        
  4250.687      42.1     3.140     -1.00                                        
  4250.692      58.1     0.792     -1.48                                 LAWLER 
  4250.717 106.00112     1.860    -4.161               3.464            AX54R195
  4250.721      27.0     3.527     -3.20                                        
  4250.726      26.0     4.188     -4.11                                        
  4250.734      25.0     4.636     -2.43                                        
  4250.754 606.01212     0.874    -6.805                6.24            42tR3145
  4250.786      22.0     2.015     -3.67                                        
  4250.787      26.0     1.556     -0.71                                  OBR91 
  4250.795 106.00112     1.861    -1.767               3.464            AX54Q205
  4250.796 106.00112     1.860    -1.814               3.464            AX54Q195
  4250.866      28.0     3.191     -5.53                                        
  4250.869      24.0     3.090     -3.16                                        
  4250.874 106.00112     1.861    -4.347               3.464            AX54P205
  4250.892      26.0     3.069     -2.20                                        
  4250.904      25.1     5.563     -3.28                                        
  4250.906      24.0     2.706     -5.52                                        
  4250.924      26.0     4.590     -3.30                                        
  4250.932      21.0     4.531     -1.53                                        
  4250.932      21.0     4.531     -2.71                                        
  4251.001      42.0     2.916     -1.81                                        
  4251.005 607.01214     3.071    -1.858               7.724          1213Pb0125
  4251.049 607.01214     3.071    -4.380               7.724          1213Qc0125
  4251.057      22.0     1.748     -4.71                                        
  4251.094 607.01214     3.071    -1.826               7.724          1213Pa0135
  4251.199      39.0     1.889      0.33                                        
  4251.244 606.01212     1.641    -5.311                6.24           107oP1233
  4251.285      20.0     4.765     -3.28                                        
  4251.298 106.00112     1.042    -1.454               3.464            AX22R145
  4251.310      62.1     0.040     -2.66                                 LAWLER 
  4251.352      23.0     2.614     -2.92                                        
  4251.357      25.0     5.334     -2.98                                        
  4251.368 606.01212     1.641    -5.253                6.24           107oP2332
  4251.369 106.00112     1.042    -1.430               3.464            AX22R155
  4251.380 106.00113     1.038    -1.454               3.464            AX22R145
  4251.381      24.0     2.870     -2.12                                        
  4251.385      42.0     3.904     -0.79                                        
  4251.425 106.00112     1.042    -3.484               3.464            AX22Q155
  4251.434 106.00113     1.038    -1.430               3.464            AX22R155
  4251.442      59.1     1.297      0.01                                        
  4251.491      24.0     3.011     -1.76                                        
  4251.494      26.1     2.340     -6.06                                        
  4251.498      26.0     3.692     -3.91                                        
  4251.503 106.00113     1.038    -3.484               3.464            AX22Q155
  4251.591 606.01212     1.641    -8.126                6.24           107oQ1332
  4251.598      58.1     1.091     -0.79                                        
  4251.603      22.0     1.878     -0.99                                 LAWLER 
  4251.609      22.0     2.675     -4.26                                        
  4251.627      28.0     4.161     -3.06                                        
  4251.635      28.0     3.462     -9.61                                        
  4251.645      26.0     2.402     -4.49                                        
  4251.648      25.1     5.344     -4.07                                        
  4251.681      25.0     4.636     -2.94                                        
  4251.686      23.0     2.330     -3.93                                        
  4251.717      25.1     6.180     -1.06                                        
  4251.730      64.1     0.382     -0.22                                 LAWLER 
  4251.750      22.0     2.304     -1.38                                        
  4251.761 607.01214     3.077    -1.827               7.724          1213Pb0135
  4251.780      62.1     0.378     -1.11                                 LAWLER 
  4251.792      42.0     3.165     -0.85                                        
  4251.807 607.01214     3.077    -4.415               7.724          1213Qc0135
  4251.834      42.0     2.597     -1.52                              NIST/B    
  4251.855      58.1     0.536     -1.10                                 LAWLER 
  4251.863 607.01214     3.077    -1.798               7.724          1213Pa0145
  4251.883      42.0     3.501     -0.28                              NIST/B    
  4251.888      26.0     2.607     -5.74                                        
  4251.893 106.00112     0.730    -3.876               3.464            AX22R065
  4251.904      22.0     1.748     -4.57                                        
  4251.909      24.1     6.479     -2.92                                        
  4251.936      68.1     2.098      0.40                                        
  4252.017      28.0     3.741     -2.11                                        
  4252.058      26.0     4.214     -2.77                                        
  4252.063 106.00113     0.727    -3.876               3.464            AX22R065
  4252.064      24.0     3.008     -6.94                                        
  4252.068      23.0     2.682     -2.77                                        
  4252.075 606.01213     0.617    -7.868                6.24            20tR3153
  4252.086      22.1     2.046     -3.33                                        
  4252.138 106.00112     0.730    -3.855               3.464            AX22R065
  4252.156 606.01213     0.617    -8.146                6.24            20tR3153
  4252.205      24.0     3.836     -0.90                                        
  4252.225      24.0     3.011     -1.01                                        
  4252.226      22.0     2.493     -6.88                                        
  4252.292      27.0     0.101     -3.25                                        
  4252.306 106.00113     0.728    -3.855               3.464            AX22R065
  4252.360      24.0     2.913     -3.50                                        
  4252.397      24.0     3.814     -1.21                                        
  4252.408 606.01212     1.653    -4.298                6.24           107oP1234
  4252.426      92.1     0.548     -1.25                                        
  4252.439      23.0     2.364     -7.96                                        
  4252.464 606.01212     1.653    -4.436                6.24           107oP2333
  4252.488      26.0     4.073     -2.96                                        
  4252.494      20.0     4.621     -3.09                                        
  4252.516 607.01214     3.083    -1.798               7.724          1213Pb0145
  4252.520      11.0     2.103     -3.03                                        
  4252.524 106.00112     1.875    -1.339               3.464            AX22R285
  4252.582 607.01214     3.083    -4.449               7.724          1213Qc0145
  4252.614 106.00112     1.875    -3.766               3.464            AX22Q285
  4252.617      20.0     5.667     -5.03                                        
  4252.625      24.1     3.858     -1.90                               Lawler17 
  4252.632 607.01214     3.083    -1.771               7.724          1213Pa0155
  4252.633 606.01212     1.653    -7.431                6.24           107oQ1333
  4252.685 106.00112     1.875    -1.332               3.464            AX22R275
  4252.699      20.0     6.009     -2.76                                        
  4252.699      21.0     2.562     -1.29                                        
  4252.738 106.00112     1.043    -1.430               3.464            AX22R155
  4252.748 106.00112     1.043    -1.454               3.464            AX22R145
  4252.786      42.0     3.435     -1.86                                        
  4252.789 106.00113     1.039    -1.430               3.464            AX22R155
  4252.790      66.1     1.850     -1.11                                 LAWLER 
  4252.794 106.00112     1.043    -3.459               3.464            AX22Q155
  4252.811 106.00113     1.039    -1.454               3.464            AX22R145
  4252.833      23.0     1.871     -1.56                                        
  4252.845 106.00113     1.039    -3.459               3.464            AX22Q155
  4252.855      21.0     3.081     -3.66                                        
  4252.859 106.00112     1.862    -1.767               3.464            AX54Q205
  4252.877 106.00112     1.862    -4.185               3.464            AX54R195
  4252.937 106.00112     1.862    -4.324               3.464            AX54P205
  4252.954 606.01212     1.573    -8.582                6.24           107nP1326
  4252.955 106.00112     1.862    -1.814               3.464            AX54Q195
  4252.963      25.1     6.181     -1.14                                        
  4252.969      41.0     1.177     -0.75                                        
  4253.000 106.00112     0.522    -1.548               3.464            AX11R095
  4253.016 606.01212     0.681    -7.062                6.24            31tR3145
  4253.020 606.01212     1.799    -1.315                6.24           107pP1e45
  4253.025      25.1     5.376     -2.40                                        
  4253.038      26.0     3.544     -3.98                                        
  4253.062 106.00113     1.709    -5.628               3.464            AX43P215
  4253.083      27.0     3.626     -3.52                                        
  4253.112      25.1     6.181     -2.09                                        
  4253.189 106.00113     1.946    -1.355               3.464            AX22R295
  4253.206 106.00112     0.522    -1.509               3.464            AX11R105
  4253.217 106.00112     0.522    -3.279               3.464            AX11Q105
  4253.225 106.00113     1.791    -5.967               3.464            AX32P265
  4253.230 106.00113     0.520    -1.548               3.464            AX11R095
  4253.234      22.0     3.102     -0.63                                        
  4253.264 606.01212     1.799    -1.325                6.24           107pP2f44
  4253.296 607.01214     3.090    -1.771               7.724          1213Pb0155
  4253.343 106.00113     1.946    -3.794               3.464            AX22Q295
  4253.360      64.1     0.556     -0.52                                 LAWLER 
  4253.362      58.1     0.464     -0.55                                 LAWLER 
  4253.373 607.01214     3.090    -4.480               7.724          1213Qc0155
  4253.418 606.01212     1.799    -4.664                6.24           107pQ1244
  4253.426 607.01214     3.090    -1.747               7.724          1213Pa0165
  4253.434 106.00113     0.520    -1.509               3.464            AX11R105
  4253.445 106.00113     0.520    -3.279               3.464            AX11Q105
  4253.450 606.01212     1.799    -1.335                6.24           107pP3e43
  4253.456 606.01212     1.799    -4.651                6.24           107pQ2343
  4253.478 106.00113     1.946    -1.342               3.464            AX22R285
  4253.478 606.01212     0.857    -7.078                6.24            42tR3144
  4253.510      22.0     1.429     -3.28                                        
  4253.514      26.0     3.329     -3.76                                        
  4253.514 606.01212     1.784    -1.335                6.24           107pP2e43
  4253.539      27.1     5.204     -4.52                                        
  4253.539      90.0     1.647      0.17                                        
  4253.541      68.1     1.350     -2.12                                 LAWLER 
  4253.544      20.0     4.677     -4.93                                        
  4253.546      26.0     4.590     -1.19                                        
  4253.553      40.0     1.395     -0.67                                        
  4253.572      42.0     3.209     -1.25                                        
  4253.600      64.1     1.126     -0.04                                 LAWLER 
  4253.602 606.01212     1.785    -1.345                6.24           107pP3f42
  4253.610 606.01212     1.799    -6.820                6.24           107pR1343
  4253.637 606.01212     1.784    -4.624                6.24           107pQ1243
  4253.651 606.01212     1.784    -1.325                6.24           107pP1f44
  4253.685      23.1     3.796     -2.05                                        
  4253.691      41.0     1.120     -0.87                                        
  4253.720      62.1     0.333     -1.74                                 LAWLER 
  4253.736 106.00112     0.523    -1.548               3.464            AX11R095
  4253.751      27.1     3.083     -6.36                                        
  4253.756      26.0     3.249     -4.74                                        
  4253.777 606.01212     1.785    -4.627                6.24           107pQ2342
  4253.859      24.0     3.009     -2.12                                        
  4253.865      60.1     1.293     -0.29                                        
  4253.878 106.00112     0.523    -1.509               3.464            AX11R105
  4253.880 606.01212     0.520    -7.596                6.24            20tR3147
  4253.892 106.00112     0.523    -3.262               3.464            AX11Q105
  4253.900 606.01212     1.785    -8.057                6.24           107pR1342
  4253.930      26.0     3.637     -1.85                                        
  4253.956 106.00113     0.521    -1.548               3.464            AX11R095
  4254.000      58.1     0.600     -2.13                                 LAWLER 
  4254.062      27.0     3.620     -1.09                                        
  4254.082      22.0     2.504     -2.83                                        
  4254.092 607.01214     3.097    -1.747               7.724          1213Pb0165
  4254.101 106.00113     0.521    -1.509               3.464            AX11R105
  4254.105      23.0     2.606     -1.40                                        
  4254.111 106.00113     0.521    -3.262               3.464            AX11Q105
  4254.166      24.0     4.774     -1.79                                        
  4254.181 607.01214     3.097    -4.511               7.724          1213Qc0165
  4254.190      24.0     3.365     -2.93                                        
  4254.202      24.0     3.009     -1.87                                        
  4254.208      20.0     4.677     -3.06                                        
  4254.238 607.01214     3.097    -1.724               7.724          1213Pa0175
  4254.313 106.00112     0.035    -3.696               3.464            AX00R045
  4254.332      20.0     4.760     -3.83                                        
  4254.342 606.01212     1.583    -6.721                6.24           107nP1327
  4254.352      24.0     0.000     -0.09                                 SOBECK 
  4254.359      23.0     2.682     -3.61                                        
  4254.380      67.0     0.000     -0.25                                        
  4254.390      26.0     3.234     -1.97                                        
  4254.390      41.1     1.620     -1.23                              Nilsson10 
  4254.400      59.1     0.629     -0.39                                LINOHFS 
  4254.401      26.0     3.015     -5.03                                        
  4254.402      23.1     1.678     -2.45                                        
  4254.422      42.0     3.300     -1.04                                        
  4254.433 106.00112     0.035    -3.680               3.464            AX00R045
  4254.522      24.1     5.867     -0.97                                        
  4254.551      23.0     2.314     -3.90                                        
  4254.592 106.00113     0.035    -3.696               3.464            AX00R045
  4254.650      22.0     3.125     -1.39                                        
  4254.694      41.0     1.042     -1.01                                        
  4254.705      24.0     3.099     -4.38                                        
  4254.711 106.00113     0.035    -3.680               3.464            AX00R045
  4254.728      58.1     0.822     -1.54                                 LAWLER 
  4254.818 606.01212     1.065    -6.804                6.24            53tR3145
  4254.839 106.00112     0.995    -1.477               3.464            AX22R135
  4254.877      27.0     2.784     -5.85                                        
  4254.906 607.01214     3.104    -1.724               7.724          1213Pb0175
  4254.915 106.00113     0.992    -1.477               3.464            AX22R135
  4254.929 106.00112     0.995    -1.451               3.464            AX22R145
  4254.945      26.0     3.015     -2.57                                        
  4254.951      42.0     3.302     -0.31                              NIST/B    
  4254.957      26.0     3.015     -5.21                                        
  4254.977 106.00112     1.951    -1.354               3.464            AX22R295
  4254.978 106.00112     0.995    -3.453               3.464            AX22Q145
  4254.987      24.0     3.008     -2.17                                        
  4254.990 106.00113     0.992    -1.451               3.464            AX22R145
  4254.995 106.00112     0.156    -1.545               3.464            AX00R085
