a line list in the range:    4265.00   4275.00
  4265.000       8.0     7.000     -9.69                                        
  4265.050      24.0     3.373     -4.54                                        
  4265.052 106.00112     1.951    -3.802               3.464            AX00R345
  4265.070      42.0     3.185     -1.60                                        
  4265.071      25.1     5.811     -4.92                                        
  4265.080      22.0     2.248     -2.00                                        
  4265.080      62.1     0.184     -1.04                                 LAWLER 
  4265.115 106.00112     1.951    -0.878               3.464            AX00Q355
  4265.128      42.0     2.913     -1.81                                        
  4265.182      26.0     3.414     -4.39                                        
  4265.193      23.1     6.461     -2.18                                        
  4265.236      26.0     3.957     -2.40                                        
  4265.237      24.0     4.774     -2.35                                        
  4265.257 106.00112     1.951    -0.879               3.464            AX00Q345
  4265.257      22.0     2.287     -0.65                                        
  4265.269      26.0     3.926     -1.98                                        
  4265.297      77.0     1.605     -2.19                                        
  4265.313      20.0     6.017     -4.59                                        
  4265.320 106.00112     1.951    -3.843               3.464            AX00P355
  4265.357 106.00112     0.021    -3.577               3.464            AX00R035
  4265.365      24.0     3.823     -1.30                                        
  4265.366      20.0     6.017     -4.72                                        
  4265.404 106.00112     1.951    -5.315               3.464            AX50R355
  4265.434 106.00112     0.021    -3.564               3.464            AX00R035
  4265.461      27.1     3.024     -5.33                                        
  4265.468 106.00113     1.568    -3.730               3.464            AX00R305
  4265.499 106.00113     1.568    -0.890               3.464            AX00Q315
  4265.502 106.00112     1.577    -3.730               3.464            AX00R305
  4265.522 106.00112     1.951    -5.791               3.464            AX50R345
  4265.523      22.0     2.406     -2.35                                        
  4265.562 106.00112     1.577    -0.890               3.464            AX00Q315
  4265.577 106.00113     0.021    -3.577               3.464            AX00R035
  4265.585 106.00112     1.951    -9.552               3.464            AX50Q355
  4265.595 106.00112     0.599    -5.394               3.464            BX01R125
  4265.608      44.0     1.087     -1.60                                        
  4265.618      26.0     4.431     -1.61                                        
  4265.627 106.00113     1.568    -0.896               3.464            AX00Q305
  4265.632      27.1     5.171     -6.35                                        
  4265.645 106.00113     0.021    -3.564               3.464            AX00R035
  4265.655 606.01212     1.736    -4.275                6.24           107oP1240
  4265.658 106.00113     1.568    -3.774               3.464            AX00P315
  4265.661      23.0     3.265     -4.42                                        
  4265.678      24.0     3.008     -5.41                                        
  4265.687 106.00112     1.577    -0.896               3.464            AX00Q305
  4265.697      20.0     4.765     -2.74                                        
  4265.702      22.0     1.872     -0.99                                 LAWLER 
  4265.706 606.01213     0.765    -8.900                6.24            20sQ3160
  4265.719 606.01212     1.737    -4.396                6.24           107oP2339
  4265.747 106.00112     1.577    -3.774               3.464            AX00P315
  4265.761 606.01213     0.765    -5.515                6.24            20sR3259
  4265.790      66.1     1.220     -1.65                                 LAWLER 
  4265.814 606.01212     0.985    -7.492                6.24            42sQ3151
  4265.827      22.0     2.425     -1.42                                        
  4265.850 606.01212     0.450    -7.556                6.24            20tR3143
  4265.858 606.01212     1.737    -7.542                6.24           107oQ1339
  4265.870      25.0     4.357     -2.33                                        
  4265.903      23.0     2.573     -1.77                                        
  4265.923      20.0     6.000     -3.74                                        
  4265.923      25.0     2.939     -0.27                                        
  4265.965      26.0     4.470     -4.45                                        
  4266.005      20.0     6.000     -3.08                                        
  4266.019      41.0     1.079     -0.44                                        
  4266.019 606.01212     0.985    -4.047                6.24            42sR2151
  4266.038 606.01212     0.985    -4.063                6.24            42sR3250
  4266.158 106.00113     1.938    -3.840               3.464            AX00R345
  4266.166 106.00112     0.735    -5.388               3.464            BX01R155
  4266.177      42.0     2.553     -1.07                                        
  4266.180      24.1     3.884     -3.68                                        
  4266.184      26.0     4.214     -3.56                                        
  4266.194 106.00112     0.840    -2.095               3.464            BX11P165
  4266.209      22.0     2.295     -0.38                                        
  4266.238      27.1     5.462     -4.40                                        
  4266.258 106.00112     0.840    -7.015               3.464            BX11Q165
  4266.288      24.0     3.887     -3.14                                        
  4266.293      22.0     2.776     -1.06                                        
  4266.301 606.01213     0.765    -9.115                6.24            20sQ3160
  4266.307      62.0     0.101     -0.89                                        
  4266.321      26.0     4.383     -2.21                                        
  4266.323      92.0     0.000     -1.37                                        
  4266.369 106.00112     0.840    -2.192               3.464            BX11P175
  4266.394 106.00113     0.557    -5.391               3.464            BX01R115
  4266.418      26.0     4.188     -2.63                                        
  4266.437 106.00112     2.102    -6.535               3.464            CX04R245
  4266.502 606.01213     0.765    -5.517                6.24            20sR3259
  4266.509      24.0     3.373     -3.94                                        
  4266.518 106.00112     0.359    -3.577               3.464            AX11R035
  4266.529      74.0     2.965     -0.10                                        
  4266.554 606.01212     0.777    -6.773                6.24            42tR3139
  4266.572      26.0     4.175     -3.54                                        
  4266.578 106.00112     2.102   -11.004               3.464            CX04Q245
  4266.583 106.00112     0.359    -3.565               3.464            AX11R035
  4266.583 106.00112     1.487    -3.713               3.464            AX00R295
  4266.594      64.0     0.124     -0.38                                        
  4266.607 106.00113     1.479    -3.713               3.464            AX00R295
  4266.630 106.00112     2.102    -6.730               3.464            CX04R235
  4266.641 106.00113     1.479    -0.896               3.464            AX00Q305
  4266.644 106.00112     1.487    -0.896               3.464            AX00Q305
  4266.651 106.00112     1.872    -5.806               3.464            AX32P275
  4266.675 106.00113     1.801    -2.281               3.464            AX54P195
  4266.685 106.00113     0.358    -3.577               3.464            AX11R035
  4266.686      20.0     5.923     -3.40                                        
  4266.690 106.00113     1.801    -4.310               3.464            AX54Q185
  4266.710      60.1     0.204     -0.97                                 LAWLER 
  4266.725 106.00113     1.801    -2.337               3.464            AX54P185
  4266.745 106.00112     0.873    -1.560               3.464            AX22R105
  4266.748 106.00113     0.358    -3.565               3.464            AX11R035
  4266.762 106.00112     1.487    -0.903               3.464            AX00Q295
  4266.762 106.00113     1.479    -0.903               3.464            AX00Q295
  4266.792 106.00113     0.870    -1.560               3.464            AX22R105
  4266.797 106.00113     1.479    -3.757               3.464            AX00P305
  4266.800      24.0     2.998     -2.37                                        
  4266.823 106.00112     1.487    -3.757               3.464            AX00P305
  4266.850      27.1     3.405     -3.94                                        
  4266.853 606.01212     0.984    -7.016                6.24            53tR3140
  4266.859      26.0     4.175     -3.32                                        
  4266.910 106.00112     0.873    -1.526               3.464            AX22R115
  4266.932 106.00112     0.873    -3.347               3.464            AX22Q115
  4266.952 106.00113     0.870    -1.526               3.464            AX22R115
  4266.957      25.0     5.345     -3.95                                        
  4266.964      26.0     2.725     -1.68                                        
  4266.968      23.0     1.375     -4.02                                        
  4266.977 106.00113     0.870    -3.347               3.464            AX22Q115
  4266.977      25.1     5.490     -3.30                                        
  4267.008      64.0     0.027     -0.81                                        
  4267.026      20.0     4.776     -3.21                                        
  4267.072      20.0     6.018     -2.69                                        
  4267.083 606.01212     0.598    -7.322                6.24            31tR3140
  4267.124 606.01213     0.522    -7.827                6.24            20tR3148
  4267.138      23.1     1.671     -5.78                                        
  4267.180 606.01213     0.522    -8.104                6.24            20tR3148
  4267.187      27.0     3.407     -3.15                                        
  4267.222      58.1     0.560     -1.06                                        
  4267.230      24.0     4.532     -2.88                                        
  4267.286      26.0     4.317     -2.75                                        
  4267.291      40.1     2.408     -1.00                                        
  4267.298      92.1     0.113     -1.74                                        
  4267.337      24.0     3.548     -2.74                                        
  4267.349 606.01212     0.965    -3.999                6.24            42sR2150
  4267.383 106.00112     0.098    -1.633               3.464            AX00R065
  4267.392      26.0     4.280     -2.32                                        
  4267.409 606.01212     0.965    -7.338                6.24            42sQ3150
  4267.420      24.1     6.280     -4.51                                        
  4267.425      26.1     2.578     -8.94                                        
  4267.503 606.01212     0.965    -4.039                6.24            42sR3249
  4267.553      24.0     3.008     -5.01                                        
  4267.557 106.00112     0.559    -5.390               3.464            BX01R115
  4267.558      23.0     1.871     -2.69                                        
  4267.588 106.00113     0.097    -1.633               3.464            AX00R065
  4267.589 106.00112     0.874    -1.560               3.464            AX22R105
  4267.593      76.0     1.411     -3.13                               Quinet06 
  4267.598 106.00113     0.783    -5.382               3.464            BX01R165
  4267.625 106.00113     0.871    -1.560               3.464            AX22R105
  4267.653      23.0     2.636     -2.73                                        
  4267.692 106.00112     0.874    -1.526               3.464            AX22R115
  4267.714 106.00112     0.874    -3.328               3.464            AX22Q115
  4267.715 106.00112     0.098    -3.102               3.464            AX00Q075
  4267.715 606.01212     1.641    -8.554                6.24           107nP1332
  4267.725 106.00113     0.871    -1.526               3.464            AX22R115
  4267.743      26.0     4.368     -3.56                                        
  4267.747 106.00113     0.871    -3.328               3.464            AX22Q115
  4267.748 106.00112     0.098    -1.577               3.464            AX00R075
  4267.787 106.00112     0.098    -1.633               3.464            AX00R065
  4267.813      20.0     5.923     -3.89                                        
  4267.818      26.0     3.299     -7.68                                        
  4267.826      26.0     3.109     -1.11                                        
  4267.862      20.0     4.677     -3.21                                        
  4267.881      25.1     5.832     -5.34                                        
  4267.917 106.00113     0.097    -3.102               3.464            AX00Q075
  4267.917      24.0     4.609     -1.08                                        
  4267.921      21.0     2.562     -0.97                                        
  4267.929      92.0     0.774     -0.61                                        
  4267.940 106.00112     1.400    -3.695               3.464            AX00R285
  4267.950 106.00113     0.097    -1.577               3.464            AX00R075
  4267.988 106.00113     0.097    -1.633               3.464            AX00R065
  4267.999      26.1     6.083     -4.27                                        
  4268.002 106.00112     1.400    -0.903               3.464            AX00Q295
  4268.005 106.00113     1.392    -3.695               3.464            AX00R285
  4268.014      40.0     0.622     -0.83                                        
  4268.023      27.0     0.224     -4.05                                        
  4268.032      20.0     4.765     -2.45                                        
  4268.032      28.0     4.232     -3.05                                        
  4268.043 106.00113     1.392    -0.903               3.464            AX00Q295
  4268.048      74.0     2.456     -0.72                                        
  4268.072      42.0     3.176     -0.70                                        
  4268.073 106.00112     0.098    -3.090               3.464            AX00Q075
  4268.075      26.1     7.489     -4.43                                        
  4268.099      77.0     0.880     -1.94                                        
  4268.105 106.00112     0.098    -1.577               3.464            AX00R075
  4268.113 106.00112     1.400    -0.911               3.464            AX00Q285
  4268.138      24.0     4.398     -3.29                                        
  4268.156 106.00113     1.392    -0.911               3.464            AX00Q285
  4268.175 106.00112     1.400    -3.740               3.464            AX00P295
  4268.189 606.01212     1.236    -6.917                6.24            64tR3144
  4268.192      23.1     6.160     -4.57                                        
  4268.195 106.00113     1.392    -3.740               3.464            AX00P295
  4268.203      27.0     3.968     -3.59                                        
  4268.232      73.0     1.907     -0.61                                        
  4268.256      27.0     3.629     -2.88                                        
  4268.269      66.0     0.512     -0.96                                        
  4268.271 106.00113     0.098    -3.090               3.464            AX00Q075
  4268.300      58.1     0.736     -1.15                                        
  4268.304 106.00113     0.098    -1.577               3.464            AX00R075
  4268.357 606.01213     0.742    -5.447                6.24            20sR2159
  4268.361 606.01213     0.742    -8.884                6.24            20sQ3159
  4268.391      23.1     6.491     -2.30                                        
  4268.395      24.1     6.636     -4.23                                        
  4268.400 106.00113     1.970    -4.191               3.464            AX54R215
  4268.417   27.0059     2.540    -2.507                                 LAWHFS 
  4268.419 606.01213     0.742    -5.515                6.24            20sR3258
  4268.429      28.0     3.191     -3.43                                        
  4268.430      24.0     3.887     -1.71                                        
  4268.433   27.0059     2.540    -2.723                                 LAWHFS 
  4268.438   27.0059     2.540    -3.133                                 LAWHFS 
  4268.447   27.0059     2.540    -3.006                                 LAWHFS 
  4268.451   27.0059     2.540    -2.972                                 LAWHFS 
  4268.456   27.0059     2.540    -3.998                                 LAWHFS 
  4268.458 106.00113     1.970    -1.711               3.464            AX54Q225
  4268.458 106.00113     1.970    -1.740               3.464            AX54Q215
  4268.458   27.0059     2.540    -3.445                                 LAWHFS 
  4268.461   27.0059     2.540    -2.980                                 LAWHFS 
  4268.465   27.0059     2.540    -3.570                                 LAWHFS 
  4268.469   27.0059     2.540    -3.144                                 LAWHFS 
  4268.472   27.0059     2.540    -3.320                                 LAWHFS 
  4268.476   27.0059     2.540    -3.144                                 LAWHFS 
  4268.516 106.00113     1.970    -4.331               3.464            AX54P225
  4268.531      20.0     4.677     -2.51                                        
  4268.537 106.00112     0.956    -2.984               3.464            BX11R185
  4268.559      69.0     2.149      0.15                                        
  4268.573      22.0     3.152     -2.51                                        
  4268.576      22.0     2.235     -2.82                                        
  4268.598      22.0     2.159     -2.35                                        
  4268.603      26.0     4.100     -3.86                                        
  4268.612      26.0     4.590     -1.35                                        
  4268.618      22.0     2.159     -2.32                                        
  4268.632 106.00112     0.956    -7.636               3.464            BX11Q195
  4268.638      23.0     1.866      0.55                               LAWNOHFS 
  4268.663      41.0     0.019     -1.58                                        
  4268.679      24.0     4.609     -3.00                                        
  4268.686      25.0     4.824     -2.32                                        
  4268.713 106.00112     0.956    -3.020               3.464            BX11R195
  4268.730      64.1     1.101     -0.63                                 LAWLER 
  4268.735 106.00113     1.770    -5.516               3.464            AX43P225
  4268.737      28.0     3.396     -2.95                                        
  4268.749      26.0     3.298     -1.46                                        
  4268.783      24.0     3.977     -0.22                                        
  4268.834 606.01212     0.433    -7.827                6.24            20tR3142
  4268.846      92.1     0.284     -1.82                                        
  4268.854      25.0     5.108     -2.48                                        
  4268.883      24.1     6.479     -1.57                                        
  4268.893 606.01212     1.653    -6.794                6.24           107nP1333
  4268.909      21.0     2.134     -1.70                                        
  4268.909      22.0     2.290     -1.24                                        
  4268.934 606.01213     0.743    -9.100                6.24            20sQ3159
  4268.987      24.0     3.108     -3.53                                        
  4268.993      24.0     3.077     -2.35                                        
  4269.005 106.00112     0.787    -5.382               3.464            BX01R165
  4269.020       6.0     7.679     -2.54                                        
  4269.095      24.0     3.889     -3.21                                        
  4269.105      24.0     3.836     -1.05                                        
  4269.136 606.01213     0.743    -5.513                6.24            20sR2159
  4269.138 606.01213     0.743    -5.516                6.24            20sR3258
  4269.154      26.0     4.188     -2.62                                        
  4269.174      28.0     3.396     -2.51                                        
  4269.176      58.1     0.792     -1.41                                 LAWLER 
  4269.181 606.01212     0.763    -7.058                6.24            42tR3138
  4269.188      23.0     2.357     -8.38                                        
  4269.226 606.01212     0.969    -6.746                6.24            53tR3139
  4269.249      58.1     0.969     -0.51                                        
  4269.255 106.00113     0.521    -5.383               3.464            BX01R105
  4269.260 106.00113     1.755    -0.882               3.464            AX00Q335
  4269.272      24.1     3.854     -2.08                               Lawler17 
  4269.279      42.0     2.646     -0.39                              NIST/B    
  4269.330      24.0     3.842     -2.05                                        
  4269.333      20.0     6.003     -4.80                                        
  4269.378 106.00113     1.755    -3.800               3.464            AX00R325
  4269.384      74.0     0.366     -1.28                                        
  4269.398 106.00113     1.849    -0.879               3.464            AX00Q345
  4269.401      22.0     1.878     -5.88                                        
  4269.419      27.1     3.626     -2.93                                        
  4269.425 106.00113     1.755    -3.776               3.464            AX00P335
  4269.461      25.1     6.900     -6.21                                        
  4269.468 106.00112     0.433    -1.672               3.464            AX11R065
  4269.492      57.1     1.781      0.03                                        
  4269.500      22.0     1.429     -3.82                                        
  4269.508 606.01212     1.753    -5.428                6.24           107oP1241
  4269.519 106.00113     1.849    -3.819               3.464            AX00R335
  4269.525 106.00112     1.764    -0.882               3.464            AX00Q335
  4269.527 106.00112     1.314    -3.678               3.464            AX00R275
  4269.536      26.0     4.431     -1.75                                        
  4269.540 106.00113     1.662    -0.885               3.464            AX00Q325
  4269.542 106.00113     1.755    -0.885               3.464            AX00Q325
  4269.565 106.00113     1.849    -3.792               3.464            AX00P345
  4269.590 106.00112     1.314    -0.911               3.464            AX00Q285
  4269.604      24.0     3.011     -5.96                                        
  4269.605      92.1     0.217     -1.58                                        
  4269.612 606.01212     1.753    -5.353                6.24           107oP2340
  4269.612      76.0     2.342     -0.76                                        
  4269.613 106.00112     1.764    -3.800               3.464            AX00R325
  4269.618 106.00113     0.431    -1.672               3.464            AX11R065
  4269.620 106.00113     1.307    -3.678               3.464            AX00R275
  4269.642      24.0     2.706     -3.69                                        
  4269.654 106.00113     1.662    -3.782               3.464            AX00R315
  4269.662 106.00113     1.307    -0.911               3.464            AX00Q285
  4269.686 106.00113     1.849    -0.882               3.464            AX00Q335
  4269.694 106.00112     1.314    -0.920               3.464            AX00Q275
  4269.702 106.00113     1.662    -3.760               3.464            AX00P325
  4269.708 106.00112     1.671    -0.885               3.464            AX00Q325
  4269.720 106.00112     1.764    -3.776               3.464            AX00P335
  4269.753      23.0     1.847     -0.66                               LAWNOHFS 
  4269.756 106.00112     1.314    -3.722               3.464            AX00P285
  4269.764      62.1     0.248     -2.36                                        
  4269.767 106.00113     1.307    -0.920               3.464            AX00Q275
  4269.773      74.0     2.265     -0.49                                        
  4269.787 606.01212     1.753    -8.412                6.24           107oQ1340
  4269.788 106.00112     1.859    -0.879               3.464            AX00Q345
  4269.789 106.00112     0.433    -3.124               3.464            AX11Q075
  4269.794 106.00112     1.671    -3.782               3.464            AX00R315
  4269.807 106.00112     1.764    -0.885               3.464            AX00Q325
  4269.808 606.01212     0.583    -7.006                6.24            31tR3139
  4269.810 106.00113     1.307    -3.722               3.464            AX00P285
  4269.816 106.00113     1.662    -0.890               3.464            AX00Q315
  4269.820 106.00112     0.433    -1.616               3.464            AX11R075
  4269.858 106.00112     0.433    -1.672               3.464            AX11R065
  4269.874      26.0     3.394     -1.33                                        
  4269.876 106.00112     1.859    -3.819               3.464            AX00R335
  4269.897 106.00112     1.671    -3.760               3.464            AX00P325
  4269.933 106.00113     0.431    -3.124               3.464            AX11Q075
  4269.943      90.0     1.005     -1.07                                        
  4269.946      68.0     1.473      0.11                                        
  4269.950      24.0     3.085     -1.02                                        
  4269.965 106.00113     0.431    -1.616               3.464            AX11R075
  4269.984 106.00112     1.671    -0.890               3.464            AX00Q315
  4269.988 106.00112     1.859    -3.792               3.464            AX00P345
  4269.998 106.00113     0.431    -1.672               3.464            AX11R065
  4270.020 106.00113     1.944    -9.498               3.464            AX50Q355
  4270.039      24.0     4.436     -4.44                                        
  4270.076 106.00112     1.859    -0.882               3.464            AX00Q335
  4270.081      26.0     4.188     -3.36                                        
  4270.085 606.01213     0.504    -7.818                6.24            20tR3147
  4270.090      23.0     2.682     -2.56                                        
  4270.120 106.00113     1.077    -4.020               3.464            AX33R085
  4270.126      22.0     2.316     -0.17                                        
  4270.134 106.00112     0.433    -3.112               3.464            AX11Q075
  4270.136      27.0     3.949     -2.05                                        
  4270.137 606.01213     0.504    -8.095                6.24            20tR3147
  4270.144 106.00113     1.944    -5.791               3.464            AX50R345
  4270.161      23.1     6.182     -4.19                                        
  4270.168 106.00112     0.433    -1.617               3.464            AX11R075
  4270.178 106.00113     1.572    -0.890               3.464            AX00Q315
  4270.182 606.01212     0.946    -7.481                6.24            42sQ3149
  4270.184      58.1     0.560     -0.27                                 LAWLER 
  4270.189 106.00113     1.944    -3.809               3.464            AX00P355
  4270.202 106.00112     1.081    -4.020               3.464            AX33R085
  4270.248      20.0     4.621     -2.44                                        
  4270.272 106.00112     1.580    -0.890               3.464            AX00Q315
  4270.273 106.00113     0.432    -3.112               3.464            AX11Q075
  4270.274      64.0     0.841     -0.60                                        
  4270.288 106.00113     1.572    -3.763               3.464            AX00R305
  4270.293 606.01212     1.219    -6.610                6.24            64tR3143
  4270.300      26.0     2.586     -3.74                                        
  4270.305 106.00113     0.432    -1.617               3.464            AX11R075
  4270.305      23.0     2.573      0.26                                        
  4270.312 106.00113     1.944    -0.879               3.464            AX00Q345
  4270.317      23.0     1.802     -0.50                               LAWNOHFS 
  4270.319      24.0     3.009     -5.72                                        
  4270.323      26.0     4.545     -3.78                                        
  4270.329      90.1     1.914     -0.74                                        
  4270.337 106.00113     1.572    -3.743               3.464            AX00P315
  4270.357 106.00112     1.580    -3.763               3.464            AX00R305
  4270.358      27.0     2.540     -1.76                                        
  4270.379      26.1     4.491     -4.72                                        
  4270.393 606.01212     0.946    -4.068                6.24            42sR2149
  4270.415      27.0     1.048     -3.66                                        
  4270.415 606.01212     0.946    -4.084                6.24            42sR3248
  4270.422      27.0     2.868     -2.26                                        
  4270.424 106.00112     0.523    -5.383               3.464            BX01R105
  4270.447 106.00113     1.572    -0.896               3.464            AX00Q305
  4270.456 106.00112     1.580    -3.743               3.464            AX00P315
  4270.476      24.0     4.609     -0.96                                        
  4270.497 606.01212     1.767    -4.266                6.24           107oP1242
  4270.525 106.00113     1.078    -3.993               3.464            AX33R085
  4270.541 106.00112     1.580    -0.896               3.464            AX00Q305
  4270.555 106.00112     1.875    -5.880               3.464            AX32P275
  4270.564 606.01212     1.767    -4.383                6.24           107oP2341
  4270.570 106.00112     1.954    -0.878               3.464            AX00Q355
  4270.570      60.1     0.000     -1.27                                 LAWLER 
  4270.613 106.00112     1.081    -3.993               3.464            AX33R085
  4270.657 106.00112     1.954    -3.839               3.464            AX00R345
  4270.678      23.1     1.702     -3.53                                        
  4270.687 106.00112     0.694    -3.701               3.464            AX22R045
  4270.687      41.0     1.120     -0.57                                        
  4270.695 606.01212     1.767    -7.574                6.24           107oQ1341
  4270.698      27.1     3.116     -4.83                                        
  4270.699      24.0     3.110     -4.43                                        
  4270.705      62.1     0.184     -2.27                                        
  4270.714      58.1     0.957     -0.07                                BIEMONT 
  4270.742      24.0     3.011     -5.46                                        
  4270.765 106.00113     0.692    -3.701               3.464            AX22R045
  4270.775 106.00112     1.954    -3.808               3.464            AX00P355
  4270.780      21.0     2.144     -1.43                                        
  4270.799 106.00112     0.694    -3.685               3.464            AX22R045
  4270.830 106.00113     1.972    -1.711               3.464            AX54Q225
  4270.846 106.00112     1.954    -5.315               3.464            AX50R355
  4270.850      62.1     0.659     -0.87                                 LAWLER 
  4270.861 106.00112     1.954    -0.879               3.464            AX00Q345
  4270.873 106.00113     1.972    -4.217               3.464            AX54R215
  4270.876 106.00113     0.692    -3.685               3.464            AX22R045
  4270.893 106.00113     1.972    -4.307               3.464            AX54P225
  4270.895      74.0     2.965     -0.18                                        
  4270.924      24.0     2.707     -2.91                                        
  4270.935 106.00113     1.972    -1.740               3.464            AX54Q215
  4270.942      27.0     3.663     -2.71                                        
  4270.998 606.01213     0.721    -5.445                6.24            20sR2158
  4270.999 606.01213     0.721    -8.867                6.24            20sQ3158
  4271.000      22.0     3.137     -2.22                                        
  4271.006      26.0     3.265     -8.33                                        
  4271.028 106.00112     1.954    -9.498               3.464            AX50Q355
  4271.053 106.00112     0.838    -1.593               3.464            AX22R095
  4271.061      24.0     3.102     -0.73                                        
  4271.061 606.01213     0.721    -5.515                6.24            20sR3257
  4271.090 106.00113     0.835    -1.593               3.464            AX22R095
  4271.105      90.1     0.230     -2.45                                        
  4271.115 106.00112     1.954    -5.791               3.464            AX50R345
  4271.122 106.00113     1.482    -0.896               3.464            AX00Q305
  4271.150      24.0     4.437     -4.01                                        
  4271.153      26.0     2.448     -0.35                                        
  4271.160 106.00112     1.490    -0.896               3.464            AX00Q305
  4271.181      24.0     3.008     -4.14                                        
  4271.216      25.0     4.791     -2.11                                        
  4271.227 106.00113     1.482    -3.745               3.464            AX00R295
  4271.240      24.0     3.889     -0.69                                        
  4271.243 106.00112     1.490    -3.745               3.464            AX00R295
  4271.251 106.00112     0.838    -1.555               3.464            AX22R105
  4271.262 106.00112     0.838    -3.305               3.464            AX22Q105
  4271.278 106.00113     1.482    -3.727               3.464            AX00P305
  4271.282 106.00113     0.835    -1.555               3.464            AX22R105
  4271.296 106.00113     0.835    -3.305               3.464            AX22Q105
  4271.302 106.00112     1.230    -3.660               3.464            AX00R265
  4271.338 106.00112     1.490    -3.727               3.464            AX00P305
  4271.340      23.0     2.129     -3.45                                        
  4271.353 106.00112     1.230    -0.920               3.464            AX00Q275
  4271.370      24.0     3.373     -3.18                                        
  4271.383 106.00113     1.482    -0.903               3.464            AX00Q295
  4271.386      22.0     2.479     -2.35                                        
  4271.398      20.0     5.870     -2.56                                        
  4271.398      28.0     3.191     -3.43                                        
  4271.404      25.0     4.350     -2.92                                        
  4271.407 607.01214     3.386    -1.987               7.724          1314Rb0255
  4271.414 106.00113     1.223    -3.660               3.464            AX00R265
  4271.421 106.00112     1.490    -0.903               3.464            AX00Q295
  4271.453      22.0     2.486     -3.04                                        
  4271.460 106.00113     1.223    -0.920               3.464            AX00Q275
  4271.462 106.00112     1.230    -0.930               3.464            AX00Q265
  4271.483      24.0     3.011     -4.99                                        
  4271.501 607.01214     3.376    -1.987               7.724          1314Ra0255
  4271.510      73.0     1.324     -1.49                                        
  4271.521 607.01214     3.376    -1.993               7.724          1314Rb0245
  4271.527 106.00112     1.230    -3.704               3.464            AX00P275
  4271.548      23.0     1.858      0.42                               LAWNOHFS 
  4271.551 606.01213     0.721    -9.084                6.24            20sQ3158
  4271.557 106.00113     1.223    -0.930               3.464            AX00Q265
  4271.576 607.01214     3.376    -5.084               7.724          1314Qd0255
  4271.603 106.00113     1.223    -3.704               3.464            AX00P275
  4271.613 606.01212     0.954    -6.993                6.24            53tR3138
  4271.631 607.01214     3.366    -1.993               7.724          1314Ra0245
  4271.643      26.0     2.196     -4.58                                        
  4271.657 607.01214     3.366    -1.999               7.724          1314Rb0235
  4271.709 607.01214     3.366    -5.057               7.724          1314Qd0245
  4271.709      69.0     1.087     -0.32                                        
  4271.717 606.01212     0.748    -6.758                6.24            42tR3137
  4271.729 606.01212     0.417    -7.535                6.24            20tR3141
  4271.755 606.01212     0.928    -4.017                6.24            42sR2148
  4271.756 606.01213     0.721    -5.512                6.24            20sR2158
  4271.759 606.01213     0.721    -5.515                6.24            20sR3257
  4271.761      26.0     1.484     -0.17                                  OBR91 
  4271.769 106.00112     0.839    -1.593               3.464            AX22R095
  4271.770      26.0     3.249     -5.61                                        
  4271.783 607.01214     3.356    -1.999               7.724          1314Ra0235
  4271.791 106.00113     0.836    -1.593               3.464            AX22R095
  4271.800      23.0     2.682     -1.97                                        
  4271.806 606.01212     0.928    -7.319                6.24            42sQ3148
  4271.813 607.01214     3.356    -2.007               7.724          1314Rb0225
  4271.862      62.0     0.282     -0.62                                        
  4271.864 607.01214     3.356    -5.031               7.724          1314Qd0235
  4271.900      23.0     2.364     -5.27                                        
  4271.908 106.00113     1.865    -5.805               3.464            AX32P275
  4271.909 606.01212     0.928    -4.059                6.24            42sR3247
  4271.917 106.00112     0.839    -3.288               3.464            AX22Q105
  4271.922 106.00112     0.839    -1.555               3.464            AX22R105
  4271.935 106.00113     0.836    -1.555               3.464            AX22R105
  4271.937      22.1     2.060     -3.29                                        
  4271.941      26.0     2.431     -4.79                                        
  4271.942 106.00113     0.836    -3.288               3.464            AX22Q105
  4271.957 607.01214     3.347    -2.007               7.724          1314Ra0225
  4271.991 607.01214     3.347    -2.017               7.724          1314Rb0215
  4272.010      62.1     0.188     -1.97                                 LAWLER 
  4272.012 106.00113     0.837    -5.375               3.464            BX01R175
  4272.039 607.01214     3.347    -5.005               7.724          1314Qd0225
  4272.049      42.0     3.245     -0.89                                        
  4272.117 106.00113     1.772    -5.579               3.464            AX43P225
  4272.118      22.0     2.394     -3.21                                        
  4272.123   59.1141     0.371    -3.829                                 LI/LAW 
  4272.145   59.1141     0.371    -2.255                                 LI/LAW 
  4272.145   59.1141     0.371    -3.646                                 LI/LAW 
  4272.151 607.01214     3.338    -2.017               7.724          1314Ra0215
  4272.156      22.0     3.152     -3.55                                        
  4272.163   59.1141     0.371    -1.164                                 LI/LAW 
  4272.171   59.1141     0.371    -2.057                                 LI/LAW 
  4272.172   59.1141     0.371    -3.708                                 LI/LAW 
  4272.174 606.01212     0.754    -7.988                6.24            31sQ3149
  4272.189 607.01214     3.338    -2.027               7.724          1314Rb0205
  4272.193   59.1141     0.371    -1.096                                 LI/LAW 
  4272.202      28.0     4.415     -2.14                                        
  4272.202   59.1141     0.371    -2.006                                 LI/LAW 
  4272.203   59.1141     0.371    -4.017                                 LI/LAW 
  4272.206      24.0     4.204     -1.28                                        
  4272.228   59.1141     0.371    -1.027                                 LI/LAW 
  4272.235 607.01214     3.338    -4.977               7.724          1314Qd0215
  4272.238      27.1     3.483     -2.95                                        
  4272.238   59.1141     0.371    -2.053                                 LI/LAW 
  4272.251      40.1     1.827     -0.95                                Ljung06 
  4272.268   59.1141     0.371    -0.959                                 LI/LAW 
  4272.278   59.1141     0.371    -2.251                                 LI/LAW 
  4272.312   59.1141     0.371    -0.893                                 LI/LAW 
  4272.321 106.00112     1.403    -0.903               3.464            AX00Q295
  4272.324 106.00113     1.395    -0.903               3.464            AX00Q295
  4272.326      22.0     2.343     -1.16                                 LAWLER 
  4272.359      27.1     5.204     -4.16                                        
  4272.361   59.1141     0.371    -0.828                                 LI/LAW 
  4272.366 607.01214     3.329    -2.027               7.724          1314Ra0205
  4272.401 106.00112     1.403    -3.727               3.464            AX00R285
  4272.407 607.01214     3.329    -2.039               7.724          1314Rb0195
  4272.408 606.01212     0.754    -4.579                6.24            31sR3248
  4272.424 106.00113     1.395    -3.727               3.464            AX00R285
  4272.424      22.0     0.825     -1.51                                 LAWLER 
  4272.451 607.01214     3.329    -4.950               7.724          1314Qd0205
  4272.470 606.01212     1.203    -6.906                6.24            64tR3142
  4272.476 106.00113     1.395    -3.711               3.464            AX00P295
  4272.493 106.00112     1.403    -3.711               3.464            AX00P295
  4272.530      26.0     4.217     -3.96                                        
  4272.556      25.1     7.376     -4.48                                        
  4272.573 106.00112     1.403    -0.911               3.464            AX00Q285
  4272.575 606.01212     0.568    -7.301                6.24            31tR3138
  4272.576 106.00113     1.395    -0.911               3.464            AX00Q285
  4272.602 607.01214     3.321    -2.039               7.724          1314Ra0195
  4272.645 607.01214     3.321    -2.053               7.724          1314Rb0185
  4272.687 607.01214     3.321    -4.922               7.724          1314Qd0195
  4272.704 106.00112     2.222    -6.382               3.464            CX15R225
  4272.740      27.0     3.949     -3.85                                        
  4272.747      24.0     3.011     -5.41                                        
  4272.780      60.1     0.000     -1.14                                 LAWLER 
  4272.804      20.0     6.022     -4.73                                        
  4272.846 106.00112     2.222   -11.310               3.464            CX15Q225
  4272.857 607.01214     3.314    -2.053               7.724          1314Ra0185
  4272.860      72.1     1.671     -1.04                                 LAWLER 
  4272.863      26.0     3.639     -4.22                                        
  4272.868      25.0     4.317     -1.87                                        
  4272.874      90.0     1.090     -0.69                                        
  4272.883 106.00112     2.222    -6.344               3.464            CX15R215
  4272.902 607.01214     3.314    -2.068               7.724          1314Rb0175
  4272.903      24.0     2.897     -0.98                                 SOBECK 
  4272.936 106.00113     0.488    -5.371               3.464            BX01R095
  4272.942 607.01214     3.314    -4.893               7.724          1314Qd0185
  4272.968      41.0     1.353     -1.27                                        
  4272.985      26.0     4.470     -2.36                                        
  4273.002 606.01212     1.667    -8.544                6.24           107nP1334
  4273.009      25.0     4.357     -2.19                                        
  4273.030 606.01213     0.486    -7.809                6.24            20tR3146
  4273.058      42.0     2.062     -1.49                                        
  4273.065       3.0     1.846     -2.07                                        
  4273.078 606.01213     0.486    -8.086                6.24            20tR3146
  4273.116      24.1     6.482     -3.21                                        
  4273.127       3.0     1.846     -1.77                                        
  4273.133 607.01214     3.306    -2.068               7.724          1314Ra0175
  4273.155      22.0     1.442     -5.03                                        
  4273.161      42.0     2.985     -1.74                                        
  4273.178 607.01214     3.306    -2.085               7.724          1314Rb0165
  4273.216 607.01214     3.306    -4.863               7.724          1314Qd0175
  4273.230 106.00112     1.148    -3.642               3.464            AX00R255
  4273.246      23.0     3.281     -2.79                                        
  4273.246      27.0     4.107     -3.87                                        
  4273.291      64.0     0.896     -0.55                                        
  4273.292      22.0     2.304     -0.91                                        
  4273.296 106.00112     1.148    -0.930               3.464            AX00Q265
  4273.305      27.0     3.710     -4.98                                        
  4273.322      20.0     4.765     -2.12                                        
  4273.326      26.1     2.705     -3.38                                 MELBAR 
  4273.348      41.0     1.499     -1.20                                        
  4273.352 106.00113     1.142    -3.642               3.464            AX00R255
  4273.358      90.1     1.038     -0.90                                        
  4273.364      26.0     2.402     -3.83                                        
  4273.384 106.00112     1.148    -0.941               3.464            AX00Q255
  4273.403 106.00113     1.142    -0.930               3.464            AX00Q265
  4273.418      23.0     2.614     -2.06                                        
  4273.418      45.0     1.731     -0.99                                        
  4273.427 607.01214     3.299    -2.085               7.724          1314Ra0165
  4273.442      58.1     1.091     -0.42                                        
  4273.451 106.00112     1.148    -3.686               3.464            AX00P265
  4273.473 607.01214     3.299    -2.103               7.724          1314Rb0155
  4273.475 106.00112     0.073    -1.686               3.464            AX00R055
  4273.488      24.0     3.011     -5.65                                        
  4273.490 106.00113     1.142    -0.941               3.464            AX00Q255
  4273.509 607.01214     3.299    -4.833               7.724          1314Qd0165
  4273.513      40.1     0.758     -1.48                                Ljung06 
  4273.537      20.0     5.927     -3.96                                        
  4273.538 106.00112     0.841    -5.375               3.464            BX01R175
  4273.541 106.00113     1.142    -3.686               3.464            AX00P265
  4273.555      20.0     4.760     -1.75                                        
  4273.621 606.01213     0.699    -8.851                6.24            20sQ3157
  4273.623 606.01213     0.699    -5.444                6.24            20sR2157
  4273.637      22.0     3.177     -2.13                                        
  4273.641      27.0     3.527     -2.41                                        
  4273.643      11.0     2.101     -2.37                                        
  4273.644 106.00113     0.073    -1.686               3.464            AX00R055
  4273.686 606.01213     0.699    -5.514                6.24            20sR3256
  4273.686      74.0     2.785     -0.27                                        
  4273.709 106.00112     1.317    -0.911               3.464            AX00Q285
  4273.735      24.0     4.613     -1.66                                        
  4273.741 607.01214     3.293    -2.103               7.724          1314Ra0155
  4273.742 106.00113     1.309    -0.911               3.464            AX00Q285
  4273.766      20.0     4.621     -3.96                                        
  4273.774      22.0     2.425     -2.62                                        
  4273.776      26.0     3.045     -4.96                                        
  4273.783 106.00112     0.073    -1.686               3.464            AX00R055
  4273.785 106.00112     1.317    -3.709               3.464            AX00R275
  4273.787 607.01214     3.293    -2.124               7.724          1314Rb0145
  4273.811      22.0     3.106     -0.60                                        
  4273.820 607.01214     3.293    -4.801               7.724          1314Qd0155
  4273.836 106.00113     1.310    -3.709               3.464            AX00R275
  4273.838      12.0     4.343     -3.02                                        
  4273.866 106.00112     0.074    -3.036               3.464            AX00Q065
  4273.868      26.0     3.069     -2.75                                        
  4273.875 106.00112     1.317    -3.694               3.464            AX00P285
  4273.890 106.00113     1.309    -3.694               3.464            AX00P285
  4273.905      26.0     4.257     -4.13                                        
  4273.919 106.00112     0.074    -1.621               3.464            AX00R065
  4273.948 106.00113     0.073    -1.686               3.464            AX00R055
  4273.952 106.00112     1.317    -0.920               3.464            AX00Q275
  4273.965      24.0     3.085     -6.17                                        
  4273.970      92.1     0.113     -1.99                                        
  4273.979 606.01212     0.940    -6.723                6.24            53tR3137
  4273.984 106.00113     1.310    -0.920               3.464            AX00Q275
  4274.011      24.0     3.090     -2.43                                        
  4274.025      90.1     1.902     -0.45                                        
  4274.032 106.00113     0.073    -3.036               3.464            AX00Q065
  4274.035      62.0     0.282     -1.79                                        
  4274.039      42.0     3.435     -1.10                                        
  4274.051 606.01212     0.735    -4.513                6.24            31sR2148
  4274.051 606.01212     0.735    -7.798                6.24            31sQ3148
  4274.073 607.01214     3.287    -2.124               7.724          1314Ra0145
  4274.085 106.00113     0.073    -1.620               3.464            AX00R065
  4274.098 606.01212     1.680    -6.817                6.24           107nP1335
  4274.103      22.1     5.229     -2.61                                        
  4274.119 106.00112     0.490    -5.371               3.464            BX01R095
  4274.119 607.01214     3.287    -2.146               7.724          1314Rb0135
  4274.133 106.00112     0.074    -3.025               3.464            AX00Q065
  4274.148 606.01212     0.735    -4.579                6.24            31sR3247
  4274.150 607.01214     3.287    -4.768               7.724          1314Qd0145
  4274.152 606.01213     0.699    -9.067                6.24            20sQ3157
  4274.168      64.0     0.000     -0.82                                        
  4274.186 106.00112     0.074    -1.621               3.464            AX00R065
  4274.207      21.0     2.138     -2.23                                        
  4274.209      21.0     2.301     -4.02                                        
  4274.294      22.0     2.290     -1.85                                        
  4274.296 106.00113     0.073    -3.025               3.464            AX00Q065
  4274.296 106.00113     1.908    -9.215               3.464            CX15R165
  4274.304      25.1     5.516     -5.32                                        
  4274.309 606.01212     0.734    -7.047                6.24            42tR3136
  4274.326      23.1     3.121     -2.95                                        
  4274.349 106.00113     0.073    -1.621               3.464            AX00R065
  4274.359 606.01213     0.699    -5.509                6.24            20sR2157
  4274.363 606.01213     0.699    -5.513                6.24            20sR3256
  4274.385      22.0     2.290     -0.77                                        
  4274.423 607.01214     3.281    -2.146               7.724          1314Ra0135
  4274.469 607.01214     3.281    -2.172               7.724          1314Rb0125
  4274.498 607.01214     3.281    -4.733               7.724          1314Qd0135
  4274.501 606.01212     0.910    -7.467                6.24            42sQ3147
  4274.548      20.0     2.930     -2.87                                        
  4274.553      74.0     2.486      0.03                                        
  4274.576 606.01212     1.188    -6.593                6.24            64tR3141
  4274.583      22.0     1.878      0.11                                 LAWLER 
  4274.598      22.0     0.818     -1.32                                        
  4274.634 606.01212     1.784    -5.450                6.24           107oP1243
  4274.668 606.01212     0.401    -7.807                6.24            20tR3140
  4274.688      41.0     1.094     -1.17                                        
  4274.715      24.1     5.007     -4.68                                        
  4274.718 606.01212     0.910    -4.088                6.24            42sR2147
  4274.734 606.01212     1.785    -5.373                6.24           107oP2342
  4274.744 606.01212     0.910    -4.105                6.24            42sR3246
  4274.767 106.00112     1.656    -5.229               3.464            AX54P155
  4274.785      40.0     0.519     -1.48                                        
  4274.792 607.01214     3.276    -2.172               7.724          1314Ra0125
  4274.812      24.0     0.000     -0.22                                 SOBECK 
  4274.836 607.01214     3.276    -2.200               7.724          1314Rb0115
  4274.854      26.0     4.214     -2.93                                        
  4274.863 607.01214     3.276    -4.697               7.724          1314Qd0125
  4274.890      24.0     2.998     -2.23                                        
  4274.899 606.01212     1.785    -8.473                6.24           107oQ1342
  4274.935      21.0     2.567     -1.28                                        
  4274.950 106.00112     0.409    -1.726               3.464            AX11R055
  4274.956      20.0     6.024     -2.90                                        
