wavelength species excitation loggf disassociation_energy comment
3468.23 24.1 4.771 -3.71 "" ""
3468.244 74.1 2.905 -1.48 "" ""
3468.246 21.0 2.318 -1.66 "" ""
3468.251 106.00112 0.958 -4.975 3.464 AX41P195
3468.255 106.00112 0.958 -7.251 3.464 AX41Q185
3468.261 107.00114 0.599 -5.574 3.400 ""
3468.301 106.00112 0.958 -5.04 3.464 AX41P185
3468.322 607.01214 2.384 -3.172 7.724 1210Qd0015
3468.323 607.01214 2.384 -2.472 7.724 1210Rb0005
3468.326 607.01214 2.384 -2.217 7.724 1210Ra0015
3468.344 607.01314 2.338 -2.107 7.724 1210Ra0025
3468.38 25.0 4.662 -2.65 "" ""
3468.388 25.1 6.663 -5.13 "" ""
3468.4 74.0 1.707 -0.72 "" ""
3468.406 106.00112 1.016 -5.659 3.464 CX23P055
3468.41 60.1 0.064 -1.39 LAWLER ""
3468.419 607.01314 2.338 -2.262 7.724 1210Rb0015
3468.419 607.01314 2.338 -3.409 7.724 1210Qd0025
3468.43 106.00113 0.596 -4.083 3.464 CX01P115
3468.43 66.1 1.17 -0.08 LAWLER ""
3468.433 106.00113 0.596 -4.049 3.464 CX01P125
3468.439 106.00112 1.291 -4.9 3.464 CX34R035
3468.441 25.1 6.135 -3.09 "" ""
3468.463 26.0 3.544 -9.79 "" ""
3468.465 24.1 4.473 -4.95 "" ""
3468.471 106.00112 0.389 -6.461 3.464 CX01P045
3468.474 20.0 1.879 -2.18 LAWLER ""
3468.503 26.0 2.88 -3.37 "" ""
3468.517 42.0 2.258 -1.17 "" ""
3468.536 25.1 6.64 -2.01 "" ""
3468.6 26.0 3.544 -6.64 "" ""
3468.601 27.0 3.189 -0.59 "" ""
3468.615 22.0 1.748 -6.0 "" ""
3468.626 106.00113 0.596 -12.292 3.464 CX01Q115
3468.63 27.0 2.716 -2.92 "" ""
3468.667 26.0 3.571 -7.43 "" ""
3468.678 26.1 4.15 -1.69 "" ""
3468.681 24.0 3.11 -1.9 "" ""
3468.694 607.01214 2.383 -2.774 7.724 1210Qd0005
3468.695 607.01214 2.383 -2.473 7.724 1210Ra0005
3468.696 607.01314 2.337 -2.262 7.724 1210Ra0015
3468.712 106.00112 1.291 -4.703 3.464 CX34R045
3468.738 106.00112 1.291 -7.696 3.464 CX34Q045
3468.752 607.01314 2.337 -3.218 7.724 1210Qd0015
3468.753 607.01314 2.337 -2.518 7.724 1210Rb0005
3468.808 23.0 2.121 -3.34 "" ""
3468.833 42.0 3.387 -0.69 "" ""
3468.845 26.0 2.557 -1.29 "" ""
3468.883 58.1 0.122 -1.36 "" ""
3468.884 58.1 0.445 -1.09 BIEMONT ""
3468.89 22.1 4.959 -4.5 "" ""
3468.924 24.0 3.887 -2.71 "" ""
3468.961 26.0 2.277 -3.48 "" ""
3468.972 27.0 3.277 -0.55 "" ""
3468.99 64.1 0.427 0.08 LAWLER ""
3468.992 58.1 1.194 -0.7 "" ""
3469.012 26.0 3.299 -0.86 "" ""
3469.036 21.0 1.864 -1.06 "" ""
3469.038 106.00113 1.065 -8.383 3.464 AX20R255
3469.068 22.0 2.115 -1.79 "" ""
3469.069 607.01314 2.337 -2.518 7.724 1210Ra0005
3469.074 106.00112 0.874 -11.033 3.464 CX12Q105
3469.102 607.01314 2.337 -2.82 7.724 1210Qd0005
3469.116 106.00112 0.874 -4.657 3.464 CX12P105
3469.125 25.1 6.828 -4.45 "" ""
3469.156 106.00112 0.874 -4.623 3.464 CX12P115
3469.193 22.0 0.835 -5.19 "" ""
3469.198 26.0 3.544 -7.17 "" ""
3469.212 21.0 1.985 -2.87 "" ""
3469.213 24.0 4.102 -2.26 "" ""
3469.218 42.0 2.062 -0.42 "" ""
3469.22 25.1 5.811 -4.24 "" ""
3469.273 74.1 2.855 -1.19 "" ""
3469.276 23.0 2.573 -4.62 "" ""
3469.279 106.00113 1.275 -5.148 3.464 CX34R025
3469.289 106.00112 1.071 -8.383 3.464 AX20R255
3469.292 607.01314 2.491 -1.121 7.724 1210Ra0275
3469.31 64.1 0.427 -1.39 LAWLER ""
3469.321 21.0 1.985 -2.44 "" ""
3469.321 22.0 2.101 -2.97 "" ""
3469.338 25.0 2.28 -4.99 "" ""
3469.345 90.0 0.457 -0.43 "" ""
3469.39 26.0 2.843 -2.23 "" ""
3469.434 24.0 2.707 -1.81 "" ""
3469.436 41.0 1.156 -0.44 "" ""
3469.471 24.1 5.658 -3.82 "" ""
3469.485 28.0 0.275 -1.79 LAWLER ""
3469.487 92.0 0.471 -0.08 "" ""
3469.5 607.01214 2.384 -2.474 7.724 1210Pa0015
3469.5 607.01214 2.384 -2.774 7.724 1210Qc0005
3469.51 68.0 0.954 0.9 "" ""
3469.517 23.1 2.266 -1.31 LAWNOHFS ""
3469.52 26.0 3.651 -0.87 "" ""
3469.521 20.0 5.386 -3.77 "" ""
3469.543 106.00112 1.152 -4.505 3.464 AX41Q225
3469.544 26.0 3.045 -3.17 "" ""
3469.545 106.00112 0.599 -12.292 3.464 CX01Q115
3469.553 24.0 2.706 -2.38 "" ""
3469.566 106.00112 1.152 -7.381 3.464 AX41R215
3469.587 24.0 3.011 -0.54 "" ""
3469.599 106.00112 0.599 -4.082 3.464 CX01P115
3469.609 106.00112 1.152 -6.994 3.464 AX41P225
3469.609 21.0 1.983 -0.28 "" ""
3469.611 25.1 4.685 -6.15 "" ""
3469.614 23.0 2.706 -3.58 "" ""
3469.615 106.00112 0.599 -4.049 3.464 CX01P125
3469.62 45.0 1.278 -0.95 "" ""
3469.624 106.00113 1.275 -7.544 3.464 CX34Q035
3469.632 106.00112 1.152 -4.563 3.464 AX41Q215
3469.632 42.0 3.075 -0.39 "" ""
3469.644 25.0 2.28 -4.26 "" ""
3469.648 26.0 3.428 -4.67 "" ""
3469.667 106.00113 1.275 -4.895 3.464 CX34R035
3469.673 27.0 2.698 -0.89 "" ""
3469.679 26.0 3.394 -4.04 "" ""
3469.69 76.1 2.478 -2.31 Quinet06 ""
3469.704 21.0 1.994 -1.34 "" ""
3469.71 65.1 0.891 -0.5 LAWNOHFS ""
3469.722 68.1 1.401 -0.09 LAWLER ""
3469.756 26.0 3.632 -4.13 "" ""
3469.789 92.0 0.0 -0.64 "" ""
3469.803 68.1 0.891 -1.47 LAWLER ""
3469.831 26.0 2.607 -1.63 "" ""
3469.854 607.01314 2.337 -2.82 7.724 1210Qc0005
3469.858 607.01314 2.337 -2.52 7.724 1210Pa0015
3469.859 106.00113 0.638 -4.022 3.464 CX01P135
3469.873 106.00113 0.638 -4.049 3.464 CX01P125
3469.881 106.00112 0.952 -6.684 3.464 AX52R125
3469.886 26.0 3.544 -5.11 "" ""
3469.894 25.0 3.37 -5.42 "" ""
3469.897 106.00112 0.952 -4.448 3.464 AX52Q125
3469.921 22.0 1.886 -3.35 "" ""
3469.921 90.1 0.514 -0.13 Nils02/9 ""
3469.933 607.01214 2.384 -2.218 7.724 1210Pa0025
3469.933 607.01214 2.384 -3.172 7.724 1210Qc0015
3469.934 607.01214 2.384 -2.474 7.724 1210Pb0015
3469.94 40.1 0.999 -1.36 Ljung06 ""
3469.982 106.00112 0.952 -4.401 3.464 AX52Q135
3469.983 26.1 7.133 -2.56 "" ""
3469.986 106.00113 1.031 -5.658 3.464 CX23P055
3469.989 106.00113 0.908 -4.624 3.464 CX12P115
3469.994 106.00113 0.908 -4.604 3.464 CX12P125
3469.994 25.0 4.682 -0.46 "" ""
3469.998 106.00112 0.952 -6.497 3.464 AX52P135
3470.054 106.00113 1.031 -9.384 3.464 CX23Q055
3470.072 25.0 2.28 -3.84 "" ""
3470.088 27.0 3.295 -0.95 "" ""
3470.09 106.00113 0.638 -11.399 3.464 CX01Q125
3470.125 25.0 4.657 -4.06 "" ""
3470.141 106.00113 1.031 -5.798 3.464 CX23P065
3470.166 39.1 3.239 -1.0 "" ""
3470.175 106.00113 0.908 -10.6 3.464 CX12Q115
3470.19 107.00114 0.921 -5.409 3.400 ""
3470.192 66.1 2.838 1.0 "" ""
3470.202 42.0 2.075 -2.09 "" ""
3470.211 28.0 0.025 -5.23 "" ""
3470.242 26.1 3.964 -3.96 "" ""
3470.257 607.01314 2.338 -2.264 7.724 1210Pa0025
3470.257 607.01314 2.338 -3.218 7.724 1210Qc0015
3470.263 23.1 2.266 -1.02 "" ""
3470.275 106.00112 0.074 -7.461 3.464 AX20R065
3470.291 607.01314 2.338 -2.52 7.724 1210Pb0015
3470.386 607.01214 2.386 -2.218 7.724 1210Pb0025
3470.387 607.01214 2.386 -3.364 7.724 1210Qc0025
3470.388 607.01214 2.386 -2.063 7.724 1210Pa0035
3470.396 58.1 0.122 -1.45 "" ""
3470.399 24.0 2.707 -1.04 "" ""
3470.399 24.0 3.077 -4.22 "" ""
3470.428 25.0 3.37 -4.23 "" ""
3470.429 23.0 1.944 -3.07 "" ""
3470.451 106.00112 0.074 -7.439 3.464 AX20R065
3470.484 23.0 2.682 -3.21 "" ""
3470.486 106.00112 1.279 -5.147 3.464 CX34R025
3470.49 24.1 4.778 -3.05 "" ""
3470.507 26.0 3.881 -3.38 "" ""
3470.529 24.0 2.708 -1.1 "" ""
3470.549 42.0 2.932 -1.11 "" ""
3470.556 21.0 2.008 -0.47 "" ""
3470.575 42.0 2.474 -2.05 "" ""
3470.598 106.00113 0.87 -4.903 3.464 AX52P105
3470.617 106.00113 0.87 -6.592 3.464 AX52Q105
3470.628 26.0 2.88 -4.85 "" ""
3470.633 106.00112 0.952 -6.7 3.464 AX52R125
3470.649 106.00112 0.952 -4.448 3.464 AX52Q125
3470.656 45.0 0.43 -0.21 "" ""
3470.678 607.01314 2.339 -3.409 7.724 1210Qc0025
3470.68 607.01314 2.339 -2.109 7.724 1210Pa0035
3470.686 106.00112 0.952 -4.401 3.464 AX52Q135
3470.702 106.00112 0.952 -6.483 3.464 AX52P135
3470.711 607.01314 2.502 -1.102 7.724 1210Ra0285
3470.716 21.0 2.301 -3.7 "" ""
3470.72 24.0 2.708 -1.54 "" ""
3470.722 107.00114 1.484 -4.731 3.400 ""
3470.733 76.1 2.178 -1.84 Quinet06 ""
3470.734 607.01314 2.339 -2.264 7.724 1210Pb0025
3470.739 106.00113 0.87 -4.841 3.464 AX52P115
3470.845 24.0 4.609 -1.18 "" ""
3470.85 60.1 0.204 -1.22 LAWLER ""
3470.858 607.01214 2.387 -2.063 7.724 1210Pb0035
3470.861 607.01214 2.387 -3.493 7.724 1210Qc0035
3470.863 607.01214 2.387 -1.95 7.724 1210Pa0045
3470.868 106.00112 1.279 -4.895 3.464 CX34R035
3470.889 106.00112 1.279 -7.543 3.464 CX34Q035
3470.921 42.0 2.289 -0.58 "" ""
3470.962 26.0 3.299 -2.79 "" ""
3470.991 26.0 3.571 -6.71 "" ""
3470.998 106.00112 0.641 -11.399 3.464 CX01Q125
3471.001 106.00113 0.804 -7.405 3.464 AX52P085
3471.053 106.00112 0.641 -4.022 3.464 CX01P135
3471.056 106.00112 0.641 -4.049 3.464 CX01P125
3471.059 26.0 3.692 -5.3 "" ""
3471.061 21.0 1.985 -0.54 "" ""
3471.096 106.00112 1.091 -4.756 3.464 AX52R155
3471.113 40.1 1.742 -0.5 "" ""
3471.119 607.01314 2.341 -3.539 7.724 1210Qc0035
3471.121 607.01314 2.341 -1.997 7.724 1210Pa0045
3471.128 26.0 3.571 -9.73 "" ""
3471.134 106.00113 0.683 -4.002 3.464 CX01P145
3471.135 22.0 2.235 -4.5 "" ""
3471.137 106.00112 1.091 -4.753 3.464 AX52R165
3471.138 21.0 2.0 -2.9 "" ""
3471.14 62.1 0.434 -1.64 LAWLER ""
3471.14 66.1 0.92 -0.43 LAWLER ""
3471.143 23.0 2.357 -4.18 "" ""
3471.152 106.00113 0.871 -4.903 3.464 AX52P105
3471.165 106.00113 0.684 -4.022 3.464 CX01P135
3471.167 40.0 0.0 -0.53 "" ""
3471.17 106.00113 0.871 -6.611 3.464 AX52Q105
3471.17 21.0 1.985 -4.41 "" ""
3471.174 106.00112 1.091 -6.605 3.464 AX52Q165
3471.193 41.0 2.096 0.39 "" ""
3471.195 607.01314 2.341 -2.11 7.724 1210Pb0035
3471.215 106.00112 0.912 -10.6 3.464 CX12Q115
3471.219 90.0 0.479 -0.41 "" ""
3471.227 106.00112 1.034 -9.383 3.464 CX23Q055
3471.251 106.00113 0.871 -4.841 3.464 AX52P115
3471.252 106.00112 1.034 -5.658 3.464 CX23P055
3471.261 106.00112 0.912 -4.623 3.464 CX12P115
3471.266 26.0 2.221 -1.44 "" ""
3471.273 106.00112 1.595 -6.701 3.464 CX23R195
3471.281 106.00112 0.912 -4.604 3.464 CX12P125
3471.29 25.1 6.666 -4.95 "" ""
3471.327 106.00112 1.595 -3.443 3.464 CX23Q205
3471.343 26.0 2.277 -1.4 "" ""
3471.347 107.00114 1.297 -3.242 3.400 ""
3471.351 607.01214 2.39 -1.951 7.724 1210Pb0045
3471.356 607.01214 2.39 -3.592 7.724 1210Qc0045
3471.359 607.01214 2.39 -1.861 7.724 1210Pa0055
3471.367 106.00112 1.595 -3.492 3.464 CX23Q195
3471.379 27.0 3.168 0.21 "" ""
3471.386 106.00113 0.804 -7.431 3.464 AX52P085
3471.386 28.1 3.077 -1.38 "" ""
3471.403 106.00113 0.684 -11.083 3.464 CX01Q135
3471.419 27.0 2.135 -2.59 "" ""
3471.421 106.00112 1.595 -9.972 3.464 CX23P205
3471.427 23.0 2.503 -3.96 "" ""
3471.429 106.00112 1.035 -5.798 3.464 CX23P065
3471.433 106.00113 1.266 -5.508 3.464 CX34R015
3471.454 26.0 2.422 -2.62 "" ""
3471.481 23.0 2.357 -3.97 "" ""
3471.495 24.0 2.708 -1.07 "" ""
3471.527 66.1 0.927 -0.05 "" ""
3471.579 607.01314 2.343 -3.638 7.724 1210Qc0045
3471.581 607.01314 2.343 -1.907 7.724 1210Pa0055
3471.586 28.0 3.696 -0.79 "" ""
3471.603 25.1 4.689 -5.73 "" ""
3471.61 66.1 0.92 -0.47 LAWLER ""
3471.613 79.0 5.101 -1.66 "" ""
3471.621 28.0 3.696 -1.45 "" ""
3471.647 26.0 3.544 -6.21 "" ""
3471.668 607.01314 2.343 -1.997 7.724 1210Pb0045
3471.721 24.1 6.636 -4.71 "" ""
3471.742 25.1 6.568 -2.88 "" ""
3471.788 25.0 3.37 -4.68 "" ""
3471.803 106.00113 0.727 -7.106 3.464 CX12P055
3471.825 26.0 2.88 -8.11 "" ""
3471.864 23.0 2.576 -5.77 "" ""
3471.866 607.01214 2.392 -1.861 7.724 1210Pb0055
3471.872 607.01214 2.392 -3.672 7.724 1210Qc0055
3471.875 607.01214 2.392 -1.787 7.724 1210Pa0065
3471.895 26.0 3.263 -2.36 "" ""
3471.9 27.0 1.954 -4.54 "" ""
3471.914 23.0 1.798 -4.54 "" ""
3471.927 107.00114 0.264 -5.746 3.400 ""
3471.959 90.0 0.902 -0.38 "" ""
3471.997 106.00113 1.266 -7.314 3.464 CX34Q025
3471.999 21.0 1.432 -7.53 "" ""
3472.023 24.0 2.542 -4.45 "" ""
3472.03 106.00113 1.266 -5.138 3.464 CX34R025
3472.031 106.00113 0.948 -4.598 3.464 CX12P135
3472.043 106.00113 0.949 -4.604 3.464 CX12P125
3472.052 24.1 4.916 -0.58 "" ""
3472.06 607.01314 2.345 -3.718 7.724 1210Qc0055
3472.066 607.01314 2.345 -1.833 7.724 1210Pa0065
3472.067 22.0 0.825 -5.87 "" ""
3472.108 68.1 0.669 -2.59 LAWLER ""
3472.134 106.00113 0.073 -7.46 3.464 AX20R065
3472.139 29.0 5.501 -1.05 "" ""
3472.149 27.0 2.716 -3.42 "" ""
3472.16 106.00112 1.092 -4.753 3.464 AX52R165
3472.161 607.01314 2.345 -1.907 7.724 1210Pb0055
3472.174 107.00114 1.297 -4.596 3.400 ""
3472.174 22.0 2.133 -1.95 "" ""
3472.177 106.00112 1.092 -4.756 3.464 AX52R155
3472.182 27.0 3.295 -0.63 "" ""
3472.198 106.00112 1.092 -6.579 3.464 AX52Q165
3472.212 25.1 4.689 -2.74 "" ""
3472.232 26.0 2.829 -3.97 "" ""
3472.237 107.00114 1.297 -3.156 3.400 ""
3472.249 106.00113 0.949 -10.257 3.464 CX12Q125
3472.249 45.0 1.142 -0.88 "" ""
3472.263 106.00113 0.731 -3.988 3.464 CX01P155
3472.263 24.0 3.008 -2.35 "" ""
3472.298 106.00112 0.687 -11.083 3.464 CX01Q135
3472.309 106.00113 0.073 -7.438 3.464 AX20R065
3472.309 106.00113 0.732 -4.002 3.464 CX01P145
3472.341 106.00112 0.687 -4.001 3.464 CX01P145
3472.36 106.00112 0.687 -4.022 3.464 CX01P135
3472.38 65.1 0.816 0.05 LAWNOHFS ""
3472.386 25.1 6.64 -3.69 "" ""
3472.4 24.1 4.778 -3.7 "" ""
3472.4 607.01214 2.395 -1.787 7.724 1210Pb0065
3472.405 72.0 0.0 -0.9 "" ""
3472.409 607.01214 2.395 -3.739 7.724 1210Qc0065
3472.415 607.01214 2.395 -1.724 7.724 1210Pa0075
3472.436 71.1175 1.542 -1.412 L09gfDH20h ""
3472.441 71.1175 1.542 -1.588 L09gfDH20h ""
3472.442 24.0 2.542 -4.35 "" ""
3472.445 71.1175 1.542 -1.239 L09gfDH20h ""
3472.453 28.0 3.477 -1.39 "" ""
3472.454 71.1175 1.542 -3.339 L09gfDH20h ""
3472.456 71.1175 1.542 -1.228 L09gfDH20h ""
3472.458 71.1175 1.542 -1.412 L09gfDH20h ""
3472.468 71.1175 1.542 -1.386 L09gfDH20h ""
3472.47 71.1175 1.542 -1.91 L09gfDH20h ""
3472.476 21.0 1.432 -4.73 "" ""
3472.479 71.1175 1.542 -1.239 L09gfDH20h ""
3472.49 71.1175 1.542 -1.214 L09gfDH20h ""
3472.505 71.1175 1.542 -1.228 L09gfDH20h ""
3472.514 71.1175 1.542 -0.816 L09gfDH20h ""
3472.516 607.01314 2.514 -1.084 7.724 1210Ra0295
3472.516 73.0 2.154 -0.34 "" ""
3472.527 106.00113 1.258 -6.052 3.464 CX34R005
3472.537 71.1175 1.542 -1.386 L09gfDH20h ""
3472.542 28.0 0.109 -0.79 LAWLER ""
3472.558 22.0 2.493 -3.33 "" ""
3472.56 607.01314 2.348 -3.785 7.724 1210Qc0065
3472.562 92.1 0.284 -1.16 "" ""
3472.567 607.01314 2.348 -1.77 7.724 1210Pa0075
3472.57 106.00113 0.732 -10.949 3.464 CX01Q145
3472.621 23.0 2.721 -3.86 "" ""
3472.651 106.00112 1.27 -5.507 3.464 CX34R015
3472.651 21.0 1.864 -2.73 "" ""
3472.669 607.01314 2.348 -1.833 7.724 1210Pb0065
3472.684 25.0 4.662 -2.08 "" ""
3472.691 106.00113 1.142 -8.598 3.464 AX20R265
3472.703 27.0 3.168 -0.53 "" ""
3472.717 75.0 1.811 -1.78 "" ""
3472.752 65.1159 0.126 -2.21 LAWLER ""
3472.753 65.1159 0.126 -0.61 LAWLER ""
3472.755 65.1159 0.126 -4.23 LAWLER ""
3472.758 22.0 2.406 -4.36 "" ""
3472.767 24.0 2.706 -1.19 "" ""
3472.771 24.0 2.543 -2.81 "" ""
3472.784 22.0 2.47 -1.14 "" ""
3472.791 65.1159 0.126 -0.68 LAWLER ""
3472.794 65.1159 0.126 -2.09 LAWLER ""
3472.799 65.1159 0.126 -4.16 LAWLER ""
3472.826 65.1159 0.126 -0.74 LAWLER ""
3472.831 65.1159 0.126 -2.21 LAWLER ""
3472.851 106.00113 0.997 -7.123 3.464 CX23P035
3472.856 65.1159 0.126 -0.81 LAWLER ""
3472.862 22.0 2.47 -1.72 "" ""
3472.882 23.0 1.217 -6.69 "" ""
3472.894 40.0 0.519 -1.39 "" ""
3472.902 24.0 2.965 -3.46 "" ""
3472.915 26.1 4.734 -3.09 "" ""
3472.955 607.01214 2.398 -1.724 7.724 1210Pb0075
3472.964 15.1 9.51 -1.43 "" ""
3472.967 607.01214 2.398 -3.796 7.724 1210Qc0075
3472.972 607.01214 2.398 -1.668 7.724 1210Pa0085
3472.977 106.00112 0.729 -7.105 3.464 CX12P055
3472.989 25.0 4.675 -2.14 "" ""
3473.0 60.1 0.064 -2.24 LAWLER ""
3473.008 26.0 3.263 -2.73 "" ""
3473.018 41.0 1.629 0.07 "" ""
3473.029 90.1 1.123 -0.76 "" ""
3473.039 107.00114 0.536 -3.523 3.400 ""
3473.043 106.00113 1.053 -5.797 3.464 CX23P065
3473.081 607.01314 2.352 -3.842 7.724 1210Qc0075
3473.09 607.01314 2.352 -1.714 7.724 1210Pa0085
3473.104 22.0 2.394 -4.16 "" ""
3473.125 106.00113 1.053 -9.207 3.464 CX23Q065
3473.153 42.0 2.062 -1.73 "" ""
3473.156 106.00113 1.053 -5.968 3.464 CX23P075
3473.171 22.0 1.878 -3.21 "" ""
3473.194 607.01314 2.352 -1.77 7.724 1210Pb0075
3473.204 25.1 5.563 -2.7 "" ""
3473.212 42.0 2.553 -1.41 "" ""
3473.22 64.1 0.032 -0.37 LAWLER ""
3473.239 106.00112 1.271 -5.137 3.464 CX34R025
3473.239 26.0 3.209 -3.83 "" ""
3473.251 106.00113 0.783 -3.981 3.464 CX01P165
3473.256 106.00112 1.271 -7.314 3.464 CX34Q025
3473.262 23.0 2.113 -3.59 "" ""
3473.271 23.0 1.08 -3.64 "" ""
3473.282 106.00112 0.952 -10.256 3.464 CX12Q125
3473.296 26.0 3.045 -1.45 "" ""
3473.299 106.00113 0.408 -6.533 3.464 CX01P055
3473.31 106.00113 0.783 -3.988 3.464 CX01P155
3473.319 106.00113 1.138 -4.76 3.464 AX52R165
3473.332 106.00112 0.952 -4.603 3.464 CX12P125
3473.334 25.0 3.768 -5.25 "" ""
3473.335 106.00112 0.952 -4.598 3.464 CX12P135
3473.363 106.00113 1.138 -4.77 3.464 AX52R175
3473.388 106.00113 1.138 -6.622 3.464 AX52Q175
3473.402 107.00114 0.536 -5.236 3.400 ""
3473.414 107.00114 0.536 -3.465 3.400 ""
3473.423 90.1 1.203 -0.8 "" ""
3473.437 106.00113 0.992 -6.722 3.464 AX52R135
3473.439 27.0 1.954 -2.48 "" ""
3473.442 106.00113 0.992 -4.403 3.464 AX52Q135
3473.451 106.00112 0.735 -10.949 3.464 CX01Q145
3473.454 27.0 2.875 -3.18 "" ""
3473.482 106.00112 0.735 -3.987 3.464 CX01P155
3473.498 26.0 0.989 -3.68 "" ""
3473.517 106.00112 0.735 -4.001 3.464 CX01P145
3473.528 106.00113 0.992 -4.358 3.464 AX52Q145
3473.532 607.01214 2.402 -1.668 7.724 1210Pb0085
3473.533 106.00113 0.992 -6.502 3.464 AX52P145
3473.547 607.01214 2.402 -3.847 7.724 1210Qc0085
3473.55 26.0 2.829 -5.95 "" ""
3473.553 607.01214 2.402 -1.619 7.724 1210Pa0095
3473.594 106.00113 0.783 -10.931 3.464 CX01Q155
3473.615 24.0 2.707 -0.64 "" ""
3473.619 26.0 2.988 -2.94 "" ""
3473.621 607.01314 2.355 -3.892 7.724 1210Qc0085
3473.632 607.01314 2.355 -1.664 7.724 1210Pa0095
3473.663 20.0 4.128 -3.95 "" ""
3473.683 26.0 3.684 -1.07 "" ""
3473.7 66.1 0.93 -0.46 LAWLER ""
3473.727 106.00112 1.148 -8.598 3.464 AX20R265
3473.736 607.01314 2.355 -1.714 7.724 1210Pb0085
3473.752 44.0 1.32 -1.03 "" ""
3473.756 106.00112 1.263 -6.052 3.464 CX34R005
3473.889 73.0 1.236 -1.26 "" ""
3473.934 28.1 6.324 -6.47 "" ""
3473.937 26.0 3.414 -4.12 "" ""
3473.95 62.1 0.378 -1.6 LAWLER ""
3473.974 27.0 0.0 -1.4 LAWNHFS ""
3474.006 106.00113 0.992 -4.608 3.464 CX12P145
3474.033 25.1055 1.808 -2.504 LAWHFS ""
3474.033 25.1055 1.808 -2.601 LAWHFS ""
3474.034 106.00113 0.992 -4.598 3.464 CX12P135
3474.034 25.1055 1.808 -2.504 LAWHFS ""
3474.034 25.1055 1.808 -2.513 LAWHFS ""
3474.035 25.1055 1.808 -2.295 LAWHFS ""
3474.036 25.1055 1.808 -2.219 LAWHFS ""
3474.036 25.1055 1.808 -2.237 LAWHFS ""
3474.036 25.1055 1.808 -2.295 LAWHFS ""
3474.039 25.1055 1.808 -1.968 LAWHFS ""
3474.039 25.1055 1.808 -2.219 LAWHFS ""
3474.039 25.1055 1.808 -2.241 LAWHFS ""
3474.041 25.1055 1.808 -2.241 LAWHFS ""
3474.041 27.0 0.581 -0.06 LAWNHFS ""
3474.042 25.1055 1.808 -1.731 LAWHFS ""
3474.042 25.1055 1.808 -2.416 LAWHFS ""
3474.045 25.1055 1.808 -1.523 LAWHFS ""
3474.045 25.1055 1.808 -2.416 LAWHFS ""
3474.078 106.00112 1.0 -7.123 3.464 CX23P035
3474.102 106.00113 0.836 -3.982 3.464 CX01P175
3474.111 26.0 2.856 -5.06 "" ""
3474.12 25.1055 1.831 -2.079 LAWHFS ""
3474.12 25.1055 1.831 -2.225 LAWHFS ""
3474.12 25.1055 1.831 -2.255 LAWHFS ""
3474.127 25.1055 1.831 -1.815 LAWHFS ""
3474.127 25.1055 1.831 -1.963 LAWHFS ""
3474.128 25.1055 1.831 -2.447 LAWHFS ""
3474.13 607.01214 2.406 -1.619 7.724 1210Pb0095
3474.136 25.1055 1.831 -1.526 LAWHFS ""
3474.137 25.1055 1.831 -2.07 LAWHFS ""
3474.138 25.1055 1.831 -2.848 LAWHFS ""
3474.148 607.01214 2.406 -3.892 7.724 1210Qc0095
3474.155 607.01214 2.406 -1.574 7.724 1210Pa0105
3474.174 106.00113 0.837 -3.981 3.464 CX01P165
3474.182 607.01314 2.359 -3.937 7.724 1210Qc0095
3474.183 26.0 3.637 -3.76 "" ""
3474.187 67.1165 0.079 -0.473 LAWLER ""
3474.188 607.01314 2.359 -1.62 7.724 1210Pa0105
3474.192 42.0 2.932 -1.17 "" ""
3474.211 58.1 0.417 -0.94 "" ""
3474.212 23.0 2.357 -3.88 "" ""
3474.221 67.1165 0.079 -1.891 LAWLER ""
3474.222 67.1165 0.079 -0.53 LAWLER ""
3474.254 67.1165 0.079 -3.63 LAWLER ""
3474.255 67.1165 0.079 -0.588 LAWLER ""
3474.255 67.1165 0.079 -1.665 LAWLER ""
3474.26 106.00113 0.992 -9.968 3.464 CX12Q135
3474.265 26.0 2.448 -5.48 "" ""
3474.265 26.0 2.88 -3.62 "" ""
3474.266 66.1 1.528 0.14 "" ""
3474.276 27.0 3.189 -4.03 "" ""
3474.282 106.00113 0.992 -6.74 3.464 AX52R135
3474.284 25.0 3.769 -1.53 "" ""
3474.284 25.0 3.769 -4.13 "" ""
3474.285 67.1165 0.079 -0.648 LAWLER ""
3474.285 67.1165 0.079 -1.574 LAWLER ""
3474.285 67.1165 0.079 -3.258 LAWLER ""
3474.287 106.00113 0.992 -4.403 3.464 AX52Q135
3474.29 23.0 2.121 -3.06 "" ""
3474.297 607.01314 2.359 -1.665 7.724 1210Pb0095
3474.303 106.00112 1.056 -9.207 3.464 CX23Q065
3474.308 25.1 6.489 -2.25 "" ""
3474.311 67.1165 0.079 -0.709 LAWLER ""
3474.312 67.1165 0.079 -1.551 LAWLER ""
3474.313 67.1165 0.079 -3.084 LAWLER ""
3474.316 26.0 3.881 -3.56 "" ""
3474.32 106.00113 0.992 -4.359 3.464 AX52Q145
3474.325 106.00113 0.992 -6.487 3.464 AX52P145
3474.333 106.00112 1.056 -5.797 3.464 CX23P065
3474.335 67.1165 0.079 -0.772 LAWLER ""
3474.336 67.1165 0.079 -1.58 LAWLER ""
3474.338 67.1165 0.079 -3.03 LAWLER ""
3474.344 25.0 3.769 -2.6 "" ""
3474.355 67.1165 0.079 -0.835 LAWLER ""
3474.357 67.1165 0.079 -1.674 LAWLER ""
3474.358 67.1165 0.079 -3.093 LAWLER ""
3474.372 67.1165 0.079 -0.896 LAWLER ""
3474.374 24.0 3.011 -0.75 "" ""
3474.374 67.1165 0.079 -1.899 LAWLER ""
3474.376 67.1165 0.079 -3.351 LAWLER ""
3474.379 26.0 2.849 -3.65 "" ""
3474.386 106.00112 0.409 -6.533 3.464 CX01P055
3474.397 107.00114 1.088 -3.372 3.400 ""
3474.401 42.0 2.062 -1.61 "" ""
3474.46 106.00112 0.787 -10.931 3.464 CX01Q155
3474.469 106.00112 1.056 -5.968 3.464 CX23P075
3474.471 27.0 3.277 -1.02 "" ""
3474.481 106.00112 0.787 -3.981 3.464 CX01P165
3474.482 106.00113 0.837 -11.031 3.464 CX01Q165
3474.489 106.00113 1.14 -4.771 3.464 AX52R175
3474.507 106.00113 1.14 -4.76 3.464 AX52R165
3474.509 23.0 1.892 -4.18 "" ""
3474.512 106.00113 1.14 -6.595 3.464 AX52Q175
3474.515 20.0 5.014 -3.69 "" ""
3474.528 27.0 0.581 -2.26 LAWNHFS ""
3474.53 106.00112 0.787 -3.987 3.464 CX01P155
3474.556 106.00112 1.148 -7.866 3.464 AX30Q255
3474.569 29.0 5.519 -1.86 "" ""
3474.6 106.00112 1.148 -5.355 3.464 AX30P265
3474.606 22.1 4.965 -3.1 "" ""
3474.613 106.00113 1.261 -6.921 3.464 CX34Q015
3474.637 106.00113 1.261 -5.482 3.464 CX34R015
3474.64 106.00112 1.148 -5.459 3.464 AX30P255
3474.641 42.0 2.079 -1.41 "" ""
3474.695 23.0 1.948 -2.92 "" ""
3474.703 22.0 1.429 -4.01 "" ""
3474.749 24.1 4.778 -3.15 "" ""
3474.749 607.01214 2.411 -1.574 7.724 1210Pb0105
3474.757 107.00114 0.842 -3.462 3.400 ""
3474.761 607.01314 2.364 -3.977 7.724 1210Qc0105
3474.763 20.0 1.886 -1.71 LAWLER ""
3474.769 607.01314 2.364 -1.579 7.724 1210Pa0115
3474.771 45.0 0.43 -0.18 "" ""
3474.772 607.01214 2.411 -3.932 7.724 1210Qc0105
3474.78 607.01214 2.411 -1.533 7.724 1210Pa0115
3474.79 25.0 2.939 -7.13 "" ""
3474.824 106.00113 0.893 -3.992 3.464 CX01P185
3474.853 23.0 1.871 -2.5 "" ""
3474.864 24.0 3.011 -1.01 "" ""
3474.874 607.01314 2.364 -1.62 7.724 1210Pb0105
3474.889 38.1 3.037 -0.46 "" ""
3474.907 106.00113 0.893 -3.982 3.464 CX01P175
3474.908 26.0 2.883 -5.74 "" ""
3474.934 107.00114 1.088 -4.919 3.400 ""
3474.951 27.0 2.135 -3.97 "" ""
3474.963 106.00112 0.053 -7.374 3.464 AX20R055
3474.966 107.00114 1.088 -3.301 3.400 ""
3474.986 92.1 0.113 -1.33 "" ""
3475.008 26.0 3.879 -3.58 "" ""
3475.021 25.0 3.769 -2.8 "" ""
3475.021 25.0 3.769 -4.52 "" ""
3475.029 42.0 2.289 -0.59 "" ""
3475.03 21.0 2.0 -0.4 "" ""
3475.057 25.1 6.489 -3.29 "" ""
3475.087 106.00112 0.053 -7.355 3.464 AX20R055
3475.119 107.00114 0.842 -5.112 3.400 ""
3475.13 24.1 2.432 -1.62 Nilsson06 ""
3475.131 20.0 4.128 -4.65 "" ""
3475.132 106.00113 1.145 -8.526 3.464 AX20R265
3475.132 107.00114 0.842 -3.4 3.400 ""
3475.161 23.0 1.868 -2.48 "" ""
3475.169 28.0 3.462 -4.72 "" ""
3475.237 24.1 5.658 -1.28 "" ""
3475.242 106.00113 0.893 -11.319 3.464 CX01Q175
3475.254 26.1 1.694 -4.32 "" ""
3475.285 106.00112 0.996 -9.968 3.464 CX12Q135
3475.289 27.1 5.204 -6.92 "" ""
3475.299 26.0 2.607 -3.71 "" ""
3475.326 106.00112 0.996 -4.608 3.464 CX12P145
3475.331 106.00112 0.841 -11.031 3.464 CX01Q165
3475.339 106.00112 0.996 -4.598 3.464 CX12P135
3475.343 106.00112 0.841 -3.982 3.464 CX01P175
3475.36 607.01314 2.369 -4.013 7.724 1210Qc0115
3475.368 607.01314 2.369 -1.541 7.724 1210Pa0125
3475.391 607.01214 2.416 -1.533 7.724 1210Pb0115
3475.404 106.00112 0.841 -3.981 3.464 CX01P165
3475.418 607.01214 2.416 -3.968 7.724 1210Qc0115
3475.424 106.00113 0.952 -4.012 3.464 CX01P195
3475.427 607.01214 2.416 -1.495 7.724 1210Pa0125
3475.45 26.0 0.087 -1.05 OBR91 ""
3475.462 24.0 4.614 -3.07 "" ""
3475.467 21.0 2.318 -3.34 "" ""
3475.472 607.01314 2.369 -1.579 7.724 1210Pb0115
3475.518 106.00113 0.953 -3.992 3.464 CX01P185
3475.526 42.0 2.497 -1.44 "" ""
3475.528 23.0 2.606 -7.22 "" ""
3475.564 24.1 4.984 -3.16 "" ""
3475.569 23.0 1.063 -2.72 "" ""
3475.578 41.0 1.608 -0.4 "" ""
3475.65 26.0 2.174 -1.11 OBR91 ""
3475.667 58.1 0.232 -1.31 BIEMONT ""
3475.707 26.0 3.881 -3.46 "" ""
3475.739 26.1 1.669 -3.75 "" ""
3475.752 23.0 2.503 -3.76 "" ""
3475.761 22.0 2.115 -5.87 "" ""
3475.763 25.0 3.761 -1.5 "" ""
3475.788 23.1 2.898 -3.7 "" ""
3475.83 74.0 1.507 -0.93 "" ""
3475.857 106.00112 1.265 -5.482 3.464 CX34R015
3475.858 22.1 4.906 -4.3 "" ""
3475.863 26.0 2.431 -1.85 BEL17 ""
3475.869 106.00112 1.265 -6.921 3.464 CX34Q015
3475.876 26.0 2.843 -3.5 "" ""
3475.88 106.00113 0.953 -12.22 3.464 CX01Q185
3475.914 106.00113 1.014 -4.045 3.464 CX01P205
3475.932 106.00113 1.038 -4.636 3.464 CX12P155
3475.974 106.00113 1.038 -4.608 3.464 CX12P145
3475.977 607.01314 2.374 -4.046 7.724 1210Qc0125
3475.985 607.01314 2.374 -1.506 7.724 1210Pa0135
3475.994 29.0 5.519 -0.42 "" ""
3475.995 20.0 3.907 -4.73 "" ""
3476.004 26.0 3.639 -4.28 "" ""
3476.006 22.0 2.101 -4.5 "" ""
3476.009 27.0 1.739 -4.51 "" ""
3476.018 106.00113 1.014 -4.012 3.464 CX01P195
3476.025 23.0 1.802 -3.34 "" ""
3476.025 25.0 4.602 -3.67 "" ""
3476.035 25.0 3.376 -4.68 "" ""
3476.039 22.0 1.872 -3.36 "" ""
3476.056 607.01214 2.422 -1.495 7.724 1210Pb0125
3476.072 106.00112 0.898 -11.319 3.464 CX01Q175
3476.075 106.00112 0.898 -3.992 3.464 CX01P185
3476.087 607.01214 2.422 -4.001 7.724 1210Qc0125
3476.087 607.01314 2.374 -1.541 7.724 1210Pb0125
3476.099 607.01214 2.422 -1.46 7.724 1210Pa0135
3476.115 106.00113 1.077 -5.967 3.464 CX23P075
3476.134 23.0 1.08 -2.66 "" ""
3476.148 106.00112 0.898 -3.982 3.464 CX01P175
3476.177 106.00112 1.151 -8.526 3.464 AX20R265
3476.195 106.00113 1.077 -6.177 3.464 CX23P085
3476.211 106.00113 1.077 -9.088 3.464 CX23Q075
3476.222 106.00113 1.038 -9.716 3.464 CX12Q145
3476.242 23.1 2.263 -1.91 "" ""
3476.28 106.00112 0.806 -7.403 3.464 AX52P085
3476.3 23.1 2.266 -4.93 "" ""
3476.3 70.1 0.0 -2.5 "" ""
3476.304 106.00113 1.078 -4.092 3.464 CX01P215
3476.311 26.0 2.277 -2.22 "" ""
3476.314 64.1 1.275 -0.15 "" ""
3476.319 27.1 5.065 -1.94 "" ""
3476.321 28.0 3.396 -4.48 "" ""
3476.344 26.0 3.6 -0.47 "" ""
3476.35 27.0 3.25 -0.19 "" ""
3476.367 23.0 2.682 -0.77 "" ""
3476.384 22.0 2.115 -3.52 "" ""
3476.408 106.00113 1.014 -11.794 3.464 CX01Q195
3476.417 106.00113 1.079 -4.045 3.464 CX01P205
3476.419 24.0 3.847 -3.46 "" ""
3476.436 22.0 1.066 -1.66 LAWLER ""
3476.441 75.0 1.866 -0.44 "" ""
3476.45 77.0 0.783 -1.94 "" ""
3476.471 23.0 2.606 -3.38 "" ""
3476.505 106.00113 1.309 -8.036 3.464 AX52R205
3476.54 90.1 0.83 -0.94 "" ""
3476.569 106.00112 0.873 -4.902 3.464 AX52P105
3476.573 106.00112 0.873 -6.591 3.464 AX52Q105
3476.589 24.1 4.747 -4.2 "" ""
3476.608 106.00113 1.145 -4.158 3.464 CX01P225
3476.612 607.01314 2.38 -4.076 7.724 1210Qc0135
3476.617 28.0 3.696 -0.36 "" ""
3476.62 607.01314 2.38 -1.473 7.724 1210Pa0145
3476.643 26.0 3.289 -2.49 "" ""
3476.649 23.0 2.741 -3.41 "" ""
3476.663 23.0 2.129 -2.86 "" ""
3476.67 106.00112 0.807 -7.43 3.464 AX52P085
3476.675 27.1 2.234 -3.37 "" ""
3476.685 106.00112 0.958 -4.012 3.464 CX01P195
3476.688 22.0 2.425 -4.37 "" ""
3476.69 106.00112 0.958 -12.22 3.464 CX01Q185
3476.69 69.0 1.625 0.7 "" ""
3476.697 106.00112 0.873 -4.839 3.464 AX52P115
3476.702 26.0 0.121 -1.51 OBR91 ""
3476.709 28.0 3.594 -2.29 "" ""
3476.719 607.01314 2.38 -1.506 7.724 1210Pb0135
3476.73 106.00113 1.146 -4.092 3.464 CX01P215
3476.748 607.01214 2.428 -1.46 7.724 1210Pb0135
3476.758 78.0 0.81 -2.8 DH05nohfs ""
3476.76 26.0 3.045 -3.4 "" ""
3476.77 106.00112 0.958 -3.992 3.464 CX01P185
3476.78 607.01214 2.428 -4.032 7.724 1210Qc0135
3476.79 55.0 0.0 -2.47 "" ""
3476.797 607.01214 2.428 -1.427 7.724 1210Pa0145
3476.81 106.00113 0.052 -7.373 3.464 AX20R055
3476.818 42.0 2.274 -1.56 "" ""
3476.836 58.1 1.318 0.76 "" ""
3476.837 106.00113 1.079 -10.789 3.464 CX01Q205
3476.843 106.00113 1.214 -4.25 3.464 CX01P235
3476.847 28.0 3.477 -1.5 "" ""
3476.854 26.0 2.586 -1.28 "" ""
3476.857 24.1 5.666 -6.05 "" ""
3476.865 26.0 3.881 -3.2 "" ""
3476.933 106.00113 0.052 -7.354 3.464 AX20R055
3476.963 22.1 0.151 -2.2 LAWLER ""
3476.972 106.00113 1.215 -4.158 3.464 CX01P225
3477.004 26.0 2.422 -2.85 "" ""
3477.025 106.00113 1.286 -4.377 3.464 CX01P245
3477.052 106.00112 1.151 -5.355 3.464 AX30P265
3477.07 66.1 0.59 -0.08 LAWLER ""
3477.096 106.00112 1.151 -7.906 3.464 AX30Q255
3477.129 106.00112 0.874 -4.902 3.464 AX52P105
3477.134 106.00112 0.874 -6.61 3.464 AX52Q105
3477.136 75.0 3.365 0.1 "" ""
3477.151 24.0 3.009 -0.98 "" ""
3477.152 24.0 3.847 -1.73 "" ""
3477.161 106.00113 1.286 -4.25 3.464 CX01P235
3477.18 106.00112 1.151 -5.459 3.464 AX30P255
3477.18 22.1 0.122 -0.95 LAWLER ""
3477.181 106.00113 1.146 -10.236 3.464 CX01Q215
3477.184 106.00112 1.02 -4.045 3.464 CX01P205
3477.197 106.00112 1.02 -11.794 3.464 CX01Q195
3477.215 23.1 2.599 -0.62 "" ""
3477.216 106.00112 0.874 -4.839 3.464 AX52P115
3477.229 73.0 1.907 -0.59 "" ""
3477.237 106.00112 1.043 -9.716 3.464 CX12Q145
3477.254 24.0 3.119 -1.72 "" ""
3477.266 607.01314 2.386 -4.104 7.724 1210Qc0145
3477.267 106.00112 1.043 -4.635 3.464 CX12P155
3477.276 607.01314 2.386 -1.442 7.724 1210Pa0155
3477.279 106.00112 1.02 -4.012 3.464 CX01P195
3477.295 106.00112 1.043 -4.608 3.464 CX12P145
3477.352 24.0 4.2 -2.41 "" ""
3477.352 26.0 2.883 -3.45 "" ""
3477.371 607.01314 2.386 -1.473 7.724 1210Pb0145
3477.386 58.1 0.608 -1.08 "" ""
3477.396 106.00112 1.081 -9.088 3.464 CX23Q075
3477.398 25.0 3.376 -5.18 "" ""
3477.404 21.0 2.336 -1.52 "" ""
3477.419 62.0 0.036 -1.91 "" ""
3477.43 106.00112 1.081 -5.967 3.464 CX23P075
3477.438 73.0 1.209 -0.95 "" ""
3477.447 58.1 0.875 -0.71 "" ""
3477.456 106.00113 1.215 -9.83 3.464 CX01Q225
3477.469 607.01214 2.434 -1.428 7.724 1210Pb0145
3477.495 23.1 2.274 -1.3 LAWNOHFS ""
3477.497 607.01214 2.434 -4.06 7.724 1210Qc0145
3477.525 607.01214 2.434 -1.397 7.724 1210Pa0155
3477.533 106.00112 1.081 -6.177 3.464 CX23P085
3477.539 106.00113 0.749 -7.128 3.464 CX12P065
3477.583 106.00112 1.085 -4.092 3.464 CX01P215
3477.602 106.00112 1.085 -10.789 3.464 CX01Q205
3477.609 107.00114 1.231 -5.242 3.400 ""
3477.629 27.0 3.168 -3.31 "" ""
3477.68 106.00113 1.286 -9.499 3.464 CX01Q235
3477.687 106.00112 1.085 -4.044 3.464 CX01P205
3477.704 90.1 1.902 -0.26 "" ""
3477.735 23.0 2.364 -2.4 "" ""
3477.75 106.00113 0.836 -8.059 3.464 AX41P165
3477.761 45.1 3.444 0.0 "" ""
3477.764 77.0 1.311 -1.69 "" ""
3477.819 23.0 1.871 -7.5 "" ""
3477.823 106.00113 1.087 -4.684 3.464 CX12P165
3477.832 27.0 3.213 -0.15 "" ""
3477.851 26.0 2.221 -2.12 "" ""
3477.865 22.0 2.133 -3.17 "" ""
3477.879 106.00113 1.087 -4.636 3.464 CX12P155
3477.879 28.0 3.603 -0.21 "" ""
3477.896 106.00112 1.152 -4.158 3.464 CX01P225
3477.9 25.0 2.141 -6.83 "" ""
3477.921 106.00112 1.152 -10.235 3.464 CX01Q215
3477.928 66.1 2.576 0.78 "" ""
3477.939 607.01314 2.392 -4.13 7.724 1210Qc0155
3477.95 106.00113 1.31 -7.979 3.464 AX52R205
3477.95 607.01314 2.392 -1.413 7.724 1210Pa0165
3477.96 24.0 3.102 -4.18 "" ""
3477.979 26.0 3.651 -4.36 "" ""
3478.009 106.00112 1.152 -4.092 3.464 CX01P215
3478.044 607.01314 2.392 -1.442 7.724 1210Pb0155
3478.05 62.1 0.277 -2.27 LAWLER ""
3478.055 106.00113 1.258 -5.591 3.464 CX34Q005
3478.069 106.00113 1.258 -6.053 3.464 CX34R005
3478.086 24.0 3.085 -4.2 "" ""
3478.099 23.0 2.706 -3.51 "" ""
3478.131 90.1 1.14 -0.75 "" ""
3478.138 106.00112 1.222 -4.249 3.464 CX01P235
3478.149 106.00113 1.087 -9.491 3.464 CX12Q155
3478.161 106.00113 1.142 -7.865 3.464 AX30Q255
3478.17 106.00112 1.222 -9.829 3.464 CX01Q225
3478.172 24.1 4.741 -2.81 "" ""
3478.174 106.00113 1.214 -7.38 3.464 AX41R225
3478.177 106.00113 1.142 -5.458 3.464 AX30P255
3478.195 106.00113 1.142 -5.354 3.464 AX30P265
3478.214 106.00113 1.214 -4.454 3.464 AX41Q235
