wavelength species excitation loggf disassociation_energy comment
3786.175 42.0 2.062 -1.93 "" ""
3786.18 66.1 0.1 -0.4 LAWLER ""
3786.187 26.0 2.829 -0.9 "" ""
3786.192 106.00112 1.173 -10.417 3.464 CX13Q105
3786.216 24.0 2.707 -1.53 "" ""
3786.221 41.0 0.348 -1.46 "" ""
3786.223 106.00112 1.08 -6.928 3.464 AX53P075
3786.231 106.00113 0.731 -6.517 3.464 AX21R155
3786.242 106.00112 1.173 -5.416 3.464 CX13P105
3786.254 22.0 1.886 -1.48 "" ""
3786.284 106.00112 1.173 -5.378 3.464 CX13P115
3786.323 22.1 0.607 -2.6 LAWLER ""
3786.329 58.1 0.529 -0.46 BIEMONT ""
3786.37 26.1 2.34 -5.58 "" ""
3786.373 74.0 2.107 -0.91 "" ""
3786.379 42.1 3.98 -1.0 "" ""
3786.397 25.1 6.9 -4.56 "" ""
3786.413 22.0 1.732 -4.72 "" ""
3786.499 26.0 2.947 -8.41 "" ""
3786.545 20.0 5.685 -1.68 "" ""
3786.568 92.1 1.056 -0.67 "" ""
3786.581 15.1 9.51 1.28 "" ""
3786.582 106.00112 1.081 -6.952 3.464 AX53P075
3786.611 106.00113 1.302 -7.582 3.464 CX24P045
3786.624 106.00112 1.442 -6.967 3.464 AX31Q255
3786.63 23.0 2.682 -5.69 "" ""
3786.632 58.1 0.175 -0.36 LAWLER ""
3786.647 106.00112 1.539 -5.658 3.464 CX13P195
3786.654 106.00112 1.539 -12.55 3.464 CX13Q185
3786.661 22.0 2.66 -3.36 "" ""
3786.668 106.00113 0.125 -9.398 3.464 AX10R085
3786.676 106.00112 1.442 -4.016 3.464 AX31P265
3786.677 26.0 1.01 -2.19 OBR91 ""
3786.72 106.00113 1.438 -5.793 3.464 AX21R265
3786.725 106.00112 1.442 -4.006 3.464 AX31P255
3786.729 22.0 0.899 -2.74 "" ""
3786.732 22.0 2.173 -5.93 "" ""
3786.742 106.00112 1.539 -5.514 3.464 CX13P185
3786.743 26.0 3.428 -3.14 "" ""
3786.826 66.0 1.672 0.68 "" ""
3786.826 92.0 0.774 0.24 "" ""
3786.827 607.01214 3.09 -5.52 7.724 1413Qc0155
3786.828 25.0 4.602 -1.12 "" ""
3786.835 607.01214 3.09 -2.986 7.724 1413Pb0155
3786.836 68.1 0.0 -0.52 LAWLER ""
3786.869 607.01214 3.09 -2.927 7.724 1413Pa0165
3786.882 90.1 0.908 -1.42 "" ""
3786.904 106.00112 1.443 -5.02 3.464 CX02P225
3786.904 106.00113 1.223 -7.551 3.464 AX20P265
3786.915 106.00112 0.672 -5.899 3.464 CX02P025
3786.934 106.00112 1.443 -10.363 3.464 CX02Q215
3786.958 106.00112 1.209 -10.446 3.464 CX13Q115
3786.967 106.00113 1.451 -5.354 3.464 CX24P105
3786.98 106.00113 1.451 -5.264 3.464 CX24P115
3786.982 24.0 3.32 -2.63 "" ""
3787.013 106.00112 1.209 -5.378 3.464 CX13P115
3787.015 69.0 2.039 0.1 "" ""
3787.028 106.00113 0.125 -9.37 3.464 AX10R085
3787.031 106.00113 0.679 -5.896 3.464 CX02P025
3787.033 106.00112 1.209 -5.35 3.464 CX13P125
3787.037 106.00112 1.443 -5.016 3.464 CX02P215
3787.06 41.0 0.019 -0.37 "" ""
3787.077 106.00113 0.679 -9.574 3.464 CX02Q025
3787.091 106.00113 0.64 -4.935 3.464 BX10R195
3787.132 106.00113 1.451 -9.046 3.464 CX24Q105
3787.136 26.0 4.073 -1.46 "" ""
3787.138 23.0 1.871 -0.7 LAWNOHFS ""
3787.15 64.0 0.0 -1.04 "" ""
3787.151 23.1 6.141 -2.38 "" ""
3787.156 23.0 0.0 -3.8 "" ""
3787.158 106.00112 1.484 -11.822 3.464 CX13Q175
3787.16 106.00112 1.484 -5.514 3.464 CX13P185
3787.164 26.0 3.637 -0.96 "" ""
3787.186 106.00113 1.168 -4.556 3.464 AX53P105
3787.2 62.1 0.04 -1.58 LAWLER ""
3787.208 106.00113 1.168 -6.685 3.464 AX53Q105
3787.21 106.00113 1.088 -6.963 3.464 AX42P155
3787.222 25.0 4.265 -3.56 "" ""
3787.222 27.0 2.716 -3.44 "" ""
3787.226 607.01214 1.145 0.387 7.724 0000Rb0695
3787.235 27.0 3.229 -5.15 "" ""
3787.235 65.1 0.373 -0.09 "" ""
3787.235 92.1 0.652 -0.87 "" ""
3787.239 23.1 2.52 -0.59 LAWNOHFS ""
3787.241 106.00112 1.484 -5.424 3.464 CX13P175
3787.245 106.00113 0.577 -1.932 3.464 BX10R175
3787.258 66.1 1.652 -0.15 "" ""
3787.299 607.01214 1.145 -3.616 7.724 0000Qd0705
3787.327 106.00113 0.577 -7.224 3.464 BX10Q185
3787.341 27.0 2.628 -2.17 LAWNHFS ""
3787.345 106.00113 1.168 -4.549 3.464 AX53P115
3787.352 106.00113 0.732 -6.47 3.464 AX21R155
3787.373 72.0 2.277 -0.41 "" ""
3787.375 68.1 1.368 -0.71 LAWLER ""
3787.389 106.00113 0.577 -1.909 3.464 BX10R185
3787.392 106.00113 1.371 -5.017 3.464 CX02P215
3787.446 25.0 4.255 -2.03 "" ""
3787.458 58.1 1.455 -0.42 "" ""
3787.468 24.0 3.836 -3.61 "" ""
3787.469 106.00112 1.424 -9.111 3.464 CX24Q095
3787.476 41.0 0.267 -1.84 "" ""
3787.489 106.00112 1.248 -10.495 3.464 CX13Q125
3787.494 106.00113 1.371 -5.02 3.464 CX02P205
3787.521 106.00112 1.424 -5.438 3.464 CX24P095
3787.522 75.0 1.866 -1.03 "" ""
3787.538 106.00113 0.679 -5.812 3.464 CX02P035
3787.539 23.0 1.891 -2.55 "" ""
3787.548 106.00112 1.248 -5.333 3.464 CX13P135
3787.548 106.00112 1.248 -5.35 3.464 CX13P125
3787.552 106.00112 1.432 -11.164 3.464 CX13Q165
3787.564 106.00112 1.432 -5.424 3.464 CX13P175
3787.566 58.1 0.326 -1.08 "" ""
3787.57 64.1 0.492 -0.32 LAWLER ""
3787.57 65.1 0.641 -0.89 LAWNOHFS ""
3787.574 106.00112 1.424 -5.354 3.464 CX24P105
3787.626 22.0 0.021 -3.46 LAWLER ""
3787.631 106.00112 1.432 -5.369 3.464 CX13P165
3787.72 66.1 1.22 -1.15 LAWLER ""
3787.744 106.00112 1.091 -6.916 3.464 AX42P155
3787.749 607.01214 3.097 -5.511 7.724 1413Qc0165
3787.758 607.01214 3.097 -2.927 7.724 1413Pb0165
3787.779 23.1 4.732 -4.02 "" ""
3787.788 106.00113 0.669 -7.015 3.464 CX02P015
3787.79 24.0 3.32 -2.57 "" ""
3787.792 24.1 2.541 -4.07 "" ""
3787.794 607.01214 3.097 -2.868 7.724 1413Pa0175
3787.796 106.00112 1.29 -10.57 3.464 CX13Q135
3787.807 106.00112 1.382 -10.862 3.464 CX13Q155
3787.829 106.00112 1.382 -5.369 3.464 CX13P165
3787.831 26.0 3.94 -4.35 "" ""
3787.836 106.00113 1.169 -4.556 3.464 AX53P105
3787.842 106.00112 1.29 -5.328 3.464 CX13P145
3787.849 21.0 2.606 -1.83 "" ""
3787.858 106.00113 1.169 -6.704 3.464 AX53Q105
3787.86 106.00112 1.29 -5.332 3.464 CX13P135
3787.865 106.00112 1.23 -7.551 3.464 AX20P265
3787.866 68.1 2.211 1.16 "" ""
3787.871 23.0 1.349 -2.52 "" ""
3787.88 26.0 1.01 -0.84 OBR91 ""
3787.881 106.00112 1.382 -5.339 3.464 CX13P155
3787.896 106.00112 1.335 -10.684 3.464 CX13Q145
3787.896 26.1 1.963 -5.68 "" ""
3787.903 58.1 0.122 -0.98 LAWLER ""
3787.923 106.00112 1.567 -8.039 3.464 CX35Q035
3787.929 106.00112 1.335 -5.339 3.464 CX13P155
3787.935 26.0 4.073 -0.84 "" ""
3787.943 106.00112 1.567 -4.476 3.464 CX35P035
3787.953 106.00113 1.169 -4.549 3.464 AX53P115
3787.965 106.00112 1.335 -5.328 3.464 CX13P145
3787.974 26.0 4.073 -1.12 "" ""
3787.993 106.00113 1.371 -10.362 3.464 CX02Q205
3788.039 26.0 4.073 -0.66 "" ""
3788.044 22.0 2.406 -4.45 "" ""
3788.059 26.0 4.073 -0.33 "" ""
3788.089 24.0 4.204 -1.96 "" ""
3788.11 20.0 2.707 -2.77 "" ""
3788.12 62.1 0.248 -0.54 LAWLER ""
3788.161 92.0 0.742 0.11 "" ""
3788.177 24.0 4.204 -1.79 "" ""
3788.196 22.0 2.159 -7.12 "" ""
3788.203 26.0 3.879 -4.18 "" ""
3788.205 58.1 0.6 -1.16 "" ""
3788.254 42.0 3.245 -0.25 "" ""
3788.258 106.00112 1.567 -4.421 3.464 CX35P045
3788.261 106.00113 1.513 -5.8 3.464 AX21R275
3788.335 106.00113 1.55 -5.873 3.464 CX35P025
3788.359 90.1 0.556 -1.92 "" ""
3788.43 26.0 4.073 -0.56 "" ""
3788.431 106.00112 1.445 -5.793 3.464 AX21R265
3788.436 23.0 1.871 -2.32 "" ""
3788.44 66.1 0.1 -0.57 LAWLER ""
3788.452 21.0 1.427 -8.4 "" ""
3788.474 27.0 3.565 -3.83 "" ""
3788.475 45.0 0.701 -0.75 "" ""
3788.495 23.0 2.267 -3.41 "" ""
3788.56 22.0 1.732 -4.84 "" ""
3788.617 106.00112 0.686 -6.58 3.464 AX21R145
3788.622 106.00113 1.576 -4.418 3.464 CX35P045
3788.673 106.00113 1.576 -7.946 3.464 CX35Q045
3788.69 39.1 0.104 0.08 Biemont11 ""
3788.702 607.01214 3.104 -5.499 7.724 1413Qc0175
3788.71 607.01214 3.104 -2.868 7.724 1413Pb0175
3788.746 58.1 0.47 -0.3 LAWLER ""
3788.749 607.01214 3.104 -2.809 7.724 1413Pa0185
3788.759 63.1 3.358 0.08 "" ""
3788.799 22.0 0.048 -2.97 LAWLER ""
3788.811 28.0 3.703 -1.58 "" ""
3788.822 106.00112 1.15 -7.134 3.464 AX31P215
3788.834 106.00113 1.576 -4.362 3.464 CX35P055
3788.859 24.0 3.008 -0.48 "" ""
3788.929 106.00113 1.012 -7.7 3.464 CX13P045
3788.978 607.01214 1.113 0.386 7.724 0000Ra0695
3789.031 106.00112 1.092 -6.962 3.464 AX42P155
3789.045 607.01214 1.113 0.38 7.724 0000Rb0685
3789.07 23.0 1.892 -3.44 "" ""
3789.08 106.00113 1.486 -5.167 3.464 CX24P125
3789.08 24.0 2.542 -4.18 "" ""
3789.08 25.1 6.806 -5.39 "" ""
3789.081 27.0 3.252 -6.16 "" ""
3789.089 106.00113 1.486 -5.263 3.464 CX24P115
3789.091 106.00113 0.313 -4.728 3.464 BX10P125
3789.11 76.0 1.84 -1.19 "" ""
3789.117 607.01214 1.113 -3.61 7.724 0000Qd0695
3789.118 90.1 0.231 -1.26 Nils02/11 ""
3789.176 26.0 2.725 -1.33 BEL17 ""
3789.252 106.00112 1.306 -7.582 3.464 CX24P045
3789.272 106.00113 1.486 -8.978 3.464 CX24Q115
3789.294 22.0 1.459 -0.56 LAWLER ""
3789.307 26.0 2.277 -5.52 "" ""
3789.307 26.0 2.69 -1.39 "" ""
3789.327 26.0 3.639 -4.12 "" ""
3789.334 27.0 3.62 -1.35 "" ""
3789.416 106.00112 0.681 -9.573 3.464 CX02Q025
3789.431 106.00112 0.681 -5.895 3.464 CX02P025
3789.439 24.0 3.32 -4.12 "" ""
3789.47 106.00112 1.445 -4.016 3.464 AX31P265
3789.472 24.0 2.543 -1.91 "" ""
3789.495 41.0 0.267 -1.84 "" ""
3789.51 24.0 2.543 -2.06 "" ""
3789.52 106.00112 1.445 -7.007 3.464 AX31Q255
3789.524 25.1 5.433 -2.41 "" ""
3789.569 12.0 4.343 -2.0 "" ""
3789.574 26.0 2.607 -2.81 "" ""
3789.616 106.00112 0.687 -6.535 3.464 AX21R145
3789.621 106.00112 1.445 -4.007 3.464 AX31P255
3789.651 106.00112 1.456 -9.046 3.464 CX24Q105
3789.672 24.0 4.201 -3.13 "" ""
3789.684 607.01214 3.112 -5.486 7.724 1413Qc0185
3789.694 607.01214 3.112 -2.81 7.724 1413Pb0185
3789.709 106.00112 1.456 -5.354 3.464 CX24P105
3789.719 26.0 4.1 -2.71 "" ""
3789.724 24.0 0.968 -2.19 "" ""
3789.727 22.0 2.693 -2.18 "" ""
3789.734 607.01214 3.112 -2.751 7.724 1413Pa0195
3789.735 26.0 4.151 -2.27 "" ""
3789.737 106.00112 0.314 -4.728 3.464 BX10P125
3789.737 106.00112 1.456 -5.263 3.464 CX24P115
3789.744 106.00112 1.378 -5.016 3.464 CX02P215
3789.745 25.0 2.939 -4.5 "" ""
3789.767 106.00112 1.378 -10.362 3.464 CX02Q205
3789.816 26.0 3.366 -1.23 "" ""
3789.835 106.00113 0.683 -6.58 3.464 AX21R145
3789.868 106.00112 1.378 -5.019 3.464 CX02P205
3789.904 106.00113 0.692 -5.81 3.464 CX02P035
3789.905 26.0 3.981 -3.11 "" ""
3789.907 23.0 1.929 -3.08 "" ""
3789.955 106.00112 0.681 -5.811 3.464 CX02P035
3789.969 106.00113 0.692 -10.288 3.464 CX02Q035
3789.972 106.00113 1.309 -5.02 3.464 CX02P205
3790.025 106.00113 1.145 -7.134 3.464 AX31P215
3790.044 106.00113 1.226 -7.624 3.464 AX20P265
3790.065 106.00113 1.31 -5.03 3.464 CX02P195
3790.068 23.0 2.682 -6.8 "" ""
3790.093 26.0 0.989 -1.74 OBR91 ""
3790.101 24.0 2.706 -7.04 "" ""
3790.11 76.0 1.84 -0.31 "" ""
3790.133 41.0 0.13 -0.28 "" ""
3790.136 24.0 4.093 -3.09 "" ""
3790.151 26.0 4.188 -2.93 "" ""
3790.171 106.00112 0.671 -7.014 3.464 CX02P015
3790.207 25.0 2.113 -0.92 "" ""
3790.209 92.1 0.717 -1.01 "" ""
3790.222 24.0 3.009 -0.91 "" ""
3790.238 26.0 2.557 -2.97 "" ""
3790.248 24.0 3.32 -4.23 "" ""
3790.27 106.00113 0.692 -5.725 3.464 CX02P045
3790.305 22.0 2.159 -4.79 "" ""
3790.318 23.0 2.573 -3.51 "" ""
3790.323 92.1 0.113 -1.6 "" ""
3790.324 23.0 0.275 -0.83 LAWNOHFS ""
3790.339 58.1 0.736 -1.28 "" ""
3790.374 26.1 7.123 -3.96 "" ""
3790.405 106.00113 1.435 -6.966 3.464 AX31Q255
3790.41 26.0 3.881 -3.49 "" ""
3790.424 106.00113 1.435 -4.006 3.464 AX31P255
3790.439 106.00113 1.435 -4.015 3.464 AX31P265
3790.445 106.00113 1.477 -3.799 3.464 AX53R175
3790.449 24.0 3.009 -0.45 "" ""
3790.45 24.0 4.102 -2.11 "" ""
3790.46 23.0 1.375 -0.41 "" ""
3790.477 106.00113 1.477 -3.591 3.464 AX53R185
3790.477 28.0 3.703 -1.58 "" ""
3790.495 26.0 3.394 -1.76 "" ""
3790.507 24.0 3.432 -1.09 "" ""
3790.511 106.00113 1.477 -6.552 3.464 AX53Q185
3790.515 44.0 0.259 -0.2 "" ""
3790.529 106.00113 1.31 -10.37 3.464 CX02Q195
3790.646 23.0 2.129 -4.59 "" ""
3790.65 64.0 0.027 -0.94 "" ""
3790.655 26.0 3.036 -1.53 DEN14 ""
3790.667 28.0 3.655 -3.88 "" ""
3790.683 27.0 3.295 -5.57 "" ""
3790.698 607.01214 3.12 -5.471 7.724 1413Qc0195
3790.708 607.01214 3.12 -2.751 7.724 1413Pb0195
3790.725 76.0 1.84 -0.86 "" ""
3790.743 26.0 2.482 -4.37 "" ""
3790.75 607.01214 3.12 -2.693 7.724 1413Pa0205
3790.754 26.0 2.174 -1.84 OBR91 ""
3790.765 25.1 7.047 -7.29 "" ""
3790.783 607.01214 1.082 0.38 7.724 0000Ra0685
3790.785 106.00113 1.105 -6.953 3.464 AX53P085
3790.795 90.0 0.966 -0.04 "" ""
3790.819 57.1139 0.126 -1.514 Lawle01HFS ""
3790.819 57.1139 0.126 -1.66 Lawle01HFS ""
3790.82 57.1139 0.126 -1.155 Lawle01HFS ""
3790.82 57.1139 0.126 -1.338 Lawle01HFS ""
3790.82 57.1139 0.126 -1.417 Lawle01HFS ""
3790.82 57.1139 0.126 -1.894 Lawle01HFS ""
3790.82 57.1139 0.126 -2.312 Lawle01HFS ""
3790.821 57.1139 0.126 -1.096 Lawle01HFS ""
3790.821 57.1139 0.126 -1.639 Lawle01HFS ""
3790.822 57.1139 0.126 -1.13 Lawle01HFS ""
3790.822 57.1139 0.126 -1.221 Lawle01HFS ""
3790.823 57.1139 0.126 -0.95 Lawle01HFS ""
3790.823 57.1139 0.126 -1.312 Lawle01HFS ""
3790.824 57.1139 0.126 -0.743 Lawle01HFS ""
3790.826 57.1139 0.126 -0.572 Lawle01HFS ""
3790.827 106.00113 0.684 -6.535 3.464 AX21R145
3790.85 607.01214 1.082 0.374 7.724 0000Rb0675
3790.879 58.1 0.892 -0.83 "" ""
3790.893 26.0 4.151 -1.49 "" ""
3790.921 607.01214 1.082 -3.604 7.724 0000Qd0685
3791.002 58.1 0.529 -1.72 LAWLER ""
3791.034 68.1 0.891 -2.19 LAWLER ""
3791.046 106.00112 1.555 -5.873 3.464 CX35P025
3791.048 106.00112 1.233 -7.624 3.464 AX20P265
3791.048 21.0 4.524 -3.04 "" ""
3791.054 21.0 2.301 -2.34 "" ""
3791.083 106.00112 1.152 -7.196 3.464 AX31P215
3791.084 25.0 4.824 -1.33 "" ""
3791.109 26.0 3.412 -2.19 "" ""
3791.11 24.0 2.707 -2.62 "" ""
3791.147 106.00112 1.521 -5.799 3.464 AX21R275
3791.159 68.0 1.068 0.18 "" ""
3791.17 106.00113 1.523 -5.064 3.464 CX24P135
3791.17 64.1 1.25 0.13 LAWLER ""
3791.185 21.0 1.994 -1.39 "" ""
3791.194 24.0 2.708 -1.5 "" ""
3791.2 106.00113 1.523 -5.166 3.464 CX24P125
3791.204 41.0 0.13 0.14 "" ""
3791.219 58.1 0.553 -1.61 LAWLER ""
3791.229 106.00113 1.105 -6.98 3.464 AX53P085
3791.249 106.00113 1.516 -5.726 3.464 AX21R275
3791.275 24.1 7.38 -1.71 "" ""
3791.297 90.1 1.434 -0.9 "" ""
3791.317 23.0 0.017 -2.76 LAWNOHFS ""
3791.339 22.1 5.008 -3.45 "" ""
3791.352 106.00112 1.581 -7.946 3.464 CX35Q045
3791.374 24.0 3.009 -0.28 "" ""
3791.378 106.00112 1.581 -4.417 3.464 CX35P045
3791.398 40.0 0.071 -0.78 "" ""
3791.401 106.00113 1.523 -8.904 3.464 CX24Q125
3791.428 23.0 2.682 -4.56 "" ""
3791.461 26.0 4.1 -3.3 "" ""
3791.466 106.00112 1.016 -7.699 3.464 CX13P045
3791.47 60.1 0.38 -1.62 LAWLER ""
3791.506 26.0 2.557 -2.1 "" ""
3791.511 63.1 1.319 -1.59 "" ""
3791.544 27.1 5.462 -4.48 "" ""
3791.544 68.0 1.158 0.18 "" ""
3791.55 22.0 2.693 -1.77 "" ""
3791.582 20.0 2.707 -8.38 "" ""
3791.615 106.00112 1.581 -4.362 3.464 CX35P055
3791.661 20.0 2.707 -7.13 "" ""
3791.682 58.1 0.904 -0.64 BIEMONT ""
3791.72 64.1 0.556 -1.27 LAWLER ""
3791.741 25.0 4.35 -2.55 "" ""
3791.742 26.0 3.414 -1.39 "" ""
3791.742 607.01214 3.129 -5.454 7.724 1413Qc0205
3791.745 70.0 2.229 -0.62 "" ""
3791.753 607.01214 3.129 -2.693 7.724 1413Pb0205
3791.754 22.0 2.675 -3.4 "" ""
3791.787 106.00112 1.491 -8.977 3.464 CX24Q115
3791.797 607.01214 3.129 -2.635 7.724 1413Pa0215
3791.802 24.0 3.367 -2.68 "" ""
3791.825 27.1 3.116 -4.45 "" ""
3791.828 68.1 0.055 -0.92 LAWLER ""
3791.849 106.00112 1.491 -5.263 3.464 CX24P115
3791.856 106.00112 1.491 -5.166 3.464 CX24P125
3791.87 66.1 0.1 -1.03 LAWLER ""
3791.876 24.0 2.911 -8.18 "" ""
3791.931 24.1 6.798 -4.63 "" ""
3791.97 106.00113 0.409 -1.845 3.464 BX10P145
3792.017 106.00113 0.409 -7.473 3.464 BX10Q145
3792.019 73.0 0.0 -1.98 "" ""
3792.02 62.1 0.04 -1.45 LAWLER ""
3792.051 106.00113 1.593 -4.36 3.464 CX35P055
3792.092 42.0 2.595 -2.17 "" ""
3792.093 106.00113 1.478 -3.591 3.464 AX53R185
3792.114 106.00113 1.593 -7.906 3.464 CX35Q055
3792.123 106.00113 0.409 -1.827 3.464 BX10P155
3792.125 106.00113 1.478 -3.799 3.464 AX53R175
3792.125 106.00113 1.478 -6.523 3.464 AX53Q185
3792.134 24.0 3.011 -0.23 "" ""
3792.145 106.00112 0.098 -8.628 3.464 AX10R075
3792.152 24.0 3.102 -3.57 "" ""
3792.154 26.0 2.725 -1.42 "" ""
3792.18 45.0 1.364 0.2 "" ""
3792.205 106.00113 1.593 -4.305 3.464 CX35P065
3792.235 24.0 2.707 -3.58 "" ""
3792.299 106.00113 1.25 -5.03 3.464 CX02P195
3792.302 106.00112 1.431 -4.012 3.464 AX53R165
3792.302 106.00113 1.147 -7.195 3.464 AX31P215
3792.303 106.00112 0.694 -10.288 3.464 CX02Q035
3792.304 40.1 1.184 -1.1 "" ""
3792.313 28.0 3.495 -5.78 "" ""
3792.324 106.00112 0.694 -5.809 3.464 CX02P035
3792.324 58.1 0.459 -0.51 LAWLER ""
3792.325 24.1 5.326 -2.47 "" ""
3792.33 28.0 0.275 -3.24 "" ""
3792.333 106.00112 1.431 -3.79 3.464 AX53R175
3792.333 24.1 4.778 -3.71 "" ""
3792.348 106.00112 1.316 -5.02 3.464 CX02P205
3792.355 22.0 1.748 -4.46 "" ""
3792.363 106.00112 1.316 -10.37 3.464 CX02Q195
3792.374 90.0 1.29 0.02 "" ""
3792.383 106.00113 1.25 -5.046 3.464 CX02P185
3792.384 106.00112 1.431 -6.897 3.464 AX53Q175
3792.386 24.0 2.542 -6.75 "" ""
3792.395 64.1 1.526 0.43 "" ""
3792.412 92.0 0.53 -0.3 "" ""
3792.415 40.0 0.071 -1.58 "" ""
3792.416 106.00113 0.708 -5.724 3.464 CX02P045
3792.418 24.0 2.708 -1.91 "" ""
3792.419 27.0 3.62 -1.97 "" ""
3792.428 106.00112 0.098 -8.603 3.464 AX10R075
3792.436 39.1 3.543 0.0 "" ""
3792.44 59.1 0.204 -0.71 LINOHFS ""
3792.461 106.00112 1.316 -5.029 3.464 CX02P195
3792.5 106.00113 0.708 -11.119 3.464 CX02Q045
3792.511 42.0 2.596 -2.19 "" ""
3792.574 607.01214 1.051 0.374 7.724 0000Ra0675
3792.637 106.00112 0.64 -6.643 3.464 AX21R135
3792.641 607.01214 1.051 0.367 7.724 0000Rb0665
3792.692 106.00113 0.708 -5.644 3.464 CX02P055
3792.705 106.00112 0.694 -5.725 3.464 CX02P045
3792.711 607.01214 1.051 -3.598 7.724 0000Qd0675
3792.76 23.0 2.252 -6.21 "" ""
3792.771 74.0 1.654 -0.66 "" ""
3792.784 60.1 0.38 -0.82 "" ""
3792.793 68.0 0.954 0.72 "" ""
3792.814 106.00113 1.25 -10.385 3.464 CX02Q185
3792.818 607.01214 3.138 -5.436 7.724 1413Qc0215
3792.827 26.0 2.221 -2.43 "" ""
3792.829 607.01214 3.138 -2.635 7.724 1413Pb0215
3792.854 106.00113 1.319 -7.689 3.464 CX24P055
3792.856 23.1 2.542 -3.11 "" ""
3792.876 607.01214 3.138 -2.577 7.724 1413Pa0225
3792.879 23.0 2.241 -3.37 "" ""
3792.887 24.0 2.542 -6.09 "" ""
3792.975 22.0 2.425 -0.36 "" ""
3792.975 24.0 3.119 -8.85 "" ""
3792.977 24.0 4.407 -4.47 "" ""
3792.984 25.0 4.27 -3.54 "" ""
3793.01 23.0 2.676 -2.08 "" ""
3793.093 24.0 4.096 -2.88 "" ""
3793.1 92.1 0.568 -0.48 "" ""
3793.117 22.0 1.738 -4.98 "" ""
3793.121 23.0 2.113 -6.04 "" ""
3793.16 106.00113 1.438 -4.015 3.464 AX31P265
3793.163 12.0 4.343 -2.0 "" ""
3793.169 22.0 2.406 -1.42 "" ""
3793.177 24.0 3.548 -3.27 "" ""
3793.199 106.00113 1.438 -7.007 3.464 AX31Q255
3793.219 45.0 0.705 -0.27 "" ""
3793.233 23.0 2.914 -2.94 "" ""
3793.259 27.0 3.189 -4.34 "" ""
3793.263 92.0 0.774 0.44 "" ""
3793.279 24.0 2.543 -4.05 "" ""
3793.284 26.0 3.036 -1.21 "" ""
3793.288 24.0 3.011 -0.24 "" ""
3793.291 106.00113 1.563 -4.957 3.464 CX24P145
3793.31 25.0 4.35 -2.46 "" ""
3793.323 25.1 6.9 -2.84 "" ""
3793.325 21.0 1.438 -8.65 "" ""
3793.341 106.00113 1.563 -5.064 3.464 CX24P135
3793.354 26.0 3.036 -1.88 "" ""
3793.38 72.1 0.378 -1.11 LAWLER ""
3793.39 106.00112 0.411 -1.845 3.464 BX10P145
3793.39 23.0 2.33 -3.47 "" ""
3793.392 106.00113 1.438 -4.006 3.464 AX31P255
3793.393 24.0 3.119 -8.33 "" ""
3793.407 23.0 2.576 -2.82 "" ""
3793.425 58.1 0.932 -0.79 "" ""
3793.435 106.00112 0.411 -7.473 3.464 BX10Q145
3793.447 106.00112 1.507 -6.496 3.464 AX42R225
3793.456 26.0 3.879 -2.75 "" ""
3793.481 26.0 2.996 -1.13 DEN14 ""
3793.506 106.00112 1.508 -6.007 3.464 AX42Q235
3793.512 106.00112 0.641 -6.602 3.464 AX21R135
3793.517 15.1 9.516 -2.03 "" ""
3793.517 58.1 0.739 -0.8 "" ""
3793.532 106.00112 1.507 -5.48 3.464 AX42Q225
3793.543 106.00112 0.411 -1.826 3.464 BX10P155
3793.543 24.0 2.708 -2.35 "" ""
3793.545 106.00113 0.097 -8.628 3.464 AX10R075
3793.561 106.00113 1.563 -8.827 3.464 CX24Q135
3793.569 92.1 0.113 -1.11 "" ""
3793.585 26.0 3.394 -1.42 "" ""
3793.59 106.00112 1.508 -6.542 3.464 AX42P235
3793.607 28.0 0.275 -2.95 LAWLER ""
3793.61 23.0 0.0 -1.99 LAWNOHFS ""
3793.62 42.0 2.068 -1.23 "" ""
3793.636 106.00112 1.432 -3.791 3.464 AX53R175
3793.643 106.00113 1.593 -5.734 3.464 AX21R285
3793.675 106.00112 1.432 -4.012 3.464 AX53R165
3793.675 22.0 2.332 -1.15 "" ""
3793.678 6.0 7.679 -2.62 "" ""
3793.687 106.00112 1.432 -6.869 3.464 AX53Q175
3793.705 23.0 1.71 -1.2 "" ""
3793.743 42.0 2.593 -1.73 "" ""
3793.793 77.0 1.727 -1.32 "" ""
3793.821 24.0 4.204 -3.54 "" ""
3793.825 106.00113 0.098 -8.602 3.464 AX10R075
3793.832 58.0 0.0 -0.71 "" ""
3793.859 106.00113 0.638 -6.643 3.464 AX21R135
3793.87 58.1 0.875 -1.29 "" ""
3793.871 26.0 2.843 -1.32 "" ""
3793.872 21.0 1.432 -9.14 "" ""
3793.872 24.0 3.011 -0.2 "" ""
3793.888 28.0 3.696 -2.65 "" ""
3793.911 106.00112 1.529 -8.904 3.464 CX24Q125
3793.926 607.01214 3.147 -5.418 7.724 1413Qc0225
3793.938 607.01214 3.147 -2.578 7.724 1413Pb0225
3793.966 106.00112 1.529 -5.063 3.464 CX24P135
3793.979 106.00112 1.529 -5.166 3.464 CX24P125
3793.98 62.1 0.104 -0.67 LAWLER ""
3793.986 607.01214 3.147 -2.52 7.724 1413Pa0235
3794.054 77.0 1.514 -1.96 "" ""
3794.057 22.0 1.872 -2.91 "" ""
3794.078 24.1 6.8 -4.26 "" ""
3794.08 23.1 5.845 -2.85 "" ""
3794.103 106.00112 1.523 -5.726 3.464 AX21R275
3794.151 90.1 1.377 -0.81 "" ""
3794.156 26.0 2.452 -5.84 "" ""
3794.184 21.0 1.994 -1.97 "" ""
3794.21 58.1 0.295 -1.59 LAWLER ""
3794.243 22.0 2.675 -3.69 "" ""
3794.297 26.0 3.981 -3.3 "" ""
3794.336 74.0 1.867 -0.75 "" ""
3794.339 26.0 2.452 -1.05 "" ""
3794.351 607.01214 1.021 0.367 7.724 0000Ra0665
3794.356 23.1 2.52 -1.14 LAWNOHFS ""
3794.358 106.00113 1.193 -5.046 3.464 CX02P185
3794.418 607.01214 1.021 0.361 7.724 0000Rb0655
3794.428 42.0 2.913 -0.62 "" ""
3794.431 106.00113 1.193 -5.066 3.464 CX02P175
3794.466 23.1 6.104 -1.81 "" ""
3794.472 41.0 1.499 -0.51 "" ""
3794.487 25.0 5.108 -0.85 "" ""
3794.487 607.01214 1.021 -3.591 7.724 0000Qd0665
3794.499 24.0 3.32 -4.64 "" ""
3794.521 24.0 4.201 -1.66 "" ""
3794.574 24.0 3.09 -5.24 "" ""
3794.58 106.00113 0.727 -5.643 3.464 CX02P055
3794.583 26.0 3.957 -2.53 "" ""
3794.608 24.0 3.008 -0.4 "" ""
3794.626 106.00112 1.289 -6.78 3.464 AX53R135
3794.652 106.00112 1.289 -5.369 3.464 AX53Q135
3794.682 76.0 3.51 -0.21 "" ""
3794.685 106.00113 0.727 -13.152 3.464 CX02Q055
3794.686 106.00113 1.309 -6.834 3.464 AX42Q195
3794.688 58.1 0.808 -0.62 BIEMONT ""
3794.693 23.0 1.941 -3.24 "" ""
3794.698 106.00112 1.256 -5.03 3.464 CX02P195
3794.698 90.0 1.632 0.05 "" ""
3794.704 106.00112 1.256 -10.385 3.464 CX02Q185
3794.716 24.1 6.8 -4.26 "" ""
3794.727 106.00113 0.639 -6.601 3.464 AX21R135
3794.731 106.00112 1.289 -6.27 3.464 AX53Q145
3794.742 22.0 1.066 -2.35 LAWLER ""
3794.743 106.00113 1.309 -4.066 3.464 AX42P195
3794.748 106.00113 1.309 -4.081 3.464 AX42P205
3794.757 106.00112 1.289 -6.466 3.464 AX53P145
3794.768 57.1139 0.244 -0.443 Lawle01HFS ""
3794.768 57.1139 0.244 -1.372 Lawle01HFS ""
3794.769 57.1139 0.244 -2.586 Lawle01HFS ""
3794.771 57.1139 0.244 -0.564 Lawle01HFS ""
3794.772 57.1139 0.244 -1.167 Lawle01HFS ""
3794.773 57.1139 0.244 -2.181 Lawle01HFS ""
3794.775 57.1139 0.244 -0.7 Lawle01HFS ""
3794.775 57.1139 0.244 -1.101 Lawle01HFS ""
3794.776 57.1139 0.244 -1.97 Lawle01HFS ""
3794.777 57.1139 0.244 -0.856 Lawle01HFS ""
3794.778 57.1139 0.244 -1.105 Lawle01HFS ""
3794.778 57.1139 0.244 -1.861 Lawle01HFS ""
3794.779 57.1139 0.244 -1.041 Lawle01HFS ""
3794.78 57.1139 0.244 -1.166 Lawle01HFS ""
3794.78 57.1139 0.244 -1.839 Lawle01HFS ""
3794.781 57.1139 0.244 -1.275 Lawle01HFS ""
3794.781 57.1139 0.244 -1.288 Lawle01HFS ""
3794.781 57.1139 0.244 -1.949 Lawle01HFS ""
3794.782 57.1139 0.244 -1.471 Lawle01HFS ""
3794.782 57.1139 0.244 -1.617 Lawle01HFS ""
3794.792 106.00113 0.727 -5.569 3.464 CX02P065
3794.799 106.00112 1.256 -5.045 3.464 CX02P185
3794.805 106.00112 1.598 -7.906 3.464 CX35Q055
3794.827 106.00112 0.71 -11.119 3.464 CX02Q045
3794.83 106.00113 1.193 -10.407 3.464 CX02Q175
3794.837 106.00112 1.598 -4.359 3.464 CX35P055
3794.853 106.00112 0.71 -5.723 3.464 CX02P045
3794.865 68.1 0.891 -2.44 LAWLER ""
3794.92 27.0 2.04 -3.83 "" ""
3794.949 23.0 0.3 -0.35 LAWNOHFS ""
3794.968 44.0 2.006 -0.13 "" ""
3795.002 26.0 0.989 -0.74 OBR91 ""
3795.006 106.00113 1.562 -6.077 3.464 CX35P035
3795.006 3.0 1.846 -1.58 "" ""
3795.01 21.0 2.606 -2.22 "" ""
3795.011 23.0 0.017 -2.15 LAWNOHFS ""
3795.011 58.1 0.295 -0.89 LAWLER ""
3795.017 106.00112 1.598 -4.305 3.464 CX35P065
3795.033 106.00113 1.031 -7.767 3.464 CX13P055
3795.055 3.0 1.846 -1.32 "" ""
3795.055 3.0 1.846 -2.28 "" ""
3795.067 607.01214 3.157 -5.398 7.724 1413Qc0235
3795.069 15.1 9.518 -1.89 "" ""
3795.078 607.01214 3.157 -2.521 7.724 1413Pb0235
3795.082 25.1 5.49 -3.66 "" ""
3795.11 60.1 0.204 -2.07 LAWLER ""
3795.113 92.1 0.284 -1.18 "" ""
3795.129 607.01214 3.157 -2.464 7.724 1413Pa0245
3795.142 106.00112 0.71 -5.643 3.464 CX02P055
3795.145 106.00113 0.679 -7.35 3.464 CX02P025
3795.148 106.00112 1.172 -4.554 3.464 AX53P105
3795.153 106.00112 1.172 -6.683 3.464 AX53Q105
3795.17 69.1 0.029 -1.58 LAWLER ""
3795.177 44.0 1.316 -1.27 "" ""
3795.246 58.1 0.47 -0.76 LAWLER ""
3795.26 64.1 0.354 -1.58 LAWLER ""
3795.294 106.00112 1.172 -4.547 3.464 AX53P115
3795.301 42.0 3.196 -0.98 "" ""
3795.35 25.1 6.908 -2.29 "" ""
3795.411 22.0 2.152 -2.85 "" ""
3795.443 23.0 2.636 -1.12 "" ""
3795.445 28.0 3.696 -3.89 "" ""
3795.45 60.1 0.204 -0.65 LAWLER ""
3795.486 21.0 2.612 -1.96 "" ""
3795.495 106.00113 1.605 -4.846 3.464 CX24P155
3795.521 106.00112 1.324 -7.688 3.464 CX24P055
3795.522 20.0 2.707 -1.66 "" ""
3795.553 28.0 3.396 -5.32 "" ""
3795.565 106.00113 1.606 -4.956 3.464 CX24P145
3795.578 27.0 3.62 -4.48 "" ""
3795.601 25.0 2.918 -4.67 "" ""
3795.61 106.00112 1.29 -6.797 3.464 AX53R135
3795.636 106.00112 1.29 -5.369 3.464 AX53Q135
3795.656 106.00112 1.29 -6.27 3.464 AX53Q145
3795.676 22.0 2.235 -3.53 "" ""
3795.676 76.0 3.01 -0.15 "" ""
3795.682 106.00112 1.29 -6.451 3.464 AX53P145
3795.734 23.0 2.357 -2.41 "" ""
3795.744 106.00112 1.509 -6.007 3.464 AX42Q235
3795.75 64.0 0.124 -0.78 "" ""
3795.759 42.0 2.621 -1.74 "" ""
3795.76 69.1 0.029 -0.23 LAWLER ""
3795.777 106.00112 1.509 -6.523 3.464 AX42R225
3795.79 106.00112 1.173 -4.554 3.464 AX53P105
3795.795 106.00112 1.173 -6.703 3.464 AX53Q105
3795.798 20.0 2.707 -5.18 "" ""
3795.803 106.00113 1.606 -8.746 3.464 CX24Q145
3795.803 20.0 2.707 -6.61 "" ""
3795.828 106.00112 1.509 -6.517 3.464 AX42P235
3795.855 27.0 3.512 -2.21 "" ""
3795.862 106.00112 1.509 -5.48 3.464 AX42Q225
3795.888 106.00112 1.173 -4.547 3.464 AX53P115
3795.894 22.0 1.442 -0.73 LAWLER ""
3795.896 23.1 5.784 -3.75 "" ""
3795.938 64.1 1.614 -0.1 "" ""
3795.962 42.0 3.185 -1.57 "" ""
3795.979 23.0 2.636 -2.42 "" ""
3796.005 22.0 2.229 -3.39 "" ""
3796.007 22.0 2.248 -2.75 "" ""
3796.007 79.0 5.101 -0.39 "" ""
3796.012 26.0 2.402 -2.68 "" ""
3796.035 22.0 2.115 -4.77 "" ""
3796.067 106.00112 1.569 -8.826 3.464 CX24Q135
3796.11 106.00112 1.569 -4.956 3.464 CX24P145
3796.113 607.01214 0.991 0.36 7.724 0000Ra0655
3796.135 106.00113 1.139 -5.066 3.464 CX02P175
3796.141 106.00112 1.569 -5.063 3.464 CX24P135
3796.148 106.00113 1.329 -6.502 3.464 AX53R145
3796.16 106.00113 1.329 -6.273 3.464 AX53Q145
