wavelength species excitation loggf disassociation_energy comment
3462.279 22.0 1.878 -4.79 "" ""
3462.281 106.00112 0.778 -4.764 3.464 CX12P085
3462.282 106.00112 1.529 -8.08 3.464 CX34Q135
3462.327 106.00112 0.46 -4.221 3.464 CX01P085
3462.332 607.01314 2.362 -4.623 7.724 1109Qc0335
3462.341 25.1 5.516 -2.1 "" ""
3462.343 607.01314 2.362 -1.287 7.724 1109Pb0335
3462.352 26.0 2.196 -2.11 "" ""
3462.355 607.01314 2.362 -1.268 7.724 1109Pa0345
3462.381 106.00112 0.372 -6.359 3.464 CX01P035
3462.395 21.0 2.109 -3.24 "" ""
3462.404 106.00112 1.368 -4.286 3.464 CX34R075
3462.409 106.00112 0.988 -5.452 3.464 CX23P035
3462.427 106.00113 1.065 -5.458 3.464 AX30P255
3462.447 607.01314 2.48 -1.16 7.724 1210Rb0255
3462.464 607.01314 2.48 -4.321 7.724 1210Qd0265
3462.475 106.00113 1.065 -7.967 3.464 AX30Q245
3462.487 106.00112 1.369 -4.176 3.464 CX34R085
3462.532 106.00112 1.369 -7.987 3.464 CX34Q085
3462.56 27.1 5.118 -5.05 "" ""
3462.564 24.1 6.6 -4.78 "" ""
3462.571 68.0 1.432 1.09 "" ""
3462.62 21.0 2.292 -3.67 "" ""
3462.623 106.00113 1.065 -5.559 3.464 AX30P245
3462.626 23.1 6.491 -2.38 "" ""
3462.64 72.1 0.608 -1.67 LAWLER ""
3462.642 41.0 0.267 -1.72 "" ""
3462.7 62.1 0.659 -1.28 LAWLER ""
3462.703 42.0 2.593 -1.45 "" ""
3462.707 22.0 2.504 -4.74 "" ""
3462.727 24.1 2.419 -2.54 "" ""
3462.751 25.0 3.769 -2.06 "" ""
3462.79 27.0059 0.629 -0.617 Lawle15HFS ""
3462.798 27.0059 0.629 -0.833 Lawle15HFS ""
3462.804 27.0059 0.629 -1.243 Lawle15HFS ""
3462.805 27.0059 0.629 -1.116 Lawle15HFS ""
3462.81 27.0059 0.629 -1.082 Lawle15HFS ""
3462.811 27.0059 0.629 -1.555 Lawle15HFS ""
3462.814 26.0 2.829 -3.46 "" ""
3462.815 27.0059 0.629 -1.09 Lawle15HFS ""
3462.816 27.0059 0.629 -2.108 Lawle15HFS ""
3462.818 27.0059 0.629 -1.254 Lawle15HFS ""
3462.82 27.0059 0.629 -1.68 Lawle15HFS ""
3462.822 27.0059 0.629 -1.43 Lawle15HFS ""
3462.823 27.0059 0.629 -1.254 Lawle15HFS ""
3462.825 106.00112 1.197 -7.77 3.464 AX52R185
3462.828 28.0 4.085 0.17 "" ""
3462.851 90.1 1.203 -0.26 "" ""
3462.894 24.0 4.096 -0.83 "" ""
3462.921 23.0 2.372 -2.02 "" ""
3462.937 106.00113 0.948 -4.45 3.464 AX52Q125
3462.937 106.00113 0.948 -6.685 3.464 AX52R125
3462.97 65.1 0.816 -0.33 LAWNOHFS ""
3463.0 64.1 0.144 -1.07 LAWLER ""
3463.018 40.1 1.485 0.41 "" ""
3463.036 106.00113 0.948 -4.402 3.464 AX52Q135
3463.036 106.00113 0.948 -6.498 3.464 AX52P135
3463.077 23.1 2.52 -2.49 "" ""
3463.14 44.0 0.259 -2.11 "" ""
3463.17 106.00113 0.488 -4.222 3.464 CX01P085
3463.198 22.0 1.052 -2.22 LAWLER ""
3463.218 58.1 0.875 -0.36 "" ""
3463.241 106.00113 0.488 -4.169 3.464 CX01P095
3463.251 74.0 0.366 -2.05 "" ""
3463.252 23.0 1.05 -3.52 "" ""
3463.272 27.1 5.051 -2.46 "" ""
3463.293 607.01314 2.469 -1.18 7.724 1210Rb0245
3463.302 26.0 1.484 -2.72 OBR91 ""
3463.309 106.00113 0.488 -10.417 3.464 CX01Q085
3463.309 607.01314 2.469 -4.309 7.724 1210Qd0255
3463.316 106.00113 0.782 -8.079 3.464 AX41P155
3463.326 23.0 1.944 -3.3 "" ""
3463.335 23.1 6.542 -1.68 "" ""
3463.338 66.1 0.927 -0.51 "" ""
3463.348 607.01314 2.376 -4.629 7.724 1109Qc0345
3463.35 25.0 4.265 -3.47 "" ""
3463.356 106.00113 0.804 -4.764 3.464 CX12P085
3463.359 607.01314 2.376 -1.268 7.724 1109Pb0345
3463.372 607.01314 2.376 -1.249 7.724 1109Pa0355
3463.376 28.0 1.934 -2.74 "" ""
3463.398 23.0 0.069 -2.87 "" ""
3463.421 25.1 4.685 -4.04 "" ""
3463.425 106.00113 0.804 -4.704 3.464 CX12P095
3463.462 106.00112 0.994 -8.281 3.464 AX20R245
3463.478 22.0 2.47 -5.84 "" ""
3463.479 27.0059 1.784 -2.414 Lawle15HFS ""
3463.488 106.00113 0.804 -12.819 3.464 CX12Q085
3463.488 25.0 4.682 -2.57 "" ""
3463.491 27.0059 1.784 -2.735 Lawle15HFS ""
3463.5 27.0059 1.784 -3.212 Lawle15HFS ""
3463.502 27.0059 1.784 -2.881 Lawle15HFS ""
3463.505 29.0063 3.814 -3.958 KURHFS ""
3463.505 29.0065 3.814 -3.958 KURHFS ""
3463.506 29.0063 3.814 -3.56 KURHFS ""
3463.506 29.0063 3.814 -4.259 KURHFS ""
3463.506 29.0065 3.814 -3.56 KURHFS ""
3463.506 29.0065 3.814 -4.259 KURHFS ""
3463.507 29.0065 3.814 -3.56 KURHFS ""
3463.507 29.0065 3.814 -3.56 KURHFS ""
3463.508 29.0063 3.814 -3.56 KURHFS ""
3463.508 29.0063 3.814 -3.56 KURHFS ""
3463.51 29.0063 3.814 -3.113 KURHFS ""
3463.51 29.0065 3.814 -3.113 KURHFS ""
3463.511 27.0059 1.784 -2.735 Lawle15HFS ""
3463.518 23.1 5.835 -3.58 "" ""
3463.518 27.0059 1.784 -2.756 Lawle15HFS ""
3463.519 24.0 3.09 -1.52 "" ""
3463.519 74.1 1.664 -1.41 "" ""
3463.525 106.00112 1.345 -4.407 3.464 CX34R065
3463.548 92.0 0.077 0.02 "" ""
3463.55 106.00112 1.569 -3.711 3.464 CX34R145
3463.563 42.0 2.678 -1.08 "" ""
3463.589 106.00112 1.569 -3.772 3.464 CX34R135
3463.611 42.0 2.068 -1.57 "" ""
3463.624 106.00112 1.569 -8.084 3.464 CX34Q145
3463.64 106.00112 1.345 -4.284 3.464 CX34R075
3463.646 24.0 4.102 -0.62 "" ""
3463.657 25.0 4.675 -0.34 "" ""
3463.675 106.00113 0.949 -4.45 3.464 AX52Q125
3463.675 106.00113 0.949 -6.701 3.464 AX52R125
3463.68 106.00112 1.345 -7.943 3.464 CX34Q075
3463.72 90.1 1.642 0.08 "" ""
3463.725 106.00113 0.949 -4.403 3.464 AX52Q135
3463.726 106.00113 0.949 -6.484 3.464 AX52P135
3463.746 106.00113 1.147 -4.506 3.464 AX41Q225
3463.75 23.0 1.802 -4.74 "" ""
3463.758 58.1 0.7 -0.53 "" ""
3463.764 106.00113 1.147 -7.383 3.464 AX41R215
3463.77 73.0 0.0 -1.52 "" ""
3463.786 27.0 2.868 -2.45 "" ""
3463.798 106.00113 0.988 -8.281 3.464 AX20R245
3463.804 106.00113 0.125 -7.601 3.464 AX20R085
3463.806 41.0 1.612 0.13 "" ""
3463.808 106.00113 1.147 -6.995 3.464 AX41P225
3463.82 42.0 3.031 -0.94 "" ""
3463.826 106.00113 1.147 -4.564 3.464 AX41Q215
3463.836 23.1 2.898 -2.13 "" ""
3463.839 28.0 3.676 -2.34 "" ""
3463.866 107.00114 1.262 -3.211 3.400 ""
3463.873 66.1 0.589 -0.82 "" ""
3463.875 106.00113 0.997 -5.449 3.464 CX23P035
3463.882 27.0 2.955 -8.94 "" ""
3463.918 106.00113 0.997 -11.149 3.464 CX23Q035
3463.923 607.01314 2.459 -1.202 7.724 1210Rb0235
3463.938 607.01314 2.459 -4.295 7.724 1210Qd0245
3463.962 26.1 1.669 -4.28 "" ""
3463.99 64.1 0.427 0.26 LAWLER ""
3464.015 21.0 2.294 -3.63 "" ""
3464.02 24.1 2.432 -2.77 "" ""
3464.057 28.0 3.396 -4.1 "" ""
3464.071 62.1 0.184 -1.49 "" ""
3464.074 106.00112 1.199 -7.717 3.464 AX52R185
3464.106 106.00113 0.125 -7.573 3.464 AX20R085
3464.125 28.0 4.085 -0.07 "" ""
3464.129 106.00112 0.785 -8.079 3.464 AX41P155
3464.144 24.0 2.98 -3.05 "" ""
3464.153 106.00112 1.483 -6.688 3.464 CX23R175
3464.157 106.00113 0.997 -5.546 3.464 CX23P045
3464.157 58.1 0.357 -0.87 "" ""
3464.176 23.1 2.52 -2.11 "" ""
3464.211 58.1 0.634 -0.72 "" ""
3464.216 106.00112 1.483 -3.546 3.464 CX23Q185
3464.238 106.00112 1.483 -3.604 3.464 CX23Q175
3464.255 106.00112 0.49 -10.416 3.464 CX01Q085
3464.296 106.00112 0.49 -4.221 3.464 CX01P085
3464.3 106.00112 1.483 -9.986 3.464 CX23P185
3464.333 26.0 2.873 -6.37 "" ""
3464.37 70.0 0.0 -1.04 "" ""
3464.381 106.00112 0.49 -4.168 3.464 CX01P095
3464.385 607.01314 2.449 -1.223 7.724 1210Rb0225
3464.396 607.01314 2.391 -4.635 7.724 1109Qc0355
3464.4 26.1 4.491 -3.16 "" ""
3464.4 607.01314 2.449 -4.281 7.724 1210Qd0235
3464.407 607.01314 2.391 -1.249 7.724 1109Pb0355
3464.415 106.00113 0.783 -8.126 3.464 AX41P155
3464.42 607.01314 2.391 -1.23 7.724 1109Pa0365
3464.44 62.1 0.184 -1.76 LAWLER ""
3464.447 74.1 3.118 -1.21 "" ""
3464.453 38.1 3.037 0.49 "" ""
3464.462 106.00112 0.844 -8.948 3.464 AX30P215
3464.495 26.1 4.146 -2.59 "" ""
3464.521 22.0 2.115 -3.02 "" ""
3464.528 68.1 0.636 -0.75 LAWLER ""
3464.54 106.00112 0.807 -12.819 3.464 CX12Q085
3464.574 106.00112 0.807 -4.764 3.464 CX12P085
3464.635 24.0 4.189 -2.2 "" ""
3464.66 106.00112 0.807 -4.703 3.464 CX12P095
3464.674 21.0 0.021 -4.58 "" ""
3464.71 75.0 0.0 -0.57 "" ""
3464.719 607.01314 2.44 -1.246 7.724 1210Rb0215
3464.726 21.0 2.301 -3.03 "" ""
3464.734 607.01314 2.44 -4.266 7.724 1210Qd0225
3464.769 26.0 2.829 -5.02 "" ""
3464.806 42.0 2.595 -1.88 "" ""
3464.815 22.0 2.479 -3.53 "" ""
3464.818 107.00114 1.262 -4.475 3.400 ""
3464.829 24.0 2.542 -1.93 "" ""
3464.883 22.0 1.429 -9.01 "" ""
3464.886 107.00114 1.263 -3.117 3.400 ""
3464.887 106.00113 0.952 -7.22 3.464 AX41Q185
3464.902 26.1 5.548 -3.71 "" ""
3464.908 22.0 2.133 -4.64 "" ""
3464.911 26.0 2.586 -1.26 "" ""
3464.926 106.00112 1.324 -4.546 3.464 CX34R055
3464.929 106.00113 0.952 -5.041 3.464 AX41P185
3464.932 25.1 5.376 -2.64 "" ""
3464.932 27.0 3.295 -1.03 "" ""
3464.945 106.00113 0.952 -4.976 3.464 AX41P195
3464.96 607.01314 2.431 -1.269 7.724 1210Rb0205
3464.974 607.01314 2.431 -4.25 7.724 1210Qd0215
3465.033 22.0 2.101 -1.81 "" ""
3465.063 90.0 1.021 -0.26 "" ""
3465.072 74.1 2.75 -1.55 "" ""
3465.079 106.00112 1.324 -4.406 3.464 CX34R065
3465.08 106.00112 1.0 -11.149 3.464 CX23Q035
3465.08 106.00113 0.521 -4.169 3.464 CX01P095
3465.096 106.00112 1.0 -5.449 3.464 CX23P035
3465.114 106.00112 1.324 -7.884 3.464 CX34Q065
3465.125 106.00113 0.521 -4.122 3.464 CX01P105
3465.135 607.01314 2.422 -1.293 7.724 1210Rb0195
3465.148 607.01314 2.422 -4.233 7.724 1210Qd0205
3465.154 42.0 2.596 -1.84 "" ""
3465.237 106.00113 0.521 -10.973 3.464 CX01Q095
3465.243 23.0 1.941 -3.13 "" ""
3465.247 24.0 2.542 -1.25 "" ""
3465.247 24.0 4.614 -0.69 "" ""
3465.249 106.00112 0.787 -8.126 3.464 AX41P155
3465.259 23.1 2.759 -1.88 "" ""
3465.266 607.01314 2.414 -1.318 7.724 1210Rb0185
3465.272 607.01214 2.448 -1.329 7.724 1210Rb0165
3465.279 607.01314 2.414 -4.215 7.724 1210Qd0195
3465.281 607.01214 2.456 -1.302 7.724 1210Rb0175
3465.283 607.01214 2.448 -4.131 7.724 1210Qd0175
3465.289 607.01214 2.441 -1.357 7.724 1210Rb0155
3465.293 607.01214 2.456 -4.152 7.724 1210Qd0185
3465.299 607.01214 2.441 -4.109 7.724 1210Qd0165
3465.309 28.0 3.676 -1.23 "" ""
3465.317 607.01214 2.464 -1.276 7.724 1210Rb0185
3465.329 607.01214 2.464 -4.172 7.724 1210Qd0195
3465.331 607.01214 2.434 -1.387 7.724 1210Rb0145
3465.339 106.00112 0.778 -7.396 3.464 AX52P075
3465.341 607.01214 2.434 -4.084 7.724 1210Qd0155
3465.361 607.01214 2.448 -1.302 7.724 1210Ra0175
3465.367 607.01214 2.441 -1.329 7.724 1210Ra0165
3465.371 607.01314 2.407 -1.344 7.724 1210Rb0175
3465.38 607.01214 2.472 -1.252 7.724 1210Rb0195
3465.382 607.01214 2.456 -1.276 7.724 1210Ra0185
3465.383 607.01314 2.407 -4.195 7.724 1210Qd0185
3465.393 607.01214 2.472 -4.19 7.724 1210Qd0205
3465.398 106.00112 1.0 -5.545 3.464 CX23P045
3465.398 607.01214 2.428 -1.418 7.724 1210Rb0135
3465.399 607.01214 2.434 -1.357 7.724 1210Ra0155
3465.407 607.01214 2.428 -4.058 7.724 1210Qd0145
3465.428 27.1 5.204 -4.87 "" ""
3465.428 607.01314 2.407 -1.318 7.724 1210Ra0185
3465.43 607.01214 2.464 -1.252 7.724 1210Ra0195
3465.439 76.0 2.189 -0.43 "" ""
3465.442 607.01314 2.399 -1.344 7.724 1210Ra0175
3465.449 28.0 3.396 -3.35 "" ""
3465.455 607.01314 2.414 -1.293 7.724 1210Ra0195
3465.458 607.01214 2.428 -1.387 7.724 1210Ra0145
3465.463 607.01314 2.399 -1.371 7.724 1210Rb0165
3465.464 62.0 0.185 -1.34 "" ""
3465.471 607.01214 2.481 -1.228 7.724 1210Rb0205
3465.474 607.01314 2.399 -4.175 7.724 1210Qd0175
3465.484 607.01214 2.481 -4.208 7.724 1210Qd0215
3465.488 607.01214 2.422 -1.451 7.724 1210Rb0125
3465.488 607.01314 2.406 -1.23 7.724 1109Pb0365
3465.489 607.01314 2.392 -1.371 7.724 1210Ra0165
3465.497 607.01214 2.422 -4.03 7.724 1210Qd0135
3465.507 607.01214 2.472 -1.228 7.724 1210Ra0205
3465.524 25.1 6.489 -2.63 "" ""
3465.526 26.0 2.873 -5.02 "" ""
3465.527 23.0 2.364 -5.85 "" ""
3465.534 607.01314 2.422 -1.269 7.724 1210Ra0205
3465.541 607.01214 2.422 -1.418 7.724 1210Ra0135
3465.548 22.1 2.06 -0.84 LAWLER ""
3465.553 607.01314 2.392 -1.4 7.724 1210Rb0155
3465.563 607.01314 2.386 -1.4 7.724 1210Ra0155
3465.564 607.01314 2.392 -4.152 7.724 1210Qd0165
3465.574 24.0 2.543 -2.09 "" ""
3465.591 607.01214 2.49 -1.205 7.724 1210Rb0215
3465.605 607.01214 2.49 -4.224 7.724 1210Qd0225
3465.609 607.01214 2.416 -1.487 7.724 1210Rb0115
3465.611 607.01214 2.416 -4.0 7.724 1210Qd0125
3465.613 607.01214 2.481 -1.205 7.724 1210Ra0215
3465.634 40.0 0.154 -1.18 "" ""
3465.642 28.1 3.071 -1.37 "" ""
3465.649 607.01314 2.386 -1.43 7.724 1210Rb0145
3465.652 106.00112 0.778 -7.42 3.464 AX52P075
3465.652 106.00113 0.836 -4.704 3.464 CX12P095
3465.656 607.01214 2.416 -1.451 7.724 1210Ra0125
3465.657 25.0 4.709 -2.08 "" ""
3465.659 42.0 1.38 -1.47 "" ""
3465.659 607.01314 2.38 -1.43 7.724 1210Ra0145
3465.659 607.01314 2.386 -4.129 7.724 1210Qd0155
3465.679 607.01314 2.431 -1.246 7.724 1210Ra0215
3465.691 24.0 4.189 -2.92 "" ""
3465.697 106.00113 0.836 -4.657 3.464 CX12P105
3465.703 23.1 5.86 -4.2 "" ""
3465.74 607.01214 2.5 -1.183 7.724 1210Rb0225
3465.742 607.01214 2.411 -1.525 7.724 1210Rb0105
3465.748 607.01214 2.411 -3.967 7.724 1210Qd0115
3465.748 607.01214 2.49 -1.183 7.724 1210Ra0225
3465.749 25.1 5.832 -4.02 "" ""
3465.754 607.01214 2.5 -4.239 7.724 1210Qd0235
3465.759 607.01314 2.38 -1.461 7.724 1210Rb0135
3465.765 607.01314 2.38 -4.103 7.724 1210Qd0145
3465.765 90.1 0.83 -0.51 "" ""
3465.78 607.01314 2.374 -1.461 7.724 1210Ra0135
3465.783 607.01214 2.411 -1.487 7.724 1210Ra0115
3465.793 27.0 0.0 -0.64 LAWNHFS ""
3465.802 106.00113 0.836 -11.646 3.464 CX12Q095
3465.843 42.0 2.289 -0.74 "" ""
3465.854 41.0 0.142 -1.28 "" ""
3465.861 26.0 0.11 -1.19 OBR91 ""
3465.877 607.01314 2.374 -1.495 7.724 1210Rb0125
3465.886 607.01314 2.374 -4.075 7.724 1210Qd0135
3465.89 24.1 4.771 -3.8 "" ""
3465.901 607.01214 2.406 -1.567 7.724 1210Rb0095
3465.907 607.01314 2.44 -1.224 7.724 1210Ra0225
3465.908 607.01214 2.406 -3.931 7.724 1210Qd0105
3465.915 607.01214 2.5 -1.162 7.724 1210Ra0235
3465.918 607.01314 2.369 -1.495 7.724 1210Ra0125
3465.919 607.01214 2.51 -1.162 7.724 1210Rb0235
3465.924 90.1 0.51 -1.25 Nils02/10 ""
3465.928 106.00112 0.098 -7.536 3.464 AX20R075
3465.934 607.01214 2.406 -1.525 7.724 1210Ra0105
3465.934 607.01214 2.51 -4.254 7.724 1210Qd0245
3465.948 106.00113 0.708 -7.078 3.464 CX12P045
3465.98 107.00114 0.474 -3.504 3.400 ""
3466.013 23.0 0.3 -4.94 "" ""
3466.017 607.01314 2.369 -1.531 7.724 1210Rb0115
3466.025 607.01314 2.369 -4.045 7.724 1210Qd0125
3466.073 607.01314 2.364 -1.531 7.724 1210Ra0115
3466.084 607.01214 2.402 -1.612 7.724 1210Rb0085
3466.091 607.01214 2.402 -3.891 7.724 1210Qd0095
3466.1 23.0 2.606 -4.87 "" ""
3466.105 106.00113 0.839 -8.947 3.464 AX30P215
3466.11 22.1 4.947 -3.07 "" ""
3466.113 607.01214 2.402 -1.567 7.724 1210Ra0095
3466.113 607.01214 2.51 -1.141 7.724 1210Ra0245
3466.129 607.01214 2.521 -1.141 7.724 1210Rb0245
3466.145 607.01214 2.521 -4.268 7.724 1210Qd0255
3466.148 22.0 0.848 -4.71 "" ""
3466.164 106.00112 0.098 -7.511 3.464 AX20R075
3466.176 106.00112 0.523 -10.973 3.464 CX01Q095
3466.176 607.01314 2.364 -1.569 7.724 1210Rb0105
3466.182 607.01314 2.364 -4.012 7.724 1210Qd0115
3466.186 42.0 3.221 -0.57 "" ""
3466.188 27.0 3.229 -3.19 "" ""
3466.202 48.0 3.798 0.14 "" ""
3466.221 106.00112 0.523 -4.168 3.464 CX01P095
3466.241 607.01314 2.449 -1.202 7.724 1210Ra0235
3466.248 607.01314 2.359 -1.569 7.724 1210Ra0105
3466.256 24.1 4.411 -3.61 "" ""
3466.263 24.1 4.924 -3.11 "" ""
3466.269 25.1 6.489 -2.78 "" ""
3466.28 106.00112 0.523 -4.122 3.464 CX01P105
3466.28 26.0 2.402 -2.73 "" ""
3466.29 607.01214 2.398 -1.662 7.724 1210Rb0075
3466.295 607.01214 2.398 -3.846 7.724 1210Qd0085
3466.301 92.0 0.0 0.08 "" ""
3466.313 607.01214 2.398 -1.612 7.724 1210Ra0085
3466.329 107.00114 0.474 -5.171 3.400 ""
3466.343 107.00114 0.474 -3.442 3.400 ""
3466.346 26.0 2.849 -4.65 "" ""
3466.347 106.00113 1.261 -6.476 3.464 CX34R015
3466.353 607.01314 2.359 -1.611 7.724 1210Rb0095
3466.355 22.0 0.818 -6.37 "" ""
3466.358 106.00112 0.838 -4.975 3.464 AX52P095
3466.358 607.01314 2.359 -3.976 7.724 1210Qd0105
3466.37 106.00112 0.838 -6.571 3.464 AX52Q095
3466.37 106.00113 0.953 -4.976 3.464 AX41P195
3466.371 106.00113 0.953 -7.252 3.464 AX41Q185
3466.38 23.0 1.08 -4.14 "" ""
3466.405 25.0 3.761 -0.89 "" ""
3466.409 106.00113 0.953 -5.041 3.464 AX41P185
3466.428 106.00112 0.846 -9.01 3.464 AX30P215
3466.443 607.01314 2.355 -1.611 7.724 1210Ra0095
3466.445 24.1 2.541 -4.68 "" ""
3466.449 24.0 2.87 -4.54 "" ""
3466.465 25.0 3.761 -2.36 "" ""
3466.499 26.0 0.858 -3.11 "" ""
3466.5 64.1 0.662 -0.83 LAWLER ""
3466.501 6.0 7.482 -3.37 "" ""
3466.508 106.00112 0.838 -4.91 3.464 AX52P105
3466.517 607.01214 2.395 -1.718 7.724 1210Rb0065
3466.522 607.01214 2.395 -3.796 7.724 1210Qd0075
3466.537 607.01214 2.395 -1.662 7.724 1210Ra0075
3466.539 90.0 0.615 -0.39 "" ""
3466.549 607.01314 2.355 -1.657 7.724 1210Rb0085
3466.554 607.01314 2.355 -3.936 7.724 1210Qd0095
3466.573 106.00112 1.306 -4.706 3.464 CX34R045
3466.592 25.1 4.689 -3.07 "" ""
3466.594 23.1 2.263 -1.35 "" ""
3466.606 21.0 1.952 -1.25 "" ""
3466.634 90.0 1.29 0.31 "" ""
3466.654 607.01314 2.352 -1.657 7.724 1210Ra0085
3466.709 607.01314 2.459 -1.181 7.724 1210Ra0245
3466.715 23.0 2.364 -3.3 "" ""
3466.731 20.0 4.128 -3.74 "" ""
3466.745 106.00113 1.063 -8.454 3.464 AX20R255
3466.754 27.0 2.326 -1.95 "" ""
3466.758 106.00112 0.956 -7.22 3.464 AX41Q185
3466.764 607.01314 2.352 -1.707 7.724 1210Rb0075
3466.767 607.01214 2.392 -1.783 7.724 1210Rb0055
3466.768 607.01314 2.352 -3.891 7.724 1210Qd0085
3466.769 607.01214 2.392 -3.738 7.724 1210Qd0065
3466.777 106.00112 1.306 -4.543 3.464 CX34R055
3466.777 106.00113 0.984 -6.781 3.464 CX23P025
3466.781 607.01214 2.392 -1.718 7.724 1210Ra0065
3466.791 25.1 6.49 -3.6 "" ""
3466.804 106.00112 0.956 -5.04 3.464 AX41P185
3466.806 27.0 2.868 -3.73 "" ""
3466.808 106.00112 1.306 -7.805 3.464 CX34Q055
3466.822 106.00112 0.956 -4.975 3.464 AX41P195
3466.824 42.0 0.0 -1.93 "" ""
3466.827 106.00112 0.839 -4.975 3.464 AX52P095
3466.833 106.00113 0.557 -4.122 3.464 CX01P105
3466.84 106.00112 0.839 -6.589 3.464 AX52Q095
3466.851 106.00112 0.839 -11.645 3.464 CX12Q095
3466.856 106.00113 0.557 -4.083 3.464 CX01P115
3466.856 26.1 4.728 -2.74 "" ""
3466.858 23.0 1.847 -4.26 "" ""
3466.866 26.1 5.565 -4.68 "" ""
3466.88 24.0 3.847 -2.76 "" ""
3466.887 55.0 0.0 -7.08 "" ""
3466.889 106.00112 0.839 -4.703 3.464 CX12P095
3466.891 607.01314 2.348 -1.707 7.724 1210Ra0075
3466.893 26.0 2.557 -2.1 "" ""
3466.934 106.00113 1.012 -5.544 3.464 CX23P045
3466.939 106.00112 0.839 -4.91 3.464 AX52P105
3466.946 58.1 0.175 -1.29 BIEMONT ""
3466.95 106.00112 0.839 -4.657 3.464 CX12P105
3466.95 64.1 0.425 -0.62 LAWLER ""
3466.964 42.0 2.258 -0.72 "" ""
3466.985 106.00112 1.069 -8.454 3.464 AX20R255
3466.987 25.1 4.689 -3.58 "" ""
3466.989 106.00113 1.012 -9.723 3.464 CX23Q045
3466.993 24.0 3.008 -1.15 "" ""
3466.997 607.01314 2.348 -1.763 7.724 1210Rb0065
3466.999 107.00114 1.041 -3.347 3.400 ""
3467.001 607.01314 2.348 -3.841 7.724 1210Qd0075
3467.003 24.1 4.771 -2.59 "" ""
3467.009 106.00113 0.557 -11.99 3.464 CX01Q105
3467.03 26.0 3.544 -6.27 "" ""
3467.031 24.0 3.847 -0.94 "" ""
3467.035 607.01214 2.39 -1.857 7.724 1210Rb0045
3467.038 26.0 2.988 -3.21 "" ""
3467.038 607.01214 2.39 -3.671 7.724 1210Qd0055
3467.048 607.01214 2.39 -1.783 7.724 1210Ra0055
3467.1 106.00112 0.71 -7.077 3.464 CX12P045
3467.106 24.1 2.453 -3.65 "" ""
3467.135 26.0 3.632 -6.46 "" ""
3467.138 28.0 3.765 -0.38 "" ""
3467.139 24.1 2.542 -3.79 "" ""
3467.14 607.01314 2.345 -1.763 7.724 1210Ra0065
3467.142 106.00113 1.013 -5.66 3.464 CX23P055
3467.176 22.0 2.479 -1.62 "" ""
3467.192 107.00114 1.203 -5.092 3.400 ""
3467.212 79.0 5.101 -0.7 "" ""
3467.23 25.1 4.685 -4.88 "" ""
3467.24 106.00113 1.287 -4.9 3.464 CX34R035
3467.246 607.01314 2.345 -1.828 7.724 1210Rb0055
3467.251 607.01314 2.345 -3.784 7.724 1210Qd0065
3467.255 27.0 3.277 -1.17 "" ""
3467.257 22.0 1.052 -1.14 LAWLER ""
3467.27 64.1 0.425 0.09 LAWLER ""
3467.301 24.0 3.886 -3.01 "" ""
3467.306 22.0 1.872 -4.57 "" ""
3467.306 26.0 3.544 -3.13 "" ""
3467.325 24.0 3.963 -3.73 "" ""
3467.325 607.01214 2.387 -1.947 7.724 1210Rb0035
3467.327 23.1 2.263 -2.14 "" ""
3467.328 607.01214 2.387 -3.592 7.724 1210Qd0045
3467.336 607.01214 2.387 -1.857 7.724 1210Ra0045
3467.345 607.01314 2.469 -1.16 7.724 1210Ra0255
3467.349 106.00112 1.538 -6.692 3.464 CX23R185
3467.386 25.0 2.886 -3.57 "" ""
3467.405 106.00113 0.388 -6.461 3.464 CX01P045
3467.406 106.00112 1.538 -3.492 3.464 CX23Q195
3467.412 607.01314 2.343 -1.828 7.724 1210Ra0055
3467.438 106.00112 1.538 -3.546 3.464 CX23Q185
3467.458 21.0 1.427 -6.82 "" ""
3467.465 106.00113 1.287 -7.697 3.464 CX34Q045
3467.467 41.0 1.079 -0.65 "" ""
3467.495 106.00112 1.538 -9.976 3.464 CX23P195
3467.501 28.0 0.165 -2.03 LAWLER ""
3467.513 107.00114 0.787 -3.441 3.400 ""
3467.514 607.01314 2.343 -1.903 7.724 1210Rb0045
3467.518 106.00113 1.287 -4.703 3.464 CX34R045
3467.518 607.01314 2.343 -3.717 7.724 1210Qd0055
3467.546 69.0 1.931 0.8 "" ""
3467.556 24.1 4.778 -3.49 "" ""
3467.561 106.00112 1.265 -6.476 3.464 CX34R015
3467.568 72.0 1.942 0.1 "" ""
3467.58 107.00114 1.041 -4.833 3.400 ""
3467.636 107.00114 1.041 -3.271 3.400 ""
3467.639 607.01214 2.386 -3.493 7.724 1210Qd0035
3467.64 20.0 4.677 -3.45 "" ""
3467.641 607.01214 2.386 -2.061 7.724 1210Rb0025
3467.644 22.0 2.254 -0.86 "" ""
3467.645 607.01214 2.386 -1.947 7.724 1210Ra0035
3467.657 48.0 3.798 -0.36 "" ""
3467.67 64.1 0.99 -1.27 LAWLER ""
3467.673 106.00112 1.15 -7.356 3.464 AX41R215
3467.68 26.0 2.947 -3.14 "" ""
3467.691 28.0 3.737 -0.51 "" ""
3467.703 607.01314 2.341 -1.903 7.724 1210Ra0045
3467.719 24.0 2.98 -0.4 "" ""
3467.726 106.00112 1.15 -4.505 3.464 AX41Q225
3467.734 24.0 2.913 -7.23 "" ""
3467.739 106.00112 1.15 -4.563 3.464 AX41Q215
3467.748 55.0 0.0 -7.24 "" ""
3467.76 24.0 3.847 -2.23 "" ""
3467.775 58.1 0.232 -1.34 "" ""
3467.784 25.1 4.689 -3.91 "" ""
3467.792 106.00112 1.15 -7.017 3.464 AX41P225
3467.795 106.00113 0.097 -7.535 3.464 AX20R075
3467.8 607.01314 2.341 -1.993 7.724 1210Rb0035
3467.802 607.01314 2.341 -3.638 7.724 1210Qd0045
3467.824 27.0 3.252 -2.86 "" ""
3467.829 26.0 3.544 -7.38 "" ""
3467.853 42.0 2.274 -0.48 "" ""
3467.861 106.00113 0.87 -4.657 3.464 CX12P105
3467.87 39.1 0.409 -1.77 Biemont11 ""
3467.87 62.1 0.659 -1.01 LAWLER ""
3467.877 63.0 0.0 -1.8 "" ""
3467.885 106.00113 0.87 -4.624 3.464 CX12P115
3467.935 21.0 1.427 -5.83 "" ""
3467.937 23.1 2.274 -3.43 "" ""
3467.939 106.00112 0.559 -11.99 3.464 CX01Q105
3467.953 26.0 2.756 -5.35 "" ""
3467.956 22.0 1.442 -4.14 "" ""
3467.957 26.0 2.873 -4.42 "" ""
3467.963 107.00114 0.787 -5.042 3.400 ""
3467.97 607.01214 2.384 -2.217 7.724 1210Rb0015
3467.97 607.01214 2.384 -3.363 7.724 1210Qd0025
3467.973 24.0 4.204 -3.07 "" ""
3467.973 607.01214 2.384 -2.061 7.724 1210Ra0025
3467.98 106.00112 0.988 -6.781 3.464 CX23P025
3467.988 106.00112 0.559 -4.122 3.464 CX01P105
3467.994 107.00114 0.787 -3.374 3.400 ""
3468.01 65.1 0.439 0.15 LAWNOHFS ""
3468.012 607.01314 2.339 -1.993 7.724 1210Ra0035
3468.024 106.00112 0.559 -4.082 3.464 CX01P115
3468.029 106.00113 0.87 -11.034 3.464 CX12Q105
3468.03 106.00113 0.098 -7.51 3.464 AX20R075
3468.037 26.0 3.544 -7.16 "" ""
3468.068 26.0 3.281 -3.02 "" ""
3468.08 64.1 0.382 -1.09 LAWLER ""
3468.081 20.0 4.677 -2.8 "" ""
3468.087 106.00113 0.841 -9.01 3.464 AX30P215
3468.101 607.01314 2.339 -2.107 7.724 1210Rb0025
3468.102 607.01314 2.339 -3.539 7.724 1210Qd0035
3468.112 58.1 0.536 -0.69 "" ""
3468.136 23.1 6.524 -0.77 "" ""
3468.144 26.0 3.289 -6.22 "" ""
3468.156 106.00112 1.016 -9.722 3.464 CX23Q045
3468.177 106.00112 1.016 -5.543 3.464 CX23P045
3468.18 25.1 4.689 -7.42 "" ""
3468.189 607.01314 2.48 -1.14 7.724 1210Ra0265
3468.219 90.1 0.83 -0.57 "" ""
3468.23 24.1 4.771 -3.71 "" ""
3468.244 74.1 2.905 -1.48 "" ""
3468.246 21.0 2.318 -1.66 "" ""
3468.251 106.00112 0.958 -4.975 3.464 AX41P195
3468.255 106.00112 0.958 -7.251 3.464 AX41Q185
3468.261 107.00114 0.599 -5.574 3.400 ""
3468.301 106.00112 0.958 -5.04 3.464 AX41P185
3468.322 607.01214 2.384 -3.172 7.724 1210Qd0015
3468.323 607.01214 2.384 -2.472 7.724 1210Rb0005
3468.326 607.01214 2.384 -2.217 7.724 1210Ra0015
3468.344 607.01314 2.338 -2.107 7.724 1210Ra0025
3468.38 25.0 4.662 -2.65 "" ""
3468.388 25.1 6.663 -5.13 "" ""
3468.4 74.0 1.707 -0.72 "" ""
3468.406 106.00112 1.016 -5.659 3.464 CX23P055
3468.41 60.1 0.064 -1.39 LAWLER ""
3468.419 607.01314 2.338 -2.262 7.724 1210Rb0015
3468.419 607.01314 2.338 -3.409 7.724 1210Qd0025
3468.43 106.00113 0.596 -4.083 3.464 CX01P115
3468.43 66.1 1.17 -0.08 LAWLER ""
3468.433 106.00113 0.596 -4.049 3.464 CX01P125
3468.439 106.00112 1.291 -4.9 3.464 CX34R035
3468.441 25.1 6.135 -3.09 "" ""
3468.463 26.0 3.544 -9.79 "" ""
3468.465 24.1 4.473 -4.95 "" ""
3468.471 106.00112 0.389 -6.461 3.464 CX01P045
3468.474 20.0 1.879 -2.18 LAWLER ""
3468.503 26.0 2.88 -3.37 "" ""
3468.517 42.0 2.258 -1.17 "" ""
3468.536 25.1 6.64 -2.01 "" ""
3468.6 26.0 3.544 -6.64 "" ""
3468.601 27.0 3.189 -0.59 "" ""
3468.615 22.0 1.748 -6.0 "" ""
3468.626 106.00113 0.596 -12.292 3.464 CX01Q115
3468.63 27.0 2.716 -2.92 "" ""
3468.667 26.0 3.571 -7.43 "" ""
3468.678 26.1 4.15 -1.69 "" ""
3468.681 24.0 3.11 -1.9 "" ""
3468.694 607.01214 2.383 -2.774 7.724 1210Qd0005
3468.695 607.01214 2.383 -2.473 7.724 1210Ra0005
3468.696 607.01314 2.337 -2.262 7.724 1210Ra0015
3468.712 106.00112 1.291 -4.703 3.464 CX34R045
3468.738 106.00112 1.291 -7.696 3.464 CX34Q045
3468.752 607.01314 2.337 -3.218 7.724 1210Qd0015
3468.753 607.01314 2.337 -2.518 7.724 1210Rb0005
3468.808 23.0 2.121 -3.34 "" ""
3468.833 42.0 3.387 -0.69 "" ""
3468.845 26.0 2.557 -1.29 "" ""
3468.883 58.1 0.122 -1.36 "" ""
3468.884 58.1 0.445 -1.09 BIEMONT ""
3468.89 22.1 4.959 -4.5 "" ""
3468.924 24.0 3.887 -2.71 "" ""
3468.961 26.0 2.277 -3.48 "" ""
3468.972 27.0 3.277 -0.55 "" ""
3468.99 64.1 0.427 0.08 LAWLER ""
3468.992 58.1 1.194 -0.7 "" ""
3469.012 26.0 3.299 -0.86 "" ""
3469.036 21.0 1.864 -1.06 "" ""
3469.038 106.00113 1.065 -8.383 3.464 AX20R255
3469.068 22.0 2.115 -1.79 "" ""
3469.069 607.01314 2.337 -2.518 7.724 1210Ra0005
3469.074 106.00112 0.874 -11.033 3.464 CX12Q105
3469.102 607.01314 2.337 -2.82 7.724 1210Qd0005
3469.116 106.00112 0.874 -4.657 3.464 CX12P105
3469.125 25.1 6.828 -4.45 "" ""
3469.156 106.00112 0.874 -4.623 3.464 CX12P115
3469.193 22.0 0.835 -5.19 "" ""
3469.198 26.0 3.544 -7.17 "" ""
3469.212 21.0 1.985 -2.87 "" ""
3469.213 24.0 4.102 -2.26 "" ""
3469.218 42.0 2.062 -0.42 "" ""
3469.22 25.1 5.811 -4.24 "" ""
3469.273 74.1 2.855 -1.19 "" ""
3469.276 23.0 2.573 -4.62 "" ""
3469.279 106.00113 1.275 -5.148 3.464 CX34R025
3469.289 106.00112 1.071 -8.383 3.464 AX20R255
3469.292 607.01314 2.491 -1.121 7.724 1210Ra0275
3469.31 64.1 0.427 -1.39 LAWLER ""
3469.321 21.0 1.985 -2.44 "" ""
3469.321 22.0 2.101 -2.97 "" ""
3469.338 25.0 2.28 -4.99 "" ""
3469.345 90.0 0.457 -0.43 "" ""
3469.39 26.0 2.843 -2.23 "" ""
3469.434 24.0 2.707 -1.81 "" ""
3469.436 41.0 1.156 -0.44 "" ""
3469.471 24.1 5.658 -3.82 "" ""
3469.485 28.0 0.275 -1.79 LAWLER ""
3469.487 92.0 0.471 -0.08 "" ""
3469.5 607.01214 2.384 -2.474 7.724 1210Pa0015
3469.5 607.01214 2.384 -2.774 7.724 1210Qc0005
3469.51 68.0 0.954 0.9 "" ""
3469.517 23.1 2.266 -1.31 LAWNOHFS ""
3469.52 26.0 3.651 -0.87 "" ""
3469.521 20.0 5.386 -3.77 "" ""
3469.543 106.00112 1.152 -4.505 3.464 AX41Q225
3469.544 26.0 3.045 -3.17 "" ""
3469.545 106.00112 0.599 -12.292 3.464 CX01Q115
3469.553 24.0 2.706 -2.38 "" ""
3469.566 106.00112 1.152 -7.381 3.464 AX41R215
3469.587 24.0 3.011 -0.54 "" ""
3469.599 106.00112 0.599 -4.082 3.464 CX01P115
3469.609 106.00112 1.152 -6.994 3.464 AX41P225
3469.609 21.0 1.983 -0.28 "" ""
3469.611 25.1 4.685 -6.15 "" ""
3469.614 23.0 2.706 -3.58 "" ""
3469.615 106.00112 0.599 -4.049 3.464 CX01P125
3469.62 45.0 1.278 -0.95 "" ""
3469.624 106.00113 1.275 -7.544 3.464 CX34Q035
3469.632 106.00112 1.152 -4.563 3.464 AX41Q215
3469.632 42.0 3.075 -0.39 "" ""
3469.644 25.0 2.28 -4.26 "" ""
3469.648 26.0 3.428 -4.67 "" ""
3469.667 106.00113 1.275 -4.895 3.464 CX34R035
3469.673 27.0 2.698 -0.89 "" ""
3469.679 26.0 3.394 -4.04 "" ""
3469.69 76.1 2.478 -2.31 Quinet06 ""
3469.704 21.0 1.994 -1.34 "" ""
3469.71 65.1 0.891 -0.5 LAWNOHFS ""
3469.722 68.1 1.401 -0.09 LAWLER ""
3469.756 26.0 3.632 -4.13 "" ""
3469.789 92.0 0.0 -0.64 "" ""
3469.803 68.1 0.891 -1.47 LAWLER ""
3469.831 26.0 2.607 -1.63 "" ""
3469.854 607.01314 2.337 -2.82 7.724 1210Qc0005
3469.858 607.01314 2.337 -2.52 7.724 1210Pa0015
3469.859 106.00113 0.638 -4.022 3.464 CX01P135
3469.873 106.00113 0.638 -4.049 3.464 CX01P125
3469.881 106.00112 0.952 -6.684 3.464 AX52R125
3469.886 26.0 3.544 -5.11 "" ""
3469.894 25.0 3.37 -5.42 "" ""
3469.897 106.00112 0.952 -4.448 3.464 AX52Q125
3469.921 22.0 1.886 -3.35 "" ""
3469.921 90.1 0.514 -0.13 Nils02/9 ""
3469.933 607.01214 2.384 -2.218 7.724 1210Pa0025
3469.933 607.01214 2.384 -3.172 7.724 1210Qc0015
3469.934 607.01214 2.384 -2.474 7.724 1210Pb0015
3469.94 40.1 0.999 -1.36 Ljung06 ""
3469.982 106.00112 0.952 -4.401 3.464 AX52Q135
3469.983 26.1 7.133 -2.56 "" ""
3469.986 106.00113 1.031 -5.658 3.464 CX23P055
3469.989 106.00113 0.908 -4.624 3.464 CX12P115
3469.994 106.00113 0.908 -4.604 3.464 CX12P125
3469.994 25.0 4.682 -0.46 "" ""
3469.998 106.00112 0.952 -6.497 3.464 AX52P135
3470.054 106.00113 1.031 -9.384 3.464 CX23Q055
3470.072 25.0 2.28 -3.84 "" ""
3470.088 27.0 3.295 -0.95 "" ""
3470.09 106.00113 0.638 -11.399 3.464 CX01Q125
3470.125 25.0 4.657 -4.06 "" ""
3470.141 106.00113 1.031 -5.798 3.464 CX23P065
3470.166 39.1 3.239 -1.0 "" ""
3470.175 106.00113 0.908 -10.6 3.464 CX12Q115
3470.19 107.00114 0.921 -5.409 3.400 ""
3470.192 66.1 2.838 1.0 "" ""
3470.202 42.0 2.075 -2.09 "" ""
3470.211 28.0 0.025 -5.23 "" ""
3470.242 26.1 3.964 -3.96 "" ""
3470.257 607.01314 2.338 -2.264 7.724 1210Pa0025
3470.257 607.01314 2.338 -3.218 7.724 1210Qc0015
3470.263 23.1 2.266 -1.02 "" ""
3470.275 106.00112 0.074 -7.461 3.464 AX20R065
3470.291 607.01314 2.338 -2.52 7.724 1210Pb0015
3470.386 607.01214 2.386 -2.218 7.724 1210Pb0025
3470.387 607.01214 2.386 -3.364 7.724 1210Qc0025
3470.388 607.01214 2.386 -2.063 7.724 1210Pa0035
3470.396 58.1 0.122 -1.45 "" ""
3470.399 24.0 2.707 -1.04 "" ""
3470.399 24.0 3.077 -4.22 "" ""
3470.428 25.0 3.37 -4.23 "" ""
3470.429 23.0 1.944 -3.07 "" ""
3470.451 106.00112 0.074 -7.439 3.464 AX20R065
3470.484 23.0 2.682 -3.21 "" ""
3470.486 106.00112 1.279 -5.147 3.464 CX34R025
3470.49 24.1 4.778 -3.05 "" ""
3470.507 26.0 3.881 -3.38 "" ""
3470.529 24.0 2.708 -1.1 "" ""
3470.549 42.0 2.932 -1.11 "" ""
3470.556 21.0 2.008 -0.47 "" ""
3470.575 42.0 2.474 -2.05 "" ""
3470.598 106.00113 0.87 -4.903 3.464 AX52P105
3470.617 106.00113 0.87 -6.592 3.464 AX52Q105
3470.628 26.0 2.88 -4.85 "" ""
3470.633 106.00112 0.952 -6.7 3.464 AX52R125
3470.649 106.00112 0.952 -4.448 3.464 AX52Q125
3470.656 45.0 0.43 -0.21 "" ""
3470.678 607.01314 2.339 -3.409 7.724 1210Qc0025
3470.68 607.01314 2.339 -2.109 7.724 1210Pa0035
3470.686 106.00112 0.952 -4.401 3.464 AX52Q135
3470.702 106.00112 0.952 -6.483 3.464 AX52P135
3470.711 607.01314 2.502 -1.102 7.724 1210Ra0285
3470.716 21.0 2.301 -3.7 "" ""
3470.72 24.0 2.708 -1.54 "" ""
3470.722 107.00114 1.484 -4.731 3.400 ""
3470.733 76.1 2.178 -1.84 Quinet06 ""
3470.734 607.01314 2.339 -2.264 7.724 1210Pb0025
3470.739 106.00113 0.87 -4.841 3.464 AX52P115
3470.845 24.0 4.609 -1.18 "" ""
3470.85 60.1 0.204 -1.22 LAWLER ""
3470.858 607.01214 2.387 -2.063 7.724 1210Pb0035
3470.861 607.01214 2.387 -3.493 7.724 1210Qc0035
3470.863 607.01214 2.387 -1.95 7.724 1210Pa0045
3470.868 106.00112 1.279 -4.895 3.464 CX34R035
3470.889 106.00112 1.279 -7.543 3.464 CX34Q035
3470.921 42.0 2.289 -0.58 "" ""
3470.962 26.0 3.299 -2.79 "" ""
3470.991 26.0 3.571 -6.71 "" ""
3470.998 106.00112 0.641 -11.399 3.464 CX01Q125
3471.001 106.00113 0.804 -7.405 3.464 AX52P085
3471.053 106.00112 0.641 -4.022 3.464 CX01P135
3471.056 106.00112 0.641 -4.049 3.464 CX01P125
3471.059 26.0 3.692 -5.3 "" ""
3471.061 21.0 1.985 -0.54 "" ""
3471.096 106.00112 1.091 -4.756 3.464 AX52R155
3471.113 40.1 1.742 -0.5 "" ""
3471.119 607.01314 2.341 -3.539 7.724 1210Qc0035
3471.121 607.01314 2.341 -1.997 7.724 1210Pa0045
3471.128 26.0 3.571 -9.73 "" ""
3471.134 106.00113 0.683 -4.002 3.464 CX01P145
3471.135 22.0 2.235 -4.5 "" ""
3471.137 106.00112 1.091 -4.753 3.464 AX52R165
3471.138 21.0 2.0 -2.9 "" ""
3471.14 62.1 0.434 -1.64 LAWLER ""
3471.14 66.1 0.92 -0.43 LAWLER ""
3471.143 23.0 2.357 -4.18 "" ""
3471.152 106.00113 0.871 -4.903 3.464 AX52P105
3471.165 106.00113 0.684 -4.022 3.464 CX01P135
3471.167 40.0 0.0 -0.53 "" ""
3471.17 106.00113 0.871 -6.611 3.464 AX52Q105
3471.17 21.0 1.985 -4.41 "" ""
3471.174 106.00112 1.091 -6.605 3.464 AX52Q165
3471.193 41.0 2.096 0.39 "" ""
3471.195 607.01314 2.341 -2.11 7.724 1210Pb0035
3471.215 106.00112 0.912 -10.6 3.464 CX12Q115
3471.219 90.0 0.479 -0.41 "" ""
3471.227 106.00112 1.034 -9.383 3.464 CX23Q055
3471.251 106.00113 0.871 -4.841 3.464 AX52P115
3471.252 106.00112 1.034 -5.658 3.464 CX23P055
3471.261 106.00112 0.912 -4.623 3.464 CX12P115
3471.266 26.0 2.221 -1.44 "" ""
3471.273 106.00112 1.595 -6.701 3.464 CX23R195
3471.281 106.00112 0.912 -4.604 3.464 CX12P125
3471.29 25.1 6.666 -4.95 "" ""
3471.327 106.00112 1.595 -3.443 3.464 CX23Q205
3471.343 26.0 2.277 -1.4 "" ""
3471.347 107.00114 1.297 -3.242 3.400 ""
3471.351 607.01214 2.39 -1.951 7.724 1210Pb0045
3471.356 607.01214 2.39 -3.592 7.724 1210Qc0045
3471.359 607.01214 2.39 -1.861 7.724 1210Pa0055
3471.367 106.00112 1.595 -3.492 3.464 CX23Q195
3471.379 27.0 3.168 0.21 "" ""
3471.386 106.00113 0.804 -7.431 3.464 AX52P085
3471.386 28.1 3.077 -1.38 "" ""
3471.403 106.00113 0.684 -11.083 3.464 CX01Q135
3471.419 27.0 2.135 -2.59 "" ""
3471.421 106.00112 1.595 -9.972 3.464 CX23P205
3471.427 23.0 2.503 -3.96 "" ""
3471.429 106.00112 1.035 -5.798 3.464 CX23P065
3471.433 106.00113 1.266 -5.508 3.464 CX34R015
3471.454 26.0 2.422 -2.62 "" ""
3471.481 23.0 2.357 -3.97 "" ""
3471.495 24.0 2.708 -1.07 "" ""
3471.527 66.1 0.927 -0.05 "" ""
3471.579 607.01314 2.343 -3.638 7.724 1210Qc0045
3471.581 607.01314 2.343 -1.907 7.724 1210Pa0055
3471.586 28.0 3.696 -0.79 "" ""
3471.603 25.1 4.689 -5.73 "" ""
3471.61 66.1 0.92 -0.47 LAWLER ""
3471.613 79.0 5.101 -1.66 "" ""
3471.621 28.0 3.696 -1.45 "" ""
3471.647 26.0 3.544 -6.21 "" ""
3471.668 607.01314 2.343 -1.997 7.724 1210Pb0045
3471.721 24.1 6.636 -4.71 "" ""
3471.742 25.1 6.568 -2.88 "" ""
3471.788 25.0 3.37 -4.68 "" ""
3471.803 106.00113 0.727 -7.106 3.464 CX12P055
3471.825 26.0 2.88 -8.11 "" ""
3471.864 23.0 2.576 -5.77 "" ""
3471.866 607.01214 2.392 -1.861 7.724 1210Pb0055
3471.872 607.01214 2.392 -3.672 7.724 1210Qc0055
3471.875 607.01214 2.392 -1.787 7.724 1210Pa0065
3471.895 26.0 3.263 -2.36 "" ""
3471.9 27.0 1.954 -4.54 "" ""
3471.914 23.0 1.798 -4.54 "" ""
3471.927 107.00114 0.264 -5.746 3.400 ""
3471.959 90.0 0.902 -0.38 "" ""
3471.997 106.00113 1.266 -7.314 3.464 CX34Q025
3471.999 21.0 1.432 -7.53 "" ""
3472.023 24.0 2.542 -4.45 "" ""
3472.03 106.00113 1.266 -5.138 3.464 CX34R025
3472.031 106.00113 0.948 -4.598 3.464 CX12P135
3472.043 106.00113 0.949 -4.604 3.464 CX12P125
3472.052 24.1 4.916 -0.58 "" ""
3472.06 607.01314 2.345 -3.718 7.724 1210Qc0055
3472.066 607.01314 2.345 -1.833 7.724 1210Pa0065
3472.067 22.0 0.825 -5.87 "" ""
3472.108 68.1 0.669 -2.59 LAWLER ""
3472.134 106.00113 0.073 -7.46 3.464 AX20R065
3472.139 29.0 5.501 -1.05 "" ""
3472.149 27.0 2.716 -3.42 "" ""
3472.16 106.00112 1.092 -4.753 3.464 AX52R165
3472.161 607.01314 2.345 -1.907 7.724 1210Pb0055
3472.174 107.00114 1.297 -4.596 3.400 ""
3472.174 22.0 2.133 -1.95 "" ""
3472.177 106.00112 1.092 -4.756 3.464 AX52R155
3472.182 27.0 3.295 -0.63 "" ""
3472.198 106.00112 1.092 -6.579 3.464 AX52Q165
3472.212 25.1 4.689 -2.74 "" ""
3472.232 26.0 2.829 -3.97 "" ""
3472.237 107.00114 1.297 -3.156 3.400 ""
3472.249 106.00113 0.949 -10.257 3.464 CX12Q125
3472.249 45.0 1.142 -0.88 "" ""
3472.263 106.00113 0.731 -3.988 3.464 CX01P155
3472.263 24.0 3.008 -2.35 "" ""
