wavelength species excitation loggf disassociation_energy comment
5728.89 39.1 1.839 -1.15 Biemont11 ""
5728.89 607.01314 0.146 -3.096 7.724 0500Qa0255
5728.898 106.00113 1.303 -7.317 3.464 BX14Q055
5728.946 106.00113 1.303 -4.408 3.464 BX14R055
5729.013 607.01214 1.292 -1.887 7.724 1004Qb0355
5729.035 607.01214 0.253 -4.449 7.724 0601Rd0005
5729.05 607.01214 1.242 -2.915 7.724 1105Rb0055
5729.064 607.01214 1.242 -2.923 7.724 1105Qd0065
5729.095 607.01214 1.292 -3.412 7.724 1004Pd0365
5729.156 607.01314 0.385 -4.568 7.724 0500Rd0415
5729.185 41.0 0.197 -1.53 "" ""
5729.198 106.00112 0.838 -6.958 3.464 AX02P095
5729.204 607.01314 1.922 -2.653 7.724 1508Pb0105
5729.206 24.0 3.842 -1.06 "" ""
5729.251 39.0 2.002 -1.18 "" ""
5729.272 60.0 0.293 -0.18 "" ""
5729.294 607.01314 0.251 -3.246 7.724 0500Rb0325
5729.313 62.0 1.413 -0.57 "" ""
5729.319 28.0 5.0 -2.8 "" ""
5729.339 58.0 0.646 -1.07 "" ""
5729.342 607.01314 0.236 -3.239 7.724 0500Ra0325
5729.37 607.01314 0.251 -4.163 7.724 0500Qd0335
5729.371 106.00113 1.57 -7.032 3.464 AX02P235
5729.396 607.01314 1.922 -2.981 7.724 1508Rc0105
5729.399 607.01214 0.35 -3.859 7.724 0601Rd0205
5729.41 112.00124 0.745 -4.061 1.340 13R119b24
5729.418 607.01314 1.922 -2.257 7.724 1508Qa0115
5729.424 58.0 1.054 -0.77 "" ""
5729.438 25.0 4.675 -2.99 "" ""
5729.445 42.0 2.494 -2.24 "" ""
5729.459 607.01214 1.992 -3.156 7.724 1508Pc0155
5729.488 106.00113 1.42 -4.022 3.464 BX14R095
5729.539 607.01314 2.728 -3.206 7.724 1911Rd0295
5729.572 42.0 3.731 -0.98 "" ""
5729.631 25.0 3.376 -3.8 "" ""
5729.66 22.0 3.184 -1.81 "" ""
5729.676 106.00113 2.402 -4.828 3.464 AX03Q325
5729.684 106.00113 2.402 -8.149 3.464 AX03R315
5729.689 607.01214 1.245 -2.838 7.724 1105Rb0065
5729.703 607.01314 2.59 -2.792 7.724 1911Qc0125
5729.705 607.01214 1.245 -2.897 7.724 1105Qd0075
5729.736 27.0 5.107 -4.27 "" ""
5729.738 607.01314 1.906 -2.862 7.724 1508Qc0065
5729.739 607.01314 2.59 -2.595 7.724 1911Pa0135
5729.751 607.01314 1.906 -2.925 7.724 1508Pa0075
5729.759 607.01314 1.982 -2.253 7.724 1508Rb0195
5729.781 607.01214 2.709 -2.309 7.724 1911Pb0215
5729.792 26.1 6.802 -3.53 "" ""
5729.799 607.01314 1.982 -2.766 7.724 1508Qd0205
5729.812 106.00113 1.42 -7.537 3.464 BX14Q105
5729.87 42.0 2.913 -1.66 "" ""
5729.889 607.01214 1.233 -3.455 7.724 1105Qb0005
5729.892 607.01214 1.233 -3.756 7.724 1105Pd0015
5729.896 106.00113 1.42 -3.934 3.464 BX14R105
5729.896 607.01314 0.061 -4.432 7.724 0500Pc0155
5729.911 607.01214 0.256 -3.848 7.724 0601Rb0025
5729.917 23.0 1.798 -3.51 "" ""
5729.919 607.01214 0.256 -3.689 7.724 0601Qd0035
5729.946 20.0 5.449 -4.38 "" ""
5729.962 607.01214 0.258 -3.718 7.724 0601Rb0035
5729.967 106.00113 2.402 -7.286 3.464 AX03P325
5729.973 607.01214 0.258 -3.626 7.724 0601Qd0045
5729.976 106.00113 2.402 -4.816 3.464 AX03Q315
5730.01 607.01214 0.254 -4.023 7.724 0601Rb0015
5730.016 607.01214 0.254 -3.777 7.724 0601Qd0025
5730.034 607.01314 1.055 -3.351 7.724 1004Pc0185
5730.047 607.01314 1.901 -3.517 7.724 1508Pc0045
5730.137 62.0 1.413 -0.72 "" ""
5730.164 607.01214 0.26 -3.613 7.724 0601Rb0045
5730.177 607.01214 0.26 -3.58 7.724 0601Qd0055
5730.23 106.00112 2.204 -7.504 3.464 AX36R175
5730.236 607.01314 2.655 -2.22 7.724 1911Ra0225
5730.258 607.01214 0.253 -4.299 7.724 0601Rb0005
5730.262 607.01214 0.254 -3.905 7.724 0601Qd0015
5730.321 607.01214 1.317 -3.218 7.724 1105Rd0195
5730.346 106.00113 2.552 -6.004 3.464 AX46P235
5730.369 607.01314 2.615 -3.026 7.724 1911Rc0165
5730.386 607.01314 2.052 -3.171 7.724 1508Rd0275
5730.397 607.01314 2.615 -2.084 7.724 1911Qa0175
5730.401 607.01314 1.102 -2.41 7.724 1004Pb0235
5730.446 607.01214 1.259 -2.3 7.724 0903Pb0465
5730.45 607.01314 0.094 -4.071 7.724 0500Qc0195
5730.457 607.01314 2.63 -2.055 7.724 1911Qb0185
5730.469 27.0 3.565 -2.9 "" ""
5730.474 22.0 2.736 -3.47 "" ""
5730.481 106.00112 0.839 -6.988 3.464 AX02P095
5730.489 607.01314 2.63 -3.049 7.724 1911Pd0195
5730.497 607.01314 0.094 -3.559 7.724 0500Pa0205
5730.498 607.01214 1.249 -2.772 7.724 1105Rb0075
5730.517 607.01214 1.249 -2.877 7.724 1105Qd0085
5730.519 607.01214 0.263 -3.524 7.724 0601Rb0055
5730.534 607.01214 0.263 -3.546 7.724 0601Qd0065
5730.631 22.0 2.504 -3.58 "" ""
5730.634 22.0 3.176 -2.01 "" ""
5730.644 112.00124 1.45 -1.413 1.340 02P243b24
5730.65 607.01314 1.945 -2.134 7.724 1508Qb0145
5730.656 607.01214 0.253 -4.069 7.724 0601Qd0005
5730.681 607.01314 1.945 -3.015 7.724 1508Pd0155
5730.711 607.01214 2.7 -2.323 7.724 1911Pa0215
5730.726 607.01214 1.234 -3.216 7.724 1105Qb0015
5730.731 607.01214 1.234 -3.527 7.724 1105Pd0025
5730.739 607.01214 1.371 -1.919 7.724 0903Qb0515
5730.746 106.00113 1.838 -7.18 3.464 BX03P245
5730.748 106.00113 1.652 -6.288 3.464 BX14R165
5730.756 24.0 5.6 -1.18 "" ""
5730.794 607.01214 0.311 -2.952 7.724 0500Qb0355
5730.833 63.0 1.667 -0.54 "" ""
5730.854 26.0 4.909 -1.81 "" ""
5730.859 607.01214 1.371 -3.739 7.724 0903Pd0525
5730.859 607.01214 1.414 -5.003 7.724 0600Qc0775
5730.874 607.01214 2.7 -2.83 7.724 1911Qc0205
5730.881 607.01214 0.311 -4.508 7.724 0500Pd0365
5730.897 106.00112 2.339 -5.119 3.464 AX25R245
5730.902 112.00124 1.45 -4.415 1.340 02Q243b24
5730.909 112.00124 1.099 -1.053 1.340 13Q231b24
5730.917 607.01214 2.675 -3.177 7.724 1911Pc0175
5730.981 106.00112 2.339 -5.012 3.464 AX25R235
5731.027 607.01214 0.266 -3.448 7.724 0601Rb0065
5731.037 106.00112 2.586 -5.613 3.464 AX51P385
5731.045 607.01214 0.266 -3.521 7.724 0601Qd0075
5731.045 607.01214 1.414 -3.454 7.724 0600Pa0785
5731.046 607.01214 2.121 -2.05 7.724 1508Ra0295
5731.063 106.00112 2.339 -6.891 3.464 AX25Q245
5731.086 112.00124 1.099 -4.976 1.340 13P131b24
5731.099 112.00124 1.45 -1.402 1.340 02P143b24
5731.101 607.01314 1.966 -2.26 7.724 1508Ra0185
5731.118 22.0 2.229 -2.04 LAWLER ""
5731.123 24.0 3.373 -4.12 "" ""
5731.147 607.01214 2.134 -2.059 7.724 1508Rb0295
5731.152 112.00124 1.099 -4.976 1.340 13R231b24
5731.159 607.01214 0.36 -3.866 7.724 0601Rd0215
5731.177 23.0051 1.063 -1.37 LAWLER ""
5731.207 607.01214 2.134 -2.862 7.724 1508Qd0305
5731.21 23.0051 1.063 -2.21 LAWLER ""
5731.22 23.0051 1.063 -1.511 LAWLER ""
5731.224 106.00113 0.87 -6.972 3.464 AX02P105
5731.232 607.01214 2.75 -3.123 7.724 1911Pd0265
5731.239 23.0051 1.063 -3.325 LAWLER ""
5731.248 23.0051 1.063 -2.014 LAWLER ""
5731.256 23.0051 1.063 -1.675 LAWLER ""
5731.272 23.0051 1.063 -2.914 LAWLER ""
5731.28 23.0051 1.063 -1.96 LAWLER ""
5731.286 23.0051 1.063 -1.873 LAWLER ""
5731.299 23.0051 1.063 -2.692 LAWLER ""
5731.305 23.0051 1.063 -1.982 LAWLER ""
5731.31 23.0051 1.063 -2.128 LAWLER ""
5731.319 23.0051 1.063 -2.567 LAWLER ""
5731.324 23.0051 1.063 -2.073 LAWLER ""
5731.327 23.0051 1.063 -2.516 LAWLER ""
5731.328 112.00124 1.099 -1.039 1.340 13Q131b24
5731.333 23.0051 1.063 -2.516 LAWLER ""
5731.336 23.0051 1.063 -2.261 LAWLER ""
5731.341 23.0051 1.063 -2.546 LAWLER ""
5731.354 607.01214 2.739 -1.897 7.724 1911Qa0255
5731.362 607.01214 2.073 -1.871 7.724 1508Qb0245
5731.413 607.01214 2.073 -3.094 7.724 1508Pd0255
5731.434 14.0 5.609 -2.95 "" ""
5731.447 607.01214 0.217 -4.195 7.724 0500Qc0295
5731.456 106.00113 1.834 -2.146 3.464 BX13R235
5731.469 607.01314 1.092 -3.011 7.724 1004Qc0225
5731.478 607.01214 1.253 -2.712 7.724 1105Rb0085
5731.498 607.01314 1.927 -2.979 7.724 1508Rc0115
5731.499 607.01214 1.253 -2.863 7.724 1105Qd0095
5731.513 25.0 5.697 -2.37 "" ""
5731.52 607.01214 0.217 -3.368 7.724 0500Pa0305
5731.52 607.01314 1.092 -2.423 7.724 1004Pa0235
5731.522 607.01314 1.927 -2.213 7.724 1508Qa0125
5731.529 106.00113 1.834 -6.639 3.464 BX13Q245
5731.587 607.01214 2.033 -2.293 7.724 1508Pb0205
5731.603 607.01214 2.75 -1.895 7.724 1911Qb0255
5731.638 106.00112 1.65 -7.099 3.464 AX02P245
5731.668 23.0 3.111 -0.68 "" ""
5731.676 607.01214 2.739 -3.095 7.724 1911Rc0245
5731.692 607.01214 0.27 -3.38 7.724 0601Rb0075
5731.693 22.0 2.238 -3.82 "" ""
5731.712 607.01214 0.27 -3.503 7.724 0601Qd0085
5731.715 106.00113 1.834 -1.739 3.464 BX13R245
5731.72 106.00113 1.288 -4.683 3.464 BX14R035
5731.726 607.01214 1.235 -3.031 7.724 1105Qb0025
5731.733 607.01214 1.235 -3.399 7.724 1105Pd0035
5731.762 26.0 4.253 -1.3 "" ""
5731.781 607.01214 1.397 -2.087 7.724 1004Rb0415
5731.809 106.00112 1.716 -2.685 3.464 BX13R215
5731.849 106.00112 1.368 -4.203 3.464 BX14R075
5731.865 607.01214 0.421 -3.129 7.724 0500Ra0425
5731.869 106.00113 1.136 -7.42 3.464 BX03P095
5731.871 106.00112 1.344 -4.301 3.464 BX14R065
5731.876 607.01214 1.397 -3.175 7.724 1004Qd0425
5731.887 607.01214 0.253 -4.07 7.724 0601Qb0005
5731.891 607.01214 0.254 -4.371 7.724 0601Pd0015
5731.9 607.01314 1.91 -2.831 7.724 1508Qc0075
5731.902 112.00124 1.156 -1.393 1.340 02Q236b24
5731.915 607.01314 1.91 -2.842 7.724 1508Pa0085
5731.937 106.00112 1.716 -7.023 3.464 BX13Q225
5731.972 24.0 3.077 -8.51 "" ""
5732.051 607.01214 0.592 -4.668 7.724 0500Rd0505
5732.09 39.0 2.083 -0.66 "" ""
5732.096 607.01214 2.063 -3.06 7.724 1508Rc0235
5732.103 106.00112 1.716 -2.393 3.464 BX13R225
5732.103 112.00124 1.156 -5.535 1.340 02P136b24
5732.115 24.0 3.977 -3.81 "" ""
5732.121 607.01314 1.148 -3.28 7.724 1004Rc0275
5732.124 112.00124 1.156 -5.535 1.340 02R236b24
5732.126 607.01314 2.674 -2.21 7.724 1911Rb0235
5732.144 607.01214 2.063 -1.873 7.724 1508Qa0245
5732.153 607.01314 2.58 -3.216 7.724 1911Pc0105
5732.167 607.01314 2.674 -2.835 7.724 1911Qd0245
5732.183 607.01314 1.148 -1.982 7.724 1004Qa0285
5732.216 607.01314 1.16 -1.981 7.724 1004Qb0285
5732.249 607.01314 0.169 -3.076 7.724 0500Qb0265
5732.253 607.01214 1.234 -3.756 7.724 1105Pb0015
5732.265 607.01214 1.326 -3.225 7.724 1105Rd0205
5732.277 106.00112 1.368 -7.5 3.464 BX14Q085
5732.28 607.01314 1.16 -3.32 7.724 1004Pd0295
5732.296 26.0 4.987 -1.56 "" ""
5732.298 607.01214 1.163 -3.43 7.724 1004Pc0265
5732.312 607.01314 0.169 -4.386 7.724 0500Pd0275
5732.323 29.0 5.57 -1.79 "" ""
5732.326 112.00124 1.156 -1.381 1.340 02Q136b24
5732.344 106.00112 1.368 -4.109 3.464 BX14R085
5732.353 106.00113 1.839 -3.082 3.464 BX03Q235
5732.362 106.00112 1.345 -7.459 3.464 BX14Q075
5732.381 607.01214 1.216 -3.109 7.724 1004Qc0305
5732.423 106.00112 1.345 -4.201 3.464 BX14R075
5732.452 607.01214 1.216 -2.282 7.724 1004Pa0315
5732.514 607.01214 0.274 -3.321 7.724 0601Rb0085
5732.537 607.01214 0.274 -3.49 7.724 0601Qd0095
5732.569 106.00113 1.288 -7.202 3.464 BX14Q045
5732.57 607.01314 2.608 -2.482 7.724 1911Pb0155
5732.609 106.00113 1.288 -4.531 3.464 BX14R045
5732.626 106.00112 2.45 -11.347 3.464 AX50P395
5732.631 607.01214 1.257 -2.658 7.724 1105Rb0095
5732.654 607.01214 1.257 -2.853 7.724 1105Qd0105
5732.662 607.01314 1.927 -2.603 7.724 1508Pb0115
5732.672 607.01314 1.903 -3.41 7.724 1508Pc0055
5732.724 26.1 3.387 -4.6 MELBAR ""
5732.725 607.01214 0.254 -3.83 7.724 0601Qb0015
5732.73 607.01214 0.254 -4.143 7.724 0601Pd0025
5732.731 106.00113 0.871 -7.005 3.464 AX02P105
5732.747 106.00113 2.333 -5.119 3.464 AX25R245
5732.824 106.00113 1.838 -2.937 3.464 BX03Q245
5732.826 26.0 4.545 -4.38 "" ""
5732.832 106.00112 2.205 -7.455 3.464 AX36R175
5732.863 26.0 4.1 -3.04 "" ""
5732.889 607.01214 1.237 -2.89 7.724 1105Qb0035
5732.899 607.01214 1.237 -3.314 7.724 1105Pd0045
5732.915 607.01314 0.113 -3.518 7.724 0500Pb0215
5732.917 23.0 3.281 -4.08 "" ""
5732.937 62.0 0.498 -0.86 "" ""
5732.975 90.1 2.196 -1.07 "" ""
5732.98 106.00113 2.333 -5.012 3.464 AX25R235
5733.015 20.0 4.765 -0.96 "" ""
5733.021 607.01314 1.991 -2.228 7.724 1508Rb0205
5733.035 106.00113 2.333 -6.89 3.464 AX25Q245
5733.062 607.01314 1.991 -2.772 7.724 1508Qd0215
5733.075 23.0 2.357 -0.7 "" ""
5733.088 607.01214 0.232 -3.361 7.724 0500Pb0305
5733.093 607.01214 0.37 -3.874 7.724 0601Rd0225
5733.136 607.01214 1.292 -3.375 7.724 1004Rc0355
5733.141 14.0 7.709 -4.95 "" ""
5733.141 607.01314 0.157 -4.345 7.724 0500Rc0255
5733.202 607.01314 0.157 -3.077 7.724 0500Qa0265
5733.218 607.01214 1.292 -1.875 7.724 1004Qa0365
5733.237 92.1 1.026 -1.59 Nils02/17 ""
5733.245 607.01314 2.596 -2.787 7.724 1911Qc0135
5733.253 106.00112 1.324 -4.409 3.464 BX14R055
5733.255 22.0 3.177 -3.66 "" ""
5733.269 607.01314 2.596 -2.552 7.724 1911Pa0145
5733.292 22.0 2.316 -7.8 "" ""
5733.308 27.0 3.626 -2.45 "" ""
5733.348 24.0 5.603 -1.01 "" ""
5733.363 607.01214 2.024 -2.8 7.724 1508Qc0195
5733.403 607.01214 2.024 -2.309 7.724 1508Pa0205
5733.404 23.0 3.064 -0.16 "" ""
5733.459 106.00112 1.395 -4.11 3.464 BX14R085
5733.495 607.01214 0.279 -3.267 7.724 0601Rb0095
5733.52 607.01214 0.279 -3.481 7.724 0601Qd0105
5733.532 106.00112 1.576 -7.032 3.464 AX02P235
5733.568 25.1 6.128 -5.55 "" ""
5733.676 26.0 4.183 -3.23 "" ""
5733.693 58.1 1.543 -1.2 LAWLER ""
5733.71 607.01214 0.256 -3.644 7.724 0601Qb0025
5733.715 607.01214 1.371 -3.688 7.724 0903Rc0515
5733.718 607.01214 0.256 -4.016 7.724 0601Pd0035
5733.746 607.01314 1.974 -2.236 7.724 1508Ra0195
5733.79 607.01214 0.164 -4.524 7.724 0500Pc0255
5733.8 106.00112 1.431 -4.398 3.464 BX03P165
5733.808 607.01314 1.933 -2.979 7.724 1508Rc0125
5733.815 69.1 4.111 0.14 "" ""
5733.828 106.00112 1.324 -7.399 3.464 BX14Q065
5733.833 607.01314 1.933 -2.173 7.724 1508Qa0135
5733.834 607.01214 1.371 -1.91 7.724 0903Qa0525
5733.835 106.00112 1.395 -7.525 3.464 BX14Q095
5733.847 23.0 2.721 -1.06 "" ""
5733.85 64.1 1.371 -0.65 LAWLER ""
5733.878 607.01314 0.251 -3.224 7.724 0500Ra0335
5733.882 106.00112 1.324 -4.299 3.464 BX14R065
5733.902 607.01314 1.951 -2.099 7.724 1508Qb0155
5733.91 106.00112 1.395 -4.02 3.464 BX14R095
5733.924 607.01214 1.259 -3.442 7.724 0903Qc0465
5733.926 607.01314 2.622 -3.032 7.724 1911Rc0175
5733.929 106.00112 1.431 -8.389 3.464 BX03Q165
5733.933 607.01314 1.951 -3.017 7.724 1508Pd0165
5733.934 58.0 0.396 -1.04 "" ""
5733.954 607.01314 2.622 -2.055 7.724 1911Qa0185
5733.958 607.01214 1.262 -2.61 7.724 1105Rb0105
5733.978 607.01314 2.664 -2.2 7.724 1911Ra0235
5733.983 607.01214 1.262 -2.847 7.724 1105Qd0115
5733.999 23.0 2.357 -1.11 "" ""
5734.033 607.01214 1.259 -2.293 7.724 0903Pa0475
5734.05 42.0 1.53 -2.57 "" ""
5734.068 607.01314 2.063 -3.178 7.724 1508Rd0285
5734.108 607.01314 0.266 -3.231 7.724 0500Rb0335
5734.113 106.00112 1.431 -4.304 3.464 BX03P175
5734.122 112.00124 0.892 -1.949 1.340 02R229b24
5734.187 607.01314 0.266 -4.17 7.724 0500Qd0345
5734.198 22.0 3.196 -1.85 "" ""
5734.218 607.01214 1.239 -2.777 7.724 1105Qb0045
5734.23 607.01214 1.239 -3.254 7.724 1105Pd0055
5734.245 21.0 5.564 -2.92 "" ""
5734.272 27.0 3.527 -2.56 "" ""
5734.272 607.01214 1.235 -3.479 7.724 1105Pb0025
5734.275 607.01314 1.913 -2.808 7.724 1508Qc0085
5734.293 607.01314 1.913 -2.77 7.724 1508Pa0095
5734.309 112.00124 0.892 -4.676 1.340 02Q129b24
5734.311 22.0 2.295 -1.96 "" ""
5734.328 607.01314 0.403 -4.574 7.724 0500Rd0425
5734.348 607.01214 0.254 -4.371 7.724 0601Pb0015
5734.396 607.01214 1.336 -3.232 7.724 1105Rd0215
5734.431 106.00113 1.839 -6.838 3.464 BX03R235
5734.539 607.01214 1.23 -2.276 7.724 1004Pb0315
5734.55 60.1 1.877 -0.53 LAWLER ""
5734.564 26.0 4.952 -1.61 "" ""
5734.617 607.01214 1.999 -3.155 7.724 1508Pc0165
5734.631 607.01314 0.069 -4.432 7.724 0500Pc0165
5734.638 607.01214 0.284 -3.218 7.724 0601Rb0105
5734.665 607.01214 0.284 -3.475 7.724 0601Qd0115
5734.687 106.00113 1.8 -7.925 3.464 AX14R195
5734.694 607.01314 2.638 -2.029 7.724 1911Qb0195
5734.709 112.00124 0.892 -1.936 1.340 02R129b24
5734.724 607.01314 2.638 -3.053 7.724 1911Pd0205
5734.75 106.00112 1.265 -6.133 3.464 BX14R015
5734.801 25.0 5.574 -2.1 "" ""
5734.812 106.00113 1.572 -7.099 3.464 AX02P235
5734.813 24.0 5.467 -1.64 "" ""
5734.838 24.0 3.11 -5.22 "" ""
5734.838 607.01214 0.44 -3.134 7.724 0500Rb0425
5734.845 607.01214 0.258 -3.503 7.724 0601Qb0035
5734.856 607.01214 0.258 -3.932 7.724 0601Pd0045
5734.864 22.1 1.891 -6.2 "" ""
5734.873 607.01214 0.311 -4.468 7.724 0500Rc0355
5734.897 607.01314 0.104 -4.078 7.724 0500Qc0205
5734.942 607.01214 0.44 -4.28 7.724 0500Qd0435
5734.946 607.01314 0.104 -3.533 7.724 0500Pa0215
5734.96 607.01214 0.311 -2.94 7.724 0500Qa0365
5734.963 23.1 4.002 -3.81 "" ""
5734.972 57.0 1.234 -0.75 "" ""
5735.005 25.1 6.531 -4.87 "" ""
5735.027 106.00113 2.554 -6.066 3.464 AX46P235
5735.049 22.0 2.248 -3.33 "" ""
5735.055 23.0 2.113 -2.52 "" ""
5735.071 112.00124 0.701 -4.643 1.340 02R123b24
5735.074 74.0 3.406 -0.09 "" ""
5735.12 23.0 3.281 -4.24 "" ""
5735.154 607.01214 1.683 -3.851 7.724 0903Rd0645
5735.202 607.01214 0.381 -3.882 7.724 0601Rd0235
5735.203 21.0 3.099 -0.85 "" ""
5735.229 42.0 3.357 -1.87 "" ""
5735.292 23.0 1.948 -2.19 "" ""
5735.381 106.00113 1.452 -3.935 3.464 BX14R105
5735.399 20.0 4.776 -3.12 "" ""
5735.404 106.00112 2.165 -5.121 3.464 AX14R255
5735.422 607.01314 1.063 -3.354 7.724 1004Pc0195
5735.46 607.01214 1.267 -2.565 7.724 1105Rb0115
5735.488 607.01214 1.267 -2.843 7.724 1105Qd0125
5735.514 607.01314 1.906 -3.335 7.724 1508Pc0065
5735.531 106.00112 2.165 -5.084 3.464 AX14R245
5735.538 24.0 3.844 -2.03 "" ""
5735.578 607.01214 1.397 -2.071 7.724 1004Ra0425
5735.606 106.00112 2.055 -5.508 3.464 AX03R275
5735.64 106.00112 2.165 -7.058 3.464 AX14Q255
5735.653 106.00112 2.34 -5.119 3.464 AX25R245
5735.671 106.00113 1.452 -7.536 3.464 BX14Q115
5735.688 58.0 0.684 -0.71 "" ""
5735.69 40.0 0.0 -2.24 "" ""
5735.7 607.01214 1.826 -3.279 7.724 0600Rb0885
5735.706 26.0 4.909 -3.48 "" ""
5735.713 607.01214 1.242 -2.682 7.724 1105Qb0055
5735.727 607.01214 1.242 -3.21 7.724 1105Pd0065
5735.729 607.01214 2.719 -2.285 7.724 1911Pb0225
5735.762 106.00113 1.452 -3.848 3.464 BX14R115
5735.787 106.00112 1.306 -4.533 3.464 BX14R045
5735.794 106.00112 2.055 -5.504 3.464 AX03R265
5735.82 106.00112 2.34 -6.852 3.464 AX25Q245
5735.88 22.0 2.343 -2.36 "" ""
5735.889 607.01214 1.519 -2.134 7.724 0903Rb0575
5735.905 106.00112 2.055 -7.539 3.464 AX03Q275
5735.911 20.0 4.438 -1.04 "" ""
5735.911 20.0 5.581 -5.44 "" ""
5735.911 607.01214 1.826 -4.981 7.724 0600Qd0895
5735.916 106.00112 2.34 -5.012 3.464 AX25R235
5735.933 106.00113 1.501 -7.033 3.464 AX02P225
5735.942 607.01214 0.289 -3.173 7.724 0601Rb0115
5735.966 64.0 0.985 -0.9 "" ""
5735.972 607.01214 0.289 -3.473 7.724 0601Qd0125
5735.974 607.01314 1.113 -2.389 7.724 1004Pb0245
5735.989 106.00113 2.158 -5.12 3.464 AX14R255
5736.009 106.00112 2.6 -8.336 3.464 AX03R335
5736.022 607.01214 1.52 -3.481 7.724 0903Qd0585
5736.044 106.00113 1.276 -4.877 3.464 BX14R025
5736.082 607.01214 1.308 -1.874 7.724 1004Qb0365
5736.104 21.1 7.217 -3.83 "" ""
5736.116 607.01314 2.585 -3.197 7.724 1911Pc0115
5736.121 106.00112 2.6 -4.874 3.464 AX03Q345
5736.13 607.01214 0.26 -3.389 7.724 0601Qb0045
5736.134 106.00113 2.158 -5.084 3.464 AX14R245
5736.137 607.01314 1.89 -3.264 7.724 1407Pc0315
5736.143 607.01214 0.26 -3.874 7.724 0601Pd0055
5736.159 24.0 5.483 -1.84 "" ""
5736.166 607.01214 1.308 -3.42 7.724 1004Pd0375
5736.184 28.0 5.0 -3.39 "" ""
5736.202 607.01214 2.709 -2.299 7.724 1911Pa0225
5736.218 106.00113 2.158 -7.058 3.464 AX14Q255
5736.243 23.0 2.614 -2.87 "" ""
5736.295 607.01314 1.933 -2.557 7.724 1508Pb0125
5736.325 607.01314 1.938 -2.98 7.724 1508Rc0135
5736.353 607.01314 1.938 -2.136 7.724 1508Qa0145
5736.354 20.0 5.581 -5.62 "" ""
5736.359 22.0 3.427 -3.42 "" ""
5736.372 106.00112 2.6 -4.835 3.464 AX03Q335
5736.387 106.00113 1.477 -4.306 3.464 BX03P175
5736.391 92.0 0.868 -1.24 "" ""
5736.4 607.01214 2.709 -2.837 7.724 1911Qc0215
5736.417 607.01214 0.256 -4.093 7.724 0601Pb0025
5736.456 607.01214 1.237 -3.303 7.724 1105Pb0035
5736.465 106.00113 1.646 -8.569 3.464 AX03R215
5736.47 23.0 1.71 -4.45 "" ""
5736.473 607.01314 2.0 -2.205 7.724 1508Rb0215
5736.478 106.00112 1.306 -7.316 3.464 BX14Q055
5736.484 106.00112 2.6 -7.313 3.464 AX03P345
5736.49 607.01314 2.684 -2.19 7.724 1911Rb0245
5736.514 106.00113 1.477 -8.281 3.464 BX03Q175
5736.517 607.01314 2.0 -2.778 7.724 1508Qd0225
5736.524 106.00112 1.306 -4.407 3.464 BX14R055
5736.533 607.01314 2.684 -2.845 7.724 1911Qd0255
5736.539 71.0 0.0 -1.55 "" ""
5736.556 68.0 2.143 -0.01 "" ""
5736.575 27.0 4.229 -2.07 "" ""
5736.591 607.01314 1.982 -2.213 7.724 1508Ra0205
5736.625 24.0 3.553 -1.44 "" ""
5736.631 23.1 5.533 -3.54 "" ""
5736.662 607.01314 1.102 -3.018 7.724 1004Qc0235
5736.666 106.00113 1.477 -4.204 3.464 BX03P185
5736.667 46.0 4.633 -0.2 "" ""
5736.667 607.01214 2.683 -3.178 7.724 1911Pc0185
5736.714 607.01214 1.345 -3.239 7.724 1105Rd0225
5736.715 607.01314 1.102 -2.401 7.724 1004Pa0245
5736.723 607.01214 2.085 -1.852 7.724 1508Qb0255
5736.75 20.0 5.574 -5.9 "" ""
5736.756 607.01214 2.75 -1.878 7.724 1911Qa0265
5736.776 607.01214 2.085 -3.102 7.724 1508Pd0265
5736.787 106.00112 1.806 -7.925 3.464 AX14R195
5736.855 62.0 1.617 -0.17 "" ""
5736.862 607.01314 1.918 -2.791 7.724 1508Qc0095
5736.865 106.00112 0.873 -6.971 3.464 AX02P105
5736.867 106.00112 2.563 -6.003 3.464 AX46P235
5736.883 607.01314 1.918 -2.706 7.724 1508Pa0105
5736.985 607.01214 2.761 -3.131 7.724 1911Pd0275
5737.007 607.01314 2.602 -2.785 7.724 1911Qc0145
5737.027 23.0051 1.063 -1.386 LAWLER ""
5737.033 607.01314 2.602 -2.512 7.724 1911Pa0155
5737.037 23.0051 1.063 -2.085 LAWLER ""
5737.041 23.0051 1.063 -2.085 LAWLER ""
5737.051 23.0051 1.063 -1.678 LAWLER ""
5737.059 23.0051 1.063 -1.904 LAWLER ""
5737.06 106.00112 1.424 -4.021 3.464 BX14R095
5737.063 23.0051 1.063 -1.904 LAWLER ""
5737.07 23.0051 1.063 -2.084 LAWLER ""
5737.07 607.01314 0.182 -3.058 7.724 0500Qb0275
5737.076 607.01214 2.073 -3.068 7.724 1508Rc0245
5737.077 23.0051 1.063 -1.873 LAWLER ""
5737.08 23.0051 1.063 -1.873 LAWLER ""
5737.086 23.0051 1.063 -2.801 LAWLER ""
5737.087 607.01314 2.615 -2.448 7.724 1911Pb0165
5737.091 23.0051 1.063 -1.937 LAWLER ""
5737.093 23.0051 1.063 -1.937 LAWLER ""
5737.098 23.0051 1.063 -4.041 LAWLER ""
5737.101 23.0051 1.063 -2.136 LAWLER ""
5737.103 23.0051 1.063 -2.136 LAWLER ""
5737.106 23.0051 1.063 -2.391 LAWLER ""
5737.113 607.01214 2.042 -2.269 7.724 1508Pb0215
5737.126 607.01214 2.073 -1.853 7.724 1508Qa0255
5737.128 607.01214 2.75 -3.103 7.724 1911Rc0255
5737.135 607.01314 0.182 -4.394 7.724 0500Pd0285
5737.14 607.01214 1.273 -2.524 7.724 1105Rb0125
5737.166 106.00113 1.276 -7.041 3.464 BX14Q035
5737.17 607.01214 1.273 -2.842 7.724 1105Qd0135
5737.199 106.00113 1.276 -4.677 3.464 BX14R035
5737.22 69.1 2.732 -1.33 LAWLER ""
5737.272 92.0 0.87 -1.24 "" ""
5737.281 607.01314 1.16 -3.288 7.724 1004Rc0285
5737.336 25.0 5.487 -1.89 "" ""
5737.338 607.01314 1.958 -2.067 7.724 1508Qb0165
5737.345 607.01314 1.16 -1.966 7.724 1004Qa0295
5737.371 607.01314 1.958 -3.019 7.724 1508Pd0175
5737.374 607.01214 1.245 -2.6 7.724 1105Qb0065
5737.383 112.00124 0.876 -1.294 1.340 13R224b24
5737.391 607.01214 1.245 -3.177 7.724 1105Pd0075
5737.395 106.00112 1.424 -7.536 3.464 BX14Q105
5737.411 607.01214 0.295 -3.132 7.724 0601Rb0125
5737.411 607.01214 2.762 -1.877 7.724 1911Qb0265
5737.417 607.01214 0.328 -2.939 7.724 0500Qb0365
5737.443 607.01214 0.295 -3.472 7.724 0601Qd0135
5737.477 106.00112 1.424 -3.933 3.464 BX14R105
5737.488 607.01214 0.392 -3.889 7.724 0601Rd0245
5737.493 106.00113 2.335 -5.119 3.464 AX25R245
5737.506 607.01214 0.328 -4.516 7.724 0500Pd0375
5737.526 26.0 3.263 -6.94 "" ""
5737.538 112.00124 0.876 -3.996 1.340 13Q124b24
5737.567 607.01214 0.263 -3.293 7.724 0601Qb0055
5737.582 607.01214 0.263 -3.831 7.724 0601Pd0065
5737.583 607.01214 1.177 -3.766 7.724 0903Pc0425
5737.631 607.01314 0.169 -4.353 7.724 0500Rc0265
5737.671 106.00112 1.848 -7.179 3.464 BX03P245
5737.694 607.01314 0.169 -3.059 7.724 0500Qa0275
5737.699 26.1 3.422 -5.57 "" ""
5737.7 607.01314 2.63 -3.039 7.724 1911Rc0185
5737.702 607.01314 1.173 -1.965 7.724 1004Qb0295
5737.724 106.00113 2.335 -6.852 3.464 AX25Q245
5737.735 607.01314 2.63 -2.028 7.724 1911Qa0195
5737.76 106.00113 0.908 -6.983 3.464 AX02P115
5737.765 106.00112 1.848 -3.081 3.464 BX03Q235
5737.769 607.01314 1.173 -3.328 7.724 1004Pd0305
5737.807 106.00112 1.848 -2.937 3.464 BX03Q245
5737.863 106.00113 2.335 -5.012 3.464 AX25R235
5737.874 112.00124 0.876 -1.305 1.340 13R124b24
5737.895 76.0 2.189 -2.46 "" ""
5737.901 106.00112 1.848 -6.838 3.464 BX03R235
5737.918 607.01214 1.826 -3.27 7.724 0600Ra0895
5737.932 607.01314 2.674 -2.181 7.724 1911Ra0245
5737.943 607.01214 0.232 -4.203 7.724 0500Qc0305
5737.943 607.01314 0.124 -3.495 7.724 0500Pb0225
5737.947 607.01314 2.075 -3.186 7.724 1508Rd0295
5737.996 106.00113 2.669 -7.792 3.464 AX36Q265
5738.018 607.01214 0.232 -3.352 7.724 0500Pa0315
5738.037 62.1 1.797 -0.78 "" ""
5738.103 106.00113 1.801 -7.869 3.464 AX14R195
5738.119 23.0 2.377 -1.46 "" ""
5738.227 26.0 4.217 -2.34 "" ""
5738.261 25.0 4.229 -0.89 "" ""
5738.297 23.0 3.054 -2.69 "" ""
5738.363 25.1 5.988 -5.19 "" ""
5738.391 106.00112 0.874 -7.004 3.464 AX02P105
5738.426 22.0 3.173 -2.25 "" ""
5738.45 607.01214 2.033 -2.807 7.724 1508Qc0205
5738.454 24.0 5.603 -2.42 "" ""
5738.462 607.01214 0.44 -3.118 7.724 0500Ra0435
5738.493 607.01214 2.033 -2.283 7.724 1508Pa0215
5738.53 24.0 3.548 -1.47 "" ""
5738.572 607.01314 1.91 -3.28 7.724 1508Pc0075
5738.594 607.01314 0.266 -3.211 7.724 0500Ra0345
5738.635 607.01214 0.258 -3.916 7.724 0601Pb0035
5738.643 21.0 2.336 -2.06 "" ""
5738.745 25.1 5.832 -6.76 "" ""
5738.805 607.01214 1.239 -3.171 7.724 1105Pb0045
5738.811 607.01214 1.52 -2.123 7.724 0903Ra0585
5738.818 23.0 3.27 -2.54 "" ""
5738.834 25.0 3.761 -6.74 "" ""
