wavelength species excitation loggf disassociation_energy comment
4246.736 44.0 2.485 0.34 "" ""
4246.781 607.01214 3.045 -2.136 7.724 1213Pb0065
4246.786 106.00112 1.144 -1.394 3.464 AX22R175
4246.786 26.0 2.586 -5.0 "" ""
4246.795 607.01214 3.045 -4.096 7.724 1213Qc0065
4246.798 106.00112 2.167 -6.362 3.464 CX04R255
4246.814 21.1045 0.315 -0.96 LAWHFS ""
4246.818 106.00113 1.14 -1.394 3.464 AX22R175
4246.818 21.1045 0.315 -0.39 LAWHFS ""
4246.818 21.1045 0.315 -0.8 LAWHFS ""
4246.82 607.01214 3.045 -2.074 7.724 1213Pa0075
4246.821 21.1045 0.315 -0.78 LAWHFS ""
4246.821 21.1045 0.315 -0.81 LAWHFS ""
4246.822 75.0 4.277 0.37 "" ""
4246.823 21.1045 0.315 -0.98 LAWHFS ""
4246.824 21.1045 0.315 -1.48 LAWHFS ""
4246.825 21.1045 0.315 -0.96 LAWHFS ""
4246.825 21.1045 0.315 -2.91 LAWHFS ""
4246.827 21.1045 0.315 -0.8 LAWHFS ""
4246.827 21.1045 0.315 -1.16 LAWHFS ""
4246.828 21.1045 0.315 -0.81 LAWHFS ""
4246.829 21.1045 0.315 -0.98 LAWHFS ""
4246.837 106.00112 1.144 -1.413 3.464 AX22R165
4246.854 106.00112 1.144 -3.512 3.464 AX22Q175
4246.889 106.00113 1.14 -1.413 3.464 AX22R165
4246.89 60.1 0.064 -1.79 LAWLER ""
4246.896 106.00113 1.14 -3.512 3.464 AX22Q175
4246.939 106.00112 2.167 -10.737 3.464 CX04Q255
4246.945 25.1 6.489 -4.89 "" ""
4246.997 106.00112 2.167 -6.534 3.464 CX04R245
4247.044 25.1 5.544 -6.52 "" ""
4247.149 26.0 4.14 -3.13 "" ""
4247.188 24.0 2.985 -4.38 "" ""
4247.258 106.00113 1.749 -2.337 3.464 AX54P185
4247.262 106.00113 1.749 -4.32 3.464 AX54Q175
4247.29 106.00113 1.749 -2.394 3.464 AX54P175
4247.294 26.0 3.632 -2.99 "" ""
4247.306 26.0 2.452 -2.71 "" ""
4247.344 66.1 1.57 -0.4 "" ""
4247.37 60.1 0.0 -0.21 LAWLER ""
4247.39 62.1 0.188 -1.96 LAWLER ""
4247.422 26.1 4.476 -8.14 "" ""
4247.425 26.0 3.366 -0.23 "" ""
4247.447 58.1 0.417 -1.35 LAWLER ""
4247.454 607.01214 3.049 -2.074 7.724 1213Pb0075
4247.471 607.01214 3.049 -4.156 7.724 1213Qc0075
4247.472 25.0 3.38 -3.77 "" ""
4247.491 22.0 3.109 -1.22 "" ""
4247.498 607.01214 3.049 -2.02 7.724 1213Pa0085
4247.514 24.0 2.985 -5.44 "" ""
4247.549 24.0 3.889 -3.45 "" ""
4247.555 24.0 3.094 -6.28 "" ""
4247.556 106.00112 0.559 -1.514 3.464 AX11R105
4247.588 106.00112 1.798 -1.33 3.464 AX22R275
4247.599 90.1 0.556 -2.37 "" ""
4247.63 59.1 0.055 -0.56 LINOHFS ""
4247.642 23.1 5.476 -2.3 "" ""
4247.654 22.0 2.394 -4.18 "" ""
4247.674 23.0 1.217 -4.79 "" ""
4247.679 25.0 4.636 -1.67 "" ""
4247.68 106.00112 1.798 -3.741 3.464 AX22Q275
4247.703 22.0 2.406 -2.69 "" ""
4247.703 24.0 2.913 -3.9 "" ""
4247.724 106.00112 0.559 -1.479 3.464 AX11R115
4247.746 106.00112 1.798 -1.327 3.464 AX22R265
4247.75 106.00112 0.559 -3.32 3.464 AX11Q115
4247.752 25.0 4.191 -1.97 "" ""
4247.782 24.0 3.407 -4.69 "" ""
4247.797 20.0 5.881 -5.68 "" ""
4247.805 22.0 1.995 -3.63 "" ""
4247.812 106.00113 0.556 -1.514 3.464 AX11R105
4247.884 22.0 1.501 -3.34 "" ""
4247.901 106.00113 1.913 -1.736 3.464 AX54Q215
4247.914 26.0 4.431 -3.68 "" ""
4247.925 26.0 4.442 -2.84 "" ""
4247.935 106.00113 1.913 -4.199 3.464 AX54R205
4247.95 25.1 5.376 -3.38 "" ""
4247.957 106.00113 1.913 -4.317 3.464 AX54P215
4247.979 106.00113 0.556 -1.479 3.464 AX11R115
4247.989 90.1 1.14 -1.09 "" ""
4247.99 106.00113 1.913 -1.776 3.464 AX54Q205
4248.003 106.00113 0.556 -3.32 3.464 AX11Q115
4248.021 106.00112 1.091 -1.433 3.464 AX22R155
4248.076 106.00112 1.091 -1.411 3.464 AX22R165
4248.091 20.0 4.776 -4.26 "" ""
4248.094 58.1 1.273 -0.5 "" ""
4248.108 106.00113 1.087 -1.433 3.464 AX22R155
4248.138 607.01214 3.052 -2.02 7.724 1213Pb0085
4248.139 106.00112 1.091 -3.512 3.464 AX22Q165
4248.14 106.00113 1.087 -1.411 3.464 AX22R165
4248.143 44.0 1.865 -1.26 "" ""
4248.15 62.1 0.659 -2.21 LAWLER ""
4248.16 607.01214 3.052 -4.21 7.724 1213Qc0085
4248.186 27.0 2.868 -1.7 LAWNHFS ""
4248.191 607.01214 3.052 -1.973 7.724 1213Pa0095
4248.22 106.00113 1.087 -3.512 3.464 AX22Q165
4248.224 26.0 3.069 -1.32 "" ""
4248.231 20.0 4.44 -4.97 "" ""
4248.252 23.1 6.453 -2.78 "" ""
4248.266 23.0 2.113 -2.21 "" ""
4248.28 66.1 1.85 -1.52 LAWLER ""
4248.33 24.0 3.008 -1.28 "" ""
4248.402 26.0 1.01 -5.08 "" ""
4248.424 106.00112 0.559 -1.514 3.464 AX11R105
4248.452 106.00113 1.868 -1.34 3.464 AX22R285
4248.456 66.1 1.777 -0.46 "" ""
4248.502 24.0 4.096 -1.82 "" ""
4248.513 25.1 5.49 -4.32 "" ""
4248.526 106.00112 0.559 -1.479 3.464 AX11R115
4248.552 15.0 6.949 -4.0 "" ""
4248.555 106.00112 0.559 -3.302 3.464 AX11Q115
4248.583 22.0 3.158 -2.95 "" ""
4248.601 106.00113 1.868 -3.767 3.464 AX22Q285
4248.652 23.1 3.793 -3.09 "" ""
4248.652 41.0 0.019 -1.85 "" ""
4248.671 106.00113 0.557 -1.514 3.464 AX11R105
4248.671 58.1 0.683 0.18 LAWLER ""
4248.699 24.0 2.98 -2.76 "" ""
4248.716 26.0 3.692 -4.38 "" ""
4248.726 106.00113 1.868 -1.332 3.464 AX22R275
4248.729 106.00112 0.191 -1.508 3.464 AX00R095
4248.742 26.0 3.036 -6.54 "" ""
4248.743 24.0 3.11 -2.13 "" ""
4248.777 106.00113 0.557 -1.479 3.464 AX11R115
4248.784 106.00112 1.872 -1.339 3.464 AX22R285
4248.797 23.0 2.682 -1.6 "" ""
4248.798 106.00113 0.557 -3.302 3.464 AX11Q115
4248.811 23.1 1.674 -2.87 "" ""
4248.813 106.00112 1.872 -1.331 3.464 AX22R275
4248.834 607.01214 3.057 -1.973 7.724 1213Pb0095
4248.862 607.01214 3.057 -4.258 7.724 1213Qc0095
4248.874 106.00112 1.872 -3.809 3.464 AX22Q285
4248.895 607.01214 3.057 -1.93 7.724 1213Pa0105
4248.899 26.0 3.298 -6.57 "" ""
4248.903 20.0 6.041 -1.55 "" ""
4248.905 23.0 1.858 -3.69 "" ""
4248.937 106.00112 0.191 -1.469 3.464 AX00R105
4248.952 106.00112 0.191 -3.256 3.464 AX00Q105
4248.956 29.0 5.073 -0.97 "" ""
4249.012 24.0 2.985 -5.71 "" ""
4249.037 20.0 6.041 -2.7 "" ""
4249.039 106.00113 0.19 -1.508 3.464 AX00R095
4249.042 106.00112 4.2 -2.589 3.464 CX05Q495
4249.052 106.00112 1.798 -5.968 3.464 AX32P265
4249.077 59.1 0.0 -1.52 "" ""
4249.091 23.1 5.835 -3.89 "" ""
4249.095 20.0 6.041 -2.31 "" ""
4249.112 22.0 2.295 -0.3 "" ""
4249.194 20.0 5.989 -5.47 "" ""
4249.199 26.0 4.383 -2.7 "" ""
4249.248 106.00113 0.19 -1.469 3.464 AX00R105
4249.26 106.00113 0.19 -3.256 3.464 AX00Q105
4249.308 22.0 1.738 -3.04 "" ""
4249.322 26.0 2.422 -3.14 "" ""
4249.37 22.0 2.776 -1.55 "" ""
4249.412 11.0 2.101 -3.33 "" ""
4249.45 106.00112 1.172 -4.165 3.464 AX33R115
4249.456 41.0 0.0 -1.47 "" ""
4249.456 74.0 1.654 -1.38 "" ""
4249.48 106.00113 1.168 -4.165 3.464 AX33R115
4249.48 59.1 0.371 -1.13 LINOHFS ""
4249.491 106.00112 0.191 -1.508 3.464 AX00R095
4249.536 62.1 0.333 -1.49 "" ""
4249.544 607.01214 3.061 -1.93 7.724 1213Pb0105
4249.577 607.01214 3.061 -4.302 7.724 1213Qc0105
4249.584 26.0 2.557 -3.3 "" ""
4249.597 106.00113 1.944 -1.355 3.464 AX22R295
4249.609 106.00112 1.092 -1.411 3.464 AX22R165
4249.613 607.01214 3.061 -1.892 7.724 1213Pa0115
4249.618 106.00113 1.933 -5.318 3.464 AX50R355
4249.639 106.00112 0.192 -1.469 3.464 AX00R105
4249.64 106.00112 1.092 -1.433 3.464 AX22R155
4249.65 106.00113 1.088 -1.411 3.464 AX22R165
4249.652 106.00112 0.192 -3.24 3.464 AX00Q105
4249.655 106.00113 1.789 -5.895 3.464 AX32P265
4249.671 106.00112 1.092 -3.486 3.464 AX22Q165
4249.679 90.1 0.971 -1.58 Nils02/10 ""
4249.697 106.00113 1.088 -1.433 3.464 AX22R155
4249.708 24.0 3.823 -1.12 "" ""
4249.72 106.00113 1.088 -3.486 3.464 AX22Q165
4249.78 106.00113 1.944 -1.341 3.464 AX22R285
4249.791 106.00113 0.19 -1.508 3.464 AX00R095
4249.806 106.00113 1.944 -3.838 3.464 AX22Q295
4249.843 24.0 3.102 -0.76 "" ""
4249.881 27.0 3.927 -4.25 "" ""
4249.939 106.00113 0.19 -1.469 3.464 AX00R105
4249.952 106.00113 0.19 -3.24 3.464 AX00Q105
4249.978 57.1 1.945 -0.34 "" ""
4249.986 106.00113 1.707 -5.567 3.464 AX43P215
4250.016 20.0 6.007 -4.83 "" ""
4250.054 26.0 4.151 -3.92 "" ""
4250.119 26.0 2.467 -0.41 "" ""
4250.139 27.1 5.065 -3.18 "" ""
4250.145 26.0 4.412 -3.16 "" ""
4250.188 26.0 2.402 -5.46 "" ""
4250.194 106.00112 1.173 -4.129 3.464 AX33R115
4250.227 106.00113 1.169 -4.129 3.464 AX33R115
4250.263 607.01214 3.066 -1.892 7.724 1213Pb0115
4250.27 64.0 0.841 -0.53 "" ""
4250.305 607.01214 3.066 -4.342 7.724 1213Qc0115
4250.343 90.1 0.556 -4.0 "" ""
4250.345 59.1 1.338 0.12 "" ""
4250.346 607.01214 3.066 -1.858 7.724 1213Pa0125
4250.45 25.0 5.334 -3.34 "" ""
4250.535 25.0 4.602 -3.51 "" ""
4250.538 25.0 4.341 -1.29 "" ""
4250.538 25.0 4.341 -3.93 "" ""
4250.57 22.0 2.316 -0.09 "" ""
4250.618 27.0 2.868 -4.06 "" ""
4250.645 22.1 4.947 -1.27 "" ""
4250.649 58.1 0.495 -1.57 "" ""
4250.687 42.1 3.14 -1.0 "" ""
4250.692 58.1 0.792 -1.48 LAWLER ""
4250.717 106.00112 1.86 -4.161 3.464 AX54R195
4250.721 27.0 3.527 -3.2 "" ""
4250.726 26.0 4.188 -4.11 "" ""
4250.734 25.0 4.636 -2.43 "" ""
4250.786 22.0 2.015 -3.67 "" ""
4250.787 26.0 1.556 -0.71 OBR91 ""
4250.795 106.00112 1.861 -1.767 3.464 AX54Q205
4250.796 106.00112 1.86 -1.814 3.464 AX54Q195
4250.866 28.0 3.191 -5.53 "" ""
4250.869 24.0 3.09 -3.16 "" ""
4250.874 106.00112 1.861 -4.347 3.464 AX54P205
4250.892 26.0 3.069 -2.2 "" ""
4250.904 25.1 5.563 -3.28 "" ""
4250.906 24.0 2.706 -5.52 "" ""
4250.924 26.0 4.59 -3.3 "" ""
4250.932 21.0 4.531 -1.53 "" ""
4250.932 21.0 4.531 -2.71 "" ""
4251.001 42.0 2.916 -1.81 "" ""
4251.005 607.01214 3.071 -1.858 7.724 1213Pb0125
4251.049 607.01214 3.071 -4.38 7.724 1213Qc0125
4251.057 22.0 1.748 -4.71 "" ""
4251.094 607.01214 3.071 -1.826 7.724 1213Pa0135
4251.199 39.0 1.889 0.33 "" ""
4251.285 20.0 4.765 -3.28 "" ""
4251.298 106.00112 1.042 -1.454 3.464 AX22R145
4251.31 62.1 0.04 -2.66 LAWLER ""
4251.352 23.0 2.614 -2.92 "" ""
4251.357 25.0 5.334 -2.98 "" ""
4251.369 106.00112 1.042 -1.43 3.464 AX22R155
4251.38 106.00113 1.038 -1.454 3.464 AX22R145
4251.381 24.0 2.87 -2.12 "" ""
4251.385 42.0 3.904 -0.79 "" ""
4251.425 106.00112 1.042 -3.484 3.464 AX22Q155
4251.434 106.00113 1.038 -1.43 3.464 AX22R155
4251.442 59.1 1.297 0.01 "" ""
4251.491 24.0 3.011 -1.76 "" ""
4251.494 26.1 2.34 -6.06 "" ""
4251.498 26.0 3.692 -3.91 "" ""
4251.503 106.00113 1.038 -3.484 3.464 AX22Q155
4251.598 58.1 1.091 -0.79 "" ""
4251.603 22.0 1.878 -0.99 LAWLER ""
4251.609 22.0 2.675 -4.26 "" ""
4251.627 28.0 4.161 -3.06 "" ""
4251.635 28.0 3.462 -9.61 "" ""
4251.645 26.0 2.402 -4.49 "" ""
4251.648 25.1 5.344 -4.07 "" ""
4251.681 25.0 4.636 -2.94 "" ""
4251.686 23.0 2.33 -3.93 "" ""
4251.717 25.1 6.18 -1.06 "" ""
4251.73 64.1 0.382 -0.22 LAWLER ""
4251.75 22.0 2.304 -1.38 "" ""
4251.761 607.01214 3.077 -1.827 7.724 1213Pb0135
4251.78 62.1 0.378 -1.11 LAWLER ""
4251.792 42.0 3.165 -0.85 "" ""
4251.807 607.01214 3.077 -4.415 7.724 1213Qc0135
4251.834 42.0 2.595 -1.52 "" ""
4251.855 58.1 0.536 -1.1 LAWLER ""
4251.863 607.01214 3.077 -1.798 7.724 1213Pa0145
4251.883 42.0 3.499 -0.28 "" ""
4251.888 26.0 2.607 -5.74 "" ""
4251.893 106.00112 0.73 -3.876 3.464 AX22R065
4251.904 22.0 1.748 -4.57 "" ""
4251.909 24.1 6.479 -2.92 "" ""
4251.936 68.1 2.098 0.4 "" ""
4252.017 28.0 3.741 -2.11 "" ""
4252.058 26.0 4.214 -2.77 "" ""
4252.063 106.00113 0.727 -3.876 3.464 AX22R065
4252.064 24.0 3.008 -6.94 "" ""
4252.068 23.0 2.682 -2.77 "" ""
4252.086 22.1 2.046 -3.33 "" ""
4252.138 106.00112 0.73 -3.855 3.464 AX22R065
4252.205 24.0 3.836 -0.9 "" ""
4252.225 24.0 3.011 -1.01 "" ""
4252.226 22.0 2.493 -6.88 "" ""
4252.292 27.0 0.101 -3.25 "" ""
4252.306 106.00113 0.728 -3.855 3.464 AX22R065
4252.36 24.0 2.913 -3.5 "" ""
4252.397 24.0 3.814 -1.21 "" ""
4252.426 92.1 0.548 -1.25 "" ""
4252.439 23.0 2.364 -7.96 "" ""
4252.488 26.0 4.073 -2.96 "" ""
4252.494 20.0 4.621 -3.09 "" ""
4252.516 607.01214 3.083 -1.798 7.724 1213Pb0145
4252.52 11.0 2.103 -3.03 "" ""
4252.524 106.00112 1.875 -1.339 3.464 AX22R285
4252.582 607.01214 3.083 -4.449 7.724 1213Qc0145
4252.614 106.00112 1.875 -3.766 3.464 AX22Q285
4252.617 20.0 5.667 -5.03 "" ""
4252.625 24.1 3.858 -1.9 Lawler17 ""
4252.632 607.01214 3.083 -1.771 7.724 1213Pa0155
4252.685 106.00112 1.875 -1.332 3.464 AX22R275
4252.699 20.0 6.009 -2.76 "" ""
4252.699 21.0 2.562 -1.29 "" ""
4252.738 106.00112 1.043 -1.43 3.464 AX22R155
4252.748 106.00112 1.043 -1.454 3.464 AX22R145
4252.786 42.0 3.435 -1.86 "" ""
4252.789 106.00113 1.039 -1.43 3.464 AX22R155
4252.79 66.1 1.85 -1.11 LAWLER ""
4252.794 106.00112 1.043 -3.459 3.464 AX22Q155
4252.811 106.00113 1.039 -1.454 3.464 AX22R145
4252.833 23.0 1.871 -1.56 "" ""
4252.845 106.00113 1.039 -3.459 3.464 AX22Q155
4252.855 21.0 3.081 -3.66 "" ""
4252.859 106.00112 1.862 -1.767 3.464 AX54Q205
4252.877 106.00112 1.862 -4.185 3.464 AX54R195
4252.937 106.00112 1.862 -4.324 3.464 AX54P205
4252.955 106.00112 1.862 -1.814 3.464 AX54Q195
4252.963 25.1 6.181 -1.14 "" ""
4252.969 41.0 1.177 -0.75 "" ""
4253.0 106.00112 0.522 -1.548 3.464 AX11R095
4253.025 25.1 5.376 -2.4 "" ""
4253.038 26.0 3.544 -3.98 "" ""
4253.062 106.00113 1.709 -5.628 3.464 AX43P215
4253.083 27.0 3.626 -3.52 "" ""
4253.112 25.1 6.181 -2.09 "" ""
4253.189 106.00113 1.946 -1.355 3.464 AX22R295
4253.206 106.00112 0.522 -1.509 3.464 AX11R105
4253.217 106.00112 0.522 -3.279 3.464 AX11Q105
4253.225 106.00113 1.791 -5.967 3.464 AX32P265
4253.23 106.00113 0.52 -1.548 3.464 AX11R095
4253.234 22.0 3.102 -0.63 "" ""
4253.296 607.01214 3.09 -1.771 7.724 1213Pb0155
4253.343 106.00113 1.946 -3.794 3.464 AX22Q295
4253.36 64.1 0.556 -0.52 LAWLER ""
4253.362 58.1 0.464 -0.55 LAWLER ""
4253.373 607.01214 3.09 -4.48 7.724 1213Qc0155
4253.426 607.01214 3.09 -1.747 7.724 1213Pa0165
4253.434 106.00113 0.52 -1.509 3.464 AX11R105
4253.445 106.00113 0.52 -3.279 3.464 AX11Q105
4253.478 106.00113 1.946 -1.342 3.464 AX22R285
4253.51 22.0 1.429 -3.28 "" ""
4253.514 26.0 3.329 -3.76 "" ""
4253.539 27.1 5.204 -4.52 "" ""
4253.539 90.0 1.647 0.17 "" ""
4253.541 68.1 1.35 -2.12 LAWLER ""
4253.544 20.0 4.677 -4.93 "" ""
4253.546 26.0 4.59 -1.19 "" ""
4253.553 40.0 1.395 -0.67 "" ""
4253.572 42.0 3.209 -1.25 "" ""
4253.6 64.1 1.126 -0.04 LAWLER ""
4253.685 23.1 3.796 -2.05 "" ""
4253.691 41.0 1.12 -0.87 "" ""
4253.72 62.1 0.333 -1.74 LAWLER ""
4253.736 106.00112 0.523 -1.548 3.464 AX11R095
4253.751 27.1 3.083 -6.36 "" ""
4253.756 26.0 3.249 -4.74 "" ""
4253.859 24.0 3.009 -2.12 "" ""
4253.865 60.1 1.293 -0.29 "" ""
4253.878 106.00112 0.523 -1.509 3.464 AX11R105
4253.892 106.00112 0.523 -3.262 3.464 AX11Q105
4253.93 26.0 3.637 -1.85 "" ""
4253.956 106.00113 0.521 -1.548 3.464 AX11R095
4254.0 58.1 0.6 -2.13 LAWLER ""
4254.062 27.0 3.62 -1.09 "" ""
4254.082 22.0 2.504 -2.83 "" ""
4254.092 607.01214 3.097 -1.747 7.724 1213Pb0165
4254.101 106.00113 0.521 -1.509 3.464 AX11R105
4254.105 23.0 2.606 -1.4 "" ""
4254.111 106.00113 0.521 -3.262 3.464 AX11Q105
4254.166 24.0 4.774 -1.79 "" ""
4254.181 607.01214 3.097 -4.511 7.724 1213Qc0165
4254.19 24.0 3.365 -2.93 "" ""
4254.202 24.0 3.009 -1.87 "" ""
4254.208 20.0 4.677 -3.06 "" ""
4254.238 607.01214 3.097 -1.724 7.724 1213Pa0175
4254.313 106.00112 0.035 -3.696 3.464 AX00R045
4254.332 20.0 4.76 -3.83 "" ""
4254.352 24.0 0.0 -0.09 SOBECK ""
4254.359 23.0 2.682 -3.61 "" ""
4254.38 67.0 0.0 -0.25 "" ""
4254.39 26.0 3.234 -1.97 "" ""
4254.39 41.1 1.62 -1.23 Nilsson10 ""
4254.4 59.1 0.629 -0.39 LINOHFS ""
4254.401 26.0 3.015 -5.03 "" ""
4254.402 23.1 1.678 -2.45 "" ""
4254.422 42.0 3.3 -1.04 "" ""
4254.433 106.00112 0.035 -3.68 3.464 AX00R045
4254.522 24.1 5.867 -0.97 "" ""
4254.551 23.0 2.314 -3.9 "" ""
4254.592 106.00113 0.035 -3.696 3.464 AX00R045
4254.65 22.0 3.125 -1.39 "" ""
4254.694 41.0 1.042 -1.01 "" ""
4254.705 24.0 3.099 -4.38 "" ""
4254.711 106.00113 0.035 -3.68 3.464 AX00R045
4254.728 58.1 0.822 -1.54 LAWLER ""
4254.839 106.00112 0.995 -1.477 3.464 AX22R135
4254.877 27.0 2.784 -5.85 "" ""
4254.906 607.01214 3.104 -1.724 7.724 1213Pb0175
4254.915 106.00113 0.992 -1.477 3.464 AX22R135
4254.929 106.00112 0.995 -1.451 3.464 AX22R145
4254.945 26.0 3.015 -2.57 "" ""
4254.951 42.0 3.3 -0.31 "" ""
4254.957 26.0 3.015 -5.21 "" ""
4254.977 106.00112 1.951 -1.354 3.464 AX22R295
4254.978 106.00112 0.995 -3.453 3.464 AX22Q145
4254.987 24.0 3.008 -2.17 "" ""
4254.99 106.00113 0.992 -1.451 3.464 AX22R145
4254.995 106.00112 0.156 -1.545 3.464 AX00R085
4255.005 106.00112 1.951 -1.34 3.464 AX22R285
4255.008 607.01214 3.104 -4.54 7.724 1213Qc0175
4255.02 106.00113 1.936 -5.319 3.464 AX50R355
4255.05 106.00113 0.992 -3.453 3.464 AX22Q145
4255.065 106.00112 1.951 -3.837 3.464 AX22Q295
4255.068 607.01214 3.104 -1.703 7.724 1213Pa0185
4255.21 26.0 3.632 -5.71 "" ""
4255.217 27.0 3.626 -0.98 "" ""
4255.248 106.00112 0.157 -1.502 3.464 AX00R095
4255.248 106.00112 0.157 -3.211 3.464 AX00Q095
4255.271 106.00113 0.156 -1.545 3.464 AX00R085
4255.303 24.0 3.889 -3.77 "" ""
4255.358 58.1 0.6 -1.27 LAWLER ""
4255.364 27.0 3.968 -3.74 "" ""
4255.38 27.0 3.772 -1.64 "" ""
4255.384 28.0 4.164 -1.76 "" ""
4255.429 41.0 1.353 -0.4 "" ""
4255.499 24.0 2.998 -0.6 "" ""
4255.501 26.0 3.015 -2.01 "" ""
4255.521 106.00113 0.156 -3.21 3.464 AX00Q095
4255.525 106.00113 0.156 -1.502 3.464 AX00R095
4255.628 106.00112 0.157 -1.545 3.464 AX00R085
4255.634 25.0 5.345 -2.18 "" ""
4255.732 106.00113 0.732 -4.886 3.464 BX11P145
4255.737 607.01214 3.112 -1.703 7.724 1213Pb0185
4255.75 75.0 2.147 -2.12 "" ""
4255.777 106.00112 1.611 -5.244 3.464 AX54P145
4255.782 58.1 0.703 -0.13 LAWLER ""
4255.823 106.00112 0.157 -1.502 3.464 AX00R095
4255.823 106.00112 0.157 -3.196 3.464 AX00Q095
4255.829 26.0 4.581 -1.78 "" ""
4255.854 607.01214 3.112 -4.567 7.724 1213Qc0185
4255.894 106.00113 0.156 -1.545 3.464 AX00R085
4255.917 607.01214 3.112 -1.684 7.724 1213Pa0195
4255.97 106.00113 1.135 -4.121 3.464 AX33R105
4255.983 106.00112 1.139 -4.121 3.464 AX33R105
4255.989 58.1 0.536 -0.97 LAWLER ""
4256.025 22.0 2.316 0.19 "" ""
4256.09 106.00113 0.156 -3.196 3.464 AX00Q095
4256.091 106.00113 0.156 -1.502 3.464 AX00R095
4256.096 90.1 1.204 -1.33 "" ""
4256.107 26.0 4.309 -2.8 "" ""
4256.108 24.1 6.482 -1.39 "" ""
4256.127 106.00112 0.996 -1.477 3.464 AX22R135
4256.141 106.00112 0.996 -1.451 3.464 AX22R145
4256.152 58.1 0.536 -0.74 LAWLER ""
4256.157 106.00112 0.372 -3.697 3.464 AX11R045
4256.182 106.00113 0.992 -1.477 3.464 AX22R135
4256.186 25.0 4.329 -2.52 "" ""
4256.187 106.00113 0.992 -1.451 3.464 AX22R145
4256.19 106.00112 0.996 -3.43 3.464 AX22Q145
4256.2 26.0 3.414 -2.31 "" ""
4256.23 60.1 0.204 -1.41 LAWLER ""
4256.239 106.00113 0.992 -3.43 3.464 AX22Q145
4256.254 90.0 0.929 -0.74 "" ""
4256.273 106.00112 0.373 -3.681 3.464 AX11R045
4256.312 26.0 2.431 -3.54 "" ""
4256.33 66.1 0.1 -1.41 LAWLER ""
4256.367 106.00113 1.953 -9.233 3.464 CX15R175
4256.381 106.00113 0.371 -3.697 3.464 AX11R045
4256.39 62.1 0.378 -0.15 LAWLER ""
4256.414 24.0 3.847 -0.29 "" ""
4256.423 26.0 2.988 -3.07 "" ""
4256.433 40.0 0.519 -1.54 "" ""
4256.455 106.00113 1.798 -10.863 3.464 CX04R195
4256.462 60.0 0.0 -0.79 "" ""
4256.504 106.00113 0.371 -3.681 3.464 AX11R045
4256.545 24.0 3.367 -3.31 "" ""
4256.586 607.01214 3.12 -1.684 7.724 1213Pb0195
4256.587 27.0 3.62 -3.2 "" ""
4256.593 106.00113 1.136 -4.088 3.464 AX33R105
4256.607 106.00112 1.139 -4.088 3.464 AX33R105
4256.611 24.0 3.011 -2.11 "" ""
4256.667 23.0 1.05 -2.91 "" ""
4256.668 25.0 4.35 -3.32 "" ""
4256.702 58.1 0.232 -2.65 LAWLER ""
4256.706 24.0 3.009 -3.17 "" ""
4256.715 106.00112 1.914 -4.449 3.464 AX43Q245
4256.72 607.01214 3.12 -4.594 7.724 1213Qc0195
