wavelength species excitation loggf disassociation_energy comment
3477.629 27.0 3.168 -3.31 "" ""
3477.68 106.00113 1.286 -9.499 3.464 CX01Q235
3477.687 106.00112 1.085 -4.044 3.464 CX01P205
3477.704 90.1 1.902 -0.26 "" ""
3477.735 23.0 2.364 -2.4 "" ""
3477.75 106.00113 0.836 -8.059 3.464 AX41P165
3477.761 45.1 3.444 0.0 "" ""
3477.764 77.0 1.311 -1.69 "" ""
3477.819 23.0 1.871 -7.5 "" ""
3477.823 106.00113 1.087 -4.684 3.464 CX12P165
3477.832 27.0 3.213 -0.15 "" ""
3477.851 26.0 2.221 -2.12 "" ""
3477.865 22.0 2.133 -3.17 "" ""
3477.879 106.00113 1.087 -4.636 3.464 CX12P155
3477.879 28.0 3.603 -0.21 "" ""
3477.896 106.00112 1.152 -4.158 3.464 CX01P225
3477.9 25.0 2.141 -6.83 "" ""
3477.921 106.00112 1.152 -10.235 3.464 CX01Q215
3477.928 66.1 2.576 0.78 "" ""
3477.939 607.01314 2.392 -4.13 7.724 1210Qc0155
3477.95 106.00113 1.31 -7.979 3.464 AX52R205
3477.95 607.01314 2.392 -1.413 7.724 1210Pa0165
3477.96 24.0 3.102 -4.18 "" ""
3477.979 26.0 3.651 -4.36 "" ""
3478.009 106.00112 1.152 -4.092 3.464 CX01P215
3478.044 607.01314 2.392 -1.442 7.724 1210Pb0155
3478.05 62.1 0.277 -2.27 LAWLER ""
3478.055 106.00113 1.258 -5.591 3.464 CX34Q005
3478.069 106.00113 1.258 -6.053 3.464 CX34R005
3478.086 24.0 3.085 -4.2 "" ""
3478.099 23.0 2.706 -3.51 "" ""
3478.131 90.1 1.14 -0.75 "" ""
3478.138 106.00112 1.222 -4.249 3.464 CX01P235
3478.149 106.00113 1.087 -9.491 3.464 CX12Q155
3478.161 106.00113 1.142 -7.865 3.464 AX30Q255
3478.17 106.00112 1.222 -9.829 3.464 CX01Q225
3478.172 24.1 4.741 -2.81 "" ""
3478.174 106.00113 1.214 -7.38 3.464 AX41R225
3478.177 106.00113 1.142 -5.458 3.464 AX30P255
3478.195 106.00113 1.142 -5.354 3.464 AX30P265
3478.214 106.00113 1.214 -4.454 3.464 AX41Q235
3478.235 106.00113 1.214 -4.509 3.464 AX41Q225
3478.237 607.01214 2.441 -4.086 7.724 1210Qc0155
3478.244 607.01214 2.441 -1.397 7.724 1210Pb0155
3478.259 106.00112 1.222 -4.158 3.464 CX01P225
3478.274 21.0 1.994 -1.53 "" ""
3478.275 106.00113 1.214 -6.98 3.464 AX41P235
3478.29 607.01214 2.441 -1.368 7.724 1210Pa0165
3478.297 40.1 0.095 -1.47 Ljung06 ""
3478.314 28.0 3.703 -3.01 "" ""
3478.328 106.00112 1.294 -4.377 3.464 CX01P245
3478.337 28.0 1.949 -2.34 "" ""
3478.349 28.0 3.703 -0.85 "" ""
3478.352 21.0 1.438 -4.67 "" ""
3478.365 106.00112 1.294 -9.499 3.464 CX01Q235
3478.37 26.0 2.431 -2.49 "" ""
3478.456 106.00112 1.294 -4.249 3.464 CX01P235
3478.463 90.1 1.661 -0.23 "" ""
3478.477 66.1 1.462 -0.32 "" ""
3478.487 106.00112 1.368 -4.559 3.464 CX01P255
3478.495 40.1 1.207 -0.96 "" ""
3478.529 106.00112 1.368 -9.216 3.464 CX01Q245
3478.529 76.0 2.189 -0.44 "" ""
3478.536 26.0 3.239 -2.88 "" ""
3478.554 27.0 2.278 -0.62 LAWNHFS ""
3478.561 26.1 2.34 -4.0 "" ""
3478.571 26.0 3.544 -7.31 "" ""
3478.592 23.0 1.948 -3.35 "" ""
3478.622 106.00112 1.368 -4.376 3.464 CX01P245
3478.623 26.0 3.045 -0.86 "" ""
3478.633 607.01314 2.399 -4.154 7.724 1210Qc0165
3478.639 106.00112 1.445 -4.839 3.464 CX01P265
3478.639 25.0 4.602 -3.81 "" ""
3478.644 607.01314 2.399 -1.385 7.724 1210Pa0175
3478.662 106.00112 1.292 -8.642 3.464 AX51P235
3478.667 26.1 5.545 -2.57 "" ""
3478.686 106.00112 1.445 -8.965 3.464 CX01Q255
3478.687 41.0 0.739 -0.51 "" ""
3478.733 106.00112 0.752 -7.128 3.464 CX12P065
3478.737 607.01314 2.399 -1.413 7.724 1210Pb0165
3478.74 27.0 1.881 -1.16 LAWNHFS ""
3478.744 25.0 4.317 -1.49 "" ""
3478.75 25.0 3.37 -3.2 "" ""
3478.76 24.0 3.011 -1.04 "" ""
3478.776 40.0 0.542 -0.47 "" ""
3478.777 27.0 2.135 -3.31 "" ""
3478.779 106.00112 1.445 -4.559 3.464 CX01P255
3478.79 41.1 1.27 -0.84 Nilsson10 ""
3478.791 26.0 2.422 -3.27 "" ""
3478.797 15.1 9.516 -1.85 "" ""
3478.807 106.00112 0.84 -8.058 3.464 AX41P165
3478.811 106.00112 1.523 -5.347 3.464 CX01P275
3478.822 27.0 3.189 -2.56 "" ""
3478.834 70.1 3.744 0.13 "" ""
3478.861 106.00112 1.523 -8.738 3.464 CX01Q265
3478.892 106.00113 1.012 -7.413 3.464 CX23P045
3478.892 107.00114 1.336 -3.271 3.400 ""
3478.904 45.0 0.41 -0.44 "" ""
3478.915 22.0 1.045 -1.22 LAWLER ""
3478.94 23.0 2.377 -5.24 "" ""
3478.944 23.1 3.121 -1.82 "" ""
3478.944 607.01214 2.448 -1.368 7.724 1210Pb0165
3478.956 106.00112 1.523 -4.839 3.464 CX01P265
3478.978 106.00113 0.837 -8.108 3.464 AX41P165
3478.98 72.1 2.154 0.28 "" ""
3479.003 607.01214 2.448 -4.11 7.724 1210Qc0165
3479.014 607.01214 2.448 -1.34 7.724 1210Pa0175
3479.017 40.1 0.527 -0.67 Ljung06 ""
3479.018 106.00113 0.431 -6.589 3.464 CX01P065
3479.035 106.00112 1.604 -7.453 3.464 CX01P285
3479.06 28.0 1.825 -3.92 "" ""
3479.088 106.00112 1.604 -8.529 3.464 CX01Q275
3479.102 25.0 4.723 -3.66 "" ""
3479.107 22.0 2.266 -6.87 "" ""
3479.112 23.0 1.798 -3.57 "" ""
3479.123 24.0 3.008 -1.26 "" ""
3479.131 26.0 3.6 -3.36 "" ""
3479.139 107.00114 0.64 -5.672 3.400 ""
3479.153 106.00112 1.092 -9.491 3.464 CX12Q155
3479.173 106.00112 1.092 -4.683 3.464 CX12P165
3479.173 90.1 0.829 -0.77 "" ""
3479.184 106.00112 1.604 -5.347 3.464 CX01P275
3479.215 106.00112 1.092 -4.635 3.464 CX12P155
3479.215 106.00113 1.105 -6.176 3.464 CX23P085
3479.252 24.0 3.011 -2.0 "" ""
3479.255 28.0 3.477 -0.59 "" ""
3479.267 106.00113 1.105 -6.441 3.464 CX23P095
3479.29 72.1 0.378 -1.0 LAWLER ""
3479.302 106.00112 1.263 -6.053 3.464 CX34R005
3479.309 106.00112 1.263 -5.591 3.464 CX34Q005
3479.325 106.00113 1.105 -8.994 3.464 CX23Q085
3479.347 76.1 2.16 -1.63 Quinet06 ""
3479.349 607.01314 2.407 -4.176 7.724 1210Qc0175
3479.357 607.01314 2.407 -1.358 7.724 1210Pa0185
3479.387 40.1 0.713 0.18 Ljung06 ""
3479.414 68.1 0.891 -0.24 LAWLER ""
3479.417 42.0 2.068 -0.69 "" ""
3479.445 607.01314 2.407 -1.385 7.724 1210Pb0175
3479.452 24.0 3.884 -4.56 "" ""
3479.51 64.1 0.99 -1.44 LAWLER ""
3479.52 62.1 0.277 -1.49 LAWLER ""
3479.538 25.1 6.9 -3.81 "" ""
3479.546 106.00113 1.223 -8.813 3.464 AX20R275
3479.56 41.1 1.31 -0.46 Nilsson10 ""
3479.57 21.0 2.008 -2.71 "" ""
3479.57 27.0 1.784 -2.23 LAWNHFS ""
3479.6 58.1 0.0 -1.5 BIEMONT ""
3479.622 107.00114 1.336 -4.704 3.400 ""
3479.642 28.0 3.594 -2.91 "" ""
3479.645 25.0 4.35 -1.9 "" ""
3479.647 106.00113 1.013 -7.203 3.464 AX41Q195
3479.68 107.00114 1.336 -3.192 3.400 ""
3479.68 26.0 3.571 -3.63 "" ""
3479.693 26.0 2.947 -1.95 "" ""
3479.695 106.00113 1.013 -4.975 3.464 AX41P195
3479.699 106.00113 1.139 -4.758 3.464 CX12P175
3479.699 106.00113 1.266 -5.149 3.464 CX34Q015
3479.701 106.00113 1.013 -4.908 3.464 AX41P205
3479.723 106.00113 1.266 -6.85 3.464 CX34R015
3479.726 607.01214 2.456 -1.34 7.724 1210Pb0175
3479.767 106.00113 1.139 -4.684 3.464 CX12P165
3479.785 23.0 1.892 -4.56 "" ""
3479.795 607.01214 2.456 -4.133 7.724 1210Qc0175
3479.799 24.0 3.885 -4.56 "" ""
3479.806 607.01214 2.456 -1.314 7.724 1210Pa0185
3479.832 23.1 1.07 -1.64 LAWNOHFS ""
3479.908 42.0 2.521 -1.57 "" ""
3479.914 26.1 1.694 -3.56 "" ""
3479.982 106.00112 0.035 -7.27 3.464 AX20R045
3480.014 27.0 1.881 -1.29 LAWNHFS ""
3480.015 107.00114 0.6 -3.541 3.400 ""
3480.039 55.0 0.0 -3.43 "" ""
3480.052 90.0 1.005 -0.28 "" ""
3480.059 106.00112 0.841 -8.108 3.464 AX41P165
3480.06 106.00113 1.139 -9.287 3.464 CX12Q165
3480.063 106.00112 0.035 -7.254 3.464 AX20R045
3480.086 607.01314 2.414 -1.333 7.724 1210Pa0195
3480.087 42.0 2.258 -0.98 "" ""
3480.094 607.01314 2.414 -4.197 7.724 1210Qc0185
3480.124 106.00112 0.433 -6.588 3.464 CX01P065
3480.133 21.0 1.994 -2.55 "" ""
3480.135 26.0 2.863 -4.49 "" ""
3480.138 23.0 2.377 -4.02 "" ""
3480.143 106.00113 1.216 -4.454 3.464 AX41Q235
3480.144 106.00112 1.016 -7.413 3.464 CX23P045
3480.158 106.00113 1.261 -6.528 3.464 CX34P015
3480.165 106.00113 1.216 -7.407 3.464 AX41R225
3480.169 28.0 3.603 -0.08 "" ""
3480.17 28.0 3.765 0.03 "" ""
3480.172 106.00113 1.261 -5.142 3.464 CX34Q015
3480.174 607.01314 2.414 -1.358 7.724 1210Pb0185
3480.197 25.0 4.662 -1.59 "" ""
3480.199 22.0 1.501 -0.61 "" ""
3480.211 106.00113 1.216 -6.956 3.464 AX41P235
3480.233 106.00113 1.216 -4.509 3.464 AX41Q225
3480.242 106.00113 1.275 -4.947 3.464 CX34Q025
3480.248 22.0 2.394 -2.83 "" ""
3480.272 24.0 3.009 -1.22 "" ""
3480.273 106.00113 1.266 -7.008 3.464 CX34P025
3480.274 58.1 0.0 -1.47 BIEMONT ""
3480.276 106.00113 1.275 -6.879 3.464 CX34R025
3480.295 107.00114 0.6 -5.295 3.400 ""
3480.297 106.00113 1.266 -4.945 3.464 CX34Q025
3480.302 107.00114 0.6 -3.487 3.400 ""
3480.326 23.0 1.954 -4.48 "" ""
3480.334 26.0 3.239 -1.91 "" ""
3480.34 58.1 0.175 -1.51 "" ""
3480.364 92.0 0.714 0.53 "" ""
3480.368 40.1 0.931 -0.76 "" ""
3480.376 607.01314 2.551 -1.083 7.724 1210Pb0315
3480.377 58.1 0.445 -1.14 "" ""
3480.378 75.0 2.059 -0.03 "" ""
3480.398 40.1 0.931 -0.78 Ljung06 ""
3480.421 66.1 1.169 -0.61 "" ""
3480.426 106.00112 1.255 -7.874 3.464 AX52R195
3480.436 68.1 1.368 -0.27 "" ""
3480.497 73.0 0.752 -0.7 "" ""
3480.501 25.0 4.341 -1.96 "" ""
3480.517 106.00112 1.108 -8.993 3.464 CX23Q085
3480.526 22.0 1.066 -0.65 LAWLER ""
3480.534 607.01214 2.464 -1.314 7.724 1210Pb0185
3480.555 106.00113 1.145 -5.354 3.464 AX30P265
3480.556 106.00112 1.108 -6.176 3.464 CX23P085
3480.557 62.1 0.659 -0.88 "" ""
3480.57 23.1 5.875 -4.08 "" ""
3480.602 106.00113 1.275 -7.354 3.464 CX34P035
3480.602 25.0 3.37 -1.93 "" ""
3480.609 106.00113 1.145 -7.905 3.464 AX30Q255
3480.612 607.01214 2.464 -4.154 7.724 1210Qc0185
3480.625 607.01214 2.464 -1.289 7.724 1210Pa0195
3480.631 106.00112 1.109 -6.441 3.464 CX23P095
3480.635 106.00113 1.275 -4.81 3.464 CX34Q035
3480.76 106.00112 0.917 -8.889 3.464 AX30P225
3480.761 23.0 2.121 -3.3 "" ""
3480.772 106.00113 1.145 -5.458 3.464 AX30P255
3480.803 25.1 6.653 -6.15 "" ""
3480.825 607.01314 2.422 -1.333 7.724 1210Pb0195
3480.837 106.00112 1.294 -8.706 3.464 AX51P235
3480.85 75.0 1.811 -0.37 "" ""
3480.853 106.00113 1.258 -5.591 3.464 CX34Q005
3480.862 22.0 1.886 -3.79 "" ""
3480.863 106.00113 1.287 -4.811 3.464 CX34Q035
3480.871 607.01314 2.422 -4.217 7.724 1210Qc0195
3480.873 107.00114 0.958 -5.522 3.400 ""
3480.881 22.1 1.079 -1.63 "" ""
3480.884 607.01314 2.422 -1.309 7.724 1210Pa0205
3480.885 28.0 4.102 -0.43 "" ""
3480.906 106.00113 1.287 -6.897 3.464 CX34R035
3480.943 27.1 5.171 -5.53 "" ""
3480.946 106.00112 1.27 -6.849 3.464 CX34R015
3480.958 106.00112 1.27 -5.148 3.464 CX34Q015
3480.97 58.1 1.532 0.16 "" ""
3480.973 69.0 1.931 1.0 "" ""
3480.999 106.00112 0.995 -6.72 3.464 AX52R135
3481.021 106.00112 0.995 -4.402 3.464 AX52Q135
3481.03 22.0 2.479 -1.3 "" ""
3481.038 41.0 0.619 -1.38 "" ""
3481.047 25.0 2.141 -3.77 "" ""
3481.051 106.00112 1.144 -9.287 3.464 CX12Q165
3481.062 106.00112 1.144 -4.757 3.464 CX12P175
3481.092 106.00112 0.995 -4.356 3.464 AX52Q145
3481.105 106.00113 1.287 -7.665 3.464 CX34P045
3481.109 22.0 2.479 -1.05 "" ""
3481.114 106.00112 0.995 -6.5 3.464 AX52P145
3481.117 106.00112 1.144 -4.683 3.464 CX12P165
3481.137 40.1 0.801 0.17 "" ""
3481.148 106.00113 1.287 -4.705 3.464 CX34Q045
3481.15 46.0 1.251 0.31 "" ""
3481.154 58.1 0.674 -0.69 "" ""
3481.217 22.0 2.173 -6.29 "" ""
3481.255 25.0 4.675 -1.19 "" ""
3481.269 106.00113 1.015 -4.908 3.464 AX41P205
3481.276 106.00113 1.015 -7.235 3.464 AX41Q195
3481.28 64.1 0.6 0.42 LAWLER ""
3481.291 26.0 3.109 -5.65 "" ""
3481.3 22.0 0.848 -5.79 "" ""
3481.3 24.0 2.706 -0.34 "" ""
3481.304 44.0 0.997 -0.87 "" ""
3481.309 106.00113 0.908 -4.835 3.464 AX52P115
3481.32 106.00113 1.015 -4.975 3.464 AX41P195
3481.321 106.00113 0.908 -6.608 3.464 AX52Q115
3481.33 25.0 4.265 -4.4 "" ""
3481.367 607.01214 2.472 -1.289 7.724 1210Pb0195
3481.41 40.1 0.958 -0.8 "" ""
3481.428 22.0 2.133 -3.56 "" ""
3481.43 27.0 3.277 -0.93 "" ""
3481.432 106.00112 1.265 -5.141 3.464 CX34Q015
3481.432 106.00113 0.908 -4.774 3.464 AX52P125
3481.439 106.00112 1.265 -6.528 3.464 CX34P015
3481.44 62.1 0.378 -2.15 LAWLER ""
3481.445 40.1 0.959 -1.35 Ljung06 ""
3481.457 607.01214 2.472 -4.174 7.724 1210Qc0195
3481.47 607.01214 2.472 -1.264 7.724 1210Pa0205
3481.491 106.00112 1.279 -6.879 3.464 CX34R025
3481.498 25.0 3.38 -5.08 "" ""
3481.508 106.00112 1.279 -4.946 3.464 CX34Q025
3481.509 62.0 0.498 -0.39 "" ""
3481.511 607.01314 2.431 -1.309 7.724 1210Pb0205
3481.514 25.0 4.682 -4.38 "" ""
3481.522 27.0 3.25 -1.11 "" ""
3481.523 25.1 6.568 -4.99 "" ""
3481.535 24.0 2.998 -0.35 "" ""
3481.562 106.00112 1.271 -4.944 3.464 CX34Q025
3481.562 26.0 2.277 -4.52 "" ""
3481.574 106.00112 1.271 -7.008 3.464 CX34P025
3481.579 106.00113 1.193 -4.866 3.464 CX12P185
3481.603 29.0063 3.783 -2.575 KURHFS ""
3481.603 29.0063 3.783 -2.575 KURHFS ""
3481.603 29.0063 3.783 -2.973 KURHFS ""
3481.603 29.0065 3.783 -2.575 KURHFS ""
3481.603 29.0065 3.783 -2.575 KURHFS ""
3481.603 29.0065 3.783 -2.973 KURHFS ""
3481.607 29.0063 3.783 -2.128 KURHFS ""
3481.607 29.0063 3.783 -2.575 KURHFS ""
3481.607 29.0063 3.783 -3.274 KURHFS ""
3481.608 29.0065 3.783 -2.128 KURHFS ""
3481.608 29.0065 3.783 -2.575 KURHFS ""
3481.608 29.0065 3.783 -3.274 KURHFS ""
3481.62 106.00113 1.302 -4.705 3.464 CX34Q045
3481.647 106.00112 1.23 -8.813 3.464 AX20R275
3481.659 106.00113 1.193 -4.758 3.464 CX12P175
3481.668 22.0 2.493 -0.63 "" ""
3481.673 106.00113 1.302 -6.908 3.464 CX34R045
3481.689 607.01314 2.431 -4.235 7.724 1210Qc0205
3481.703 607.01314 2.431 -1.285 7.724 1210Pa0215
3481.748 69.1 1.086 -0.27 "" ""
3481.783 106.00113 1.302 -7.982 3.464 CX34P055
3481.786 42.0 2.497 -0.87 "" ""
3481.8 64.1 0.492 0.12 LAWLER ""
3481.809 106.00112 1.256 -7.819 3.464 AX52R195
3481.814 106.00113 0.035 -7.27 3.464 AX20R045
3481.815 23.0 2.764 -3.71 "" ""
3481.822 74.0 2.386 -0.08 "" ""
3481.828 107.00114 1.138 -3.394 3.400 ""
3481.836 106.00113 1.302 -4.618 3.464 CX34Q055
3481.861 106.00112 0.996 -6.738 3.464 AX52R135
3481.883 106.00112 0.996 -4.402 3.464 AX52Q135
3481.884 24.0 3.011 -2.01 "" ""
3481.894 106.00113 0.035 -7.254 3.464 AX20R045
3481.899 107.00114 0.901 -3.482 3.400 ""
3481.903 106.00112 0.996 -4.357 3.464 AX52Q145
3481.908 106.00112 1.279 -4.809 3.464 CX34Q035
3481.909 74.1 3.516 -0.91 "" ""
3481.92 26.1 4.073 -5.47 "" ""
3481.925 106.00112 0.996 -6.485 3.464 AX52P145
3481.925 106.00112 1.279 -7.354 3.464 CX34P035
3481.934 22.0 1.878 -3.52 "" ""
3481.953 22.0 0.835 -6.26 "" ""
3481.959 106.00113 0.908 -4.834 3.464 AX52P115
3481.961 26.0 2.557 -6.59 "" ""
3481.971 106.00113 0.908 -6.629 3.464 AX52Q115
3481.977 106.00113 1.193 -9.099 3.464 CX12Q175
3482.018 607.01314 2.538 -1.102 7.724 1210Pb0305
3482.036 27.0 2.868 -3.51 "" ""
3482.037 106.00113 0.908 -4.774 3.464 AX52P125
3482.046 25.1 5.394 -1.53 "" ""
3482.047 26.1 2.028 -4.71 "" ""
3482.102 66.1 0.925 -0.77 "" ""
3482.11 106.00112 1.263 -5.591 3.464 CX34Q005
3482.111 76.0 1.259 -1.37 "" ""
3482.115 106.00112 1.291 -6.897 3.464 CX34R035
3482.132 58.1 0.708 -0.39 "" ""
3482.136 106.00112 1.291 -4.81 3.464 CX34Q035
3482.136 106.00113 1.226 -8.739 3.464 AX20R275
3482.14 58.1 0.459 -1.01 BIEMONT ""
3482.166 42.0 2.621 -1.56 "" ""
3482.168 106.00112 1.018 -7.202 3.464 AX41Q195
3482.17 23.0 2.129 -2.6 "" ""
3482.17 607.01314 2.44 -1.285 7.724 1210Pb0215
3482.199 27.0 2.784 -2.0 "" ""
3482.22 106.00112 1.018 -4.975 3.464 AX41P195
3482.227 607.01214 2.481 -1.264 7.724 1210Pb0205
3482.229 106.00112 1.018 -4.907 3.464 AX41P205
3482.23 76.0 1.41 -1.49 "" ""
3482.236 75.0 2.745 0.3 "" ""
3482.268 107.00114 0.901 -5.177 3.400 ""
3482.297 107.00114 0.901 -3.423 3.400 ""
3482.306 107.00114 1.138 -4.997 3.400 ""
3482.329 607.01214 2.481 -4.192 7.724 1210Qc0205
3482.338 26.0 2.402 -3.91 "" ""
3482.34 107.00114 1.138 -3.329 3.400 ""
3482.342 42.0 2.274 -1.36 "" ""
3482.342 607.01214 2.481 -1.241 7.724 1210Pa0215
3482.35 24.1 4.753 -3.31 "" ""
3482.35 58.1 0.822 -0.04 "" ""
3482.359 106.00113 1.135 -6.441 3.464 CX23P095
3482.36 58.1 0.6 -0.26 "" ""
3482.385 106.00113 1.135 -6.794 3.464 CX23P105
3482.391 26.1 4.476 -4.12 "" ""
3482.393 42.0 1.469 -1.52 "" ""
3482.412 24.0 3.077 -4.11 "" ""
3482.413 106.00113 0.835 -7.41 3.464 AX52P095
3482.419 26.1 5.548 -2.07 "" ""
3482.431 106.00112 1.291 -4.705 3.464 CX34Q045
3482.438 23.0 2.113 -4.28 "" ""
3482.453 106.00112 1.291 -7.665 3.464 CX34P045
3482.484 106.00113 1.135 -8.911 3.464 CX23Q095
3482.49 92.1 0.217 -0.57 "" ""
3482.505 42.0 2.289 -1.75 "" ""
3482.548 90.1 1.188 -0.7 "" ""
3482.559 607.01314 2.44 -4.252 7.724 1210Qc0215
3482.563 24.1 4.94 -1.86 "" ""
3482.574 607.01314 2.44 -1.263 7.724 1210Pa0225
3482.583 27.0 1.954 -6.66 "" ""
3482.591 22.0 1.872 -3.27 "" ""
3482.61 64.1 0.427 -0.47 LAWLER ""
3482.615 24.1 4.38 -2.87 "" ""
3482.633 106.00113 0.911 -8.889 3.464 AX30P225
3482.634 27.0 3.189 -1.74 "" ""
3482.648 24.1 5.666 -2.04 "" ""
3482.65 26.0 3.632 -3.76 "" ""
3482.669 23.1 5.836 -4.04 "" ""
3482.69 62.1 0.434 -1.74 LAWLER ""
3482.698 26.1 4.146 -5.21 "" ""
3482.701 28.0 3.603 -1.43 "" ""
3482.703 23.0 2.113 -3.62 "" ""
3482.761 90.1 0.23 -1.65 "" ""
3482.784 607.01314 2.449 -1.263 7.724 1210Pb0225
3482.788 40.0 0.071 -0.97 "" ""
3482.842 25.0 2.918 -5.5 "" ""
3482.856 25.0 4.662 -3.4 "" ""
3482.877 106.00112 1.306 -6.908 3.464 CX34R045
3482.882 106.00113 0.836 -7.44 3.464 AX52P095
3482.887 106.00112 0.919 -8.954 3.464 AX30P225
3482.897 25.1055 1.831 -2.122 LAWHFS ""
3482.897 25.1055 1.831 -2.666 LAWHFS ""
3482.899 25.1055 1.831 -1.934 LAWHFS ""
3482.899 25.1055 1.831 -2.122 LAWHFS ""
3482.899 25.1055 1.831 -3.667 LAWHFS ""
3482.901 25.1055 1.831 -1.904 LAWHFS ""
3482.902 25.1055 1.831 -1.934 LAWHFS ""
3482.902 25.1055 1.831 -2.302 LAWHFS ""
3482.904 106.00112 1.306 -4.705 3.464 CX34Q045
3482.905 25.1055 1.831 -2.047 LAWHFS ""
3482.906 25.1055 1.831 -1.761 LAWHFS ""
3482.906 25.1055 1.831 -1.904 LAWHFS ""
3482.911 25.1055 1.831 -1.403 LAWHFS ""
3482.911 25.1055 1.831 -2.047 LAWHFS ""
3482.949 106.00113 1.261 -5.199 3.464 CX34P015
3482.95 107.00114 0.311 -5.832 3.400 ""
3482.953 106.00112 1.199 -9.098 3.464 CX12Q175
3482.955 106.00112 1.199 -4.865 3.464 CX12P185
3482.986 22.0 0.0 -3.02 "" ""
3483.007 26.0 0.914 -2.73 OBR91 ""
3483.008 40.0 0.998 -0.05 "" ""
3483.016 23.0 2.636 -2.31 "" ""
3483.023 106.00112 1.199 -4.757 3.464 CX12P175
3483.027 23.1 2.274 -5.5 "" ""
3483.083 25.0 2.113 -2.63 "" ""
3483.105 20.1 7.042 -2.57 "" ""
3483.114 607.01214 2.49 -1.241 7.724 1210Pb0215
3483.132 106.00112 1.306 -4.617 3.464 CX34Q055
3483.136 27.0 2.278 -1.62 LAWNHFS ""
3483.141 607.01314 2.526 -1.12 7.724 1210Pb0295
3483.153 106.00113 0.775 -7.15 3.464 CX12P075
3483.158 106.00112 1.306 -7.982 3.464 CX34P055
3483.171 44.0 0.148 -1.78 "" ""
3483.227 23.0 1.868 -3.71 "" ""
3483.229 607.01214 2.49 -4.21 7.724 1210Qc0215
3483.243 607.01214 2.49 -1.219 7.724 1210Pa0225
3483.29 44.0 0.148 -1.86 "" ""
3483.313 24.0 3.09 -5.1 "" ""
3483.33 607.01314 2.459 -1.241 7.724 1210Pb0235
3483.364 28.0 3.703 -1.43 "" ""
3483.387 27.0 3.252 -2.08 "" ""
3483.391 25.0 2.141 -3.75 "" ""
3483.41 27.0 0.513 -1.01 LAWNHFS ""
3483.423 78.0 1.25 -1.88 DH05nohfs ""
3483.481 21.0 2.008 -1.62 "" ""
3483.49 106.00113 1.25 -5.022 3.464 CX12P195
3483.496 607.01314 2.449 -4.268 7.724 1210Qc0225
3483.511 607.01314 2.449 -1.241 7.724 1210Pa0235
3483.514 28.0 3.477 -0.83 "" ""
3483.518 24.0 3.11 -1.22 "" ""
3483.521 24.0 3.548 -2.77 "" ""
3483.526 40.1 0.757 -0.12 "" ""
3483.569 23.1 2.274 -4.04 "" ""
3483.581 106.00113 1.25 -4.866 3.464 CX12P185
3483.622 28.0 3.696 -1.28 "" ""
3483.627 21.0 2.0 -3.5 "" ""
3483.629 22.1 4.305 0.15 "" ""
3483.659 24.1 4.747 -3.82 "" ""
3483.669 42.0 2.258 -0.84 "" ""
3483.683 106.00112 1.139 -8.911 3.464 CX23Q095
3483.684 25.0 3.769 -2.06 "" ""
3483.722 22.0 2.248 -2.82 "" ""
3483.727 106.00112 1.139 -6.441 3.464 CX23P095
3483.752 29.0 5.501 -0.27 "" ""
3483.777 28.0 0.275 -1.11 LAWLER ""
3483.778 106.00112 1.139 -6.794 3.464 CX23P105
3483.781 607.01314 2.469 -1.219 7.724 1210Pb0245
3483.799 106.00112 1.02 -4.908 3.464 AX41P205
3483.802 27.0 0.174 -2.61 LAWNHFS ""
3483.807 106.00112 1.324 -6.914 3.464 CX34R055
3483.809 106.00112 1.02 -7.235 3.464 AX41Q195
3483.826 25.1 6.568 -2.68 "" ""
3483.834 42.0 2.068 -0.89 "" ""
3483.836 607.01314 2.514 -1.139 7.724 1210Pb0285
3483.839 106.00112 1.324 -4.618 3.464 CX34Q055
3483.861 106.00112 1.02 -4.975 3.464 AX41P195
3483.91 42.0 2.274 -1.29 "" ""
3483.925 106.00113 1.25 -8.924 3.464 CX12Q185
3483.956 25.0 3.761 -0.43 "" ""
3483.967 27.0 2.868 -4.52 "" ""
3484.013 42.0 1.334 -3.02 "" ""
3484.02 106.00112 1.324 -4.542 3.464 CX34Q065
3484.029 607.01214 2.5 -1.219 7.724 1210Pb0225
3484.03 25.0 3.761 -0.74 "" ""
3484.034 45.0 0.41 -1.87 "" ""
3484.047 39.0 0.0 -1.88 "" ""
3484.05 41.1 0.77 -1.06 Nilsson10 ""
3484.051 106.00112 1.324 -8.341 3.464 CX34P065
3484.103 607.01314 2.48 -1.198 7.724 1210Pb0255
3484.147 24.1 2.453 -1.9 "" ""
3484.158 607.01214 2.5 -4.226 7.724 1210Qc0225
3484.162 24.1 5.666 -1.73 "" ""
3484.173 607.01214 2.5 -1.197 7.724 1210Pa0235
3484.184 607.01314 2.502 -1.159 7.724 1210Pb0275
3484.232 106.00112 1.265 -5.199 3.464 CX34P015
3484.235 23.0 1.954 -2.23 "" ""
3484.245 106.00112 1.233 -8.739 3.464 AX20R275
3484.254 607.01314 2.491 -1.178 7.724 1210Pb0265
3484.334 23.1 2.898 -2.65 "" ""
3484.338 26.1 4.146 -3.88 "" ""
3484.358 25.0 5.083 -1.17 "" ""
3484.369 106.00112 0.778 -7.15 3.464 CX12P075
3484.371 23.0 2.721 -3.29 "" ""
3484.373 22.0 1.872 -5.2 "" ""
3484.383 25.0 3.376 -2.37 "" ""
3484.392 24.1 6.6 -4.45 "" ""
3484.4 27.0 2.716 -4.19 "" ""
3484.425 25.0 3.769 -4.15 "" ""
3484.481 77.0 1.224 -1.71 "" ""
3484.516 607.01314 2.459 -4.284 7.724 1210Qc0235
3484.532 607.01314 2.459 -1.219 7.724 1210Pa0245
3484.553 68.1 0.891 -0.72 "" ""
3484.556 106.00113 0.458 -6.634 3.464 CX01P075
3484.557 42.1 4.714 -1.0 "" ""
3484.57 22.1 4.915 -0.99 "" ""
3484.602 20.1 7.042 -1.87 "" ""
3484.609 37.0 0.0 -7.9 "" ""
3484.621 73.0 0.0 -2.23 "" ""
3484.646 23.1 1.095 -3.06 "" ""
3484.648 24.1 6.681 -3.7 "" ""
3484.654 23.0 1.892 -3.01 "" ""
3484.676 66.1 0.927 -0.46 "" ""
3484.68 25.1 6.653 -3.15 "" ""
3484.693 58.1 0.553 -0.97 BIEMONT ""
3484.741 58.1 0.357 -1.01 "" ""
3484.758 22.0 2.235 -2.72 "" ""
3484.758 67.1165 0.079 -0.475 LAWLER ""
3484.759 26.0 2.988 -4.21 "" ""
3484.759 67.1165 0.079 -1.837 LAWLER ""
3484.781 106.00113 0.914 -8.953 3.464 AX30P225
3484.788 67.1165 0.079 -1.837 LAWLER ""
3484.789 67.1165 0.079 -0.555 LAWLER ""
3484.789 67.1165 0.079 -1.612 LAWLER ""
3484.816 67.1165 0.079 -1.523 LAWLER ""
3484.817 67.1165 0.079 -0.636 LAWLER ""
3484.817 67.1165 0.079 -1.612 LAWLER ""
3484.841 67.1165 0.079 -1.5 LAWLER ""
3484.842 67.1165 0.079 -0.716 LAWLER ""
3484.843 67.1165 0.079 -1.523 LAWLER ""
3484.849 26.0 2.452 -2.77 "" ""
3484.862 67.1165 0.079 -1.531 LAWLER ""
3484.864 67.1165 0.079 -0.792 LAWLER ""
3484.865 67.1165 0.079 -1.5 LAWLER ""
3484.878 106.00112 1.256 -5.021 3.464 CX12P195
3484.881 67.1165 0.079 -1.626 LAWLER ""
3484.883 106.00112 1.256 -8.924 3.464 CX12Q185
3484.883 67.1165 0.079 -0.862 LAWLER ""
3484.884 28.0 2.738 -3.98 "" ""
3484.884 37.0 0.0 -7.72 "" ""
3484.884 67.1165 0.079 -1.531 LAWLER ""
3484.896 67.1165 0.079 -1.85 LAWLER ""
3484.898 67.1165 0.079 -0.917 LAWLER ""
3484.9 67.1165 0.079 -1.626 LAWLER ""
3484.911 67.1165 0.079 -0.947 LAWLER ""
3484.912 106.00113 1.031 -7.686 3.464 CX23P055
3484.913 67.1165 0.079 -1.85 LAWLER ""
3484.931 106.00112 1.344 -6.918 3.464 CX34R065
3484.937 27.0 3.189 -7.75 "" ""
3484.958 106.00112 1.256 -4.865 3.464 CX12P185
3484.967 106.00112 1.344 -4.543 3.464 CX34Q065
3484.972 607.01214 2.51 -1.197 7.724 1210Pb0235
3484.979 26.0 2.422 -1.78 "" ""
3485.014 106.00112 1.143 -4.757 3.464 AX52R165
3485.014 106.00113 1.038 -6.76 3.464 AX52R145
3485.024 106.00113 1.038 -4.36 3.464 AX52Q145
3485.041 22.0 2.406 -2.6 "" ""
3485.044 106.00112 1.143 -4.767 3.464 AX52R175
3485.053 58.1 0.0 -0.57 LAWLER ""
3485.087 106.00112 1.143 -6.619 3.464 AX52Q175
3485.095 23.1 6.524 -2.22 "" ""
3485.097 106.00113 1.038 -4.317 3.464 AX52Q155
3485.099 27.0 3.295 -4.57 "" ""
3485.107 106.00113 1.038 -6.503 3.464 AX52P155
3485.109 28.0 3.696 -0.26 "" ""
3485.112 106.00112 1.345 -4.476 3.464 CX34Q075
3485.117 607.01214 2.51 -4.242 7.724 1210Qc0235
3485.133 607.01214 2.51 -1.176 7.724 1210Pa0245
3485.138 23.0 2.606 -4.49 "" ""
3485.147 24.0 2.998 -1.87 "" ""
3485.148 106.00112 1.345 -8.805 3.464 CX34P075
3485.163 68.1 1.401 0.07 "" ""
3485.212 90.1 1.038 -0.67 "" ""
3485.236 26.0 2.586 -5.65 "" ""
3485.264 78.0 1.26 -1.14 DH05nohfs ""
3485.27 25.0 2.296 -7.57 "" ""
3485.279 40.1 0.931 -0.83 "" ""
3485.285 106.00113 1.266 -5.173 3.464 CX34P015
3485.299 106.00113 1.266 -8.694 3.464 CX34Q015
3485.329 106.00112 0.021 -7.143 3.464 AX20R035
3485.34 26.0 2.196 -1.15 OBR91 ""
3485.366 26.0 2.843 -3.98 "" ""
3485.37 27.0 3.114 0.67 LAWNHFS ""
3485.375 106.00112 0.021 -7.13 3.464 AX20R035
3485.397 25.1 4.933 -2.25 "" ""
3485.415 23.1 5.791 -4.26 "" ""
3485.438 20.1 7.044 -1.62 "" ""
3485.461 106.00113 1.309 -5.255 3.464 CX12P205
3485.461 24.0 3.419 -3.76 "" ""
3485.465 26.0 3.692 -5.03 "" ""
3485.483 42.0 2.274 -1.33 "" ""
3485.491 21.0 2.0 -1.51 "" ""
3485.561 106.00113 1.31 -5.022 3.464 CX12P195
3485.566 106.00113 1.168 -6.794 3.464 CX23P105
3485.569 106.00113 1.168 -7.325 3.464 CX23P115
3485.616 42.0 2.756 -1.52 "" ""
3485.618 20.1 7.499 -2.19 "" ""
3485.618 27.1 2.202 -3.28 "" ""
3485.628 24.0 3.008 -3.7 "" ""
3485.643 607.01314 2.469 -4.298 7.724 1210Qc0245
3485.66 607.01314 2.469 -1.199 7.724 1210Pa0255
3485.681 106.00112 0.459 -6.633 3.464 CX01P075
3485.684 22.0 1.052 -1.36 LAWLER ""
3485.696 27.0 1.954 -1.76 "" ""
3485.702 25.0 2.296 -4.7 "" ""
3485.705 106.00113 1.168 -8.834 3.464 CX23Q105
3485.72 25.0 4.357 -1.38 "" ""
3485.722 39.0 1.304 0.8 "" ""
3485.741 26.1 4.476 -2.73 "" ""
3485.748 21.0 2.336 -2.36 "" ""
3485.758 70.1 4.01 -0.63 "" ""
3485.795 25.0 4.191 -2.74 "" ""
3485.81 23.1 2.542 -1.53 "" ""
3485.822 26.0 3.632 -2.93 "" ""
3485.824 23.0 0.267 -4.22 "" ""
3485.853 68.1 0.055 -0.66 LAWLER ""
3485.863 23.0 1.71 -2.7 "" ""
3485.867 106.00113 1.266 -5.294 3.464 CX34P025
3485.873 23.0 2.503 -5.64 "" ""
3485.878 28.0 0.212 -2.15 "" ""
3485.902 23.0 1.71 -5.78 "" ""
3485.92 66.1 1.686 0.22 "" ""
3485.921 23.1 1.095 -1.29 LAWNOHFS ""
3485.926 42.0 1.38 -1.25 "" ""
3485.932 106.00113 1.31 -8.761 3.464 CX12Q195
3485.935 41.0 1.674 -0.34 "" ""
3485.945 607.01214 2.521 -1.176 7.724 1210Pb0245
3485.959 23.0 2.357 -3.04 "" ""
3485.971 106.00113 1.039 -6.778 3.464 AX52R145
3485.982 106.00113 1.039 -4.36 3.464 AX52Q145
3485.997 106.00113 1.039 -4.318 3.464 AX52Q155
3486.008 106.00113 1.039 -6.487 3.464 AX52P155
3486.048 23.1 3.121 -3.72 "" ""
3486.08 26.1 4.077 -3.81 "" ""
3486.107 607.01214 2.521 -4.257 7.724 1210Qc0245
3486.123 607.01214 2.521 -1.156 7.724 1210Pa0255
3486.143 74.1 2.011 -1.4 "" ""
3486.147 26.0 3.637 -6.47 "" ""
3486.166 106.00112 1.22 -7.378 3.464 AX41R225
3486.183 24.0 3.11 -5.43 "" ""
3486.189 106.00112 1.034 -7.685 3.464 CX23P055
3486.19 106.00112 1.144 -4.768 3.464 AX52R175
3486.199 25.0 4.27 -1.72 "" ""
3486.209 64.0 0.066 -0.39 "" ""
3486.217 106.00112 1.22 -4.452 3.464 AX41Q235
3486.222 106.00112 1.144 -4.757 3.464 AX52R165
3486.233 106.00112 1.144 -6.592 3.464 AX52Q175
3486.238 106.00112 1.22 -4.507 3.464 AX41Q225
3486.241 25.0 3.376 -2.57 "" ""
3486.26 23.0 1.847 -4.5 "" ""
3486.272 106.00112 1.368 -6.921 3.464 CX34R075
3486.283 25.0 2.296 -3.37 "" ""
3486.288 106.00112 1.22 -6.978 3.464 AX41P235
3486.313 106.00112 1.368 -4.476 3.464 CX34Q075
3486.43 106.00112 1.368 -4.416 3.464 CX34Q085
3486.455 24.1 4.757 -2.77 "" ""
3486.471 106.00112 1.368 -9.576 3.464 CX34P085
3486.504 107.00114 1.377 -3.298 3.400 ""
3486.513 90.1 1.262 -0.15 "" ""
3486.551 26.0 2.221 -5.33 "" ""
3486.551 90.0 0.0 -0.65 "" ""
3486.562 106.00112 1.27 -8.694 3.464 CX34Q015
3486.57 106.00112 1.27 -5.173 3.464 CX34P015
3486.611 27.0 3.25 -1.88 "" ""
3486.656 21.0 2.134 -3.04 "" ""
3486.686 23.0 2.573 -4.13 "" ""
3486.824 68.1 0.669 -0.65 LAWLER ""
3486.859 106.00112 1.316 -5.254 3.464 CX12P205
3486.872 106.00112 1.316 -8.761 3.464 CX12Q195
3486.906 607.01314 2.48 -4.311 7.724 1210Qc0255
3486.91 107.00114 0.668 -3.558 3.400 ""
3486.913 106.00112 1.173 -8.834 3.464 CX23Q105
3486.923 607.01314 2.48 -1.179 7.724 1210Pa0265
3486.924 26.1 4.15 -5.04 "" ""
3486.948 607.01214 2.532 -1.156 7.724 1210Pb0255
3486.951 106.00112 1.316 -5.021 3.464 CX12P195
3486.961 106.00112 1.173 -6.793 3.464 CX23P105
3486.991 106.00112 1.173 -7.325 3.464 CX23P115
3486.996 25.1 4.934 -2.83 "" ""
3487.006 23.0 1.711 -0.88 "" ""
3487.031 106.00113 1.193 -4.775 3.464 AX52R175
3487.064 106.00113 1.193 -4.807 3.464 AX52R185
3487.076 69.1 2.419 0.35 "" ""
3487.094 106.00113 1.193 -6.64 3.464 AX52Q185
3487.111 21.0 1.985 -1.64 "" ""
3487.129 607.01214 2.532 -4.271 7.724 1210Qc0255
3487.143 106.00113 0.021 -7.143 3.464 AX20R035
3487.146 607.01214 2.532 -1.136 7.724 1210Pa0265
3487.156 107.00114 1.377 -4.801 3.400 ""
3487.172 106.00112 1.271 -5.294 3.464 CX34P025
3487.188 106.00113 0.021 -7.13 3.464 AX20R035
3487.204 66.1 1.98 0.35 "" ""
3487.209 107.00114 1.377 -3.225 3.400 ""
3487.224 107.00114 0.668 -5.35 3.400 ""
3487.229 107.00114 0.668 -3.506 3.400 ""
3487.248 76.0 1.84 -1.07 "" ""
3487.281 27.0 3.131 -0.96 "" ""
3487.326 42.0 2.075 -2.0 "" ""
3487.371 106.00113 1.307 -9.18 3.464 AX20R285
3487.377 69.0 1.625 0.79 "" ""
3487.404 62.1 0.248 -1.29 "" ""
3487.523 42.0 2.913 -1.16 "" ""
3487.563 29.0 5.773 -1.21 "" ""
3487.566 66.1 2.111 0.59 "" ""
3487.573 72.1 2.209 -0.32 "" ""
3487.598 20.0 1.899 -1.48 LAWLER ""
