wavelength species excitation loggf disassociation_energy comment
3420.963 22.0 1.501 -1.46 "" ""
3420.99 106.00112 1.152 -5.042 3.464 AX41R225
3420.994 607.01214 2.015 -1.885 7.724 1008Pb0185
3421.01 107.00114 0.786 -0.949 3.400 ""
3421.01 24.0 4.141 -3.34 "" ""
3421.03 107.00114 0.958 -2.466 3.400 ""
3421.032 27.0 2.278 -2.25 LAWNHFS ""
3421.036 24.0 3.11 -5.4 "" ""
3421.059 106.00112 1.152 -7.07 3.464 AX41Q225
3421.067 23.1 5.845 -1.31 "" ""
3421.081 106.00112 1.152 -5.055 3.464 AX41R215
3421.093 107.00114 0.958 -1.155 3.400 ""
3421.107 106.00113 0.781 -7.098 3.464 CX01P165
3421.126 25.0 4.791 -1.83 "" ""
3421.16 41.1 1.41 -1.36 Nilsson10 ""
3421.162 42.0 2.075 -2.47 "" ""
3421.174 107.00114 0.787 -4.821 3.400 ""
3421.187 28.0 3.417 -0.58 "" ""
3421.204 107.00114 0.787 -2.568 3.400 ""
3421.209 24.1 2.421 -0.66 Lawler17 ""
3421.21 90.0 0.615 0.11 "" ""
3421.211 26.0 3.249 -4.11 "" ""
3421.222 46.0 0.961 0.17 "" ""
3421.244 106.00113 0.371 -5.474 3.464 CX01R035
3421.247 42.0 1.334 -1.44 "" ""
3421.264 23.1 5.835 -1.76 "" ""
3421.304 22.0 1.967 -6.35 "" ""
3421.307 66.1 2.111 0.61 "" ""
3421.333 28.0 3.536 0.24 "" ""
3421.343 27.0 3.229 -1.14 "" ""
3421.351 106.00112 0.694 -5.751 3.464 AX52P035
3421.356 607.01314 1.938 -4.704 7.724 1008Qc0135
3421.364 25.1 6.568 -3.85 "" ""
3421.367 607.01314 1.938 -2.111 7.724 1008Pa0145
3421.382 106.00113 0.782 -4.905 3.464 CX01Q155
3421.398 106.00113 0.638 -9.091 3.464 AX30P185
3421.402 607.01314 1.938 -2.145 7.724 1008Pb0135
3421.406 106.00113 0.781 -5.139 3.464 CX01Q165
3421.415 27.0 2.716 -2.09 "" ""
3421.431 107.00114 1.157 -2.248 3.400 ""
3421.439 106.00112 0.694 -5.75 3.464 AX52P035
3421.44 25.1 6.653 -2.05 "" ""
3421.44 72.1 0.608 -2.27 LAWLER ""
3421.447 106.00113 1.145 -5.035 3.464 AX30Q265
3421.458 106.00113 1.145 -7.729 3.464 AX30P265
3421.461 24.0 2.706 -2.13 "" ""
3421.463 106.00112 0.694 -6.396 3.464 AX52Q035
3421.484 22.0 1.878 -2.37 "" ""
3421.498 106.00113 1.145 -8.059 3.464 AX30R255
3421.499 106.00113 0.371 -8.218 3.464 CX01Q045
3421.51 106.00113 1.145 -5.125 3.464 AX30Q255
3421.518 22.0 2.316 -3.91 "" ""
3421.52 107.00114 1.157 -1.583 3.400 ""
3421.523 67.1165 0.725 -1.905 LAWLER ""
3421.524 25.0 4.682 -3.06 "" ""
3421.524 67.1165 0.725 -0.649 LAWLER ""
3421.529 607.01214 2.024 -4.729 7.724 1008Qc0195
3421.543 607.01214 2.024 -1.831 7.724 1008Pa0205
3421.551 106.00112 0.694 -6.404 3.464 AX52Q035
3421.556 67.1165 0.725 -1.682 LAWLER ""
3421.558 67.1165 0.725 -0.745 LAWLER ""
3421.559 25.1 4.934 -3.05 "" ""
3421.559 67.1165 0.725 -1.905 LAWLER ""
3421.576 27.0 3.25 -4.45 "" ""
3421.58 24.1 4.29 -2.08 Gurell10 ""
3421.584 106.00113 0.371 -5.474 3.464 CX01R045
3421.586 67.1165 0.725 -1.596 LAWLER ""
3421.588 67.1165 0.725 -0.844 LAWLER ""
3421.59 67.1165 0.725 -1.682 LAWLER ""
3421.612 67.1165 0.725 -1.576 LAWLER ""
3421.615 27.0 3.102 -5.58 "" ""
3421.615 67.1165 0.725 -0.944 LAWLER ""
3421.616 24.1 4.313 -1.86 Gurell10 ""
3421.617 67.1165 0.725 -1.596 LAWLER ""
3421.628 27.0 2.041 -1.43 LAWNHFS ""
3421.635 67.1165 0.725 -1.609 LAWLER ""
3421.638 67.1165 0.725 -1.042 LAWLER ""
3421.64 106.00113 0.953 -4.675 3.464 AX41Q195
3421.641 106.00113 0.953 -7.35 3.464 AX41R185
3421.641 67.1165 0.725 -1.576 LAWLER ""
3421.644 106.00112 0.644 -9.146 3.464 AX30P185
3421.646 607.01214 2.024 -1.858 7.724 1008Pb0195
3421.655 67.1165 0.725 -1.705 LAWLER ""
3421.658 67.1165 0.725 -1.131 LAWLER ""
3421.661 67.1165 0.725 -1.609 LAWLER ""
3421.672 67.1165 0.725 -1.927 LAWLER ""
3421.674 67.1165 0.725 -1.2 LAWLER ""
3421.677 67.1165 0.725 -1.705 LAWLER ""
3421.682 106.00113 0.782 -7.734 3.464 CX01R155
3421.686 106.00113 0.953 -7.087 3.464 AX41P195
3421.687 106.00113 0.953 -4.732 3.464 AX41Q185
3421.687 67.1165 0.725 -1.228 LAWLER ""
3421.687 76.0 1.259 -1.33 "" ""
3421.689 67.1165 0.725 -1.927 LAWLER ""
3421.693 107.00114 0.958 -1.107 3.400 ""
3421.694 92.1 1.038 -0.21 "" ""
3421.704 24.0 3.446 -2.97 "" ""
3421.778 107.00114 1.433 -2.295 3.400 ""
3421.784 22.0 1.967 -5.59 "" ""
3421.785 106.00113 1.135 -8.059 3.464 CX23Q105
3421.791 107.00114 1.443 -1.422 3.400 ""
3421.794 69.0 1.931 0.74 "" ""
3421.806 106.00112 0.694 -5.6 3.464 AX52P045
3421.808 107.00114 0.958 -4.409 3.400 ""
3421.814 42.0 2.494 -1.37 "" ""
3421.871 107.00114 0.958 -2.418 3.400 ""
3421.878 106.00112 0.694 -5.6 3.464 AX52P045
3421.881 106.00113 1.135 -3.977 3.464 CX23R095
3421.899 607.01314 1.945 -4.73 7.724 1008Qc0145
3421.91 607.01314 1.945 -2.078 7.724 1008Pa0155
3421.934 106.00113 1.135 -3.87 3.464 CX23R105
3421.944 26.0 3.651 -5.19 "" ""
3421.948 607.01314 1.945 -2.111 7.724 1008Pb0145
3421.95 20.0 5.177 -1.97 "" ""
3421.979 23.1 5.836 -3.23 "" ""
3421.999 23.0 1.375 -4.68 "" ""
3422.006 106.00113 0.692 -6.437 3.464 CX12R035
3422.015 23.1 6.529 -0.97 "" ""
3422.019 107.00114 1.436 -1.85 3.400 ""
3422.105 106.00112 0.372 -5.474 3.464 CX01R035
3422.106 107.00114 1.436 -2.045 3.400 ""
3422.117 26.0 3.651 -1.73 "" ""
3422.121 24.0 3.142 -2.84 "" ""
3422.151 106.00112 0.785 -7.734 3.464 CX01R155
3422.175 26.0 2.996 -5.85 "" ""
3422.181 607.01214 2.033 -4.744 7.724 1008Qc0205
3422.19 62.1 0.543 -1.71 LAWLER ""
3422.196 607.01214 2.033 -1.806 7.724 1008Pa0215
3422.199 22.0 1.878 -2.88 "" ""
3422.222 106.00112 0.785 -4.905 3.464 CX01Q155
3422.229 106.00112 0.786 -5.139 3.464 CX01Q165
3422.251 106.00113 0.692 -9.452 3.464 CX12Q045
3422.252 23.1 6.096 -1.11 "" ""
3422.263 42.0 2.834 -1.42 "" ""
3422.286 27.0 3.729 -2.28 "" ""
3422.297 107.00114 0.181 -3.343 3.400 ""
3422.3 106.00112 0.786 -7.098 3.464 CX01P165
3422.308 42.0 2.497 -0.4 "" ""
3422.31 607.01214 2.033 -1.832 7.724 1008Pb0205
3422.32 28.0 3.541 -0.34 "" ""
3422.332 106.00112 0.956 -7.327 3.464 AX41R185
3422.332 106.00113 0.692 -5.911 3.464 CX12R045
3422.349 92.1 0.669 -1.04 "" ""
3422.382 106.00112 0.956 -4.732 3.464 AX41Q185
3422.394 106.00112 0.956 -4.674 3.464 AX41Q195
3422.421 106.00112 0.373 -5.474 3.464 CX01R045
3422.424 25.0 4.636 -1.8 "" ""
3422.444 106.00112 0.956 -7.106 3.464 AX41P195
3422.447 106.00112 0.373 -8.218 3.464 CX01Q045
3422.449 21.0 2.144 -3.08 "" ""
3422.453 27.0 1.881 -3.1 "" ""
3422.454 607.01314 1.951 -4.753 7.724 1008Qc0155
3422.46 64.1 0.24 0.71 LAWLER ""
3422.465 607.01314 1.951 -2.047 7.724 1008Pa0165
3422.484 58.1 1.106 -0.45 "" ""
3422.493 26.0 3.045 -1.25 "" ""
3422.499 27.0 3.189 -0.59 "" ""
3422.502 26.0 2.988 -3.68 "" ""
3422.504 607.01314 1.951 -2.078 7.724 1008Pb0155
3422.523 58.1 0.327 -1.22 "" ""
3422.554 25.1 6.523 -2.4 "" ""
3422.554 28.0 3.633 -2.64 "" ""
3422.565 26.0 2.557 -3.29 "" ""
3422.594 23.1 2.542 -1.83 "" ""
3422.597 66.1 1.412 -0.17 "" ""
3422.62 68.1 0.636 -1.68 LAWLER ""
3422.651 106.00113 0.708 -5.522 3.464 AX52P045
3422.656 26.0 2.221 -0.92 "" ""
3422.666 22.1 1.242 -2.62 LAWLER ""
3422.678 25.1 4.494 -5.78 "" ""
3422.705 58.1 0.445 -0.39 LAWLER ""
3422.739 24.1 2.455 -0.33 Lawler17 ""
3422.747 106.00113 0.708 -6.422 3.464 AX52Q045
3422.75 64.1 0.144 -0.82 LAWLER ""
3422.752 28.0 3.304 -6.59 "" ""
3422.759 27.0 3.131 -0.73 "" ""
3422.768 25.0 4.602 -3.95 "" ""
3422.771 42.1 3.591 -1.0 "" ""
3422.78 106.00113 0.708 -5.521 3.464 AX52P045
3422.789 24.0 3.108 -3.65 "" ""
3422.817 25.0 4.243 -0.77 "" ""
3422.85 607.01214 2.042 -4.758 7.724 1008Qc0215
3422.857 106.00112 1.139 -3.977 3.464 CX23R095
3422.859 27.0 3.189 -0.94 "" ""
3422.863 66.1 2.091 0.82 "" ""
3422.865 607.01214 2.042 -1.781 7.724 1008Pa0225
3422.869 28.0 3.696 -0.07 "" ""
3422.871 107.00114 0.833 -3.159 3.400 ""
3422.877 106.00113 0.708 -6.431 3.464 AX52Q045
3422.895 27.0 1.739 -1.57 LAWNHFS ""
3422.897 68.0 1.158 0.72 "" ""
3422.898 106.00112 1.139 -3.869 3.464 CX23R105
3422.917 106.00113 0.64 -9.146 3.464 AX30P185
3422.947 106.00113 0.341 -6.839 3.464 CX01R015
3422.949 106.00112 1.139 -8.059 3.464 CX23Q105
3422.964 106.00112 0.694 -6.436 3.464 CX12R035
3422.985 607.01214 2.042 -1.806 7.724 1008Pb0215
3423.02 607.01314 1.958 -4.774 7.724 1008Qc0165
3423.022 106.00113 0.708 -5.408 3.464 AX52P055
3423.032 607.01314 1.958 -2.017 7.724 1008Pa0175
3423.07 106.00113 0.731 -7.047 3.464 CX01P155
3423.073 607.01314 1.958 -2.047 7.724 1008Pb0165
3423.107 107.00114 1.157 -1.474 3.400 ""
3423.118 107.00114 0.181 -4.613 3.400 ""
3423.132 106.00113 0.708 -5.409 3.464 AX52P055
3423.138 107.00114 1.157 -3.603 3.400 ""
3423.138 25.0 4.255 -1.87 "" ""
3423.153 107.00114 0.181 -3.241 3.400 ""
3423.167 22.0 1.442 -1.95 LAWLER ""
3423.192 24.0 3.847 -1.56 "" ""
3423.213 106.00113 0.663 -10.433 3.464 CX12R015
3423.227 107.00114 1.157 -2.165 3.400 ""
3423.234 66.1 1.169 -0.48 "" ""
3423.239 26.0 3.069 -2.72 "" ""
3423.269 106.00112 0.694 -5.911 3.464 CX12R045
3423.277 27.0 3.064 -1.92 "" ""
3423.278 28.0 3.676 -1.47 "" ""
3423.291 106.00112 0.694 -9.452 3.464 CX12Q045
3423.313 106.00113 0.731 -4.75 3.464 CX01Q145
3423.346 106.00113 0.731 -4.905 3.464 CX01Q155
3423.353 23.0 0.0 -5.21 "" ""
3423.377 27.0 2.868 -6.2 "" ""
3423.467 23.0 1.858 -9.9 "" ""
3423.515 107.00114 0.668 -0.88 3.400 ""
3423.538 607.01214 2.052 -4.771 7.724 1008Qc0225
3423.554 607.01214 2.052 -1.756 7.724 1008Pa0235
3423.589 106.00113 0.731 -7.894 3.464 CX01R145
3423.599 607.01314 1.966 -4.794 7.724 1008Qc0175
3423.611 607.01314 1.966 -1.988 7.724 1008Pa0185
3423.612 25.0 2.886 -6.25 "" ""
3423.65 107.00114 0.526 -3.27 3.400 ""
3423.653 607.01314 1.966 -2.017 7.724 1008Pb0175
3423.661 107.00114 0.668 -2.71 3.400 ""
3423.666 107.00114 0.668 -0.86 3.400 ""
3423.667 607.01214 2.052 -1.781 7.724 1008Pb0225
3423.679 26.0 3.632 -3.72 "" ""
3423.707 28.0 0.212 -0.71 LAWLER ""
3423.717 106.00112 0.873 -4.852 3.464 AX52R105
3423.761 41.0 0.348 -1.05 "" ""
3423.787 106.00112 0.958 -4.675 3.464 AX41Q195
3423.79 106.00112 0.958 -7.35 3.464 AX41R185
3423.79 106.00113 1.087 -7.642 3.464 AX52R165
3423.793 107.00114 0.668 -0.835 3.400 ""
3423.8 26.0 3.045 -1.14 "" ""
3423.816 107.00114 1.125 -3.472 3.400 ""
3423.826 27.1 2.274 -1.57 Law18NOHFS ""
3423.828 106.00112 0.873 -4.818 3.464 AX52R115
3423.837 106.00112 0.958 -7.086 3.464 AX41P195
3423.838 106.00112 0.873 -6.519 3.464 AX52Q115
3423.838 28.0 3.539 -2.13 "" ""
3423.839 25.0 4.243 -1.4 "" ""
3423.839 26.0 3.571 -3.51 "" ""
3423.84 106.00112 0.958 -4.732 3.464 AX41Q185
3423.843 24.0 3.077 -4.68 "" ""
3423.849 58.1 1.194 0.03 "" ""
3423.854 106.00112 0.342 -6.839 3.464 CX01R015
3423.858 23.0 1.891 -0.56 "" ""
3423.89 64.0 0.124 0.41 "" ""
3423.92 64.1 0.0 -0.55 LAWLER ""
3423.923 107.00114 1.125 -3.04 3.400 ""
3423.941 106.00112 1.042 -7.593 3.464 AX52R155
3423.945 106.00112 0.752 -4.804 3.464 AX52Q065
3423.953 22.0 2.425 -2.93 "" ""
3423.973 23.0 1.802 -3.83 "" ""
3423.976 106.00112 0.752 -6.419 3.464 AX52R065
3423.989 28.0 3.633 -0.65 "" ""
3423.99 90.0 0.0 -0.66 "" ""
3424.025 107.00114 0.668 -5.133 3.400 ""
3424.029 107.00114 0.668 -2.683 3.400 ""
3424.061 106.00113 1.105 -8.074 3.464 CX23Q095
3424.101 106.00112 0.734 -7.893 3.464 CX01R145
3424.104 23.0 1.852 -5.4 "" ""
3424.118 106.00113 1.105 -4.093 3.464 CX23R085
3424.128 106.00113 0.908 -4.826 3.464 AX52R115
3424.141 106.00112 0.752 -6.381 3.464 AX52P075
3424.147 67.0 1.044 0.65 "" ""
3424.165 107.00114 0.842 -0.971 3.400 ""
3424.169 106.00112 0.734 -4.75 3.464 CX01Q145
3424.171 26.1 4.146 -2.92 "" ""
3424.173 106.00112 0.752 -4.732 3.464 AX52Q075
3424.185 106.00112 0.752 -4.803 3.464 AX52Q065
3424.186 106.00112 0.734 -4.905 3.464 CX01Q155
3424.189 607.01314 1.974 -4.811 7.724 1008Qc0185
3424.196 106.00113 1.105 -3.976 3.464 CX23R095
3424.202 607.01314 1.974 -1.96 7.724 1008Pa0195
3424.211 106.00112 0.665 -10.433 3.464 CX12R015
3424.212 21.0 1.427 -7.01 "" ""
3424.216 106.00112 0.752 -6.429 3.464 AX52R065
3424.235 106.00113 0.908 -4.796 3.464 AX52R125
3424.236 106.00113 0.908 -6.543 3.464 AX52Q125
3424.244 106.00113 0.638 -8.121 3.464 AX41P125
3424.244 607.01314 1.974 -1.988 7.724 1008Pb0185
3424.251 607.01214 2.063 -4.784 7.724 1008Qc0235
3424.254 106.00112 0.734 -7.047 3.464 CX01P155
3424.261 106.00112 0.874 -4.852 3.464 AX52R105
3424.269 607.01214 2.063 -1.732 7.724 1008Pa0245
3424.285 26.0 2.174 -0.7 OBR91 ""
3424.307 26.0 2.988 -2.8 "" ""
3424.31 23.0 1.847 -4.52 "" ""
3424.332 106.00112 0.874 -4.819 3.464 AX52R115
3424.341 106.00112 0.874 -6.5 3.464 AX52Q115
3424.348 24.1 2.541 -4.47 "" ""
3424.351 607.01214 2.063 -1.756 7.724 1008Pb0235
3424.355 106.00112 0.752 -6.374 3.464 AX52P075
3424.369 106.00113 0.775 -4.732 3.464 AX52Q075
3424.369 25.0 4.243 -1.4 "" ""
3424.375 21.0 2.108 -4.17 "" ""
3424.377 45.0 0.965 -1.32 "" ""
3424.386 106.00112 0.752 -4.733 3.464 AX52Q075
3424.397 27.0 3.126 -4.59 "" ""
3424.404 106.00113 0.775 -6.475 3.464 AX52R075
3424.423 107.00114 0.842 -2.626 3.400 ""
3424.423 23.0 1.798 -5.29 "" ""
3424.435 107.00114 0.842 -0.948 3.400 ""
3424.436 73.0 0.749 -1.2 "" ""
3424.443 107.00114 0.833 -4.054 3.400 ""
3424.452 107.00114 1.433 -1.846 3.400 ""
3424.458 25.0 2.886 -6.71 "" ""
3424.459 74.1 2.433 -1.28 "" ""
3424.473 106.00113 0.692 -7.557 3.464 AX52P035
3424.5 69.0 2.316 0.7 "" ""
3424.502 26.0 3.651 -2.61 "" ""
3424.504 27.0 2.079 -0.51 LAWNHFS ""
3424.509 107.00114 1.178 -1.494 3.400 ""
3424.511 107.00114 0.833 -3.02 3.400 ""
3424.526 106.00112 0.64 -8.121 3.464 AX41P125
3424.531 106.00112 1.528 -6.489 3.464 CX34R135
3424.539 106.00113 0.775 -6.417 3.464 AX52P085
3424.544 27.0 1.709 -6.97 "" ""
3424.557 92.1 0.217 -0.6 "" ""
3424.56 106.00113 0.692 -7.569 3.464 AX52P035
3424.574 106.00113 0.775 -4.667 3.464 AX52Q085
3424.587 107.00114 0.998 -1.134 3.400 ""
3424.598 42.0 1.334 -1.11 "" ""
3424.6 64.1 0.354 -0.34 LAWLER ""
3424.602 24.0 3.09 -5.92 "" ""
3424.613 75.0 1.456 0.71 "" ""
3424.65 107.00114 0.526 -4.425 3.400 ""
3424.672 106.00113 0.775 -4.732 3.464 AX52Q075
3424.695 107.00114 0.842 -0.917 3.400 ""
3424.705 107.00114 0.526 -3.157 3.400 ""
3424.706 106.00113 0.775 -6.485 3.464 AX52R075
3424.755 42.0 2.075 -0.87 "" ""
3424.758 106.00113 0.908 -4.826 3.464 AX52R115
3424.761 106.00113 1.088 -7.593 3.464 AX52R165
3424.782 62.1 0.543 -1.11 "" ""
3424.791 607.01314 1.982 -4.828 7.724 1008Qc0195
3424.805 607.01314 1.982 -1.933 7.724 1008Pa0205
3424.812 106.00113 0.776 -6.408 3.464 AX52P085
3424.822 106.00113 0.908 -4.797 3.464 AX52R125
3424.822 106.00113 0.908 -6.523 3.464 AX52Q125
3424.822 40.1 0.039 -1.34 Ljung06 ""
3424.829 106.00112 1.043 -7.546 3.464 AX52R155
3424.846 106.00113 0.776 -4.668 3.464 AX52Q085
3424.848 607.01314 1.982 -1.96 7.724 1008Pb0195
3424.849 107.00114 0.842 -4.896 3.400 ""
3424.861 107.00114 0.842 -2.593 3.400 ""
3424.889 25.1 5.344 -3.15 "" ""
3424.892 42.0 3.165 -1.02 "" ""
3424.905 23.1 6.461 -0.65 "" ""
3424.932 24.0 3.847 -3.6 "" ""
3424.94 26.0 3.684 -0.91 "" ""
3424.957 106.00113 0.682 -7.0 3.464 CX01P145
3424.973 107.00114 1.436 -2.113 3.400 ""
3424.975 15.1 9.516 -1.83 "" ""
3424.976 106.00113 0.358 -5.543 3.464 CX01R025
3424.988 23.0 2.038 -2.71 "" ""
3424.993 106.00113 0.638 -8.159 3.464 AX41P125
3424.997 607.01214 2.073 -4.795 7.724 1008Qc0245
3425.001 63.1 1.379 -0.72 "" ""
3425.01 26.0 3.045 -0.46 "" ""
3425.01 26.1 4.15 -4.18 "" ""
3425.015 607.01214 2.073 -1.709 7.724 1008Pa0255
3425.017 107.00114 0.998 -2.498 3.400 ""
3425.025 24.1 2.542 -3.52 "" ""
3425.028 607.01214 2.073 -1.732 7.724 1008Pb0245
3425.032 107.00114 1.436 -1.518 3.400 ""
3425.045 107.00114 0.998 -1.105 3.400 ""
3425.06 66.1 0.54 -0.71 LAWLER ""
3425.08 69.1 0.029 -0.1 LAWLER ""
3425.083 24.0 3.842 -3.83 "" ""
3425.087 68.1 0.055 -1.12 LAWLER ""
3425.109 106.00112 1.108 -4.092 3.464 CX23R085
3425.119 107.00114 0.469 -5.033 3.400 ""
3425.133 42.0 3.161 -0.35 "" ""
3425.167 106.00113 0.683 -4.643 3.464 CX01Q135
3425.173 106.00112 1.109 -3.976 3.464 CX23R095
3425.188 90.1 1.14 -0.71 "" ""
3425.194 42.0 2.513 -0.95 "" ""
3425.204 60.1 0.38 -0.5 "" ""
3425.206 22.0 2.394 -5.12 "" ""
3425.21 106.00113 0.682 -4.75 3.464 CX01Q145
3425.22 106.00112 1.109 -8.074 3.464 CX23Q095
3425.287 106.00112 0.641 -8.159 3.464 AX41P125
3425.303 24.1 4.981 -2.65 "" ""
3425.305 28.0 3.417 -2.28 "" ""
3425.356 107.00114 1.178 -2.291 3.400 ""
3425.358 106.00113 0.679 -7.297 3.464 CX12R025
3425.369 106.00113 0.358 -7.984 3.464 CX01Q035
3425.406 607.01314 1.991 -4.843 7.724 1008Qc0205
3425.407 21.0 1.952 -3.09 "" ""
3425.411 22.0 2.173 -3.33 "" ""
3425.42 41.1 1.35 -0.26 Nilsson10 ""
3425.421 106.00113 0.683 -8.093 3.464 CX01R135
3425.421 607.01314 1.991 -1.907 7.724 1008Pa0215
3425.438 106.00113 0.358 -5.473 3.464 CX01R035
3425.439 107.00114 1.178 -1.459 3.400 ""
3425.454 106.00112 0.917 -8.044 3.464 AX30Q225
3425.463 607.01314 1.991 -1.934 7.724 1008Pb0205
3425.477 42.0 2.079 -0.9 "" ""
3425.496 24.1 5.658 -2.61 "" ""
3425.504 106.00112 0.917 -5.656 3.464 AX30P235
3425.522 106.00112 0.917 -5.748 3.464 AX30P225
3425.535 107.00114 0.998 -1.063 3.400 ""
3425.563 26.1 6.133 -3.36 "" ""
3425.575 26.1 1.669 -3.73 "" ""
3425.592 23.0 2.372 -4.37 "" ""
3425.592 24.0 2.965 -3.62 "" ""
3425.62 69.1 0.0 -0.98 LAWLER ""
3425.622 106.00113 0.985 -6.582 3.464 CX23R035
3425.648 23.0 1.858 -5.64 "" ""
3425.677 107.00114 0.998 -4.517 3.400 ""
3425.689 607.01214 2.085 -1.709 7.724 1008Pb0255
3425.704 107.00114 0.998 -2.453 3.400 ""
3425.707 42.0 2.593 -10.0 "" ""
3425.734 106.00113 0.679 -9.117 3.464 CX12Q035
3425.785 607.01214 2.085 -4.805 7.724 1008Qc0255
3425.8 106.00113 0.679 -6.434 3.464 CX12R035
3425.802 106.00112 1.491 -6.495 3.464 CX34R125
3425.804 607.01214 2.085 -1.686 7.724 1008Pa0265
3425.828 21.0 2.109 -3.12 "" ""
3425.846 41.0 1.612 0.06 "" ""
3425.86 23.0 2.129 -3.79 "" ""
3425.862 106.00112 0.359 -5.543 3.464 CX01R025
3425.93 64.1 0.382 -0.6 LAWLER ""
3425.936 25.0 3.769 -1.77 "" ""
3425.942 58.1 0.956 -0.44 "" ""
3425.944 23.1 6.453 -0.74 "" ""
3425.944 90.1 1.165 -0.69 "" ""
3425.962 24.0 3.085 -2.22 "" ""
3425.974 106.00112 0.686 -8.093 3.464 CX01R135
3425.982 106.00113 0.782 -7.256 3.464 AX41Q155
3426.001 42.0 2.258 -0.81 "" ""
3426.005 23.0 1.71 -5.21 "" ""
3426.007 106.00113 0.782 -5.236 3.464 AX41P155
3426.033 607.01314 2.0 -4.857 7.724 1008Qc0215
3426.039 106.00112 0.686 -4.642 3.464 CX01Q135
3426.048 607.01314 2.0 -1.882 7.724 1008Pa0225
3426.058 106.00113 0.782 -5.172 3.464 AX41P165
3426.068 106.00112 0.686 -4.75 3.464 CX01Q145
3426.086 26.0 3.109 -3.46 "" ""
3426.091 607.01314 2.0 -1.907 7.724 1008Pb0215
3426.132 106.00112 0.686 -7.0 3.464 CX01P145
3426.144 24.1 4.741 -1.86 Gurell10 ""
3426.189 75.0 2.147 0.1 "" ""
3426.205 58.1 0.122 -0.66 LAWLER ""
3426.206 62.1 0.659 -0.85 "" ""
3426.24 64.1 0.382 -1.49 LAWLER ""
3426.241 15.1 9.518 -2.27 "" ""
3426.29 23.0 0.275 -5.64 "" ""
3426.302 106.00112 0.359 -5.473 3.464 CX01R035
3426.302 23.0 1.858 -3.55 "" ""
3426.304 25.1 6.64 -3.55 "" ""
3426.323 106.00112 0.359 -7.984 3.464 CX01Q035
3426.324 607.01214 2.096 -1.686 7.724 1008Pb0265
3426.325 26.0 2.277 -1.62 "" ""
3426.337 106.00112 0.681 -7.296 3.464 CX12R025
3426.343 64.1 1.133 -0.44 "" ""
3426.356 24.0 3.123 -3.28 "" ""
3426.382 26.0 0.989 -1.91 OBR91 ""
3426.388 26.0 2.174 -2.58 "" ""
3426.399 27.0 3.114 -5.74 "" ""
3426.438 26.0 3.428 -6.66 "" ""
3426.442 63.1 1.229 -1.37 "" ""
3426.45 27.0 3.131 -0.2 "" ""
3426.478 22.0 1.872 -3.92 "" ""
3426.501 106.00113 1.077 -8.078 3.464 CX23Q085
3426.506 25.1 6.568 -3.04 "" ""
3426.514 25.1 5.344 -3.3 "" ""
3426.517 106.00113 1.077 -4.219 3.464 CX23R075
3426.53 41.1 1.31 -0.78 Nilsson10 ""
3426.535 106.00113 1.214 -5.052 3.464 AX41R235
3426.539 106.00113 1.248 -8.351 3.464 CX12P195
3426.542 22.0 2.266 -3.3 "" ""
3426.542 26.0 3.414 -2.73 "" ""
3426.567 106.00113 1.214 -5.048 3.464 AX41R225
3426.57 41.1 1.18 -0.5 Nilsson10 ""
3426.58 58.1 0.318 -1.22 BIEMONT ""
3426.605 106.00113 1.214 -7.087 3.464 AX41Q235
3426.62 107.00114 1.443 -1.892 3.400 ""
3426.622 106.00113 1.077 -4.092 3.464 CX23R085
3426.626 607.01214 2.096 -4.814 7.724 1008Qc0265
3426.628 26.0 2.196 -0.99 OBR91 ""
3426.645 607.01214 2.096 -1.663 7.724 1008Pa0275
3426.652 25.0 3.769 -1.76 "" ""
3426.666 26.0 3.265 -0.68 "" ""
3426.672 607.01314 2.009 -4.869 7.724 1008Qc0225
3426.677 106.00113 1.214 -8.752 3.464 AX51P225
3426.682 28.0 3.539 -3.16 "" ""
3426.684 106.00112 0.988 -6.582 3.464 CX23R035
3426.689 607.01314 2.009 -1.857 7.724 1008Pa0235
3426.698 107.00114 1.178 -1.372 3.400 ""
3426.7 24.0 3.963 -2.74 "" ""
3426.724 73.0 0.752 -1.4 "" ""
3426.725 23.0 1.063 -3.02 "" ""
3426.731 607.01314 2.009 -1.882 7.724 1008Pb0225
3426.735 106.00112 0.785 -7.256 3.464 AX41Q155
3426.74 107.00114 1.443 -2.044 3.400 ""
3426.742 107.00114 1.178 -3.801 3.400 ""
3426.758 106.00113 0.637 -6.957 3.464 CX01P135
3426.76 106.00112 0.681 -6.434 3.464 CX12R035
3426.764 106.00112 0.785 -5.236 3.464 AX41P155
3426.778 106.00112 0.681 -9.116 3.464 CX12Q035
3426.788 42.0 1.469 -1.3 "" ""
3426.807 25.0 4.675 -3.13 "" ""
3426.814 106.00112 0.786 -5.172 3.464 AX41P165
3426.82 23.1 5.836 -2.23 "" ""
3426.821 26.1 4.077 -3.79 "" ""
3426.825 107.00114 1.178 -2.218 3.400 ""
3426.895 106.00113 1.249 -3.826 3.464 CX12Q185
3426.898 106.00113 1.248 -3.689 3.464 CX12Q195
3426.909 107.00114 0.74 -0.854 3.400 ""
3426.915 607.01214 2.108 -1.663 7.724 1008Pb0275
3426.934 40.0 0.998 -0.89 "" ""
3426.935 106.00113 0.638 -4.567 3.464 CX01Q125
3426.987 26.0 0.989 -2.6 OBR91 ""
3426.99 106.00113 0.637 -4.643 3.464 CX01Q135
3427.02 22.0 2.039 -3.69 "" ""
3427.038 26.0 2.448 -6.58 "" ""
3427.039 107.00114 0.74 -2.728 3.400 ""
3427.041 107.00114 0.74 -0.834 3.400 ""
3427.044 27.0 3.626 -2.43 "" ""
3427.066 106.00113 0.783 -7.283 3.464 AX41Q155
3427.076 107.00114 1.139 -3.083 3.400 ""
3427.081 23.0 2.053 -3.69 "" ""
3427.088 106.00112 0.71 -5.521 3.464 AX52P045
3427.089 106.00113 0.783 -5.173 3.464 AX41P165
3427.09 106.00113 0.783 -5.236 3.464 AX41P155
3427.095 106.00112 1.376 -6.683 3.464 CX12R205
3427.105 106.00112 1.441 -6.659 3.464 CX12R215
3427.109 23.0 1.711 -3.63 "" ""
3427.12 26.0 2.174 -0.07 BEL17 ""
3427.126 106.00113 1.192 -8.143 3.464 CX12P185
3427.13 107.00114 0.74 -0.811 3.400 ""
3427.147 106.00112 1.376 -3.446 3.464 CX12Q215
3427.153 106.00112 1.441 -3.339 3.464 CX12Q225
3427.161 26.0 3.366 -2.2 "" ""
3427.167 106.00113 0.638 -8.361 3.464 CX01R125
3427.169 106.00112 0.71 -6.421 3.464 AX52Q045
3427.18 106.00112 1.376 -3.563 3.464 CX12Q205
3427.192 20.0 3.907 -3.42 "" ""
3427.193 106.00112 1.441 -3.446 3.464 CX12Q215
3427.196 26.0 2.947 -1.95 "" ""
3427.22 106.00112 0.71 -5.52 3.464 AX52P045
3427.231 106.00112 1.376 -9.067 3.464 CX12P215
3427.24 106.00112 1.441 -9.968 3.464 CX12P225
3427.253 106.00113 1.249 -6.746 3.464 CX12R185
3427.301 106.00112 0.71 -6.43 3.464 AX52Q045
3427.324 106.00112 1.314 -6.712 3.464 CX12R195
3427.325 607.01314 2.019 -4.881 7.724 1008Qc0235
3427.342 607.01314 2.019 -1.832 7.724 1008Pa0245
3427.343 20.0 5.014 -2.74 "" ""
3427.345 24.0 3.844 -3.73 "" ""
3427.348 107.00114 0.74 -5.189 3.400 ""
3427.351 107.00114 0.74 -2.702 3.400 ""
3427.379 106.00112 1.314 -3.563 3.464 CX12Q205
3427.384 607.01314 2.019 -1.857 7.724 1008Pb0235
3427.401 106.00112 1.507 -6.64 3.464 CX12R225
3427.404 106.00112 1.314 -3.689 3.464 CX12Q195
3427.43 24.1 4.934 -4.57 "" ""
3427.434 72.0 1.113 -0.69 "" ""
3427.444 607.01214 2.121 -1.64 7.724 1008Pb0285
3427.444 76.0 2.889 -0.22 "" ""
3427.446 106.00112 0.71 -5.407 3.464 AX52P055
3427.446 106.00112 1.508 -3.24 3.464 CX12Q235
3427.446 41.0 0.348 -0.95 "" ""
3427.449 106.00113 1.192 -3.975 3.464 CX12Q175
3427.458 106.00113 1.192 -3.826 3.464 CX12Q185
3427.459 106.00112 1.314 -8.635 3.464 CX12P205
3427.467 23.0 1.71 -2.36 "" ""
3427.468 26.1 6.204 -4.83 "" ""
3427.483 106.00112 0.919 -5.656 3.464 AX30P235
3427.488 23.0 2.357 -6.21 "" ""
3427.493 106.00112 1.507 -3.339 3.464 CX12Q225
3427.498 42.0 2.834 -1.17 "" ""
3427.513 106.00112 0.919 -8.081 3.464 AX30Q225
3427.513 26.0 3.414 -3.91 "" ""
3427.523 106.00112 1.081 -4.219 3.464 CX23R075
3427.534 607.01214 2.108 -4.823 7.724 1008Qc0275
3427.538 106.00112 1.508 -10.171 3.464 CX12P235
3427.554 26.0 3.298 -3.81 "" ""
3427.554 607.01214 2.108 -1.64 7.724 1008Pa0285
3427.558 106.00112 0.71 -5.407 3.464 AX52P055
3427.581 106.00112 0.919 -5.748 3.464 AX30P225
3427.584 107.00114 1.436 -1.919 3.400 ""
3427.587 22.0 2.406 -4.15 "" ""
3427.592 107.00114 0.113 -5.266 3.400 ""
3427.615 106.00112 1.081 -4.092 3.464 CX23R085
3427.615 22.1 4.906 -3.53 "" ""
3427.621 75.0 1.866 -0.31 "" ""
3427.632 106.00112 1.456 -6.501 3.464 CX34R115
3427.651 25.1 5.544 -4.68 "" ""
3427.657 106.00112 1.081 -8.078 3.464 CX23Q085
3427.669 21.0 1.942 -3.39 "" ""
3427.674 76.0 1.084 -1.36 Quinet06 ""
3427.687 107.00114 1.436 -2.109 3.400 ""
3427.716 74.0 1.654 -0.47 "" ""
3427.72 28.0 3.541 -1.73 "" ""
3427.746 106.00112 1.255 -6.745 3.464 CX12R185
3427.76 106.00112 0.64 -8.361 3.464 CX01R125
3427.774 107.00114 1.436 -2.598 3.400 ""
3427.777 27.0 3.189 -0.57 "" ""
3427.782 106.00113 1.192 -6.783 3.464 CX12R175
3427.805 106.00112 1.255 -3.689 3.464 CX12Q195
3427.821 106.00112 0.64 -4.567 3.464 CX01Q125
3427.822 106.00112 1.255 -3.826 3.464 CX12Q185
3427.83 106.00112 0.787 -7.283 3.464 AX41Q155
3427.832 106.00113 1.138 -7.981 3.464 CX12P175
3427.833 107.00114 1.453 -1.54 3.400 ""
3427.852 106.00112 0.787 -5.172 3.464 AX41P165
3427.859 106.00112 0.787 -5.236 3.464 AX41P155
3427.863 106.00112 0.64 -4.643 3.464 CX01Q135
3427.87 25.0 2.939 -3.06 "" ""
3427.87 25.0 2.939 -3.6 "" ""
3427.882 106.00112 1.255 -8.351 3.464 CX12P195
3427.885 26.0 2.557 -7.32 "" ""
3427.889 607.01214 2.134 -1.618 7.724 1008Pb0295
3427.9 42.0 3.435 -0.03 "" ""
3427.923 106.00112 0.64 -6.957 3.464 CX01P135
3427.927 26.0 2.843 -4.02 "" ""
3427.927 78.0 1.67 -1.9 DH05nohfs ""
3427.935 107.00114 0.901 -0.939 3.400 ""
3427.936 107.00114 1.453 -2.078 3.400 ""
3427.939 27.0 2.925 -5.1 "" ""
3427.944 106.00113 0.911 -8.044 3.464 AX30Q225
3427.951 25.0 2.939 -3.56 "" ""
3427.965 76.1 2.478 -2.37 Quinet06 ""
3427.967 106.00113 0.911 -5.747 3.464 AX30P225
3427.97 62.1 0.184 -1.9 LAWLER ""
3427.976 27.0 1.739 -3.94 "" ""
3427.987 106.00113 0.911 -5.655 3.464 AX30P235
3427.989 26.0 3.637 -4.47 "" ""
3427.99 607.01314 2.03 -4.891 7.724 1008Qc0245
3428.008 607.01314 2.03 -1.808 7.724 1008Pa0255
3428.01 26.0 3.299 -1.8 "" ""
3428.024 24.0 3.885 -3.87 "" ""
3428.05 607.01314 2.03 -1.832 7.724 1008Pb0245
3428.106 22.0 1.052 -1.6 "" ""
3428.124 106.00113 1.138 -4.137 3.464 CX12Q165
3428.141 106.00113 1.138 -3.975 3.464 CX12Q175
3428.145 107.00114 0.901 -2.648 3.400 ""
3428.147 25.1 5.516 -1.46 "" ""
3428.174 107.00114 0.901 -0.917 3.400 ""
3428.193 26.0 2.196 -0.82 OBR91 ""
3428.216 27.0 3.051 0.07 "" ""
3428.222 607.01214 2.147 -1.597 7.724 1008Pb0305
3428.227 26.1 5.48 -2.2 "" ""
3428.255 20.0 4.128 -4.18 "" ""
3428.256 27.0 3.051 -1.71 "" ""
3428.257 25.1 4.689 -3.35 "" ""
3428.275 26.0 3.414 -2.88 "" ""
3428.318 44.0 0.0 -0.34 "" ""
3428.322 106.00112 1.197 -6.783 3.464 CX12R175
3428.345 107.00114 0.811 -4.812 3.400 ""
3428.37 72.1 0.0 -1.69 LAWLER ""
3428.382 24.1 4.984 -4.47 "" ""
3428.386 106.00112 1.197 -3.826 3.464 CX12Q185
3428.388 68.1 0.891 -0.28 "" ""
3428.39 107.00114 0.901 -0.888 3.400 ""
3428.395 106.00112 1.197 -3.974 3.464 CX12Q175
3428.406 28.0 3.696 -3.48 "" ""
3428.408 26.0 2.756 -1.74 "" ""
3428.409 607.01214 2.161 -1.575 7.724 1008Pb0315
3428.425 24.1 4.916 -4.25 "" ""
3428.432 106.00113 1.138 -6.825 3.464 CX12R165
3428.434 23.0 1.798 -7.44 "" ""
3428.458 106.00113 1.216 -5.052 3.464 AX41R235
3428.459 106.00112 1.197 -8.143 3.464 CX12P185
3428.463 70.1 4.31 -0.68 "" ""
3428.465 106.00113 0.595 -6.916 3.464 CX01P125
3428.469 22.0 0.899 -4.17 "" ""
3428.47 64.1 1.25 0.02 "" ""
3428.478 107.00114 1.443 -2.004 3.400 ""
3428.483 25.0 2.951 -7.17 "" ""
3428.49 23.0 0.017 -4.29 "" ""
3428.501 107.00114 1.443 -2.01 3.400 ""
3428.519 106.00113 0.347 -5.729 3.464 CX01R015
3428.521 106.00113 1.216 -7.052 3.464 AX41Q235
3428.528 607.01214 2.121 -4.831 7.724 1008Qc0285
3428.543 106.00113 1.216 -5.048 3.464 AX41R225
3428.549 607.01214 2.121 -1.618 7.724 1008Pa0295
3428.572 23.0 1.711 -2.87 "" ""
3428.576 106.00113 0.669 -9.369 3.464 CX12R015
3428.582 107.00114 0.901 -4.966 3.400 ""
3428.598 107.00114 1.443 -1.8 3.400 ""
3428.601 107.00114 1.203 -1.397 3.400 ""
3428.605 107.00114 1.041 -1.088 3.400 ""
3428.608 106.00113 0.595 -4.516 3.464 CX01Q115
3428.611 107.00114 0.901 -2.617 3.400 ""
3428.613 69.1 2.677 0.55 "" ""
3428.618 106.00113 1.216 -8.815 3.464 AX51P225
3428.628 106.00113 1.086 -7.851 3.464 CX12P165
3428.63 44.0 0.148 -1.92 "" ""
3428.633 26.1 3.964 -2.8 "" ""
3428.639 21.0 1.432 -5.52 "" ""
3428.644 25.1 4.689 -4.78 "" ""
3428.669 607.01314 2.04 -4.901 7.724 1008Qc0255
3428.677 106.00113 0.595 -4.568 3.464 CX01Q125
3428.687 607.01314 2.04 -1.785 7.724 1008Pa0265
3428.703 22.0 0.848 -6.7 "" ""
3428.725 107.00114 1.433 -1.628 3.400 ""
3428.728 607.01314 2.04 -1.808 7.724 1008Pb0255
3428.73 106.00112 0.694 -7.556 3.464 AX52P035
3428.736 23.1 4.98 -2.9 "" ""
3428.749 26.0 3.6 -0.66 "" ""
3428.767 27.0 3.189 -0.53 "" ""
3428.771 27.0 3.252 -0.04 "" ""
3428.777 41.0 1.353 -0.7 "" ""
3428.778 25.0 3.768 -1.73 "" ""
3428.818 106.00112 0.694 -7.568 3.464 AX52P035
3428.82 106.00113 0.595 -8.763 3.464 CX01R115
3428.879 106.00113 0.727 -5.363 3.464 AX52P055
3428.886 25.0 2.951 -5.81 "" ""
3428.888 106.00113 1.086 -4.314 3.464 CX12Q155
3428.893 107.00114 1.467 -1.343 3.400 ""
3428.913 106.00113 1.086 -4.137 3.464 CX12Q165
3428.921 60.1 0.204 -0.73 "" ""
3428.925 24.1 4.473 -1.5 "" ""
3428.938 23.0 1.852 -4.12 "" ""
3428.948 22.0 1.886 -1.02 "" ""
3428.953 106.00113 0.727 -6.457 3.464 AX52Q055
3428.959 107.00114 1.041 -2.527 3.400 ""
3428.987 107.00114 1.467 -2.132 3.400 ""
3428.99 66.1 2.107 0.44 "" ""
3428.999 90.0 0.317 -0.47 "" ""
3429.014 107.00114 1.041 -1.061 3.400 ""
3429.017 106.00112 1.143 -6.825 3.464 CX12R165
3429.043 25.1 6.663 -1.82 "" ""
3429.046 106.00113 1.053 -4.358 3.464 CX23R065
3429.054 41.0 0.739 -0.8 "" ""
3429.059 106.00113 0.727 -5.363 3.464 AX52P055
3429.077 106.00113 1.053 -8.067 3.464 CX23Q075
3429.086 106.00112 1.143 -4.136 3.464 CX12Q165
3429.087 106.00112 1.143 -3.975 3.464 CX12Q175
3429.095 24.0 3.886 -2.99 "" ""
3429.133 106.00113 0.727 -6.468 3.464 AX52Q055
3429.153 25.0 4.636 -0.97 "" ""
3429.155 106.00112 1.143 -7.981 3.464 CX12P175
3429.164 106.00113 0.348 -7.657 3.464 CX01Q025
3429.173 106.00113 1.086 -6.872 3.464 CX12R155
3429.182 106.00113 0.727 -5.271 3.464 AX52P065
3429.184 106.00113 1.053 -4.218 3.464 CX23R075
3429.193 106.00113 0.669 -8.741 3.464 CX12Q025
3429.198 21.0 1.952 0.13 "" ""
3429.21 25.0 4.662 -1.0 "" ""
3429.218 106.00113 0.348 -5.541 3.464 CX01R025
3429.244 106.00113 0.669 -7.292 3.464 CX12R025
3429.27 107.00114 1.453 -2.033 3.400 ""
3429.271 107.00114 1.453 -2.065 3.400 ""
3429.327 107.00114 1.203 -2.333 3.400 ""
3429.329 69.0 2.039 1.14 "" ""
3429.34 106.00113 0.728 -5.271 3.464 AX52P065
3429.343 25.1 6.828 -5.11 "" ""
3429.36 607.01314 2.052 -4.909 7.724 1008Qc0265
3429.374 107.00114 1.453 -1.48 3.400 ""
3429.375 24.0 3.119 -5.67 "" ""
3429.379 607.01314 2.052 -1.761 7.724 1008Pa0275
3429.389 90.1 1.144 -0.78 "" ""
3429.404 107.00114 1.203 -1.363 3.400 ""
3429.42 607.01314 2.052 -1.785 7.724 1008Pb0265
3429.43 106.00112 0.348 -5.729 3.464 CX01R015
3429.443 66.1 1.223 0.15 "" ""
3429.45 106.00112 0.598 -8.763 3.464 CX01R115
3429.456 106.00112 0.778 -4.731 3.464 AX52Q075
3429.457 20.0 3.907 -2.8 "" ""
3429.461 107.00114 1.041 -1.022 3.400 ""
3429.474 21.0 1.942 0.03 "" ""
3429.477 106.00112 0.778 -6.474 3.464 AX52R075
3429.485 106.00113 1.037 -7.744 3.464 CX12P155
3429.507 106.00112 0.598 -4.516 3.464 CX01Q115
3429.553 44.0 1.316 -0.66 "" ""
3429.56 25.0 4.229 -2.38 "" ""
3429.563 106.00112 0.598 -4.567 3.464 CX01Q125
3429.577 106.00112 0.671 -9.368 3.464 CX12R015
3429.587 74.0 2.42 0.42 "" ""
3429.599 25.0 4.791 -2.8 "" ""
3429.604 107.00114 1.041 -4.615 3.400 ""
3429.62 106.00112 0.598 -6.916 3.464 CX01P125
3429.627 607.01214 2.134 -4.838 7.724 1008Qc0295
3429.628 106.00112 0.778 -6.416 3.464 AX52P085
3429.649 106.00112 0.778 -4.666 3.464 AX52Q085
3429.649 607.01214 2.134 -1.597 7.724 1008Pa0305
3429.66 107.00114 1.041 -2.486 3.400 ""
3429.665 22.0 1.886 -4.08 "" ""
3429.668 22.0 1.872 -2.35 "" ""
3429.699 27.0 3.277 -3.53 "" ""
3429.703 107.00114 0.22 -3.375 3.400 ""
3429.714 106.00113 1.037 -4.511 3.464 CX12Q145
3429.721 28.0 3.652 -1.69 "" ""
3429.744 25.0 4.636 -1.44 "" ""
3429.747 106.00113 1.037 -4.314 3.464 CX12Q155
3429.75 62.1 0.104 -1.71 LAWLER ""
3429.763 106.00112 0.778 -4.73 3.464 AX52Q075
3429.784 106.00112 0.778 -6.484 3.464 AX52R075
3429.799 106.00112 1.091 -6.872 3.464 CX12R155
3429.802 26.0 2.607 -3.36 "" ""
3429.818 23.1 6.551 -3.98 "" ""
3429.864 106.00112 1.091 -4.314 3.464 CX12Q155
3429.875 106.00112 1.091 -4.136 3.464 CX12Q165
3429.88 68.1 1.368 -0.47 "" ""
3429.899 24.1 4.494 -2.74 "" ""
3429.9 106.00113 0.914 -5.655 3.464 AX30P235
3429.905 106.00112 0.778 -6.407 3.464 AX52P085
3429.905 90.1 0.556 -1.29 "" ""
3429.911 23.1 6.537 -0.47 "" ""
3429.925 106.00112 0.778 -4.666 3.464 AX52Q085
3429.935 106.00113 0.914 -8.08 3.464 AX30Q225
3429.939 106.00112 1.091 -7.851 3.464 CX12P165
3429.963 107.00114 1.484 -1.209 3.400 ""
3429.963 23.0 1.349 -2.75 "" ""
3429.97 69.1 1.086 -0.16 LAWLER ""
3429.971 106.00112 1.424 -6.509 3.464 CX34R105
3429.977 106.00113 1.037 -6.923 3.464 CX12R145
3430.012 107.00114 1.139 -3.621 3.400 ""
3430.033 24.0 3.11 -5.22 "" ""
3430.049 107.00114 1.484 -2.187 3.400 ""
3430.056 106.00113 0.914 -5.748 3.464 AX30P225
3430.065 107.00114 1.467 -2.086 3.400 ""
3430.066 607.01314 2.063 -4.917 7.724 1008Qc0275
3430.068 106.00112 1.056 -4.358 3.464 CX23R065
3430.071 106.00113 0.556 -6.877 3.464 CX01P115
3430.083 107.00114 1.467 -2.127 3.400 ""
3430.085 607.01314 2.063 -1.738 7.724 1008Pa0285
3430.092 23.1 2.219 -3.93 "" ""
3430.106 106.00112 0.349 -5.541 3.464 CX01R025
3430.109 107.00114 1.139 -2.933 3.400 ""
3430.111 22.0 2.316 -5.44 "" ""
3430.123 106.00112 0.349 -7.657 3.464 CX01Q025
3430.125 607.01314 2.063 -1.762 7.724 1008Pb0275
3430.142 26.1 3.941 -3.38 "" ""
3430.145 107.00114 0.859 -3.192 3.400 ""
3430.163 23.0 1.858 -4.04 "" ""
3430.174 92.0 0.479 -0.52 "" ""
3430.176 107.00114 1.467 -1.291 3.400 ""
3430.179 106.00113 0.556 -4.484 3.464 CX01Q105
3430.184 23.1 4.956 -3.29 "" ""
3430.192 106.00112 1.056 -4.218 3.464 CX23R075
3430.222 42.0 2.497 -1.55 "" ""
3430.226 106.00112 0.672 -7.292 3.464 CX12R025
3430.23 106.00112 1.056 -8.067 3.464 CX23Q075
3430.239 64.1 1.317 -0.22 "" ""
3430.24 106.00112 0.672 -8.741 3.464 CX12Q025
3430.263 106.00113 0.556 -4.516 3.464 CX01Q115
3430.277 107.00114 0.814 -0.829 3.400 ""
3430.286 27.1 5.118 -5.37 "" ""
3430.295 40.0 0.154 -1.33 "" ""
3430.315 58.1 0.875 -0.62 BIEMONT ""
3430.371 106.00113 0.556 -9.581 3.464 CX01R105
3430.379 106.00113 0.991 -7.656 3.464 CX12P145
3430.39 107.00114 0.814 -0.811 3.400 ""
3430.39 107.00114 0.814 -2.744 3.400 ""
3430.398 106.00113 0.804 -4.667 3.464 AX52Q085
3430.411 107.00114 0.22 -4.733 3.400 ""
3430.422 25.0 3.769 -1.77 "" ""
3430.424 106.00113 0.804 -6.523 3.464 AX52R085
3430.424 24.1 4.294 -2.38 "" ""
3430.432 107.00114 1.203 -1.291 3.400 ""
3430.445 107.00114 0.814 -0.788 3.400 ""
3430.468 107.00114 0.22 -3.283 3.400 ""
3430.486 107.00114 1.203 -3.974 3.400 ""
3430.527 40.1 0.466 -0.16 Ljung06 ""
3430.534 22.0 1.066 -1.43 "" ""
3430.538 26.0 3.6 -2.35 "" ""
3430.548 106.00113 0.804 -6.445 3.464 AX52P095
3430.564 107.00114 1.203 -2.269 3.400 ""
3430.574 106.00113 0.804 -4.607 3.464 AX52Q095
3430.577 106.00113 0.991 -4.732 3.464 CX12Q135
3430.608 26.0 3.069 -4.06 "" ""
3430.616 106.00113 0.661 -7.895 3.464 CX12R005
3430.617 23.1 2.219 -6.68 "" ""
3430.62 106.00113 0.991 -4.511 3.464 CX12Q145
3430.641 106.00112 1.042 -6.923 3.464 CX12R145
3430.671 24.0 4.183 -1.86 "" ""
3430.682 24.0 3.887 -2.63 "" ""
3430.688 26.0 3.544 -5.4 "" ""
3430.7 107.00114 0.814 -2.72 3.400 ""
3430.7 107.00114 0.814 -5.241 3.400 ""
3430.702 106.00112 1.042 -4.511 3.464 CX12Q145
3430.724 106.00112 1.042 -4.314 3.464 CX12Q155
3430.725 106.00112 0.911 -4.824 3.464 AX52R115
3430.736 24.0 2.965 -4.92 "" ""
3430.765 44.0 0.336 -1.19 "" ""
3430.773 106.00113 0.804 -4.667 3.464 AX52Q085
3430.776 24.0 3.886 -4.43 "" ""
3430.784 106.00112 1.042 -7.744 3.464 CX12P155
3430.785 607.01314 2.075 -4.924 7.724 1008Qc0285
3430.799 106.00113 0.804 -6.535 3.464 AX52R085
3430.804 23.0 2.676 -4.01 "" ""
3430.805 607.01314 2.075 -1.716 7.724 1008Pa0295
3430.815 27.0 3.252 -1.38 "" ""
3430.815 27.1 5.085 -1.69 "" ""
3430.818 106.00112 0.911 -4.795 3.464 AX52R125
3430.818 106.00113 0.991 -6.979 3.464 CX12R135
3430.834 106.00112 0.911 -6.541 3.464 AX52Q125
3430.844 607.01314 2.075 -1.739 7.724 1008Pb0285
3430.858 607.01214 2.147 -4.844 7.724 1008Qc0305
3430.868 106.00113 0.339 -6.125 3.464 CX01R005
3430.872 26.0 3.544 -6.45 "" ""
3430.873 22.0 1.429 -1.95 LAWLER ""
3430.878 26.0 3.265 -5.23 "" ""
3430.88 607.01214 2.147 -1.575 7.724 1008Pa0315
3430.89 106.00113 0.804 -6.435 3.464 AX52P095
3430.909 26.0 3.544 -5.92 "" ""
3430.91 27.0 1.784 -2.41 "" ""
3430.916 106.00113 0.804 -4.607 3.464 AX52Q095
