wavelength species excitation loggf disassociation_energy comment
4337.226 23.0 1.847 -3.89 "" ""
4337.239 26.0 4.59 -0.69 "" ""
4337.26 106.00113 1.971 -1.525 3.464 AX33R265
4337.264 44.0 0.811 -1.43 "" ""
4337.266 22.1 2.06 -2.26 LAWLER ""
4337.277 90.0 0.0 -1.42 "" ""
4337.282 39.0 1.947 -0.64 "" ""
4337.291 58.1 0.703 -1.54 LAWLER ""
4337.334 106.00113 1.503 -1.074 3.464 AX22Q235
4337.335 106.00113 0.388 -2.149 3.464 AX11P055
4337.348 106.00112 1.151 -5.068 3.464 BX00P255
4337.387 58.1 0.792 -1.4 LAWLER ""
4337.393 106.00112 0.389 -2.149 3.464 AX11P055
4337.408 106.00113 1.503 -3.689 3.464 AX22R225
4337.418 25.0 4.27 -1.11 "" ""
4337.441 26.0 4.555 -3.73 "" ""
4337.442 106.00112 0.978 -2.221 3.464 AX33R015
4337.479 106.00113 1.503 -3.679 3.464 AX22P235
4337.482 106.00112 0.978 -2.22 3.464 AX33R015
4337.486 21.0 2.109 -3.68 "" ""
4337.495 64.0 0.79 -0.27 "" ""
4337.51 106.00113 1.57 -3.688 3.464 AX22R235
4337.517 26.0 2.586 -3.81 "" ""
4337.523 64.1 2.196 0.31 "" ""
4337.529 27.0 3.62 -1.47 "" ""
4337.552 106.00113 1.503 -1.084 3.464 AX22Q225
4337.552 41.0 1.177 -1.54 "" ""
4337.557 106.00113 1.971 -3.839 3.464 AX33Q265
4337.558 24.0 0.968 -1.09 SOBECK ""
4337.563 106.00113 1.57 -1.066 3.464 AX22Q245
4337.579 106.00112 0.389 -2.149 3.464 AX11P055
4337.594 58.1 0.521 -1.5 LAWLER ""
4337.619 40.1 1.773 -1.22 Ljung06 ""
4337.628 106.00112 1.919 -2.17 3.464 AX54P215
4337.636 106.00113 1.57 -1.074 3.464 AX22Q235
4337.653 106.00113 1.971 -1.497 3.464 AX33R255
4337.656 106.00112 1.919 -4.288 3.464 AX54Q205
4337.658 106.00113 0.679 -2.917 3.464 AX22P025
4337.662 24.0 3.887 -0.6 "" ""
4337.674 63.0 1.667 -0.04 "" ""
4337.683 607.01214 3.499 -5.222 7.724 1415Qc0145
4337.689 106.00113 1.57 -3.726 3.464 AX22P245
4337.692 607.01214 3.499 -2.552 7.724 1415Pb0145
4337.693 607.01214 3.499 -2.528 7.724 1415Pa0155
4337.723 24.0 4.609 -1.13 "" ""
4337.738 106.00112 1.919 -2.223 3.464 AX54P205
4337.742 106.00113 0.679 -2.915 3.464 AX22P025
4337.764 20.0 5.724 -4.14 "" ""
4337.773 58.1 0.326 -0.31 LAWLER ""
4337.776 106.00112 0.349 -6.049 3.464 BX01Q025
4337.795 106.00112 0.349 -3.609 3.464 BX01R025
4337.844 24.0 4.437 -0.93 "" ""
4337.867 26.1 6.212 -3.98 "" ""
4337.875 106.00112 1.345 -3.997 3.464 AX44R075
4337.913 23.1 6.537 -2.48 "" ""
4337.915 22.1 1.079 -1.13 "" ""
4337.917 27.1 5.118 -6.95 "" ""
4337.954 106.00112 0.681 -2.917 3.464 AX22P025
4337.968 106.00113 0.679 -3.169 3.464 AX22Q025
4338.043 106.00112 0.681 -2.915 3.464 AX22P025
4338.059 106.00113 0.976 -2.691 3.464 AX33Q025
4338.06 106.00113 0.679 -3.175 3.464 AX22Q025
4338.085 106.00113 0.976 -2.687 3.464 AX33Q025
4338.092 20.0 4.776 -2.28 "" ""
4338.106 106.00112 1.917 -4.679 3.464 AX44R215
4338.107 106.00112 1.509 -1.074 3.464 AX22Q235
4338.108 90.0 1.29 -0.56 "" ""
4338.131 25.0 4.791 -1.87 "" ""
4338.15 106.00112 1.509 -3.689 3.464 AX22R225
4338.164 25.0 4.35 -2.31 "" ""
4338.19 106.00112 1.345 -3.973 3.464 AX44R075
4338.199 106.00112 1.509 -3.679 3.464 AX22P235
4338.22 26.0 4.431 -2.73 "" ""
4338.243 106.00112 1.509 -1.084 3.464 AX22Q225
4338.257 106.00113 0.976 -2.018 3.464 AX33R025
4338.258 26.0 2.174 -2.78 "" ""
4338.263 21.0 2.144 -1.88 "" ""
4338.266 106.00112 0.681 -3.169 3.464 AX22Q025
4338.283 106.00113 0.976 -2.019 3.464 AX33R025
4338.284 23.0 2.614 -1.22 "" ""
4338.317 106.00112 1.576 -3.688 3.464 AX22R235
4338.351 106.00112 0.681 -3.175 3.464 AX22Q025
4338.367 25.1 5.433 -2.09 "" ""
4338.386 23.0 2.33 -3.39 "" ""
4338.39 106.00112 1.576 -1.065 3.464 AX22Q245
4338.395 106.00113 0.052 -2.205 3.464 AX00P045
4338.411 106.00112 1.576 -1.074 3.464 AX22Q235
4338.412 65.0 0.0 0.06 "" ""
4338.464 106.00112 0.979 -2.69 3.464 AX33Q025
4338.468 22.0 2.159 -1.43 "" ""
4338.484 106.00112 1.576 -3.726 3.464 AX22P245
4338.489 106.00112 0.979 -2.687 3.464 AX33Q025
4338.55 106.00113 0.052 -3.134 3.464 AX00Q045
4338.555 42.0 3.315 -1.25 "" ""
4338.613 106.00112 0.052 -2.205 3.464 AX00P045
4338.62 106.00113 0.052 -2.204 3.464 AX00P045
4338.635 607.01214 3.506 -5.258 7.724 1415Qc0155
4338.64 106.00112 0.34 -4.378 3.464 BX01R005
4338.645 607.01214 3.506 -2.528 7.724 1415Pb0155
4338.646 607.01214 3.506 -2.506 7.724 1415Pa0165
4338.66 106.00112 0.979 -2.018 3.464 AX33R025
4338.66 22.0 3.196 -1.99 "" ""
4338.662 21.1 6.903 -1.43 "" ""
4338.674 44.0 2.593 -0.64 "" ""
4338.686 106.00113 0.679 -2.689 3.464 AX22P035
4338.688 106.00112 0.979 -2.019 3.464 AX33R025
4338.689 41.0 1.504 -1.22 "" ""
4338.69 60.1 0.742 -0.09 LAWLER ""
4338.7 59.1 0.422 -0.54 LINOHFS ""
4338.703 26.1 2.69 -4.1 "" ""
4338.709 42.0 2.274 -1.75 "" ""
4338.743 106.00113 1.145 -5.405 3.464 BX01R225
4338.748 106.00113 0.679 -2.69 3.464 AX22P035
4338.758 76.0 1.886 -1.32 "" ""
4338.766 106.00112 0.052 -3.134 3.464 AX00Q045
4338.772 24.0 3.373 -0.86 "" ""
4338.775 106.00113 0.052 -3.144 3.464 AX00Q045
4338.798 25.0 4.791 -3.43 "" ""
4338.831 26.0 2.482 -6.25 "" ""
4338.84 106.00112 0.052 -2.204 3.464 AX00P045
4338.879 20.0 6.049 -2.98 "" ""
4338.892 106.00112 1.984 -1.524 3.464 AX33R265
4338.916 106.00112 1.152 -5.405 3.464 BX01R225
4338.962 62.0 0.101 -0.97 "" ""
4338.973 106.00112 1.984 -1.495 3.464 AX33R255
4338.984 106.00112 0.681 -2.689 3.464 AX22P035
4338.993 106.00112 0.052 -3.144 3.464 AX00Q045
4339.0 68.1 1.769 -0.56 "" ""
4339.003 27.0 3.684 -2.01 "" ""
4339.009 21.0 2.144 -3.17 "" ""
4339.028 106.00113 0.052 -2.107 3.464 AX00P055
4339.039 106.00112 1.984 -3.879 3.464 AX33Q265
4339.05 106.00112 0.681 -2.69 3.464 AX22P035
4339.109 26.0 4.545 -3.23 "" ""
4339.129 27.0 0.101 -4.99 "" ""
4339.219 106.00113 0.052 -2.107 3.464 AX00P055
4339.232 42.0 2.497 -1.77 "" ""
4339.248 106.00112 0.053 -2.107 3.464 AX00P055
4339.271 23.0 1.929 -6.06 "" ""
4339.28 21.0 1.849 -4.74 "" ""
4339.312 58.1 1.347 0.22 "" ""
4339.347 106.00113 0.968 -2.425 3.464 AX33R005
4339.366 106.00113 0.968 -2.425 3.464 AX33R005
4339.377 106.00113 1.854 -13.029 3.464 CX04Q205
4339.399 24.0 0.982 -0.86 "" ""
4339.41 20.0 6.05 -4.02 "" ""
4339.425 20.0 6.05 -3.22 "" ""
4339.442 106.00112 0.053 -2.107 3.464 AX00P055
4339.446 24.0 0.982 -0.86 SOBECK ""
4339.459 25.0 4.662 -3.78 "" ""
4339.476 106.00113 0.782 -2.49 3.464 BX01R155
4339.549 40.1 0.802 -1.99 Ljung06 ""
4339.598 106.00113 0.782 -7.262 3.464 BX01Q165
4339.6 27.0 3.684 -2.27 "" ""
4339.612 607.01214 3.513 -5.293 7.724 1415Qc0165
4339.623 607.01214 3.513 -2.506 7.724 1415Pb0165
4339.624 607.01214 3.513 -2.487 7.724 1415Pa0175
4339.625 27.0 2.54 -1.35 LAWNHFS ""
4339.66 66.1 0.59 -1.87 LAWLER ""
4339.671 106.00113 0.782 -2.438 3.464 BX01R165
4339.71 23.0 2.121 -1.93 "" ""
4339.711 23.0 2.741 -3.64 "" ""
4339.711 24.0 0.96 -1.4 SOBECK ""
4339.755 23.1 6.641 -4.32 "" ""
4339.767 106.00112 0.97 -2.425 3.464 AX33R005
4339.789 106.00112 0.97 -2.425 3.464 AX33R005
4339.818 42.0 3.44 -0.8 "" ""
4339.819 21.0 2.108 -3.26 "" ""
4339.866 22.0 2.331 -3.06 "" ""
4339.938 62.0 0.101 -1.37 "" ""
4339.995 22.0 2.015 -1.69 "" ""
4340.032 106.00113 1.854 -7.872 3.464 CX04R195
4340.08 106.00113 1.854 -7.511 3.464 CX04R205
4340.123 20.0 5.916 -5.04 "" ""
4340.127 24.0 2.706 -0.77 "" ""
4340.197 24.0 3.09 -4.41 "" ""
4340.218 27.0 3.949 -3.54 "" ""
4340.226 27.0 2.868 -2.23 LAWNHFS ""
4340.274 26.0 4.073 -2.42 "" ""
4340.288 23.0 2.606 -3.69 "" ""
4340.348 44.0 2.012 -1.09 "" ""
4340.401 106.00113 0.341 -5.519 3.464 BX01Q015
4340.414 106.00113 0.341 -3.893 3.464 BX01R015
4340.432 106.00112 1.919 -4.619 3.464 AX44R215
4340.433 23.0 2.579 -5.28 "" ""
4340.44 24.0 3.077 -4.45 "" ""
4340.462 1.0 10.191 -0.45 "" ""
4340.462 26.0 4.545 -4.34 "" ""
4340.466 24.0 2.985 -3.19 "" ""
4340.473 22.0 2.343 -2.48 "" ""
4340.489 26.0 2.756 -3.5 "" ""
4340.514 26.0 3.428 -2.79 "" ""
4340.528 106.00113 1.572 -1.066 3.464 AX22Q245
4340.553 58.1 1.013 -0.79 "" ""
4340.563 24.0 3.889 -1.79 "" ""
4340.584 26.0 4.073 -2.94 "" ""
4340.591 64.0 2.181 0.56 "" ""
4340.614 106.00113 1.572 -3.716 3.464 AX22R235
4340.615 607.01214 3.52 -5.326 7.724 1415Qc0175
4340.627 607.01214 3.52 -2.487 7.724 1415Pb0175
4340.628 607.01214 3.52 -2.469 7.724 1415Pa0185
4340.667 26.0 3.045 -3.29 "" ""
4340.683 106.00113 1.572 -3.7 3.464 AX22P245
4340.729 57.0 1.046 -0.49 "" ""
4340.738 42.0 3.315 -0.61 "" ""
4340.769 106.00113 1.572 -1.074 3.464 AX22Q235
4340.781 26.0 4.217 -3.2 "" ""
4340.786 23.1 6.491 -3.31 "" ""
4340.79 24.0 3.419 -4.18 "" ""
4340.862 106.00112 1.806 -5.175 3.464 AX54P185
4340.863 25.0 4.682 -3.99 "" ""
4340.895 90.0 1.005 -0.8 "" ""
4340.917 68.0 1.432 0.41 "" ""
4340.996 20.0 5.917 -3.93 "" ""
4341.01 23.0 0.04 -0.95 "" ""
4341.024 90.1 2.873 0.18 "" ""
4341.046 44.0 2.071 -1.09 "" ""
4341.053 106.00113 1.142 -0.756 3.464 BX10P255
4341.072 24.1 5.666 -1.87 "" ""
4341.088 106.00113 1.604 -12.235 3.464 CX04R155
4341.088 106.00113 1.641 -3.714 3.464 AX22R245
4341.11 40.0 1.395 0.15 "" ""
4341.135 106.00113 0.408 -2.103 3.464 AX11P055
4341.136 106.00113 1.641 -1.059 3.464 AX22Q255
4341.157 22.0 3.177 -1.3 "" ""
4341.16 106.00113 1.142 -5.043 3.464 BX10Q255
4341.175 24.0 3.847 -0.51 "" ""
4341.213 106.00113 1.142 -0.348 3.464 BX10P265
4341.22 106.00113 1.641 -1.066 3.464 AX22Q245
4341.225 27.0 3.684 -2.18 "" ""
4341.235 26.0 3.394 -2.38 "" ""
4341.24 106.00112 0.785 -2.49 3.464 BX01R155
4341.243 106.00113 0.408 -3.193 3.464 AX11Q055
4341.267 106.00113 1.641 -3.748 3.464 AX22P255
4341.29 64.1 0.425 -0.7 LAWLER ""
4341.313 22.0 2.332 -3.33 "" ""
4341.318 24.0 2.998 -1.53 "" ""
4341.339 22.0 2.479 -3.27 "" ""
4341.364 22.1 1.115 -2.28 "" ""
4341.366 106.00112 0.786 -7.262 3.464 BX01Q165
4341.401 106.00112 0.409 -2.103 3.464 AX11P055
4341.413 42.0 2.595 -0.86 "" ""
4341.434 106.00113 0.408 -2.102 3.464 AX11P055
4341.442 106.00112 0.786 -2.438 3.464 BX01R165
4341.443 28.0 3.594 -2.23 "" ""
4341.445 23.0 1.375 -2.97 "" ""
4341.451 24.0 2.707 -2.04 "" ""
4341.489 11.0 2.101 -3.04 "" ""
4341.511 106.00112 0.409 -3.193 3.464 AX11Q055
4341.514 106.00112 1.579 -1.066 3.464 AX22Q245
4341.548 106.00113 0.408 -3.204 3.464 AX11Q055
4341.565 106.00112 1.579 -3.716 3.464 AX22R235
4341.571 26.0 3.271 -2.73 "" ""
4341.608 106.00112 1.579 -3.7 3.464 AX22P245
4341.629 106.00113 0.408 -2.024 3.464 AX11P065
4341.641 6.0 7.94 -1.49 "" ""
4341.645 607.01214 3.527 -5.359 7.724 1415Qc0185
4341.657 607.01214 3.527 -2.454 7.724 1415Pa0195
4341.657 607.01214 3.527 -2.469 7.724 1415Pb0185
4341.659 106.00112 1.579 -1.074 3.464 AX22Q235
4341.683 92.1 0.036 -0.7 Nils02/7 ""
4341.706 106.00112 0.409 -2.102 3.464 AX11P055
4341.73 42.0 3.031 -2.04 "" ""
4341.734 20.0 5.685 -4.4 "" ""
4341.797 106.00113 1.32 -3.927 3.464 AX44R065
4341.805 27.0 3.949 -2.48 "" ""
4341.812 26.0 3.544 -2.37 "" ""
4341.815 106.00112 0.409 -3.204 3.464 AX11Q055
4341.891 22.0 3.184 -3.91 "" ""
4341.892 106.00113 0.408 -2.025 3.464 AX11P065
4341.9 106.00112 0.409 -2.024 3.464 AX11P065
4341.937 22.0 2.248 -5.05 "" ""
4341.962 42.0 2.596 -1.88 "" ""
4342.0 106.00112 0.342 -5.519 3.464 BX01Q015
4342.005 23.0 2.053 -6.03 "" ""
4342.014 22.0 3.184 -3.25 "" ""
4342.015 106.00112 0.342 -3.892 3.464 BX01R015
4342.029 106.00113 1.321 -3.906 3.464 AX44R065
4342.032 71.1 4.472 -0.86 "" ""
4342.06 60.1 0.064 -1.18 LAWLER ""
4342.075 44.0 1.138 -0.83 "" ""
4342.134 25.0 4.27 -3.28 "" ""
4342.135 58.1 0.608 -1.31 LAWLER ""
4342.165 106.00112 0.41 -2.025 3.464 AX11P065
4342.172 106.00112 1.647 -3.714 3.464 AX22R245
4342.18 64.1 0.6 -0.27 LAWLER ""
4342.191 24.0 3.842 -3.41 "" ""
4342.192 23.0 1.194 -1.24 "" ""
4342.194 6.0 7.94 -3.28 "" ""
4342.241 106.00112 1.648 -1.059 3.464 AX22Q255
4342.255 90.1 1.557 -0.93 "" ""
4342.259 106.00112 1.986 -1.524 3.464 AX33R265
4342.267 106.00112 1.647 -1.066 3.464 AX22Q245
4342.318 24.0 3.847 -2.48 "" ""
4342.337 106.00112 1.648 -3.748 3.464 AX22P255
4342.401 6.0 7.94 -2.15 "" ""
4342.406 106.00112 1.986 -3.838 3.464 AX33Q265
4342.411 23.0 1.217 -4.18 "" ""
4342.427 22.0 2.493 -2.38 "" ""
4342.432 45.0 1.142 -2.19 "" ""
4342.444 90.0 1.021 -0.68 "" ""
4342.449 24.0 2.998 -3.14 "" ""
4342.468 106.00112 1.986 -1.496 3.464 AX33R255
4342.477 27.0 3.71 -1.72 "" ""
4342.482 58.1 1.273 -0.54 "" ""
4342.505 25.0 4.35 -2.84 "" ""
4342.583 25.1 5.544 -1.98 "" ""
4342.602 22.0 2.736 -4.32 "" ""
4342.64 106.00113 0.692 -2.511 3.464 AX22P035
4342.675 106.00113 0.97 -2.489 3.464 AX33Q015
4342.675 106.00113 0.97 -2.491 3.464 AX33Q015
4342.698 26.0 4.603 -1.26 "" ""
4342.7 607.01214 3.535 -5.391 7.724 1415Qc0195
4342.713 607.01214 3.535 -2.454 7.724 1415Pb0195
4342.714 607.01214 3.535 -2.44 7.724 1415Pa0205
4342.747 25.0 5.083 -1.01 "" ""
4342.779 106.00113 0.692 -2.51 3.464 AX22P035
4342.813 41.0 1.504 -0.55 "" ""
4342.826 23.0 1.871 -0.65 LAWNOHFS ""
4342.839 25.0 3.132 -4.17 "" ""
4342.844 106.00113 0.692 -3.141 3.464 AX22Q035
4342.879 27.1 5.204 -3.95 "" ""
4342.893 106.00112 2.231 -10.336 3.464 CX04R255
4342.906 24.0 5.176 -3.5 "" ""
4342.929 106.00113 0.073 -2.06 3.464 AX00P055
4342.935 106.00112 1.807 -5.228 3.464 AX54P185
4342.947 106.00112 2.231 -6.465 3.464 CX04Q265
4342.964 106.00112 0.694 -2.511 3.464 AX22P035
4342.971 22.0 2.47 -2.19 "" ""
4342.976 106.00113 0.97 -2.142 3.464 AX33R015
4342.976 106.00113 0.97 -2.143 3.464 AX33R015
4342.984 106.00113 0.692 -3.148 3.464 AX22Q035
4343.032 40.0 0.0 -2.38 "" ""
4343.041 106.00112 2.231 -6.673 3.464 CX04Q255
4343.042 106.00113 0.073 -3.175 3.464 AX00Q055
4343.09 23.0 2.58 -1.78 "" ""
4343.095 106.00112 2.231 -14.037 3.464 CX04P265
4343.101 106.00112 0.973 -2.489 3.464 AX33Q015
4343.101 106.00112 0.973 -2.491 3.464 AX33Q015
4343.11 106.00112 0.694 -2.51 3.464 AX22P035
4343.167 24.0 2.708 -1.29 "" ""
4343.172 106.00112 0.694 -3.141 3.464 AX22Q035
4343.173 106.00112 0.073 -2.06 3.464 AX00P055
4343.179 26.0 2.843 -3.33 "" ""
4343.202 26.0 4.183 -3.76 "" ""
4343.216 26.0 4.1 -1.35 "" ""
4343.221 26.0 3.249 -2.85 "" ""
4343.243 106.00113 0.073 -2.06 3.464 AX00P055
4343.271 26.0 3.249 -1.7 "" ""
4343.275 26.1 6.133 -2.18 "" ""
4343.286 106.00112 0.073 -3.175 3.464 AX00Q055
4343.313 106.00112 0.694 -3.148 3.464 AX22Q035
4343.356 106.00113 0.073 -3.186 3.464 AX00Q055
4343.358 25.0 4.357 -1.93 "" ""
4343.369 22.0 2.343 -3.53 "" ""
4343.391 106.00113 0.692 -2.373 3.464 AX22P045
4343.4 106.00112 0.973 -2.141 3.464 AX33R015
4343.4 106.00112 0.973 -2.143 3.464 AX33R015
4343.442 106.00113 0.073 -1.983 3.464 AX00P065
4343.477 106.00113 1.954 -10.461 3.464 CX15Q175
4343.486 60.0 0.0 -0.79 "" ""
4343.489 106.00112 0.073 -2.06 3.464 AX00P055
4343.509 106.00113 0.692 -2.373 3.464 AX22P045
4343.559 58.0 0.028 -0.57 "" ""
4343.6 106.00112 0.073 -3.186 3.464 AX00Q055
4343.601 25.1 6.107 -4.39 "" ""
4343.684 23.0 2.581 -2.86 "" ""
4343.687 106.00112 0.074 -1.983 3.464 AX00P065
4343.697 26.0 3.045 -1.88 "" ""
4343.711 27.0 3.229 -2.88 "" ""
4343.714 106.00113 0.073 -1.983 3.464 AX00P065
4343.723 106.00112 0.694 -2.373 3.464 AX22P045
4343.777 22.0 2.152 -1.43 "" ""
4343.783 607.01214 3.544 -5.423 7.724 1415Qc0205
4343.797 607.01214 3.544 -2.427 7.724 1415Pa0215
4343.797 607.01214 3.544 -2.44 7.724 1415Pb0205
4343.842 106.00112 0.694 -2.373 3.464 AX22P045
4343.858 106.00112 1.862 -7.511 3.464 CX04R205
4343.866 58.1 0.708 -1.26 LAWLER ""
4343.873 26.0 3.544 -4.62 "" ""
4343.934 26.0 4.368 -2.13 "" ""
4343.951 90.1 0.231 -1.96 Nils02/21 ""
4343.952 106.00113 1.954 -6.379 3.464 CX15R165
4343.963 106.00112 0.074 -1.983 3.464 AX00P065
4343.981 25.1 5.393 -1.09 "" ""
4343.994 106.00112 1.862 -13.028 3.464 CX04Q205
4344.011 106.00113 1.954 -6.356 3.464 CX15R175
4344.014 106.00112 1.862 -7.872 3.464 CX04R195
4344.051 26.0 4.555 -2.3 "" ""
4344.098 6.0 7.94 -2.22 "" ""
4344.099 106.00112 1.324 -3.926 3.464 AX44R065
4344.103 23.0 1.71 -2.35 "" ""
4344.168 21.0 2.507 -2.88 "" ""
4344.194 26.0 3.412 -8.53 "" ""
4344.269 106.00113 1.643 -1.06 3.464 AX22Q255
4344.288 22.1 1.083 -2.09 "" ""
4344.29 64.1 0.601 -1.08 LAWLER ""
4344.306 6.0 7.94 -1.79 "" ""
4344.327 90.1 0.0 -2.29 "" ""
4344.33 22.0 2.736 -4.01 "" ""
4344.333 106.00112 1.324 -3.905 3.464 AX44R065
4344.349 26.0 4.577 -1.36 "" ""
4344.355 23.0 1.871 -3.82 "" ""
4344.366 106.00113 1.643 -3.743 3.464 AX22R245
4344.435 106.00113 1.643 -3.722 3.464 AX22P255
4344.478 69.0 2.199 0.17 "" ""
4344.49 64.1 0.427 -1.73 LAWLER ""
4344.5 26.0 3.603 -1.15 RUF14 ""
4344.502 24.0 1.003 -0.65 SOBECK ""
4344.532 106.00113 1.643 -1.066 3.464 AX22Q245
4344.575 25.1 5.563 -4.21 "" ""
4344.602 23.1 6.182 -2.41 "" ""
4344.609 26.0 4.14 -3.98 "" ""
4344.61 20.0 4.76 -2.75 "" ""
4344.637 39.0 2.036 -0.25 "" ""
4344.643 42.0 3.263 -1.2 "" ""
4344.734 11.0 2.103 -2.74 "" ""
4344.785 23.1 6.542 -4.58 "" ""
4344.811 15.0 6.949 -3.5 "" ""
4344.827 62.0 0.185 -2.02 "" ""
4344.886 26.0 4.151 -2.15 "" ""
4344.894 607.01214 3.553 -5.454 7.724 1415Qc0215
4344.908 607.01214 3.553 -2.427 7.724 1415Pb0215
4344.909 607.01214 3.553 -2.416 7.724 1415Pa0225
4344.917 58.1 0.708 -1.48 LAWLER ""
4344.921 23.0 2.121 -3.69 "" ""
4345.063 27.1 5.204 -6.35 "" ""
4345.072 68.1 0.886 -2.29 LAWLER ""
4345.081 26.0 3.692 -4.94 "" ""
4345.11 24.0 3.367 -0.86 "" ""
4345.238 23.0 1.802 -2.09 "" ""
4345.249 26.0 4.577 -1.9 "" ""
4345.275 106.00113 1.751 -9.149 3.464 CX15R125
4345.289 106.00113 1.714 -3.74 3.464 AX22R255
4345.308 41.0 0.0 -1.36 "" ""
4345.33 106.00113 1.714 -1.055 3.464 AX22Q265
4345.331 106.00112 0.956 -2.335 3.464 BX11P185
4345.332 26.0 4.577 -1.28 "" ""
4345.406 106.00112 0.956 -7.272 3.464 BX11Q185
4345.427 106.00113 1.714 -1.06 3.464 AX22Q255
4345.453 58.1 0.875 -1.21 LAWLER ""
4345.469 106.00113 1.714 -3.771 3.464 AX22P265
4345.48 23.0 1.08 -3.07 "" ""
4345.504 106.00112 0.956 -2.507 3.464 BX11P195
4345.568 106.00112 1.65 -1.06 3.464 AX22Q255
4345.593 25.1 5.394 -2.16 "" ""
4345.594 106.00113 0.431 -1.994 3.464 AX11P065
4345.607 26.0 4.206 -3.99 "" ""
4345.626 106.00112 1.65 -3.743 3.464 AX22R245
4345.663 106.00112 1.65 -3.721 3.464 AX22P255
4345.674 106.00113 0.431 -3.236 3.464 AX11Q065
4345.684 42.0 2.289 -2.82 "" ""
4345.721 106.00112 1.65 -1.066 3.464 AX22Q245
4345.743 22.0 3.11 -4.21 "" ""
4345.788 106.00112 1.611 -12.234 3.464 CX04R155
4345.792 24.0 3.102 -1.69 "" ""
4345.828 24.0 3.844 -4.17 "" ""
4345.828 74.0 2.351 -0.81 "" ""
4345.85 62.1 0.104 -1.05 LAWLER ""
4345.852 58.1 1.194 -0.62 "" ""
4345.879 23.0 1.711 -2.41 "" ""
4345.888 106.00112 0.433 -1.994 3.464 AX11P065
4345.905 27.1 3.116 -5.07 "" ""
4345.958 23.0 2.706 -4.51 "" ""
4345.958 58.1 1.106 -0.37 "" ""
4345.965 106.00112 0.433 -3.236 3.464 AX11Q065
4345.987 106.00113 0.431 -1.994 3.464 AX11P065
4346.005 106.00113 0.431 -1.929 3.464 AX11P075
4346.033 607.01214 3.562 -5.486 7.724 1415Qc0225
4346.047 23.0 2.614 -4.59 "" ""
4346.048 607.01214 3.562 -2.407 7.724 1415Pa0235
4346.048 607.01214 3.562 -2.416 7.724 1415Pb0225
4346.072 106.00113 0.431 -3.248 3.464 AX11Q065
4346.102 22.0 1.878 -0.99 "" ""
4346.102 22.0 2.235 -0.45 LAWLER ""
4346.109 41.0 1.079 -1.51 "" ""
4346.179 23.0 2.121 -3.47 "" ""
4346.181 106.00113 1.855 -5.157 3.464 AX54P195
4346.188 25.0 4.675 -1.79 "" ""
4346.193 42.0 2.075 -2.07 "" ""
4346.27 66.1 1.65 -1.22 LAWLER ""
4346.28 20.0 4.621 -2.35 "" ""
4346.294 106.00112 0.433 -1.929 3.464 AX11P075
4346.294 106.00112 0.433 -1.994 3.464 AX11P065
4346.326 25.0 2.28 -3.31 "" ""
4346.356 106.00113 0.432 -1.93 3.464 AX11P075
4346.359 26.0 3.265 -7.15 "" ""
4346.368 106.00112 0.433 -3.248 3.464 AX11Q065
4346.374 66.1 2.576 0.2 "" ""
4346.381 106.00113 0.894 -5.252 3.464 BX11P175
4346.391 25.1 6.531 -1.54 "" ""
4346.425 58.1 1.012 -0.8 "" ""
4346.437 90.0 0.902 -0.8 "" ""
4346.44 106.00113 0.836 -2.439 3.464 BX01R165
4346.455 64.0 0.124 0.16 "" ""
4346.479 44.0 0.997 -1.65 "" ""
4346.48 62.1 0.543 -1.77 LAWLER ""
4346.482 69.0 1.931 -0.1 "" ""
4346.501 30.0 5.791 -5.71 "" ""
4346.509 26.1 6.212 -3.99 "" ""
4346.527 40.0 1.75 -0.42 "" ""
4346.536 106.00113 0.339 -3.788 3.464 BX01Q005
4346.544 106.00113 0.339 -4.38 3.464 BX01R005
4346.551 106.00113 0.836 -7.224 3.464 BX01Q175
4346.552 26.0 3.299 -1.54 "" ""
4346.571 26.0 3.981 -4.33 "" ""
4346.6 22.0 3.111 -3.96 "" ""
4346.603 22.0 2.152 -1.49 "" ""
4346.622 64.0 0.027 -0.19 "" ""
4346.626 106.00113 0.836 -2.39 3.464 BX01R175
4346.655 106.00112 0.433 -1.93 3.464 AX11P075
4346.736 24.0 2.98 -2.12 "" ""
4346.779 106.00112 1.721 -3.74 3.464 AX22R255
4346.818 24.0 2.98 -0.64 "" ""
4346.828 22.0 2.776 -2.65 "" ""
4346.846 106.00112 1.721 -1.055 3.464 AX22Q265
4346.876 106.00112 1.721 -1.06 3.464 AX22Q255
4346.893 23.1 1.671 -2.79 "" ""
4346.943 106.00112 1.721 -3.77 3.464 AX22P265
4346.992 74.0 2.385 -0.43 "" ""
4347.098 23.0 2.357 -2.48 "" ""
