wavelength species excitation loggf disassociation_energy comment
3552.064 58.1 0.445 -1.09 "" ""
3552.078 106.00113 0.596 -4.61 3.464 AX31R115
3552.097 106.00112 0.64 -4.609 3.464 AX31R135
3552.1 607.01214 2.853 -3.754 7.724 1412Qc0115
3552.105 607.01214 2.853 -1.312 7.724 1412Pb0115
3552.106 26.0 3.069 -1.37 "" ""
3552.118 106.00113 0.596 -4.604 3.464 AX31R125
3552.123 106.00112 0.64 -6.316 3.464 AX31Q135
3552.151 106.00113 0.596 -6.261 3.464 AX31Q125
3552.165 92.1 0.284 -0.88 "" ""
3552.206 607.01314 2.827 -1.151 7.724 1412Pb0165
3552.238 106.00112 0.359 -5.713 3.464 AX31Q035
3552.254 607.01214 2.853 -1.276 7.724 1412Pa0125
3552.284 106.00112 0.359 -5.707 3.464 AX31Q035
3552.29 62.1 0.0 -1.77 LAWLER ""
3552.3 106.00112 1.442 -7.807 3.464 CX01P255
3552.301 607.01314 2.827 -3.901 7.724 1412Qc0165
3552.316 607.01314 2.827 -1.125 7.724 1412Pa0175
3552.334 106.00112 0.359 -4.831 3.464 AX31R035
3552.355 25.0 4.243 -1.03 "" ""
3552.379 106.00112 0.359 -4.832 3.464 AX31R035
3552.393 42.0 1.53 -2.19 "" ""
3552.407 21.0 1.942 -1.78 "" ""
3552.425 26.0 2.452 -2.89 "" ""
3552.426 21.0 1.952 -1.62 "" ""
3552.433 28.0 3.539 -4.31 "" ""
3552.446 23.0 1.847 -4.52 "" ""
3552.446 28.0 3.676 -1.73 "" ""
3552.447 25.0 3.769 -1.04 "" ""
3552.447 25.0 3.769 -2.47 "" ""
3552.477 21.0 1.994 -2.74 "" ""
3552.488 24.1 4.424 -4.62 "" ""
3552.52 63.1 1.319 -0.78 "" ""
3552.527 22.0 2.101 -6.09 "" ""
3552.594 23.0 1.892 -2.74 "" ""
3552.636 607.01214 0.345 -0.926 7.724 0100Ra0385
3552.666 26.1 5.565 -3.33 "" ""
3552.684 607.01214 0.345 -0.937 7.724 0100Rb0375
3552.69 39.0 0.0 -0.76 "" ""
3552.71 72.1 0.452 -1.05 LAWLER ""
3552.711 25.1 6.828 -6.53 "" ""
3552.712 42.0 3.154 -0.32 "" ""
3552.719 27.0 0.224 -2.59 LAWNHFS ""
3552.719 607.01214 0.345 -4.402 7.724 0100Qd0385
3552.724 58.1 0.318 -0.73 LAWLER ""
3552.742 24.0 3.108 0.22 "" ""
3552.756 25.0 4.675 -0.64 "" ""
3552.808 23.0 0.04 -4.15 "" ""
3552.828 26.0 2.873 -0.84 "" ""
3552.831 106.00112 0.641 -4.609 3.464 AX31R125
3552.836 22.1 0.573 -2.97 "" ""
3552.84 106.00112 0.156 -5.214 3.464 AX20P085
3552.855 26.0 3.109 -1.47 "" ""
3552.861 106.00112 0.156 -6.788 3.464 AX20Q085
3552.864 106.00112 0.641 -4.609 3.464 AX31R135
3552.866 607.01214 2.858 -3.789 7.724 1412Qc0125
3552.872 607.01214 2.858 -1.276 7.724 1412Pb0125
3552.874 25.0 4.662 -1.45 "" ""
3552.881 24.1 6.768 -3.25 "" ""
3552.89 106.00112 0.641 -6.295 3.464 AX31Q135
3552.896 24.0 4.096 -3.33 "" ""
3552.932 106.00113 1.039 -7.44 3.464 AX52P145
3552.933 24.0 3.099 -0.29 "" ""
3552.95 62.1 0.188 -2.1 LAWLER ""
3552.95 92.0 0.552 -0.35 "" ""
3552.986 27.0 1.954 -0.87 LAWNHFS ""
3552.989 607.01214 0.96 -0.594 7.724 0403Rb0295
3553.0 62.1 0.378 -2.24 LAWLER ""
3553.001 21.0 1.942 -1.49 "" ""
3553.016 607.01214 0.96 -3.861 7.724 0403Qd0305
3553.022 607.01214 2.858 -1.242 7.724 1412Pa0135
3553.037 106.00112 0.157 -5.149 3.464 AX20P095
3553.08 46.0 1.452 0.54 "" ""
3553.11 90.1 1.557 -0.19 "" ""
3553.128 25.0 4.675 -2.01 "" ""
3553.153 106.00113 0.357 -4.946 3.464 AX31R025
3553.164 106.00112 0.521 -7.109 3.464 AX20R165
3553.164 27.0 3.051 -5.49 "" ""
3553.166 22.0 2.101 -4.52 "" ""
3553.168 27.0 2.784 -0.95 "" ""
3553.171 607.01314 2.835 -1.125 7.724 1412Pb0175
3553.203 68.1 0.669 -0.74 LAWLER ""
3553.204 23.0 1.05 -2.64 "" ""
3553.207 106.00112 0.521 -4.501 3.464 AX20Q165
3553.207 66.1 2.057 0.22 "" ""
3553.213 106.00113 0.358 -4.946 3.464 AX31R025
3553.217 25.0 3.769 -1.58 "" ""
3553.243 28.0 3.696 -0.72 "" ""
3553.245 106.00112 0.521 -4.464 3.464 AX20Q175
3553.268 23.0 1.217 -0.68 LAWNOHFS ""
3553.279 607.01314 2.835 -3.926 7.724 1412Qc0175
3553.28 106.00112 0.157 -5.213 3.464 AX20P085
3553.289 106.00112 0.521 -6.734 3.464 AX20P175
3553.293 25.1 6.64 -3.1 "" ""
3553.295 607.01314 2.835 -1.1 7.724 1412Pa0185
3553.302 106.00112 0.157 -6.804 3.464 AX20Q085
3553.345 24.0 4.141 -1.32 "" ""
3553.364 26.0 3.926 -1.62 "" ""
3553.375 106.00113 0.638 -4.608 3.464 AX31R125
3553.377 90.1 1.203 -1.0 "" ""
3553.404 27.0 3.014 -5.49 "" ""
3553.408 27.1 5.042 -8.29 "" ""
3553.418 73.0 0.0 -2.24 "" ""
3553.431 21.0 2.336 -2.88 "" ""
3553.434 92.0 0.471 -0.13 "" ""
3553.439 106.00112 0.157 -5.15 3.464 AX20P095
3553.439 24.0 3.102 -3.6 "" ""
3553.44 26.0 2.83 -2.17 "" ""
3553.469 106.00113 0.638 -4.609 3.464 AX31R135
3553.477 28.0 0.109 -2.55 "" ""
3553.484 106.00113 0.638 -6.315 3.464 AX31Q135
3553.488 24.1 4.924 -6.56 "" ""
3553.508 24.0 3.09 -4.36 "" ""
3553.527 25.1 5.344 -4.54 "" ""
3553.549 28.0 3.541 -2.6 "" ""
3553.552 607.01214 0.328 -0.937 7.724 0100Ra0375
3553.557 25.1 6.806 -3.15 "" ""
3553.584 106.00113 1.223 -5.491 3.464 AX20R275
3553.6 607.01214 0.328 -0.948 7.724 0100Rb0365
3553.601 26.0 3.249 -3.38 "" ""
3553.614 26.0 3.281 -7.07 "" ""
3553.634 607.01214 0.328 -4.39 7.724 0100Qd0375
3553.641 607.01214 0.947 -0.594 7.724 0403Ra0295
3553.654 75.0 2.147 -0.38 "" ""
3553.66 106.00113 0.358 -5.712 3.464 AX31Q035
3553.664 607.01214 2.864 -3.821 7.724 1412Qc0135
3553.67 106.00112 0.073 -7.638 3.464 AX20P055
3553.67 607.01214 2.864 -1.242 7.724 1412Pb0135
3553.671 106.00112 0.348 -5.086 3.464 AX31R015
3553.678 607.01214 0.947 -0.608 7.724 0403Rb0285
3553.684 106.00113 1.223 -5.3 3.464 AX20R265
3553.69 24.0 3.885 -4.39 "" ""
3553.701 106.00112 0.348 -5.085 3.464 AX31R015
3553.704 607.01214 0.947 -3.847 7.724 0403Qd0295
3553.705 106.00113 0.358 -5.707 3.464 AX31Q035
3553.715 64.1 1.338 -0.36 "" ""
3553.716 106.00113 1.223 -7.044 3.464 AX20Q275
3553.738 26.0 3.571 0.14 "" ""
3553.743 25.0 3.761 -4.64 "" ""
3553.756 106.00113 0.358 -4.831 3.464 AX31R035
3553.8 106.00113 0.358 -4.831 3.464 AX31R035
3553.816 42.0 2.595 -1.95 "" ""
3553.82 607.01214 2.864 -1.211 7.724 1412Pa0145
3553.836 42.0 1.469 -2.83 "" ""
3553.846 25.1 6.568 -2.44 "" ""
3553.846 44.0 1.46 -0.76 "" ""
3553.866 24.0 2.965 -5.04 "" ""
3553.868 22.0 1.429 -4.84 "" ""
3553.88 22.0 2.29 -6.95 "" ""
3553.882 106.00112 0.073 -7.657 3.464 AX20P055
3553.962 24.0 3.077 -1.4 "" ""
3553.962 24.0 3.373 -3.38 "" ""
3553.984 60.1 0.63 -0.77 "" ""
3554.004 22.1 4.891 -2.61 "" ""
3554.009 26.0 3.926 -1.12 "" ""
3554.014 72.0 1.802 -0.06 "" ""
3554.071 40.1 1.184 -0.81 Ljung06 ""
3554.099 106.00112 1.431 -9.734 3.464 CX23P165
3554.118 26.0 0.957 -2.21 OBR91 ""
3554.142 24.1 4.924 -3.1 "" ""
3554.143 24.0 3.446 -2.98 "" ""
3554.16 62.1 0.333 -1.21 LAWLER ""
3554.198 106.00113 0.638 -4.608 3.464 AX31R125
3554.202 607.01314 2.842 -1.101 7.724 1412Pb0185
3554.214 106.00113 0.639 -4.609 3.464 AX31R135
3554.214 74.0 0.598 -1.87 "" ""
3554.257 106.00113 0.639 -6.294 3.464 AX31Q135
3554.295 23.0 1.71 -2.23 "" ""
3554.296 106.00113 0.156 -5.213 3.464 AX20P085
3554.3 68.1 0.886 -0.44 "" ""
3554.318 106.00113 0.156 -6.788 3.464 AX20Q085
3554.324 607.01314 2.842 -3.949 7.724 1412Qc0185
3554.325 607.01214 0.934 -0.608 7.724 0403Ra0285
3554.341 607.01314 2.842 -1.077 7.724 1412Pa0195
3554.362 607.01214 0.934 -0.622 7.724 0403Rb0275
3554.387 607.01214 0.934 -3.832 7.724 0403Qd0285
3554.401 24.0 3.108 -1.05 "" ""
3554.405 71.1175 2.149 -0.441 Q99gfDH20h ""
3554.406 71.1175 2.149 -1.011 Q99gfDH20h ""
3554.417 71.1175 2.149 -1.011 Q99gfDH20h ""
3554.419 71.1175 2.149 -0.838 Q99gfDH20h ""
3554.42 106.00112 1.52 -8.109 3.464 CX01P265
3554.42 71.1175 2.149 -0.852 Q99gfDH20h ""
3554.426 106.00112 0.349 -5.565 3.464 AX31Q025
3554.434 71.1175 2.149 -0.852 Q99gfDH20h ""
3554.435 71.1175 2.149 -1.535 Q99gfDH20h ""
3554.436 71.1175 2.149 -0.864 Q99gfDH20h ""
3554.441 26.0 2.938 -2.3 "" ""
3554.442 27.0 3.407 -5.07 "" ""
3554.445 106.00112 0.349 -5.561 3.464 AX31Q025
3554.448 106.00113 0.518 -7.108 3.464 AX20R165
3554.448 24.1 4.924 -6.55 "" ""
3554.45 71.1175 2.149 -0.864 Q99gfDH20h ""
3554.451 71.1175 2.149 -1.036 Q99gfDH20h ""
3554.451 71.1175 2.149 -2.963 Q99gfDH20h ""
3554.458 607.01214 0.311 -0.948 7.724 0100Ra0365
3554.463 71.1175 2.149 -1.036 Q99gfDH20h ""
3554.464 71.1175 2.149 -1.212 Q99gfDH20h ""
3554.492 607.01214 2.87 -3.851 7.724 1412Qc0145
3554.493 106.00113 0.156 -5.149 3.464 AX20P095
3554.496 106.00113 0.518 -4.5 3.464 AX20Q165
3554.497 22.0 2.295 -4.73 "" ""
3554.498 26.1 5.566 -3.09 "" ""
3554.499 607.01214 2.87 -1.211 7.724 1412Pb0145
3554.502 26.0 2.88 -1.03 "" ""
3554.505 607.01214 0.311 -0.959 7.724 0100Rb0355
3554.521 106.00112 0.522 -7.128 3.464 AX20R165
3554.525 41.0 0.267 -1.08 "" ""
3554.526 106.00113 0.518 -4.464 3.464 AX20Q175
3554.534 106.00112 0.522 -4.465 3.464 AX20Q175
3554.535 106.00112 0.686 -4.613 3.464 AX31R135
3554.538 607.01214 0.311 -4.379 7.724 0100Qd0365
3554.544 23.0 1.948 -4.32 "" ""
3554.559 106.00112 0.349 -4.899 3.464 AX31R025
3554.565 106.00112 0.522 -4.501 3.464 AX20Q165
3554.575 106.00113 0.518 -6.733 3.464 AX20P175
3554.577 106.00112 0.522 -6.716 3.464 AX20P175
3554.579 106.00112 0.349 -4.9 3.464 AX31R025
3554.604 106.00112 0.686 -4.621 3.464 AX31R145
3554.616 27.0 3.25 -4.5 "" ""
3554.636 58.1 1.176 -0.33 BIEMONT ""
3554.637 106.00112 0.686 -6.349 3.464 AX31Q145
3554.643 26.0 3.271 -1.92 "" ""
3554.644 26.0 2.467 -4.82 "" ""
3554.646 607.01214 2.87 -1.182 7.724 1412Pa0155
3554.659 41.0 0.019 -0.72 "" ""
3554.731 106.00113 0.156 -5.213 3.464 AX20P085
3554.736 24.0 3.886 -3.29 "" ""
3554.742 27.0 3.064 -4.58 "" ""
3554.754 106.00113 0.156 -6.804 3.464 AX20Q085
3554.77 106.00112 0.34 -5.288 3.464 AX31R005
3554.783 106.00112 0.34 -5.288 3.464 AX31R005
3554.8 64.1 0.499 -1.41 LAWLER ""
3554.804 24.0 3.553 -3.63 "" ""
3554.807 27.0 1.709 -4.09 "" ""
3554.841 24.0 3.886 -4.06 "" ""
3554.87 24.1 6.479 -3.3 "" ""
3554.884 23.0 1.063 -2.92 "" ""
3554.89 106.00113 0.156 -5.149 3.464 AX20P095
3554.924 26.0 2.83 0.54 "" ""
3555.001 58.1 0.32 -0.53 LAWLER ""
3555.002 607.01214 0.921 -0.622 7.724 0403Ra0275
3555.004 22.1 1.571 -4.58 "" ""
3555.013 90.0 0.355 -0.52 "" ""
3555.039 607.01214 0.921 -0.637 7.724 0403Rb0265
3555.057 23.0 2.113 -2.72 "" ""
3555.064 607.01214 0.921 -3.816 7.724 0403Qd0275
3555.077 26.1 4.146 -3.66 "" ""
3555.085 28.0 3.676 -1.4 "" ""
3555.089 25.0 3.376 -3.79 "" ""
3555.092 106.00113 0.347 -5.086 3.464 AX31R015
3555.103 90.1 1.204 -0.54 "" ""
3555.122 106.00113 0.347 -5.085 3.464 AX31R015
3555.138 23.0 1.194 -1.01 "" ""
3555.141 27.0 3.25 -1.34 "" ""
3555.144 23.0 2.121 -2.69 "" ""
3555.146 106.00112 1.23 -5.49 3.464 AX20R275
3555.151 106.00113 0.073 -7.638 3.464 AX20P055
3555.159 58.1 0.232 -0.95 BIEMONT ""
3555.165 106.00112 1.23 -5.299 3.464 AX20R265
3555.165 24.1 2.541 -8.51 "" ""
3555.175 74.1 2.011 -1.11 "" ""
3555.21 106.00112 1.23 -7.043 3.464 AX20Q275
3555.219 607.01214 0.468 -0.784 7.724 0201Rb0295
3555.22 23.0 2.357 -3.31 "" ""
3555.247 607.01214 0.468 -4.051 7.724 0201Qd0305
3555.257 23.0 2.136 -0.45 "" ""
3555.277 607.01314 0.769 -0.589 7.724 0302Rb0345
3555.308 607.01314 0.769 -3.987 7.724 0302Qd0355
3555.308 607.01314 2.85 -1.077 7.724 1412Pb0195
3555.319 92.0 0.0 0.06 "" ""
3555.347 24.0 2.542 -2.23 "" ""
3555.353 607.01214 2.877 -3.88 7.724 1412Qc0155
3555.354 607.01214 0.294 -0.959 7.724 0100Ra0355
3555.36 607.01214 2.877 -1.182 7.724 1412Pb0155
3555.361 106.00113 0.073 -7.656 3.464 AX20P055
3555.385 26.0 3.692 -4.33 "" ""
3555.4 607.01214 0.294 -0.971 7.724 0100Rb0345
3555.423 27.0 2.784 -3.57 "" ""
3555.428 42.0 2.513 -1.0 "" ""
3555.433 607.01214 0.294 -4.367 7.724 0100Qd0355
3555.436 22.0 1.738 -5.13 "" ""
3555.445 23.0 2.053 -3.87 "" ""
3555.446 607.01314 2.85 -3.971 7.724 1412Qc0195
3555.449 26.0 3.249 -1.7 "" ""
3555.464 607.01314 2.85 -1.055 7.724 1412Pa0205
3555.47 106.00112 0.687 -4.613 3.464 AX31R135
3555.479 106.00112 1.292 -13.215 3.464 AX31R245
3555.483 106.00112 0.687 -4.621 3.464 AX31R145
3555.483 23.0 1.711 -1.31 "" ""
3555.502 607.01214 2.877 -1.154 7.724 1412Pa0165
3555.511 26.0 3.239 -4.3 "" ""
3555.516 106.00112 0.687 -6.326 3.464 AX31Q145
3555.531 26.0 3.632 -3.94 "" ""
3555.558 24.0 1.003 -4.84 "" ""
3555.576 23.0 2.357 -4.09 "" ""
3555.637 42.0 3.273 -0.71 "" ""
3555.642 22.0 2.248 -1.95 "" ""
3555.654 25.1 6.908 -3.32 "" ""
3555.667 26.0 3.632 -9.92 "" ""
3555.674 607.01214 0.909 -0.637 7.724 0403Ra0265
3555.704 90.0 1.29 -0.05 "" ""
3555.711 607.01214 0.909 -0.652 7.724 0403Rb0255
3555.734 607.01214 0.909 -3.8 7.724 0403Qd0265
3555.739 23.0 1.194 -2.37 "" ""
3555.752 28.0 3.477 -3.82 "" ""
3555.76 60.1 0.32 -0.95 LAWLER ""
3555.786 106.00113 0.519 -7.128 3.464 AX20R165
3555.787 24.0 2.542 -1.64 "" ""
3555.797 106.00113 0.519 -4.464 3.464 AX20Q175
3555.816 69.0 2.039 0.85 "" ""
3555.823 27.0 2.54 -6.03 "" ""
3555.842 106.00113 0.519 -4.5 3.464 AX20Q165
3555.843 106.00113 0.348 -5.564 3.464 AX31Q025
3555.853 106.00113 0.519 -6.716 3.464 AX20P175
3555.862 106.00113 0.348 -5.561 3.464 AX31Q025
3555.862 607.01214 1.202 -0.559 7.724 0504Rb0295
3555.884 23.0 1.941 -3.44 "" ""
3555.888 607.01214 1.202 -3.826 7.724 0504Qd0305
3555.894 24.1 2.542 -6.99 "" ""
3555.906 25.1 6.653 -2.7 "" ""
3555.928 27.1 2.272 -2.62 "" ""
3555.931 106.00113 0.683 -4.613 3.464 AX31R135
3555.944 25.0 4.791 -4.0 "" ""
3555.949 23.0 2.573 -2.85 "" ""
3555.968 24.0 4.446 -0.7 "" ""
3555.971 66.1 2.351 0.67 "" ""
3555.973 76.0 1.583 -1.21 "" ""
3555.975 607.01214 0.454 -0.784 7.724 0201Ra0295
3555.977 106.00113 0.348 -4.899 3.464 AX31R025
3555.979 25.0 4.602 -3.65 "" ""
3555.993 607.01314 0.754 -0.589 7.724 0302Ra0345
3555.995 106.00113 0.348 -4.899 3.464 AX31R025
3556.01 607.01214 0.454 -0.798 7.724 0201Rb0285
3556.012 106.00113 0.683 -4.621 3.464 AX31R145
3556.03 106.00113 0.683 -6.349 3.464 AX31Q145
3556.033 20.0 4.765 -7.08 "" ""
3556.037 607.01214 0.454 -4.037 7.724 0201Qd0295
3556.038 24.0 3.842 -0.66 "" ""
3556.039 607.01314 0.754 -0.601 7.724 0302Rb0335
3556.069 607.01314 0.754 -3.974 7.724 0302Qd0345
3556.075 68.0 1.881 1.07 "" ""
3556.08 106.00112 1.23 -8.594 3.464 AX30P265
3556.084 24.1 2.542 -6.85 "" ""
3556.111 27.0 2.278 -2.54 "" ""
3556.131 24.0 2.543 -1.59 "" ""
3556.175 106.00112 1.507 -9.618 3.464 CX12P225
3556.179 106.00113 0.339 -5.288 3.464 AX31R005
3556.193 106.00113 0.339 -5.288 3.464 AX31R005
3556.219 27.0 3.277 -1.48 "" ""
3556.241 607.01214 0.278 -0.971 7.724 0100Ra0345
3556.246 23.0 2.136 -0.18 "" ""
3556.247 607.01214 2.884 -3.906 7.724 1412Qc0165
3556.255 607.01214 2.884 -1.154 7.724 1412Pb0165
3556.282 106.00113 1.226 -5.491 3.464 AX20R275
3556.286 607.01214 0.278 -0.982 7.724 0100Rb0335
3556.299 26.0 3.632 -9.42 "" ""
3556.317 607.01214 0.278 -4.354 7.724 0100Qd0345
3556.331 20.0 4.128 -4.36 "" ""
3556.34 607.01214 0.897 -0.652 7.724 0403Ra0255
3556.375 22.0 2.47 -2.99 "" ""
3556.376 27.0 3.126 -6.96 "" ""
3556.376 607.01214 0.897 -0.668 7.724 0403Rb0245
3556.383 106.00113 1.226 -7.003 3.464 AX20Q275
3556.387 68.0 1.308 0.71 "" ""
3556.388 607.01214 2.884 -1.129 7.724 1412Pa0175
3556.399 607.01214 0.897 -3.783 7.724 0403Qd0255
3556.442 24.0 3.887 -4.32 "" ""
3556.443 106.00113 1.226 -5.3 3.464 AX20R265
3556.473 106.00112 1.601 -8.638 3.464 CX01P275
3556.481 26.0 3.263 -2.75 "" ""
3556.484 607.01214 0.652 -0.737 7.724 0302Rb0245
3556.501 607.01314 2.858 -1.055 7.724 1412Pb0205
3556.507 607.01214 0.652 -3.851 7.724 0302Qd0255
3556.513 607.01214 1.188 -0.573 7.724 0504Rb0285
3556.538 607.01214 1.188 -3.811 7.724 0504Qd0295
3556.548 21.1 7.13 -6.24 "" ""
3556.572 69.0 2.039 0.46 "" ""
3556.594 40.1 0.466 0.07 Ljung06 ""
3556.633 44.0 1.46 -0.88 "" ""
3556.648 106.00112 1.491 -8.497 3.464 CX34P115
3556.656 607.01314 2.858 -3.992 7.724 1412Qc0205
3556.664 607.01214 1.188 -0.559 7.724 0504Ra0295
3556.675 607.01314 2.858 -1.034 7.724 1412Pa0215
3556.681 26.0 2.863 -1.38 "" ""
3556.702 42.0 2.494 -2.04 "" ""
3556.709 21.0 2.294 -1.43 "" ""
3556.719 23.1 2.555 -2.8 "" ""
3556.73 62.1 0.277 -1.3 LAWLER ""
3556.747 26.0 3.632 -7.24 "" ""
3556.748 607.01314 0.739 -0.601 7.724 0302Ra0335
3556.757 607.01214 0.441 -0.798 7.724 0201Ra0285
3556.771 25.1 4.82 -5.91 "" ""
3556.792 607.01214 0.441 -0.812 7.724 0201Rb0275
3556.794 607.01314 0.739 -0.613 7.724 0302Rb0325
3556.8 23.1 1.127 -0.07 LAWNOHFS ""
3556.809 23.0 1.08 -4.62 "" ""
3556.812 28.0 3.304 -4.43 "" ""
3556.818 607.01214 0.441 -4.022 7.724 0201Qd0285
3556.823 607.01314 0.739 -3.961 7.724 0302Qd0335
3556.853 24.0 0.982 -4.41 "" ""
3556.865 106.00113 0.684 -4.621 3.464 AX31R145
3556.872 106.00113 0.684 -4.613 3.464 AX31R135
3556.878 26.0 2.849 -0.04 "" ""
3556.884 58.1 0.318 -0.86 BIEMONT ""
3556.886 21.0 1.968 -1.7 "" ""
3556.89 58.1 1.58 0.1 "" ""
3556.891 26.0 3.632 -7.37 "" ""
3556.918 106.00113 0.684 -6.326 3.464 AX31Q145
3556.927 26.1 5.611 -2.91 "" ""
3556.931 42.0 2.913 -1.18 "" ""
3556.971 24.0 3.108 -0.69 "" ""
3556.989 23.1 2.378 -6.28 "" ""
3556.999 607.01214 0.886 -0.668 7.724 0403Ra0245
3557.026 106.00112 0.342 -5.359 3.464 AX31Q015
3557.028 106.00112 0.342 -5.357 3.464 AX31Q015
3557.035 607.01214 0.886 -0.685 7.724 0403Rb0235
3557.057 607.01214 0.886 -3.765 7.724 0403Qd0245
3557.06 64.1 0.6 0.05 LAWLER ""
3557.072 68.0 1.412 0.93 "" ""
3557.117 607.01214 0.262 -0.983 7.724 0100Ra0335
3557.119 28.0 3.477 -4.98 "" ""
3557.149 607.01214 0.641 -0.737 7.724 0302Ra0245
3557.155 607.01214 1.175 -0.587 7.724 0504Rb0275
3557.161 607.01214 0.262 -0.995 7.724 0100Rb0325
3557.163 23.0 2.113 -2.0 "" ""
3557.168 23.0 1.05 -2.03 "" ""
3557.175 607.01214 2.891 -3.931 7.724 1412Qc0175
3557.175 77.0 2.067 -0.57 "" ""
3557.18 607.01214 1.175 -3.796 7.724 0504Qd0285
3557.183 607.01214 2.891 -1.129 7.724 1412Pb0175
3557.191 607.01214 0.262 -4.342 7.724 0100Qd0335
3557.191 607.01214 0.64 -0.753 7.724 0302Rb0235
3557.213 607.01214 0.641 -3.834 7.724 0302Qd0245
3557.22 26.0 3.6 -1.97 "" ""
3557.225 106.00112 0.342 -5.001 3.464 AX31R015
3557.228 106.00112 0.342 -5.002 3.464 AX31R015
3557.248 57.1 0.173 -1.65 "" ""
3557.249 607.01214 1.175 -0.573 7.724 0504Ra0285
3557.276 27.0 2.784 -4.01 "" ""
3557.305 607.01214 2.891 -1.104 7.724 1412Pa0185
3557.328 23.0 1.954 -2.58 "" ""
3557.335 69.0 2.162 0.58 "" ""
3557.347 23.0 2.113 -3.01 "" ""
3557.36 62.1 0.04 -1.59 LAWLER ""
3557.424 23.0 1.929 -4.89 "" ""
3557.437 25.1 4.932 -5.0 "" ""
3557.448 24.1 7.375 -3.79 "" ""
3557.452 42.0 1.469 -2.38 "" ""
3557.464 90.1 0.764 -1.05 "" ""
3557.485 26.0 2.873 -5.79 "" ""
3557.496 607.01314 0.725 -0.613 7.724 0302Ra0325
3557.51 21.1 4.846 -4.88 "" ""
3557.52 26.0 3.632 -6.45 "" ""
3557.527 22.0 2.479 -3.73 "" ""
3557.531 607.01214 0.428 -0.813 7.724 0201Ra0275
3557.536 26.1 7.268 -2.04 "" ""
3557.542 607.01314 0.724 -0.626 7.724 0302Rb0315
3557.561 22.0 1.748 -4.36 "" ""
3557.563 26.1 5.565 -3.2 "" ""
3557.565 607.01214 0.428 -0.827 7.724 0201Rb0265
3557.57 607.01314 0.725 -3.948 7.724 0302Qd0325
3557.59 607.01214 0.428 -4.006 7.724 0201Qd0275
3557.593 607.01314 0.366 -0.906 7.724 0100Rb0395
3557.62 106.00112 0.734 -4.625 3.464 AX31R145
3557.624 66.1 2.314 0.56 "" ""
3557.629 607.01314 0.366 -4.415 7.724 0100Qd0405
3557.64 62.1 0.434 -1.9 LAWLER ""
3557.653 607.01214 0.875 -0.685 7.724 0403Ra0235
3557.666 25.0 3.769 -4.98 "" ""
3557.667 106.00112 1.294 -13.147 3.464 AX31R245
3557.674 106.00112 0.734 -4.641 3.464 AX31R155
3557.688 607.01214 0.875 -0.702 7.724 0403Rb0225
3557.709 607.01214 0.875 -3.747 7.724 0403Qd0235
3557.713 106.00112 0.734 -6.382 3.464 AX31Q155
3557.762 26.0 3.6 -3.36 "" ""
3557.79 607.01214 1.163 -0.601 7.724 0504Rb0265
3557.79 69.1 1.086 -0.22 "" ""
3557.795 607.01314 2.867 -1.034 7.724 1412Pb0215
3557.814 607.01214 1.163 -3.78 7.724 0504Qd0275
3557.837 607.01214 1.163 -0.587 7.724 0504Ra0275
3557.841 92.0 0.0 -0.19 "" ""
3557.848 607.01214 0.63 -0.754 7.724 0302Ra0235
3557.855 24.1 4.411 -2.86 "" ""
3557.856 106.00112 1.233 -5.491 3.464 AX20R275
3557.89 607.01214 0.63 -0.771 7.724 0302Rb0225
3557.901 23.1 6.681 -2.4 "" ""
3557.911 607.01214 0.63 -3.816 7.724 0302Qd0235
3557.914 25.0 4.341 -1.88 "" ""
3557.92 106.00112 1.233 -7.003 3.464 AX20Q275
3557.922 73.0 1.516 -0.96 "" ""
3557.97 106.00112 1.233 -5.3 3.464 AX20R265
3557.972 27.0 2.041 -1.8 "" ""
3557.983 607.01214 0.247 -0.995 7.724 0100Ra0325
3557.987 24.0 2.965 -7.35 "" ""
3557.992 26.0 3.957 -2.44 "" ""
3558.016 68.0 0.954 1.33 "" ""
3558.022 21.0 1.983 -1.28 "" ""
3558.026 607.01214 0.247 -1.008 7.724 0100Rb0315
3558.056 607.01214 0.247 -4.329 7.724 0100Qd0325
3558.061 21.0 2.0 -0.56 "" ""
3558.079 26.0 3.239 -2.55 "" ""
3558.095 42.0 2.274 -0.14 "" ""
3558.097 24.0 3.09 -4.68 "" ""
3558.122 24.1 6.787 -3.28 "" ""
3558.138 607.01214 2.899 -3.955 7.724 1412Qc0185
3558.146 607.01214 2.899 -1.104 7.724 1412Pb0185
3558.185 64.1 1.059 0.14 "" ""
3558.204 106.00112 1.292 -7.111 3.464 AX41Q235
3558.205 26.0 2.607 -2.99 "" ""
3558.216 24.1 4.412 -6.33 "" ""
3558.22 42.0 2.274 -1.6 "" ""
3558.23 66.1 1.17 -0.34 LAWLER ""
3558.237 607.01314 0.711 -0.626 7.724 0302Ra0315
3558.244 26.0 3.632 -5.76 "" ""
3558.244 607.01314 1.244 -0.485 7.724 0504Rb0345
3558.253 607.01214 2.899 -1.081 7.724 1412Pa0195
3558.254 106.00112 1.292 -4.615 3.464 AX41P245
3558.274 607.01314 1.244 -3.882 7.724 0504Qd0355
3558.279 106.00112 1.292 -4.691 3.464 AX41P235
3558.28 28.0 3.304 -2.93 "" ""
3558.282 607.01314 0.71 -0.639 7.724 0302Rb0305
3558.295 607.01214 0.416 -0.828 7.724 0201Ra0265
3558.3 607.01214 0.864 -0.702 7.724 0403Ra0225
3558.309 607.01314 0.711 -3.934 7.724 0302Qd0315
3558.316 106.00112 1.255 -6.979 3.464 AX52R185
3558.329 607.01214 0.416 -0.843 7.724 0201Rb0255
3558.334 607.01214 0.864 -0.721 7.724 0403Rb0215
3558.353 607.01214 0.416 -3.99 7.724 0201Qd0265
3558.354 607.01214 0.864 -3.729 7.724 0403Qd0225
3558.366 106.00112 1.255 -4.219 3.464 AX52Q185
3558.381 106.00112 1.255 -4.198 3.464 AX52Q195
3558.392 24.0 3.889 -1.93 "" ""
3558.411 26.0 2.988 -3.0 "" ""
3558.418 607.01214 1.151 -0.616 7.724 0504Rb0255
3558.427 607.01214 1.151 -0.601 7.724 0504Ra0265
3558.432 106.00112 1.255 -6.488 3.464 AX52P195
3558.433 106.00113 0.341 -5.359 3.464 AX31Q015
3558.435 106.00113 0.341 -5.357 3.464 AX31Q015
3558.441 607.01214 1.151 -3.764 7.724 0504Qd0265
3558.446 26.0 3.926 -3.59 "" ""
3558.454 106.00112 0.58 -7.144 3.464 AX20R175
3558.454 607.01314 0.349 -0.907 7.724 0100Ra0395
3558.477 24.0 3.844 -1.56 "" ""
3558.48 64.1 0.601 -0.56 LAWLER ""
3558.488 106.00112 1.683 -10.763 3.464 CX01P285
3558.498 607.01314 0.349 -0.917 7.724 0100Rb0385
3558.503 106.00112 0.58 -4.465 3.464 AX20Q175
3558.515 26.0 0.989 -0.63 OBR91 ""
3558.517 21.1045 0.008 -2.05 LAWHFS ""
3558.518 21.1045 0.008 -1.75 LAWHFS ""
3558.518 21.1045 0.008 -1.83 LAWHFS ""
3558.521 21.1045 0.008 -1.63 LAWHFS ""
3558.522 21.1045 0.008 -1.57 LAWHFS ""
3558.523 21.1045 0.008 -1.92 LAWHFS ""
3558.526 21.1045 0.008 -1.36 LAWHFS ""
3558.528 21.1045 0.008 -1.51 LAWHFS ""
3558.53 106.00112 0.58 -4.43 3.464 AX20Q185
3558.53 21.1045 0.008 -2.07 LAWHFS ""
3558.533 607.01314 0.349 -4.405 7.724 0100Qd0395
3558.534 21.1045 0.008 -1.15 LAWHFS ""
3558.535 23.1 1.475 -3.85 "" ""
3558.536 21.1045 0.008 -1.54 LAWHFS ""
3558.538 21.1045 0.008 -2.3 LAWHFS ""
3558.54 607.01214 0.619 -0.771 7.724 0302Ra0225
3558.543 21.1045 0.008 -0.98 LAWHFS ""
3558.545 21.1045 0.008 -1.72 LAWHFS ""
3558.548 21.1045 0.008 -2.72 LAWHFS ""
3558.549 42.0 3.185 -1.43 "" ""
3558.577 106.00112 0.191 -5.138 3.464 AX20P095
3558.578 106.00112 0.58 -6.735 3.464 AX20P185
3558.581 607.01214 0.619 -0.789 7.724 0302Rb0215
3558.588 106.00112 0.191 -6.817 3.464 AX20Q095
3558.601 607.01214 0.619 -3.797 7.724 0302Qd0225
3558.62 24.0 3.123 0.38 "" ""
3558.62 25.1 6.795 -2.86 "" ""
3558.633 106.00113 0.341 -5.0 3.464 AX31R015
3558.635 106.00113 0.341 -5.001 3.464 AX31R015
3558.645 22.0 1.967 -2.41 "" ""
3558.668 23.0 2.576 -2.56 "" ""
3558.671 106.00112 0.735 -4.641 3.464 AX31R155
3558.676 106.00112 0.735 -4.625 3.464 AX31R145
3558.703 25.1 4.505 -5.27 "" ""
3558.703 58.1 0.708 -0.42 BIEMONT ""
3558.71 106.00112 0.735 -6.357 3.464 AX31Q155
3558.714 68.0 1.068 0.98 "" ""
3558.741 39.0 1.889 0.53 "" ""
3558.744 106.00112 0.191 -5.078 3.464 AX20P105
3558.755 27.0 3.168 -1.17 "" ""
3558.775 27.0 0.581 -1.97 LAWNHFS ""
3558.791 42.0 2.274 -1.59 "" ""
3558.8 607.01314 1.229 -0.485 7.724 0504Ra0345
3558.815 24.0 3.446 -1.86 "" ""
3558.838 607.01214 0.232 -1.008 7.724 0100Ra0315
3558.873 607.01314 1.229 -0.497 7.724 0504Rb0335
3558.878 28.0 3.594 -3.65 "" ""
3558.88 607.01214 0.232 -1.021 7.724 0100Rb0305
3558.886 106.00112 1.233 -8.666 3.464 AX30P265
3558.902 607.01314 1.229 -3.869 7.724 0504Qd0345
3558.909 607.01214 0.232 -4.315 7.724 0100Qd0315
3558.924 26.1 5.952 -3.93 "" ""
3558.929 23.0 1.944 -4.02 "" ""
3558.94 607.01214 0.854 -0.721 7.724 0403Ra0215
3558.94 75.0 1.456 -1.07 "" ""
3558.946 40.0 0.632 -0.56 "" ""
3558.97 607.01314 0.697 -0.639 7.724 0302Ra0305
3558.974 607.01214 0.854 -0.74 7.724 0403Rb0205
3558.993 607.01214 0.854 -3.709 7.724 0403Qd0215
3558.993 77.0 0.717 -1.67 "" ""
3559.014 607.01314 0.697 -0.652 7.724 0302Rb0295
3559.019 607.01214 1.139 -0.616 7.724 0504Ra0255
3559.028 70.0 2.229 -0.73 "" ""
3559.038 607.01214 1.139 -0.632 7.724 0504Rb0245
3559.04 607.01314 0.697 -3.92 7.724 0302Qd0305
3559.049 607.01314 0.937 -0.583 7.724 0403Rb0295
3559.05 607.01214 0.404 -0.843 7.724 0201Ra0255
3559.06 607.01214 1.139 -3.747 7.724 0504Qd0255
3559.075 607.01314 0.937 -3.851 7.724 0403Qd0305
3559.077 106.00113 0.731 -4.624 3.464 AX31R145
3559.083 607.01214 0.404 -0.859 7.724 0201Rb0245
3559.101 62.1 0.484 -0.63 "" ""
3559.106 607.01214 0.404 -3.974 7.724 0201Qd0255
3559.107 27.0 3.051 -6.66 "" ""
3559.111 106.00112 0.191 -5.137 3.464 AX20P095
3559.12 41.0 0.619 -1.43 "" ""
3559.122 106.00112 0.191 -6.834 3.464 AX20Q095
3559.137 607.01214 2.908 -3.977 7.724 1412Qc0195
3559.139 24.0 3.108 -0.15 "" ""
3559.145 106.00113 0.731 -4.64 3.464 AX31R155
3559.146 607.01214 2.908 -1.081 7.724 1412Pb0195
3559.166 58.1 0.32 -0.46 BIEMONT ""
3559.167 106.00113 0.731 -6.381 3.464 AX31Q155
3559.223 607.01214 0.609 -0.789 7.724 0302Ra0215
3559.231 22.0 2.295 -4.8 "" ""
3559.234 607.01214 2.908 -1.059 7.724 1412Pa0205
3559.235 106.00112 0.192 -5.078 3.464 AX20P105
3559.242 42.0 3.165 -0.85 "" ""
3559.263 607.01214 0.609 -0.809 7.724 0302Rb0205
3559.282 607.01214 0.609 -3.778 7.724 0302Qd0215
3559.29 66.1 1.22 -0.28 LAWLER ""
3559.34 60.1 0.38 -1.75 LAWLER ""
3559.344 24.0 0.968 -4.48 "" ""
3559.35 607.01314 0.331 -0.917 7.724 0100Ra0385
3559.356 106.00113 1.223 -8.593 3.464 AX30P265
3559.373 25.0 3.38 -3.52 "" ""
3559.384 20.0 2.519 -7.47 "" ""
3559.384 24.0 3.885 -4.31 "" ""
3559.393 607.01314 0.331 -0.928 7.724 0100Rb0375
3559.415 106.00112 1.143 -6.657 3.464 AX52Q165
3559.424 25.0 4.682 -1.44 "" ""
3559.427 607.01314 0.331 -4.393 7.724 0100Qd0385
3559.429 607.01314 1.214 -0.497 7.724 0504Ra0335
3559.438 21.1 7.138 -4.66 "" ""
3559.449 26.0 2.88 -2.39 "" ""
3559.45 106.00112 1.143 -4.529 3.464 AX52P165
3559.45 90.1 0.774 -0.55 "" ""
3559.47 25.0 3.37 -7.58 "" ""
3559.475 28.0 3.655 -4.02 "" ""
3559.491 106.00112 1.143 -4.476 3.464 AX52P175
3559.498 607.01314 1.214 -0.508 7.724 0504Rb0325
3559.504 26.0 3.069 -0.97 "" ""
3559.526 607.01314 1.214 -3.856 7.724 0504Qd0335
3559.543 607.01214 1.513 -0.49 7.724 0605Rb0345
3559.548 21.0 1.985 -0.5 "" ""
3559.548 24.0 4.102 -3.25 "" ""
3559.573 607.01214 1.513 -3.886 7.724 0605Qd0355
3559.575 607.01214 0.845 -0.74 7.724 0403Ra0205
3559.589 27.0 2.041 -2.6 "" ""
3559.606 607.01214 0.845 -0.76 7.724 0403Rb0195
3559.611 607.01214 1.128 -0.632 7.724 0504Ra0245
3559.625 607.01214 0.845 -3.688 7.724 0403Qd0205
3559.652 607.01214 1.128 -0.649 7.724 0504Rb0235
3559.664 21.0 1.985 -0.72 "" ""
3559.674 607.01214 1.128 -3.729 7.724 0504Qd0245
3559.676 607.01314 0.924 -0.583 7.724 0403Ra0295
3559.68 106.00113 0.577 -7.144 3.464 AX20R175
3559.683 607.01314 0.924 -0.597 7.724 0403Rb0285
3559.684 607.01214 0.217 -1.021 7.724 0100Ra0305
3559.695 607.01314 0.684 -0.652 7.724 0302Ra0295
3559.704 23.1 5.83 -2.46 "" ""
3559.708 607.01314 0.924 -3.836 7.724 0403Qd0295
3559.725 607.01214 0.217 -1.034 7.724 0100Rb0295
3559.733 106.00112 1.042 -7.394 3.464 AX52P145
3559.734 106.00113 0.577 -4.465 3.464 AX20Q175
3559.739 607.01314 0.684 -0.666 7.724 0302Rb0285
3559.751 106.00113 0.577 -4.43 3.464 AX20Q185
3559.753 607.01214 0.217 -4.301 7.724 0100Qd0305
3559.764 607.01314 0.684 -3.905 7.724 0302Qd0295
3559.778 24.0 2.87 -1.14 "" ""
3559.785 76.0 1.084 -0.97 Quinet06 ""
3559.796 607.01214 0.392 -0.859 7.724 0201Ra0245
3559.797 25.0 4.682 -0.63 "" ""
3559.801 26.0 3.879 -2.7 "" ""
3559.806 106.00113 0.577 -6.734 3.464 AX20P185
3559.827 106.00112 1.256 -4.198 3.464 AX52Q195
3559.828 607.01214 0.392 -0.876 7.724 0201Rb0235
3559.831 106.00112 1.256 -7.001 3.464 AX52R185
3559.85 607.01214 0.392 -3.957 7.724 0201Qd0245
3559.877 106.00112 1.256 -6.468 3.464 AX52P195
3559.878 22.0 2.493 -4.75 "" ""
3559.881 106.00112 1.256 -4.219 3.464 AX52Q185
3559.889 26.0 3.637 -6.31 "" ""
3559.894 23.0 2.038 -4.2 "" ""
3559.894 68.1 0.0 -0.69 LAWLER ""
3559.897 607.01214 0.599 -0.809 7.724 0302Ra0205
3559.901 26.0 3.298 -1.93 "" ""
3559.913 28.0 3.536 -0.57 "" ""
3559.936 607.01214 0.599 -0.829 7.724 0302Rb0195
3559.94 90.1 1.547 -0.08 "" ""
3559.953 106.00112 0.581 -7.165 3.464 AX20R175
3559.954 23.1 6.529 -4.21 "" ""
3559.955 607.01214 0.599 -3.757 7.724 0302Qd0205
3559.957 106.00112 0.581 -4.431 3.464 AX20Q185
3559.963 23.0 2.027 -6.25 "" ""
3559.983 25.1 6.653 -2.83 "" ""
3559.99 20.0 5.317 -3.75 "" ""
3559.993 106.00113 0.19 -5.137 3.464 AX20P095
3560.0 25.0 4.265 -2.9 "" ""
3560.001 106.00112 0.581 -4.465 3.464 AX20Q175
3560.003 106.00113 0.19 -6.816 3.464 AX20Q095
3560.005 106.00112 0.581 -6.716 3.464 AX20P185
3560.03 26.0 3.94 -2.77 "" ""
3560.051 23.0 1.941 -4.87 "" ""
3560.055 607.01314 1.2 -0.508 7.724 0504Ra0325
3560.06 607.01214 1.497 -0.49 7.724 0605Ra0345
3560.061 106.00113 1.369 -9.778 3.464 CX02R215
3560.068 26.0 2.863 -2.24 "" ""
3560.078 26.0 3.981 -3.05 "" ""
3560.093 25.1 6.663 -3.27 "" ""
3560.095 26.0 3.632 -5.62 "" ""
3560.096 607.01214 1.497 -0.501 7.724 0605Rb0335
3560.112 106.00113 0.732 -4.641 3.464 AX31R155
3560.116 42.0 2.521 -1.05 "" ""
3560.12 607.01314 1.2 -0.521 7.724 0504Rb0315
3560.125 607.01214 1.497 -3.873 7.724 0605Qd0345
3560.135 66.1 0.927 -0.39 "" ""
3560.141 106.00113 0.732 -4.624 3.464 AX31R145
3560.148 607.01314 1.2 -3.843 7.724 0504Qd0325
3560.159 106.00113 0.19 -5.078 3.464 AX20P105
3560.164 26.0 3.926 -4.52 "" ""
3560.17 25.1 6.666 -2.38 "" ""
3560.174 607.01214 2.916 -3.999 7.724 1412Qc0205
3560.175 106.00113 0.732 -6.357 3.464 AX31Q155
3560.18 26.0 3.637 -6.38 "" ""
3560.183 607.01214 2.916 -1.06 7.724 1412Pb0205
3560.2 607.01214 0.836 -0.76 7.724 0403Ra0195
3560.203 607.01214 1.117 -0.649 7.724 0504Ra0235
3560.234 607.01214 0.836 -0.781 7.724 0403Rb0185
3560.236 607.01314 0.314 -0.928 7.724 0100Ra0375
3560.25 607.01214 2.916 -1.039 7.724 1412Pa0215
3560.251 607.01214 0.836 -3.667 7.724 0403Qd0195
3560.26 607.01214 1.117 -0.666 7.724 0504Rb0225
3560.263 27.0059 1.881 -2.704 Lawle15HFS ""
3560.265 27.0059 1.881 -2.88 Lawle15HFS ""
3560.27 27.0059 1.881 -3.13 Lawle15HFS ""
3560.27 62.1 0.248 -1.63 LAWLER ""
3560.273 27.0059 1.881 -2.704 Lawle15HFS ""
3560.277 27.0059 1.881 -3.558 Lawle15HFS ""
3560.277 28.0 3.83 -2.78 "" ""
3560.279 27.0059 1.881 -2.54 Lawle15HFS ""
3560.279 607.01314 0.314 -0.939 7.724 0100Rb0365
3560.28 607.01214 1.117 -3.711 7.724 0504Qd0235
3560.281 106.00113 1.286 -13.214 3.464 AX31R245
3560.287 27.0059 1.881 -3.005 Lawle15HFS ""
3560.289 27.0059 1.881 -2.532 Lawle15HFS ""
3560.291 28.0 3.703 -2.56 "" ""
3560.295 26.1 4.077 -3.37 "" ""
3560.298 27.0059 1.881 -2.566 Lawle15HFS ""
3560.3 27.0059 1.881 -2.693 Lawle15HFS ""
3560.307 607.01314 0.911 -0.597 7.724 0403Ra0285
3560.308 92.0 0.742 0.13 "" ""
3560.312 607.01314 0.314 -4.382 7.724 0100Qd0375
3560.313 27.0059 1.881 -2.283 Lawle15HFS ""
3560.316 607.01314 0.911 -0.611 7.724 0403Rb0275
3560.327 70.1 2.654 -0.33 "" ""
3560.329 27.0059 1.881 -2.067 Lawle15HFS ""
3560.331 22.0 2.576 -4.58 "" ""
3560.341 607.01314 0.911 -3.821 7.724 0403Qd0285
3560.344 24.0 3.165 -0.04 "" ""
3560.355 76.1 1.637 -2.16 Quinet06 ""
3560.36 24.0 3.102 -4.19 "" ""
3560.413 607.01314 0.671 -0.666 7.724 0302Ra0285
3560.437 23.0 1.954 -4.12 "" ""
3560.442 92.1 0.217 -1.28 "" ""
3560.443 25.0 3.37 -3.19 "" ""
3560.445 106.00112 1.294 -4.616 3.464 AX41P245
3560.451 24.0 3.123 -0.37 "" ""
3560.456 607.01314 0.671 -0.68 7.724 0302Rb0275
3560.48 607.01314 0.671 -3.89 7.724 0302Qd0285
3560.481 106.00112 1.294 -7.148 3.464 AX41Q235
3560.519 607.01214 0.203 -1.034 7.724 0100Ra0295
3560.521 106.00113 0.19 -5.137 3.464 AX20P095
3560.532 106.00113 0.19 -6.834 3.464 AX20Q095
3560.532 607.01214 0.381 -0.876 7.724 0201Ra0235
3560.539 24.0 3.886 -3.32 "" ""
3560.551 26.1 2.028 -5.17 "" ""
3560.555 106.00112 1.294 -4.691 3.464 AX41P235
3560.559 607.01214 0.203 -1.048 7.724 0100Rb0285
3560.563 607.01214 0.59 -0.829 7.724 0302Ra0195
3560.564 607.01214 0.381 -0.894 7.724 0201Rb0225
3560.585 607.01214 0.381 -3.939 7.724 0201Qd0235
3560.586 607.01214 0.203 -4.287 7.724 0100Qd0295
3560.59 23.1 1.095 -1.4 LAWNOHFS ""
3560.602 607.01214 0.59 -0.85 7.724 0302Rb0185
3560.61 607.01214 1.482 -0.501 7.724 0605Ra0335
3560.619 607.01214 0.59 -3.736 7.724 0302Qd0195
3560.646 106.00113 0.19 -5.078 3.464 AX20P105
3560.648 607.01214 1.482 -0.513 7.724 0605Rb0325
3560.675 106.00112 1.144 -6.685 3.464 AX52Q165
3560.676 607.01214 1.482 -3.859 7.724 0605Qd0335
3560.676 607.01314 1.186 -0.521 7.724 0504Ra0315
3560.688 106.00112 1.144 -4.476 3.464 AX52P175
3560.697 26.0 3.249 -0.95 "" ""
3560.703 70.1 4.31 -0.3 "" ""
3560.71 106.00112 1.144 -4.529 3.464 AX52P165
3560.72 60.1 0.471 -0.5 LAWLER ""
3560.731 26.0 3.637 -7.49 "" ""
3560.739 607.01314 1.186 -0.533 7.724 0504Rb0305
3560.75 106.00112 1.043 -7.438 3.464 AX52P145
3560.762 106.00112 1.576 -9.8 3.464 CX12P235
3560.766 607.01314 1.186 -3.829 7.724 0504Qd0315
3560.791 22.0 1.442 -3.07 "" ""
3560.794 607.01214 1.107 -0.666 7.724 0504Ra0225
3560.802 58.1 0.676 0.29 LAWLER ""
3560.821 607.01214 0.827 -0.781 7.724 0403Ra0185
3560.854 607.01214 0.827 -0.803 7.724 0403Rb0175
3560.857 76.0 1.083 -0.6 "" ""
3560.862 607.01214 1.107 -0.684 7.724 0504Rb0215
3560.869 607.01214 0.827 -3.644 7.724 0403Qd0185
3560.88 27.0059 0.629 -1.837 Lawle15HFS ""
3560.881 607.01214 1.107 -3.692 7.724 0504Qd0225
3560.886 27.0059 0.629 -1.426 Lawle15HFS ""
3560.887 27.0059 0.629 -1.723 Lawle15HFS ""
3560.892 27.0059 0.629 -2.042 Lawle15HFS ""
3560.893 27.0059 0.629 -1.848 Lawle15HFS ""
3560.897 27.0059 0.629 -7.82 Lawle15HFS ""
3560.899 27.0059 0.629 -1.837 Lawle15HFS ""
3560.9 27.0059 0.629 -2.024 Lawle15HFS ""
3560.902 27.0059 0.629 -1.723 Lawle15HFS ""
3560.905 27.0059 0.629 -1.848 Lawle15HFS ""
3560.912 28.0 3.676 -1.86 "" ""
3560.917 69.0 2.316 1.33 "" ""
3560.938 607.01314 0.899 -0.611 7.724 0403Ra0275
3560.949 607.01314 0.899 -0.626 7.724 0403Rb0265
3560.951 26.0 3.637 -8.88 "" ""
3560.972 106.00112 1.376 -9.778 3.464 CX02R215
3560.973 607.01314 0.899 -3.806 7.724 0403Qd0275
3561.046 106.00112 1.483 -9.653 3.464 CX23P175
3561.047 24.0 3.123 -0.57 "" ""
3561.052 26.0 3.94 -3.46 "" ""
3561.08 25.0 4.824 -4.08 "" ""
3561.103 27.1 2.679 -1.67 "" ""
3561.113 607.01314 0.298 -0.939 7.724 0100Ra0365
3561.123 607.01314 0.659 -0.68 7.724 0302Ra0275
3561.146 20.0 2.521 -6.59 "" ""
3561.154 607.01314 0.298 -0.95 7.724 0100Rb0355
3561.157 106.00113 0.578 -7.165 3.464 AX20R175
3561.159 106.00113 0.578 -4.43 3.464 AX20Q185
3561.161 607.01214 1.468 -0.513 7.724 0605Ra0325
3561.163 42.0 2.258 -2.01 "" ""
3561.165 607.01314 0.659 -0.695 7.724 0302Rb0265
3561.187 607.01314 0.298 -4.37 7.724 0100Qd0365
3561.189 607.01314 0.659 -3.875 7.724 0302Qd0275
3561.2 607.01214 1.468 -0.524 7.724 0605Rb0315
3561.221 106.00113 0.578 -4.465 3.464 AX20Q175
3561.221 607.01214 0.581 -0.85 7.724 0302Ra0185
3561.222 106.00113 0.578 -6.716 3.464 AX20P185
3561.227 607.01214 1.468 -3.845 7.724 0605Qd0325
3561.25 607.01214 2.925 -4.019 7.724 1412Qc0215
3561.258 607.01214 0.581 -0.873 7.724 0302Rb0175
3561.259 607.01214 0.37 -0.894 7.724 0201Ra0225
3561.259 607.01214 2.925 -1.039 7.724 1412Pb0215
3561.275 607.01214 0.581 -3.714 7.724 0302Qd0185
3561.29 607.01214 0.37 -0.912 7.724 0201Rb0215
3561.294 607.01314 1.173 -0.533 7.724 0504Ra0305
3561.301 607.01214 2.925 -1.019 7.724 1412Pa0225
3561.307 106.00112 0.785 -4.644 3.464 AX31R155
3561.31 607.01214 0.37 -3.92 7.724 0201Qd0225
3561.343 607.01214 0.19 -1.048 7.724 0100Ra0285
3561.347 106.00112 0.786 -4.669 3.464 AX31R165
3561.355 607.01314 1.173 -0.546 7.724 0504Rb0295
3561.365 24.0 3.09 -4.05 "" ""
3561.371 27.0 2.54 -4.24 "" ""
3561.38 607.01314 1.173 -3.814 7.724 0504Qd0305
3561.382 607.01214 0.19 -1.063 7.724 0100Rb0275
3561.383 607.01214 1.097 -0.684 7.724 0504Ra0215
3561.392 106.00112 0.786 -6.414 3.464 AX31Q165
3561.4 26.0 3.637 -6.59 "" ""
3561.409 607.01214 0.19 -4.272 7.724 0100Qd0285
3561.411 92.0 0.471 0.19 "" ""
3561.435 607.01214 0.819 -0.804 7.724 0403Ra0175
3561.457 607.01214 1.097 -0.703 7.724 0504Rb0205
3561.464 607.01214 0.819 -0.827 7.724 0403Rb0165
3561.465 74.1 3.241 -1.35 "" ""
3561.476 607.01214 1.097 -3.672 7.724 0504Qd0215
3561.481 607.01214 0.819 -3.621 7.724 0403Qd0175
3561.544 26.0 3.637 -5.78 "" ""
3561.545 58.1 0.516 -1.12 "" ""
3561.557 20.0 2.519 -7.49 "" ""
3561.568 607.01314 0.887 -0.626 7.724 0403Ra0265
3561.57 607.01314 0.454 -0.775 7.724 0201Rb0295
3561.57 62.1 0.378 -1.14 LAWLER ""
3561.576 22.1 0.573 -2.04 LAWLER ""
3561.58 607.01314 0.887 -0.642 7.724 0403Rb0255
3561.595 60.1 0.064 -1.33 "" ""
3561.596 607.01314 0.454 -4.043 7.724 0201Qd0305
3561.603 607.01314 0.887 -3.79 7.724 0403Qd0265
3561.605 20.0 2.519 -6.35 "" ""
3561.64 20.0 2.519 -6.25 "" ""
3561.642 26.0 3.6 -3.35 "" ""
3561.653 42.0 2.913 -1.35 "" ""
3561.66 72.1 0.0 -0.87 LAWLER ""
3561.7 65.1 0.373 0.69 LAWNOHFS ""
3561.711 23.0 2.579 -2.9 "" ""
3561.711 607.01214 1.453 -0.524 7.724 0605Ra0315
3561.723 23.1 2.368 -5.62 "" ""
3561.731 25.0 4.791 -2.01 "" ""
3561.747 28.0 0.0 -2.3 "" ""
3561.75 26.0 3.881 -2.83 "" ""
3561.751 607.01214 1.453 -0.537 7.724 0605Rb0305
3561.778 607.01214 1.453 -3.831 7.724 0605Qd0315
3561.781 90.0 0.788 -0.55 "" ""
3561.784 24.0 4.093 -3.99 "" ""
3561.801 26.0 3.639 -6.79 "" ""
3561.804 92.0 0.0 0.3 "" ""
3561.825 607.01314 0.647 -0.695 7.724 0302Ra0265
3561.834 26.0 3.639 -6.4 "" ""
3561.84 62.1 0.04 -2.66 LAWLER ""
3561.866 607.01314 0.647 -0.711 7.724 0302Rb0255
3561.87 607.01214 0.573 -0.873 7.724 0302Ra0175
3561.889 607.01314 0.647 -3.859 7.724 0302Qd0265
3561.891 22.1 1.16 -2.31 "" ""
3561.906 607.01214 0.573 -0.896 7.724 0302Rb0165
3561.908 607.01314 1.16 -0.546 7.724 0504Ra0295
3561.91 64.1 1.232 -1.28 LAWLER ""
3561.922 607.01214 0.573 -3.69 7.724 0302Qd0175
3561.946 28.0 3.304 -6.77 "" ""
3561.962 106.00112 0.098 -7.633 3.464 AX20P065
3561.967 607.01314 1.16 -0.56 7.724 0504Rb0285
3561.971 607.01214 1.087 -0.703 7.724 0504Ra0205
3561.976 607.01214 0.36 -0.913 7.724 0201Ra0215
3561.979 607.01314 0.282 -0.95 7.724 0100Ra0355
3561.992 607.01314 1.16 -3.799 7.724 0504Qd0295
3562.006 607.01214 0.36 -0.932 7.724 0201Rb0205
3562.014 26.0 3.639 -7.31 "" ""
3562.021 607.01314 0.282 -0.962 7.724 0100Rb0345
3562.024 24.0 3.085 -3.24 "" ""
3562.026 607.01214 0.36 -3.901 7.724 0201Qd0215
3562.043 607.01214 0.811 -0.827 7.724 0403Ra0165
3562.047 607.01214 1.087 -0.723 7.724 0504Rb0195
3562.052 607.01314 0.282 -4.358 7.724 0100Qd0355
3562.054 106.00113 1.309 -7.09 3.464 AX52R195
