wavelength species excitation loggf disassociation_energy comment
3434.214 106.00112 0.707 -9.048 3.464 AX30P195
3434.215 106.00113 0.458 -6.758 3.464 CX01P085
3434.241 107.00114 1.443 -2.598 3.400 ""
3434.285 106.00112 0.873 -5.29 3.464 CX12Q115
3434.289 107.00114 1.231 -1.224 3.400 ""
3434.305 26.1 4.728 -3.53 "" ""
3434.317 24.0 2.706 -3.04 "" ""
3434.322 26.0 3.639 -4.72 "" ""
3434.33 106.00112 0.873 -7.464 3.464 CX12P115
3434.341 106.00113 0.458 -8.338 3.464 CX01R075
3434.352 106.00113 0.458 -4.465 3.464 CX01Q085
3434.354 107.00114 1.231 -4.126 3.400 ""
3434.37 66.1 0.0 -0.45 LAWLER ""
3434.395 106.00113 1.012 -4.691 3.464 CX23R045
3434.395 607.01214 2.183 -1.758 7.724 1109Ra0105
3434.414 607.01214 2.183 -1.801 7.724 1109Rb0095
3434.415 23.0 1.349 -4.45 "" ""
3434.421 607.01214 2.183 -4.168 7.724 1109Qd0105
3434.426 107.00114 1.231 -2.315 3.400 ""
3434.441 107.00114 1.157 -3.087 3.400 ""
3434.451 23.1 2.555 -2.39 "" ""
3434.464 25.0 3.769 -3.92 "" ""
3434.499 42.0 2.289 -1.13 "" ""
3434.504 73.0 1.202 -1.04 "" ""
3434.509 45.1 3.399 -2.0 "" ""
3434.545 106.00113 1.013 -7.98 3.464 CX23Q055
3434.557 26.0 2.829 -7.75 "" ""
3434.563 23.0 1.349 -4.16 "" ""
3434.577 106.00113 1.015 -4.619 3.464 AX41Q205
3434.584 106.00113 1.015 -7.358 3.464 AX41R195
3434.592 25.0 4.662 -2.24 "" ""
3434.592 607.01314 2.141 -4.95 7.724 1008Qc0335
3434.597 106.00113 1.138 -7.699 3.464 AX52R175
3434.598 28.0 3.652 -2.65 "" ""
3434.605 92.0 0.0 -0.62 "" ""
3434.607 70.1 2.845 -0.95 "" ""
3434.616 607.01314 2.141 -1.606 7.724 1008Pa0345
3434.625 106.00113 1.013 -4.512 3.464 CX23R055
3434.627 607.01214 2.179 -1.801 7.724 1109Ra0095
3434.628 106.00113 1.015 -7.061 3.464 AX41P205
3434.634 68.1 1.35 -0.09 "" ""
3434.635 106.00113 1.015 -4.677 3.464 AX41Q195
3434.645 607.01214 2.179 -1.847 7.724 1109Rb0085
3434.651 607.01214 2.179 -4.128 7.724 1109Qd0095
3434.652 607.01314 2.141 -1.628 7.724 1008Pb0335
3434.676 22.0 2.101 -2.54 "" ""
3434.679 26.0 2.829 -3.44 "" ""
3434.727 90.0 1.29 0.3 "" ""
3434.755 106.00113 0.803 -7.38 3.464 CX12P095
3434.764 25.1 7.047 -5.17 "" ""
3434.783 106.00113 0.804 -7.273 3.464 CX12Q085
3434.787 42.0 1.469 -0.67 "" ""
3434.813 27.0 3.277 -1.69 "" ""
3434.824 25.0 4.255 -2.61 "" ""
3434.834 28.0 1.984 -2.5 "" ""
3434.835 21.0 1.438 -4.58 "" ""
3434.866 24.1 5.489 -6.95 "" ""
3434.875 607.01214 2.175 -1.847 7.724 1109Ra0085
3434.885 45.0 0.0 0.45 "" ""
3434.892 607.01214 2.175 -1.898 7.724 1109Rb0075
3434.895 106.00112 1.091 -7.639 3.464 AX52R165
3434.897 607.01214 2.175 -4.084 7.724 1109Qd0085
3434.901 69.1 2.949 0.07 "" ""
3434.902 106.00113 0.803 -6.212 3.464 CX12Q095
3434.918 24.0 4.156 -1.8 "" ""
3434.93 106.00113 0.804 -7.366 3.464 CX12R085
3434.954 26.0 3.544 -2.38 "" ""
3434.967 28.0 3.703 -0.74 "" ""
3434.996 106.00112 0.838 -7.269 3.464 CX12R095
3435.037 106.00112 0.838 -6.211 3.464 CX12Q095
3435.102 106.00112 0.459 -8.338 3.464 CX01R075
3435.123 607.01314 2.231 -1.464 7.724 1109Rb0225
3435.126 607.01314 2.231 -1.44 7.724 1109Ra0235
3435.13 607.01314 2.241 -1.44 7.724 1109Rb0235
3435.131 106.00112 0.838 -5.672 3.464 CX12Q105
3435.134 607.01314 2.241 -1.417 7.724 1109Ra0245
3435.135 607.01314 2.221 -1.488 7.724 1109Rb0215
3435.137 607.01314 2.221 -1.464 7.724 1109Ra0225
3435.138 607.01314 2.231 -4.527 7.724 1109Qd0235
3435.139 607.01214 2.172 -1.898 7.724 1109Ra0075
3435.143 106.00112 0.459 -4.477 3.464 CX01Q075
3435.144 27.0 3.229 -1.14 "" ""
3435.146 24.0 2.707 -2.67 "" ""
3435.146 607.01314 2.241 -4.54 7.724 1109Qd0245
3435.15 607.01314 2.221 -4.513 7.724 1109Qd0225
3435.156 607.01214 2.172 -1.955 7.724 1109Rb0065
3435.159 607.01314 2.251 -1.417 7.724 1109Rb0245
3435.16 25.0 4.636 -2.74 "" ""
3435.16 607.01214 2.172 -4.034 7.724 1109Qd0075
3435.163 607.01314 2.251 -1.395 7.724 1109Ra0255
3435.167 607.01314 2.212 -1.513 7.724 1109Rb0205
3435.169 607.01314 2.212 -1.488 7.724 1109Ra0215
3435.172 106.00112 0.838 -7.419 3.464 CX12P105
3435.176 607.01314 2.251 -4.551 7.724 1109Qd0255
3435.181 607.01314 2.212 -4.499 7.724 1109Qd0215
3435.182 106.00112 1.233 -4.953 3.464 AX30Q275
3435.184 25.0 3.769 -1.64 "" ""
3435.186 44.0 0.385 -1.63 "" ""
3435.19 92.0 0.471 -0.06 "" ""
3435.206 58.1 1.078 -0.7 "" ""
3435.21 607.01314 2.262 -1.395 7.724 1109Rb0255
3435.215 607.01314 2.262 -1.373 7.724 1109Ra0265
3435.218 607.01314 2.204 -1.538 7.724 1109Rb0195
3435.219 607.01314 2.204 -1.513 7.724 1109Ra0205
3435.227 607.01314 2.262 -4.562 7.724 1109Qd0265
3435.228 106.00112 1.233 -8.035 3.464 AX30R265
3435.231 607.01314 2.204 -4.483 7.724 1109Qd0205
3435.244 58.1 0.721 -1.15 "" ""
3435.247 25.0 3.769 -5.71 "" ""
3435.254 66.1 1.223 -0.53 "" ""
3435.258 76.0 1.583 -1.29 "" ""
3435.273 106.00112 1.233 -7.655 3.464 AX30P275
3435.277 62.1 0.659 -1.3 "" ""
3435.282 106.00112 0.459 -4.465 3.464 CX01Q085
3435.284 607.01314 2.273 -1.373 7.724 1109Rb0265
3435.287 607.01314 2.196 -1.565 7.724 1109Rb0185
3435.288 607.01314 2.196 -1.538 7.724 1109Ra0195
3435.289 607.01314 2.273 -1.351 7.724 1109Ra0275
3435.297 106.00113 0.431 -4.502 3.464 CX01Q065
3435.298 24.1 4.924 -9.09 "" ""
3435.3 607.01314 2.196 -4.466 7.724 1109Qd0195
3435.302 607.01314 2.273 -4.573 7.724 1109Qd0275
3435.32 106.00112 1.233 -5.038 3.464 AX30Q265
3435.323 106.00112 0.459 -6.758 3.464 CX01P085
3435.329 23.1 5.875 -1.39 "" ""
3435.345 26.1 6.212 -4.78 "" ""
3435.346 69.0 2.039 0.89 "" ""
3435.355 23.1 2.555 -2.21 "" ""
3435.356 106.00113 0.431 -6.715 3.464 CX01P075
3435.358 25.0 4.255 -0.72 "" ""
3435.374 607.01314 2.188 -1.592 7.724 1109Rb0175
3435.375 607.01314 2.188 -1.565 7.724 1109Ra0185
3435.376 42.1 3.765 -1.0 "" ""
3435.381 607.01314 2.284 -1.351 7.724 1109Rb0275
3435.386 607.01314 2.188 -4.448 7.724 1109Qd0185
3435.387 607.01314 2.284 -1.33 7.724 1109Ra0285
3435.398 607.01314 2.156 -4.953 7.724 1008Qc0345
3435.399 607.01314 2.284 -4.582 7.724 1109Qd0285
3435.406 22.0 1.878 -1.11 "" ""
3435.416 106.00113 0.431 -8.001 3.464 CX01R065
3435.422 607.01214 2.169 -1.955 7.724 1109Ra0065
3435.423 607.01314 2.156 -1.584 7.724 1008Pa0355
3435.425 23.0 2.503 -4.42 "" ""
3435.43 60.1 0.182 -1.71 LAWLER ""
3435.436 607.01214 2.169 -2.02 7.724 1109Rb0055
3435.44 607.01214 2.169 -3.978 7.724 1109Qd0065
3435.447 42.0 3.176 0.6 "" ""
3435.448 106.00112 1.016 -4.691 3.464 CX23R045
3435.448 25.0 4.675 -1.08 "" ""
3435.452 24.1 5.489 -5.27 "" ""
3435.458 607.01314 2.156 -1.606 7.724 1008Pb0345
3435.475 106.00113 0.431 -4.477 3.464 CX01Q075
3435.477 28.0 1.675 -2.13 "" ""
3435.479 607.01314 2.18 -1.592 7.724 1109Ra0175
3435.479 607.01314 2.18 -1.621 7.724 1109Rb0165
3435.481 24.0 2.542 -2.0 "" ""
3435.49 607.01314 2.18 -4.429 7.724 1109Qd0175
3435.491 92.0 0.0 0.06 "" ""
3435.502 106.00113 0.775 -7.364 3.464 CX12Q075
3435.503 607.01314 2.296 -1.33 7.724 1109Rb0285
3435.504 107.00114 1.029 -0.881 3.400 ""
3435.51 607.01314 2.296 -1.309 7.724 1109Ra0295
3435.515 106.00113 0.775 -7.347 3.464 CX12P085
3435.522 607.01314 2.296 -4.591 7.724 1109Qd0295
3435.535 20.0 4.128 -5.67 "" ""
3435.546 21.0 1.986 0.53 "" ""
3435.559 106.00113 0.703 -9.048 3.464 AX30P195
3435.566 23.0 1.871 -5.67 "" ""
3435.6 607.01314 2.173 -1.621 7.724 1109Ra0165
3435.6 607.01314 2.173 -1.651 7.724 1109Rb0155
3435.608 22.0 2.425 -3.93 "" ""
3435.611 607.01314 2.173 -4.408 7.724 1109Qd0165
3435.632 106.00113 0.775 -7.479 3.464 CX12R075
3435.645 106.00113 0.775 -7.274 3.464 CX12Q085
3435.651 607.01314 2.308 -1.309 7.724 1109Rb0295
3435.659 607.01314 2.308 -1.289 7.724 1109Ra0305
3435.663 107.00114 1.029 -2.687 3.400 ""
3435.664 106.00112 1.016 -4.512 3.464 CX23R055
3435.671 607.01314 2.308 -4.599 7.724 1109Qd0305
3435.678 24.0 2.542 -0.86 "" ""
3435.68 106.00113 1.14 -7.648 3.464 AX52R175
3435.688 107.00114 1.029 -0.861 3.400 ""
3435.693 106.00112 1.016 -7.98 3.464 CX23Q055
3435.7 27.1 2.777 -3.72 "" ""
3435.719 607.01214 2.166 -2.02 7.724 1109Ra0055
3435.732 607.01214 2.166 -2.096 7.724 1109Rb0045
3435.735 607.01214 2.166 -3.911 7.724 1109Qd0055
3435.738 607.01314 2.167 -1.651 7.724 1109Ra0155
3435.738 607.01314 2.167 -1.682 7.724 1109Rb0145
3435.747 27.0 3.051 -0.28 "" ""
3435.749 607.01314 2.167 -4.385 7.724 1109Qd0155
3435.75 25.0 4.243 -2.1 "" ""
3435.757 106.00112 0.806 -4.665 3.464 AX52Q085
3435.76 26.0 3.571 -3.04 "" ""
3435.77 106.00112 0.806 -6.522 3.464 AX52R085
3435.771 106.00113 0.75 -5.242 3.464 AX52P065
3435.781 106.00112 0.806 -7.366 3.464 CX12R085
3435.786 107.00114 0.495 -5.194 3.400 ""
3435.803 24.0 2.543 -1.44 "" ""
3435.818 106.00112 0.806 -7.273 3.464 CX12Q085
3435.82 26.0 4.1 -3.8 "" ""
3435.826 607.01314 2.321 -1.289 7.724 1109Rb0305
3435.828 106.00113 0.75 -6.491 3.464 AX52Q065
3435.834 24.0 2.543 -1.49 "" ""
3435.835 107.00114 1.028 -0.836 3.400 ""
3435.835 607.01314 2.321 -1.268 7.724 1109Ra0315
3435.847 607.01314 2.321 -4.606 7.724 1109Qd0315
3435.868 22.0 0.825 -3.75 "" ""
3435.874 106.00112 0.708 -9.106 3.464 AX30P195
3435.894 607.01314 2.161 -1.682 7.724 1109Ra0145
3435.894 607.01314 2.161 -1.715 7.724 1109Rb0135
3435.897 106.00112 1.092 -7.59 3.464 AX52R165
3435.903 607.01314 2.161 -4.36 7.724 1109Qd0145
3435.909 106.00112 0.806 -6.443 3.464 AX52P095
3435.916 23.0 2.682 -4.61 "" ""
3435.92 27.0 2.135 -3.98 "" ""
3435.921 106.00112 0.806 -4.606 3.464 AX52Q095
3435.932 106.00112 0.806 -6.211 3.464 CX12Q095
3435.964 73.0 1.393 -0.58 "" ""
3435.97 106.00112 0.806 -7.38 3.464 CX12P095
3435.977 90.1 0.0 -0.67 Nils02/6 ""
3435.984 106.00112 1.018 -7.334 3.464 AX41R195
3435.995 106.00112 1.368 -6.525 3.464 CX34R085
3436.01 106.00113 0.75 -5.241 3.464 AX52P065
3436.026 106.00113 0.75 -5.161 3.464 AX52P075
3436.03 607.01314 2.334 -1.268 7.724 1109Rb0315
3436.034 607.01214 2.164 -2.096 7.724 1109Ra0045
3436.036 26.0 3.265 -1.97 "" ""
3436.039 106.00112 1.018 -4.676 3.464 AX41Q195
3436.04 607.01314 2.334 -1.249 7.724 1109Ra0325
3436.043 106.00112 1.018 -4.618 3.464 AX41Q205
3436.043 607.01214 2.164 -2.186 7.724 1109Rb0035
3436.047 607.01214 2.164 -3.832 7.724 1109Qd0045
3436.048 107.00114 1.029 -5.09 3.400 ""
3436.051 607.01314 2.334 -4.613 7.724 1109Qd0325
3436.065 607.01314 2.155 -1.715 7.724 1109Ra0135
3436.065 607.01314 2.155 -1.75 7.724 1109Rb0125
3436.068 106.00113 0.75 -6.504 3.464 AX52Q065
3436.073 107.00114 1.029 -2.659 3.400 ""
3436.073 607.01314 2.155 -4.334 7.724 1109Qd0135
3436.078 23.0 0.04 -3.84 "" ""
3436.087 22.1 4.915 -3.4 "" ""
3436.093 66.1 2.385 0.78 "" ""
3436.098 106.00112 1.018 -7.081 3.464 AX41P205
3436.107 26.1 3.964 -2.27 "" ""
3436.111 24.0 3.977 -1.54 "" ""
3436.139 106.00112 0.807 -4.665 3.464 AX52Q085
3436.151 106.00112 0.807 -6.534 3.464 AX52R085
3436.155 106.00113 0.749 -6.534 3.464 CX12Q065
3436.155 27.0 1.739 -4.0 "" ""
3436.159 24.0 2.543 -0.73 "" ""
3436.191 24.0 2.543 0.11 "" ""
3436.191 24.0 3.077 -0.67 "" ""
3436.207 106.00112 0.433 -8.001 3.464 CX01R065
3436.213 106.00113 0.749 -7.317 3.464 CX12P075
3436.219 607.01314 2.171 -4.955 7.724 1008Qc0355
3436.238 106.00113 0.75 -5.162 3.464 AX52P075
3436.242 106.00112 0.433 -4.502 3.464 CX01Q065
3436.244 607.01314 2.171 -1.563 7.724 1008Pa0365
3436.251 607.01314 2.149 -1.75 7.724 1109Ra0125
3436.251 607.01314 2.149 -1.787 7.724 1109Rb0115
3436.255 106.00113 0.408 -4.543 3.464 CX01Q055
3436.257 106.00112 0.807 -6.434 3.464 AX52P095
3436.259 607.01314 2.149 -4.304 7.724 1109Qd0125
3436.264 607.01314 2.348 -1.249 7.724 1109Rb0325
3436.267 25.1 6.172 -2.81 "" ""
3436.268 106.00113 0.749 -7.613 3.464 CX12R065
3436.269 106.00112 0.807 -4.606 3.464 AX52Q095
3436.275 607.01314 2.348 -1.229 7.724 1109Ra0335
3436.277 24.1 4.38 -2.49 "" ""
3436.28 607.01314 2.171 -1.584 7.724 1008Pb0355
3436.286 607.01314 2.348 -4.62 7.724 1109Qd0335
3436.305 20.0 3.907 -3.19 "" ""
3436.327 106.00113 0.749 -7.364 3.464 CX12Q075
3436.357 106.00113 0.408 -7.739 3.464 CX01R055
3436.365 607.01214 2.162 -2.186 7.724 1109Ra0035
3436.37 106.00113 0.408 -6.665 3.464 CX01P065
3436.371 607.01214 2.162 -2.3 7.724 1109Rb0025
3436.373 26.0 3.684 -3.81 "" ""
3436.375 607.01214 2.162 -3.733 7.724 1109Qd0035
3436.392 23.1 2.375 -2.41 "" ""
3436.413 24.0 3.09 -4.82 "" ""
3436.414 106.00112 0.433 -4.477 3.464 CX01Q075
3436.437 107.00114 1.453 -2.071 3.400 ""
3436.449 106.00112 0.433 -6.714 3.464 CX01P075
3436.454 607.01314 2.145 -1.787 7.724 1109Ra0115
3436.454 607.01314 2.145 -1.827 7.724 1109Rb0105
3436.461 607.01314 2.145 -4.272 7.724 1109Qd0115
3436.472 106.00113 0.408 -4.502 3.464 CX01Q065
3436.494 23.1 5.829 -3.16 "" ""
3436.494 24.0 3.963 -3.49 "" ""
3436.508 106.00112 0.778 -7.479 3.464 CX12R075
3436.53 607.01314 2.362 -1.229 7.724 1109Rb0335
3436.541 106.00112 0.778 -7.363 3.464 CX12Q075
3436.542 607.01314 2.362 -1.21 7.724 1109Ra0345
3436.55 29.0 5.72 -1.41 "" ""
3436.552 607.01314 2.362 -4.626 7.724 1109Qd0345
3436.572 22.1 4.637 -1.97 "" ""
3436.59 107.00114 1.157 -3.822 3.400 ""
3436.6 106.00113 0.683 -8.111 3.464 AX41P135
3436.665 24.0 3.887 -3.29 "" ""
3436.671 607.01314 2.14 -1.827 7.724 1109Ra0105
3436.671 607.01314 2.14 -1.869 7.724 1109Rb0095
3436.672 25.1 4.685 -3.27 "" ""
3436.678 607.01314 2.14 -4.237 7.724 1109Qd0105
3436.68 106.00112 0.778 -7.273 3.464 CX12Q085
3436.68 107.00114 1.157 -2.942 3.400 ""
3436.712 607.01214 2.161 -2.3 7.724 1109Ra0025
3436.714 106.00112 0.778 -7.346 3.464 CX12P085
3436.716 607.01214 2.161 -2.457 7.724 1109Rb0015
3436.719 607.01214 2.161 -3.604 7.724 1109Qd0025
3436.727 90.0 0.479 -0.19 "" ""
3436.733 106.00113 0.727 -6.224 3.464 CX12Q055
3436.736 44.0 0.148 -0.02 "" ""
3436.752 21.0 2.294 -2.55 "" ""
3436.78 92.1 0.583 -0.84 "" ""
3436.814 107.00114 1.138 -1.009 3.400 ""
3436.816 22.0 2.406 -4.26 "" ""
3436.82 41.1 1.27 -1.3 Nilsson10 ""
3436.821 23.1 5.009 -2.8 "" ""
3436.829 607.01314 2.376 -1.21 7.724 1109Rb0345
3436.831 106.00113 0.727 -7.779 3.464 CX12R055
3436.845 106.00113 0.727 -7.29 3.464 CX12P065
3436.851 106.00112 0.71 -7.427 3.464 AX52P045
3436.852 607.01314 2.376 -4.631 7.724 1109Qd0355
3436.865 20.0 5.317 -4.51 "" ""
3436.874 23.0 0.262 -2.11 "" ""
3436.88 106.00112 1.22 -5.049 3.464 AX41R235
3436.881 42.0 2.075 -1.91 "" ""
3436.903 607.01314 2.136 -1.869 7.724 1109Ra0095
3436.903 607.01314 2.136 -1.916 7.724 1109Rb0085
3436.905 106.00112 1.22 -5.045 3.464 AX41R225
3436.91 607.01314 2.136 -4.198 7.724 1109Qd0095
3436.911 21.0 4.187 -2.71 "" ""
3436.911 21.0 4.187 -4.0 "" ""
3436.919 107.00114 1.262 -1.251 3.400 ""
3436.919 66.1 2.181 0.42 "" ""
3436.921 41.1 1.927 -0.24 "" ""
3436.94 106.00113 0.661 -6.607 3.464 CX12Q005
3436.942 106.00113 0.727 -6.535 3.464 CX12Q065
3436.953 27.0 3.131 -0.39 "" ""
3436.954 106.00112 1.22 -7.084 3.464 AX41Q235
3436.962 106.00113 0.661 -7.896 3.464 CX12R005
3436.972 107.00114 0.973 -0.783 3.400 ""
3436.983 106.00112 0.71 -7.442 3.464 AX52P045
3436.983 21.0 1.432 -5.19 "" ""
3437.015 77.0 0.783 -1.16 "" ""
3437.024 90.1 1.038 -0.82 "" ""
3437.028 107.00114 0.972 -0.766 3.400 ""
3437.036 106.00112 0.686 -8.111 3.464 AX41P135
3437.037 107.00114 0.972 -0.746 3.400 ""
3437.039 23.0 0.286 -6.67 "" ""
3437.045 26.0 3.045 -0.79 "" ""
3437.054 106.00113 1.223 -8.004 3.464 AX30R265
3437.055 607.01314 2.186 -4.958 7.724 1008Qc0365
3437.059 107.00114 0.973 -2.774 3.400 ""
3437.071 106.00113 0.388 -4.602 3.464 CX01Q045
3437.073 607.01214 2.16 -2.457 7.724 1109Ra0015
3437.078 607.01214 2.16 -2.713 7.724 1109Rb0005
3437.079 607.01214 2.16 -3.413 7.724 1109Qd0015
3437.081 107.00114 0.264 -3.405 3.400 ""
3437.081 607.01314 2.186 -1.542 7.724 1008Pa0375
3437.084 106.00113 1.223 -4.951 3.464 AX30Q275
3437.093 23.1 5.808 -4.74 "" ""
3437.109 26.0 2.557 -3.3 "" ""
3437.115 62.1 0.333 -1.23 "" ""
3437.117 607.01314 2.186 -1.563 7.724 1008Pb0365
3437.12 107.00114 1.138 -2.579 3.400 ""
3437.136 40.1 0.709 -0.46 "" ""
3437.151 607.01314 2.132 -1.916 7.724 1109Ra0085
3437.151 607.01314 2.132 -1.967 7.724 1109Rb0075
3437.153 107.00114 1.138 -0.985 3.400 ""
3437.157 106.00113 0.388 -7.515 3.464 CX01R045
3437.157 607.01314 2.132 -4.154 7.724 1109Qd0085
3437.167 106.00113 0.997 -4.901 3.464 CX23R035
3437.169 106.00112 0.752 -7.613 3.464 CX12R065
3437.175 106.00112 0.409 -7.738 3.464 CX01R055
3437.175 22.0 0.899 -4.88 "" ""
3437.198 106.00112 0.752 -6.534 3.464 CX12Q065
3437.206 106.00112 0.409 -4.543 3.464 CX01Q055
3437.213 42.0 2.079 0.11 "" ""
3437.222 106.00113 0.835 -4.607 3.464 AX52Q095
3437.228 106.00113 0.704 -9.106 3.464 AX30P195
3437.228 106.00113 0.708 -6.08 3.464 CX12Q045
3437.239 74.1 2.483 -1.46 "" ""
3437.24 106.00113 0.835 -6.568 3.464 AX52R095
3437.24 26.0 3.394 -2.58 "" ""
3437.241 106.00113 1.223 -5.037 3.464 AX30Q265
3437.255 106.00113 0.388 -6.606 3.464 CX01P055
3437.271 106.00113 1.223 -7.681 3.464 AX30P275
3437.277 28.0 0.0 -1.2 LAWLER ""
3437.279 23.0 2.073 -2.35 "" ""
3437.291 107.00114 0.972 -2.751 3.400 ""
3437.307 90.0 0.355 -0.21 "" ""
3437.31 106.00113 0.708 -7.999 3.464 CX12R045
3437.32 23.0 2.113 -3.91 "" ""
3437.322 107.00114 0.973 -5.336 3.400 ""
3437.34 106.00113 0.388 -4.543 3.464 CX01Q055
3437.347 107.00114 1.139 -4.682 3.400 ""
3437.356 106.00113 0.835 -6.466 3.464 AX52P105
3437.367 106.00112 0.752 -7.363 3.464 CX12Q075
3437.367 24.1 4.741 -4.83 "" ""
3437.374 106.00113 0.835 -4.551 3.464 AX52Q105
3437.387 27.0 1.954 -2.38 "" ""
3437.396 106.00112 0.752 -7.317 3.464 CX12P075
3437.403 106.00113 0.997 -7.888 3.464 CX23Q045
3437.405 106.00113 0.708 -7.264 3.464 CX12P055
3437.414 607.01314 2.129 -1.967 7.724 1109Ra0075
3437.414 607.01314 2.129 -2.025 7.724 1109Rb0065
3437.418 106.00112 0.409 -4.502 3.464 CX01Q065
3437.419 607.01314 2.129 -4.104 7.724 1109Qd0075
3437.444 27.0 3.131 -0.82 "" ""
3437.449 106.00112 0.409 -6.665 3.464 CX01P065
3437.453 607.01214 2.16 -2.713 7.724 1109Ra0005
3437.455 607.01214 2.16 -3.015 7.724 1109Qd0005
3437.46 106.00113 0.684 -8.152 3.464 AX41P135
3437.468 107.00114 1.138 -0.952 3.400 ""
3437.469 107.00114 1.262 -2.409 3.400 ""
3437.47 106.00113 0.997 -4.689 3.464 CX23R045
3437.487 106.00113 0.708 -6.224 3.464 CX12Q055
3437.497 77.0 1.995 -0.77 "" ""
3437.507 107.00114 0.888 -3.226 3.400 ""
3437.51 23.0 2.364 -4.06 "" ""
3437.513 22.0 2.115 -1.97 "" ""
3437.532 106.00113 0.97 -6.557 3.464 CX23R015
3437.536 107.00114 1.263 -1.22 3.400 ""
3437.541 25.1 4.685 -5.0 "" ""
3437.544 106.00113 0.339 -5.427 3.464 CX01Q005
3437.568 106.00113 0.339 -6.125 3.464 CX01R005
3437.569 21.0 1.952 -3.42 "" ""
3437.572 106.00112 1.02 -4.618 3.464 AX41Q205
3437.582 106.00112 1.02 -7.357 3.464 AX41R195
3437.624 26.0 2.431 -3.12 "" ""
3437.627 106.00112 1.02 -7.06 3.464 AX41P205
3437.627 107.00114 1.138 -4.786 3.400 ""
3437.628 106.00113 0.692 -6.033 3.464 CX12Q035
3437.632 69.1 2.053 -0.28 "" ""
3437.634 68.1 1.368 -0.47 "" ""
3437.637 106.00112 1.02 -4.676 3.464 AX41Q195
3437.646 25.1 4.689 -4.84 "" ""
3437.648 23.0 2.503 -7.06 "" ""
3437.66 107.00114 1.138 -2.543 3.400 ""
3437.662 21.0 2.301 -1.58 "" ""
3437.675 23.1 5.863 -3.25 "" ""
3437.678 106.00113 0.836 -4.607 3.464 AX52Q095
3437.681 107.00114 0.264 -4.839 3.400 ""
3437.692 607.01314 2.126 -2.025 7.724 1109Ra0065
3437.692 607.01314 2.126 -2.09 7.724 1109Rb0055
3437.695 106.00113 0.692 -8.32 3.464 CX12R035
3437.696 106.00113 0.836 -6.58 3.464 AX52R095
3437.696 607.01314 2.126 -4.047 7.724 1109Qd0065
3437.697 27.0 3.25 0.39 "" ""
3437.712 107.00114 0.264 -3.321 3.400 ""
3437.717 75.0 1.811 -0.34 "" ""
3437.737 106.00113 0.371 -4.684 3.464 CX01Q035
3437.752 24.0 2.542 -6.35 "" ""
3437.754 106.00112 0.729 -7.779 3.464 CX12R055
3437.763 23.0 1.871 -1.4 "" ""
3437.775 106.00113 0.836 -6.455 3.464 AX52P105
3437.78 106.00112 0.729 -6.223 3.464 CX12Q055
3437.793 106.00113 0.836 -4.551 3.464 AX52Q105
3437.807 106.00113 0.371 -7.311 3.464 CX01R035
3437.812 58.0 0.0 -0.36 "" ""
3437.892 106.00113 0.692 -7.233 3.464 CX12P045
3437.906 607.01314 2.202 -4.959 7.724 1008Qc0375
3437.91 106.00112 0.687 -8.152 3.464 AX41P135
3437.916 106.00113 0.679 -6.067 3.464 CX12Q025
3437.933 607.01314 2.202 -1.521 7.724 1008Pa0385
3437.949 26.0 3.265 -0.9 "" ""
3437.958 106.00113 0.692 -6.08 3.464 CX12Q045
3437.964 24.1 4.747 -1.85 "" ""
3437.967 106.00113 0.679 -8.915 3.464 CX12R025
3437.971 607.01314 2.202 -1.542 7.724 1008Pb0375
3437.983 607.01314 2.124 -2.09 7.724 1109Ra0055
3437.983 607.01314 2.124 -2.165 7.724 1109Rb0045
3437.986 106.00112 0.73 -6.534 3.464 CX12Q065
3437.987 106.00112 0.663 -7.896 3.464 CX12R005
3437.988 607.01314 2.124 -3.981 7.724 1109Qd0055
3437.993 106.00112 0.663 -6.607 3.464 CX12Q005
3438.0 23.0 1.847 -6.39 "" ""
3438.001 106.00112 0.389 -7.515 3.464 CX01R045
3438.011 106.00113 0.371 -6.53 3.464 CX01P045
3438.012 106.00112 0.73 -7.29 3.464 CX12P065
3438.028 106.00112 0.389 -4.601 3.464 CX01Q045
3438.035 25.1 4.689 -2.78 "" ""
3438.036 106.00113 0.669 -6.201 3.464 CX12Q015
3438.05 62.1 0.378 -1.11 LAWLER ""
3438.073 106.00113 0.669 -10.597 3.464 CX12R015
3438.081 106.00113 0.371 -4.602 3.464 CX01Q045
3438.087 24.1 7.375 -3.2 "" ""
3438.1 26.0 2.725 -3.99 "" ""
3438.112 106.00113 0.836 -7.247 3.464 AX41Q165
3438.142 106.00113 0.836 -5.171 3.464 AX41P165
3438.142 23.0 1.852 -4.96 "" ""
3438.164 24.0 2.542 -6.16 "" ""
3438.178 27.0 3.574 -1.82 "" ""
3438.18 22.0 1.878 -3.9 "" ""
3438.181 106.00113 0.836 -5.107 3.464 AX41P175
3438.191 107.00114 1.453 -2.172 3.400 ""
3438.231 40.1 0.095 0.41 Ljung06 ""
3438.233 106.00113 0.357 -4.802 3.464 CX01Q025
3438.236 106.00112 1.0 -4.901 3.464 CX23R035
3438.255 106.00112 0.71 -7.998 3.464 CX12R045
3438.255 607.01214 2.16 -3.015 7.724 1109Qc0005
3438.256 607.01214 2.16 -2.715 7.724 1109Pa0015
3438.258 107.00114 1.262 -1.166 3.400 ""
3438.261 24.1 4.916 -2.61 "" ""
3438.274 25.1 6.653 -4.67 "" ""
3438.277 106.00112 0.71 -6.08 3.464 CX12Q045
3438.287 106.00113 0.357 -7.115 3.464 CX01R025
3438.287 72.1 2.341 0.57 "" ""
3438.29 607.01314 2.121 -2.165 7.724 1109Ra0045
3438.29 607.01314 2.121 -2.256 7.724 1109Rb0035
3438.293 106.00112 0.389 -4.543 3.464 CX01Q055
3438.294 107.00114 1.453 -2.061 3.400 ""
3438.294 607.01314 2.121 -3.902 7.724 1109Qd0045
3438.298 23.0 0.267 -6.03 "" ""
3438.306 26.0 3.6 -0.39 "" ""
3438.308 106.00113 0.679 -7.189 3.464 CX12P035
3438.319 106.00112 0.389 -6.605 3.464 CX01P055
3438.334 107.00114 1.262 -4.26 3.400 ""
3438.353 107.00114 0.599 -3.336 3.400 ""
3438.354 24.1 4.29 -3.01 "" ""
3438.36 106.00113 0.679 -6.033 3.464 CX12Q035
3438.361 21.0 1.427 -6.15 "" ""
3438.371 44.0 0.997 -0.87 "" ""
3438.4 107.00114 1.263 -2.357 3.400 ""
3438.415 26.0 3.632 -2.9 "" ""
3438.417 107.00114 1.443 -2.834 3.400 ""
3438.421 23.0 1.871 -3.76 "" ""
3438.425 20.0 4.128 -4.63 "" ""
3438.431 72.0 0.684 -1.12 "" ""
3438.44 107.00114 1.443 -2.213 3.400 ""
3438.462 24.1 4.741 -6.6 "" ""
3438.473 27.0 3.051 -1.66 "" ""
3438.504 106.00112 0.34 -6.125 3.464 CX01R005
3438.504 21.0 1.427 -6.56 "" ""
3438.505 106.00113 0.347 -4.988 3.464 CX01Q015
3438.512 106.00112 0.34 -5.427 3.464 CX01Q005
3438.525 106.00112 1.0 -4.689 3.464 CX23R045
3438.534 106.00112 0.71 -6.223 3.464 CX12Q055
3438.538 107.00114 1.443 -2.131 3.400 ""
3438.544 106.00113 0.347 -6.912 3.464 CX01R015
3438.547 107.00114 0.888 -4.378 3.400 ""
3438.55 106.00112 1.0 -7.887 3.464 CX23Q045
3438.555 106.00112 0.71 -7.263 3.464 CX12P055
3438.586 23.1 5.791 -4.78 "" ""
3438.595 107.00114 0.833 -4.974 3.400 ""
3438.612 607.01314 2.12 -2.256 7.724 1109Ra0035
3438.612 607.01314 2.12 -2.37 7.724 1109Rb0025
3438.615 607.01314 2.12 -3.804 7.724 1109Qd0035
3438.618 107.00114 0.888 -3.116 3.400 ""
3438.631 106.00112 0.973 -6.557 3.464 CX23R015
3438.643 106.00113 0.358 -6.426 3.464 CX01P035
3438.657 107.00114 0.145 -5.411 3.400 ""
3438.661 106.00112 0.694 -8.32 3.464 CX12R035
3438.665 106.00113 0.669 -7.108 3.464 CX12P025
3438.676 106.00112 0.372 -7.311 3.464 CX01R035
3438.679 106.00112 0.694 -6.033 3.464 CX12Q035
3438.679 607.01214 2.161 -3.413 7.724 1109Qc0015
3438.682 607.01214 2.161 -2.46 7.724 1109Pa0025
3438.682 607.01214 2.161 -2.715 7.724 1109Pb0015
3438.697 106.00113 0.358 -4.684 3.464 CX01Q035
3438.698 106.00112 0.372 -4.684 3.464 CX01Q035
3438.702 106.00113 0.669 -6.067 3.464 CX12Q025
3438.705 27.0 2.04 -1.46 "" ""
3438.708 70.1 4.284 -0.88 "" ""
3438.715 24.1 4.747 -2.88 "" ""
3438.774 607.01314 2.218 -4.961 7.724 1008Qc0385
3438.787 26.1 7.113 -2.7 "" ""
3438.795 106.00112 1.222 -5.049 3.464 AX41R235
3438.801 607.01314 2.218 -1.5 7.724 1008Pa0395
3438.801 69.1 1.086 -0.62 "" ""
3438.82 24.0 2.542 -5.32 "" ""
3438.841 607.01314 2.218 -1.521 7.724 1008Pb0385
3438.846 106.00112 0.952 -4.8 3.464 AX52R125
3438.85 70.1 3.962 -0.58 "" ""
3438.864 23.0 1.798 -3.92 "" ""
3438.869 106.00112 1.222 -7.049 3.464 AX41Q235
3438.869 42.0 1.359 -0.91 "" ""
3438.897 106.00112 1.222 -5.045 3.464 AX41R225
3438.913 27.0 3.277 0.3 "" ""
3438.925 106.00112 0.952 -4.775 3.464 AX52R135
3438.944 66.1 1.661 0.47 "" ""
3438.946 106.00112 0.952 -6.56 3.464 AX52Q135
3438.949 607.01314 2.119 -2.37 7.724 1109Ra0025
3438.949 607.01314 2.119 -2.527 7.724 1109Rb0015
3438.95 607.01314 2.119 -3.674 7.724 1109Qd0025
3438.951 90.1 1.641 0.19 "" ""
3438.954 106.00112 0.681 -8.915 3.464 CX12R025
3438.968 106.00112 0.681 -6.067 3.464 CX12Q025
3438.974 25.1 1.174 -2.29 "" ""
3439.008 106.00112 0.694 -6.08 3.464 CX12Q045
3439.013 106.00113 0.663 -6.905 3.464 CX12P015
3439.025 106.00112 0.694 -7.233 3.464 CX12P045
3439.026 23.0 1.349 -3.09 "" ""
3439.035 106.00113 0.663 -6.198 3.464 CX12Q015
3439.036 26.0 2.725 -1.42 "" ""
3439.038 106.00112 0.372 -4.601 3.464 CX01Q045
3439.058 107.00114 0.599 -4.677 3.400 ""
3439.06 106.00112 0.372 -6.53 3.464 CX01P045
3439.079 106.00112 0.671 -10.597 3.464 CX12R015
3439.089 106.00112 0.671 -6.201 3.464 CX12Q015
3439.115 42.0 2.062 -1.46 "" ""
3439.119 607.01214 2.162 -3.604 7.724 1109Qc0025
3439.121 607.01214 2.162 -2.305 7.724 1109Pa0035
3439.122 107.00114 0.599 -3.244 3.400 ""
3439.124 607.01214 2.162 -2.46 7.724 1109Pb0025
3439.128 26.0 3.428 -3.98 "" ""
3439.143 106.00112 0.84 -7.247 3.464 AX41Q165
3439.163 106.00113 0.348 -6.265 3.464 CX01P025
3439.178 106.00112 0.84 -5.17 3.464 AX41P165
3439.181 106.00112 0.359 -7.115 3.464 CX01R025
3439.193 25.0 4.657 -4.4 "" ""
3439.198 106.00112 0.359 -4.801 3.464 CX01Q025
3439.202 106.00113 0.348 -4.801 3.464 CX01Q025
3439.21 64.1 0.382 0.08 LAWLER ""
3439.217 106.00112 0.84 -5.107 3.464 AX41P175
3439.268 24.0 4.183 -2.72 "" ""
3439.299 607.01314 2.118 -2.527 7.724 1109Ra0015
3439.299 607.01314 2.118 -2.783 7.724 1109Rb0005
3439.3 607.01314 2.118 -3.483 7.724 1109Qd0015
3439.302 22.0 1.459 -1.01 LAWLER ""
3439.304 26.0 3.394 -4.18 "" ""
3439.323 106.00113 0.837 -7.275 3.464 AX41Q165
3439.33 107.00114 1.097 -0.855 3.400 ""
3439.337 106.00113 0.837 -5.107 3.464 AX41P175
3439.352 106.00113 0.837 -5.171 3.464 AX41P165
3439.368 27.0 3.051 -3.71 "" ""
3439.384 21.0 1.952 -0.53 "" ""
3439.399 90.0 0.457 -0.8 "" ""
3439.404 20.0 1.886 -6.91 LAWLER ""
3439.411 106.00112 0.681 -6.033 3.464 CX12Q035
3439.416 23.1 2.274 -4.25 "" ""
3439.424 106.00112 0.681 -7.189 3.464 CX12P035
3439.46 106.00112 0.348 -6.911 3.464 CX01R015
3439.472 106.00112 0.348 -4.988 3.464 CX01Q015
3439.473 107.00114 1.097 -2.704 3.400 ""
3439.476 107.00114 1.097 -0.835 3.400 ""
3439.49 76.0 1.083 -1.63 "" ""
3439.529 24.0 3.963 -3.46 "" ""
3439.535 23.0 0.017 -4.59 "" ""
3439.551 42.0 2.513 -1.18 "" ""
3439.556 23.1 6.517 -0.83 "" ""
3439.575 607.01214 2.164 -3.734 7.724 1109Qc0035
3439.576 107.00114 1.097 -0.812 3.400 ""
3439.579 607.01214 2.164 -2.192 7.724 1109Pa0045
3439.582 607.01214 2.164 -2.305 7.724 1109Pb0035
3439.585 106.00112 0.952 -4.8 3.464 AX52R125
3439.588 25.0 2.951 -3.57 "" ""
3439.598 106.00112 1.345 -6.532 3.464 CX34R075
3439.616 106.00112 0.952 -4.775 3.464 AX52R135
3439.625 106.00113 0.341 -5.949 3.464 CX01P015
3439.625 24.1 4.747 -5.38 "" ""
3439.637 106.00112 0.952 -6.538 3.464 AX52Q135
3439.648 106.00113 0.341 -4.987 3.464 CX01Q015
3439.658 106.00112 0.359 -4.684 3.464 CX01Q035
3439.658 607.01314 2.234 -4.961 7.724 1008Qc0395
3439.664 607.01314 2.117 -2.783 7.724 1109Ra0005
3439.665 607.01314 2.117 -3.085 7.724 1109Qd0005
3439.668 24.1 4.741 -4.66 "" ""
3439.67 25.0 2.951 -3.07 "" ""
3439.675 106.00112 0.359 -6.426 3.464 CX01P035
3439.682 106.00113 1.226 -4.952 3.464 AX30Q275
3439.686 24.0 3.977 -4.17 "" ""
3439.686 607.01314 2.234 -1.479 7.724 1008Pa0405
3439.689 106.00113 1.226 -7.654 3.464 AX30P275
3439.712 90.1 1.286 0.03 "" ""
3439.723 68.1 0.636 -1.98 LAWLER ""
3439.727 607.01314 2.234 -1.5 7.724 1008Pb0395
3439.739 106.00113 1.226 -8.034 3.464 AX30R265
3439.745 106.00113 1.226 -5.037 3.464 AX30Q265
3439.755 106.00112 0.672 -6.066 3.464 CX12Q025
3439.764 106.00112 0.672 -7.108 3.464 CX12P025
3439.781 107.00114 1.097 -5.145 3.400 ""
3439.784 107.00114 1.097 -2.678 3.400 ""
3439.79 64.1 0.425 -0.11 LAWLER ""
3439.828 28.0 3.737 -3.2 "" ""
3439.828 58.1 0.559 -0.51 "" ""
3439.831 42.0 2.913 -1.0 "" ""
3439.868 26.0 3.6 -0.43 "" ""
3439.92 41.1 0.98 -1.04 Nilsson10 ""
3439.953 26.0 3.036 -7.14 "" ""
3439.967 106.00113 0.984 -5.165 3.464 CX23R025
3439.974 23.0 2.129 -2.06 "" ""
3439.99 64.1 0.24 0.21 LAWLER ""
3439.994 23.1 5.863 -4.45 "" ""
3439.994 24.0 2.98 -3.52 "" ""
3440.018 23.0 2.364 -4.29 "" ""
3440.029 25.0 3.769 -1.51 "" ""
3440.047 607.01214 2.166 -3.832 7.724 1109Qc0045
3440.053 607.01214 2.166 -2.103 7.724 1109Pa0055
3440.057 607.01214 2.166 -2.192 7.724 1109Pb0045
3440.089 106.00112 0.665 -6.198 3.464 CX12Q015
3440.095 106.00112 0.665 -6.904 3.464 CX12P015
3440.142 106.00113 0.661 -6.608 3.464 CX12Q005
3440.163 21.0 1.968 -3.53 "" ""
3440.166 106.00112 0.349 -4.801 3.464 CX01Q025
3440.179 106.00112 0.349 -6.265 3.464 CX01P025
3440.216 25.0 4.27 -2.27 "" ""
3440.224 44.0 0.927 -0.99 "" ""
3440.244 21.1 3.818 -2.63 "" ""
3440.251 26.1 4.734 -3.34 "" ""
3440.283 106.00113 0.992 -4.782 3.464 AX52R135
3440.306 26.0 2.856 -4.26 "" ""
3440.312 107.00114 1.056 -0.762 3.400 ""
3440.312 73.1 1.796 0.54 "" ""
3440.325 107.00114 1.056 -0.726 3.400 ""
3440.329 106.00113 0.985 -7.743 3.464 CX23Q035
3440.334 107.00114 1.056 -0.746 3.400 ""
3440.353 107.00114 1.056 -2.787 3.400 ""
3440.361 106.00113 0.992 -4.762 3.464 AX52R145
3440.367 106.00112 0.841 -7.275 3.464 AX41Q165
3440.372 106.00113 0.992 -6.578 3.464 AX52Q145
3440.379 106.00112 0.841 -5.107 3.464 AX41P175
3440.383 106.00113 0.985 -4.898 3.464 CX23R035
3440.4 65.1 0.796 0.3 LAWNOHFS ""
3440.401 106.00112 0.841 -5.17 3.464 AX41P165
3440.426 40.0 0.0 -1.04 "" ""
3440.437 607.01314 2.118 -2.785 7.724 1109Pa0015
3440.437 607.01314 2.118 -3.085 7.724 1109Qc0005
3440.448 66.1 2.351 0.59 "" ""
3440.487 26.0 3.394 -6.95 "" ""
3440.491 29.0065 1.641 -4.804 KURHFS ""
3440.493 29.0063 1.641 -4.804 KURHFS ""
3440.498 29.0065 1.641 -4.6 KURHFS ""
3440.498 29.0065 1.641 -4.804 KURHFS ""
3440.498 29.0065 1.641 -5.202 KURHFS ""
3440.5 29.0063 1.641 -4.6 KURHFS ""
3440.5 29.0063 1.641 -4.804 KURHFS ""
3440.5 29.0063 1.641 -5.202 KURHFS ""
3440.51 62.1 0.659 -0.9 LAWLER ""
3440.514 29.0063 1.641 -4.503 KURHFS ""
3440.514 29.0063 1.641 -4.6 KURHFS ""
3440.514 29.0063 1.641 -4.658 KURHFS ""
3440.514 29.0065 1.641 -4.503 KURHFS ""
3440.514 29.0065 1.641 -4.6 KURHFS ""
3440.514 29.0065 1.641 -4.658 KURHFS ""
3440.535 607.01214 2.169 -3.912 7.724 1109Qc0055
3440.536 29.0063 1.641 -4.056 KURHFS ""
3440.536 29.0063 1.641 -4.658 KURHFS ""
3440.536 45.0 1.997 1.07 "" ""
3440.538 29.0065 1.641 -4.056 KURHFS ""
3440.538 29.0065 1.641 -4.658 KURHFS ""
3440.54 607.01214 2.169 -2.028 7.724 1109Pa0065
3440.547 607.01214 2.169 -2.103 7.724 1109Pb0055
3440.558 607.01314 2.251 -4.962 7.724 1008Qc0405
3440.58 41.1 1.03 -0.69 Nilsson10 ""
3440.583 107.00114 1.056 -2.766 3.400 ""
3440.589 106.00112 0.752 -5.24 3.464 AX52P065
3440.593 76.0 1.367 -0.94 "" ""
3440.602 107.00114 1.056 -5.378 3.400 ""
3440.606 26.0 0.0 -0.67 OBR91 ""
3440.61 27.1 5.462 -1.99 "" ""
3440.615 106.00112 0.342 -4.987 3.464 CX01Q015
3440.622 106.00112 0.342 -5.949 3.464 CX01P015
3440.631 607.01314 2.251 -1.479 7.724 1008Pb0405
3440.633 106.00112 0.752 -6.49 3.464 AX52Q065
3440.635 24.0 3.844 -3.1 "" ""
3440.656 106.00112 0.992 -7.988 3.464 AX30Q235
3440.663 27.0 3.064 -4.74 "" ""
3440.704 106.00112 0.992 -5.559 3.464 AX30P245
3440.73 106.00112 0.992 -5.656 3.464 AX30P235
3440.742 26.0 2.756 -2.11 "" ""
3440.752 25.0 3.769 -1.89 "" ""
3440.765 24.1 4.473 -3.14 "" ""
3440.817 63.1 3.377 0.24 "" ""
3440.832 106.00112 0.752 -5.16 3.464 AX52P075
3440.832 106.00112 0.752 -5.24 3.464 AX52P065
3440.844 607.01314 2.119 -3.483 7.724 1109Qc0015
3440.845 607.01314 2.119 -2.53 7.724 1109Pa0025
3440.845 607.01314 2.119 -2.785 7.724 1109Pb0015
3440.859 107.00114 1.467 -1.807 3.400 ""
3440.861 26.1 7.123 -2.91 "" ""
3440.865 22.0 0.818 -3.44 "" ""
3440.874 26.0 3.428 -3.85 "" ""
3440.876 106.00112 0.752 -6.503 3.464 AX52Q065
3440.925 106.00113 0.339 -5.427 3.464 CX01Q005
3440.927 66.1 2.091 1.12 "" ""
3440.962 107.00114 1.191 -0.974 3.400 ""
3440.968 25.1 4.689 -4.02 "" ""
3440.989 26.0 0.052 -0.96 OBR91 ""
3440.991 63.1 1.249 -0.85 "" ""
3440.997 42.0 1.334 -1.22 "" ""
3441.036 90.1 1.203 -0.66 "" ""
3441.039 607.01214 2.172 -3.978 7.724 1109Qc0065
3441.046 607.01214 2.172 -1.965 7.724 1109Pa0075
3441.048 106.00112 0.752 -5.16 3.464 AX52P075
3441.053 106.00112 0.988 -5.164 3.464 CX23R025
3441.054 24.1 2.541 -4.35 "" ""
3441.055 607.01214 2.172 -2.028 7.724 1109Pb0065
3441.074 106.00113 0.727 -7.396 3.464 AX52P055
3441.076 22.0 1.066 -2.18 "" ""
3441.112 24.0 2.542 -0.62 "" ""
3441.114 27.0 3.213 -2.33 "" ""
3441.118 106.00113 0.992 -4.782 3.464 AX52R135
3441.13 68.1 0.055 -0.58 LAWLER ""
3441.146 106.00113 0.992 -4.763 3.464 AX52R145
3441.156 106.00113 0.992 -6.555 3.464 AX52Q145
3441.157 42.0 2.079 -2.27 "" ""
3441.163 22.0 1.501 -1.79 LAWLER ""
3441.171 25.0 4.255 -1.55 "" ""
3441.174 107.00114 1.297 -1.193 3.400 ""
3441.196 42.0 2.678 -0.96 "" ""
3441.197 106.00112 0.663 -6.608 3.464 CX12Q005
3441.207 58.1 0.357 -0.5 BIEMONT ""
3441.231 107.00114 1.453 -1.84 3.400 ""
3441.232 107.00114 1.453 -3.099 3.400 ""
3441.24 27.0 3.25 -1.36 "" ""
3441.241 107.00114 1.191 -2.602 3.400 ""
3441.251 25.0 4.682 -1.22 "" ""
3441.255 106.00113 0.727 -7.414 3.464 AX52P055
3441.259 107.00114 1.191 -0.951 3.400 ""
3441.266 607.01314 2.12 -3.674 7.724 1109Qc0025
3441.269 607.01314 2.12 -2.375 7.724 1109Pa0035
3441.269 607.01314 2.12 -2.53 7.724 1109Pb0025
3441.277 26.1 7.123 -2.45 "" ""
3441.292 25.0 3.769 -2.78 "" ""
3441.336 107.00114 1.453 -2.076 3.400 ""
3441.358 25.1 4.689 -4.22 "" ""
3441.365 90.1 0.829 -1.03 "" ""
3441.37 26.0 3.015 -3.25 "" ""
3441.391 46.0 1.452 0.34 "" ""
3441.396 23.0 1.847 -6.54 "" ""
3441.434 28.0 3.652 -4.24 "" ""
3441.435 24.0 2.543 0.04 "" ""
3441.441 24.0 2.706 -4.73 "" ""
3441.444 42.0 1.53 -0.89 "" ""
3441.45 66.1 0.1 -0.55 LAWLER ""
3441.454 106.00112 0.988 -4.898 3.464 CX23R035
3441.467 24.0 2.543 -0.71 "" ""
3441.468 25.1 6.663 -2.83 "" ""
3441.475 106.00112 0.988 -7.743 3.464 CX23Q035
3441.5 69.1 0.029 -0.3 LAWLER ""
3441.518 107.00114 1.191 -0.921 3.400 ""
3441.56 607.01214 2.175 -4.035 7.724 1109Qc0075
3441.565 24.1 5.658 -5.12 "" ""
3441.566 607.01214 2.175 -1.909 7.724 1109Pa0085
3441.578 607.01214 2.175 -1.965 7.724 1109Pb0075
3441.591 23.0 0.275 -5.11 "" ""
3441.594 24.0 3.889 -2.49 "" ""
3441.636 21.0 2.294 -1.85 "" ""
3441.653 22.0 1.872 -1.18 "" ""
3441.658 107.00114 1.297 -2.443 3.400 ""
3441.668 107.00114 1.191 -4.862 3.400 ""
3441.683 25.0 4.682 -2.96 "" ""
3441.685 107.00114 1.191 -2.568 3.400 ""
3441.703 607.01314 2.121 -3.804 7.724 1109Qc0035
3441.706 607.01314 2.121 -2.263 7.724 1109Pa0045
3441.706 607.01314 2.121 -2.375 7.724 1109Pb0035
3441.717 23.0 0.267 -6.62 "" ""
3441.72 107.00114 1.297 -1.164 3.400 ""
3441.755 107.00114 1.178 -3.112 3.400 ""
3441.795 25.0 4.675 -2.75 "" ""
3441.796 64.1 0.427 -1.11 "" ""
3441.816 22.0 2.101 -1.8 "" ""
3441.838 72.0 1.826 -0.16 "" ""
3441.839 23.0 2.372 -6.59 "" ""
3441.839 25.1 4.689 -5.03 "" ""
3441.869 42.0 2.274 -1.15 "" ""
3441.894 106.00112 0.34 -5.427 3.464 CX01Q005
3441.907 26.1 5.507 -2.6 "" ""
3441.96 23.0 1.929 -7.2 "" ""
3441.982 25.1055 1.775 -1.668 LAWHFS ""
3441.983 25.1055 1.775 -1.492 LAWHFS ""
3441.983 25.1055 1.775 -1.969 LAWHFS ""
3441.984 25.1055 1.775 -1.329 LAWHFS ""
3441.984 25.1055 1.775 -1.786 LAWHFS ""
3441.984 25.1055 1.775 -2.923 LAWHFS ""
3441.987 25.1055 1.775 -1.183 LAWHFS ""
3441.987 25.1055 1.775 -1.727 LAWHFS ""
3441.987 25.1055 1.775 -2.815 LAWHFS ""
3441.989 25.1055 1.775 -1.052 LAWHFS ""
3441.989 25.1055 1.775 -1.761 LAWHFS ""
3441.989 25.1055 1.775 -2.923 LAWHFS ""
3441.992 25.1055 1.775 -0.932 LAWHFS ""
3441.992 25.1055 1.775 -1.944 LAWHFS ""
3441.992 25.1055 1.775 -3.267 LAWHFS ""
3441.997 23.0 1.042 -4.01 "" ""
3441.997 23.0 2.357 -5.74 "" ""
3442.035 28.0 3.417 -0.21 "" ""
3442.096 607.01214 2.179 -4.085 7.724 1109Qc0085
3442.103 607.01214 2.179 -1.859 7.724 1109Pa0095
3442.117 607.01214 2.179 -1.909 7.724 1109Pb0085
3442.141 26.0 3.651 -0.7 "" ""
3442.154 607.01314 2.124 -3.902 7.724 1109Qc0045
3442.157 607.01314 2.124 -2.173 7.724 1109Pa0055
3442.157 607.01314 2.124 -2.263 7.724 1109Pb0045
3442.175 22.0 0.899 -4.02 "" ""
3442.197 107.00114 1.467 -2.195 3.400 ""
3442.209 106.00113 0.663 -5.687 3.464 CX12P015
3442.22 26.1 3.964 -2.45 "" ""
3442.273 24.0 2.707 -3.43 "" ""
3442.276 22.0 2.248 -5.6 "" ""
3442.291 107.00114 1.467 -1.784 3.400 ""
3442.31 23.0 1.871 -1.22 "" ""
3442.335 107.00114 1.297 -1.116 3.400 ""
3442.362 26.0 2.277 -1.39 "" ""
3442.383 58.1 0.559 -0.51 "" ""
3442.421 107.00114 1.297 -4.381 3.400 ""
3442.453 26.0 3.366 -2.23 "" ""
3442.483 107.00114 1.297 -2.396 3.400 ""
3442.503 66.1 2.314 0.33 "" ""
3442.531 25.1 5.544 -1.8 "" ""
3442.551 28.0 3.652 -0.63 "" ""
3442.579 90.0 0.615 -0.45 "" ""
3442.599 28.0 3.696 -0.34 "" ""
3442.601 24.0 3.102 -1.61 "" ""
3442.619 607.01314 2.126 -3.982 7.724 1109Qc0055
3442.623 607.01314 2.126 -2.099 7.724 1109Pa0065
3442.623 607.01314 2.126 -2.173 7.724 1109Pb0055
3442.633 45.0 1.782 -0.75 "" ""
3442.645 26.0 3.263 -3.74 "" ""
3442.649 607.01214 2.183 -4.129 7.724 1109Qc0095
3442.651 41.0 1.094 -0.76 "" ""
3442.656 607.01214 2.183 -1.814 7.724 1109Pa0105
3442.663 42.0 2.494 -0.81 "" ""
3442.665 23.0 1.852 -5.48 "" ""
3442.668 26.0 3.036 -7.54 "" ""
3442.669 26.0 0.957 -2.66 OBR91 ""
3442.672 607.01214 2.183 -1.859 7.724 1109Pb0095
3442.683 68.0 0.954 0.82 "" ""
3442.734 106.00113 0.975 -5.538 3.464 CX23R015
3442.746 25.0 4.243 -1.33 "" ""
3442.763 26.0 3.637 -3.7 "" ""
3442.788 26.1 3.886 -4.29 "" ""
3442.797 41.0 1.499 -0.66 "" ""
3442.804 26.0 3.544 -5.46 "" ""
3442.837 106.00112 0.994 -5.559 3.464 AX30P245
3442.872 106.00112 0.994 -8.026 3.464 AX30Q235
3442.873 25.1 6.568 -4.29 "" ""
3442.885 28.0 3.652 -3.48 "" ""
3442.894 106.00112 0.838 -4.606 3.464 AX52Q095
3442.896 23.0 1.802 -3.09 "" ""
3442.898 106.00112 0.838 -6.566 3.464 AX52R095
3442.901 27.1 5.171 -6.41 "" ""
3442.905 27.0059 0.174 -3.108 Lawle15HFS ""
3442.91 27.0059 0.174 -2.68 Lawle15HFS ""
3442.914 27.0059 0.174 -2.43 Lawle15HFS ""
3442.917 27.0059 0.174 -2.254 Lawle15HFS ""
3442.918 27.0059 0.174 -2.243 Lawle15HFS ""
3442.919 27.0059 0.174 -2.082 Lawle15HFS ""
3442.92 23.0 1.08 -3.39 "" ""
3442.921 27.0059 0.174 -2.09 Lawle15HFS ""
3442.922 27.0059 0.174 -2.254 Lawle15HFS ""
3442.929 27.0059 0.174 -2.555 Lawle15HFS ""
3442.93 22.0 1.886 -2.22 "" ""
3442.931 27.0059 0.174 -2.116 Lawle15HFS ""
3442.931 27.0 3.25 -0.71 "" ""
3442.932 27.0059 0.174 -1.617 Lawle15HFS ""
3442.932 27.0059 0.174 -1.833 Lawle15HFS ""
3442.944 25.1 6.653 -2.49 "" ""
3442.945 106.00112 0.994 -5.656 3.464 AX30P235
3442.947 22.0 2.486 -6.24 "" ""
3442.949 92.0 0.0 -0.27 "" ""
3442.954 58.1 0.634 -0.77 "" ""
3442.964 75.0 2.02 -0.87 "" ""
3442.967 26.0 3.263 -3.23 "" ""
3442.968 26.0 3.544 -4.04 "" ""
3442.969 21.0 1.432 -5.7 "" ""
3442.974 26.0 3.069 -1.59 "" ""
3442.978 27.0 1.784 -2.1 "" ""
3442.992 69.0 1.892 0.69 "" ""
3442.992 74.0 1.507 -0.43 "" ""
3442.999 106.00113 0.341 -4.776 3.464 CX01P015
3443.025 23.1 6.529 -0.47 "" ""
3443.029 106.00112 0.838 -6.464 3.464 AX52P105
3443.031 28.0 3.477 -0.75 "" ""
3443.034 106.00112 0.838 -4.55 3.464 AX52Q105
3443.039 24.1 4.313 -2.93 "" ""
3443.043 26.0 3.045 -3.08 "" ""
3443.055 25.1 5.544 -2.56 "" ""
3443.063 24.0 3.847 -2.91 "" ""
3443.099 607.01314 2.129 -4.048 7.724 1109Qc0065
3443.104 607.01314 2.129 -2.035 7.724 1109Pa0075
3443.104 607.01314 2.129 -2.099 7.724 1109Pb0065
3443.108 90.1 1.165 -0.97 "" ""
3443.172 20.0 4.128 -4.15 "" ""
3443.173 107.00114 1.168 -0.83 3.400 ""
3443.219 607.01214 2.188 -4.169 7.724 1109Qc0105
3443.226 607.01214 2.188 -1.773 7.724 1109Pa0115
3443.243 607.01214 2.188 -1.814 7.724 1109Pb0105
3443.26 42.0 1.419 -0.95 "" ""
3443.279 28.0 3.741 -3.15 "" ""
3443.287 107.00114 1.168 -2.721 3.400 ""
3443.292 106.00112 0.665 -5.687 3.464 CX12P015
3443.303 107.00114 1.168 -0.811 3.400 ""
3443.31 60.1 0.63 -0.55 "" ""
3443.324 106.00113 0.976 -7.511 3.464 CX23Q025
3443.348 21.0 2.301 -4.19 "" ""
3443.351 24.0 2.708 -3.61 "" ""
3443.355 106.00113 0.775 -5.141 3.464 AX52P075
3443.357 106.00112 0.839 -4.605 3.464 AX52Q095
3443.361 106.00112 0.839 -6.579 3.464 AX52R095
3443.367 106.00113 0.976 -5.158 3.464 CX23R025
3443.371 22.1 2.046 -1.21 LAWLER ""
3443.376 107.00114 1.168 -0.789 3.400 ""
3443.401 106.00113 0.775 -6.522 3.464 AX52Q075
3443.408 23.1 4.98 -3.07 "" ""
3443.416 107.00114 1.178 -4.015 3.400 ""
3443.419 27.0 3.051 -0.33 "" ""
3443.455 106.00112 0.839 -6.454 3.464 AX52P105
3443.459 106.00112 0.839 -4.55 3.464 AX52Q105
3443.475 66.1 2.6 0.83 "" ""
3443.486 106.00113 0.986 -7.988 3.464 AX30Q235
3443.5 107.00114 1.178 -2.982 3.400 ""
3443.507 106.00113 0.986 -5.655 3.464 AX30P235
3443.521 21.0 2.292 -2.75 "" ""
3443.525 106.00113 0.986 -5.558 3.464 AX30P245
3443.545 106.00112 1.324 -6.538 3.464 CX34R065
3443.562 40.1 0.972 -0.91 Ljung06 ""
3443.573 106.00113 0.775 -5.069 3.464 AX52P085
3443.593 607.01314 2.132 -4.105 7.724 1109Qc0075
3443.599 607.01314 2.132 -1.979 7.724 1109Pa0085
3443.599 607.01314 2.132 -2.035 7.724 1109Pb0075
3443.623 107.00114 1.168 -5.196 3.400 ""
3443.63 27.0059 0.513 -1.332 Lawle15HFS ""
3443.63 27.0059 0.513 -1.398 Lawle15HFS ""
3443.631 27.0059 0.513 -1.326 Lawle15HFS ""
3443.631 27.0059 0.513 -1.536 Lawle15HFS ""
3443.632 27.0059 0.513 -1.39 Lawle15HFS ""
3443.632 27.0059 0.513 -1.816 Lawle15HFS ""
3443.634 26.1 6.221 -4.38 "" ""
3443.634 27.0059 0.513 -1.594 Lawle15HFS ""
3443.635 27.0059 0.513 -2.837 Lawle15HFS ""
3443.636 27.0059 0.513 -2.138 Lawle15HFS ""
3443.637 27.0059 0.513 -1.816 Lawle15HFS ""
3443.638 27.0059 0.513 -1.691 Lawle15HFS ""
3443.639 107.00114 1.168 -2.695 3.400 ""
3443.64 27.0059 0.513 -1.536 Lawle15HFS ""
3443.641 27.0059 0.513 -1.36 Lawle15HFS ""
3443.643 22.0 1.442 -1.16 LAWLER ""
3443.644 27.0059 0.513 -1.097 Lawle15HFS ""
3443.644 27.0059 0.513 -1.398 Lawle15HFS ""
3443.647 107.00114 1.142 -0.707 3.400 ""
3443.647 107.00114 1.142 -0.726 3.400 ""
3443.647 107.00114 1.142 -0.742 3.400 ""
3443.648 27.0059 0.513 -0.878 Lawle15HFS ""
3443.649 27.0059 0.513 -1.332 Lawle15HFS ""
3443.651 25.0 4.255 -3.22 "" ""
3443.652 27.0059 0.513 -0.691 Lawle15HFS ""
3443.654 27.0059 0.513 -1.326 Lawle15HFS ""
3443.659 25.0 4.824 -1.82 "" ""
3443.66 27.0059 0.513 -1.39 Lawle15HFS ""
3443.662 106.00113 0.775 -5.141 3.464 AX52P075
3443.666 27.0059 0.513 -1.594 Lawle15HFS ""
3443.679 107.00114 1.142 -2.8 3.400 ""
3443.707 106.00113 0.775 -6.537 3.464 AX52Q075
3443.728 24.0 3.085 -1.05 "" ""
3443.748 23.0 2.563 -4.35 "" ""
3443.75 68.1 1.56 -0.36 "" ""
3443.771 26.1 6.724 -3.93 "" ""
3443.783 24.0 2.965 -0.43 "" ""
3443.805 607.01214 2.193 -4.204 7.724 1109Qc0115
3443.813 607.01214 2.193 -1.734 7.724 1109Pa0125
3443.824 24.1 4.747 -4.93 "" ""
3443.828 26.1 2.275 -3.27 "" ""
3443.832 607.01214 2.193 -1.773 7.724 1109Pb0115
3443.836 106.00112 0.978 -5.538 3.464 CX23R015
3443.845 23.0 2.614 -1.57 "" ""
3443.846 6.0 7.477 -4.61 "" ""
3443.849 106.00113 0.776 -5.069 3.464 AX52P085
3443.877 26.0 0.087 -1.37 OBR91 ""
3443.902 107.00114 1.142 -2.779 3.400 ""
3443.912 107.00114 1.453 -3.111 3.400 ""
3443.934 107.00114 1.142 -5.418 3.400 ""
3443.958 26.0 3.544 -6.05 "" ""
3443.986 21.0 1.968 -0.39 "" ""
3443.999 106.00112 0.342 -4.776 3.464 CX01P015
3444.1 26.0 3.684 -7.14 "" ""
3444.102 607.01314 2.136 -4.155 7.724 1109Qc0085
3444.109 607.01314 2.136 -1.93 7.724 1109Pa0095
3444.109 607.01314 2.136 -1.98 7.724 1109Pb0085
3444.119 24.1 7.381 -2.79 "" ""
3444.143 26.0 3.544 -6.32 "" ""
3444.152 24.0 3.11 -4.61 "" ""
3444.173 23.1 2.508 -2.68 "" ""
