wavelength species excitation loggf disassociation_energy comment
3952.67 26.0 4.14 -0.91 "" ""
3952.693 44.0 2.006 -0.1 "" ""
3952.696 26.0 2.843 -1.39 "" ""
3952.713 28.0 3.652 -2.2 "" ""
3952.724 106.00112 0.644 -4.518 3.464 AX10P195
3952.731 106.00112 0.644 -9.322 3.464 AX10Q185
3952.738 6.0 7.94 -4.2 "" ""
3952.741 106.00112 0.191 -1.441 3.464 BX00P095
3952.761 90.0 0.479 -1.21 "" ""
3952.762 607.01314 2.814 -3.282 7.724 1212Qc0145
3952.766 76.0 1.746 -1.56 "" ""
3952.78 607.01314 2.814 -0.619 7.724 1212Pa0155
3952.781 106.00112 0.191 -7.258 3.464 BX00Q095
3952.801 106.00112 0.644 -4.495 3.464 AX10P185
3952.802 25.0 4.682 -3.5 "" ""
3952.815 607.01214 2.82 -1.974 7.724 1212Qd0005
3952.816 607.01214 2.82 -1.672 7.724 1212Ra0005
3952.827 27.0 2.868 -4.3 "" ""
3952.834 25.0 4.191 -0.24 "" ""
3952.845 21.1 7.466 -4.5 "" ""
3952.86 60.1 0.182 -0.67 LAWLER ""
3952.875 607.01314 2.814 -0.649 7.724 1212Pb0145
3952.882 24.0 4.444 -3.28 "" ""
3952.918 27.0 0.922 -1.38 LAWNHFS ""
3952.92 24.0 3.008 -2.75 "" ""
3952.932 74.0 2.386 -0.2 "" ""
3952.938 24.0 3.548 -2.24 "" ""
3952.966 106.00112 0.412 -1.109 3.464 BX00Q145
3952.974 106.00112 0.191 -1.415 3.464 BX00P105
3953.008 106.00112 0.412 -4.413 3.464 BX00P155
3953.026 106.00112 0.412 -4.438 3.464 BX00R145
3953.073 41.0 1.368 -0.67 "" ""
3953.082 106.00112 0.412 -1.099 3.464 BX00Q155
3953.151 24.0 3.963 -3.94 "" ""
3953.152 26.0 3.015 -1.11 "" ""
3953.156 74.0 2.456 0.01 "" ""
3953.171 24.0 3.011 -1.03 "" ""
3953.182 106.00113 0.64 -4.517 3.464 AX10P195
3953.19 66.0 1.488 0.27 "" ""
3953.192 106.00113 0.64 -9.322 3.464 AX10Q185
3953.246 106.00112 1.0 -5.18 3.464 AX43R045
3953.254 25.0 3.37 -5.83 "" ""
3953.26 106.00113 0.64 -4.495 3.464 AX10P185
3953.299 106.00113 1.589 -5.116 3.464 AX43R205
3953.337 106.00112 1.0 -5.164 3.464 AX43R045
3953.366 64.0 0.066 -0.54 "" ""
3953.38 106.00113 1.57 -2.348 3.464 AX32R235
3953.38 60.1 0.38 -0.97 LAWLER ""
3953.382 25.0 5.38 -3.73 "" ""
3953.39 21.1 7.477 -1.75 "" ""
3953.399 24.0 3.085 -6.28 "" ""
3953.403 106.00113 1.57 -2.269 3.464 AX32R245
3953.424 106.00113 1.57 -4.904 3.464 AX32Q245
3953.457 22.1 4.959 -3.72 "" ""
3953.459 607.01314 2.821 -3.31 7.724 1212Qc0155
3953.478 607.01314 2.821 -0.592 7.724 1212Pa0165
3953.496 26.0 3.544 -2.92 "" ""
3953.51 60.1 0.471 -0.39 LAWLER ""
3953.511 59.1 0.55 0.14 "" ""
3953.555 607.01314 2.821 -0.62 7.724 1212Pb0155
3953.575 92.1 0.284 -1.12 "" ""
3953.6 27.0 2.628 -3.04 "" ""
3953.606 25.1 5.344 -4.33 "" ""
3953.631 24.1 4.747 -6.42 "" ""
3953.637 78.0 1.92 -3.47 DH05nohfs ""
3953.652 58.1 0.495 -0.64 LAWLER ""
3953.681 24.1 4.778 -3.31 "" ""
3953.686 57.0 0.13 -1.24 "" ""
3953.779 23.0 2.573 -4.33 "" ""
3953.821 24.0 2.706 -3.24 "" ""
3953.825 106.00113 1.533 -8.403 3.464 AX53P185
3953.825 21.0 1.849 -4.63 "" ""
3953.829 607.01214 2.821 -1.974 7.724 1212Qc0005
3953.839 42.0 3.315 -1.51 "" ""
3953.857 26.0 2.829 -2.03 "" ""
3953.861 607.01214 2.821 -1.673 7.724 1212Pa0015
3953.906 106.00112 1.539 -5.144 3.464 AX43R195
3953.922 42.0 2.521 -1.06 "" ""
3953.944 58.1 0.56 -1.0 LAWLER ""
3953.945 22.0 1.732 -4.91 "" ""
3953.97 58.1 0.464 -1.03 BIEMONT ""
3953.994 22.1 4.906 -3.29 "" ""
3954.044 24.0 3.553 -4.15 "" ""
3954.087 28.0 3.838 -2.75 "" ""
3954.09 26.0 3.632 -3.46 "" ""
3954.156 23.1 3.121 -3.26 "" ""
3954.164 26.0 2.221 -8.18 "" ""
3954.171 607.01314 2.827 -3.336 7.724 1212Qc0165
3954.186 106.00113 1.362 -2.826 3.464 AX21Q255
3954.19 607.01314 2.827 -0.567 7.724 1212Pa0175
3954.192 62.1 0.184 -1.76 "" ""
3954.224 106.00113 1.362 -5.211 3.464 AX21R245
3954.23 607.01314 2.827 -0.592 7.724 1212Pb0165
3954.241 28.0 4.161 -1.6 "" ""
3954.319 21.0 1.447 -2.65 "" ""
3954.323 106.00113 1.362 -6.199 3.464 AX21P255
3954.35 62.1 0.248 -2.34 LAWLER ""
3954.357 607.01214 2.822 -1.673 7.724 1212Pb0015
3954.36 607.01214 2.822 -2.372 7.724 1212Qc0015
3954.361 106.00113 1.362 -2.937 3.464 AX21Q245
3954.411 607.01214 2.822 -1.418 7.724 1212Pa0025
3954.422 106.00112 0.995 -5.091 3.464 AX32R135
3954.428 75.0 2.778 -0.64 "" ""
3954.455 106.00112 0.995 -3.238 3.464 AX32Q135
3954.474 25.0 4.35 -2.0 "" ""
3954.479 24.0 3.553 -3.52 "" ""
3954.526 28.0 3.652 -0.39 "" ""
3954.535 23.1 6.334 -3.44 "" ""
3954.543 106.00112 0.995 -3.143 3.464 AX32Q145
3954.55 66.1 1.17 -0.46 LAWLER ""
3954.565 25.0 4.709 -0.89 "" ""
3954.575 106.00112 0.995 -5.844 3.464 AX32P145
3954.612 106.00113 1.643 -7.614 3.464 AX42P245
3954.657 24.1 4.94 -4.78 "" ""
3954.667 92.1 1.034 -0.12 "" ""
3954.712 26.0 3.265 -2.48 "" ""
3954.716 26.1 6.514 -4.09 "" ""
3954.8 26.0 3.651 -6.28 "" ""
3954.8 607.01314 2.964 -0.322 7.724 1212Pb0305
3954.802 106.00112 0.644 -4.974 3.464 BX10P185
3954.838 106.00113 0.992 -5.091 3.464 AX32R135
3954.863 106.00112 1.368 -2.826 3.464 AX21Q255
3954.891 106.00113 0.992 -3.237 3.464 AX32Q135
3954.901 607.01214 2.823 -1.418 7.724 1212Pb0025
3954.902 607.01314 2.835 -3.36 7.724 1212Qc0175
3954.905 607.01214 2.823 -2.564 7.724 1212Qc0025
3954.913 106.00112 1.368 -5.21 3.464 AX21R245
3954.915 607.01314 2.835 -0.542 7.724 1212Pa0185
3954.915 607.01314 2.835 -0.567 7.724 1212Pb0175
3954.92 24.0 2.707 -3.06 "" ""
3954.943 106.00112 1.368 -6.199 3.464 AX21P255
3954.956 106.00113 0.992 -3.143 3.464 AX32Q145
3954.969 22.0 2.493 -4.54 "" ""
3954.969 24.0 2.985 -6.21 "" ""
3954.977 607.01214 2.823 -1.264 7.724 1212Pa0035
3954.987 27.0 3.772 -0.94 "" ""
3954.992 106.00112 1.368 -2.937 3.464 AX21Q245
3955.009 106.00113 0.992 -5.844 3.464 AX32P145
3955.025 24.0 4.446 -1.64 "" ""
3955.059 23.0 2.276 -4.38 "" ""
3955.06 106.00112 0.729 -4.769 3.464 AX32P055
3955.08 60.1 0.204 -1.36 LAWLER ""
3955.101 24.0 4.398 -4.42 "" ""
3955.138 22.0 2.316 -4.72 "" ""
3955.144 26.0 4.298 -2.73 "" ""
3955.147 106.00112 0.729 -5.58 3.464 AX32Q055
3955.17 90.0 1.215 -0.14 "" ""
3955.213 26.0 3.045 -2.69 "" ""
3955.28 26.0 4.188 -3.03 "" ""
3955.303 106.00112 0.73 -4.769 3.464 AX32P055
3955.303 74.0 2.434 0.07 "" ""
3955.317 25.0 4.723 -2.23 "" ""
3955.333 24.0 2.897 -5.54 "" ""
3955.341 26.0 3.281 -1.05 DEN14 ""
3955.353 23.0 1.871 -4.04 "" ""
3955.357 58.1 0.909 -0.21 BIEMONT ""
3955.374 76.0 1.886 -1.52 "" ""
3955.39 106.00112 0.73 -5.592 3.464 AX32Q055
3955.43 26.0 2.607 -4.89 "" ""
3955.437 22.0 2.316 -4.14 "" ""
3955.45 26.0 2.422 -4.92 "" ""
3955.455 106.00112 0.73 -4.691 3.464 AX32P065
3955.456 27.0 3.71 -1.65 "" ""
3955.46 607.01214 2.825 -1.264 7.724 1212Pb0035
3955.466 607.01214 2.825 -2.694 7.724 1212Qc0035
3955.483 42.0 3.731 -0.36 "" ""
3955.484 106.00113 0.727 -4.769 3.464 AX32P055
3955.486 23.0 2.294 -2.27 "" ""
3955.494 21.1 7.477 -3.15 "" ""
3955.535 106.00112 0.996 -5.108 3.464 AX32R135
3955.55 60.1 0.38 -1.73 LAWLER ""
3955.558 607.01214 2.825 -1.151 7.724 1212Pa0045
3955.568 106.00112 0.996 -3.238 3.464 AX32Q135
3955.569 21.0 1.427 -3.1 "" ""
3955.571 106.00113 0.727 -5.58 3.464 AX32Q055
3955.589 106.00112 0.996 -3.143 3.464 AX32Q145
3955.602 26.0 4.28 -1.68 "" ""
3955.614 26.0 4.073 -3.62 "" ""
3955.622 106.00112 0.996 -5.829 3.464 AX32P145
3955.655 607.01314 2.842 -0.519 7.724 1212Pa0195
3955.658 607.01314 2.842 -3.384 7.724 1212Qc0185
3955.666 106.00112 0.73 -4.691 3.464 AX32P065
3955.679 41.0 0.267 -1.33 "" ""
3955.7 607.01314 2.842 -0.543 7.724 1212Pb0185
3955.725 106.00113 0.727 -4.769 3.464 AX32P055
3955.73 67.0 0.0 -0.54 "" ""
3955.746 63.0 1.93 0.2 "" ""
3955.769 26.0 2.557 -4.63 "" ""
3955.785 106.00113 1.572 -2.27 3.464 AX32R245
3955.81 106.00113 0.727 -5.591 3.464 AX32Q055
3955.877 106.00113 0.727 -4.691 3.464 AX32P065
3955.89 90.0 0.355 -1.33 "" ""
3955.907 22.0 2.343 -5.22 "" ""
3955.91 58.1 0.56 -0.79 LAWLER ""
3955.954 106.00113 0.992 -5.108 3.464 AX32R135
3955.955 26.0 3.069 -1.4 "" ""
3955.96 60.1 0.742 -0.6 LAWLER ""
3955.972 106.00113 0.992 -3.237 3.464 AX32Q135
3955.996 106.00113 1.572 -4.866 3.464 AX32Q245
3956.003 106.00113 0.992 -3.143 3.464 AX32Q145
3956.004 23.0 1.891 -2.63 "" ""
3956.022 106.00113 0.992 -5.829 3.464 AX32P145
3956.035 607.01214 2.827 -1.151 7.724 1212Pb0045
3956.041 24.0 3.842 -1.86 "" ""
3956.043 607.01214 2.827 -2.794 7.724 1212Qc0045
3956.045 58.1 0.721 -0.41 "" ""
3956.048 24.0 4.436 -1.93 "" ""
3956.067 106.00113 1.572 -2.348 3.464 AX32R235
3956.086 106.00113 0.728 -4.691 3.464 AX32P065
3956.13 64.1 0.492 -2.08 LAWLER ""
3956.153 607.01214 2.827 -1.063 7.724 1212Pa0055
3956.161 106.00112 0.686 -6.632 3.464 AX21Q135
3956.161 26.0 4.175 -3.09 "" ""
3956.188 106.00112 0.686 -6.043 3.464 AX21P135
3956.259 27.0 0.0 -4.26 "" ""
3956.264 28.0 3.895 -3.17 "" ""
3956.277 26.0 3.981 -4.12 "" ""
3956.278 58.1 0.608 0.12 LAWLER ""
3956.286 106.00112 0.686 -6.304 3.464 AX21P145
3956.291 24.0 3.011 -1.82 "" ""
3956.321 23.0 2.284 -4.47 "" ""
3956.334 22.0 0.021 -0.38 LAWLER ""
3956.346 23.1 6.312 -4.17 "" ""
3956.35 60.1 0.182 -1.64 LAWLER ""
3956.38 24.0 3.077 -4.33 "" ""
3956.386 607.01314 2.85 -0.52 7.724 1212Pb0195
3956.408 607.01314 2.85 -0.498 7.724 1212Pa0205
3956.415 68.0 0.0 -0.94 "" ""
3956.445 607.01314 2.85 -3.406 7.724 1212Qc0195
3956.455 26.0 3.234 -0.39 BEL17 ""
3956.469 23.0 1.217 -2.73 "" ""
3956.501 106.00112 0.707 -8.274 3.464 AX10Q195
3956.516 106.00112 0.694 -6.933 3.464 AX32P035
3956.568 6.0 8.996 -1.5 "" ""
3956.577 106.00112 0.707 -4.515 3.464 AX10P195
3956.577 27.0 3.629 -1.35 "" ""
3956.581 106.00112 0.707 -4.552 3.464 AX10P205
3956.583 106.00113 0.683 -6.632 3.464 AX21Q135
3956.589 607.01314 2.951 -0.337 7.724 1212Pb0295
3956.591 73.0 1.236 -1.45 "" ""
3956.594 90.1 1.262 -0.41 "" ""
3956.615 106.00113 0.683 -6.043 3.464 AX21P135
3956.626 607.01214 2.829 -1.063 7.724 1212Pb0055
3956.633 106.00112 0.694 -6.946 3.464 AX32P035
3956.636 607.01214 2.829 -2.874 7.724 1212Qc0055
3956.677 26.0 2.69 -0.43 "" ""
3956.691 90.1 0.0 -1.65 "" ""
3956.706 106.00113 0.683 -6.304 3.464 AX21P145
3956.732 20.0 5.449 -4.48 "" ""
3956.739 58.0 0.206 -0.75 "" ""
3956.743 27.0 3.213 -3.8 "" ""
3956.763 607.01214 2.829 -0.989 7.724 1212Pa0065
3956.772 58.0 0.159 -0.58 "" ""
3956.79 26.0 3.926 -4.06 "" ""
3956.815 27.1 5.462 -3.28 "" ""
3956.878 26.0 3.94 -2.76 "" ""
3956.896 58.1 0.674 -0.61 LAWLER ""
3956.905 58.1 0.736 -0.62 BIEMONT ""
3956.935 106.00113 0.703 -8.274 3.464 AX10Q195
3956.948 106.00113 0.692 -6.933 3.464 AX32P035
3957.002 24.0 4.437 -1.65 "" ""
3957.01 106.00113 0.703 -4.515 3.464 AX10P195
3957.01 106.00113 0.703 -4.552 3.464 AX10P205
3957.013 25.0 5.38 -3.87 "" ""
3957.016 21.1 4.008 -1.59 "" ""
3957.018 26.0 3.263 -0.59 "" ""
3957.044 607.01314 2.858 -0.498 7.724 1212Pb0205
3957.054 20.0 1.886 -1.18 LAWLER ""
3957.065 106.00113 0.692 -6.946 3.464 AX32P035
3957.141 23.0 2.576 -5.55 "" ""
3957.145 58.1 0.327 -0.83 BIEMONT ""
3957.151 23.0 2.113 -2.87 "" ""
3957.157 90.1 2.6 0.07 "" ""
3957.17 20.0 4.621 -2.39 "" ""
3957.174 607.01314 2.858 -0.477 7.724 1212Pa0215
3957.203 58.0 0.028 -0.61 "" ""
3957.21 6.0 7.94 -3.49 "" ""
3957.232 607.01214 2.832 -0.989 7.724 1212Pb0065
3957.24 66.1 1.85 -0.74 LAWLER ""
3957.245 607.01214 2.832 -2.942 7.724 1212Qc0065
3957.251 22.0 1.995 -4.04 "" ""
3957.274 607.01314 2.858 -3.426 7.724 1212Qc0205
3957.284 62.0 0.185 -2.47 "" ""
3957.299 26.0 2.586 -4.02 "" ""
3957.319 106.00112 0.687 -6.655 3.464 AX21Q135
3957.334 26.0 4.217 -2.62 "" ""
3957.345 20.0 5.667 -3.84 "" ""
3957.346 106.00112 0.687 -6.043 3.464 AX21P135
3957.376 106.00112 0.687 -6.304 3.464 AX21P145
3957.387 607.01214 2.832 -0.927 7.724 1212Pa0075
3957.396 27.0 3.213 -4.91 "" ""
3957.423 69.1 0.029 -2.36 "" ""
3957.436 26.0 4.14 -3.41 "" ""
3957.451 60.1 1.519 0.43 "" ""
3957.453 44.0 1.192 -1.77 "" ""
3957.47 62.1 0.378 -2.01 LAWLER ""
3957.599 27.0 3.62 -0.57 "" ""
3957.616 21.1 7.483 -2.03 "" ""
3957.624 26.0 3.281 -2.37 "" ""
3957.644 23.0 2.096 -1.84 "" ""
3957.646 42.0 3.273 -1.44 "" ""
3957.655 607.01314 2.867 -0.477 7.724 1212Pb0215
3957.66 26.1 2.275 -6.43 "" ""
3957.669 6.0 7.94 -4.77 "" ""
3957.67 64.1 0.6 -0.25 LAWLER ""
3957.684 24.0 4.443 -2.6 "" ""
3957.694 22.1 4.947 -4.75 "" ""
3957.697 24.0 4.452 -2.81 "" ""
3957.728 106.00113 0.684 -6.655 3.464 AX21Q135
3957.741 106.00113 0.985 -5.094 3.464 AX43R035
3957.756 106.00113 0.684 -6.043 3.464 AX21P135
3957.771 24.0 3.432 -2.79 "" ""
3957.774 21.1 6.903 -1.39 "" ""
3957.785 106.00113 0.684 -6.304 3.464 AX21P145
3957.79 66.1 1.169 0.08 "" ""
3957.793 106.00113 0.985 -5.081 3.464 AX43R035
3957.803 106.00112 1.832 -7.278 3.464 CX25R145
3957.816 607.01314 2.939 -0.353 7.724 1212Pb0285
3957.839 20.0 4.621 -4.4 "" ""
3957.841 6.0 7.94 -3.8 "" ""
3957.855 607.01214 2.835 -0.927 7.724 1212Pb0075
3957.871 607.01214 2.835 -3.0 7.724 1212Qc0075
3957.906 27.0059 0.581 -3.385 Lawle15HFS ""
3957.909 20.0 5.792 -3.66 "" ""
3957.913 27.0059 0.581 -3.204 Lawle15HFS ""
3957.919 27.0059 0.581 -3.173 Lawle15HFS ""
3957.923 27.0059 0.581 -2.686 Lawle15HFS ""
3957.925 27.0059 0.581 -3.237 Lawle15HFS ""
3957.927 27.0059 0.581 -2.978 Lawle15HFS ""
3957.93 27.0059 0.581 -3.436 Lawle15HFS ""
3957.931 27.0059 0.581 -3.384 Lawle15HFS ""
3957.934 27.0059 0.581 -4.101 Lawle15HFS ""
3957.936 27.0059 0.581 -5.341 Lawle15HFS ""
3957.937 27.0059 0.581 -3.691 Lawle15HFS ""
3957.942 23.0 2.129 -5.3 "" ""
3957.943 27.0059 0.581 -3.436 Lawle15HFS ""
3957.945 27.0059 0.581 -3.237 Lawle15HFS ""
3957.945 27.0059 0.581 -3.385 Lawle15HFS ""
3957.946 27.0059 0.581 -3.173 Lawle15HFS ""
3957.946 27.0059 0.581 -3.204 Lawle15HFS ""
3957.952 607.01314 2.867 -0.457 7.724 1212Pa0225
3957.957 58.1 0.896 -0.54 LAWLER ""
3957.961 42.0 2.494 -1.68 "" ""
3957.99 60.1 0.064 -0.67 LAWLER ""
3958.026 607.01214 2.835 -0.872 7.724 1212Pa0085
3958.072 24.0 4.452 -0.34 "" ""
3958.095 21.1 7.477 -2.04 "" ""
3958.1 69.1 0.0 -1.12 LAWLER ""
3958.155 106.00113 1.328 -8.988 3.464 CX03R155
3958.158 607.01314 2.867 -3.446 7.724 1212Qc0215
3958.197 607.01314 2.876 -0.457 7.724 1212Pb0225
3958.205 22.0 0.048 -0.11 LAWLER ""
3958.22 40.1 0.527 -0.32 Ljung06 ""
3958.233 45.0 1.731 -0.66 "" ""
3958.258 58.1 0.721 -0.42 BIEMONT ""
3958.266 23.0 1.948 -4.77 "" ""
3958.392 24.0 3.008 -0.99 "" ""
3958.409 26.1 2.69 -6.66 "" ""
3958.44 26.0 4.151 -4.38 "" ""
3958.495 607.01214 2.839 -0.872 7.724 1212Pb0085
3958.513 607.01214 2.839 -3.052 7.724 1212Qc0085
3958.542 20.0 4.621 -5.57 "" ""
3958.58 27.0 3.684 -3.29 "" ""
3958.584 607.01314 2.928 -0.369 7.724 1212Pb0275
3958.595 28.0 3.793 -1.37 "" ""
3958.602 42.0 2.985 -0.99 "" ""
3958.623 46.0 1.452 -0.83 "" ""
3958.628 106.00113 1.648 -9.496 3.464 CX03Q215
3958.641 607.01314 2.886 -0.438 7.724 1212Pb0235
3958.652 22.0 2.332 -2.08 "" ""
3958.674 64.0 0.0 -1.22 "" ""
3958.68 607.01214 2.839 -0.824 7.724 1212Pa0095
3958.686 106.00112 0.708 -4.552 3.464 AX10P205
3958.696 106.00113 1.435 -5.124 3.464 AX21R255
3958.7 62.1 0.333 -1.65 LAWLER ""
3958.702 106.00112 0.708 -8.307 3.464 AX10Q195
3958.732 106.00113 1.435 -2.717 3.464 AX21Q265
3958.743 24.0 2.887 -5.47 "" ""
3958.748 607.01314 2.876 -0.438 7.724 1212Pa0235
3958.754 22.0 2.101 -4.82 "" ""
3958.779 106.00112 0.708 -4.516 3.464 AX10P195
3958.811 106.00113 1.435 -2.827 3.464 AX21Q255
3958.814 106.00112 0.988 -5.094 3.464 AX43R035
3958.841 20.0 5.827 -3.48 "" ""
3958.842 106.00113 1.646 -5.145 3.464 AX43R215
3958.845 106.00112 1.042 -5.056 3.464 AX32R145
3958.847 106.00113 1.435 -6.081 3.464 AX21P265
3958.856 45.0 0.965 0.01 "" ""
3958.857 42.0 3.165 -1.55 "" ""
3958.863 24.0 4.444 -1.6 "" ""
3958.864 58.1 0.875 -0.36 BIEMONT ""
3958.865 106.00112 0.988 -5.081 3.464 AX43R035
3958.877 74.0 1.707 -1.09 "" ""
3958.886 106.00112 1.042 -3.143 3.464 AX32Q145
3958.951 607.01314 2.896 -0.42 7.724 1212Pb0245
3958.956 106.00112 1.042 -3.049 3.464 AX32Q155
3958.98 607.01314 2.917 -0.385 7.724 1212Pb0265
3958.997 106.00112 1.042 -5.802 3.464 AX32P155
3959.019 21.1 4.846 -3.88 "" ""
3959.039 21.0 2.336 -1.88 "" ""
3959.081 607.01314 2.906 -0.402 7.724 1212Pb0255
3959.093 106.00113 0.704 -4.552 3.464 AX10P205
3959.114 106.00113 0.704 -8.307 3.464 AX10Q195
3959.117 106.00112 1.862 -4.651 3.464 CX14R205
3959.117 607.01314 2.876 -3.465 7.724 1212Qc0225
3959.126 24.0 3.645 -3.18 "" ""
3959.15 607.01214 2.843 -0.824 7.724 1212Pb0095
3959.169 23.0 0.275 -6.96 "" ""
3959.173 607.01214 2.843 -3.098 7.724 1212Qc0095
3959.181 26.1 4.734 -4.07 "" ""
3959.186 25.0 4.636 -2.58 "" ""
3959.189 106.00113 0.704 -4.515 3.464 AX10P195
3959.191 26.0 3.94 -2.48 "" ""
3959.206 92.0 0.868 -0.05 "" ""
3959.219 25.0 5.13 -3.45 "" ""
3959.229 106.00112 1.862 -8.381 3.464 CX14Q205
3959.241 23.0 1.868 -2.37 "" ""
3959.243 24.0 3.963 -3.25 "" ""
3959.246 106.00112 1.862 -4.742 3.464 CX14R195
3959.25 106.00113 1.649 -5.792 3.464 CX03R205
3959.256 106.00113 1.648 -5.708 3.464 CX03R215
3959.288 21.0 1.438 -2.43 "" ""
3959.3 90.0 0.689 -0.66 "" ""
3959.308 106.00113 1.038 -5.056 3.464 AX32R145
3959.308 22.0 2.304 -5.81 "" ""
3959.35 607.01214 2.843 -0.78 7.724 1212Pa0105
3959.359 41.0 1.608 -0.59 "" ""
3959.374 106.00113 1.038 -3.143 3.464 AX32Q145
3959.381 66.1 2.107 0.04 "" ""
3959.415 106.00113 1.038 -3.049 3.464 AX32Q155
3959.419 106.00112 0.27 -7.292 3.464 AX10P115
3959.42 64.1 0.601 -0.84 LAWLER ""
3959.434 20.0 5.828 -3.5 "" ""
3959.445 22.0 0.812 -5.08 "" ""
3959.455 26.0 3.209 -4.58 "" ""
3959.481 106.00113 1.038 -5.802 3.464 AX32P155
3959.52 62.1 0.104 -1.25 LAWLER ""
3959.53 64.1 0.731 -0.71 LAWLER ""
3959.607 58.1 0.521 -0.81 LAWLER ""
3959.669 22.1 4.959 -4.04 "" ""
3959.754 59.1 1.009 -0.71 "" ""
3959.796 27.1 5.051 -2.71 "" ""
3959.797 58.1 0.587 -0.73 "" ""
3959.81 24.0 4.407 -3.38 "" ""
3959.823 607.01214 2.848 -0.78 7.724 1212Pb0105
3959.837 106.00112 1.442 -5.124 3.464 AX21R255
3959.841 26.0 3.637 -4.31 "" ""
3959.851 607.01214 2.848 -3.139 7.724 1212Qc0105
3959.853 106.00112 1.648 -2.196 3.464 AX32R255
3959.894 106.00112 1.442 -2.716 3.464 AX21Q265
3959.899 68.1 1.535 -0.64 "" ""
3959.912 106.00112 1.647 -2.273 3.464 AX32R245
3959.917 106.00112 1.442 -2.827 3.464 AX21Q255
3959.929 106.00113 0.268 -7.292 3.464 AX10P115
3959.948 42.0 3.3 -1.2 "" ""
3959.969 106.00112 1.648 -4.845 3.464 AX32Q255
3959.974 106.00112 1.442 -6.081 3.464 AX21P265
3960.032 106.00112 0.489 -8.326 3.464 AX21P085
3960.036 607.01214 2.848 -0.741 7.724 1212Pa0115
3960.069 27.0 3.626 -1.64 "" ""
3960.104 106.00112 1.043 -5.074 3.464 AX32R145
3960.108 64.0 0.864 0.06 "" ""
3960.125 106.00112 0.707 -1.851 3.464 BX10P195
3960.143 106.00112 1.043 -3.049 3.464 AX32Q155
3960.144 106.00112 1.043 -3.143 3.464 AX32Q145
3960.154 24.0 3.09 -6.98 "" ""
3960.173 607.01314 2.886 -3.483 7.724 1212Qc0235
3960.184 106.00112 1.043 -5.786 3.464 AX32P155
3960.184 21.0 1.427 -2.71 "" ""
3960.185 22.0 2.343 -6.65 "" ""
3960.191 106.00112 0.707 -6.878 3.464 BX10Q195
3960.192 25.0 4.602 -2.28 "" ""
3960.2 607.01314 2.886 -0.42 7.724 1212Pa0245
3960.269 106.00112 0.707 -1.841 3.464 BX10P205
3960.279 26.0 3.637 -1.16 "" ""
3960.289 23.0 1.847 -0.61 "" ""
3960.299 28.0 3.844 -1.55 "" ""
3960.308 24.0 3.09 -2.68 "" ""
3960.313 26.0 3.879 -3.86 "" ""
3960.333 90.1 1.642 -0.78 "" ""
3960.336 106.00112 0.27 -7.329 3.464 AX10P115
3960.364 21.0 2.301 -2.83 "" ""
3960.366 23.1 3.325 -2.85 "" ""
3960.369 58.1 0.739 -0.76 "" ""
3960.482 76.0 3.01 -0.18 "" ""
3960.506 106.00113 0.487 -8.326 3.464 AX21P085
3960.51 62.0 0.101 -2.23 "" ""
3960.514 607.01214 2.853 -0.741 7.724 1212Pb0115
3960.531 25.0 3.376 -6.58 "" ""
3960.538 106.00112 0.752 -4.662 3.464 AX32P065
3960.547 607.01214 2.853 -3.177 7.724 1212Qc0115
3960.559 106.00112 0.49 -8.354 3.464 AX21P085
3960.57 106.00113 1.039 -5.074 3.464 AX32R145
3960.593 106.00113 1.039 -3.143 3.464 AX32Q145
3960.602 106.00112 0.752 -5.589 3.464 AX32Q065
3960.604 106.00113 1.039 -3.049 3.464 AX32Q155
3960.627 106.00113 1.039 -5.786 3.464 AX32P155
3960.724 24.1 4.916 -5.22 "" ""
3960.739 607.01214 2.853 -0.704 7.724 1212Pa0125
3960.757 24.0 2.707 -1.68 "" ""
3960.836 106.00113 0.269 -7.329 3.464 AX10P115
3960.859 106.00112 0.752 -4.661 3.464 AX32P065
3960.865 106.00112 0.752 -4.595 3.464 AX32P075
3960.884 22.1 4.965 -2.54 "" ""
3960.899 26.1 7.264 -1.42 "" ""
3960.904 23.0 2.579 -5.19 "" ""
3960.909 58.1 0.322 -0.36 LAWLER ""
3960.922 106.00113 0.75 -4.662 3.464 AX32P065
3960.923 106.00112 0.752 -5.602 3.464 AX32Q065
3960.949 24.0 3.884 -4.34 "" ""
3960.967 106.00112 1.334 -8.987 3.464 CX03R155
3960.986 106.00113 0.75 -5.589 3.464 AX32Q065
3960.988 27.0059 2.628 -1.344 Lawle15HFS ""
3960.989 41.0 1.612 -0.89 "" ""
3960.991 27.0059 2.628 -1.811 Lawle15HFS ""
3961.002 27.0059 2.628 -1.665 Lawle15HFS ""
3961.002 27.0059 2.628 -1.665 Lawle15HFS ""
3961.008 76.0 1.84 -0.92 "" ""
3961.01 27.0059 2.628 -1.686 Lawle15HFS ""
3961.012 24.0 4.446 -0.47 "" ""
3961.013 27.0059 2.628 -2.142 Lawle15HFS ""
3961.026 106.00113 0.488 -8.354 3.464 AX21P085
3961.033 75.0 1.713 -1.63 "" ""
3961.139 26.0 2.856 -1.79 "" ""
3961.139 28.0 3.594 -4.2 "" ""
3961.151 106.00112 0.752 -4.595 3.464 AX32P075
3961.19 106.00113 1.648 -5.085 3.464 AX43R215
3961.206 68.0 1.158 0.35 "" ""
3961.225 607.01214 2.858 -0.704 7.724 1212Pb0125
3961.232 106.00112 1.595 -5.172 3.464 AX43R205
3961.242 106.00113 0.75 -4.661 3.464 AX32P065
3961.248 106.00113 0.75 -4.594 3.464 AX32P075
3961.256 22.0 1.738 -5.34 "" ""
3961.257 24.0 3.008 -4.68 "" ""
3961.259 20.0 2.707 -8.08 "" ""
3961.263 607.01214 2.858 -3.212 7.724 1212Qc0125
3961.276 59.1 1.038 -0.59 "" ""
3961.301 106.00112 1.656 -5.707 3.464 CX03R215
3961.303 106.00113 0.75 -5.602 3.464 AX32Q065
3961.355 607.01314 2.896 -3.501 7.724 1212Qc0245
3961.364 27.0 3.213 -4.8 "" ""
3961.383 607.01314 2.896 -0.402 7.724 1212Pa0255
3961.393 26.0 3.069 -5.02 "" ""
3961.4 24.0 3.885 -3.31 "" ""
3961.403 6.0 7.679 -2.14 "" ""
3961.417 106.00112 1.656 -9.495 3.464 CX03Q215
3961.441 106.00112 1.656 -5.791 3.464 CX03R205
3961.46 607.01214 2.858 -0.671 7.724 1212Pa0135
3961.472 27.0 2.875 -2.52 "" ""
3961.478 21.0 1.432 -2.5 "" ""
3961.507 42.1 3.14 -1.0 "" ""
3961.512 20.0 2.707 -5.54 "" ""
3961.52 13.0 0.014 -0.32 "" ""
3961.53 106.00113 0.75 -4.595 3.464 AX32P075
3961.54 66.1 1.46 -0.66 LAWLER ""
3961.563 106.00113 0.227 -1.416 3.464 BX00P105
3961.603 106.00113 0.227 -8.051 3.464 BX00Q105
3961.648 58.1 0.521 -1.39 LAWLER ""
3961.709 27.1 3.116 -4.15 "" ""
3961.723 106.00113 1.522 -8.015 3.464 CX14R135
3961.757 26.0 4.188 -3.34 "" ""
3961.779 106.00113 0.227 -1.393 3.464 BX00P115
3961.779 106.00113 1.438 -2.717 3.464 AX21Q265
3961.785 27.0 4.143 -2.27 "" ""
3961.796 24.0 3.665 -2.6 "" ""
3961.81 62.1 0.543 -1.29 LAWLER ""
3961.821 106.00113 1.438 -5.153 3.464 AX21R255
3961.821 22.1 4.965 -4.47 "" ""
3961.841 25.1 5.832 -6.64 "" ""
3961.861 26.0 2.988 -6.97 "" ""
3961.901 26.0 4.28 -3.32 "" ""
3961.906 26.0 3.544 -2.06 "" ""
3961.925 106.00113 1.438 -6.054 3.464 AX21P265
3961.958 607.01214 2.864 -0.671 7.724 1212Pb0135
3961.967 106.00113 1.438 -2.827 3.464 AX21Q255
3961.974 16.0 6.52 -2.11 "" ""
3961.984 42.0 3.263 -1.51 "" ""
3961.999 607.01214 2.864 -3.244 7.724 1212Qc0135
3962.014 27.0 3.213 -3.36 "" ""
3962.056 58.1 0.674 -0.45 BIEMONT ""
3962.078 58.1 0.969 -0.36 "" ""
3962.081 106.00113 0.77 -1.634 3.464 BX10R205
3962.101 42.0 3.901 -0.69 "" ""
3962.106 64.1 0.556 -1.56 "" ""
3962.119 28.0 3.844 -0.5 "" ""
3962.125 21.1 7.477 -2.93 "" ""
3962.128 24.0 4.096 -3.4 "" ""
3962.132 62.0 0.185 -0.9 "" ""
3962.142 28.0 3.655 -0.69 "" ""
3962.149 106.00113 0.77 -6.908 3.464 BX10Q215
3962.173 106.00112 0.229 -1.416 3.464 BX00P105
3962.184 24.0 2.708 -2.44 "" ""
3962.2 60.1 0.32 -0.57 LAWLER ""
3962.203 607.01214 2.864 -0.64 7.724 1212Pa0145
3962.214 106.00113 0.77 -1.315 3.464 BX10R215
3962.215 106.00112 0.229 -8.051 3.464 BX00Q105
3962.216 25.0 4.751 -2.91 "" ""
3962.25 62.1 0.434 -1.56 LAWLER ""
3962.32 26.0 3.045 -4.86 "" ""
3962.322 25.0 4.357 -1.82 "" ""
3962.326 74.0 2.107 -0.64 "" ""
3962.335 24.0 3.977 -3.8 "" ""
3962.352 26.0 3.263 -1.73 "" ""
3962.369 106.00112 0.734 -6.523 3.464 AX21Q145
3962.373 106.00113 0.463 -1.101 3.464 BX00Q155
3962.389 106.00112 0.229 -1.393 3.464 BX00P115
3962.399 106.00113 0.463 -4.47 3.464 BX00P165
3962.404 106.00112 0.734 -6.3 3.464 AX21P145
3962.419 90.0 0.457 -1.19 "" ""
3962.42 26.0 3.239 -3.81 "" ""
3962.431 106.00113 0.463 -4.491 3.464 BX00R155
3962.44 106.00112 0.774 -7.796 3.464 AX10Q205
3962.45 59.1 0.216 -0.47 "" ""
3962.458 106.00113 0.463 -1.096 3.464 BX00Q165
3962.478 16.0 6.52 -2.28 "" ""
3962.482 75.0 2.023 -0.38 "" ""
3962.484 106.00112 0.734 -6.872 3.464 AX21P155
3962.516 106.00112 0.774 -4.605 3.464 AX10P215
3962.523 106.00112 0.774 -4.55 3.464 AX10P205
3962.534 27.0 3.62 -5.29 "" ""
3962.587 66.0 1.238 0.65 "" ""
3962.62 106.00112 1.65 -2.196 3.464 AX32R255
3962.644 26.0 3.639 -2.43 "" ""
3962.663 106.00113 0.125 -3.925 3.464 BX00P075
