wavelength species excitation loggf disassociation_energy comment
4032.922 62.1 0.04 -1.84 "" ""
4032.922 76.0 2.971 -0.22 "" ""
4032.935 26.1 4.491 -2.7 "" ""
4032.963 106.00113 1.288 -4.055 3.464 AX21P245
4032.963 106.00113 1.486 -4.916 3.464 AX54R125
4032.976 31.0 0.0 -0.62 "" ""
4032.993 26.0 3.651 -3.42 "" ""
4032.995 106.00113 0.339 -2.772 3.464 BX11Q005
4032.998 106.00113 1.288 -5.752 3.464 AX21Q235
4033.001 106.00113 0.339 -3.381 3.464 BX11R005
4033.011 607.01314 3.243 -3.378 7.724 1414Qc0165
4033.02 27.0 0.224 -3.77 "" ""
4033.02 65.1 0.126 -0.01 LAWNOHFS ""
4033.036 22.1 5.008 -2.36 "" ""
4033.044 25.0055 0.0 -1.229 LAWHFS ""
4033.046 25.0055 0.0 -2.007 LAWHFS ""
4033.055 106.00113 0.518 -1.338 3.464 BX00P165
4033.056 25.0055 0.0 -2.007 LAWHFS ""
4033.058 25.0055 0.0 -1.492 LAWHFS ""
4033.06 25.0055 0.0 -1.844 LAWHFS ""
4033.065 106.00113 0.839 -1.804 3.464 BX10P215
4033.067 607.01314 3.243 -0.606 7.724 1414Pa0175
4033.068 25.0055 0.0 -1.844 LAWHFS ""
4033.069 23.0 0.04 -4.12 "" ""
4033.07 25.0055 0.0 -1.823 LAWHFS ""
4033.071 25.0055 0.0 -1.839 LAWHFS ""
4033.078 25.0055 0.0 -1.839 LAWHFS ""
4033.079 25.0055 0.0 -2.27 LAWHFS ""
4033.08 25.0055 0.0 -1.941 LAWHFS ""
4033.082 73.0 1.461 -1.15 "" ""
4033.084 25.0055 0.0 -1.941 LAWHFS ""
4033.085 25.0055 0.0 -2.203 LAWHFS ""
4033.085 25.0055 0.0 -2.969 LAWHFS ""
4033.088 25.0055 0.0 -2.203 LAWHFS ""
4033.098 607.01214 3.245 -1.316 7.724 1414Ra0025
4033.098 607.01214 3.245 -1.471 7.724 1414Rb0015
4033.101 106.00113 1.288 -4.253 3.464 AX21P235
4033.103 607.01214 3.245 -2.617 7.724 1414Qd0025
4033.116 106.00113 0.518 -6.676 3.464 BX00Q165
4033.137 20.0 5.957 -3.26 "" ""
4033.143 106.00113 0.839 -6.558 3.464 BX10Q215
4033.186 26.0 2.557 -2.73 "" ""
4033.197 41.0 0.142 -1.61 "" ""
4033.207 25.0 3.133 -1.78 "" ""
4033.208 106.00113 0.839 -1.652 3.464 BX10P225
4033.216 106.00113 0.518 -1.337 3.464 BX00P175
4033.228 6.0 7.94 -2.28 "" ""
4033.267 24.0 2.542 -1.12 "" ""
4033.27 24.0 3.077 -2.07 "" ""
4033.293 20.0 4.621 -4.04 "" ""
4033.305 75.0 1.866 -0.77 "" ""
4033.425 92.1 0.548 -1.16 "" ""
4033.428 23.0 1.798 -4.43 "" ""
4033.441 22.0 0.848 -2.61 "" ""
4033.463 106.00112 1.294 -4.055 3.464 AX21P245
4033.469 28.0 4.086 -3.56 "" ""
4033.489 64.0 0.896 0.65 "" ""
4033.496 106.00112 1.29 -4.576 3.464 AX43R135
4033.498 23.1 5.471 -3.4 "" ""
4033.508 106.00112 1.294 -5.752 3.464 AX21Q235
4033.528 106.00112 1.29 -2.583 3.464 AX43Q135
4033.54 106.00112 1.139 -8.946 3.464 CX03R105
4033.548 106.00112 1.29 -2.508 3.464 AX43Q145
4033.556 607.01214 3.245 -1.471 7.724 1414Ra0015
4033.556 607.01214 3.245 -1.726 7.724 1414Rb0005
4033.561 607.01214 3.245 -2.425 7.724 1414Qd0015
4033.575 51.0 2.288 -1.26 "" ""
4033.58 106.00112 1.29 -4.933 3.464 AX43P145
4033.583 25.0 3.133 -0.74 "" ""
4033.588 106.00112 1.294 -4.253 3.464 AX21P235
4033.614 73.0 0.249 -2.7 "" ""
4033.619 42.0 2.621 -1.46 "" ""
4033.653 25.0 3.132 -0.85 "" ""
4033.654 106.00113 1.223 -4.499 3.464 AX00R275
4033.655 66.1 1.169 -0.23 "" ""
4033.705 6.0 7.94 -4.73 "" ""
4033.707 106.00113 1.487 -4.878 3.464 AX54R125
4033.728 92.1 0.941 -0.7 "" ""
4033.743 59.1141 0.371 -1.003 LI/LAW ""
4033.762 77.0 1.621 -1.18 "" ""
4033.766 59.1141 0.371 -0.945 LI/LAW ""
4033.779 58.1 0.621 -1.58 LAWLER ""
4033.78 106.00112 0.34 -2.772 3.464 BX11Q005
4033.784 106.00112 0.34 -3.381 3.464 BX11R005
4033.786 59.1141 0.371 -2.242 LI/LAW ""
4033.794 59.1141 0.371 -0.887 LI/LAW ""
4033.817 59.1141 0.371 -2.043 LI/LAW ""
4033.827 59.1141 0.371 -0.828 LI/LAW ""
4033.836 59.1141 0.371 -3.949 LI/LAW ""
4033.852 59.1141 0.371 -1.992 LI/LAW ""
4033.864 59.1141 0.371 -0.771 LI/LAW ""
4033.875 59.1141 0.371 -3.757 LI/LAW ""
4033.884 6.0 7.94 -3.3 "" ""
4033.89 106.00113 0.772 -4.809 3.464 BX00P215
4033.893 59.1141 0.371 -2.04 LI/LAW ""
4033.897 60.1 1.328 -0.17 "" ""
4033.901 22.0 2.159 -0.59 LAWLER ""
4033.901 22.0 2.159 -0.84 "" ""
4033.906 59.1141 0.371 -0.715 LI/LAW ""
4033.919 59.1141 0.371 -3.811 LI/LAW ""
4033.921 106.00113 0.772 -1.153 3.464 BX00Q205
4033.93 607.01314 3.25 -0.606 7.724 1414Pb0175
4033.931 24.0 2.543 -3.02 "" ""
4033.935 42.0 3.357 -1.34 "" ""
4033.938 59.1141 0.371 -2.239 LI/LAW ""
4033.948 106.00113 0.908 -6.852 3.464 AX32P115
4033.951 28.0 3.396 -5.0 "" ""
4033.956 106.00113 0.639 -5.035 3.464 BX11R135
4033.957 106.00113 0.772 -1.192 3.464 BX00Q215
4033.964 106.00113 0.458 -2.196 3.464 BX11R075
4033.967 59.1141 0.371 -4.115 LI/LAW ""
4033.975 24.0 2.543 -2.83 "" ""
4033.988 106.00113 0.772 -4.841 3.464 BX00R205
4034.002 106.00112 0.707 -7.569 3.464 AX10P195
4034.007 106.00113 1.572 -2.259 3.464 AX32Q245
4034.014 106.00112 0.911 -6.852 3.464 AX32P115
4034.028 16.0 6.855 -1.69 "" ""
4034.032 106.00113 1.572 -5.236 3.464 AX32P245
4034.04 22.0 2.248 -4.21 "" ""
4034.04 607.01214 3.244 -1.726 7.724 1414Ra0005
4034.044 607.01214 3.244 -2.027 7.724 1414Qd0005
4034.046 106.00113 0.703 -7.569 3.464 AX10P195
4034.053 22.1 2.588 -2.96 "" ""
4034.06 60.1 0.064 -1.73 LAWLER ""
4034.069 607.01314 3.25 -3.404 7.724 1414Qc0175
4034.081 106.00113 1.572 -4.729 3.464 AX32R235
4034.083 40.1 0.802 -1.51 Ljung06 ""
4034.088 23.0 1.063 -4.52 "" ""
4034.106 106.00113 1.572 -2.349 3.464 AX32Q235
4034.124 106.00112 1.782 -3.876 3.464 AX53P235
4034.126 26.0 3.299 -2.45 "" ""
4034.128 106.00113 0.911 -0.972 3.464 BX10R225
4034.129 607.01314 3.25 -0.583 7.724 1414Pa0185
4034.161 106.00112 1.782 -5.683 3.464 AX53Q225
4034.184 20.0 2.93 -4.26 "" ""
4034.187 106.00113 0.911 -6.268 3.464 BX10Q235
4034.211 106.00113 0.458 -6.325 3.464 BX11Q085
4034.22 21.0 1.985 -1.71 "" ""
4034.234 106.00112 0.521 -1.338 3.464 BX00P165
4034.235 26.1 4.728 -3.71 "" ""
4034.244 106.00112 1.782 -4.244 3.464 AX53P225
4034.245 106.00113 0.458 -2.168 3.464 BX11R085
4034.246 90.1 0.77 -1.37 "" ""
4034.252 23.0 2.606 -4.01 "" ""
4034.258 20.0 2.93 -8.49 "" ""
4034.276 106.00113 0.911 -0.539 3.464 BX10R235
4034.279 106.00112 0.521 -6.676 3.464 BX00Q165
4034.33 59.1 0.216 -0.79 LINOHFS ""
4034.368 21.0 1.985 -2.17 "" ""
4034.368 25.0 3.133 -3.69 "" ""
4034.386 106.00112 0.521 -1.337 3.464 BX00P175
4034.456 27.0 3.684 -1.28 "" ""
4034.469 25.0055 0.0 -1.358 LAWHFS ""
4034.471 25.0055 0.0 -2.047 LAWHFS ""
4034.472 25.0055 0.0 -3.002 LAWHFS ""
4034.483 25.0055 0.0 -1.57 LAWHFS ""
4034.485 25.0055 0.0 -1.901 LAWHFS ""
4034.486 25.0055 0.0 -2.621 LAWHFS ""
4034.494 25.0055 0.0 -1.843 LAWHFS ""
4034.495 25.0055 0.0 -1.922 LAWHFS ""
4034.496 25.0055 0.0 -2.445 LAWHFS ""
4034.497 92.0 0.552 -0.13 "" ""
4034.501 25.0055 0.0 -2.253 LAWHFS ""
4034.502 25.0055 0.0 -2.077 LAWHFS ""
4034.503 25.0055 0.0 -2.399 LAWHFS ""
4034.586 106.00112 1.335 -6.12 3.464 CX03R155
4034.647 106.00112 1.335 -6.173 3.464 CX03R145
4034.685 106.00112 1.335 -9.758 3.464 CX03Q155
4034.713 26.0 3.637 -2.96 "" ""
4034.736 23.0 0.017 -2.74 "" ""
4034.744 25.0 3.133 -1.92 "" ""
4034.75 26.0 3.045 -7.15 "" ""
4034.752 69.1 3.099 0.41 "" ""
4034.826 106.00113 0.908 -6.888 3.464 AX32P115
4034.832 106.00112 0.459 -2.196 3.464 BX11R075
4034.891 22.0 2.152 -0.71 LAWLER ""
4034.896 106.00112 0.912 -6.888 3.464 AX32P115
4034.922 90.1 0.514 -1.93 "" ""
4034.97 25.0 4.341 -3.07 "" ""
4035.043 607.01314 3.257 -0.583 7.724 1414Pb0185
4035.081 106.00112 0.459 -6.325 3.464 BX11Q085
4035.085 607.01214 3.245 -2.027 7.724 1414Qc0005
4035.088 607.01214 3.245 -1.726 7.724 1414Pa0015
4035.097 41.0 1.661 -0.57 "" ""
4035.104 62.1 0.333 -0.86 "" ""
4035.114 106.00112 0.459 -2.168 3.464 BX11R085
4035.117 25.0 4.191 -4.02 "" ""
4035.14 42.0 3.185 -1.74 "" ""
4035.18 22.0 0.818 -4.67 "" ""
4035.185 25.0 4.791 -1.6 "" ""
4035.193 106.00113 1.031 -5.846 3.464 AX43P055
4035.198 24.0 3.446 -2.02 "" ""
4035.201 607.01314 3.257 -3.428 7.724 1414Qc0185
4035.213 25.0 4.191 -2.46 "" ""
4035.219 106.00113 1.34 -8.098 3.464 CX14R075
4035.226 106.00113 1.303 -4.733 3.464 AX54R055
4035.232 22.0 1.442 -4.03 "" ""
4035.244 26.0 3.6 -2.45 "" ""
4035.264 607.01314 3.257 -0.561 7.724 1414Pa0195
4035.322 23.0 1.891 -2.52 "" ""
4035.356 74.0 1.915 -1.12 "" ""
4035.366 26.0 4.309 -4.01 "" ""
4035.367 106.00113 1.303 -4.715 3.464 AX54R055
4035.389 64.0 0.027 -0.98 "" ""
4035.414 106.00112 0.776 -4.809 3.464 BX00P215
4035.43 106.00113 1.031 -5.864 3.464 AX43P055
4035.443 106.00112 0.776 -1.152 3.464 BX00Q205
4035.473 25.0 4.191 -3.02 "" ""
4035.477 106.00113 1.708 -8.863 3.464 CX03P225
4035.483 106.00112 0.776 -1.192 3.464 BX00Q215
4035.512 106.00112 0.776 -4.841 3.464 BX00R205
4035.535 27.0 3.574 0.3 "" ""
4035.538 26.1 2.542 -5.52 "" ""
4035.571 106.00113 1.568 -6.014 3.464 AX10Q305
4035.586 23.0 1.941 -2.47 "" ""
4035.595 26.0 4.217 -1.1 "" ""
4035.599 106.00113 1.568 -4.312 3.464 AX10P315
4035.62 23.1 1.792 -0.72 LAWNOHFS ""
4035.62 60.1 0.204 -2.26 LAWLER ""
4035.641 607.01214 3.245 -1.471 7.724 1414Pa0025
4035.641 607.01214 3.245 -1.726 7.724 1414Pb0015
4035.644 607.01214 3.245 -2.425 7.724 1414Qc0015
4035.655 42.0 3.075 -1.64 "" ""
4035.69 25.0055 2.141 -1.721 LAWHFS ""
4035.69 25.0055 2.141 -1.751 LAWHFS ""
4035.69 25.0055 2.141 -2.5 LAWHFS ""
4035.695 25.0055 2.141 -1.466 LAWHFS ""
4035.695 25.0055 2.141 -1.545 LAWHFS ""
4035.696 25.0055 2.141 -2.42 LAWHFS ""
4035.697 106.00113 1.568 -4.657 3.464 AX10P305
4035.703 25.0055 2.141 -1.244 LAWHFS ""
4035.703 25.0055 2.141 -1.478 LAWHFS ""
4035.704 25.0055 2.141 -2.546 LAWHFS ""
4035.713 25.0055 2.141 -1.06 LAWHFS ""
4035.714 25.0055 2.141 -1.504 LAWHFS ""
4035.714 25.0055 2.141 -2.898 LAWHFS ""
4035.715 22.0 2.486 -3.37 "" ""
4035.726 25.0055 2.141 -0.902 LAWHFS ""
4035.727 25.0055 2.141 -1.68 LAWHFS ""
4035.742 25.0055 2.141 -0.762 LAWHFS ""
4035.823 23.0 2.364 -4.87 "" ""
4035.826 22.0 2.173 -0.22 LAWLER ""
4035.837 23.0 2.503 -7.52 "" ""
4035.837 25.0 4.265 -4.35 "" ""
4035.874 73.0 1.357 -1.37 "" ""
4035.88 106.00113 0.341 -3.382 3.464 BX11P015
4035.884 106.00113 0.341 -2.331 3.464 BX11Q015
4035.886 40.0 0.154 -1.1 "" ""
4035.891 23.0 0.0 -3.53 "" ""
4035.918 25.0 4.265 -4.11 "" ""
4035.922 24.0 4.609 -0.65 "" ""
4035.925 41.0 1.913 -0.33 "" ""
4035.947 28.0 3.652 -2.09 "" ""
4035.954 23.0 2.377 -4.58 "" ""
4035.972 28.0 4.085 -1.9 "" ""
4035.98 26.0 3.015 -3.19 "" ""
4035.982 58.1 0.559 -2.17 LAWLER ""
4035.985 59.1141 0.422 -2.054 LI/LAW ""
4035.986 22.0 2.159 -2.6 "" ""
4036.005 106.00112 1.233 -4.424 3.464 AX00R275
4036.009 59.1141 0.422 -3.477 LI/LAW ""
4036.016 59.1141 0.422 -2.119 LI/LAW ""
4036.031 59.1141 0.422 -5.243 LI/LAW ""
4036.034 25.1 7.376 -3.94 "" ""
4036.038 59.1141 0.422 -3.279 LI/LAW ""
4036.044 59.1141 0.422 -2.185 LI/LAW ""
4036.048 90.0 0.0 -1.02 "" ""
4036.05 106.00112 1.491 -5.482 3.464 CX14R115
4036.056 106.00112 1.491 -5.391 3.464 CX14R125
4036.057 59.1141 0.422 -4.934 LI/LAW ""
4036.063 59.1141 0.422 -3.232 LI/LAW ""
4036.069 59.1141 0.422 -2.253 LI/LAW ""
4036.077 106.00113 1.708 -5.27 3.464 CX03Q215
4036.08 59.1141 0.422 -4.872 LI/LAW ""
4036.085 59.1141 0.422 -3.283 LI/LAW ""
4036.09 59.1141 0.422 -2.322 LI/LAW ""
4036.095 106.00112 1.598 -7.273 3.464 CX25R065
4036.099 59.1141 0.422 -5.055 LI/LAW ""
4036.104 59.1141 0.422 -3.481 LI/LAW ""
4036.108 59.1141 0.422 -2.39 LI/LAW ""
4036.111 68.0 0.624 -0.14 "" ""
4036.13 106.00112 1.491 -8.828 3.464 CX14Q125
4036.13 106.00113 1.708 -5.198 3.464 CX03Q225
4036.172 23.0 1.868 -6.71 "" ""
4036.208 25.0 4.657 -0.24 "" ""
4036.223 24.0 4.851 -2.44 "" ""
4036.228 607.01214 3.247 -2.617 7.724 1414Qc0025
4036.229 607.01214 3.247 -1.317 7.724 1414Pa0035
4036.229 607.01214 3.247 -1.471 7.724 1414Pb0025
4036.242 607.01314 3.265 -0.561 7.724 1414Pb0195
4036.296 106.00112 0.708 -7.627 3.464 AX10P195
4036.31 106.00113 0.704 -7.627 3.464 AX10P195
4036.33 66.1 0.54 -1.17 LAWLER ""
4036.34 25.0 4.675 -2.35 "" ""
4036.349 106.00113 0.347 -2.332 3.464 BX11Q015
4036.357 106.00113 0.347 -4.09 3.464 BX11R015
4036.367 26.0 2.756 -2.84 "" ""
4036.42 607.01314 3.265 -3.451 7.724 1414Qc0195
4036.43 26.0 4.073 -2.87 "" ""
4036.487 607.01314 3.265 -0.54 7.724 1414Pa0205
4036.493 106.00112 1.725 -4.836 3.464 CX25R105
4036.493 20.0 5.96 -7.26 "" ""
4036.493 25.0 3.376 -3.97 "" ""
4036.507 106.00112 1.725 -4.76 3.464 CX25R115
4036.52 60.1 0.32 -1.61 LAWLER ""
4036.544 22.0 1.429 -5.13 "" ""
4036.563 26.0 3.571 -4.19 "" ""
4036.565 90.1 0.23 -1.67 "" ""
4036.573 25.0 3.769 -1.06 "" ""
4036.584 106.00112 1.725 -8.078 3.464 CX25Q115
4036.585 57.1 0.916 -1.61 "" ""
4036.595 106.00113 0.339 -2.773 3.464 BX11Q005
4036.62 106.00113 1.105 -3.557 3.464 AX43P085
4036.656 106.00113 1.105 -4.834 3.464 AX43Q085
4036.659 42.0 3.3 -0.99 "" ""
4036.67 106.00112 0.342 -3.381 3.464 BX11P015
4036.675 106.00112 0.342 -2.331 3.464 BX11Q015
4036.705 23.0 1.08 -4.52 "" ""
4036.707 106.00112 1.034 -5.845 3.464 AX43P055
4036.73 106.00113 1.708 -9.329 3.464 CX03R215
4036.753 106.00113 1.523 -4.918 3.464 AX54R135
4036.757 106.00112 0.641 -5.034 3.464 BX11R135
4036.761 27.0 2.716 -6.73 "" ""
4036.764 23.1 1.475 -1.57 LAWNOHFS ""
4036.806 24.0 2.542 -3.04 "" ""
4036.806 24.1 4.916 -4.93 "" ""
4036.821 106.00112 1.577 -6.013 3.464 AX10Q305
4036.833 64.0 0.896 0.22 "" ""
4036.837 607.01214 3.248 -2.748 7.724 1414Qc0035
4036.839 21.0045 1.953 -2.28 LAWHFS ""
4036.84 607.01214 3.248 -1.204 7.724 1414Pa0045
4036.84 607.01214 3.248 -1.317 7.724 1414Pb0035
4036.842 21.0045 1.953 -2.28 LAWHFS ""
4036.846 21.0045 1.953 -2.46 LAWHFS ""
4036.847 21.0045 1.953 -2.59 LAWHFS ""
4036.851 106.00113 1.105 -3.491 3.464 AX43P095
4036.851 21.0045 1.953 -2.12 LAWHFS ""
4036.855 21.0045 1.953 -2.71 LAWHFS ""
4036.855 74.0 2.386 -0.05 "" ""
4036.857 21.0045 1.953 -2.15 LAWHFS ""
4036.862 21.0045 1.953 -2.11 LAWHFS ""
4036.868 21.0045 1.953 -3.14 LAWHFS ""
4036.869 106.00113 1.329 -4.54 3.464 AX43R145
4036.87 21.0045 1.953 -1.86 LAWHFS ""
4036.875 106.00112 1.577 -4.312 3.464 AX10P315
4036.876 21.0045 1.953 -2.27 LAWHFS ""
4036.885 21.0045 1.953 -1.65 LAWHFS ""
4036.9 106.00113 1.329 -2.509 3.464 AX43Q145
4036.93 23.1 6.312 -4.28 "" ""
4036.95 106.00112 1.034 -5.864 3.464 AX43P055
4036.952 106.00112 1.577 -4.657 3.464 AX10P305
4036.969 24.0 3.077 -4.04 "" ""
4036.971 106.00113 1.329 -2.435 3.464 AX43Q155
4036.994 25.0 4.602 -1.23 "" ""
4037.003 106.00113 1.329 -4.932 3.464 AX43P155
4037.059 106.00113 1.707 -2.049 3.464 AX43R225
4037.082 42.0 2.497 -2.2 "" ""
4037.1 62.1 0.277 -1.45 LAWLER ""
4037.102 106.00113 1.707 -2.111 3.464 AX43R215
4037.111 106.00113 1.226 -4.424 3.464 AX00R275
4037.124 106.00113 1.105 -3.557 3.464 AX43P085
4037.124 26.0 4.206 -0.71 "" ""
4037.129 26.0 2.452 -7.85 "" ""
4037.144 106.00112 0.348 -2.332 3.464 BX11Q015
4037.15 106.00113 1.707 -4.501 3.464 AX43Q225
4037.152 106.00112 0.348 -4.09 3.464 BX11R015
4037.16 106.00113 1.105 -4.85 3.464 AX43Q085
4037.168 26.0 3.639 -3.81 "" ""
4037.196 24.0 4.443 -1.57 "" ""
4037.196 27.0 2.326 -2.49 LAWNHFS ""
4037.204 57.0 0.0 -0.86 "" ""
4037.25 24.0 2.543 -2.21 "" ""
4037.251 25.0 4.751 -2.07 "" ""
4037.273 25.0 4.662 -1.27 "" ""
4037.294 24.0 2.543 -1.22 "" ""
4037.296 42.0 2.595 -1.54 "" ""
4037.302 106.00113 0.348 -3.749 3.464 BX11P025
4037.311 106.00113 0.348 -2.143 3.464 BX11Q025
4037.317 106.00113 1.105 -3.492 3.464 AX43P095
4037.32 64.1 0.662 -0.11 LAWLER ""
4037.375 58.1 1.087 -0.42 BIEMONT ""
4037.38 60.1 0.471 -1.45 LAWLER ""
4037.399 106.00112 0.34 -2.773 3.464 BX11Q005
4037.405 23.0 0.017 -4.13 "" ""
4037.471 607.01214 3.25 -2.847 7.724 1414Qc0045
4037.478 607.01214 3.25 -1.116 7.724 1414Pa0055
4037.478 607.01214 3.25 -1.204 7.724 1414Pb0045
4037.491 75.0 1.879 -1.06 "" ""
4037.542 607.01314 3.273 -0.54 7.724 1414Pb0205
4037.568 23.0 2.676 -3.1 "" ""
4037.568 25.0 3.769 -1.29 "" ""
4037.61 67.0 0.0 -1.15 "" ""
4037.616 106.00113 1.524 -4.877 3.464 AX54R135
4037.627 22.0 2.133 -2.36 "" ""
4037.662 58.1 0.736 -0.46 LAWLER ""
4037.678 106.00112 1.86 -8.336 3.464 CX14R195
4037.685 68.0 0.624 -0.16 "" ""
4037.737 44.0 1.192 -1.84 "" ""
4037.741 607.01314 3.273 -3.473 7.724 1414Qc0205
4037.746 106.00112 1.861 -4.335 3.464 CX14Q205
4037.746 26.0 2.277 -5.46 "" ""
4037.771 42.0 2.596 -1.25 "" ""
4037.789 106.00112 1.86 -4.414 3.464 CX14Q195
4037.817 26.0 2.849 -4.75 "" ""
4037.83 76.0 0.714 -2.36 "" ""
4037.837 106.00112 1.395 -4.885 3.464 AX54R095
4037.858 106.00112 1.861 -8.094 3.464 CX14P205
4037.89 64.1 0.556 -0.42 LAWLER ""
4037.903 106.00112 1.368 -4.862 3.464 AX54R085
4037.916 106.00112 1.654 -2.104 3.464 AX43R215
4037.934 106.00112 1.654 -2.168 3.464 AX43R205
4037.972 24.1 6.482 -0.56 "" ""
4037.98 27.0 2.04 -3.63 "" ""
4038.005 106.00112 1.654 -4.533 3.464 AX43Q215
4038.078 42.0 2.062 -1.34 "" ""
4038.09 62.1 0.434 -1.4 LAWLER ""
4038.104 106.00112 0.349 -3.749 3.464 BX11P025
4038.108 22.0 2.504 -4.23 "" ""
4038.113 106.00112 0.349 -2.143 3.464 BX11Q025
4038.12 60.1 0.182 -1.05 LAWLER ""
4038.132 607.01214 3.253 -2.928 7.724 1414Qc0055
4038.147 607.01214 3.253 -1.042 7.724 1414Pa0065
4038.147 607.01214 3.253 -1.116 7.724 1414Pb0055
4038.194 106.00113 1.33 -4.559 3.464 AX43R145
4038.229 106.00113 1.33 -2.509 3.464 AX43Q145
4038.233 106.00113 1.33 -2.435 3.464 AX43Q155
4038.256 106.00112 1.369 -4.836 3.464 AX54R085
4038.258 58.1 1.347 0.04 "" ""
4038.265 28.0 3.652 -1.0 "" ""
4038.268 106.00113 1.33 -4.916 3.464 AX43P155
4038.279 106.00112 1.395 -4.855 3.464 AX54R095
4038.313 106.00112 1.108 -3.557 3.464 AX43P085
4038.331 42.0 2.834 -2.32 "" ""
4038.343 106.00112 1.108 -4.834 3.464 AX43Q085
4038.368 26.0 3.637 -3.34 "" ""
4038.423 24.0 4.444 -4.2 "" ""
4038.449 26.1 5.906 -3.55 "" ""
4038.455 59.1 0.0 -0.53 "" ""
4038.497 26.0 4.183 -3.78 "" ""
4038.51 66.1 0.92 -0.95 LAWLER ""
4038.518 20.0 5.041 -1.26 "" ""
4038.542 106.00112 1.108 -3.491 3.464 AX43P095
4038.549 24.0 4.413 -2.39 "" ""
4038.553 23.1 2.759 -2.25 "" ""
4038.624 26.0 3.412 -1.89 "" ""
4038.635 26.0 3.299 -4.4 "" ""
4038.639 76.0 2.367 -0.98 "" ""
4038.659 23.0 1.929 -2.14 "" ""
4038.723 25.0 3.761 -1.04 "" ""
4038.746 106.00113 0.836 -11.088 3.464 AX21P165
4038.778 22.0 2.101 -2.1 "" ""
4038.79 26.0 3.544 -1.89 "" ""
4038.797 23.0 2.357 -5.87 "" ""
4038.798 106.00112 0.84 -11.088 3.464 AX21P165
4038.798 106.00112 1.424 -4.9 3.464 AX54R105
4038.804 24.0 4.443 -1.52 "" ""
4038.804 607.01214 3.256 -1.042 7.724 1414Pb0065
4038.817 27.1 5.462 -3.68 "" ""
4038.817 607.01214 3.256 -2.996 7.724 1414Qc0065
4038.819 106.00112 1.108 -3.556 3.464 AX43P085
4038.824 27.0 2.868 -3.75 "" ""
4038.825 66.0 1.25 0.34 "" ""
4038.827 24.0 3.085 -1.81 "" ""
4038.849 106.00112 1.108 -4.85 3.464 AX43Q085
4038.849 607.01214 3.256 -0.98 7.724 1414Pa0075
4038.856 106.00112 1.716 -9.328 3.464 CX03R215
4038.916 106.00112 1.345 -4.831 3.464 AX54R075
4038.919 106.00112 1.716 -5.198 3.464 CX03Q225
4038.919 106.00113 1.288 -4.659 3.464 AX54R045
4038.949 23.0 1.798 -3.18 "" ""
4038.961 27.0 2.716 -2.38 "" ""
4038.972 25.0 2.918 -4.55 "" ""
4038.976 106.00112 1.716 -5.269 3.464 CX03Q215
4038.977 23.0 1.802 -3.81 "" ""
4038.989 24.0 4.398 -4.21 "" ""
4038.991 42.0 3.393 -1.3 "" ""
4038.999 106.00112 1.345 -8.098 3.464 CX14R075
4039.003 106.00112 1.109 -3.491 3.464 AX43P095
4039.009 106.00113 1.288 -4.644 3.464 AX54R045
4039.035 28.0 1.934 -3.22 "" ""
4039.039 106.00112 1.716 -8.862 3.464 CX03P225
4039.039 106.00113 0.358 -2.143 3.464 BX11Q025
4039.054 106.00113 0.358 -4.211 3.464 BX11R025
4039.079 106.00113 1.688 -8.085 3.464 CX25Q105
4039.08 41.0 1.428 -0.7 "" ""
4039.09 24.0 3.847 0.39 "" ""
4039.168 27.0 3.277 -5.31 "" ""
4039.187 26.0 4.257 -3.73 "" ""
4039.189 106.00112 1.345 -4.807 3.464 AX54R075
4039.194 26.0 4.309 -2.28 "" ""
4039.197 106.00113 1.688 -4.915 3.464 CX25R095
4039.207 44.0 1.821 -0.32 "" ""
4039.22 28.0 1.949 -5.35 "" ""
4039.233 59.1141 0.204 -2.358 LI/LAW ""
4039.25 59.1141 0.204 -1.367 LI/LAW ""
4039.254 59.1141 0.204 -2.16 LI/LAW ""
4039.274 59.1141 0.204 -1.32 LI/LAW ""
4039.277 106.00112 1.148 -4.485 3.464 AX00R265
4039.28 59.1141 0.204 -2.108 LI/LAW ""
4039.287 106.00113 1.688 -4.837 3.464 CX25R105
4039.29 59.1141 0.204 -2.358 LI/LAW ""
4039.292 106.00113 0.487 -2.169 3.464 BX11R085
4039.296 24.0 3.847 -0.66 "" ""
4039.3 25.0 4.675 -0.6 "" ""
4039.303 59.1141 0.204 -1.25 LI/LAW ""
4039.304 27.0 2.784 -3.79 "" ""
4039.31 59.1141 0.204 -2.154 LI/LAW ""
4039.323 59.1141 0.204 -2.16 LI/LAW ""
4039.335 27.0 3.277 -5.33 "" ""
4039.337 106.00112 1.424 -4.867 3.464 AX54R105
4039.337 59.1141 0.204 -1.168 LI/LAW ""
4039.347 59.1141 0.204 -2.349 LI/LAW ""
4039.361 59.1141 0.204 -2.108 LI/LAW ""
4039.377 59.1141 0.204 -1.08 LI/LAW ""
4039.394 6.0 7.94 -2.87 "" ""
4039.404 59.1141 0.204 -2.154 LI/LAW ""
4039.422 59.1141 0.204 -0.991 LI/LAW ""
4039.453 59.1141 0.204 -2.349 LI/LAW ""
4039.486 106.00113 1.359 -5.632 3.464 AX21Q245
4039.49 64.1 1.525 -0.34 "" ""
4039.499 106.00113 0.341 -2.201 3.464 BX11P015
4039.509 23.0 1.944 -2.71 "" ""
4039.51 106.00113 0.488 -6.433 3.464 BX11Q095
4039.524 41.0 1.612 -0.05 "" ""
4039.529 106.00113 1.359 -3.869 3.464 AX21P255
4039.529 607.01214 3.259 -3.055 7.724 1414Qc0075
4039.537 25.0 4.604 -2.78 "" ""
4039.54 607.01214 3.259 -0.98 7.724 1414Pb0075
4039.548 106.00113 0.488 -2.154 3.464 BX11R095
4039.55 60.1 0.559 -1.17 LAWLER ""
4039.558 24.0 3.695 -1.52 "" ""
4039.571 23.1 1.816 -2.11 "" ""
4039.597 22.0 2.115 -2.42 "" ""
4039.62 106.00113 1.359 -4.054 3.464 AX21P245
4039.639 26.1 4.734 -4.67 "" ""
4039.643 68.0 1.533 0.36 "" ""
4039.653 26.1 4.612 -6.85 "" ""
4039.664 64.1 1.496 -0.18 "" ""
4039.665 106.00112 1.334 -4.54 3.464 AX43R145
4039.667 26.0 2.996 -8.62 "" ""
4039.677 106.00113 0.358 -3.96 3.464 BX11P035
4039.681 25.1 5.394 -3.36 "" ""
4039.689 106.00113 0.358 -2.021 3.464 BX11Q035
4039.705 106.00112 1.334 -2.508 3.464 AX43Q145
4039.709 607.01214 3.259 -0.926 7.724 1414Pa0085
4039.744 92.0 0.947 -0.24 "" ""
4039.775 106.00112 1.334 -2.434 3.464 AX43Q155
4039.787 106.00113 1.572 -4.313 3.464 AX10P315
4039.794 106.00113 1.709 -2.049 3.464 AX43R225
4039.798 22.0 0.835 -3.08 "" ""
4039.808 24.0 2.985 -4.67 "" ""
4039.814 106.00112 1.197 -5.298 3.464 AX32Q175
4039.815 106.00112 1.334 -4.932 3.464 AX43P155
4039.822 39.0 0.0 -0.78 "" ""
4039.857 74.0 2.351 -0.21 "" ""
4039.86 106.00112 0.359 -2.143 3.464 BX11Q025
4039.865 90.0 1.76 0.37 "" ""
4039.867 26.0 3.299 -4.0 "" ""
4039.872 106.00112 0.359 -4.211 3.464 BX11R025
4039.873 106.00112 1.197 -3.678 3.464 AX32P175
4039.874 58.1 1.089 -0.52 "" ""
4039.876 106.00113 1.709 -4.466 3.464 AX43Q225
4039.885 106.00113 1.572 -6.06 3.464 AX10Q305
4039.905 106.00112 1.197 -3.577 3.464 AX32P185
4039.92 106.00113 1.709 -2.111 3.464 AX43R215
4039.938 26.0 2.725 -3.16 "" ""
4040.012 106.00113 1.572 -4.658 3.464 AX10P305
4040.021 106.00112 1.656 -2.104 3.464 AX43R215
4040.028 27.1 3.405 -2.58 "" ""
4040.032 24.0 4.444 -0.7 "" ""
4040.052 6.0 7.94 -3.78 "" ""
4040.072 77.0 0.717 -2.31 "" ""
4040.111 106.00112 1.656 -4.499 3.464 AX43Q215
4040.134 106.00112 1.656 -2.168 3.464 AX43R205
4040.186 106.00113 1.193 -5.298 3.464 AX32Q175
4040.206 106.00112 0.489 -2.169 3.464 BX11R085
4040.216 106.00113 1.193 -3.678 3.464 AX32P175
4040.223 607.01214 3.262 -0.926 7.724 1414Pb0085
4040.24 40.1 0.931 -1.65 Ljung06 ""
4040.247 106.00112 1.366 -5.631 3.464 AX21Q245
4040.254 607.01214 3.262 -0.878 7.724 1414Pa0095
4040.266 607.01214 3.262 -3.107 7.724 1414Qc0085
4040.27 106.00113 1.193 -3.577 3.464 AX32P185
4040.291 23.0 2.121 -1.0 LAWNOHFS ""
4040.292 106.00112 1.647 -4.655 3.464 AX32R245
4040.308 106.00112 0.342 -2.201 3.464 BX11P015
4040.309 106.00112 1.366 -3.869 3.464 AX21P255
4040.316 22.0 2.115 -0.55 "" ""
4040.329 106.00112 1.366 -4.054 3.464 AX21P245
4040.352 106.00112 1.648 -2.17 3.464 AX32Q255
4040.406 106.00112 1.647 -2.261 3.464 AX32Q245
4040.407 106.00113 0.837 -11.138 3.464 AX21P165
4040.415 25.0 4.341 -1.67 "" ""
4040.424 106.00112 0.489 -6.433 3.464 BX11Q095
4040.427 23.0 1.929 -5.53 "" ""
4040.434 106.00113 1.142 -4.485 3.464 AX00R265
4040.442 24.0 4.613 -1.61 "" ""
4040.461 106.00112 0.489 -2.154 3.464 BX11R095
4040.464 44.0 2.79 -0.33 "" ""
4040.466 106.00112 1.648 -5.186 3.464 AX32P255
4040.476 41.0 0.267 -1.78 "" ""
4040.485 106.00112 0.841 -11.138 3.464 AX21P165
4040.501 106.00112 0.359 -3.96 3.464 BX11P035
4040.513 106.00112 0.359 -2.021 3.464 BX11Q035
4040.587 27.0 3.684 -0.84 "" ""
4040.588 74.0 2.434 -0.61 "" ""
4040.608 22.1 5.419 -3.6 "" ""
4040.626 42.0 3.075 -1.5 "" ""
4040.638 26.0 3.298 -1.12 "" ""
4040.659 24.0 4.446 -3.41 "" ""
4040.664 21.0 2.336 -2.28 "" ""
4040.669 27.0 2.628 -6.21 "" ""
4040.753 58.1 0.445 0.21 LAWLER ""
4040.756 24.0 3.009 -2.98 "" ""
4040.764 28.0 3.594 -5.22 "" ""
4040.79 60.1 0.182 0.12 LAWLER ""
4040.792 27.0 2.278 -1.92 LAWNHFS ""
4040.809 106.00112 1.324 -4.788 3.464 AX54R065
4040.811 67.0 0.0 0.11 "" ""
4040.828 26.0 3.639 -5.32 "" ""
4040.855 20.0 5.963 -2.12 "" ""
4040.866 73.0 0.696 -1.54 "" ""
4040.88 106.00112 1.456 -4.909 3.464 AX54R115
4040.923 106.00112 1.335 -4.559 3.464 AX43R145
4040.93 79.0 2.656 -1.21 "" ""
4040.961 106.00112 1.335 -2.434 3.464 AX43Q155
4040.963 106.00112 1.335 -2.508 3.464 AX43Q145
4041.001 106.00112 1.335 -4.915 3.464 AX43P155
4041.012 106.00112 1.324 -4.767 3.464 AX54R065
4041.025 607.01214 3.266 -0.878 7.724 1414Pb0095
4041.029 607.01214 3.266 -3.154 7.724 1414Qc0095
4041.034 24.0 3.077 -3.39 "" ""
4041.037 607.01214 3.267 -0.834 7.724 1414Pa0105
4041.054 73.0 0.0 -2.23 "" ""
4041.06 60.1 0.471 -0.53 LAWLER ""
4041.064 106.00112 1.58 -4.313 3.464 AX10P315
4041.113 42.0 3.435 -0.92 "" ""
4041.141 106.00112 1.58 -6.06 3.464 AX10Q305
4041.181 106.00113 1.798 -8.11 3.464 CX14P195
4041.204 90.1 1.345 -0.57 "" ""
4041.228 24.0 2.542 -3.23 "" ""
4041.269 58.1 0.739 -0.78 LAWLER ""
4041.271 26.0 3.299 -1.99 "" ""
4041.275 106.00112 1.58 -4.657 3.464 AX10P305
4041.279 26.0 3.298 -3.65 "" ""
4041.298 106.00113 1.451 -8.86 3.464 CX14Q115
4041.321 25.0055 2.113 -1.531 LAWHFS ""
4041.323 25.0055 2.113 -0.887 LAWHFS ""
4041.327 25.0055 2.113 -1.334 LAWHFS ""
4041.329 25.0055 2.113 -0.833 LAWHFS ""
4041.331 25.0055 2.113 -1.531 LAWHFS ""
4041.332 25.0 5.083 -0.03 "" ""
4041.336 25.0055 2.113 -1.278 LAWHFS ""
4041.338 25.0055 2.113 -0.727 LAWHFS ""
4041.34 25.0055 2.113 -1.334 LAWHFS ""
4041.347 25.0055 2.113 -1.319 LAWHFS ""
4041.35 25.0055 2.113 -0.603 LAWHFS ""
4041.352 25.0055 2.113 -1.278 LAWHFS ""
4041.36 25.0055 2.113 -1.509 LAWHFS ""
4041.364 25.0055 2.113 -0.475 LAWHFS ""
4041.366 25.0055 2.113 -1.319 LAWHFS ""
4041.38 25.0055 2.113 -0.35 LAWHFS ""
4041.384 25.0055 2.113 -1.509 LAWHFS ""
4041.469 23.0 2.614 -3.69 "" ""
4041.471 106.00113 1.451 -5.574 3.464 CX14R105
4041.482 22.0 1.738 -3.18 "" ""
4041.52 23.0 2.129 -1.16 "" ""
4041.525 106.00112 1.456 -4.874 3.464 AX54R115
4041.577 106.00113 1.451 -5.483 3.464 CX14R115
4041.596 23.1 3.793 -3.02 "" ""
4041.6 25.0 4.191 -1.8 "" ""
4041.601 106.00112 1.199 -5.328 3.464 AX32Q175
4041.606 106.00112 1.199 -3.577 3.464 AX32P185
4041.622 106.00113 1.799 -4.496 3.464 CX14Q185
4041.64 40.0 1.883 0.01 "" ""
4041.641 26.1 5.565 -3.13 "" ""
4041.649 26.0 4.206 -0.51 "" ""
4041.659 106.00112 1.199 -3.678 3.464 AX32P175
4041.67 62.1 0.188 -0.99 LAWLER ""
4041.678 27.0 2.135 -5.29 "" ""
4041.679 106.00113 1.798 -4.416 3.464 CX14Q195
4041.713 22.0 2.776 -2.48 "" ""
4041.743 607.01214 3.271 -0.834 7.724 1414Pb0105
4041.797 24.0 2.542 -2.1 "" ""
4041.811 106.00113 1.563 -4.918 3.464 AX54R145
4041.816 607.01214 3.271 -0.795 7.724 1414Pa0115
4041.818 607.01214 3.271 -3.196 7.724 1414Qc0105
4041.847 26.1 2.34 -7.73 "" ""
4041.85 23.0 1.798 -3.3 "" ""
4041.865 106.00113 1.576 -7.24 3.464 CX25R055
4041.903 106.00113 1.194 -3.577 3.464 AX32P185
4041.909 106.00113 1.194 -5.328 3.464 AX32Q175
4041.912 26.0 3.299 -3.05 "" ""
4041.961 76.0 2.405 -0.25 "" ""
4041.98 66.1 0.93 -0.9 LAWLER ""
4042.004 106.00113 1.194 -3.678 3.464 AX32P175
4042.018 25.0 3.38 -3.71 "" ""
4042.043 26.0 2.422 -4.22 "" ""
4042.075 22.1 5.028 -2.37 "" ""
4042.12 106.00113 1.799 -8.365 3.464 CX14R185
4042.128 58.1 1.106 -0.69 "" ""
4042.165 24.0 4.614 -0.91 "" ""
4042.23 40.0 1.395 -0.09 "" ""
4042.242 24.0 2.543 -1.82 "" ""
4042.291 25.0 3.132 -7.59 "" ""
4042.356 25.0 4.723 -4.07 "" ""
4042.36 28.0 3.895 -1.48 "" ""
4042.381 25.0 4.27 -2.08 "" ""
4042.382 23.1 1.564 -3.95 "" ""
4042.44 60.1 0.204 -1.33 LAWLER ""
4042.473 24.0 2.98 -5.29 "" ""
4042.48 106.00113 0.371 -2.021 3.464 BX11Q035
4042.498 106.00113 0.371 -4.31 3.464 BX11R035
4042.519 20.0 4.677 -5.02 "" ""
4042.536 23.1 6.019 -2.59 "" ""
4042.544 106.00113 1.362 -3.869 3.464 AX21P255
4042.572 41.0 1.504 -0.62 "" ""
4042.581 58.1 0.495 0.0 LAWLER ""
4042.584 106.00113 1.362 -5.671 3.464 AX21Q245
4042.595 106.00112 1.151 -4.412 3.464 AX00R265
4042.604 106.00113 1.285 -9.781 3.464 CX03Q145
4042.605 22.0 2.173 -2.33 "" ""
4042.622 607.01214 3.276 -0.795 7.724 1414Pb0115
4042.63 23.0 1.892 -0.57 LAWNOHFS ""
4042.633 607.01214 3.276 -3.234 7.724 1414Qc0115
4042.645 607.01214 3.276 -0.76 7.724 1414Pa0125
4042.693 106.00113 1.362 -4.054 3.464 AX21P245
4042.71 62.1 0.04 -0.99 LAWLER ""
4042.75 92.0 0.077 0.05 "" ""
4042.752 64.1 1.446 -0.65 "" ""
4042.756 26.0 3.281 -3.27 "" ""
4042.801 106.00113 1.564 -4.875 3.464 AX54R145
4042.867 42.0 3.165 -0.48 "" ""
4042.879 23.0 0.0 -6.0 "" ""
