wavelength species excitation loggf disassociation_energy comment
3913.09 607.01214 2.668 -3.357 7.724 1111Qd0175
3913.103 106.00113 0.408 -6.376 3.464 AX21P055
3913.109 106.00113 1.194 -5.176 3.464 AX32Q185
3913.109 23.0 1.182 -2.52 "" ""
3913.115 106.00113 1.194 -2.806 3.464 AX32R175
3913.117 27.0 3.684 -2.35 "" ""
3913.122 607.01214 2.58 -3.59 7.724 1010Qc0295
3913.137 23.1 3.121 -3.45 "" ""
3913.146 607.01214 2.58 -0.338 7.724 1010Pa0305
3913.15 607.01214 2.668 -0.553 7.724 1111Rb0165
3913.168 28.0 4.085 -1.54 "" ""
3913.189 106.00113 0.408 -7.646 3.464 AX21Q055
3913.221 23.1 6.144 -4.18 "" ""
3913.246 23.1 6.291 -4.72 "" ""
3913.294 106.00112 0.27 -7.133 3.464 AX10Q115
3913.305 106.00112 0.27 -4.627 3.464 AX10P115
3913.31 106.00113 1.309 -3.434 3.464 AX10Q285
3913.317 106.00112 0.681 -4.337 3.464 AX32R025
3913.347 106.00113 0.408 -6.375 3.464 AX21P055
3913.348 27.1 5.462 -3.62 "" ""
3913.365 607.01314 2.553 -1.696 7.724 1111Ra0005
3913.366 607.01314 2.553 -1.997 7.724 1111Qd0005
3913.37 23.0 2.276 -6.79 "" ""
3913.377 22.0 2.235 -2.98 "" ""
3913.382 106.00112 1.317 -3.434 3.464 AX10Q285
3913.384 42.0 3.3 -1.39 "" ""
3913.385 607.01214 2.66 -0.553 7.724 1111Ra0165
3913.386 106.00112 0.681 -4.337 3.464 AX32R025
3913.389 106.00113 1.31 -5.744 3.464 AX10R275
3913.41 106.00113 1.477 -8.939 3.464 CX03R185
3913.423 106.00113 1.309 -8.371 3.464 AX10P285
3913.428 607.01214 2.66 -3.333 7.724 1111Qd0165
3913.434 106.00113 0.408 -7.657 3.464 AX21Q055
3913.446 106.00112 1.317 -5.744 3.464 AX10R275
3913.446 607.01314 2.686 -3.728 7.724 1010Qc0405
3913.448 106.00112 0.27 -4.588 3.464 AX10P125
3913.461 22.1 1.115 -0.36 LAWLER ""
3913.485 23.1 5.463 -4.75 "" ""
3913.5 106.00112 1.317 -8.371 3.464 AX10P285
3913.501 607.01214 2.66 -0.58 7.724 1111Rb0155
3913.502 106.00113 0.408 -6.208 3.464 AX21P065
3913.502 106.00113 1.31 -3.588 3.464 AX10Q275
3913.508 45.0 0.19 -2.34 "" ""
3913.519 42.0 3.697 -0.92 "" ""
3913.541 607.01314 2.686 -0.222 7.724 1010Pb0405
3913.546 59.1 0.0 -0.85 "" ""
3913.55 62.1 0.188 -1.97 LAWLER ""
3913.564 106.00112 1.317 -3.588 3.464 AX10Q275
3913.578 23.0 2.267 -1.46 "" ""
3913.599 28.0 4.085 -3.72 "" ""
3913.618 106.00113 1.707 -5.321 3.464 AX53R215
3913.619 66.0 0.937 -0.04 "" ""
3913.632 26.0 2.277 -1.66 "" ""
3913.663 106.00113 1.707 -3.081 3.464 AX53Q225
3913.667 106.00113 1.707 -3.305 3.464 AX53Q215
3913.668 62.1 0.932 -1.12 "" ""
3913.68 60.1 0.182 -1.13 LAWLER ""
3913.709 106.00113 0.052 -1.642 3.464 BX00P045
3913.712 106.00113 1.707 -6.468 3.464 AX53P225
3913.715 106.00113 0.408 -6.208 3.464 AX21P065
3913.728 106.00113 0.052 -5.521 3.464 BX00Q045
3913.735 607.01214 2.654 -0.58 7.724 1111Ra0155
3913.777 607.01214 2.654 -3.307 7.724 1111Qd0155
3913.78 64.1 0.556 -1.63 LAWLER ""
3913.82 23.0 2.129 -3.71 "" ""
3913.824 28.0 4.086 -2.7 "" ""
3913.824 90.1 0.23 -2.26 "" ""
3913.861 24.0 3.847 -3.58 "" ""
3913.869 23.0 1.05 -3.48 "" ""
3913.885 607.01214 2.654 -0.608 7.724 1111Rb0145
3913.908 106.00112 0.681 -5.239 3.464 AX32Q035
3913.92 75.0 1.954 -0.86 "" ""
3913.943 23.1 6.286 -3.54 "" ""
3913.961 106.00112 0.681 -5.233 3.464 AX32Q035
3913.972 106.00113 0.679 -4.337 3.464 AX32R025
3913.972 66.1 1.528 -0.24 "" ""
3913.974 106.00112 1.255 -2.728 3.464 AX32R185
3913.978 106.00112 1.255 -2.649 3.464 AX32R195
3913.992 58.1 0.56 -0.92 LAWLER ""
3914.007 106.00112 0.052 -1.642 3.464 BX00P045
3914.024 106.00112 0.681 -4.143 3.464 AX32R035
3914.027 106.00112 0.052 -5.521 3.464 BX00Q045
3914.041 106.00113 0.679 -4.337 3.464 AX32R025
3914.048 106.00113 0.268 -7.133 3.464 AX10Q115
3914.054 106.00112 1.255 -5.161 3.464 AX32Q195
3914.056 23.0 2.053 -1.49 "" ""
3914.057 106.00113 0.268 -4.627 3.464 AX10P115
3914.077 106.00112 0.681 -4.143 3.464 AX32R035
3914.087 106.00112 0.642 -1.837 3.464 BX10P185
3914.094 607.01214 2.647 -0.608 7.724 1111Ra0145
3914.114 106.00112 1.507 -7.228 3.464 AX42P225
3914.118 106.00113 0.052 -1.591 3.464 BX00P055
3914.136 607.01214 2.647 -3.28 7.724 1111Qd0145
3914.138 106.00112 0.098 -7.257 3.464 AX10P065
3914.148 106.00112 0.642 -6.962 3.464 BX10Q185
3914.148 25.0 3.856 -2.26 "" ""
3914.166 58.1 0.792 -0.58 BIEMONT ""
3914.183 22.0 2.693 -3.79 "" ""
3914.183 22.1 1.89 -2.05 LAWLER ""
3914.19 106.00112 0.27 -7.154 3.464 AX10Q115
3914.2 106.00113 0.268 -4.588 3.464 AX10P125
3914.201 106.00112 0.27 -4.627 3.464 AX10P115
3914.208 20.0 5.792 -5.2 "" ""
3914.23 106.00112 0.642 -1.846 3.464 BX10P195
3914.24 106.00112 1.704 -7.841 3.464 CX14R175
3914.274 26.0 3.281 -1.43 "" ""
3914.282 106.00112 0.27 -4.588 3.464 AX10P125
3914.305 26.0 4.175 -3.32 "" ""
3914.307 23.0 2.676 -1.3 "" ""
3914.314 40.1 2.418 -0.51 "" ""
3914.326 23.1 1.792 -1.02 "" ""
3914.335 22.0 0.048 -1.33 "" ""
3914.35 25.0 4.709 -1.85 "" ""
3914.355 607.01314 2.554 -1.998 7.724 1111Qc0005
3914.356 607.01314 2.554 -1.697 7.724 1111Pa0015
3914.358 106.00112 0.896 -5.574 3.464 AX21R175
3914.358 607.01214 2.642 -0.67 7.724 1111Rb0125
3914.379 607.01214 2.593 -3.603 7.724 1010Qc0305
3914.379 607.01214 2.647 -0.638 7.724 1111Rb0135
3914.396 23.0 2.276 -0.04 "" ""
3914.405 607.01214 2.593 -0.324 7.724 1010Pa0315
3914.416 106.00112 0.896 -3.771 3.464 AX21Q175
3914.418 26.0 3.271 -2.17 "" ""
3914.419 106.00112 0.053 -1.591 3.464 BX00P055
3914.446 106.00112 0.896 -3.638 3.464 AX21Q185
3914.45 22.1 4.915 -4.62 "" ""
3914.465 607.01214 2.642 -0.638 7.724 1111Ra0135
3914.477 106.00112 0.098 -7.279 3.464 AX10P065
3914.496 28.0 4.15 -1.04 "" ""
3914.501 23.0 2.364 -1.32 "" ""
3914.503 26.1 1.669 -4.05 "" ""
3914.504 106.00112 0.896 -7.828 3.464 AX21P185
3914.505 607.01214 2.642 -3.25 7.724 1111Qd0135
3914.56 106.00113 0.679 -5.239 3.464 AX32Q035
3914.576 26.0 3.271 -4.01 "" ""
3914.58 26.0 4.28 -3.34 "" ""
3914.613 106.00113 0.679 -5.233 3.464 AX32Q035
3914.672 21.0 2.612 -4.26 "" ""
3914.676 106.00113 0.679 -4.142 3.464 AX32R035
3914.686 41.0 1.353 0.18 "" ""
3914.728 106.00113 0.679 -4.143 3.464 AX32R035
3914.733 24.0 2.542 -3.86 "" ""
3914.734 22.0 0.0 -2.24 "" ""
3914.743 26.0 3.879 -3.6 "" ""
3914.762 26.0 3.249 -2.48 "" ""
3914.818 607.01214 2.636 -0.704 7.724 1111Rb0115
3914.847 607.01214 2.636 -0.67 7.724 1111Ra0125
3914.85 44.0 0.997 -1.44 "" ""
3914.862 607.01314 2.554 -2.396 7.724 1111Qc0015
3914.864 607.01314 2.554 -1.442 7.724 1111Pa0025
3914.864 607.01314 2.554 -1.697 7.724 1111Pb0015
3914.87 66.1 0.54 -0.93 LAWLER ""
3914.885 607.01214 2.636 -3.218 7.724 1111Qd0125
3914.889 106.00113 0.892 -5.574 3.464 AX21R175
3914.913 106.00113 0.097 -7.257 3.464 AX10P065
3914.931 24.0 3.009 -1.81 "" ""
3914.934 106.00113 0.269 -7.154 3.464 AX10Q115
3914.943 106.00113 0.269 -4.626 3.464 AX10P115
3914.947 58.1 0.464 -1.16 LAWLER ""
3914.955 106.00113 0.892 -3.771 3.464 AX21Q175
3914.956 21.0 2.301 -0.62 "" ""
3914.956 26.0 3.109 -6.09 "" ""
3914.971 106.00113 0.892 -3.638 3.464 AX21Q185
3914.982 26.0 4.291 -2.85 "" ""
3915.001 106.00112 0.372 -8.91 3.464 AX21P035
3915.002 21.0 2.567 -3.7 "" ""
3915.014 42.0 2.075 -2.49 "" ""
3915.025 106.00113 0.269 -4.588 3.464 AX10P125
3915.037 106.00113 0.892 -7.828 3.464 AX21P185
3915.056 26.0 2.849 -5.59 "" ""
3915.057 25.0 4.191 -3.37 "" ""
3915.073 26.0 3.271 -4.44 "" ""
3915.091 24.0 4.407 -2.79 "" ""
3915.105 3.0 1.846 -6.21 "" ""
3915.117 23.0 1.858 -1.23 LAWNOHFS ""
3915.121 106.00112 0.372 -8.923 3.464 AX21P035
3915.151 24.0 2.543 -4.19 "" ""
3915.192 24.0 2.543 -3.07 "" ""
3915.237 607.01214 2.631 -0.704 7.724 1111Ra0115
3915.237 607.01214 2.631 -0.741 7.724 1111Rb0105
3915.248 106.00113 0.097 -7.278 3.464 AX10P065
3915.269 24.1 4.916 -3.46 "" ""
3915.275 106.00113 0.19 -1.216 3.464 BX00Q095
3915.276 607.01214 2.631 -3.184 7.724 1111Qd0115
3915.295 3.0 1.846 -1.34 "" ""
3915.304 27.0 3.684 -1.55 "" ""
3915.316 106.00113 0.19 -4.185 3.464 BX00R095
3915.338 22.1 4.947 -2.24 "" ""
3915.346 3.0 1.846 -1.08 "" ""
3915.347 3.0 1.846 -2.04 "" ""
3915.377 607.01314 2.556 -2.587 7.724 1111Qc0025
3915.38 607.01314 2.556 -1.288 7.724 1111Pa0035
3915.38 607.01314 2.556 -1.442 7.724 1111Pb0025
3915.382 77.0 1.224 -1.11 "" ""
3915.412 106.00113 0.19 -4.127 3.464 BX00P105
3915.412 22.0 2.248 -4.53 "" ""
3915.422 42.1 3.055 -0.37 "" ""
3915.429 42.0 2.834 -0.79 "" ""
3915.44 22.1 1.891 -4.76 "" ""
3915.454 106.00113 0.19 -1.184 3.464 BX00Q105
3915.472 26.0 3.926 -1.95 "" ""
3915.476 23.0 2.113 -5.57 "" ""
3915.489 74.1 2.905 -1.21 "" ""
3915.502 27.0 2.278 -2.22 LAWNHFS ""
3915.509 24.1 6.8 -4.1 "" ""
3915.519 58.1 0.703 -0.24 BIEMONT ""
3915.534 106.00113 1.392 -5.639 3.464 AX10R285
3915.546 22.0 2.776 -4.12 "" ""
3915.566 106.00113 1.392 -3.288 3.464 AX10Q295
3915.59 66.1 0.59 -0.77 LAWLER ""
3915.597 21.1 4.846 -2.56 "" ""
3915.609 106.00112 0.191 -1.216 3.464 BX00Q095
3915.609 28.0 3.304 -5.03 "" ""
3915.646 607.01214 2.626 -0.741 7.724 1111Ra0105
3915.646 607.01214 2.626 -0.781 7.724 1111Rb0095
3915.65 106.00113 1.392 -3.434 3.464 AX10Q285
3915.653 106.00112 0.191 -4.185 3.464 BX00R095
3915.66 42.0 3.441 -1.28 "" ""
3915.677 607.01214 2.626 -3.146 7.724 1111Qd0105
3915.682 106.00113 1.392 -7.612 3.464 AX10P295
3915.727 106.00112 1.256 -2.649 3.464 AX32R195
3915.733 106.00113 1.25 -2.728 3.464 AX32R185
3915.735 106.00113 0.371 -8.91 3.464 AX21P035
3915.747 106.00112 0.192 -4.127 3.464 BX00P105
3915.773 106.00113 1.25 -2.648 3.464 AX32R195
3915.79 106.00112 0.192 -1.184 3.464 BX00Q105
3915.803 106.00112 1.256 -5.131 3.464 AX32Q195
3915.805 106.00113 1.25 -5.161 3.464 AX32Q195
3915.808 106.00112 1.256 -2.728 3.464 AX32R185
3915.81 106.00112 1.4 -5.639 3.464 AX10R285
3915.814 106.00112 1.483 -8.939 3.464 CX03R185
3915.839 24.0 3.008 -0.14 "" ""
3915.845 26.0 3.544 -2.37 "" ""
3915.854 106.00113 0.371 -8.923 3.464 AX21P035
3915.862 106.00112 1.4 -3.288 3.464 AX10Q295
3915.874 22.0 0.021 -1.59 "" ""
3915.877 92.1 1.044 -0.24 "" ""
3915.901 607.01314 2.557 -2.718 7.724 1111Qc0035
3915.904 607.01314 2.557 -1.175 7.724 1111Pa0045
3915.904 607.01314 2.557 -1.288 7.724 1111Pb0035
3915.933 106.00112 1.4 -3.434 3.464 AX10Q285
3915.934 40.1 0.527 -0.85 Ljung06 ""
3915.94 60.1 0.204 -0.72 LAWLER ""
3915.985 106.00112 1.4 -7.612 3.464 AX10P295
3915.998 68.0 1.332 0.27 "" ""
3916.006 57.1139 0.235 -1.104 Lawle01HFS ""
3916.026 57.1139 0.235 -1.3 Lawle01HFS ""
3916.032 57.1139 0.235 -1.3 Lawle01HFS ""
3916.049 26.0 4.28 -2.85 "" ""
3916.052 57.1139 0.235 -2.486 Lawle01HFS ""
3916.059 607.01214 2.622 -0.781 7.724 1111Ra0095
3916.061 26.0 4.151 -2.66 "" ""
3916.066 607.01214 2.622 -0.826 7.724 1111Rb0085
3916.068 57.1139 0.235 -1.304 Lawle01HFS ""
3916.069 23.0 2.073 -1.85 "" ""
3916.073 57.1139 0.235 -1.304 Lawle01HFS ""
3916.089 57.1139 0.235 -1.559 Lawle01HFS ""
3916.089 607.01214 2.622 -3.105 7.724 1111Qd0095
3916.095 22.0 2.425 -1.11 "" ""
3916.103 106.00112 0.898 -5.595 3.464 AX21R175
3916.105 24.0 4.613 -2.52 "" ""
3916.108 106.00112 0.898 -3.638 3.464 AX21Q185
3916.108 21.0 1.432 -4.19 "" ""
3916.12 23.0 2.357 -2.2 "" ""
3916.14 58.1 0.529 -0.66 LAWLER ""
3916.146 25.0 4.657 -2.35 "" ""
3916.161 106.00112 0.898 -3.771 3.464 AX21Q175
3916.166 106.00112 0.898 -7.809 3.464 AX21P185
3916.168 106.00112 0.671 -4.553 3.464 AX32R015
3916.178 106.00113 1.709 -3.082 3.464 AX53Q225
3916.202 106.00112 0.671 -4.552 3.464 AX32R015
3916.22 106.00113 1.709 -5.347 3.464 AX53R215
3916.23 25.0 3.768 -3.91 "" ""
3916.231 106.00113 1.709 -6.444 3.464 AX53P225
3916.239 24.0 0.968 -1.75 SOBECK ""
3916.272 106.00113 1.709 -3.305 3.464 AX53Q215
3916.361 62.1 1.075 -1.16 "" ""
3916.394 23.1051 1.427 -1.593 LAWLER ""
3916.402 23.1051 1.427 -1.886 LAWLER ""
3916.402 23.1051 1.427 -2.082 LAWLER ""
3916.404 25.0 4.27 -0.89 "" ""
3916.409 23.1051 1.427 -1.966 LAWLER ""
3916.409 23.1051 1.427 -2.341 LAWLER ""
3916.409 23.1051 1.427 -2.781 LAWLER ""
3916.414 23.1051 1.427 -2.086 LAWLER ""
3916.414 23.1051 1.427 -2.341 LAWLER ""
3916.418 23.1051 1.427 -2.07 LAWLER ""
3916.418 90.0 0.0 -1.66 "" ""
3916.422 21.0 2.292 -1.38 "" ""
3916.43 42.0 3.396 -0.91 "" ""
3916.432 607.01314 2.559 -2.817 7.724 1111Qc0045
3916.436 607.01314 2.559 -1.086 7.724 1111Pa0055
3916.436 607.01314 2.559 -1.175 7.724 1111Pb0045
3916.476 69.0 1.087 0.94 "" ""
3916.482 607.01214 2.618 -0.826 7.724 1111Ra0085
3916.493 607.01214 2.618 -0.875 7.724 1111Rb0075
3916.51 64.1 0.6 -0.05 LAWLER ""
3916.511 607.01214 2.618 -3.059 7.724 1111Qd0085
3916.521 92.0 0.87 -0.03 "" ""
3916.562 21.0 2.562 -3.06 "" ""
3916.586 25.0 3.85 -0.18 "" ""
3916.594 106.00112 1.509 -7.291 3.464 AX42P225
3916.604 106.00113 0.894 -5.595 3.464 AX21R175
3916.61 64.1 0.556 -2.0 LAWLER ""
3916.612 106.00113 0.894 -3.638 3.464 AX21Q185
3916.646 40.0 0.154 -1.45 "" ""
3916.681 106.00113 0.894 -3.771 3.464 AX21Q175
3916.683 23.1 6.182 -4.2 "" ""
3916.689 106.00113 0.894 -7.809 3.464 AX21P185
3916.715 21.0 2.507 -2.65 "" ""
3916.731 26.0 3.234 -0.52 "" ""
3916.74 22.1 4.965 -0.94 "" ""
3916.796 90.1 2.196 0.09 "" ""
3916.8 23.0 3.113 -3.53 "" ""
3916.813 106.00113 0.669 -4.553 3.464 AX32R015
3916.835 25.1 6.9 -6.24 "" ""
3916.844 21.1 7.425 -1.92 "" ""
3916.847 106.00113 0.669 -4.552 3.464 AX32R015
3916.911 26.0 4.298 -3.95 "" ""
3916.913 23.0 2.246 -2.66 "" ""
3916.916 607.01214 2.615 -0.875 7.724 1111Ra0075
3916.925 42.0 2.834 -1.02 "" ""
3916.929 607.01214 2.615 -0.93 7.724 1111Rb0065
3916.939 58.1 0.295 -1.07 BIEMONT ""
3916.943 607.01214 2.615 -3.008 7.724 1111Qd0075
3916.971 24.0 3.011 -1.31 "" ""
3916.972 607.01314 2.562 -2.897 7.724 1111Qc0055
3916.977 607.01314 2.562 -1.013 7.724 1111Pa0065
3916.977 607.01314 2.562 -1.086 7.724 1111Pb0055
3917.044 106.00112 0.672 -5.124 3.464 AX32Q025
3917.047 27.0 3.574 -1.06 "" ""
3917.066 106.00112 0.672 -5.121 3.464 AX32Q025
3917.1 26.0 3.881 -3.31 "" ""
3917.11 60.1 0.182 -1.62 LAWLER ""
3917.116 27.0 2.278 -0.86 LAWNHFS ""
3917.117 24.0 3.11 -4.07 "" ""
3917.181 26.0 0.989 -2.15 OBR91 ""
3917.206 106.00112 0.672 -4.291 3.464 AX32R025
3917.228 106.00112 0.672 -4.292 3.464 AX32R025
3917.243 92.0 1.006 0.41 "" ""
3917.25 58.1 0.435 -1.07 BIEMONT ""
3917.266 75.0 2.059 -0.29 "" ""
3917.269 90.0 1.304 -0.33 "" ""
3917.285 66.0 0.937 0.54 "" ""
3917.297 63.0 1.617 0.6 "" ""
3917.318 25.1 6.908 -1.15 "" ""
3917.342 24.0 3.419 -3.93 "" ""
3917.347 106.00112 0.433 -6.178 3.464 AX21P065
3917.361 607.01214 2.612 -0.93 7.724 1111Ra0065
3917.373 607.01214 2.612 -0.994 7.724 1111Rb0055
3917.378 66.0 1.488 1.08 "" ""
3917.384 24.0 2.965 -2.83 "" ""
3917.385 607.01214 2.612 -2.95 7.724 1111Qd0065
3917.409 106.00112 0.433 -7.486 3.464 AX21Q065
3917.43 62.1 0.104 -1.0 LAWLER ""
3917.434 106.00113 1.251 -2.649 3.464 AX32R195
3917.438 25.0 3.769 -2.13 "" ""
3917.447 72.1 2.681 0.05 "" ""
3917.45 21.0 1.427 -5.72 "" ""
3917.521 607.01314 2.564 -2.965 7.724 1111Qc0065
3917.527 607.01314 2.564 -0.95 7.724 1111Pa0075
3917.527 607.01314 2.564 -1.013 7.724 1111Pb0065
3917.536 42.0 2.521 -0.77 "" ""
3917.54 24.0 3.102 -2.91 "" ""
3917.562 106.00113 1.251 -5.131 3.464 AX32Q195
3917.58 106.00113 1.251 -2.728 3.464 AX32R185
3917.594 24.0 3.011 -1.02 "" ""
3917.639 58.1 0.634 -0.56 LAWLER ""
3917.646 60.1 1.337 0.42 "" ""
3917.674 106.00112 0.433 -6.178 3.464 AX21P065
3917.678 106.00112 0.433 -6.054 3.464 AX21P075
3917.683 106.00113 0.67 -5.124 3.464 AX32Q025
3917.706 106.00113 0.67 -5.12 3.464 AX32Q025
3917.711 63.1 1.229 -2.04 "" ""
3917.724 24.0 4.614 -1.35 "" ""
3917.724 42.0 2.644 -1.59 "" ""
3917.736 106.00112 0.433 -7.498 3.464 AX21Q065
3917.774 28.0 4.102 -2.37 "" ""
3917.774 42.0 2.593 -1.19 "" ""
3917.784 106.00112 0.663 -4.801 3.464 AX32R005
3917.8 106.00112 0.663 -4.801 3.464 AX32R005
3917.816 607.01214 2.61 -0.994 7.724 1111Ra0055
3917.819 28.0 4.102 -1.29 "" ""
3917.827 607.01214 2.61 -1.068 7.724 1111Rb0045
3917.837 607.01214 2.61 -2.883 7.724 1111Qd0055
3917.845 106.00113 0.67 -4.291 3.464 AX32R025
3917.86 24.0 2.98 -3.08 "" ""
3917.867 106.00113 0.67 -4.292 3.464 AX32R025
3917.876 26.0 4.217 -2.01 "" ""
3917.899 106.00112 0.581 -4.92 3.464 BX10P175
3917.969 106.00112 0.433 -6.054 3.464 AX21P075
3918.016 24.0 3.553 -3.91 "" ""
3918.044 68.0 1.533 0.98 "" ""
3918.055 106.00113 0.431 -6.178 3.464 AX21P065
3918.06 64.1 1.126 -0.8 LAWLER ""
3918.063 27.0 3.663 -2.89 "" ""
3918.078 607.01314 2.568 -3.023 7.724 1111Qc0075
3918.084 607.01314 2.568 -0.896 7.724 1111Pa0085
3918.084 607.01314 2.568 -0.95 7.724 1111Pb0075
3918.089 24.0 2.913 -5.52 "" ""
3918.09 72.1 0.452 -1.14 LAWLER ""
3918.118 106.00113 0.431 -7.485 3.464 AX21Q065
3918.168 39.0 1.355 -0.83 "" ""
3918.181 26.0 3.015 -4.94 "" ""
3918.186 24.1 4.924 -4.12 "" ""
3918.207 21.0 2.294 -0.73 "" ""
3918.23 64.1 0.601 -1.3 LAWLER ""
3918.247 26.1 5.906 -3.0 "" ""
3918.27 58.1 0.696 0.08 BIEMONT ""
3918.279 106.00112 0.956 -5.516 3.464 AX21R185
3918.28 607.01214 2.608 -1.068 7.724 1111Ra0045
3918.291 607.01214 2.608 -1.157 7.724 1111Rb0035
3918.299 607.01214 2.608 -2.802 7.724 1111Qd0045
3918.304 25.0 4.229 -0.37 "" ""
3918.307 25.0 4.191 -0.54 "" ""
3918.315 26.0 2.482 -1.38 "" ""
3918.327 76.0 1.841 -1.38 Quinet06 ""
3918.341 106.00112 0.956 -3.638 3.464 AX21Q185
3918.346 68.1 0.669 -1.2 LAWLER ""
3918.361 106.00112 0.956 -3.512 3.464 AX21Q195
3918.375 106.00112 0.314 -7.265 3.464 AX10Q125
3918.375 25.0 3.769 -2.75 "" ""
3918.379 106.00113 0.431 -6.177 3.464 AX21P065
3918.386 106.00113 0.431 -6.054 3.464 AX21P075
3918.396 106.00112 0.314 -4.582 3.464 AX10P125
3918.401 22.0 2.331 -4.25 "" ""
3918.409 26.0 3.957 -4.48 "" ""
3918.413 106.00113 0.661 -4.801 3.464 AX32R005
3918.415 26.0 2.843 -1.01 "" ""
3918.424 106.00112 0.956 -7.449 3.464 AX21P195
3918.428 106.00113 0.661 -4.801 3.464 AX32R005
3918.442 106.00113 0.431 -7.498 3.464 AX21Q065
3918.51 63.0 1.707 -0.06 "" ""
3918.514 106.00112 0.314 -4.551 3.464 AX10P135
3918.518 73.0 0.0 -1.68 "" ""
3918.524 24.0 3.011 -1.59 "" ""
3918.528 26.1 5.906 -2.1 "" ""
3918.55 66.1 1.36 -0.92 LAWLER ""
3918.571 26.0 2.829 -1.38 "" ""
3918.596 74.0 1.507 -1.27 "" ""
3918.605 27.0 2.041 -5.07 "" ""
3918.61 62.1 0.184 -1.52 LAWLER ""
3918.642 26.0 3.015 -0.72 "" ""
3918.643 607.01314 2.571 -3.075 7.724 1111Qc0085
3918.65 607.01314 2.571 -0.847 7.724 1111Pa0095
3918.65 607.01314 2.571 -0.896 7.724 1111Pb0085
3918.673 106.00113 0.432 -6.054 3.464 AX21P075
3918.673 21.1 7.466 -5.66 "" ""
3918.733 27.0 3.574 -2.07 "" ""
3918.75 106.00113 0.952 -5.516 3.464 AX21R185
3918.755 607.01214 2.606 -1.157 7.724 1111Ra0035
3918.763 607.01214 2.606 -1.271 7.724 1111Rb0025
3918.77 607.01214 2.606 -2.703 7.724 1111Qd0035
3918.779 26.0 4.183 -1.08 "" ""
3918.79 106.00112 1.314 -2.573 3.464 AX32R205
3918.798 106.00112 1.314 -2.651 3.464 AX32R195
3918.823 106.00113 0.952 -3.638 3.464 AX21Q185
3918.825 106.00113 0.952 -3.512 3.464 AX21Q195
3918.853 106.00112 0.846 -4.882 3.464 BX00R225
3918.855 59.1 0.371 0.14 "" ""
3918.872 106.00112 1.314 -5.116 3.464 AX32Q205
3918.888 60.1 1.328 -0.19 "" ""
3918.898 106.00113 0.952 -7.449 3.464 AX21P195
3918.955 20.0 1.886 -4.28 LAWLER ""
3918.971 76.0 3.463 -0.35 "" ""
3919.006 41.0 1.156 -1.02 "" ""
3919.021 26.1 7.392 -3.82 "" ""
3919.024 90.0 0.457 -0.87 "" ""
3919.065 26.0 2.988 -1.1 "" ""
3919.094 106.00113 0.312 -7.265 3.464 AX10Q125
3919.101 26.0 4.175 -1.92 "" ""
3919.104 22.0 2.776 -3.7 "" ""
3919.106 23.0 2.255 -2.31 "" ""
3919.114 106.00113 0.312 -4.582 3.464 AX10P125
3919.117 66.0 1.965 0.97 "" ""
3919.148 24.0 3.011 -0.78 "" ""
3919.157 106.00113 0.035 -3.504 3.464 BX00P035
3919.159 24.0 1.029 -0.71 SOBECK ""
3919.169 106.00113 1.395 -3.288 3.464 AX10Q295
3919.174 41.0 1.531 -0.65 "" ""
3919.217 607.01314 2.575 -3.12 7.724 1111Qc0095
3919.225 607.01314 2.575 -0.804 7.724 1111Pa0105
3919.225 607.01314 2.575 -0.847 7.724 1111Pb0095
3919.232 106.00113 0.312 -4.551 3.464 AX10P135
3919.24 607.01214 2.605 -1.271 7.724 1111Ra0025
3919.245 607.01214 2.605 -1.426 7.724 1111Rb0015
3919.251 607.01214 2.605 -2.573 7.724 1111Qd0025
3919.253 106.00113 1.395 -5.67 3.464 AX10R285
3919.286 106.00113 1.395 -7.583 3.464 AX10P295
3919.288 26.0 3.544 -3.69 "" ""
3919.303 25.0 5.108 -0.79 "" ""
3919.324 24.1 4.981 -4.41 "" ""
3919.36 28.0 4.164 -3.66 "" ""
3919.37 106.00113 1.395 -3.435 3.464 AX10Q285
3919.401 24.1 4.94 -3.67 "" ""
3919.41 106.00112 0.314 -7.287 3.464 AX10Q125
3919.431 106.00112 0.314 -4.582 3.464 AX10P125
3919.442 25.0 5.13 -2.04 "" ""
3919.445 26.0 2.452 -4.29 "" ""
3919.483 106.00112 0.315 -4.551 3.464 AX10P135
3919.489 106.00112 0.035 -3.504 3.464 BX00P035
3919.508 106.00112 1.403 -3.288 3.464 AX10Q295
3919.51 65.1 0.79 0.29 LAWNOHFS ""
3919.535 26.0 4.183 -1.22 "" ""
3919.575 106.00112 1.403 -5.67 3.464 AX10R285
3919.581 22.0 2.332 -4.69 "" ""
3919.583 106.00113 0.84 -4.881 3.464 BX00R225
3919.602 22.0 1.979 -4.46 "" ""
3919.619 27.0 3.565 -3.01 "" ""
3919.619 41.1 1.67 -0.9 "" ""
3919.629 106.00112 1.403 -7.583 3.464 AX10P295
3919.696 106.00112 1.403 -3.435 3.464 AX10Q285
3919.7 41.1 1.67 -0.93 Nilsson10 ""
3919.713 26.0 4.183 -0.91 "" ""
3919.73 24.0 2.985 -3.87 "" ""
3919.735 607.01214 2.604 -1.426 7.724 1111Ra0015
3919.737 607.01214 2.604 -1.682 7.724 1111Rb0005
3919.742 607.01214 2.604 -2.381 7.724 1111Qd0015
3919.787 25.0 3.769 -2.93 "" ""
3919.788 24.0 4.385 -4.04 "" ""
3919.8 607.01314 2.58 -3.162 7.724 1111Qc0105
3919.803 58.1 0.7 -0.14 LAWLER ""
3919.809 607.01314 2.58 -0.764 7.724 1111Pa0115
3919.809 607.01314 2.58 -0.804 7.724 1111Pb0105
3919.816 22.0 1.501 -1.17 LAWLER ""
3919.84 60.1 0.32 -1.2 LAWLER ""
3919.916 60.1 0.742 -0.36 "" ""
3919.921 106.00113 0.577 -1.466 3.464 BX00R175
3919.924 22.0 2.159 -2.87 "" ""
3919.982 23.0 1.852 -1.12 "" ""
3920.008 106.00113 0.577 -6.741 3.464 BX00Q185
3920.069 42.0 2.596 -1.93 "" ""
3920.07 106.00113 0.577 -1.479 3.464 BX00R185
3920.097 22.1 4.891 -3.75 "" ""
3920.113 26.0 3.94 -4.45 "" ""
3920.118 106.00113 0.313 -7.287 3.464 AX10Q125
3920.136 27.0 2.54 -1.27 LAWNHFS ""
3920.138 106.00113 0.313 -4.582 3.464 AX10P125
3920.186 106.00112 0.958 -3.512 3.464 AX21Q195
3920.191 106.00112 0.958 -5.538 3.464 AX21R185
3920.191 106.00113 0.313 -4.551 3.464 AX10P135
3920.205 41.0 1.612 0.32 "" ""
3920.228 62.1 1.685 -0.64 "" ""
3920.237 607.01214 2.603 -1.682 7.724 1111Ra0005
3920.241 607.01214 2.603 -1.983 7.724 1111Qd0005
3920.249 106.00112 0.958 -7.429 3.464 AX21P195
3920.253 106.00112 0.958 -3.639 3.464 AX21Q185
3920.258 26.0 0.121 -1.73 OBR91 ""
3920.272 27.0 3.71 -2.17 "" ""
3920.302 26.0 3.879 -2.22 "" ""
3920.346 21.1 4.846 -2.4 "" ""
3920.38 106.00113 0.073 -1.592 3.464 BX00P055
3920.391 607.01314 2.585 -3.199 7.724 1111Qc0115
3920.401 607.01314 2.585 -0.728 7.724 1111Pa0125
3920.401 607.01314 2.585 -0.764 7.724 1111Pb0115
3920.402 27.0 4.11 -3.61 "" ""
3920.403 106.00113 0.073 -5.827 3.464 BX00Q055
3920.432 26.0 4.183 -0.81 "" ""
3920.484 23.0 1.05 -1.24 LAWNOHFS ""
3920.509 24.0 3.435 -1.8 "" ""
3920.515 106.00112 0.665 -4.945 3.464 AX32Q015
3920.517 106.00112 0.665 -4.943 3.464 AX32Q015
3920.53 59.1 0.0 -0.91 LINOHFS ""
3920.535 22.0 1.501 -2.38 LAWLER ""
3920.577 27.0 2.041 -1.98 LAWNHFS ""
3920.598 26.0 3.6 -6.62 "" ""
3920.601 106.00112 0.58 -1.466 3.464 BX00R175
3920.609 23.0 1.71 -3.28 "" ""
3920.629 106.00113 0.953 -3.512 3.464 AX21Q195
3920.629 26.0 2.424 -2.98 "" ""
3920.63 106.00113 0.953 -5.538 3.464 AX21R185
3920.635 25.0 4.682 -1.3 "" ""
3920.7 106.00112 1.316 -2.574 3.464 AX32R205
3920.702 106.00112 0.58 -6.741 3.464 BX00Q185
3920.714 106.00113 0.953 -7.429 3.464 AX21P195
3920.715 106.00113 0.953 -3.638 3.464 AX21Q185
3920.717 20.0 5.667 -3.05 "" ""
3920.717 23.1 3.8 -2.99 "" ""
3920.72 106.00112 0.073 -1.592 3.464 BX00P055
3920.724 25.0 3.769 -5.1 "" ""
3920.728 106.00113 0.073 -1.546 3.464 BX00P065
3920.731 27.0 2.041 -1.51 LAWNHFS ""
3920.738 106.00112 0.58 -1.479 3.464 BX00R185
3920.744 106.00112 0.073 -5.827 3.464 BX00Q055
3920.757 106.00112 0.665 -4.47 3.464 AX32R015
3920.76 106.00112 0.665 -4.471 3.464 AX32R015
3920.76 62.1 0.434 -2.2 LAWLER ""
3920.767 106.00112 1.538 -6.589 3.464 AX53Q185
3920.767 23.1 6.959 -2.83 "" ""
3920.782 106.00112 1.316 -5.084 3.464 AX32Q205
3920.796 106.00112 1.316 -2.651 3.464 AX32R195
3920.82 27.0 3.229 -6.67 "" ""
3920.821 106.00112 1.538 -5.463 3.464 AX53P185
3920.837 26.0 3.263 -1.53 "" ""
3920.843 106.00112 1.538 -6.95 3.464 AX53P195
3920.855 23.0 2.053 -1.86 "" ""
3920.855 75.0 3.375 -0.03 "" ""
3920.881 106.00112 1.654 -5.446 3.464 AX53R205
3920.913 42.0 2.596 -1.86 "" ""
3920.915 26.0 4.214 -2.67 "" ""
3920.921 44.0 1.062 -1.1 "" ""
3920.949 106.00112 1.654 -3.293 3.464 AX53Q215
3920.954 106.00112 1.654 -3.546 3.464 AX53Q205
3920.957 106.00113 1.309 -2.651 3.464 AX32R195
3920.96 60.1 0.38 0.01 LAWLER ""
3920.963 23.0 2.682 -2.53 "" ""
3920.991 106.00113 1.309 -2.573 3.464 AX32R205
3920.992 607.01314 2.59 -3.234 7.724 1111Qc0125
3921.003 607.01314 2.59 -0.694 7.724 1111Pa0135
3921.003 607.01314 2.59 -0.728 7.724 1111Pb0125
3921.021 24.0 0.982 -1.43 SOBECK ""
3921.022 106.00112 1.654 -6.916 3.464 AX53P215
3921.023 106.00113 1.309 -5.115 3.464 AX32Q205
3921.053 26.0 4.1 -1.0 "" ""
3921.072 106.00112 0.074 -1.546 3.464 BX00P065
3921.076 26.0 2.557 -3.52 "" ""
3921.086 607.01314 2.951 -0.303 7.724 1212Rb0295
3921.107 27.0 3.729 -1.81 "" ""
3921.114 24.0 3.548 -3.55 "" ""
3921.118 24.0 2.985 -2.69 "" ""
3921.119 607.01314 2.951 -3.587 7.724 1212Qd0305
3921.138 106.00113 0.663 -4.944 3.464 AX32Q015
3921.141 106.00113 0.663 -4.942 3.464 AX32Q015
3921.169 106.00113 0.228 -1.185 3.464 BX00Q105
3921.183 27.1 3.083 -3.68 "" ""
3921.187 26.0 4.1 -1.64 "" ""
3921.189 25.0 4.657 -2.31 "" ""
3921.215 106.00113 0.228 -4.236 3.464 BX00R105
3921.267 29.0 5.773 -1.42 "" ""
3921.269 607.01214 2.604 -1.983 7.724 1111Qc0005
3921.271 607.01214 2.604 -1.683 7.724 1111Pa0015
3921.272 26.0 2.557 -2.85 "" ""
3921.284 106.00113 0.228 -4.187 3.464 BX00P115
3921.327 106.00113 0.228 -1.158 3.464 BX00Q115
3921.382 106.00113 0.663 -4.47 3.464 AX32R015
3921.384 106.00113 0.663 -4.471 3.464 AX32R015
3921.422 22.0 0.0 -1.53 LAWLER ""
3921.452 25.0 4.751 -2.03 "" ""
3921.474 26.0 4.14 -3.32 "" ""
3921.478 23.1 5.845 -1.98 "" ""
3921.485 26.0 4.217 -2.77 "" ""
3921.518 57.1139 0.235 -0.973 Lawle01HFS ""
3921.52 57.1139 0.235 -1.462 Lawle01HFS ""
3921.522 57.1139 0.235 -2.161 Lawle01HFS ""
3921.546 57.1139 0.235 -1.266 Lawle01HFS ""
3921.547 106.00112 0.229 -1.185 3.464 BX00Q105
3921.548 57.1139 0.235 -1.346 Lawle01HFS ""
3921.548 92.1 0.0 -1.58 "" ""
3921.549 57.1139 0.235 -1.721 Lawle01HFS ""
3921.568 57.1139 0.235 -1.721 Lawle01HFS ""
3921.57 57.1139 0.235 -1.45 Lawle01HFS ""
3921.57 57.1139 0.235 -1.466 Lawle01HFS ""
3921.571 24.0 4.407 -2.54 "" ""
3921.596 106.00112 0.229 -4.236 3.464 BX00R105
3921.602 607.01314 2.596 -3.265 7.724 1111Qc0135
3921.613 607.01314 2.596 -0.663 7.724 1111Pa0145
3921.613 607.01314 2.596 -0.694 7.724 1111Pb0135
3921.621 23.1 1.702 -6.26 "" ""
3921.662 106.00112 0.229 -4.187 3.464 BX00P115
3921.702 22.0 1.967 -4.25 "" ""
3921.703 26.0 4.253 -2.4 "" ""
3921.708 106.00112 0.229 -1.158 3.464 BX00Q115
3921.733 58.1 0.708 -0.64 BIEMONT ""
3921.735 23.0 2.294 -0.96 "" ""
3921.74 28.0 4.15 -1.78 "" ""
3921.757 42.0 2.678 -1.98 "" ""
3921.764 25.0 3.85 -1.97 "" ""
3921.77 27.0 4.018 -0.19 "" ""
3921.797 607.01214 2.605 -2.381 7.724 1111Qc0015
3921.798 40.0 0.071 -0.94 "" ""
3921.801 106.00113 1.479 -5.564 3.464 AX10R295
3921.802 607.01214 2.605 -1.428 7.724 1111Pa0025
3921.802 607.01214 2.605 -1.683 7.724 1111Pb0015
3921.821 25.0 5.083 -3.25 "" ""
3921.831 106.00113 1.479 -3.148 3.464 AX10Q305
3921.858 28.0 3.495 -5.37 "" ""
3921.88 68.1 0.669 -0.95 LAWLER ""
3921.886 62.1 0.248 -1.48 "" ""
3921.904 23.0 1.05 -0.9 "" ""
3921.92 106.00113 1.479 -3.289 3.464 AX10Q295
3921.935 23.1 5.826 -2.97 "" ""
3921.95 106.00113 1.479 -7.17 3.464 AX10P305
3921.989 58.1 0.175 -2.42 LAWLER ""
3922.03 76.0 1.583 -1.93 "" ""
3922.052 25.0 3.841 -1.32 "" ""
3922.071 26.0 2.48 -3.51 "" ""
3922.087 26.0 3.289 -2.55 "" ""
3922.088 24.0 4.413 -2.45 "" ""
3922.158 20.0 5.87 -4.2 "" ""
3922.195 45.0 0.701 -1.54 "" ""
3922.219 90.1 1.144 -1.36 "" ""
3922.221 23.1 5.875 -1.7 "" ""
3922.221 607.01314 2.602 -3.295 7.724 1111Qc0145
3922.233 607.01314 2.602 -0.634 7.724 1111Pa0155
3922.233 607.01314 2.602 -0.663 7.724 1111Pb0145
3922.268 22.0 1.052 -4.03 "" ""
3922.31 27.0 3.684 -1.59 "" ""
3922.316 42.0 2.474 -1.26 "" ""
3922.33 26.0 4.28 -2.78 "" ""
3922.335 607.01214 2.606 -2.573 7.724 1111Qc0025
3922.342 607.01214 2.606 -1.273 7.724 1111Pa0035
3922.347 607.01214 2.606 -1.428 7.724 1111Pb0025
3922.355 41.0 1.504 -0.48 "" ""
3922.39 62.1 0.378 -0.26 LAWLER ""
3922.408 26.0 4.175 -4.42 "" ""
3922.414 106.00112 1.487 -5.564 3.464 AX10R295
3922.424 26.0 3.632 -2.56 "" ""
3922.429 23.0 1.063 -0.56 LAWNOHFS ""
3922.438 73.1 0.846 -0.97 "" ""
3922.459 106.00112 0.459 -6.033 3.464 AX21P075
3922.466 106.00112 1.487 -3.148 3.464 AX10Q305
3922.479 26.0 3.298 -3.18 "" ""
3922.501 106.00112 0.459 -7.347 3.464 AX21Q075
3922.527 106.00112 1.539 -6.95 3.464 AX53P195
3922.529 24.0 3.435 -1.05 "" ""
3922.533 106.00112 1.539 -6.621 3.464 AX53Q185
3922.541 106.00112 1.487 -3.288 3.464 AX10Q295
3922.587 106.00112 1.539 -5.463 3.464 AX53P185
3922.592 106.00112 1.487 -7.17 3.464 AX10P305
3922.592 21.0 4.681 -2.93 "" ""
3922.596 106.00112 1.018 -5.459 3.464 AX21R195
3922.596 26.0 4.298 -3.56 "" ""
3922.611 25.1 5.544 -3.52 "" ""
3922.635 23.0 2.503 -8.35 "" ""
3922.65 42.0 3.245 -1.33 "" ""
3922.663 106.00112 1.018 -3.512 3.464 AX21Q195
3922.666 26.0 3.881 -1.99 "" ""
3922.673 106.00112 1.018 -3.39 3.464 AX21Q205
3922.673 26.0 2.988 -1.8 "" ""
3922.684 25.0 3.85 0.05 "" ""
3922.69 62.1 0.184 -1.68 LAWLER ""
3922.72 23.0 2.267 -2.31 "" ""
3922.736 106.00112 0.459 -5.946 3.464 AX21P085
3922.737 23.0 1.798 -1.79 "" ""
3922.74 106.00112 1.018 -7.162 3.464 AX21P205
3922.756 27.0 1.048 -2.07 LAWNHFS ""
3922.769 73.0 0.752 -1.28 "" ""
3922.796 106.00113 1.31 -2.573 3.464 AX32R205
3922.85 607.01314 2.608 -3.323 7.724 1111Qc0155
3922.863 23.1 5.471 -4.77 "" ""
3922.863 58.1 0.536 -0.98 LAWLER ""
3922.863 607.01314 2.608 -0.606 7.724 1111Pa0165
3922.863 607.01314 2.608 -0.634 7.724 1111Pb0155
3922.864 26.0 4.217 -3.04 "" ""
3922.876 106.00112 0.46 -6.033 3.464 AX21P075
3922.882 607.01214 2.608 -2.704 7.724 1111Qc0035
3922.892 607.01214 2.608 -1.161 7.724 1111Pa0045
3922.897 607.01214 2.608 -1.273 7.724 1111Pb0035
3922.908 12.0 4.343 -3.53 "" ""
3922.912 26.0 0.052 -1.63 OBR91 ""
3922.919 106.00112 0.46 -7.361 3.464 AX21Q075
3922.923 25.0 4.255 -2.01 "" ""
3922.925 73.0 1.209 -1.13 "" ""
3922.934 106.00112 1.656 -3.294 3.464 AX53Q215
3922.939 106.00113 1.31 -5.083 3.464 AX32Q205
3922.954 21.0 1.985 -2.69 "" ""
3922.955 78.0 3.736 0.8 "" ""
3922.956 106.00112 1.656 -5.471 3.464 AX53R205
3922.969 106.00113 1.311 -2.651 3.464 AX32R195
3922.986 23.0 1.871 -3.19 "" ""
3922.992 106.00113 1.013 -5.459 3.464 AX21R195
3923.006 106.00112 1.656 -6.893 3.464 AX53P215
3923.022 26.0 3.249 -2.34 "" ""
3923.028 106.00112 1.656 -3.546 3.464 AX53Q205
3923.035 23.0 2.136 -2.75 "" ""
3923.044 26.0 4.217 -3.71 "" ""
3923.061 106.00113 1.013 -3.39 3.464 AX21Q205
3923.068 26.0 2.196 -5.89 "" ""
3923.072 106.00113 1.013 -3.512 3.464 AX21Q195
3923.074 24.0 2.542 -3.65 "" ""
3923.086 106.00112 1.848 -5.4 3.464 CX03R245
