wavelength species excitation loggf disassociation_energy comment
3869.092 607.01214 0.302 -3.0 7.724 0101Qc0135
3869.107 607.01214 0.302 -0.394 7.724 0101Pa0145
3869.114 607.01214 2.063 -3.534 7.724 0808Qc0235
3869.131 607.01214 0.302 -0.425 7.724 0101Pb0135
3869.136 607.01214 2.063 -0.474 7.724 0808Pa0245
3869.159 106.00113 0.36 -7.16 3.464 AX10R135
3869.166 607.01214 0.017 -0.495 7.724 0000Ra0085
3869.176 607.01314 2.1 -3.656 7.724 0808Qc0305
3869.179 27.0 3.25 -6.26 "" ""
3869.182 607.01314 2.117 -1.74 7.724 0909Ra0005
3869.182 607.01314 2.117 -2.042 7.724 0909Qd0005
3869.183 607.01214 0.017 -0.544 7.724 0000Rb0075
3869.192 607.01214 0.017 -2.726 7.724 0000Qd0085
3869.196 106.00113 0.36 -5.143 3.464 AX10Q135
3869.197 23.0 1.375 -2.35 "" ""
3869.198 607.01214 2.063 -0.492 7.724 0808Pb0235
3869.202 607.01314 0.294 -3.003 7.724 0101Qc0135
3869.203 607.01314 2.1 -0.378 7.724 0808Pa0315
3869.214 106.00113 0.36 -5.289 3.464 AX10Q145
3869.217 607.01314 0.294 -0.396 7.724 0101Pa0145
3869.218 27.0 3.574 -2.58 "" ""
3869.23 26.0 4.073 -0.42 "" ""
3869.236 607.01314 0.294 -0.427 7.724 0101Pb0135
3869.236 607.01314 2.1 -0.393 7.724 0808Pb0305
3869.243 26.0 3.881 -2.64 "" ""
3869.248 607.01214 0.71 -3.499 7.724 0101Qc0435
3869.25 106.00113 0.36 -6.389 3.464 AX10P145
3869.251 22.1 4.891 -1.46 "" ""
3869.255 26.0 4.175 -3.85 "" ""
3869.267 607.01214 0.991 -3.586 7.724 0000Qc0645
3869.272 22.0 1.967 -0.27 "" ""
3869.289 22.0 2.083 -2.6 "" ""
3869.296 607.01214 0.71 0.09 7.724 0101Pa0445
3869.338 607.01214 0.991 0.342 7.724 0000Pa0655
3869.356 607.01214 0.71 0.08 7.724 0101Pb0435
3869.38 607.01214 0.309 -3.03 7.724 0101Qc0145
3869.381 26.0 3.651 -3.4 "" ""
3869.397 607.01214 0.309 -0.365 7.724 0101Pa0155
3869.405 607.01214 0.991 0.335 7.724 0000Pb0645
3869.419 607.01214 0.309 -0.394 7.724 0101Pb0145
3869.42 66.1 1.169 -0.3 "" ""
3869.477 607.01314 0.301 -3.033 7.724 0101Qc0145
3869.493 607.01314 0.301 -0.368 7.724 0101Pa0155
3869.515 607.01314 0.301 -0.396 7.724 0101Pb0145
3869.519 106.00113 0.409 -6.962 3.464 AX10R145
3869.524 607.01214 0.689 -3.489 7.724 0101Qc0425
3869.532 24.0 3.367 -4.2 "" ""
3869.536 12.0 4.343 -3.76 "" ""
3869.558 26.0 2.725 -1.16 "" ""
3869.56 607.01314 0.016 -0.496 7.724 0000Ra0085
3869.562 607.01214 2.169 -0.97 7.724 0909Ra0065
3869.563 106.00113 0.409 -5.289 3.464 AX10Q145
3869.565 607.01214 2.073 -3.551 7.724 0808Qc0245
3869.566 58.1 1.205 -0.48 "" ""
3869.57 607.01214 0.689 0.08 7.724 0101Pa0435
3869.573 607.01214 2.169 -1.034 7.724 0909Rb0055
3869.574 607.01314 0.016 -0.544 7.724 0000Rb0075
3869.578 607.01214 2.169 -2.991 7.724 0909Qd0065
3869.583 607.01314 0.016 -2.726 7.724 0000Qd0085
3869.588 607.01214 2.073 -0.456 7.724 0808Pa0255
3869.588 607.01314 2.114 -3.668 7.724 0808Qc0315
3869.6 22.0 0.899 -1.86 LAWLER ""
3869.608 26.0 2.725 -1.81 "" ""
3869.617 607.01314 2.114 -0.363 7.724 0808Pa0325
3869.624 42.0 3.3 -1.34 "" ""
3869.629 607.01214 0.689 0.07 7.724 0101Pb0425
3869.63 106.00113 0.409 -5.51 3.464 AX10Q155
3869.635 21.0 2.336 -1.93 "" ""
3869.647 607.01314 2.114 -0.378 7.724 0808Pb0315
3869.648 607.01214 0.316 -3.059 7.724 0101Qc0155
3869.649 607.01214 2.073 -0.474 7.724 0808Pb0245
3869.655 20.0 5.827 -4.78 "" ""
3869.658 25.0 3.13 -3.9 "" ""
3869.661 607.01214 0.316 -0.338 7.724 0101Pa0165
3869.674 106.00113 0.409 -6.443 3.464 AX10P155
3869.69 607.01214 0.316 -0.365 7.724 0101Pb0155
3869.734 607.01314 0.308 -3.061 7.724 0101Qc0155
3869.75 66.1 0.93 -1.22 LAWLER ""
3869.751 607.01314 0.308 -0.34 7.724 0101Pa0165
3869.774 607.01314 0.308 -0.368 7.724 0101Pb0155
3869.78 607.01214 0.67 -3.478 7.724 0101Qc0415
3869.808 26.0 4.073 -0.82 "" ""
3869.826 607.01214 0.67 0.07 7.724 0101Pa0425
3869.838 26.0 4.206 -3.67 "" ""
3869.846 59.1 1.016 -0.33 "" ""
3869.86 66.1 0.0 -1.12 LAWLER ""
3869.867 106.00112 0.412 -6.98 3.464 AX10R145
3869.882 23.1 4.732 -3.43 "" ""
3869.883 607.01214 0.67 0.06 7.724 0101Pb0415
3869.884 26.0 3.881 -2.91 "" ""
3869.894 24.0 3.392 -2.81 "" ""
3869.896 607.01214 0.324 -3.085 7.724 0101Qc0165
3869.9 20.0 2.523 -3.85 LAWLER ""
3869.908 106.00112 0.412 -5.51 3.464 AX10Q155
3869.913 106.00112 0.412 -5.289 3.464 AX10Q145
3869.913 607.01214 0.013 -0.544 7.724 0000Ra0075
3869.915 607.01214 0.324 -0.313 7.724 0101Pa0175
3869.918 21.0 1.942 -4.4 "" ""
3869.93 607.01214 0.013 -0.598 7.724 0000Rb0065
3869.934 75.0 2.02 -0.5 "" ""
3869.938 607.01214 0.013 -2.674 7.724 0000Qd0075
3869.941 607.01214 0.324 -0.338 7.724 0101Pb0165
3869.942 106.00112 1.29 -7.274 3.464 AX53P135
3869.952 607.01314 0.647 0.058 7.724 0101Pb0415
3869.953 106.00112 0.412 -6.428 3.464 AX10P155
3869.972 607.01314 0.316 -3.087 7.724 0101Qc0165
3869.983 106.00113 1.372 -7.138 3.464 AX42P205
3869.99 607.01314 0.316 -0.315 7.724 0101Pa0175
3870.001 607.01314 2.127 -3.68 7.724 0808Qc0325
3870.01 607.01214 0.961 -3.58 7.724 0000Qc0635
3870.014 607.01214 2.085 -3.567 7.724 0808Qc0255
3870.015 607.01314 0.316 -0.341 7.724 0101Pb0165
3870.017 607.01214 0.65 -3.468 7.724 0101Qc0405
3870.018 45.0 1.997 0.37 "" ""
3870.02 60.1 0.38 -1.67 LAWLER ""
3870.031 607.01314 2.127 -0.35 7.724 0808Pa0335
3870.038 607.01214 2.085 -0.439 7.724 0808Pa0265
3870.056 607.01314 2.127 -0.364 7.724 0808Pb0325
3870.062 607.01214 0.65 0.06 7.724 0101Pa0415
3870.071 106.00113 0.004 -3.623 3.464 BX00R015
3870.071 24.0 2.542 -3.29 "" ""
3870.078 607.01214 2.166 -1.034 7.724 0909Ra0055
3870.08 607.01214 0.961 0.335 7.724 0000Pa0645
3870.085 607.01314 0.629 -3.47 7.724 0101Qc0405
3870.086 607.01214 2.166 -1.108 7.724 0909Rb0045
3870.091 607.01214 2.166 -2.923 7.724 0909Qd0055
3870.098 607.01214 2.085 -0.456 7.724 0808Pb0255
3870.106 106.00112 0.004 -3.623 3.464 BX00R015
3870.109 27.0 4.069 -3.09 "" ""
3870.11 106.00113 1.435 -2.605 3.464 AX21R265
3870.111 23.0 2.053 -2.47 "" ""
3870.119 607.01214 0.65 0.05 7.724 0101Pb0405
3870.122 22.0 2.479 -0.83 "" ""
3870.126 607.01214 0.332 -3.11 7.724 0101Qc0175
3870.128 607.01314 0.629 0.058 7.724 0101Pa0415
3870.144 607.01214 0.332 -0.289 7.724 0101Pa0185
3870.147 607.01214 0.961 0.328 7.724 0000Pb0635
3870.154 24.0 3.885 -0.7 "" ""
3870.174 607.01214 0.332 -0.313 7.724 0101Pb0175
3870.177 607.01314 2.118 -2.042 7.724 0909Qc0005
3870.178 26.0 4.073 -0.23 "" ""
3870.178 607.01314 0.629 0.047 7.724 0101Pb0405
3870.178 607.01314 2.118 -1.742 7.724 0909Pa0015
3870.192 607.01314 0.324 -3.112 7.724 0101Qc0175
3870.21 607.01314 0.324 -0.291 7.724 0101Pa0185
3870.214 22.0 2.235 -3.27 "" ""
3870.219 22.0 2.115 -2.68 "" ""
3870.221 20.0 5.828 -2.99 "" ""
3870.224 106.00113 1.435 -2.693 3.464 AX21R255
3870.235 607.01214 0.632 -3.457 7.724 0101Qc0395
3870.237 607.01314 0.324 -0.315 7.724 0101Pb0175
3870.24 106.00112 0.465 -6.811 3.464 AX10R155
3870.258 106.00113 1.435 -5.444 3.464 AX21Q265
3870.266 106.00112 0.021 -6.026 3.464 AX10P025
3870.274 24.0 0.941 -3.93 "" ""
3870.277 607.01314 0.013 -0.544 7.724 0000Ra0075
3870.279 607.01214 0.632 0.05 7.724 0101Pa0405
3870.291 607.01314 0.013 -0.599 7.724 0000Rb0065
3870.294 106.00112 0.465 -5.51 3.464 AX10Q155
3870.294 607.01314 0.611 -3.46 7.724 0101Qc0395
3870.299 607.01314 0.013 -2.675 7.724 0000Qd0075
3870.305 22.0 2.248 -2.64 "" ""
3870.334 607.01214 0.632 0.039 7.724 0101Pb0395
3870.335 607.01214 0.341 -3.133 7.724 0101Qc0185
3870.336 607.01314 0.611 0.047 7.724 0101Pa0405
3870.34 106.00112 0.021 -6.024 3.464 AX10P025
3870.345 106.00112 0.465 -5.879 3.464 AX10Q165
3870.356 607.01214 0.341 -0.266 7.724 0101Pa0195
3870.362 106.00112 0.359 -5.96 3.464 AX21R025
3870.367 25.1 4.797 -5.75 "" ""
3870.384 607.01214 0.341 -0.289 7.724 0101Pb0185
3870.385 607.01314 0.611 0.037 7.724 0101Pb0395
3870.392 607.01314 0.332 -3.136 7.724 0101Qc0185
3870.397 24.0 4.093 -2.29 "" ""
3870.398 106.00112 0.465 -6.488 3.464 AX10P165
3870.413 607.01314 0.332 -0.268 7.724 0101Pa0195
3870.415 607.01314 2.141 -3.692 7.724 0808Qc0335
3870.432 22.0 2.425 -3.13 "" ""
3870.433 106.00112 0.359 -5.96 3.464 AX21R025
3870.434 607.01214 0.613 -3.446 7.724 0101Qc0385
3870.435 42.0 3.3 -0.58 "" ""
3870.439 607.01314 0.332 -0.291 7.724 0101Pb0185
3870.445 607.01314 2.141 -0.336 7.724 0808Pa0345
3870.453 24.0 3.123 -8.4 "" ""
3870.463 607.01214 2.096 -3.582 7.724 0808Qc0265
3870.468 607.01314 2.141 -0.35 7.724 0808Pb0335
3870.476 106.00112 1.654 -8.813 3.464 CX03R215
3870.476 607.01214 0.613 0.039 7.724 0101Pa0395
3870.477 20.0 2.521 -1.18 LAWLER ""
3870.484 607.01314 0.593 -3.449 7.724 0101Qc0385
3870.488 607.01214 2.096 -0.422 7.724 0808Pa0275
3870.521 106.00112 0.021 -6.493 3.464 AX10Q025
3870.525 607.01214 0.35 -3.156 7.724 0101Qc0195
3870.525 607.01314 0.593 0.037 7.724 0101Pa0395
3870.531 607.01214 0.613 0.028 7.724 0101Pb0385
3870.535 27.0 2.54 -1.03 LAWNHFS ""
3870.546 607.01214 2.096 -0.439 7.724 0808Pb0265
3870.547 607.01214 0.35 -0.244 7.724 0101Pa0205
3870.571 23.0 1.954 -1.26 "" ""
3870.574 607.01314 0.341 -3.158 7.724 0101Qc0195
3870.574 607.01314 0.593 0.026 7.724 0101Pb0385
3870.577 607.01214 0.35 -0.266 7.724 0101Pb0195
3870.592 24.0 2.542 -2.56 "" ""
3870.592 607.01214 2.164 -1.108 7.724 0909Ra0045
3870.594 106.00112 0.021 -6.5 3.464 AX10Q025
3870.594 42.0 2.644 -1.29 "" ""
3870.596 607.01314 0.341 -0.247 7.724 0101Pa0205
3870.597 26.0 4.175 -2.36 "" ""
3870.599 607.01214 2.164 -1.198 7.724 0909Rb0035
3870.604 24.0 3.008 -1.22 "" ""
3870.605 607.01214 2.164 -2.843 7.724 0909Qd0045
3870.613 607.01214 0.595 -3.435 7.724 0101Qc0375
3870.623 607.01314 0.341 -0.268 7.724 0101Pb0195
3870.655 607.01214 0.595 0.028 7.724 0101Pa0385
3870.656 607.01314 0.576 -3.437 7.724 0101Qc0375
3870.662 607.01214 0.01 -0.599 7.724 0000Ra0065
3870.662 607.01214 0.01 -0.661 7.724 0000Rb0055
3870.664 21.0 4.524 -2.88 "" ""
3870.665 607.01214 0.01 -2.616 7.724 0000Qd0065
3870.675 607.01314 2.119 -2.44 7.724 0909Qc0015
3870.677 607.01314 2.119 -1.487 7.724 0909Pa0025
3870.677 607.01314 2.119 -1.742 7.724 0909Pb0015
3870.68 23.1 5.784 -2.42 "" ""
3870.696 607.01214 0.36 -3.177 7.724 0101Qc0205
3870.696 607.01314 0.576 0.026 7.724 0101Pa0385
3870.708 607.01214 0.595 0.016 7.724 0101Pb0375
3870.719 607.01214 0.36 -0.224 7.724 0101Pa0215
3870.734 607.01214 0.932 -3.573 7.724 0000Qc0625
3870.737 607.01314 0.35 -3.179 7.724 0101Qc0205
3870.744 607.01314 0.576 0.014 7.724 0101Pb0375
3870.75 607.01214 0.36 -0.244 7.724 0101Pb0205
3870.753 22.0 1.429 -5.13 "" ""
3870.76 607.01314 0.35 -0.226 7.724 0101Pa0215
3870.774 607.01214 0.578 -3.423 7.724 0101Qc0365
3870.785 25.0 4.662 -1.25 "" ""
3870.788 607.01314 0.35 -0.247 7.724 0101Pb0205
3870.79 26.0 4.073 0.21 "" ""
3870.802 106.00113 0.41 -6.98 3.464 AX10R145
3870.802 607.01214 0.932 0.328 7.724 0000Pa0635
3870.81 607.01314 0.559 -3.426 7.724 0101Qc0365
3870.814 607.01214 0.578 0.016 7.724 0101Pa0375
3870.826 21.0 4.419 -2.68 "" ""
3870.83 607.01314 2.156 -3.704 7.724 0808Qc0345
3870.836 28.0 3.844 -3.11 "" ""
3870.841 106.00113 0.41 -5.51 3.464 AX10Q155
3870.846 106.00113 0.41 -5.289 3.464 AX10Q145
3870.847 607.01214 0.37 -3.197 7.724 0101Qc0215
3870.849 607.01314 0.559 0.014 7.724 0101Pa0375
3870.862 607.01314 2.156 -0.323 7.724 0808Pa0355
3870.863 22.0 2.47 -5.21 "" ""
3870.865 106.00113 1.503 -5.422 3.464 AX32R235
3870.866 607.01214 0.578 0.005 7.724 0101Pb0365
3870.867 58.1 0.683 -0.79 LAWLER ""
3870.869 607.01214 0.932 0.321 7.724 0000Pb0625
3870.871 607.01214 0.37 -0.204 7.724 0101Pa0225
3870.881 607.01314 2.156 -0.336 7.724 0808Pb0345
3870.882 607.01314 0.36 -3.2 7.724 0101Qc0215
3870.885 106.00113 0.41 -6.428 3.464 AX10P155
3870.886 27.0 3.663 -3.13 "" ""
3870.896 607.01314 0.559 0.003 7.724 0101Pb0365
3870.9 607.01314 0.36 -0.206 7.724 0101Pa0225
3870.901 26.0 4.214 -2.23 "" ""
3870.904 607.01214 0.37 -0.224 7.724 0101Pb0215
3870.911 607.01214 2.108 -3.597 7.724 0808Qc0275
3870.914 607.01214 0.561 -3.411 7.724 0101Qc0355
3870.935 607.01314 0.36 -0.226 7.724 0101Pb0215
3870.936 607.01214 2.108 -0.406 7.724 0808Pa0285
3870.945 607.01314 0.543 -3.414 7.724 0101Qc0355
3870.954 607.01214 0.561 0.005 7.724 0101Pa0365
3870.967 106.00112 0.359 -7.774 3.464 AX21Q035
3870.976 607.01314 0.009 -0.599 7.724 0000Ra0065
3870.978 607.01214 0.381 -3.217 7.724 0101Qc0225
3870.983 607.01314 0.543 0.003 7.724 0101Pa0365
3870.989 607.01314 0.009 -0.662 7.724 0000Rb0055
3870.993 607.01214 2.108 -0.422 7.724 0808Pb0275
3870.995 607.01314 0.009 -2.616 7.724 0000Qd0065
3871.004 607.01214 0.381 -0.185 7.724 0101Pa0235
3871.005 607.01214 0.561 -0.007 7.724 0101Pb0355
3871.008 607.01314 0.37 -3.219 7.724 0101Qc0225
3871.021 106.00112 0.359 -7.769 3.464 AX21Q035
3871.029 607.01314 0.543 -0.009 7.724 0101Pb0355
3871.032 607.01314 0.37 -0.188 7.724 0101Pa0235
3871.035 92.0 0.0 0.23 "" ""
3871.036 607.01214 0.544 -3.399 7.724 0101Qc0345
3871.038 607.01214 0.381 -0.204 7.724 0101Pb0225
3871.039 21.1 7.375 -1.4 "" ""
3871.061 607.01314 0.527 -3.402 7.724 0101Qc0345
3871.064 607.01314 0.37 -0.206 7.724 0101Pb0225
3871.074 607.01214 0.544 -0.007 7.724 0101Pa0355
3871.075 23.0 1.375 -0.38 LAWNOHFS ""
3871.084 106.00112 0.359 -5.562 3.464 AX21R035
3871.09 607.01214 0.392 -3.235 7.724 0101Qc0235
3871.098 607.01314 0.527 -0.009 7.724 0101Pa0355
3871.109 607.01214 2.162 -1.198 7.724 0909Ra0035
3871.114 607.01214 2.162 -1.311 7.724 0909Rb0025
3871.115 607.01314 0.381 -3.237 7.724 0101Qc0235
3871.117 607.01214 0.392 -0.167 7.724 0101Pa0245
3871.119 607.01214 2.162 -2.744 7.724 0909Qd0035
3871.121 21.0 1.994 -2.77 "" ""
3871.124 607.01214 0.544 -0.02 7.724 0101Pb0345
3871.138 106.00112 0.359 -5.563 3.464 AX21R035
3871.138 607.01214 0.528 -3.387 7.724 0101Qc0335
3871.141 607.01314 0.381 -0.17 7.724 0101Pa0245
3871.144 607.01314 0.527 -0.022 7.724 0101Pb0345
3871.15 106.00112 0.021 -5.769 3.464 AX10P035
3871.153 607.01214 0.392 -0.185 7.724 0101Pb0235
3871.157 23.0 2.073 -2.37 "" ""
3871.159 607.01314 0.512 -3.389 7.724 0101Qc0335
3871.169 106.00113 0.462 -6.811 3.464 AX10R155
3871.172 607.01314 2.12 -2.632 7.724 0909Qc0025
3871.175 607.01214 0.528 -0.02 7.724 0101Pa0345
3871.175 607.01314 0.381 -0.188 7.724 0101Pb0235
3871.175 607.01314 2.12 -1.332 7.724 0909Pa0035
3871.175 607.01314 2.12 -1.487 7.724 0909Pb0025
3871.181 23.0 3.076 -0.53 "" ""
3871.183 607.01214 0.404 -3.253 7.724 0101Qc0245
3871.188 41.0 1.12 -1.03 "" ""
3871.195 607.01314 0.512 -0.022 7.724 0101Pa0345
3871.204 607.01314 0.392 -3.255 7.724 0101Qc0245
3871.206 106.00112 0.021 -5.769 3.464 AX10P035
3871.21 607.01214 0.404 -0.15 7.724 0101Pa0255
3871.218 23.1 6.779 -4.25 "" ""
3871.221 106.00113 0.462 -5.51 3.464 AX10Q155
3871.221 607.01214 0.512 -3.374 7.724 0101Qc0325
3871.222 26.0 3.926 -1.68 "" ""
3871.224 607.01214 0.528 -0.032 7.724 0101Pb0335
3871.231 607.01314 0.392 -0.152 7.724 0101Pa0255
3871.239 607.01314 0.497 -3.376 7.724 0101Qc0325
3871.24 607.01314 0.512 -0.034 7.724 0101Pb0335
3871.247 607.01314 2.171 -3.715 7.724 0808Qc0355
3871.248 607.01214 0.404 -0.167 7.724 0101Pb0245
3871.256 607.01214 0.416 -3.27 7.724 0101Qc0255
3871.257 607.01214 0.512 -0.032 7.724 0101Pa0335
3871.267 607.01314 0.392 -0.17 7.724 0101Pb0245
3871.271 106.00113 0.462 -5.879 3.464 AX10Q165
3871.273 607.01314 0.404 -3.272 7.724 0101Qc0255
3871.273 607.01314 0.497 -0.034 7.724 0101Pa0335
3871.28 607.01314 2.171 -0.31 7.724 0808Pa0365
3871.282 106.00113 0.021 -6.026 3.464 AX10P025
3871.284 607.01214 0.416 -0.133 7.724 0101Pa0265
3871.284 607.01214 0.497 -3.36 7.724 0101Qc0315
3871.295 607.01314 2.171 -0.323 7.724 0808Pb0355
3871.3 607.01314 0.482 -3.363 7.724 0101Qc0315
3871.301 607.01314 0.404 -0.136 7.724 0101Pa0265
3871.305 607.01214 0.512 -0.045 7.724 0101Pb0325
3871.309 607.01214 0.428 -3.286 7.724 0101Qc0265
3871.311 106.00113 0.097 -1.742 3.464 BX00R065
3871.311 106.00113 1.659 -7.549 3.464 AX20P315
3871.317 607.01314 0.497 -0.048 7.724 0101Pb0325
3871.319 607.01214 0.497 -0.045 7.724 0101Pa0325
3871.323 106.00113 0.462 -6.488 3.464 AX10P165
3871.323 607.01214 0.416 -0.15 7.724 0101Pb0255
3871.324 607.01314 0.416 -3.289 7.724 0101Qc0265
3871.328 607.01214 0.483 -3.346 7.724 0101Qc0305
3871.33 106.00113 0.357 -5.96 3.464 AX21R025
3871.333 607.01314 0.482 -0.048 7.724 0101Pa0325
3871.334 607.01314 0.404 -0.152 7.724 0101Pb0255
3871.339 607.01214 0.428 -0.117 7.724 0101Pa0275
3871.341 25.0 5.083 -1.94 "" ""
3871.342 607.01314 0.468 -3.349 7.724 0101Qc0305
3871.343 607.01214 0.441 -3.302 7.724 0101Qc0275
3871.353 607.01214 0.468 -3.332 7.724 0101Qc0295
3871.353 607.01314 0.416 -0.12 7.724 0101Pa0275
3871.355 106.00113 0.021 -6.024 3.464 AX10P025
3871.357 607.01314 0.428 -3.304 7.724 0101Qc0275
3871.358 607.01214 0.454 -3.317 7.724 0101Qc0285
3871.358 607.01214 2.121 -3.611 7.724 0808Qc0285
3871.361 607.01214 0.007 -0.661 7.724 0000Ra0055
3871.361 607.01214 0.007 -0.735 7.724 0000Rb0045
3871.362 607.01214 0.483 -0.059 7.724 0101Pa0315
3871.363 106.00112 0.098 -1.742 3.464 BX00R065
3871.366 26.0 3.6 -4.14 "" ""
3871.366 607.01214 0.497 -0.059 7.724 0101Pb0315
3871.366 607.01314 0.454 -3.334 7.724 0101Qc0295
3871.37 607.01314 0.441 -3.32 7.724 0101Qc0285
3871.371 607.01214 0.007 -2.548 7.724 0000Qd0055
3871.374 607.01214 0.441 -0.102 7.724 0101Pa0285
3871.374 607.01314 0.468 -0.061 7.724 0101Pa0315
3871.376 607.01314 0.482 -0.061 7.724 0101Pb0315
3871.379 607.01214 0.428 -0.133 7.724 0101Pb0265
3871.385 607.01214 0.468 -0.073 7.724 0101Pa0305
3871.385 607.01214 2.121 -0.39 7.724 0808Pa0295
3871.386 607.01314 0.428 -0.104 7.724 0101Pa0285
3871.389 607.01214 0.454 -0.087 7.724 0101Pa0295
3871.391 607.01314 0.416 -0.136 7.724 0101Pb0265
3871.397 607.01314 0.454 -0.075 7.724 0101Pa0305
3871.4 106.00113 0.358 -5.96 3.464 AX21R025
3871.401 607.01314 0.441 -0.089 7.724 0101Pa0295
3871.407 607.01214 0.483 -0.073 7.724 0101Pb0305
3871.415 607.01214 0.441 -0.117 7.724 0101Pb0275
3871.416 607.01314 0.468 -0.075 7.724 0101Pb0305
3871.424 607.01314 0.428 -0.12 7.724 0101Pb0275
3871.43 106.00112 0.752 -5.98 3.464 AX32R075
3871.43 607.01214 0.468 -0.087 7.724 0101Pb0295
3871.432 607.01214 0.454 -0.102 7.724 0101Pb0285
3871.437 607.01314 0.454 -0.089 7.724 0101Pb0295
3871.438 607.01214 0.903 -3.566 7.724 0000Qc0615
3871.438 607.01214 2.121 -0.406 7.724 0808Pb0285
3871.439 607.01314 0.441 -0.104 7.724 0101Pb0285
3871.449 42.1 4.714 -1.0 "" ""
3871.452 42.1 4.153 -1.0 "" ""
3871.489 106.00112 1.442 -2.604 3.464 AX21R265
3871.494 106.00113 0.073 -1.817 3.464 BX00R055
3871.505 607.01214 0.903 0.321 7.724 0000Pa0625
3871.512 106.00112 1.442 -2.693 3.464 AX21R255
3871.518 24.0 3.886 -0.17 "" ""
3871.536 106.00113 0.021 -6.493 3.464 AX10Q025
3871.54 64.1 0.078 -1.47 LAWLER ""
3871.549 106.00112 0.073 -1.817 3.464 BX00R055
3871.566 106.00112 1.442 -5.443 3.464 AX21Q265
3871.572 607.01214 0.903 0.314 7.724 0000Pb0615
3871.584 106.00113 0.097 -6.279 3.464 BX00Q075
3871.589 28.0 3.838 -1.1 "" ""
3871.609 106.00113 0.021 -6.499 3.464 AX10Q025
3871.617 106.00113 0.097 -1.68 3.464 BX00R075
3871.623 57.1139 0.126 -1.603 Lawle01HFS ""
3871.627 57.1139 0.126 -0.795 Lawle01HFS ""
3871.627 607.01214 2.161 -1.311 7.724 0909Ra0025
3871.629 57.1139 0.126 -1.408 Lawle01HFS ""
3871.63 66.1 0.93 -0.84 LAWLER ""
3871.632 57.1139 0.126 -1.023 Lawle01HFS ""
3871.632 607.01214 2.161 -1.467 7.724 0909Rb0015
3871.634 57.1139 0.126 -1.355 Lawle01HFS ""
3871.635 57.1139 0.126 -1.603 Lawle01HFS ""
3871.635 607.01214 2.161 -2.614 7.724 0909Qd0025
3871.636 57.1139 0.126 -1.309 Lawle01HFS ""
3871.638 57.1139 0.126 -1.381 Lawle01HFS ""
3871.639 57.1139 0.126 -1.408 Lawle01HFS ""
3871.64 57.1139 0.126 -1.695 Lawle01HFS ""
3871.641 57.1139 0.126 -1.48 Lawle01HFS ""
3871.642 106.00112 0.098 -6.279 3.464 BX00Q075
3871.642 57.1139 0.126 -1.355 Lawle01HFS ""
3871.642 57.1139 0.126 -2.325 Lawle01HFS ""
3871.644 57.1139 0.126 -1.381 Lawle01HFS ""
3871.644 57.1139 0.126 -1.702 Lawle01HFS ""
3871.644 57.1139 0.126 -20.13 Lawle01HFS ""
3871.645 57.1139 0.126 -2.179 Lawle01HFS ""
3871.646 57.1139 0.126 -1.48 Lawle01HFS ""
3871.646 57.1139 0.126 -1.702 Lawle01HFS ""
3871.654 607.01314 0.007 -0.662 7.724 0000Ra0055
3871.658 25.1 5.516 -3.34 "" ""
3871.666 607.01314 0.007 -0.736 7.724 0000Rb0045
3871.667 607.01314 2.186 -3.725 7.724 0808Qc0365
3871.67 607.01314 2.121 -2.762 7.724 0909Qc0035
3871.672 607.01314 0.007 -2.549 7.724 0000Qd0055
3871.674 607.01314 2.121 -1.22 7.724 0909Pa0045
3871.674 607.01314 2.121 -1.332 7.724 0909Pb0035
3871.675 106.00112 0.098 -1.68 3.464 BX00R075
3871.683 25.0 3.38 -2.06 "" ""
3871.694 106.00112 0.466 -6.83 3.464 AX10R155
3871.7 607.01314 2.186 -0.297 7.724 0808Pa0375
3871.702 106.00112 0.752 -5.955 3.464 AX32R075
3871.711 607.01314 2.186 -0.31 7.724 0808Pb0365
3871.718 106.00113 0.125 -1.681 3.464 BX00R075
3871.721 106.00112 0.466 -5.879 3.464 AX10Q165
3871.731 24.0 3.077 -4.55 "" ""
3871.745 27.0 3.189 -4.42 "" ""
3871.748 106.00112 0.466 -5.51 3.464 AX10Q155
3871.748 26.0 2.947 -0.78 "" ""
3871.753 68.0 1.432 0.16 "" ""
3871.775 106.00112 0.466 -6.471 3.464 AX10P165
3871.78 62.1 0.184 -0.74 LAWLER ""
3871.783 106.00112 0.125 -1.681 3.464 BX00R075
3871.804 58.1 0.899 -1.01 "" ""
3871.806 607.01214 2.134 -3.625 7.724 0808Qc0295
3871.813 106.00113 0.073 -6.091 3.464 BX00Q065
3871.833 607.01214 2.134 -0.375 7.724 0808Pa0305
3871.842 106.00113 0.073 -1.742 3.464 BX00R065
3871.845 27.0 3.684 -4.32 "" ""
3871.862 24.0 4.093 -2.35 "" ""
3871.868 106.00112 0.074 -6.09 3.464 BX00Q065
3871.871 26.0 4.206 -4.33 "" ""
3871.88 24.0 3.008 -2.09 "" ""
3871.883 21.0 2.0 -1.55 "" ""
3871.883 607.01214 2.134 -0.39 7.724 0808Pb0295
3871.887 42.1 3.019 -1.83 "" ""
3871.899 106.00112 0.074 -1.742 3.464 BX00R065
3871.932 106.00113 0.358 -7.774 3.464 AX21Q035
3871.933 26.0 3.879 -3.85 "" ""
3871.948 22.0 1.886 -2.37 "" ""
3871.949 25.0 3.38 -1.57 "" ""
3871.955 106.00113 0.125 -6.434 3.464 BX00Q085
3871.985 106.00113 0.358 -7.768 3.464 AX21Q035
3871.991 106.00113 0.125 -1.63 3.464 BX00R085
3872.022 106.00112 0.126 -6.434 3.464 BX00Q085
3872.023 106.00112 1.576 -5.439 3.464 AX32R245
3872.026 24.0 3.009 -1.33 "" ""
3872.044 607.01214 0.005 -0.735 7.724 0000Ra0045
3872.048 106.00113 0.358 -5.562 3.464 AX21R035
3872.048 607.01214 0.005 -0.824 7.724 0000Rb0035
3872.058 607.01214 0.005 -2.468 7.724 0000Qd0045
3872.059 106.00112 0.126 -1.63 3.464 BX00R085
3872.083 106.00112 0.521 -6.68 3.464 AX10R165
3872.087 106.00112 1.376 -7.078 3.464 AX42P205
3872.089 607.01314 2.202 -3.735 7.724 0808Qc0375
3872.093 25.0 4.662 -0.68 "" ""
3872.1 66.1 0.0 0.01 LAWLER ""
3872.101 106.00113 0.358 -5.563 3.464 AX21R035
3872.122 607.01214 0.875 -3.559 7.724 0000Qc0605
3872.123 607.01314 2.202 -0.284 7.724 0808Pa0385
3872.129 607.01314 2.202 -0.297 7.724 0808Pb0375
3872.131 58.1 0.621 -1.31 LAWLER ""
3872.144 106.00112 0.521 -5.879 3.464 AX10Q165
3872.144 607.01214 2.16 -1.467 7.724 0909Ra0015
3872.149 607.01214 2.16 -1.722 7.724 0909Rb0005
3872.151 607.01214 2.16 -2.422 7.724 0909Qd0015
3872.162 106.00113 0.021 -5.769 3.464 AX10P035
3872.169 26.0 3.879 -2.45 "" ""
3872.169 607.01314 2.124 -2.861 7.724 0909Qc0045
3872.173 607.01314 2.124 -1.131 7.724 0909Pa0055
3872.173 607.01314 2.124 -1.22 7.724 0909Pb0045
3872.18 106.00112 0.521 -6.733 3.464 AX10Q175
3872.189 607.01214 0.875 0.314 7.724 0000Pa0615
3872.214 23.1 3.325 -3.29 "" ""
3872.218 106.00113 0.021 -5.769 3.464 AX10P035
3872.222 23.0 1.929 -4.62 "" ""
3872.233 106.00113 0.052 -1.912 3.464 BX00R045
3872.24 106.00112 0.521 -6.538 3.464 AX10P175
3872.249 106.00113 0.75 -5.979 3.464 AX32R075
3872.252 26.0 2.863 -6.07 "" ""
3872.253 607.01214 2.147 -3.638 7.724 0808Qc0305
3872.255 607.01214 0.875 0.307 7.724 0000Pb0605
3872.281 607.01214 2.147 -0.36 7.724 0808Pa0315
3872.287 106.00112 0.052 -1.912 3.464 BX00R045
3872.321 607.01314 0.004 -0.736 7.724 0000Ra0045
3872.321 607.01314 0.004 -0.825 7.724 0000Rb0035
3872.328 607.01214 2.147 -0.375 7.724 0808Pb0305
3872.331 607.01314 0.004 -2.468 7.724 0000Qd0045
3872.341 26.0 3.015 -5.87 "" ""
3872.353 26.0 3.957 -4.21 "" ""
3872.39 45.0 0.701 -2.05 "" ""
3872.41 106.00113 1.588 -5.596 3.464 AX53R195
3872.449 106.00113 1.588 -3.833 3.464 AX53Q195
3872.466 106.00113 1.588 -3.548 3.464 AX53Q205
3872.474 23.0 1.871 -1.27 "" ""
3872.501 26.0 0.989 -0.89 OBR91 ""
3872.505 106.00113 1.588 -7.697 3.464 AX53P205
3872.507 27.1 5.204 -6.12 "" ""
3872.514 106.00113 0.75 -5.955 3.464 AX32R075
3872.515 607.01314 2.218 -3.745 7.724 0808Qc0385
3872.549 607.01314 2.218 -0.272 7.724 0808Pa0395
3872.55 607.01314 2.218 -0.285 7.724 0808Pb0385
3872.553 72.1 1.495 -0.69 "" ""
3872.561 20.0 2.521 -1.96 "" ""
3872.562 20.0 2.523 -1.91 LAWLER ""
3872.562 26.0 4.257 -2.79 "" ""
3872.605 106.00113 0.463 -6.83 3.464 AX10R155
3872.61 25.0 3.133 -3.62 "" ""
3872.616 106.00113 0.052 -5.865 3.464 BX00Q055
3872.62 64.1 0.425 -1.3 LAWLER ""
3872.627 23.0 1.948 -1.15 "" ""
3872.63 106.00113 0.463 -5.879 3.464 AX10Q165
3872.641 106.00113 0.052 -1.818 3.464 BX00R055
3872.657 106.00113 0.463 -5.51 3.464 AX10Q155
3872.666 607.01214 2.16 -1.722 7.724 0909Ra0005
3872.667 607.01314 2.126 -2.942 7.724 0909Qc0055
3872.668 607.01214 2.16 -2.024 7.724 0909Qd0005
3872.672 106.00112 0.053 -5.865 3.464 BX00Q055
3872.672 607.01314 2.126 -1.058 7.724 0909Pa0065
3872.672 607.01314 2.126 -1.131 7.724 0909Pb0055
3872.682 106.00113 0.463 -6.471 3.464 AX10P165
3872.688 24.0 3.373 -4.55 "" ""
3872.699 27.0 3.277 -5.24 "" ""
3872.7 607.01214 2.161 -3.651 7.724 0808Qc0315
3872.703 59.1 0.0 -1.72 "" ""
3872.706 106.00112 0.053 -1.818 3.464 BX00R055
3872.713 607.01214 0.003 -0.824 7.724 0000Ra0035
3872.713 607.01214 0.003 -0.937 7.724 0000Rb0025
3872.718 63.0 1.93 0.24 "" ""
3872.722 90.1 1.286 -0.4 "" ""
3872.725 607.01214 0.003 -2.368 7.724 0000Qd0035
3872.73 607.01214 2.161 -0.346 7.724 0808Pa0325
3872.749 106.00113 0.156 -1.63 3.464 BX00R085
3872.757 23.0 1.08 -2.65 "" ""
3872.765 25.1 6.653 -4.37 "" ""
3872.766 26.1 2.702 -3.32 "" ""
3872.771 25.0 4.662 -1.57 "" ""
3872.772 607.01214 2.161 -0.36 7.724 0808Pb0315
3872.786 607.01214 0.847 -3.552 7.724 0000Qc0595
3872.792 23.0 1.798 -1.44 "" ""
3872.792 23.0 3.069 -3.53 "" ""
3872.83 106.00112 0.156 -1.63 3.464 BX00R085
3872.831 74.0 0.412 -2.06 "" ""
3872.852 607.01214 0.847 0.307 7.724 0000Pa0605
3872.857 70.0 2.229 0.09 "" ""
3872.868 23.1 5.463 -4.48 "" ""
3872.918 607.01214 0.847 0.3 7.724 0000Pb0595
3872.921 26.0 2.725 -1.75 "" ""
3872.941 24.0 3.392 -0.24 "" ""
3872.944 607.01314 2.234 -3.755 7.724 0808Qc0395
3872.957 25.0 3.133 -3.8 "" ""
3872.959 106.00113 0.156 -6.559 3.464 BX00Q095
3872.961 106.00112 1.86 -7.335 3.464 CX24P195
3872.962 607.01314 0.003 -0.825 7.724 0000Ra0035
3872.962 607.01314 0.003 -0.938 7.724 0000Rb0025
3872.97 607.01314 0.003 -2.369 7.724 0000Qd0035
3872.975 607.01314 2.234 -0.272 7.724 0808Pb0395
3872.979 26.1 4.491 -4.62 "" ""
3872.98 607.01314 2.234 -0.26 7.724 0808Pa0405
3872.988 106.00113 0.518 -6.68 3.464 AX10R165
3872.998 106.00113 0.156 -1.587 3.464 BX00R095
3872.999 20.0 2.707 -1.33 "" ""
3873.017 27.0 2.278 -3.02 "" ""
3873.023 27.0 3.512 -0.54 "" ""
3873.036 58.0 0.159 -0.21 "" ""
3873.039 106.00112 0.157 -6.559 3.464 BX00Q095
3873.047 106.00113 0.518 -5.879 3.464 AX10Q165
3873.053 106.00113 1.438 -2.605 3.464 AX21R265
3873.071 27.0059 0.431 -3.553 Lawle15HFS ""
3873.072 27.0059 0.431 -3.155 Lawle15HFS ""
3873.074 27.0059 0.431 -2.95 Lawle15HFS ""
3873.076 27.0059 0.431 -2.853 Lawle15HFS ""
3873.079 27.0059 0.431 -2.853 Lawle15HFS ""
3873.081 106.00113 0.518 -6.733 3.464 AX10Q175
3873.082 27.0059 0.431 -3.008 Lawle15HFS ""
3873.083 106.00112 0.157 -1.587 3.464 BX00R095
3873.089 27.0059 0.431 -2.309 Lawle15HFS ""
3873.09 27.0059 0.431 -2.113 Lawle15HFS ""
3873.091 27.0059 0.431 -2.008 Lawle15HFS ""
3873.093 27.0059 0.431 -1.961 Lawle15HFS ""
3873.093 27.0059 0.431 -2.376 Lawle15HFS ""
3873.095 27.0059 0.431 -1.967 Lawle15HFS ""
3873.097 27.0059 0.431 -2.04 Lawle15HFS ""
3873.097 27.0059 0.431 -2.113 Lawle15HFS ""
3873.1 27.0059 0.431 -2.251 Lawle15HFS ""
3873.103 27.0059 0.431 -1.909 Lawle15HFS ""
3873.106 42.0 3.396 -0.97 "" ""
3873.108 27.0059 0.431 -1.739 Lawle15HFS ""
3873.114 27.0059 0.431 -1.593 Lawle15HFS ""
3873.12 27.0059 0.431 -1.464 Lawle15HFS ""
3873.126 27.0059 0.431 -1.348 Lawle15HFS ""
3873.126 58.1 0.495 -1.55 LAWLER ""
3873.133 27.0059 0.431 -1.243 Lawle15HFS ""
3873.138 42.0 3.221 -1.41 "" ""
3873.14 106.00113 0.518 -6.538 3.464 AX10P175
3873.149 607.01214 2.175 -3.663 7.724 0808Qc0325
3873.159 20.0 2.526 -6.94 LAWLER ""
3873.164 42.0 2.497 -2.27 "" ""
3873.167 607.01314 2.129 -3.009 7.724 0909Qc0065
3873.168 106.00113 1.438 -5.404 3.464 AX21Q265
3873.172 607.01314 2.129 -0.995 7.724 0909Pa0075
3873.172 607.01314 2.129 -1.058 7.724 0909Pb0065
3873.179 25.0 4.675 -0.6 "" ""
3873.179 607.01214 2.175 -0.332 7.724 0808Pa0335
3873.185 23.1 5.826 -3.63 "" ""
3873.202 22.0 1.995 0.05 "" ""
3873.208 106.00113 1.438 -2.694 3.464 AX21R255
3873.21 62.1 0.434 -1.29 LAWLER ""
3873.216 607.01214 2.175 -0.346 7.724 0808Pb0325
3873.224 23.0 1.798 -1.81 "" ""
3873.249 58.1 1.253 -0.43 "" ""
3873.25 24.0 4.102 -1.84 "" ""
3873.295 26.0 4.1 -1.6 "" ""
3873.295 28.0 3.462 -5.3 "" ""
3873.363 607.01314 2.669 -0.188 7.724 1010Rb0395
3873.366 607.01214 0.001 -0.937 7.724 0000Ra0025
3873.366 607.01214 0.001 -1.092 7.724 0000Rb0015
3873.371 607.01214 0.001 -2.238 7.724 0000Qd0025
3873.378 607.01314 2.251 -3.764 7.724 0808Qc0405
3873.396 607.01314 2.669 -3.723 7.724 1010Qd0405
3873.404 607.01314 2.251 -0.26 7.724 0808Pb0405
3873.427 106.00112 1.654 -3.049 3.464 AX53R215
3873.431 607.01214 0.819 -3.545 7.724 0000Qc0585
3873.438 106.00112 1.654 -3.219 3.464 AX53R205
3873.495 607.01214 0.819 0.3 7.724 0000Pa0595
3873.496 106.00113 0.035 -2.034 3.464 BX00R035
3873.504 106.00112 1.654 -5.808 3.464 AX53Q215
3873.507 25.0 4.675 -3.56 "" ""
3873.514 607.01314 2.653 -0.188 7.724 1010Ra0395
3873.528 44.0 1.124 -0.96 "" ""
3873.542 24.0 3.887 -0.41 "" ""
3873.557 106.00112 0.035 -2.034 3.464 BX00R035
3873.56 22.0 2.101 -5.92 "" ""
3873.561 607.01214 0.819 0.293 7.724 0000Pb0585
3873.576 607.01314 2.653 -0.201 7.724 1010Rb0385
3873.578 64.0 0.864 0.24 "" ""
3873.584 607.01314 0.001 -0.938 7.724 0000Ra0025
3873.584 607.01314 0.001 -1.093 7.724 0000Rb0015
3873.585 106.00112 1.538 -5.746 3.464 AX53R185
3873.588 62.1 0.932 -0.78 "" ""
3873.59 607.01314 0.001 -2.239 7.724 0000Qd0025
3873.594 26.0 3.6 -2.97 "" ""
3873.598 607.01214 2.19 -3.675 7.724 0808Qc0335
3873.607 607.01314 2.653 -3.714 7.724 1010Qd0395
3873.624 23.0 1.349 -0.86 "" ""
3873.629 607.01214 2.19 -0.318 7.724 0808Pa0345
3873.64 106.00112 0.348 -6.439 3.464 AX21R015
3873.644 106.00112 1.538 -4.152 3.464 AX53Q185
3873.66 106.00112 1.538 -3.825 3.464 AX53Q195
3873.661 607.01214 2.19 -0.332 7.724 0808Pb0335
3873.666 607.01314 2.132 -3.068 7.724 0909Qc0075
3873.668 607.01314 2.132 -0.995 7.724 0909Pb0075
3873.671 607.01314 2.132 -0.941 7.724 0909Pa0085
3873.675 106.00112 0.348 -6.438 3.464 AX21R015
3873.698 106.00112 0.522 -6.7 3.464 AX10R165
3873.704 607.01214 2.16 -2.024 7.724 0909Qc0005
3873.705 607.01214 2.16 -1.724 7.724 0909Pa0015
3873.713 106.00112 0.522 -6.734 3.464 AX10Q175
3873.719 106.00112 1.538 -9.05 3.464 AX53P195
3873.743 607.01314 2.638 -0.201 7.724 1010Ra0385
3873.758 106.00112 0.522 -5.879 3.464 AX10Q165
3873.76 26.0 2.431 -0.79 "" ""
3873.773 106.00112 0.522 -6.521 3.464 AX10P175
3873.801 607.01314 2.638 -0.214 7.724 1010Rb0375
3873.806 23.0 2.262 -6.15 "" ""
3873.822 90.0 0.355 -0.42 "" ""
3873.832 607.01314 2.638 -3.704 7.724 1010Qd0385
3873.836 22.0 2.479 -6.2 "" ""
3873.839 20.0 5.724 -2.69 "" ""
3873.85 42.0 2.595 -2.29 "" ""
3873.922 27.0059 0.513 -3.395 Lawle15HFS ""
3873.926 27.0059 0.513 -2.984 Lawle15HFS ""
3873.93 27.0059 0.513 -2.762 Lawle15HFS ""
3873.934 27.0059 0.513 -2.637 Lawle15HFS ""
3873.937 27.0059 0.513 -2.586 Lawle15HFS ""
3873.941 27.0059 0.513 -2.616 Lawle15HFS ""
3873.942 27.0059 0.513 -2.28 Lawle15HFS ""
3873.943 27.0059 0.513 -2.03 Lawle15HFS ""
3873.943 27.0059 0.513 -2.084 Lawle15HFS ""
3873.944 27.0059 0.513 -2.052 Lawle15HFS ""
3873.944 27.0059 0.513 -2.143 Lawle15HFS ""
3873.944 27.0059 0.513 -2.331 Lawle15HFS ""
3873.951 27.0059 0.513 -2.586 Lawle15HFS ""
3873.954 27.0059 0.513 -2.198 Lawle15HFS ""
3873.957 27.0059 0.513 -1.943 Lawle15HFS ""
3873.96 27.0059 0.513 -1.745 Lawle15HFS ""
3873.963 27.0059 0.513 -1.581 Lawle15HFS ""
3873.965 27.0059 0.513 -1.44 Lawle15HFS ""
3873.973 106.00113 0.035 -5.596 3.464 BX00Q045
3873.984 607.01314 2.622 -0.214 7.724 1010Ra0375
3873.99 66.1 0.1 -0.94 LAWLER ""
3873.992 106.00112 1.872 -6.583 3.464 CX35P145
3873.994 106.00113 0.035 -1.912 3.464 BX00R045
3873.994 607.01214 0.0 -1.092 7.724 0000Ra0015
3873.994 607.01214 0.0 -1.347 7.724 0000Rb0005
3873.998 607.01214 0.0 -2.046 7.724 0000Qd0015
3874.022 24.0 3.011 -2.27 "" ""
3874.035 106.00112 0.035 -5.596 3.464 BX00Q045
3874.037 92.1 0.036 -1.01 "" ""
3874.039 607.01314 2.622 -0.227 7.724 1010Rb0365
3874.048 607.01214 2.205 -3.686 7.724 0808Qc0345
3874.054 26.0 2.277 -3.85 "" ""
3874.056 607.01214 0.792 -3.537 7.724 0000Qc0575
3874.057 106.00112 0.035 -1.912 3.464 BX00R045
3874.068 65.1159 0.0 -4.04 LAWLER ""
3874.069 607.01314 2.622 -3.695 7.724 1010Qd0375
3874.08 607.01214 2.205 -0.305 7.724 0808Pa0355
3874.09 65.1159 0.0 -1.96 LAWLER ""
3874.091 65.1159 0.0 -4.1 LAWLER ""
3874.106 607.01214 2.205 -0.318 7.724 0808Pb0345
3874.106 65.1159 0.0 -0.43 LAWLER ""
3874.112 106.00112 0.58 -6.564 3.464 AX10R175
3874.119 607.01214 0.792 0.293 7.724 0000Pa0585
3874.12 65.1159 0.0 -1.84 LAWLER ""
3874.127 22.0 2.493 -0.6 "" ""
3874.141 65.1159 0.0 -0.37 LAWLER ""
3874.154 42.0 3.3 -0.72 "" ""
3874.154 65.1159 0.0 -1.96 LAWLER ""
3874.16 21.0 2.008 -1.57 "" ""
3874.167 607.01314 2.136 -3.119 7.724 0909Qc0085
3874.168 607.01314 2.136 -0.941 7.724 0909Pb0085
3874.172 607.01314 2.136 -0.892 7.724 0909Pa0095
3874.18 106.00112 0.58 -6.733 3.464 AX10Q175
3874.182 65.1159 0.0 -0.32 LAWLER ""
3874.184 607.01214 0.792 0.285 7.724 0000Pb0575
3874.186 607.01314 0.0 -1.093 7.724 0000Ra0015
3874.186 607.01314 0.0 -1.348 7.724 0000Rb0005
3874.191 607.01314 0.0 -2.047 7.724 0000Qd0015
3874.195 106.00112 1.378 -7.137 3.464 AX42P205
3874.201 106.00112 0.58 -6.773 3.464 AX10Q185
3874.223 607.01214 2.161 -2.422 7.724 0909Qc0015
3874.226 607.01214 2.161 -1.469 7.724 0909Pa0025
3874.226 607.01214 2.161 -1.724 7.724 0909Pb0015
3874.228 65.1159 0.0 -0.26 LAWLER ""
3874.236 607.01314 2.607 -0.227 7.724 1010Ra0365
3874.247 22.0 2.776 -4.18 "" ""
3874.264 21.0 2.562 -3.67 "" ""
3874.269 106.00112 0.58 -6.596 3.464 AX10P185
3874.289 607.01314 2.607 -0.241 7.724 1010Rb0355
3874.318 607.01314 2.607 -3.685 7.724 1010Qd0365
3874.341 23.0 1.944 -2.02 "" ""
3874.401 40.1 1.485 -1.9 "" ""
3874.404 74.0 2.434 -0.15 "" ""
3874.41 106.00112 1.445 -2.605 3.464 AX21R265
3874.419 24.1 4.94 -4.02 "" ""
3874.432 23.1 5.875 -3.11 "" ""
3874.445 106.00113 0.19 -1.588 3.464 BX00R095
3874.468 64.0 0.066 -1.06 "" ""
3874.475 26.0 3.881 -2.24 "" ""
3874.486 106.00112 1.445 -5.404 3.464 AX21Q265
3874.498 607.01314 2.593 -0.241 7.724 1010Ra0355
3874.499 607.01214 2.22 -3.697 7.724 0808Qc0355
3874.503 24.0 3.447 -0.72 "" ""
3874.505 24.0 3.011 0.08 "" ""
3874.51 106.00113 1.589 -3.548 3.464 AX53Q205
3874.512 106.00112 1.579 -5.371 3.464 AX32R245
3874.527 21.0 1.942 -3.38 "" ""
3874.531 106.00113 1.589 -5.62 3.464 AX53R195
3874.532 607.01214 2.22 -0.292 7.724 0808Pa0365
3874.536 106.00112 0.349 -7.999 3.464 AX21Q025
3874.539 106.00112 1.445 -2.693 3.464 AX21R255
3874.543 106.00112 0.191 -1.588 3.464 BX00R095
3874.55 607.01314 2.593 -0.254 7.724 1010Rb0345
3874.551 106.00113 1.589 -7.675 3.464 AX53P205
3874.552 607.01214 2.22 -0.305 7.724 0808Pb0355
3874.559 106.00112 0.349 -7.995 3.464 AX21Q025
3874.569 24.0 3.884 -2.76 "" ""
3874.572 106.00113 1.589 -3.833 3.464 AX53Q195
3874.577 42.0 2.621 -2.4 "" ""
3874.578 607.01314 2.593 -3.674 7.724 1010Qd0355
3874.581 106.00113 0.519 -6.7 3.464 AX10R165
3874.593 106.00113 0.347 -6.439 3.464 AX21R015
3874.595 106.00113 0.519 -6.733 3.464 AX10Q175
3874.602 607.01214 0.0 -1.347 7.724 0000Ra0005
3874.605 607.01214 0.0 -1.648 7.724 0000Qd0005
3874.605 71.0 0.512 -1.82 "" ""
3874.628 106.00113 0.347 -6.438 3.464 AX21R015
3874.634 106.00113 0.19 -6.654 3.464 BX00Q105
3874.64 106.00113 0.519 -5.879 3.464 AX10Q165
3874.653 106.00113 0.519 -6.52 3.464 AX10P175
3874.657 27.0 2.04 -5.7 "" ""
3874.66 607.01214 0.766 -3.53 7.724 0000Qc0565
3874.665 607.01314 2.14 -0.892 7.724 0909Pb0095
3874.669 607.01314 2.14 -3.165 7.724 0909Qc0095
3874.675 106.00113 0.19 -1.552 3.464 BX00R105
3874.679 58.1 1.013 -0.33 BIEMONT ""
3874.679 607.01314 2.14 -0.849 7.724 0909Pa0105
3874.701 106.00112 0.349 -5.913 3.464 AX21R025
3874.723 607.01214 0.766 0.285 7.724 0000Pa0575
3874.724 106.00112 0.349 -5.913 3.464 AX21R025
3874.732 106.00112 0.191 -6.654 3.464 BX00Q105
3874.742 607.01214 2.162 -2.614 7.724 0909Qc0025
3874.745 24.1 4.924 -3.76 "" ""
3874.747 26.0 4.073 -4.01 "" ""
3874.747 607.01214 2.162 -1.314 7.724 0909Pa0035
3874.747 607.01214 2.162 -1.469 7.724 0909Pb0025
3874.763 25.0 4.329 -3.85 "" ""
3874.766 24.0 4.385 -2.22 "" ""
3874.77 607.01314 0.0 -1.348 7.724 0000Ra0005
3874.772 607.01314 0.0 -1.649 7.724 0000Qd0005
3874.772 607.01314 2.579 -0.254 7.724 1010Ra0345
3874.782 106.00112 0.191 -1.552 3.464 BX00R105
3874.786 607.01214 0.766 0.278 7.724 0000Pb0565
3874.823 607.01314 2.579 -0.268 7.724 1010Rb0335
3874.825 68.0 0.624 -0.17 "" ""
3874.85 607.01314 2.579 -3.663 7.724 1010Qd0345
3874.862 90.0 0.615 -0.34 "" ""
3874.876 106.00112 0.035 -5.586 3.464 AX10P035
3874.918 42.0 3.263 -1.79 "" ""
3874.948 24.0 4.096 -2.09 "" ""
3874.957 22.0 2.248 -3.02 "" ""
3874.99 106.00113 0.577 -6.564 3.464 AX10R175
3874.998 106.00112 0.035 -5.585 3.464 AX10P035
3874.999 607.01214 2.236 -0.292 7.724 0808Pb0365
3875.012 58.1 0.495 -0.84 LAWLER ""
3875.019 22.1 1.083 -4.72 "" ""
3875.023 24.0 2.706 -0.07 "" ""
3875.043 25.1 4.797 -8.25 "" ""
3875.045 106.00112 0.035 -6.478 3.464 AX10Q035
3875.055 106.00113 0.577 -6.733 3.464 AX10Q175
3875.056 58.1 0.529 -0.74 LAWLER ""
3875.056 607.01314 2.565 -0.269 7.724 1010Ra0335
3875.072 23.0 0.04 -0.39 LAWNOHFS ""
3875.075 106.00113 0.577 -6.773 3.464 AX10Q185
3875.103 26.0 4.214 -3.26 "" ""
3875.106 607.01314 2.565 -0.283 7.724 1010Rb0325
3875.114 24.0 3.407 -0.87 "" ""
3875.115 24.0 3.011 -0.5 "" ""
3875.133 607.01314 2.565 -3.652 7.724 1010Qd0335
3875.14 106.00113 0.577 -6.595 3.464 AX10P185
3875.155 27.1 2.727 -4.82 "" ""
3875.163 28.0 3.83 -3.37 "" ""
3875.165 607.01314 2.145 -0.849 7.724 0909Pb0105
3875.168 106.00112 0.035 -6.485 3.464 AX10Q035
3875.172 607.01314 2.145 -3.206 7.724 0909Qc0105
3875.18 62.1 0.378 -1.07 LAWLER ""
3875.182 607.01314 2.145 -0.809 7.724 0909Pa0115
3875.201 22.1 4.891 -4.51 "" ""
3875.218 21.0 2.567 -3.75 "" ""
3875.232 22.0 0.0 -2.23 "" ""
3875.242 106.00113 0.021 -2.204 3.464 BX00R025
3875.245 607.01214 0.74 -3.522 7.724 0000Qc0555
3875.253 58.1 0.674 -0.77 BIEMONT ""
3875.254 75.0 1.435 -1.09 "" ""
3875.257 106.00112 1.576 -8.643 3.464 AX42Q235
3875.261 22.0 1.995 0.35 "" ""
3875.263 607.01214 2.164 -2.744 7.724 0909Qc0035
3875.264 23.0 1.375 -0.9 "" ""
3875.269 607.01214 2.164 -1.202 7.724 0909Pa0045
3875.269 607.01214 2.164 -1.315 7.724 0909Pb0035
3875.296 20.0 5.574 -2.48 "" ""
3875.303 106.00112 1.539 -3.825 3.464 AX53Q195
3875.306 607.01214 0.74 0.278 7.724 0000Pa0565
3875.309 106.00112 1.539 -5.769 3.464 AX53R185
3875.311 106.00112 0.021 -2.204 3.464 BX00R025
3875.315 106.00112 1.576 -4.436 3.464 AX42P245
3875.345 106.00112 1.576 -4.27 3.464 AX42P235
3875.35 607.01314 2.551 -0.283 7.724 1010Ra0325
3875.362 106.00112 1.539 -9.029 3.464 AX53P195
3875.364 106.00112 1.656 -3.049 3.464 AX53R215
3875.368 106.00112 1.539 -4.152 3.464 AX53Q185
3875.37 607.01214 0.74 0.27 7.724 0000Pb0555
3875.373 90.0 1.29 0.26 "" ""
3875.4 607.01314 2.551 -0.298 7.724 1010Rb0315
3875.413 41.0 1.489 -0.97 "" ""
3875.422 23.0 1.063 -1.22 LAWNOHFS ""
3875.423 106.00113 1.662 -7.63 3.464 AX20P315
3875.426 607.01314 2.551 -3.64 7.724 1010Qd0325
3875.441 106.00112 1.656 -5.774 3.464 AX53Q215
3875.45 64.1 0.522 -1.09 LAWLER ""
3875.455 26.1 4.491 -4.9 "" ""
3875.462 106.00112 1.656 -3.219 3.464 AX53R205
3875.47 24.0 4.385 -4.04 "" ""
3875.485 106.00113 0.348 -7.999 3.464 AX21Q025
3875.5 76.0 1.368 -3.09 Quinet06 ""
3875.508 106.00113 0.348 -7.995 3.464 AX21Q025
3875.512 24.0 3.392 -1.9 "" ""
3875.523 106.00112 0.035 -5.416 3.464 AX10P045
3875.54 62.1 0.184 -0.96 LAWLER ""
3875.575 24.0 2.706 -1.16 "" ""
3875.599 23.0 3.071 -0.71 "" ""
3875.623 106.00112 0.035 -5.416 3.464 AX10P045
3875.645 23.1 1.686 -1.9 LAWNOHFS ""
3875.646 90.0 0.929 -0.98 "" ""
3875.649 106.00113 0.348 -5.912 3.464 AX21R025
3875.649 22.1 4.906 -2.07 "" ""
3875.654 607.01314 2.538 -0.298 7.724 1010Ra0315
3875.667 607.01314 2.149 -0.809 7.724 0909Pb0115
3875.67 106.00112 0.34 -6.971 3.464 AX21R005
3875.671 106.00113 0.348 -5.913 3.464 AX21R025
3875.677 607.01314 2.149 -3.243 7.724 0909Qc0115
3875.682 23.1 5.808 -3.81 "" ""
3875.682 74.0 1.855 -0.9 "" ""
3875.686 106.00112 0.34 -6.971 3.464 AX21R005
3875.688 106.00113 1.329 -7.338 3.464 AX53P145
3875.688 607.01314 2.149 -0.773 7.724 0909Pa0125
3875.699 22.0 1.967 -5.24 "" ""
3875.705 607.01314 2.538 -0.313 7.724 1010Rb0305
3875.719 21.0 2.109 -1.88 "" ""
3875.72 60.1 0.204 -0.87 LAWLER ""
3875.728 22.0 2.083 -3.28 "" ""
3875.73 607.01314 2.538 -3.628 7.724 1010Qd0315
3875.734 24.0 3.077 -4.26 "" ""
3875.757 22.0 2.133 -4.59 "" ""
3875.758 607.01214 0.0 -1.649 7.724 0000Qc0005
3875.759 607.01214 0.0 -1.348 7.724 0000Pa0015
3875.762 41.0 0.142 -1.27 "" ""
3875.784 607.01214 2.166 -2.844 7.724 0909Qc0045
3875.791 607.01214 2.166 -1.113 7.724 0909Pa0055
3875.791 607.01214 2.166 -1.202 7.724 0909Pb0045
3875.804 20.0 2.524 -1.85 "" ""
3875.81 607.01214 0.714 -3.514 7.724 0000Qc0545
3875.825 22.0 1.429 -4.2 "" ""
3875.826 20.0 2.524 -3.4 "" ""
3875.826 20.0 2.526 -3.45 LAWLER ""
3875.86 60.1 0.38 -0.42 LAWLER ""
3875.866 106.00113 0.035 -5.586 3.464 AX10P035
3875.869 607.01214 0.714 0.27 7.724 0000Pa0555
3875.872 106.00113 0.021 -5.266 3.464 BX00Q035
3875.878 607.01314 0.0 -1.649 7.724 0000Qc0005
3875.879 607.01314 0.0 -1.348 7.724 0000Pa0015
3875.889 106.00113 0.021 -2.034 3.464 BX00R035
3875.891 106.00112 0.581 -6.585 3.464 AX10R175
3875.895 106.00112 0.581 -6.774 3.464 AX10Q185
3875.898 23.0 0.017 -1.11 LAWNOHFS ""
3875.906 25.0 4.682 -3.42 "" ""
3875.933 607.01214 0.714 0.262 7.724 0000Pb0545
3875.943 106.00112 0.021 -5.266 3.464 BX00Q035
3875.958 106.00112 0.581 -6.734 3.464 AX10Q175
3875.962 106.00112 0.021 -2.034 3.464 BX00R035
3875.962 106.00112 0.581 -6.577 3.464 AX10P185
3875.967 607.01314 2.526 -0.313 7.724 1010Ra0305
3875.987 106.00113 0.035 -5.585 3.464 AX10P035
3875.995 58.1 0.6 -1.52 LAWLER ""
3876.018 607.01314 2.526 -0.328 7.724 1010Rb0295
3876.02 23.0 2.246 -6.45 "" ""
3876.035 106.00113 0.035 -6.477 3.464 AX10Q035
3876.04 26.0 1.01 -2.89 OBR91 ""
3876.043 607.01314 2.526 -3.616 7.724 1010Qd0305
3876.045 106.00112 0.58 -1.825 3.464 BX10P175
3876.081 23.0 0.069 -0.72 LAWNOHFS ""
3876.1 44.0 1.732 -1.3 "" ""
3876.102 106.00112 0.58 -7.042 3.464 BX10Q175
3876.106 55.0 0.0 -1.85 "" ""
3876.126 58.1 0.608 -0.58 LAWLER ""
3876.133 92.0 0.0 -0.57 "" ""
3876.147 24.0 2.897 -1.9 "" ""
3876.156 106.00113 0.035 -6.485 3.464 AX10Q035
3876.171 607.01314 2.155 -0.773 7.724 0909Pb0125
3876.184 106.00113 1.513 -2.518 3.464 AX21R275
3876.185 607.01314 2.155 -3.278 7.724 0909Qc0125
3876.189 106.00112 0.58 -1.833 3.464 BX10P185
3876.193 23.0 2.053 -2.25 "" ""
3876.197 607.01314 2.155 -0.739 7.724 0909Pa0135
3876.272 24.0 2.706 -2.39 "" ""
3876.275 27.0 3.252 -7.63 "" ""
3876.29 607.01314 2.514 -0.329 7.724 1010Ra0295
3876.304 607.01214 0.001 -2.047 7.724 0000Qc0015
3876.305 607.01214 2.169 -2.924 7.724 0909Qc0055
3876.309 607.01214 0.001 -1.092 7.724 0000Pa0025
3876.309 607.01214 0.001 -1.348 7.724 0000Pb0015
3876.311 106.00113 1.513 -2.607 3.464 AX21R265
3876.312 607.01214 2.169 -1.04 7.724 0909Pa0065
3876.316 607.01214 2.169 -1.113 7.724 0909Pb0055
3876.341 106.00113 1.513 -5.362 3.464 AX21Q275
3876.342 607.01314 2.514 -0.345 7.724 1010Rb0285
3876.343 106.00112 0.642 -6.458 3.464 AX10R185
3876.354 607.01214 0.689 -3.506 7.724 0000Qc0535
3876.366 607.01314 2.514 -3.603 7.724 1010Qd0295
3876.401 607.01314 0.001 -2.047 7.724 0000Qc0015
3876.404 607.01314 0.001 -1.093 7.724 0000Pa0025
3876.404 607.01314 0.001 -1.348 7.724 0000Pb0015
3876.411 607.01214 0.689 0.262 7.724 0000Pa0545
3876.417 106.00112 0.642 -6.774 3.464 AX10Q185
3876.426 106.00112 0.642 -5.718 3.464 AX10Q195
3876.433 42.0 2.593 -2.24 "" ""
3876.471 21.0 1.849 -4.68 "" ""
3876.476 607.01214 0.689 0.254 7.724 0000Pb0535
3876.479 22.0 2.736 -4.12 "" ""
3876.481 26.0 4.188 -2.3 "" ""
3876.49 25.0 5.334 -1.45 "" ""
3876.5 106.00112 0.642 -6.662 3.464 AX10P195
3876.511 106.00113 0.035 -5.416 3.464 AX10P045
3876.533 71.1175 1.542 -2.086 Q99gfDH20h ""
3876.554 71.1175 1.542 -2.102 Q99gfDH20h ""
3876.586 71.1175 1.542 -2.357 Q99gfDH20h ""
3876.588 71.1175 1.542 -2.357 Q99gfDH20h ""
3876.604 106.00113 0.339 -6.97 3.464 AX21R005
3876.61 106.00113 0.035 -5.416 3.464 AX10P045
3876.619 71.1175 1.542 -1.982 Q99gfDH20h ""
3876.62 106.00113 0.339 -6.97 3.464 AX21R005
3876.622 607.01314 2.502 -0.345 7.724 1010Ra0285
3876.626 24.0 3.548 -3.14 "" ""
3876.63 24.0 2.707 -0.97 "" ""
3876.634 71.1175 1.542 -2.797 Q99gfDH20h ""
3876.662 71.1175 1.542 -1.902 Q99gfDH20h ""
3876.671 26.0 2.277 -2.63 "" ""
3876.677 71.1175 1.542 -2.098 Q99gfDH20h ""
3876.678 607.01314 2.161 -0.739 7.724 0909Pb0135
3876.678 607.01314 2.502 -0.361 7.724 1010Rb0275
3876.697 607.01314 2.161 -3.309 7.724 0909Qc0135
3876.697 607.01314 2.502 -3.589 7.724 1010Qd0285
3876.701 25.0 4.35 -1.75 "" ""
3876.708 607.01314 2.161 -0.708 7.724 0909Pa0145
3876.734 71.1175 1.542 -1.609 Q99gfDH20h ""
3876.746 106.00113 0.578 -6.585 3.464 AX10R175
3876.747 106.00113 0.578 -6.774 3.464 AX10Q185
3876.77 76.0 1.367 -0.79 "" ""
3876.811 106.00113 0.578 -6.733 3.464 AX10Q175
3876.813 106.00113 0.578 -6.577 3.464 AX10P185
3876.823 106.00112 0.73 -5.966 3.464 AX32R065
3876.824 27.0 2.006 -0.91 LAWNHFS ""
3876.828 607.01214 2.172 -2.991 7.724 0909Qc0065
3876.83 607.01214 0.003 -2.238 7.724 0000Qc0025
3876.833 607.01214 2.172 -0.977 7.724 0909Pa0075
3876.836 607.01214 0.003 -0.938 7.724 0000Pa0035
3876.836 607.01214 0.003 -1.092 7.724 0000Pb0025
3876.84 27.0 0.431 -2.14 LAWNHFS ""
3876.84 607.01214 2.172 -1.04 7.724 0909Pb0065
3876.852 106.00113 0.227 -1.553 3.464 BX00R105
3876.864 28.0 3.838 -1.39 "" ""
3876.875 75.0 1.954 -0.57 "" ""
3876.878 607.01214 0.664 -3.498 7.724 0000Qc0525
3876.897 24.0 3.885 -2.14 "" ""
3876.905 607.01314 0.003 -2.239 7.724 0000Qc0025
3876.91 607.01314 0.003 -0.938 7.724 0000Pa0035
3876.91 607.01314 0.003 -1.093 7.724 0000Pb0025
3876.913 106.00113 1.33 -7.382 3.464 AX53P145
3876.935 607.01214 0.664 0.254 7.724 0000Pa0535
3876.96 607.01314 2.491 -0.361 7.724 1010Ra0275
3876.961 28.0 0.109 -3.82 "" ""
3876.965 41.0 1.531 -0.33 "" ""
3876.973 58.1 0.553 -0.67 BIEMONT ""
3876.98 106.00112 0.229 -1.553 3.464 BX00R105
3876.987 21.1 7.418 -3.7 "" ""
3876.99 27.1 5.171 -5.42 "" ""
3876.998 607.01214 0.664 0.246 7.724 0000Pb0525
3877.011 25.0 4.675 -2.67 "" ""
3877.017 607.01314 2.491 -0.378 7.724 1010Rb0265
3877.023 106.00113 0.227 -6.723 3.464 BX00Q115
3877.026 106.00112 0.73 -5.944 3.464 AX32R065
3877.038 607.01314 2.491 -3.575 7.724 1010Qd0275
3877.042 25.0 4.657 -3.1 "" ""
3877.056 27.0 3.684 -2.01 "" ""
3877.065 106.00113 0.227 -1.524 3.464 BX00R115
3877.098 72.1 2.868 0.51 "" ""
3877.146 106.00112 0.229 -6.723 3.464 BX00Q115
3877.183 59.1 0.055 -0.04 "" ""
3877.19 106.00113 0.638 -6.458 3.464 AX10R185
3877.19 607.01314 2.167 -0.708 7.724 0909Pb0145
3877.193 106.00112 0.229 -1.524 3.464 BX00R115
3877.2 62.1 0.277 -1.32 LAWLER ""
3877.205 27.0 3.565 -3.23 "" ""
3877.214 607.01314 2.167 -3.339 7.724 0909Qc0145
3877.226 607.01314 2.167 -0.679 7.724 0909Pa0155
3877.253 23.0 2.377 -3.47 "" ""
3877.262 106.00113 0.638 -6.773 3.464 AX10Q185
3877.268 106.00113 0.638 -5.718 3.464 AX10Q195
3877.284 24.0 3.407 -0.41 "" ""
3877.307 24.0 3.11 -1.88 "" ""
3877.312 607.01314 2.48 -0.378 7.724 1010Ra0265
3877.314 26.0 3.069 -5.21 "" ""
3877.316 27.0 3.131 -3.95 "" ""
3877.328 24.0 2.707 -1.47 "" ""
3877.336 607.01214 0.005 -2.369 7.724 0000Qc0035
3877.34 106.00113 0.638 -6.662 3.464 AX10P195
3877.342 607.01214 0.005 -0.825 7.724 0000Pa0045
3877.342 607.01214 0.005 -0.938 7.724 0000Pb0035
3877.346 45.0 0.705 -1.3 "" ""
3877.349 22.0 2.115 -2.44 "" ""
3877.351 106.00113 1.57 -5.438 3.464 AX32R245
3877.351 607.01214 2.175 -3.05 7.724 0909Qc0075
3877.358 607.01214 2.175 -0.923 7.724 0909Pa0085
3877.365 607.01314 2.48 -0.396 7.724 1010Rb0255
3877.366 607.01214 2.175 -0.978 7.724 0909Pb0075
3877.382 607.01214 0.64 -3.49 7.724 0000Qc0515
3877.385 106.00113 0.01 -2.475 3.464 BX00R015
3877.387 607.01314 2.48 -3.56 7.724 1010Qd0265
3877.39 607.01314 0.004 -2.37 7.724 0000Qc0035
3877.396 607.01314 0.004 -0.826 7.724 0000Pa0045
3877.396 607.01314 0.004 -0.938 7.724 0000Pb0035
3877.439 607.01214 0.64 0.246 7.724 0000Pa0525
3877.46 27.0 3.252 -6.48 "" ""
3877.467 106.00112 0.01 -2.475 3.464 BX00R015
3877.477 62.0 0.498 0.0 "" ""
3877.501 607.01214 0.64 0.237 7.724 0000Pb0515
3877.54 26.0 4.206 -4.36 "" ""
3877.55 41.0 0.13 -0.75 "" ""
3877.56 607.01314 0.613 0.237 7.724 0000Pb0515
3877.591 22.0 1.979 -0.87 "" ""
3877.591 40.0 0.998 0.21 "" ""
3877.6 24.0 2.707 -2.65 "" ""
3877.608 106.00112 1.861 -7.676 3.464 CX14R205
3877.628 106.00113 0.727 -5.966 3.464 AX32R065
3877.666 607.01314 2.469 -0.396 7.724 1010Ra0255
3877.704 26.0 4.217 -4.49 "" ""
3877.714 607.01314 2.173 -0.679 7.724 0909Pb0155
3877.724 607.01314 2.469 -0.414 7.724 1010Rb0245
3877.737 607.01314 2.173 -3.367 7.724 0909Qc0155
3877.744 607.01314 2.469 -3.545 7.724 1010Qd0255
3877.752 21.0 2.0 -2.83 "" ""
3877.752 607.01314 2.173 -0.651 7.724 0909Pa0165
3877.753 24.0 2.542 -3.4 "" ""
3877.772 27.0 2.326 -2.69 "" ""
3877.791 24.0 2.706 -4.3 "" ""
3877.805 106.00112 1.668 -7.548 3.464 AX20P315
3877.808 106.00112 1.579 -4.437 3.464 AX42P245
3877.821 607.01214 0.007 -2.468 7.724 0000Qc0045
3877.826 106.00113 0.728 -5.944 3.464 AX32R065
3877.826 607.01214 0.007 -0.736 7.724 0000Pa0055
3877.826 607.01214 0.007 -0.825 7.724 0000Pb0045
3877.841 26.0 4.175 -3.04 "" ""
3877.848 24.0 3.884 -3.2 "" ""
3877.849 106.00112 1.579 -8.681 3.464 AX42Q235
3877.855 607.01314 0.007 -2.469 7.724 0000Qc0045
3877.863 607.01314 0.007 -0.737 7.724 0000Pa0055
3877.863 607.01314 0.007 -0.826 7.724 0000Pb0045
3877.866 607.01214 0.616 -3.482 7.724 0000Qc0505
3877.875 607.01214 2.179 -3.101 7.724 0909Qc0085
3877.882 607.01214 2.179 -0.874 7.724 0909Pa0095
3877.893 607.01214 2.179 -0.923 7.724 0909Pb0085
3877.906 607.01314 0.59 -3.482 7.724 0000Qc0505
3877.922 607.01214 0.616 0.237 7.724 0000Pa0515
3877.937 106.00112 1.579 -4.27 3.464 AX42P235
3877.96 607.01314 0.59 0.237 7.724 0000Pa0515
3877.967 22.0 2.394 -3.55 "" ""
3877.983 607.01214 0.616 0.229 7.724 0000Pb0505
3877.989 22.0 2.091 -5.94 "" ""
3877.992 24.0 3.407 -0.07 "" ""
3878.018 26.0 0.957 -0.9 OBR91 ""
3878.022 607.01314 0.59 0.228 7.724 0000Pb0505
3878.03 25.0 4.341 -2.31 "" ""
3878.031 607.01314 2.459 -0.414 7.724 1010Ra0245
3878.084 92.1 1.097 0.04 "" ""
3878.09 607.01314 2.459 -0.432 7.724 1010Rb0235
3878.109 607.01314 2.459 -3.529 7.724 1010Qd0245
3878.124 23.1 5.791 -2.73 "" ""
3878.141 22.0 1.459 -1.15 "" ""
3878.178 25.0 4.824 -2.6 "" ""
3878.179 25.0 5.108 -2.26 "" ""
3878.183 26.0 3.281 -1.73 "" ""
3878.238 23.0 2.073 -2.25 "" ""
3878.266 24.0 3.886 -2.64 "" ""
3878.269 607.01314 2.18 -3.392 7.724 0909Qc0165
3878.272 607.01314 2.18 -0.651 7.724 0909Pb0165
3878.28 24.0 3.885 -2.5 "" ""
3878.286 106.00112 0.644 -5.718 3.464 AX10Q195
3878.286 607.01214 0.01 -2.549 7.724 0000Qc0055
3878.29 39.1 0.18 -1.57 Biemont11 ""
3878.292 106.00112 0.644 -6.48 3.464 AX10R185
3878.294 607.01314 2.18 -0.626 7.724 0909Pa0175
3878.295 23.0 1.948 -2.05 "" ""
3878.297 607.01214 0.01 -0.663 7.724 0000Pa0065
3878.297 607.01214 0.01 -0.736 7.724 0000Pb0055
3878.301 607.01314 0.009 -2.55 7.724 0000Qc0055
3878.306 12.0 4.343 -0.46 "" ""
3878.314 607.01314 0.009 -0.663 7.724 0000Pa0065
3878.314 607.01314 0.009 -0.737 7.724 0000Pb0055
3878.316 106.00113 0.011 -4.843 3.464 BX00Q025
3878.323 607.01214 2.58 -0.312 7.724 1010Rb0295
3878.329 106.00113 0.011 -2.205 3.464 BX00R025
3878.329 607.01214 0.592 -3.473 7.724 0000Qc0495
3878.34 23.0 1.802 -0.43 "" ""
3878.347 607.01214 2.58 -3.599 7.724 1010Qd0305
3878.348 21.1 7.434 -2.14 "" ""
3878.35 607.01314 0.568 -3.474 7.724 0000Qc0495
3878.351 106.00112 0.342 -8.16 3.464 AX21Q015
3878.354 106.00112 0.342 -8.158 3.464 AX21Q015
3878.36 106.00112 0.644 -6.642 3.464 AX10P195
3878.366 106.00112 0.644 -6.774 3.464 AX10Q185
3878.367 58.1 0.175 -0.35 LAWLER ""
3878.384 607.01214 0.592 0.229 7.724 0000Pa0505
3878.4 607.01214 2.183 -3.147 7.724 0909Qc0095
3878.401 106.00112 0.011 -4.843 3.464 BX00Q025
3878.403 607.01314 0.568 0.228 7.724 0000Pa0505
3878.405 25.0 3.37 -5.31 "" ""
3878.407 607.01314 2.449 -0.433 7.724 1010Ra0235
3878.409 607.01214 2.183 -0.831 7.724 0909Pa0105
3878.414 106.00112 0.011 -2.205 3.464 BX00R025
3878.42 25.0 3.37 -6.22 "" ""
3878.42 607.01214 2.183 -0.874 7.724 0909Pb0095
3878.436 25.0 3.37 -5.24 "" ""
3878.445 607.01214 0.592 0.22 7.724 0000Pb0495
3878.458 106.00112 1.521 -2.518 3.464 AX21R275
3878.463 607.01314 2.449 -0.452 7.724 1010Rb0225
3878.464 607.01314 0.568 0.219 7.724 0000Pb0495
3878.481 607.01314 2.449 -3.512 7.724 1010Qd0235
3878.482 106.00112 1.52 -2.606 3.464 AX21R265
3878.483 25.1 6.86 -3.5 "" ""
3878.512 26.0 2.174 -5.18 "" ""
3878.534 106.00112 1.521 -5.361 3.464 AX21Q275
3878.573 26.0 0.087 -1.38 OBR91 ""
3878.58 60.1 0.182 -0.43 LAWLER ""
3878.6 106.00112 0.342 -6.354 3.464 AX21R015
3878.603 106.00112 0.342 -6.355 3.464 AX21R015
3878.612 26.0 2.947 -6.57 "" ""
3878.65 25.0 4.191 -1.75 "" ""
3878.67 65.1 0.856 -0.57 LAWNOHFS ""
3878.671 26.0 2.452 -0.95 "" ""
3878.674 106.00113 0.002 -2.949 3.464 BX00R005
3878.686 28.1 6.388 -4.01 "" ""
3878.696 24.0 2.708 -1.83 "" ""
3878.707 23.1 1.816 -0.57 LAWNOHFS ""
3878.726 26.0 3.271 -0.44 "" ""
3878.728 607.01314 0.013 -2.617 7.724 0000Qc0065
3878.729 22.0 2.394 -2.1 "" ""
3878.731 607.01214 0.013 -2.617 7.724 0000Qc0065
3878.739 21.0 1.942 -3.52 "" ""
3878.742 607.01314 0.013 -0.601 7.724 0000Pa0075
3878.742 607.01314 0.013 -0.663 7.724 0000Pb0065
3878.744 607.01214 0.013 -0.6 7.724 0000Pa0075
3878.744 607.01214 0.013 -0.663 7.724 0000Pb0065
3878.747 27.0 2.006 -1.53 LAWNHFS ""
3878.772 607.01214 0.569 -3.464 7.724 0000Qc0485
3878.773 106.00112 0.002 -2.949 3.464 BX00R005
3878.775 607.01314 0.546 -3.465 7.724 0000Qc0485
3878.783 607.01314 2.188 -0.626 7.724 0909Pb0175
3878.785 607.01314 2.44 -0.452 7.724 1010Ra0225
3878.787 42.0 3.196 -1.4 "" ""
3878.796 106.00112 0.707 -6.36 3.464 AX10R195
3878.81 41.0 0.049 -0.73 "" ""
3878.812 607.01314 2.188 -3.416 7.724 0909Qc0175
3878.826 607.01214 0.569 0.22 7.724 0000Pa0495
3878.827 607.01314 0.546 0.219 7.724 0000Pa0495
3878.829 23.1 2.599 -5.99 "" ""
3878.843 607.01314 2.44 -0.472 7.724 1010Rb0215
3878.848 24.0 2.707 -3.96 "" ""
3878.86 607.01314 2.188 -0.601 7.724 0909Pa0185
3878.861 607.01314 2.44 -3.495 7.724 1010Qd0225
3878.874 106.00112 0.707 -5.203 3.464 AX10Q205
3878.877 106.00112 0.707 -5.718 3.464 AX10Q195
3878.886 607.01214 0.569 0.211 7.724 0000Pb0485
3878.886 607.01314 0.546 0.211 7.724 0000Pb0485
3878.892 27.0 3.62 -2.27 "" ""
3878.926 607.01214 2.188 -3.188 7.724 0909Qc0105
3878.929 27.0 3.131 -4.22 "" ""
3878.933 24.0 3.119 -1.81 "" ""
3878.936 25.0 3.37 -5.67 "" ""
3878.936 25.0 3.37 -7.2 "" ""
3878.936 25.0 3.37 -7.5 "" ""
3878.936 607.01214 2.188 -0.791 7.724 0909Pa0115
3878.949 607.01214 2.188 -0.831 7.724 0909Pb0105
3878.954 106.00112 0.707 -6.74 3.464 AX10P205
3878.96 23.0 3.129 -1.23 "" ""
3878.968 24.0 2.708 -2.29 "" ""
3878.992 25.1 5.544 -1.71 "" ""
3879.016 26.1 6.212 -3.9 "" ""
3879.018 42.0 2.621 -1.49 "" ""
3879.035 44.1 3.413 0.0 "" ""
3879.043 27.0 3.71 -1.14 "" ""
3879.051 58.1 1.922 0.53 "" ""
3879.055 20.0 5.386 -4.53 "" ""
3879.063 40.0 0.071 -1.41 "" ""
