wavelength species excitation loggf disassociation_energy comment
5254.647 27.0 3.968 -1.25 "" ""
5254.674 607.01314 0.282 -4.72 7.724 0600Qd0355
5254.746 64.0 0.79 -0.73 "" ""
5254.766 26.0 4.962 -4.09 "" ""
5254.791 607.01214 0.254 -4.338 7.724 0701Rc0015
5254.796 607.01214 0.254 -4.159 7.724 0701Qa0025
5254.812 607.01314 1.092 -2.399 7.724 1104Qb0225
5254.822 58.0 0.719 -0.13 "" ""
5254.847 106.00112 1.704 -3.675 3.464 AX24R165
5254.849 607.01214 0.253 -4.39 7.724 0701Rc0005
5254.851 607.01214 1.942 -3.153 7.724 1608Pb0055
5254.852 607.01214 0.254 -4.414 7.724 0701Qa0015
5254.852 607.01214 0.302 -3.504 7.724 0701Ra0145
5254.855 607.01314 1.092 -3.566 7.724 1104Pd0235
5254.857 27.0 4.206 -1.18 "" ""
5254.89 106.00112 1.704 -3.658 3.464 AX24R175
5254.898 27.0 4.912 -3.41 "" ""
5254.904 24.0 3.407 -0.41 SOBECK ""
5254.917 607.01214 0.256 -4.29 7.724 0701Rc0025
5254.924 607.01214 0.256 -3.997 7.724 0701Qa0035
5254.927 607.01314 0.182 -4.904 7.724 0600Rc0275
5254.929 26.1 3.228 -3.23 "" ""
5254.939 607.01214 1.128 -3.708 7.724 1104Pc0235
5254.956 26.0 0.11 -4.76 OBR91 ""
5254.975 607.01314 0.195 -3.59 7.724 0600Qb0285
5254.977 26.0 4.291 -1.72 "" ""
5254.981 23.0 2.614 -3.29 "" ""
5254.982 607.01314 0.182 -3.591 7.724 0600Qa0285
5254.994 607.01214 0.461 -3.652 7.724 0600Ra0445
5254.995 106.00112 1.704 -5.62 3.464 AX24Q175
5255.005 106.00113 2.037 -5.928 3.464 AX46R135
5255.017 23.0 1.871 -5.56 "" ""
5255.032 607.01314 0.195 -4.95 7.724 0600Pd0295
5255.043 607.01314 2.502 -3.215 7.724 1910Rc0275
5255.074 607.01214 1.939 -2.919 7.724 1608Ra0055
5255.085 607.01314 2.502 -1.936 7.724 1910Qa0285
5255.117 24.0 3.461 -0.1 SOBECK ""
5255.13 607.01214 1.942 -2.858 7.724 1608Ra0065
5255.217 607.01214 1.937 -2.987 7.724 1608Ra0045
5255.225 607.01214 0.258 -4.252 7.724 0701Rc0035
5255.234 607.01214 0.258 -3.874 7.724 0701Qa0045
5255.252 607.01314 0.124 -4.638 7.724 0600Qc0225
5255.255 26.0 4.442 -4.34 "" ""
5255.263 106.00113 1.699 -3.659 3.464 AX24R175
5255.271 22.0 2.493 -5.02 "" ""
5255.274 25.0055 3.13 -4.059 LAWHFS ""
5255.278 25.0055 3.13 -2.735 LAWHFS ""
5255.282 25.0055 3.13 -1.937 LAWHFS ""
5255.283 25.0055 3.13 -3.899 LAWHFS ""
5255.289 25.0055 3.13 -2.542 LAWHFS ""
5255.293 25.0055 3.13 -1.843 LAWHFS ""
5255.294 25.0055 3.13 -3.977 LAWHFS ""
5255.297 607.01314 0.124 -4.038 7.724 0600Pa0235
5255.301 25.0055 3.13 -2.49 LAWHFS ""
5255.304 607.01214 0.262 -4.766 7.724 0600Qc0325
5255.307 25.0055 3.13 -1.748 LAWHFS ""
5255.308 25.0055 3.13 -4.302 LAWHFS ""
5255.316 25.0055 3.13 -2.534 LAWHFS ""
5255.324 25.0055 3.13 -1.656 LAWHFS ""
5255.334 25.0055 3.13 -2.727 LAWHFS ""
5255.342 25.0055 3.13 -1.568 LAWHFS ""
5255.362 23.0 1.948 -5.09 "" ""
5255.364 25.0055 3.13 -1.485 LAWHFS ""
5255.37 106.00113 1.699 -3.675 3.464 AX24R165
5255.371 607.01214 0.262 -3.875 7.724 0600Pa0335
5255.381 607.01214 1.945 -2.802 7.724 1608Ra0075
5255.382 106.00113 1.699 -5.592 3.464 AX24Q175
5255.399 607.01214 0.27 -3.978 7.724 0701Pb0075
5255.401 74.0 2.785 -0.72 "" ""
5255.455 607.01214 0.332 -3.433 7.724 0701Rb0175
5255.468 607.01314 1.018 -3.655 7.724 1104Pc0135
5255.492 607.01214 0.332 -3.957 7.724 0701Qd0185
5255.5 607.01214 1.952 -2.556 7.724 1608Qb0085
5255.51 60.1 0.204 -0.67 LAWLER ""
5255.516 607.01214 1.952 -3.212 7.724 1608Pd0095
5255.561 607.01214 1.935 -3.063 7.724 1608Ra0035
5255.628 607.01314 1.055 -2.838 7.724 1104Pb0185
5255.639 607.01214 1.978 -2.576 7.724 1608Rb0135
5255.659 607.01214 1.978 -2.91 7.724 1608Qd0145
5255.663 26.0 4.217 -1.82 "" ""
5255.716 607.01214 0.26 -4.222 7.724 0701Rc0045
5255.727 607.01214 0.26 -3.774 7.724 0701Qa0055
5255.736 26.0 4.28 -1.36 "" ""
5255.806 22.0 2.115 -0.42 "" ""
5255.808 64.0 0.812 -0.5 "" ""
5255.823 76.0 2.367 -1.44 "" ""
5255.831 607.01214 1.948 -2.751 7.724 1608Ra0085
5255.832 607.01314 2.514 -1.938 7.724 1910Qb0285
5255.875 607.01314 2.514 -3.214 7.724 1910Pd0295
5255.883 20.0 5.177 -3.73 "" ""
5255.91 607.01214 2.033 -3.291 7.724 1608Rd0215
5255.933 68.1 1.614 -0.51 "" ""
5255.945 23.1 2.599 -3.61 "" ""
5255.982 58.0 1.156 0.01 "" ""
5255.988 106.00112 2.009 -3.441 3.464 AX35R185
5255.994 106.00112 2.009 -3.467 3.464 AX35R175
5256.03 64.1 1.725 -1.24 LAWLER ""
5256.053 607.01214 2.593 -2.24 7.724 1910Pb0305
5256.069 106.00113 1.643 -3.79 3.464 BX12R255
5256.104 607.01214 1.934 -3.148 7.724 1608Ra0025
5256.112 106.00112 2.009 -5.471 3.464 AX35Q185
5256.141 607.01314 1.785 -3.394 7.724 1507Pc0225
5256.191 23.0 2.267 -1.6 "" ""
5256.229 607.01214 0.309 -3.473 7.724 0701Ra0155
5256.252 607.01214 0.289 -3.39 7.724 0701Qb0115
5256.277 607.01214 0.289 -4.201 7.724 0701Pd0125
5256.32 607.01214 0.428 -4.355 7.724 0701Rd0275
5256.356 106.00113 1.204 -6.612 3.464 AX13R125
5256.381 106.00112 1.173 -5.854 3.464 BX13P105
5256.387 607.01214 0.263 -4.2 7.724 0701Rc0055
5256.387 607.01314 1.082 -3.525 7.724 1104Rc0215
5256.4 607.01214 0.263 -3.689 7.724 0701Qa0065
5256.428 607.01314 1.082 -2.4 7.724 1104Qa0225
5256.47 68.1 2.211 -0.72 "" ""
5256.476 607.01214 1.952 -2.704 7.724 1608Ra0095
5256.482 106.00112 2.206 -3.283 3.464 AX13Q295
5256.528 112.00124 0.825 -3.242 1.340 12R127b24
5256.529 26.0 2.988 -6.42 "" ""
5256.558 112.00124 0.168 -1.953 1.340 00P215b24
5256.591 106.00112 2.206 -6.236 3.464 AX13R285
5256.609 607.01214 0.203 -5.096 7.724 0600Pc0285
5256.68 24.1 4.411 -3.64 "" ""
5256.692 22.0 0.812 -4.09 "" ""
5256.699 106.00112 2.206 -5.856 3.464 AX13P295
5256.78 607.01214 1.722 -4.568 7.724 0902Rd0735
5256.808 106.00112 2.206 -3.302 3.464 AX13Q285
5256.821 23.0 2.614 -0.34 "" ""
5256.848 607.01214 1.933 -3.244 7.724 1608Ra0015
5256.893 23.0 3.812 -4.22 "" ""
5256.893 38.0 2.27 0.39 "" ""
5256.907 106.00112 2.034 -3.647 3.464 AX02Q305
5256.907 25.1 6.489 -5.24 "" ""
5256.919 607.01214 0.254 -4.513 7.724 0701Qc0015
5256.923 607.01214 0.254 -4.994 7.724 0701Pa0025
5256.938 26.1 2.891 -4.06 MELBAR ""
5256.947 112.00124 1.008 -2.27 1.340 00P239b24
5256.99 23.0 2.581 -5.23 "" ""
5256.992 26.0 5.082 -1.36 "" ""
5257.025 106.00112 2.034 -6.702 3.464 AX02R295
5257.028 23.0 3.076 -2.55 "" ""
5257.029 106.00113 2.003 -3.467 3.464 AX35R175
5257.038 112.00124 0.781 -3.585 1.340 01R130b24
5257.045 92.1 0.703 -1.29 Nils02/9 ""
5257.066 106.00113 2.003 -3.441 3.464 AX35R185
5257.073 24.0 3.432 -3.49 "" ""
5257.081 44.0 3.783 0.23 "" ""
5257.124 106.00113 2.003 -5.471 3.464 AX35Q185
5257.173 607.01214 1.945 -3.063 7.724 1608Pb0065
5257.177 106.00112 2.034 -6.221 3.464 AX02P305
5257.191 607.01314 1.16 -2.551 7.724 1104Rb0285
5257.199 106.00113 1.689 -6.073 3.464 AX35R105
5257.239 607.01214 0.266 -4.184 7.724 0701Rc0065
5257.245 607.01314 1.16 -3.335 7.724 1104Qd0295
5257.253 607.01214 0.266 -3.615 7.724 0701Qa0075
5257.261 607.01214 1.217 -3.782 7.724 1003Qc0445
5257.288 106.00112 1.705 -3.658 3.464 AX24R175
5257.296 106.00112 2.034 -3.66 3.464 AX02Q295
5257.316 607.01214 1.957 -2.661 7.724 1608Ra0105
5257.349 607.01214 1.217 -2.675 7.724 1003Pa0455
5257.373 106.00112 1.705 -3.675 3.464 AX24R165
5257.393 106.00112 1.705 -5.591 3.464 AX24Q175
5257.47 106.00112 2.044 -5.967 3.464 AX46R135
5257.474 112.00124 1.105 -0.724 1.340 01R238b24
5257.487 70.1 4.261 -0.45 "" ""
5257.498 607.01214 0.364 -3.463 7.724 0600Qb0385
5257.501 23.1 2.274 -3.44 "" ""
5257.523 607.01214 1.957 -2.499 7.724 1608Qb0095
5257.526 25.1 5.396 -8.17 "" ""
5257.54 607.01214 1.957 -3.198 7.724 1608Pd0105
5257.577 607.01214 0.364 -5.079 7.724 0600Pd0395
5257.579 22.0 2.486 -1.05 LAWLER ""
5257.583 26.0 3.981 -4.19 "" ""
5257.609 27.0 3.968 -0.93 "" ""
5257.655 26.0 3.571 -2.99 "" ""
5257.661 112.00124 1.105 -3.675 1.340 01Q138b24
5257.684 607.01314 1.148 -2.542 7.724 1104Ra0285
5257.711 607.01214 1.985 -2.541 7.724 1608Rb0145
5257.72 607.01214 0.341 -3.406 7.724 0701Rb0185
5257.722 106.00113 1.477 -3.884 3.464 AX13R185
5257.726 106.00113 1.477 -3.896 3.464 AX13R175
5257.734 607.01214 1.985 -2.911 7.724 1608Qd0155
5257.743 106.00113 1.205 -6.573 3.464 AX13R125
5257.746 607.01214 0.278 -3.869 7.724 0600Pb0335
5257.759 607.01214 0.341 -3.964 7.724 0701Qd0195
5257.775 607.01214 0.316 -3.444 7.724 0701Ra0165
5257.794 607.01214 1.933 -3.344 7.724 1608Ra0005
5257.854 106.00113 1.477 -5.878 3.464 AX13Q185
5257.859 15.0 6.98 -3.0 "" ""
5257.874 22.0 2.295 -3.87 "" ""
5257.875 15.0 6.949 -3.0 "" ""
5257.88 607.01214 1.139 -4.107 7.724 1003Pc0405
5257.897 607.01214 0.256 -4.307 7.724 0701Qc0025
5257.904 607.01214 0.256 -4.643 7.724 0701Pa0035
5257.92 62.1 0.333 -2.8 LAWLER ""
5257.927 112.00124 1.105 -0.714 1.340 01R138b24
5257.971 607.01214 0.274 -3.909 7.724 0701Pb0085
5258.038 106.00113 1.69 -6.041 3.464 AX35R105
5258.065 23.0 3.085 -2.67 "" ""
5258.071 106.00113 2.027 -3.646 3.464 AX02Q305
5258.083 26.0 2.607 -6.09 "" ""
5258.118 23.0 1.798 -2.01 "" ""
5258.169 607.01314 1.046 -3.276 7.724 1104Qc0175
5258.203 607.01314 1.046 -2.858 7.724 1104Pa0185
5258.269 607.01214 0.27 -4.172 7.724 0701Rc0075
5258.285 607.01214 0.27 -3.55 7.724 0701Qa0085
5258.293 106.00113 2.027 -6.702 3.464 AX02R295
5258.298 26.0 3.926 -3.79 "" ""
5258.307 106.00113 2.027 -6.22 3.464 AX02P305
5258.32 23.0 3.096 -1.56 "" ""
5258.325 27.0 1.881 -4.57 "" ""
5258.325 607.01214 1.906 -3.472 7.724 1507Pc0295
5258.337 607.01214 0.482 -3.656 7.724 0600Rb0445
5258.353 607.01214 1.961 -2.62 7.724 1608Ra0115
5258.359 66.1 2.469 -0.73 "" ""
5258.36 90.0 0.479 -1.76 "" ""
5258.383 21.0 2.507 0.47 "" ""
5258.422 607.01214 2.042 -3.297 7.724 1608Rd0225
5258.428 607.01214 0.482 -4.834 7.724 0600Qd0455
5258.456 58.1 0.7 -1.74 "" ""
5258.471 39.0 1.889 -2.14 "" ""
5258.506 607.01214 0.295 -3.347 7.724 0701Qb0125
5258.516 106.00112 2.01 -3.442 3.464 AX35R185
5258.529 106.00113 2.027 -3.66 3.464 AX02Q295
5258.533 607.01214 0.295 -4.199 7.724 0701Pd0135
5258.552 607.01314 2.469 -2.922 7.724 1910Qc0245
5258.589 607.01314 2.469 -2.335 7.724 1910Pa0255
5258.621 25.1 6.489 -7.26 "" ""
5258.64 106.00112 2.01 -5.442 3.464 AX35Q185
5258.645 106.00112 2.01 -3.467 3.464 AX35R175
5258.671 22.0 3.106 -1.46 "" ""
5258.69 23.0 3.824 -4.13 "" ""
5258.697 22.0 2.039 -6.27 "" ""
5258.709 607.01314 1.877 -3.326 7.724 1507Rc0305
5258.724 23.0 2.893 -4.69 "" ""
5258.76 607.01214 1.933 -3.39 7.724 1608Rc0005
5258.76 607.01214 1.933 -3.419 7.724 1608Qa0015
5258.762 607.01314 1.877 -1.989 7.724 1507Qa0315
5258.775 607.01314 1.102 -2.377 7.724 1104Qb0235
5258.78 607.01214 1.934 -3.336 7.724 1608Rc0015
5258.783 106.00112 1.208 -6.611 3.464 AX13R125
5258.783 607.01214 1.934 -3.165 7.724 1608Qa0025
5258.82 607.01314 1.102 -3.573 7.724 1104Pd0245
5258.828 106.00112 2.045 -5.928 3.464 AX46R135
5258.842 14.0 5.611 -0.18 "" ""
5258.895 26.0 4.981 -3.76 "" ""
5258.934 26.0 4.952 -2.5 "" ""
5259.001 607.01214 1.935 -3.287 7.724 1608Rc0025
5259.005 607.01214 1.935 -3.004 7.724 1608Qa0035
5259.032 42.0 2.596 -0.82 "" ""
5259.041 607.01314 2.44 -3.277 7.724 1910Pc0215
5259.05 607.01314 2.48 -2.321 7.724 1910Pb0255
5259.059 607.01214 0.258 -4.194 7.724 0701Qc0035
5259.06 22.0 3.321 -3.87 "" ""
5259.068 607.01214 0.258 -4.433 7.724 0701Pa0045
5259.094 26.0 4.368 -1.51 "" ""
5259.119 607.01214 0.441 -4.362 7.724 0701Rd0285
5259.126 24.0 4.851 -3.85 "" ""
5259.146 106.00112 1.694 -6.072 3.464 AX35R105
5259.146 607.01314 0.146 -4.004 7.724 0600Pb0245
5259.206 607.01314 0.094 -4.988 7.724 0600Pc0195
5259.209 24.0 3.847 -2.99 "" ""
5259.253 607.01314 0.195 -4.912 7.724 0600Rc0285
5259.262 22.0 1.748 -4.07 "" ""
5259.31 607.01314 0.195 -3.574 7.724 0600Qa0295
5259.322 607.01314 1.024 -3.65 7.724 1104Pc0145
5259.33 23.0 3.077 -3.74 "" ""
5259.338 74.0 3.406 0.08 "" ""
5259.38 57.1 0.173 -1.95 LAWNOHFS ""
5259.404 23.1 2.219 -5.29 "" ""
5259.423 607.01214 1.937 -3.247 7.724 1608Rc0035
5259.429 607.01214 1.937 -2.882 7.724 1608Qa0045
5259.466 28.0 3.737 -1.5 "" ""
5259.476 607.01214 0.274 -4.165 7.724 0701Rc0085
5259.486 106.00113 2.004 -3.441 3.464 AX35R185
5259.488 607.01214 0.324 -3.417 7.724 0701Ra0175
5259.495 607.01214 0.274 -3.492 7.724 0701Qa0095
5259.506 607.01314 1.827 -3.064 7.724 1507Qc0265
5259.55 22.0 3.705 -1.08 "" ""
5259.552 607.01314 1.827 -2.396 7.724 1507Pa0275
5259.577 607.01314 0.208 -3.573 7.724 0600Qb0295
5259.58 607.01214 1.967 -2.583 7.724 1608Ra0125
5259.587 27.0 0.922 -7.2 "" ""
5259.601 25.1 5.396 -8.36 "" ""
5259.614 59.1141 0.633 -3.727 IV/LAW ""
5259.633 59.1141 0.633 -3.418 IV/LAW ""
5259.636 607.01314 0.208 -4.958 7.724 0600Pd0305
5259.644 607.01314 0.134 -4.645 7.724 0600Qc0235
5259.65 59.1141 0.633 -3.356 IV/LAW ""
5259.655 112.00124 0.19 -1.983 1.340 00P216b24
5259.665 59.1141 0.633 -3.539 IV/LAW ""
5259.667 59.1141 0.633 -1.961 IV/LAW ""
5259.667 607.01214 1.948 -2.985 7.724 1608Pb0075
5259.679 59.1141 0.633 -1.763 IV/LAW ""
5259.69 59.1141 0.633 -1.716 IV/LAW ""
5259.691 607.01314 0.134 -4.016 7.724 0600Pa0245
5259.693 106.00113 2.004 -5.441 3.464 AX35Q185
5259.699 59.1141 0.633 -1.767 IV/LAW ""
5259.707 59.1141 0.633 -1.965 IV/LAW ""
5259.712 607.01214 1.961 -2.447 7.724 1608Qb0105
5259.725 59.1141 0.633 -0.538 IV/LAW ""
5259.727 106.00113 2.004 -3.467 3.464 AX35R175
5259.731 59.1141 0.633 -0.603 IV/LAW ""
5259.732 607.01214 1.961 -3.189 7.724 1608Pd0115
5259.736 59.1141 0.633 -0.669 IV/LAW ""
5259.739 59.1141 0.633 -0.737 IV/LAW ""
5259.741 59.1141 0.633 -0.806 IV/LAW ""
5259.741 59.1141 0.633 -0.874 IV/LAW ""
5259.77 607.01314 1.063 -2.811 7.724 1104Pb0195
5259.803 76.0 2.344 -2.58 Quinet06 ""
5259.822 25.1 6.49 -4.09 "" ""
5259.877 66.0 2.384 0.67 "" ""
5259.889 607.01214 1.28 -2.919 7.724 0902Pb0575
5259.92 58.0 0.294 -0.84 "" ""
5259.958 607.01214 1.992 -2.508 7.724 1608Rb0155
5259.973 22.0 2.736 -0.18 "" ""
5259.988 607.01214 1.992 -2.913 7.724 1608Qd0165
5260.017 607.01314 1.092 -3.532 7.724 1104Rc0225
5260.023 106.00112 1.694 -6.04 3.464 AX35R105
5260.027 607.01214 0.256 -5.143 7.724 0701Pc0025
5260.045 607.01214 1.939 -3.215 7.724 1608Rc0045
5260.053 607.01214 1.939 -2.782 7.724 1608Qa0055
5260.06 607.01314 1.092 -2.378 7.724 1104Qa0235
5260.089 112.00124 0.962 -2.424 1.340 00P238b24
5260.099 607.01314 1.89 -1.988 7.724 1507Qb0315
5260.124 106.00112 1.209 -6.573 3.464 AX13R125
5260.139 607.01214 0.35 -3.38 7.724 0701Rb0195
5260.141 42.0 3.822 -0.73 "" ""
5260.154 607.01314 1.89 -3.367 7.724 1507Pd0325
5260.179 607.01214 0.35 -3.972 7.724 0701Qd0205
5260.226 23.0 3.313 -3.83 "" ""
5260.255 607.01314 1.839 -2.387 7.724 1507Pb0275
5260.256 607.01314 2.514 -3.226 7.724 1910Rc0285
5260.299 607.01314 2.514 -1.919 7.724 1910Qa0295
5260.33 607.01214 2.593 -3.006 7.724 1910Qc0305
5260.336 23.0 2.787 -0.83 LAWNOHFS ""
5260.349 607.01214 0.64 -5.216 7.724 0600Rd0525
5260.376 607.01214 2.593 -2.231 7.724 1910Pa0315
5260.387 20.0 2.521 -1.72 LAWLER ""
5260.404 607.01214 0.26 -4.119 7.724 0701Qc0045
5260.415 607.01214 0.26 -4.281 7.724 0701Pa0055
5260.422 24.0 4.236 -3.31 "" ""
5260.43 72.1 2.152 -1.54 LAWLER ""
5260.502 106.00113 2.041 -3.324 3.464 AX13Q275
5260.531 20.0 5.295 -3.97 "" ""
5260.536 24.0 4.609 -2.97 "" ""
5260.543 106.00112 1.289 -3.112 3.464 BX13P135
5260.56 22.0 3.699 -1.75 "" ""
5260.624 106.00112 1.289 -7.183 3.464 BX13Q135
5260.658 106.00113 2.041 -6.238 3.464 AX13R265
5260.658 14.0 5.611 -0.92 "" ""
5260.686 607.01214 0.279 -3.848 7.724 0701Pb0095
5260.693 607.01214 1.934 -3.512 7.724 1608Qc0015
5260.693 607.01214 1.934 -4.0 7.724 1608Pa0025
5260.701 106.00113 2.041 -5.841 3.464 AX13P275
5260.702 607.01214 0.364 -5.03 7.724 0600Rc0385
5260.743 20.0 5.386 -4.68 "" ""
5260.743 607.01214 1.139 -3.714 7.724 1104Pc0245
5260.744 23.0 3.087 -3.37 "" ""
5260.763 24.0 2.913 -5.49 "" ""
5260.771 25.0 3.133 -1.97 "" ""
5260.781 607.01214 0.364 -3.451 7.724 0600Qa0395
5260.807 106.00113 1.478 -3.884 3.464 AX13R185
5260.812 64.0 1.962 -0.16 "" ""
5260.824 106.00112 1.289 -3.058 3.464 BX13P145
5260.857 106.00113 2.041 -3.339 3.464 AX13Q265
5260.861 607.01214 0.279 -4.16 7.724 0701Rc0095
5260.866 607.01214 1.942 -3.191 7.724 1608Rc0055
5260.876 607.01214 1.942 -2.698 7.724 1608Qa0065
5260.882 607.01214 0.279 -3.44 7.724 0701Qa0105
5260.884 26.0 3.94 -3.79 "" ""
5260.909 607.01214 0.302 -3.307 7.724 0701Qb0135
5260.92 69.1 3.244 -0.89 LAWLER ""
5260.933 22.0 3.706 -1.48 "" ""
5260.938 607.01214 0.302 -4.199 7.724 0701Pd0145
5260.939 106.00113 1.478 -3.896 3.464 AX13R175
5260.939 106.00113 1.478 -5.848 3.464 AX13Q185
5260.94 23.0 2.284 -1.03 "" ""
5260.96 74.1 2.855 -1.01 "" ""
5260.988 24.0 4.446 -2.61 "" ""
5261.003 607.01214 1.972 -2.548 7.724 1608Ra0135
5261.006 20.0 5.296 -3.44 "" ""
5261.114 607.01214 2.052 -3.304 7.724 1608Rd0235
5261.132 42.0 2.497 -1.23 "" ""
5261.177 607.01214 2.555 -3.33 7.724 1910Pc0275
5261.237 21.0 3.055 -1.5 "" ""
5261.291 607.01214 0.482 -3.641 7.724 0600Ra0455
5261.303 26.0 5.06 -1.81 "" ""
5261.355 607.01314 2.526 -1.921 7.724 1910Qb0295
5261.367 607.01314 1.173 -2.534 7.724 1104Rb0295
5261.369 607.01214 0.332 -3.391 7.724 0701Ra0185
5261.38 24.0 3.432 -4.54 "" ""
5261.4 607.01314 2.526 -3.222 7.724 1910Pd0305
5261.411 25.0 3.133 -3.5 "" ""
5261.422 607.01314 1.173 -3.342 7.724 1104Qd0305
5261.491 26.0 2.947 -4.33 "" ""
5261.532 42.0 3.86 -0.48 "" ""
5261.538 607.01214 0.278 -4.774 7.724 0600Qc0335
5261.575 607.01314 1.16 -2.526 7.724 1104Ra0295
5261.607 607.01214 0.278 -3.86 7.724 0600Pa0345
5261.623 22.0 3.332 -3.47 "" ""
5261.639 607.01214 2.612 -3.283 7.724 2011Rd0065
5261.675 106.00112 1.483 -3.896 3.464 AX13R175
5261.675 607.01314 1.795 -3.399 7.724 1507Pc0235
5261.686 607.01214 1.935 -3.304 7.724 1608Qc0025
5261.686 607.01214 1.935 -3.65 7.724 1608Pa0035
5261.688 106.00112 1.483 -3.883 3.464 AX13R185
5261.693 58.0 0.398 -0.26 "" ""
5261.704 20.0 2.521 -0.58 LAWLER ""
5261.721 607.01214 2.615 -3.258 7.724 2011Rd0075
5261.729 21.0 2.336 -3.35 "" ""
5261.735 607.01214 2.61 -3.317 7.724 2011Rd0055
5261.751 24.0 3.695 -0.32 "" ""
5261.768 24.0 3.108 -6.94 "" ""
5261.823 106.00112 1.483 -5.877 3.464 AX13Q185
5261.886 607.01214 1.945 -3.173 7.724 1608Rc0065
5261.899 607.01214 1.945 -2.625 7.724 1608Qa0075
5261.921 607.01314 1.055 -3.28 7.724 1104Qc0185
5261.927 24.0 3.548 -2.72 "" ""
5261.932 607.01214 0.263 -4.066 7.724 0701Qc0055
5261.945 607.01214 0.263 -4.162 7.724 0701Pa0065
5261.957 607.01314 1.055 -2.829 7.724 1104Pa0195
5261.982 607.01214 2.618 -3.239 7.724 2011Rd0085
5262.008 607.01214 2.608 -3.362 7.724 2011Rd0045
5262.015 106.00113 0.992 -7.163 3.464 AX02R145
5262.044 607.01214 0.258 -4.842 7.724 0701Pc0035
5262.06 15.0 7.17 -1.57 "" ""
5262.072 607.01214 1.967 -2.4 7.724 1608Qb0115
5262.076 26.0 4.28 -2.65 "" ""
5262.08 607.01214 0.454 -4.369 7.724 0701Rd0295
5262.093 607.01214 1.967 -3.182 7.724 1608Pd0125
5262.106 65.1 0.373 -1.3 "" ""
5262.137 22.1 1.581 -2.11 "" ""
5262.241 20.0 2.521 -0.47 LAWLER ""
5262.246 26.0 5.096 -0.63 "" ""
5262.259 607.01214 1.564 -2.748 7.724 0902Rb0675
5262.275 25.0 5.38 -2.3 "" ""
5262.311 607.01214 1.28 -4.214 7.724 0902Qc0575
5262.328 607.01214 1.952 -2.917 7.724 1608Pb0085
5262.383 607.01214 1.999 -2.477 7.724 1608Rb0165
5262.392 607.01214 1.564 -4.228 7.724 0902Qd0685
5262.409 607.01214 1.999 -2.916 7.724 1608Qd0175
5262.421 607.01214 0.284 -4.158 7.724 0701Rc0105
5262.423 607.01214 2.622 -3.224 7.724 2011Rd0095
5262.425 607.01214 1.28 -2.912 7.724 0902Pa0585
5262.434 20.0 5.317 -3.88 "" ""
5262.444 607.01214 0.284 -3.392 7.724 0701Qa0115
5262.45 27.0 4.146 -0.66 "" ""
5262.457 607.01214 2.606 -3.423 7.724 2011Rd0035
5262.463 22.0 3.722 -3.31 "" ""
5262.471 20.0 4.765 -1.03 "" ""
5262.479 24.0 4.437 -2.34 "" ""
5262.479 26.1 3.195 -5.61 "" ""
5262.5 112.00124 0.213 -2.012 1.340 00P217b24
5262.565 24.0 4.486 -3.51 "" ""
5262.617 607.01214 1.978 -2.516 7.724 1608Ra0145
5262.618 26.0 4.317 -2.28 "" ""
5262.641 23.0 2.245 -2.29 "" ""
5262.712 607.01214 0.36 -3.355 7.724 0701Rb0205
5262.755 607.01214 0.36 -3.979 7.724 0701Qd0215
5262.824 28.0 3.737 -2.93 "" ""
5262.843 607.01214 1.238 -2.672 7.724 1003Pb0455
5262.844 607.01214 1.417 -2.533 7.724 0902Qb0625
5262.875 24.0 4.452 -1.95 "" ""
5262.879 607.01214 1.937 -3.189 7.724 1608Qc0035
5262.879 607.01214 1.937 -3.44 7.724 1608Pa0045
5262.882 26.0 3.249 -2.66 "" ""
5262.905 607.01314 1.113 -2.356 7.724 1104Qb0245
5262.938 58.1 1.295 -1.71 LAWLER ""
5262.951 607.01314 1.113 -3.581 7.724 1104Pd0255
5262.958 112.00124 0.917 -2.408 1.340 00P237b24
5262.962 26.0 4.952 -3.46 "" ""
5262.968 607.01214 1.417 -4.512 7.724 0902Pd0635
5263.004 607.01214 2.606 -2.224 7.724 1910Pb0315
5263.045 607.01214 2.626 -3.214 7.724 2011Rd0105
5263.063 607.01214 0.217 -5.103 7.724 0600Pc0295
5263.081 607.01214 2.605 -3.509 7.724 2011Rd0025
5263.104 607.01214 1.948 -3.159 7.724 1608Rc0075
5263.118 607.01214 1.948 -2.561 7.724 1608Qa0085
5263.212 24.0 3.548 -2.88 "" ""
5263.306 26.0 3.263 -0.87 DEN14 ""
5263.352 607.01314 1.031 -3.647 7.724 1104Pc0155
5263.394 26.0 3.637 -2.34 "" ""
5263.402 22.0 3.102 -3.55 "" ""
5263.417 607.01214 0.341 -3.366 7.724 0701Ra0195
5263.462 607.01214 0.309 -3.27 7.724 0701Qb0145
5263.483 22.0 2.133 -1.05 "" ""
5263.493 607.01214 0.309 -4.201 7.724 0701Pd0155
5263.545 607.01214 0.284 -3.793 7.724 0701Pb0105
5263.547 25.1 6.107 -6.87 "" ""
5263.547 25.1 6.387 -6.37 "" ""
5263.569 27.0 4.146 -1.74 "" ""
5263.604 607.01214 1.935 -4.14 7.724 1608Pc0025
5263.642 607.01214 0.266 -4.028 7.724 0701Qc0065
5263.652 22.0 3.087 -3.73 "" ""
5263.656 607.01214 0.266 -4.064 7.724 0701Pa0075
5263.741 607.01314 0.208 -4.919 7.724 0600Rc0295
5263.771 24.0 4.486 -0.89 "" ""
5263.8 607.01314 0.208 -3.558 7.724 0600Qa0305
5263.8 64.0 0.066 -1.9 "" ""
5263.814 106.00113 1.42 -6.249 3.464 AX24R105
5263.821 607.01314 1.102 -3.539 7.724 1104Rc0235
5263.84 106.00113 0.992 -7.119 3.464 AX02R145
5263.849 607.01214 2.631 -3.208 7.724 2011Rd0115
5263.865 26.0 3.571 -2.13 "" ""
5263.866 607.01314 1.102 -2.358 7.724 1104Qa0245
5263.88 59.1 0.482 -0.59 LINOHFS ""
5263.88 607.01214 2.604 -3.637 7.724 2011Rd0015
5263.903 607.01314 2.48 -2.928 7.724 1910Qc0255
5263.904 607.01214 0.382 -3.451 7.724 0600Qb0395
5263.908 106.00112 2.129 -6.206 3.464 AX13R275
5263.941 607.01314 2.48 -2.315 7.724 1910Pa0265
5263.968 607.01314 0.104 -4.992 7.724 0600Pc0205
5263.979 24.0 3.108 -5.55 "" ""
5263.985 607.01214 0.382 -5.087 7.724 0600Pd0405
5263.988 607.01214 2.063 -3.311 7.724 1608Rd0245
5263.989 26.0 5.066 -3.0 "" ""
5263.999 23.1 2.508 -2.37 "" ""
5264.001 106.00112 2.129 -3.302 3.464 AX13Q285
5264.015 607.01314 0.157 -3.984 7.724 0600Pb0255
5264.074 607.01314 1.072 -2.784 7.724 1104Pb0205
5264.124 106.00112 2.129 -3.319 3.464 AX13Q275
5264.142 607.01314 1.89 -3.334 7.724 1507Rc0315
5264.153 24.0 0.968 -1.25 SOBECK ""
5264.156 607.01214 0.289 -4.158 7.724 0701Rc0115
5264.181 607.01214 0.289 -3.348 7.724 0701Qa0125
5264.182 58.0 0.52 -0.14 "" ""
5264.197 607.01314 1.89 -1.973 7.724 1507Qa0325
5264.2 607.01314 0.146 -4.653 7.724 0600Qc0245
5264.204 60.0 0.14 -0.79 "" ""
5264.217 106.00112 2.129 -5.877 3.464 AX13P285
5264.225 106.00112 0.995 -7.163 3.464 AX02R145
5264.229 27.0 4.256 -0.6 "" ""
5264.237 20.0 2.523 -0.57 LAWLER ""
5264.24 607.01214 0.294 -3.855 7.724 0600Pb0345
5264.246 607.01214 0.26 -4.68 7.724 0701Pc0045
5264.249 607.01314 0.146 -3.994 7.724 0600Pa0255
5264.269 607.01214 1.939 -3.112 7.724 1608Qc0045
5264.277 22.0 2.159 -4.52 "" ""
5264.278 607.01214 1.939 -3.289 7.724 1608Pa0055
5264.323 25.0 5.392 -1.89 "" ""
5264.335 607.01314 0.222 -3.557 7.724 0600Qb0305
5264.34 23.0 2.246 -1.46 "" ""
5264.394 607.01214 1.564 -2.738 7.724 0902Ra0685
5264.396 607.01314 0.222 -4.966 7.724 0600Pd0315
5264.407 22.0 2.115 -8.04 "" ""
5264.41 26.0 3.015 -5.57 "" ""
5264.426 607.01214 1.985 -2.485 7.724 1608Ra0155
5264.43 14.0 5.615 -3.86 "" ""
5264.437 26.0 2.988 -4.41 "" ""
5264.445 26.0 3.639 -4.32 "" ""
5264.449 106.00112 1.484 -3.884 3.464 AX13R185
5264.492 23.1 2.263 -3.49 "" ""
5264.519 607.01214 1.952 -3.149 7.724 1608Rc0085
5264.536 607.01214 1.952 -2.503 7.724 1608Qa0095
5264.542 106.00113 2.003 -5.943 3.464 AX46R125
5264.578 607.01314 2.449 -3.283 7.724 1910Pc0225
5264.58 106.00112 1.484 -3.896 3.464 AX13R175
5264.586 106.00112 1.484 -5.847 3.464 AX13Q185
5264.603 607.01214 1.972 -2.356 7.724 1608Qb0125
5264.624 607.01214 1.972 -3.179 7.724 1608Pd0135
