wavelength species excitation loggf disassociation_energy comment
4184.398 607.01314 0.495 -3.12 7.724 0102Qc0025
4184.403 607.01314 0.495 -1.818 7.724 0102Pa0035
4184.403 607.01314 0.495 -1.973 7.724 0102Pb0025
4184.424 106.00112 1.442 -3.709 3.464 AX11Q265
4184.436 41.0 0.049 -1.16 "" ""
4184.454 25.1 6.181 -1.95 "" ""
4184.456 106.00113 1.435 -1.236 3.464 AX11R265
4184.461 25.0 4.191 -3.72 "" ""
4184.464 28.0 3.396 -1.56 "" ""
4184.474 26.0 4.073 -4.37 "" ""
4184.496 27.0 4.046 -3.6 "" ""
4184.499 23.0 2.294 -0.92 "" ""
4184.513 106.00113 1.135 -10.634 3.464 CX03Q095
4184.541 106.00113 1.435 -1.244 3.464 AX11R255
4184.546 106.00112 2.204 -8.095 3.464 CX03P285
4184.559 23.0 1.194 -3.49 "" ""
4184.582 106.00113 1.435 -3.709 3.464 AX11Q265
4184.589 22.0 2.693 -0.31 "" ""
4184.647 607.01314 2.655 -4.19 7.724 1011Qc0215
4184.648 607.01314 2.867 -1.368 7.724 1112Rb0215
4184.657 607.01314 2.867 -1.353 7.724 1112Ra0225
4184.662 106.00113 1.478 -5.783 3.464 AX43P175
4184.668 607.01314 2.655 -1.187 7.724 1011Pa0225
4184.674 106.00112 0.898 -6.007 3.464 BX11R185
4184.676 607.01314 2.867 -4.372 7.724 1112Qd0225
4184.696 24.0 4.532 -0.87 "" ""
4184.699 106.00112 0.995 -4.25 3.464 AX22R145
4184.711 90.1 1.769 -0.89 "" ""
4184.713 106.00112 1.0 -12.724 3.464 CX03Q035
4184.722 23.1 5.791 -3.1 "" ""
4184.733 607.01314 2.655 -1.205 7.724 1011Pb0215
4184.736 24.0 4.613 -2.15 "" ""
4184.738 106.00112 1.0 -6.473 3.464 CX03P035
4184.814 607.01314 0.316 -1.329 7.724 0001Ra0175
4184.846 607.01314 0.316 -1.353 7.724 0001Rb0165
4184.861 24.0 3.085 -3.93 "" ""
4184.866 607.01314 0.316 -4.146 7.724 0001Qd0175
4184.869 607.01214 2.605 -2.175 7.724 1011Pa0025
4184.871 607.01214 2.605 -3.13 7.724 1011Qc0015
4184.891 26.0 2.829 -0.86 "" ""
4184.905 607.01214 0.51 -1.554 7.724 0102Ra0055
4184.917 607.01214 0.51 -1.627 7.724 0102Rb0045
4184.928 607.01214 0.51 -3.439 7.724 0102Qd0055
4184.937 607.01314 0.497 -3.251 7.724 0102Qc0035
4184.943 607.01314 0.497 -1.705 7.724 0102Pa0045
4184.943 607.01314 0.497 -1.818 7.724 0102Pb0035
4184.951 607.01214 2.605 -2.43 7.724 1011Pb0015
4184.963 23.0 2.606 -2.04 "" ""
4184.964 607.01214 0.37 -1.234 7.724 0001Ra0225
4184.97 60.1 1.328 0.17 "" ""
4185.005 607.01214 0.37 -1.253 7.724 0001Rb0215
4185.009 106.00113 1.053 -6.237 3.464 CX03P065
4185.009 607.01214 1.131 -0.636 7.724 0102Pb0515
4185.026 106.00113 0.683 -1.946 3.464 BX11P135
4185.033 607.01214 0.37 -4.261 7.724 0001Qd0225
4185.073 24.0 3.963 -2.9 "" ""
4185.079 106.00113 0.683 -6.951 3.464 BX11Q135
4185.081 26.0 2.756 -5.91 "" ""
4185.094 607.01314 2.858 -1.384 7.724 1112Rb0205
4185.1 62.1 0.434 -2.42 LAWLER ""
4185.102 607.01314 0.888 -0.724 7.724 0102Pb0415
4185.102 607.01314 2.858 -1.368 7.724 1112Ra0215
4185.114 106.00112 1.209 -10.541 3.464 CX03Q115
4185.117 106.00113 1.105 -6.098 3.464 CX03P085
4185.119 106.00113 0.992 -4.25 3.464 AX22R145
4185.12 607.01314 2.858 -4.35 7.724 1112Qd0215
4185.123 59.1 0.977 -0.34 "" ""
4185.16 106.00113 1.053 -10.848 3.464 CX03Q065
4185.177 106.00112 1.0 -6.393 3.464 CX03P045
4185.177 20.0 4.765 -5.45 "" ""
4185.192 607.01314 2.664 -4.212 7.724 1011Qc0225
4185.193 106.00112 1.209 -5.911 3.464 CX03P115
4185.206 106.00112 1.209 -5.854 3.464 CX03P125
4185.206 106.00113 1.053 -6.167 3.464 CX03P075
4185.21 607.01314 2.664 -1.171 7.724 1011Pa0235
4185.216 106.00113 0.683 -1.974 3.464 BX11P145
4185.234 106.00113 1.105 -6.034 3.464 CX03P095
4185.28 607.01314 2.664 -1.188 7.724 1011Pb0225
4185.297 24.0 2.707 -3.02 "" ""
4185.319 106.00113 1.105 -10.688 3.464 CX03Q085
4185.32 106.00112 1.872 -7.175 3.464 CX25P145
4185.331 58.1 0.417 -0.59 LAWLER ""
4185.345 24.0 2.98 -1.29 "" ""
4185.359 106.00113 1.077 -6.166 3.464 CX03P075
4185.429 106.00113 1.678 -1.226 3.464 AX11R295
4185.439 607.01214 2.606 -2.02 7.724 1011Pa0035
4185.443 607.01214 2.606 -3.322 7.724 1011Qc0025
4185.449 607.01314 0.499 -3.35 7.724 0102Qc0045
4185.457 607.01314 0.499 -1.616 7.724 0102Pa0055
4185.457 607.01314 0.499 -1.705 7.724 0102Pb0045
4185.46 106.00113 1.906 -4.552 3.464 AX43P255
4185.465 106.00113 1.868 -2.518 3.464 AX32P285
4185.477 68.0 0.0 -1.35 "" ""
4185.494 24.1 5.326 -6.14 "" ""
4185.499 607.01314 0.87 -4.267 7.724 0102Qc0405
4185.513 106.00113 1.077 -6.099 3.464 CX03P085
4185.53 41.1 2.61 -1.07 Nilsson10 ""
4185.536 106.00113 1.077 -10.755 3.464 CX03Q075
4185.549 607.01314 0.87 -0.725 7.724 0102Pa0415
4185.549 607.01314 2.85 -1.401 7.724 1112Rb0195
4185.557 607.01314 2.85 -1.384 7.724 1112Ra0205
4185.564 106.00113 1.678 -3.723 3.464 AX11Q295
4185.564 607.01214 2.606 -2.175 7.724 1011Pb0025
4185.573 607.01214 1.294 -4.716 7.724 0001Qc0665
4185.574 607.01314 2.85 -4.327 7.724 1112Qd0205
4185.578 26.1 4.728 -7.39 "" ""
4185.579 106.00112 1.686 -1.226 3.464 AX11R295
4185.587 106.00113 1.868 -4.784 3.464 AX32Q275
4185.598 106.00113 1.596 -1.228 3.464 AX11R285
4185.605 106.00112 1.604 -1.228 3.464 AX11R285
4185.608 607.01314 0.87 -0.735 7.724 0102Pb0405
4185.617 106.00113 1.678 -1.229 3.464 AX11R285
4185.617 27.0 3.527 -4.24 "" ""
4185.63 24.0 3.814 -2.83 "" ""
4185.633 28.0 4.085 -2.04 "" ""
4185.652 77.0 1.549 -2.39 "" ""
4185.658 607.01214 1.294 -0.739 7.724 0001Pa0675
4185.659 26.0 4.253 -2.36 "" ""
4185.686 607.01214 1.107 -4.371 7.724 0102Qc0505
4185.723 106.00112 1.686 -3.723 3.464 AX11Q295
4185.73 106.00113 1.596 -3.705 3.464 AX11Q285
4185.73 607.01214 0.507 -1.627 7.724 0102Ra0045
4185.733 25.0 4.357 -3.95 "" ""
4185.738 607.01214 0.507 -1.716 7.724 0102Rb0035
4185.738 607.01214 1.294 -0.746 7.724 0001Pb0665
4185.738 607.01314 2.674 -4.233 7.724 1011Qc0235
4185.746 106.00112 1.604 -3.705 3.464 AX11Q285
4185.748 607.01214 0.507 -3.358 7.724 0102Qd0045
4185.75 607.01214 1.107 -0.636 7.724 0102Pa0515
4185.76 607.01314 2.674 -1.155 7.724 1011Pa0245
4185.766 42.0 3.185 -0.8 "" ""
4185.782 106.00113 1.596 -1.232 3.464 AX11R275
4185.782 25.0 4.657 -4.29 "" ""
4185.797 60.1 2.083 0.44 "" ""
4185.798 106.00112 1.686 -1.229 3.464 AX11R285
4185.816 106.00112 1.604 -1.232 3.464 AX11R275
4185.819 42.0 3.161 0.12 "" ""
4185.827 607.01214 1.107 -0.645 7.724 0102Pb0505
4185.827 607.01314 2.674 -1.171 7.724 1011Pb0235
4185.845 106.00113 1.913 -1.945 3.464 AX54R215
4185.864 106.00113 1.868 -2.626 3.464 AX32P275
4185.867 23.1 6.453 -3.33 "" ""
4185.871 106.00112 0.996 -4.206 3.464 AX22R145
4185.901 106.00113 1.913 -4.193 3.464 AX54Q215
4185.908 106.00112 0.559 -4.139 3.464 AX11R115
4185.916 106.00113 1.906 -1.755 3.464 AX43Q255
4185.934 106.00113 1.913 -1.965 3.464 AX54R205
4185.934 607.01314 0.502 -3.431 7.724 0102Qc0055
4185.943 607.01314 0.502 -1.542 7.724 0102Pa0065
4185.951 607.01314 0.308 -1.353 7.724 0001Ra0165
4185.952 607.01314 0.502 -1.616 7.724 0102Pb0055
4185.98 607.01314 0.852 -4.257 7.724 0102Qc0395
4185.981 607.01314 0.308 -1.378 7.724 0001Rb0155
4185.987 22.0 2.238 -0.87 "" ""
4186.001 607.01314 0.308 -4.121 7.724 0001Qd0165
4186.014 607.01314 2.842 -1.42 7.724 1112Rb0185
4186.015 607.01214 2.608 -1.907 7.724 1011Pa0045
4186.017 607.01214 2.608 -3.453 7.724 1011Qc0035
4186.019 106.00113 1.762 -1.227 3.464 AX11R305
4186.023 607.01314 2.842 -1.401 7.724 1112Ra0195
4186.028 607.01314 0.852 -0.735 7.724 0102Pa0405
4186.03 60.1 0.182 -1.31 LAWLER ""
4186.038 607.01314 2.842 -4.302 7.724 1112Qd0195
4186.053 23.0 2.636 -2.93 "" ""
4186.071 74.0 2.193 -0.91 "" ""
4186.087 607.01314 0.852 -0.747 7.724 0102Pb0395
4186.088 24.1 4.934 -4.42 "" ""
4186.101 41.0 1.661 -0.58 "" ""
4186.117 22.0 1.501 -0.24 LAWLER ""
4186.156 106.00113 1.762 -3.742 3.464 AX11Q305
4186.173 607.01214 2.608 -2.02 7.724 1011Pb0035
4186.174 24.0 2.985 -9.12 "" ""
4186.197 26.0 4.073 -3.99 "" ""
4186.21 106.00113 1.762 -1.227 3.464 AX11R295
4186.217 22.0 3.087 -3.41 "" ""
4186.233 26.0 4.073 -4.11 "" ""
4186.278 106.00113 0.992 -4.206 3.464 AX22R145
4186.28 42.0 2.274 -1.6 "" ""
4186.285 607.01314 2.684 -4.253 7.724 1011Qc0245
4186.299 607.01214 0.36 -1.253 7.724 0001Ra0215
4186.308 607.01314 2.684 -1.139 7.724 1011Pa0255
4186.332 24.0 2.965 -3.94 "" ""
4186.336 106.00112 1.523 -1.232 3.464 AX11R275
4186.338 607.01214 0.36 -1.273 7.724 0001Rb0205
4186.35 24.0 3.854 -1.66 "" ""
4186.351 24.0 3.847 -2.56 "" ""
4186.354 106.00112 1.77 -1.227 3.464 AX11R305
4186.359 106.00113 1.451 -7.811 3.464 CX14P105
4186.365 607.01214 0.36 -4.242 7.724 0001Qd0215
4186.369 106.00113 1.906 -1.813 3.464 AX43Q245
4186.374 607.01314 2.684 -1.155 7.724 1011Pb0245
4186.384 106.00112 1.366 -1.243 3.464 AX11R255
4186.385 21.0045 1.986 -2.51 LAWHFS ""
4186.386 21.0045 1.986 -2.25 LAWHFS ""
4186.386 21.0045 1.986 -2.54 LAWHFS ""
4186.39 607.01314 0.505 -3.498 7.724 0102Qc0065
4186.391 21.0045 1.986 -2.12 LAWHFS ""
4186.393 21.0045 1.986 -2.06 LAWHFS ""
4186.394 21.0045 1.986 -2.51 LAWHFS ""
4186.399 607.01314 0.505 -1.479 7.724 0102Pa0075
4186.401 21.0045 1.986 -1.86 LAWHFS ""
4186.404 21.0045 1.986 -1.97 LAWHFS ""
4186.406 21.0045 1.986 -2.56 LAWHFS ""
4186.411 607.01314 0.505 -1.542 7.724 0102Pb0065
4186.415 21.0045 1.986 -1.67 LAWHFS ""
4186.418 21.0045 1.986 -1.95 LAWHFS ""
4186.42 21.0045 1.986 -2.68 LAWHFS ""
4186.43 21.0045 1.986 -1.5 LAWHFS ""
4186.433 607.01314 0.835 -4.246 7.724 0102Qc0385
4186.434 21.0045 1.986 -2.0 LAWHFS ""
4186.437 21.0045 1.986 -2.9 LAWHFS ""
4186.439 106.00113 1.516 -1.232 3.464 AX11R275
4186.444 106.00112 1.366 -1.252 3.464 AX11R245
4186.448 21.0045 1.986 -1.36 LAWHFS ""
4186.452 21.0045 1.986 -2.2 LAWHFS ""
4186.456 21.0045 1.986 -3.32 LAWHFS ""
4186.473 106.00112 1.523 -3.687 3.464 AX11Q275
4186.478 607.01214 1.084 -4.362 7.724 0102Qc0495
4186.48 607.01314 0.835 -0.747 7.724 0102Pa0395
4186.487 607.01314 2.835 -1.439 7.724 1112Rb0175
4186.491 106.00113 0.556 -4.139 3.464 AX11R115
4186.494 607.01314 2.835 -1.42 7.724 1112Ra0185
4186.501 106.00112 1.77 -3.742 3.464 AX11Q305
4186.501 106.00112 1.916 -1.755 3.464 AX43Q255
4186.509 607.01314 2.835 -4.277 7.724 1112Qd0185
4186.51 106.00112 1.366 -3.69 3.464 AX11Q255
4186.527 607.01214 0.506 -1.716 7.724 0102Ra0035
4186.534 607.01214 0.506 -1.829 7.724 0102Rb0025
4186.538 607.01314 0.835 -0.758 7.724 0102Pb0385
4186.539 106.00112 1.523 -1.238 3.464 AX11R265
4186.539 607.01214 0.506 -3.259 7.724 0102Qd0035
4186.54 607.01214 1.084 -0.645 7.724 0102Pa0505
4186.553 106.00112 1.916 -4.339 3.464 AX43R245
4186.569 106.00113 1.516 -3.687 3.464 AX11Q275
4186.578 106.00112 1.77 -1.227 3.464 AX11R295
4186.584 24.0 4.614 -3.27 "" ""
4186.594 58.1 0.863 0.74 BIEMONT ""
4186.594 607.01214 2.61 -3.553 7.724 1011Qc0045
4186.597 607.01214 2.61 -1.818 7.724 1011Pa0055
4186.611 106.00112 0.707 -1.251 3.464 AX00R205
4186.616 607.01214 1.084 -0.654 7.724 0102Pb0495
4186.618 106.00112 1.916 -4.552 3.464 AX43P255
4186.619 106.00113 1.359 -1.243 3.464 AX11R255
4186.619 106.00113 1.516 -1.238 3.464 AX11R265
4186.631 106.00112 0.707 -1.268 3.464 AX00R195
4186.636 42.0 2.834 -2.15 "" ""
4186.67 106.00112 1.916 -1.813 3.464 AX43Q245
4186.682 40.1 1.756 -0.74 Ljung06 ""
4186.688 26.0 2.431 -4.6 "" ""
4186.691 106.00112 1.683 -6.614 3.464 AX21P285
4186.692 106.00112 0.559 -4.103 3.464 AX11R115
4186.695 106.00113 1.359 -1.252 3.464 AX11R245
4186.704 68.1 0.636 -1.97 LAWLER ""
4186.721 106.00112 0.707 -3.561 3.464 AX00Q205
4186.739 106.00112 0.919 -4.909 3.464 BX10P235
4186.741 106.00113 1.359 -3.69 3.464 AX11Q255
4186.751 23.1 1.671 -4.01 "" ""
4186.767 23.0 1.063 -1.87 "" ""
4186.774 607.01214 2.61 -1.907 7.724 1011Pb0045
4186.789 106.00112 0.919 -1.131 3.464 BX10Q225
4186.818 25.1 5.344 -4.82 "" ""
4186.819 66.0 0.0 0.69 "" ""
4186.82 607.01314 0.508 -3.557 7.724 0102Qc0075
4186.825 106.00113 1.906 -4.339 3.464 AX43R245
4186.828 106.00112 0.919 -0.781 3.464 BX10Q235
4186.83 607.01314 0.508 -1.424 7.724 0102Pa0085
4186.834 607.01314 2.695 -4.273 7.724 1011Qc0255
4186.843 607.01314 0.508 -1.479 7.724 0102Pb0075
4186.844 23.1 6.104 -3.95 "" ""
4186.857 607.01314 2.695 -1.125 7.724 1011Pa0265
4186.859 607.01314 0.818 -4.234 7.724 0102Qc0375
4186.867 106.00112 1.016 -11.316 3.464 CX03Q045
4186.869 26.0 4.073 -4.05 "" ""
4186.877 106.00112 0.919 -4.311 3.464 BX10R225
4186.88 607.01314 2.827 -1.46 7.724 1112Rb0165
4186.891 24.0 2.708 -2.86 "" ""
4186.899 106.00112 1.016 -6.39 3.464 CX03P045
4186.901 607.01214 1.264 -4.71 7.724 0001Qc0655
4186.905 607.01314 0.818 -0.758 7.724 0102Pa0385
4186.923 607.01314 2.695 -1.139 7.724 1011Pb0255
4186.939 106.00112 1.855 -7.155 3.464 AX10P335
4186.961 92.0 0.53 -0.28 "" ""
4186.962 607.01314 0.818 -0.77 7.724 0102Pb0375
4186.974 607.01314 2.827 -1.439 7.724 1112Ra0175
4186.984 607.01214 1.264 -0.747 7.724 0001Pa0665
4186.986 21.0 2.606 -2.87 "" ""
4186.989 607.01314 2.827 -4.251 7.724 1112Qd0175
4187.039 26.0 2.45 -0.56 RUF14 ""
4187.063 607.01314 0.301 -1.378 7.724 0001Ra0155
4187.065 607.01214 1.264 -0.754 7.724 0001Pb0655
4187.076 26.0 4.368 -2.06 "" ""
4187.082 20.0 5.963 -2.41 "" ""
4187.091 607.01314 0.301 -1.405 7.724 0001Rb0145
4187.103 21.0 1.986 -2.36 "" ""
4187.109 607.01314 0.301 -4.095 7.724 0001Qd0155
4187.111 22.0 1.459 -3.04 "" ""
4187.144 106.00112 1.173 -10.586 3.464 CX03Q105
4187.174 607.01214 2.612 -3.634 7.724 1011Qc0055
4187.18 26.0 4.183 -4.17 "" ""
4187.183 607.01214 2.612 -1.745 7.724 1011Pa0065
4187.215 106.00113 0.703 -1.251 3.464 AX00R205
4187.216 106.00112 1.173 -5.97 3.464 CX03P105
4187.216 27.0 3.014 -2.85 "" ""
4187.222 607.01314 0.512 -3.608 7.724 0102Qc0085
4187.231 106.00112 1.016 -6.313 3.464 CX03P055
4187.232 23.0 2.267 -1.5 "" ""
4187.232 607.01314 0.512 -1.375 7.724 0102Pa0095
4187.238 106.00113 0.703 -1.268 3.464 AX00R195
4187.241 607.01214 1.061 -4.353 7.724 0102Qc0485
4187.247 27.0 2.041 -1.83 LAWNHFS ""
4187.248 607.01314 0.512 -1.424 7.724 0102Pb0085
4187.251 106.00112 0.686 -1.945 3.464 BX11P135
4187.257 106.00112 1.173 -5.912 3.464 CX03P115
4187.257 607.01314 0.801 -4.223 7.724 0102Qc0365
4187.264 106.00113 0.557 -4.102 3.464 AX11R115
4187.293 607.01214 0.504 -1.829 7.724 0102Ra0025
4187.297 607.01214 0.504 -1.983 7.724 0102Rb0015
4187.302 106.00112 0.686 -6.951 3.464 BX11Q135
4187.302 57.0 0.0 -0.62 "" ""
4187.302 607.01214 1.061 -0.654 7.724 0102Pa0495
4187.302 607.01314 0.801 -0.77 7.724 0102Pa0375
4187.303 607.01214 0.504 -3.129 7.724 0102Qd0025
4187.313 106.00112 1.424 -7.811 3.464 CX14P095
4187.32 106.00113 0.703 -3.561 3.464 AX00Q205
4187.322 58.1 0.553 -0.43 LAWLER ""
4187.358 607.01314 0.801 -0.782 7.724 0102Pb0365
4187.36 66.1 1.17 -1.49 LAWLER ""
4187.371 607.01214 2.612 -1.819 7.724 1011Pb0055
4187.378 607.01214 1.061 -0.663 7.724 0102Pb0485
4187.384 607.01314 2.705 -4.292 7.724 1011Qc0265
4187.406 20.0 4.677 -3.99 "" ""
4187.408 607.01314 2.705 -1.111 7.724 1011Pa0275
4187.408 607.01314 2.821 -1.483 7.724 1112Rb0155
4187.414 24.0 3.847 -3.0 "" ""
4187.433 20.0 4.621 -2.44 "" ""
4187.441 106.00112 0.686 -1.974 3.464 BX11P145
4187.453 21.0 2.301 -3.27 "" ""
4187.461 607.01314 2.821 -1.46 7.724 1112Ra0165
4187.462 106.00112 1.483 -5.731 3.464 AX43P175
4187.465 106.00113 1.848 -1.231 3.464 AX11R315
4187.473 607.01314 2.705 -1.125 7.724 1011Pb0265
4187.475 607.01314 2.821 -4.224 7.724 1112Qd0165
4187.487 106.00113 0.984 -7.969 3.464 CX03P025
4187.51 40.0 1.442 0.34 "" ""
4187.56 23.0 2.314 -0.97 "" ""
4187.581 21.0045 1.969 -3.29 LAWHFS ""
4187.586 21.0045 1.969 -2.87 LAWHFS ""
4187.587 26.0 3.428 -1.23 "" ""
4187.59 21.0045 1.969 -2.65 LAWHFS ""
4187.594 21.0045 1.969 -2.17 LAWHFS ""
4187.594 21.0045 1.969 -2.53 LAWHFS ""
4187.596 21.0045 1.969 -1.97 LAWHFS ""
4187.596 607.01314 0.517 -3.654 7.724 0102Qc0095
4187.598 21.0045 1.969 -2.48 LAWHFS ""
4187.599 21.0045 1.969 -1.92 LAWHFS ""
4187.601 21.0045 1.969 -1.94 LAWHFS ""
4187.601 21.0045 1.969 -2.51 LAWHFS ""
4187.601 24.0 2.542 -3.18 "" ""
4187.602 21.0045 1.969 -2.03 LAWHFS ""
4187.603 21.0045 1.969 -2.22 LAWHFS ""
4187.605 106.00113 1.848 -3.761 3.464 AX11Q315
4187.606 42.0 2.068 -2.61 "" ""
4187.606 607.01214 0.35 -1.273 7.724 0001Ra0205
4187.607 21.0045 1.969 -2.48 LAWHFS ""
4187.608 21.0045 1.969 -1.33 LAWHFS ""
4187.608 21.0045 1.969 -2.09 LAWHFS ""
4187.609 21.0045 1.969 -1.47 LAWHFS ""
4187.609 21.0045 1.969 -1.64 LAWHFS ""
4187.609 21.0045 1.969 -1.83 LAWHFS ""
4187.609 607.01314 0.517 -1.332 7.724 0102Pa0105
4187.616 69.0 0.0 0.11 "" ""
4187.618 26.0 3.637 -3.17 "" ""
4187.621 25.0 3.85 -4.5 "" ""
4187.624 607.01314 0.517 -1.375 7.724 0102Pb0095
4187.629 607.01314 0.785 -4.211 7.724 0102Qc0355
4187.643 607.01214 0.35 -1.293 7.724 0001Rb0195
4187.658 106.00113 1.848 -1.228 3.464 AX11R305
4187.667 72.1 2.341 -0.4 "" ""
4187.669 607.01214 0.35 -4.222 7.724 0001Qd0205
4187.672 607.01314 0.785 -0.782 7.724 0102Pa0365
4187.691 106.00112 1.445 -1.237 3.464 AX11R265
4187.7 23.0 1.05 -2.13 "" ""
4187.727 607.01314 0.785 -0.794 7.724 0102Pb0355
4187.73 24.0 4.102 -2.37 "" ""
4187.756 24.0 4.609 -2.32 "" ""
4187.758 607.01214 2.615 -3.703 7.724 1011Qc0065
4187.773 24.0 4.452 -2.25 "" ""
4187.773 607.01214 2.615 -1.683 7.724 1011Pa0075
4187.795 26.0 2.424 -0.55 "" ""
4187.805 23.1 4.002 -1.62 "" ""
4187.823 106.00112 1.445 -3.67 3.464 AX11Q265
4187.833 23.0 2.255 -2.29 "" ""
4187.849 28.1 4.026 -2.68 "" ""
4187.877 106.00113 1.438 -1.237 3.464 AX11R265
4187.885 106.00112 1.445 -1.244 3.464 AX11R255
4187.922 607.01314 2.814 -1.508 7.724 1112Rb0145
4187.934 106.00113 1.678 -6.691 3.464 AX21P285
4187.936 24.0 2.707 -3.22 "" ""
4187.936 607.01314 2.717 -4.311 7.724 1011Qc0275
4187.943 607.01314 0.522 -3.696 7.724 0102Qc0105
4187.954 27.0 2.135 -6.27 "" ""
4187.955 607.01314 0.522 -1.292 7.724 0102Pa0115
4187.955 607.01314 2.814 -1.483 7.724 1112Ra0155
4187.961 607.01314 2.717 -1.098 7.724 1011Pa0285
4187.962 607.01214 2.615 -1.745 7.724 1011Pb0065
4187.964 106.00113 0.596 -4.644 3.464 BX11P115
4187.968 607.01314 2.814 -4.196 7.724 1112Qd0155
4187.973 607.01314 0.769 -4.199 7.724 0102Qc0345
4187.976 607.01214 1.039 -4.344 7.724 0102Qc0475
4187.976 607.01314 0.522 -1.332 7.724 0102Pb0105
4188.003 106.00113 1.438 -3.67 3.464 AX11Q265
4188.011 22.0 1.748 -4.66 "" ""
4188.015 607.01314 0.769 -0.794 7.724 0102Pa0355
4188.025 607.01314 2.717 -1.111 7.724 1011Pb0275
4188.029 607.01214 0.503 -1.983 7.724 0102Ra0015
4188.033 607.01214 0.503 -2.238 7.724 0102Rb0005
4188.035 106.00112 1.856 -1.23 3.464 AX11R315
4188.036 607.01214 1.039 -0.663 7.724 0102Pa0485
4188.038 607.01214 0.503 -2.937 7.724 0102Qd0015
4188.05 106.00113 1.438 -1.244 3.464 AX11R255
4188.05 20.0 4.677 -3.5 "" ""
4188.064 92.1 0.036 -1.66 "" ""
4188.072 607.01314 0.769 -0.807 7.724 0102Pb0345
4188.095 20.0 4.76 -3.14 "" ""
4188.1 64.1 0.425 -1.49 LAWLER ""
4188.111 607.01214 1.039 -0.672 7.724 0102Pb0475
4188.123 22.0 2.504 -1.92 "" ""
4188.13 62.1 0.543 -0.44 LAWLER ""
4188.146 607.01314 0.294 -1.405 7.724 0001Ra0145
4188.171 607.01314 0.294 -1.434 7.724 0001Rb0135
4188.174 22.0 1.732 -3.24 "" ""
4188.185 106.00112 1.856 -3.761 3.464 AX11Q315
4188.189 607.01314 0.294 -4.067 7.724 0001Qd0145
4188.2 607.01214 1.234 -4.704 7.724 0001Qc0645
4188.206 42.0 2.079 -1.7 "" ""
4188.226 60.1 0.32 -1.38 "" ""
4188.23 106.00113 0.953 -6.098 3.464 BX11R195
4188.263 607.01314 0.527 -3.734 7.724 0102Qc0115
4188.265 106.00112 1.856 -1.228 3.464 AX11R305
4188.272 22.0 2.479 -5.53 "" ""
4188.274 23.0 2.636 -2.55 "" ""
4188.278 607.01314 0.527 -1.255 7.724 0102Pa0125
4188.282 607.01214 1.234 -0.754 7.724 0001Pa0655
4188.289 607.01314 0.754 -4.186 7.724 0102Qc0335
4188.297 607.01314 0.527 -1.292 7.724 0102Pb0115
4188.323 42.0 2.079 0.06 "" ""
4188.326 26.0 4.253 -3.69 "" ""
4188.328 607.01314 0.754 -0.807 7.724 0102Pa0345
4188.342 24.0 4.407 -4.08 "" ""
4188.346 607.01214 2.618 -3.762 7.724 1011Qc0075
4188.362 607.01214 1.234 -0.761 7.724 0001Pb0645
4188.364 24.0 2.543 -2.2 "" ""
4188.365 607.01214 2.618 -1.629 7.724 1011Pa0085
4188.383 607.01314 0.754 -0.82 7.724 0102Pb0335
4188.412 106.00112 1.034 -10.999 3.464 CX03Q055
4188.434 607.01314 2.808 -1.534 7.724 1112Rb0135
4188.451 106.00112 1.034 -6.311 3.464 CX03P055
4188.452 607.01314 2.808 -1.508 7.724 1112Ra0145
4188.453 23.1 6.019 -4.56 "" ""
4188.468 607.01314 2.808 -4.165 7.724 1112Qd0145
4188.49 607.01314 2.728 -4.329 7.724 1011Qc0285
4188.517 607.01314 2.728 -1.086 7.724 1011Pa0295
4188.55 607.01214 2.618 -1.683 7.724 1011Pb0075
4188.554 607.01314 0.533 -3.769 7.724 0102Qc0125
4188.566 106.00112 1.915 -7.169 3.464 CX25P155
4188.569 607.01314 0.533 -1.221 7.724 0102Pa0135
4188.571 106.00112 0.191 -4.096 3.464 AX00R105
4188.578 607.01314 0.739 -4.173 7.724 0102Qc0325
4188.579 607.01314 2.728 -1.098 7.724 1011Pb0285
4188.587 106.00112 1.139 -10.633 3.464 CX03Q095
4188.59 607.01314 0.533 -1.255 7.724 0102Pb0125
4188.615 607.01314 0.739 -0.82 7.724 0102Pa0335
4188.653 106.00112 1.139 -6.032 3.464 CX03P095
4188.67 607.01314 0.739 -0.834 7.724 0102Pb0325
4188.68 22.0 2.238 -0.51 "" ""
4188.684 607.01214 1.018 -4.335 7.724 0102Qc0465
4188.704 26.0 4.206 -2.42 "" ""
4188.706 106.00112 1.035 -6.237 3.464 CX03P065
4188.709 25.1 5.832 -4.1 "" ""
4188.723 22.1 5.563 -3.99 "" ""
4188.725 106.00112 1.139 -5.971 3.464 CX03P105
4188.731 26.0 4.317 -0.23 "" ""
4188.731 607.01214 0.503 -2.238 7.724 0102Ra0005
4188.742 607.01214 1.018 -0.672 7.724 0102Pa0475
4188.745 607.01214 0.503 -2.539 7.724 0102Qd0005
4188.813 64.0 1.551 0.04 "" ""
4188.816 607.01214 1.018 -0.682 7.724 0102Pb0465
4188.818 607.01314 0.539 -3.801 7.724 0102Qc0135
4188.834 607.01314 0.539 -1.19 7.724 0102Pa0145
4188.839 607.01314 0.724 -4.16 7.724 0102Qc0315
4188.84 20.0 4.765 -2.57 "" ""
4188.86 607.01314 0.539 -1.221 7.724 0102Pb0135
4188.867 26.0 4.577 -2.55 "" ""
4188.88 607.01314 0.725 -0.834 7.724 0102Pa0325
4188.884 607.01214 0.341 -1.294 7.724 0001Ra0195
4188.92 607.01214 0.341 -1.315 7.724 0001Rb0185
4188.927 607.01314 0.724 -0.848 7.724 0102Pb0315
4188.938 607.01214 2.622 -3.814 7.724 1011Qc0085
4188.945 607.01214 0.341 -4.201 7.724 0001Qd0195
4188.95 607.01314 2.803 -1.563 7.724 1112Rb0125
4188.952 24.0 2.708 -3.44 "" ""
4188.957 607.01314 2.803 -1.534 7.724 1112Ra0135
4188.958 607.01214 2.622 -1.581 7.724 1011Pa0095
4188.961 106.00112 1.292 -1.251 3.464 AX11R245
4188.963 28.0 3.703 -2.8 "" ""
4188.966 106.00112 0.708 -1.252 3.464 AX00R205
4188.973 607.01314 2.803 -4.133 7.724 1112Qd0135
4188.988 22.1 5.419 -0.58 "" ""
4189.014 106.00112 1.292 -1.261 3.464 AX11R235
4189.047 607.01314 2.74 -4.347 7.724 1011Qc0295
4189.055 607.01314 0.545 -3.831 7.724 0102Qc0145
4189.056 106.00113 1.849 -7.241 3.464 AX10P335
4189.072 20.0 4.776 -4.14 "" ""
4189.073 607.01314 0.71 -4.146 7.724 0102Qc0305
4189.074 607.01314 0.545 -1.161 7.724 0102Pa0155
4189.074 607.01314 2.74 -1.074 7.724 1011Pa0305
4189.079 106.00112 0.708 -3.53 3.464 AX00Q205
4189.083 106.00112 1.292 -3.67 3.464 AX11Q245
4189.097 106.00112 0.708 -1.268 3.464 AX00R195
4189.099 607.01314 0.545 -1.19 7.724 0102Pb0145
4189.111 607.01314 0.711 -0.848 7.724 0102Pa0315
4189.133 607.01214 2.622 -1.629 7.724 1011Pb0085
4189.136 607.01314 2.74 -1.086 7.724 1011Pb0295
4189.159 607.01314 0.71 -0.862 7.724 0102Pb0305
4189.183 58.1 0.736 -1.14 LAWLER ""
4189.186 27.0 4.392 -3.68 "" ""
4189.194 26.1 7.483 -4.49 "" ""
4189.202 607.01314 0.288 -1.434 7.724 0001Ra0135
4189.212 106.00113 0.19 -4.096 3.464 AX00R105
4189.23 607.01314 0.288 -1.465 7.724 0001Rb0125
4189.231 26.0 4.412 -2.31 "" ""
4189.242 607.01314 0.288 -4.038 7.724 0001Qd0135
4189.245 20.0 5.581 -3.69 "" ""
4189.25 106.00113 1.286 -1.251 3.464 AX11R245
4189.252 106.00112 0.192 -4.062 3.464 AX00R105
4189.264 607.01314 0.552 -3.859 7.724 0102Qc0155
4189.272 92.1 0.036 -1.46 "" ""
4189.279 607.01314 0.697 -4.132 7.724 0102Qc0295
4189.28 26.1 6.724 -4.27 "" ""
4189.283 607.01314 0.552 -1.133 7.724 0102Pa0165
4189.284 23.0 2.121 -2.22 "" ""
4189.305 106.00112 1.484 -5.782 3.464 AX43P175
4189.31 607.01314 0.552 -1.161 7.724 0102Pb0155
4189.312 607.01314 0.697 -0.862 7.724 0102Pa0305
4189.316 106.00113 1.286 -1.261 3.464 AX11R235
4189.354 106.00112 1.056 -10.847 3.464 CX03Q065
4189.359 106.00113 1.485 -7.803 3.464 CX14P115
4189.363 607.01214 0.996 -4.326 7.724 0102Qc0455
4189.364 607.01314 0.697 -0.877 7.724 0102Pb0295
4189.368 106.00113 1.286 -3.67 3.464 AX11Q245
4189.369 59.1141 0.371 -1.711 LI/LAW ""
4189.388 59.1141 0.371 -0.552 LI/LAW ""
4189.392 59.1141 0.371 -1.511 LI/LAW ""
4189.4 106.00112 1.056 -6.236 3.464 CX03P065
4189.415 59.1141 0.371 -0.509 LI/LAW ""
4189.42 59.1141 0.371 -1.46 LI/LAW ""
4189.42 607.01214 0.996 -0.682 7.724 0102Pa0465
4189.435 59.1141 0.371 -1.711 LI/LAW ""
4189.439 106.00112 1.108 -10.687 3.464 CX03Q085
4189.445 607.01314 0.56 -3.886 7.724 0102Qc0165
4189.447 59.1141 0.371 -0.451 LI/LAW ""
4189.453 59.1141 0.371 -1.507 LI/LAW ""
4189.457 44.0 0.927 -2.14 "" ""
4189.458 607.01314 0.684 -4.117 7.724 0102Qc0285
4189.46 106.00113 1.748 -4.165 3.464 AX54R175
4189.467 607.01314 0.56 -1.107 7.724 0102Pa0175
4189.467 607.01314 2.797 -1.563 7.724 1112Ra0125
4189.467 607.01314 2.797 -1.594 7.724 1112Rb0115
4189.47 59.1141 0.371 -1.511 LI/LAW ""
4189.471 607.01214 1.205 -4.697 7.724 0001Qc0635
4189.481 20.0 5.581 -3.52 "" ""
4189.483 59.1141 0.371 -0.383 LI/LAW ""
4189.484 607.01314 2.797 -4.099 7.724 1112Qd0125
4189.491 59.1141 0.371 -1.705 LI/LAW ""
4189.492 607.01314 0.56 -1.133 7.724 0102Pb0165
4189.493 607.01214 0.996 -0.692 7.724 0102Pb0455
4189.493 607.01314 0.684 -0.877 7.724 0102Pa0295
4189.494 106.00113 1.748 -1.916 3.464 AX54Q175
4189.498 106.00112 2.165 -9.367 3.464 CX15R215
4189.499 106.00112 1.108 -6.097 3.464 CX03P085
4189.51 59.1141 0.371 -1.46 LI/LAW ""
4189.511 106.00112 2.165 -7.408 3.464 CX14P245
4189.511 23.0 2.267 -2.47 "" ""
4189.511 27.0 0.174 -4.32 "" ""
4189.525 59.1141 0.371 -0.311 LI/LAW ""
4189.532 24.0 2.708 -4.03 "" ""
4189.533 607.01214 2.626 -3.861 7.724 1011Qc0095
4189.538 607.01314 0.684 -0.892 7.724 0102Pb0285
4189.539 106.00113 1.748 -1.863 3.464 AX54Q185
4189.544 23.0 2.377 -4.62 "" ""
4189.547 106.00113 0.704 -1.252 3.464 AX00R205
4189.55 607.01214 2.626 -1.538 7.724 1011Pa0105
4189.552 607.01214 1.205 -0.761 7.724 0001Pa0645
4189.555 59.1141 0.371 -1.507 LI/LAW ""
4189.558 26.0 3.692 -1.33 "" ""
4189.562 90.0 1.647 -0.15 "" ""
4189.571 59.1141 0.371 -0.237 LI/LAW ""
4189.572 106.00113 1.748 -4.376 3.464 AX54P185
4189.585 23.0 2.58 -1.73 "" ""
4189.595 106.00112 1.056 -6.166 3.464 CX03P075
4189.596 106.00112 1.368 -1.243 3.464 AX11R255
4189.598 607.01314 0.568 -3.91 7.724 0102Qc0175
4189.605 106.00112 1.109 -6.033 3.464 CX03P095
4189.605 59.1141 0.371 -1.705 LI/LAW ""
4189.607 607.01314 2.753 -4.365 7.724 1011Qc0305
4189.609 607.01314 0.671 -4.102 7.724 0102Qc0275
4189.621 607.01314 0.568 -1.083 7.724 0102Pa0185
4189.632 607.01214 1.205 -0.768 7.724 0001Pb0635
4189.635 607.01314 2.753 -1.063 7.724 1011Pa0315
4189.638 58.1 0.904 -0.9 LAWLER ""
4189.646 607.01314 0.671 -0.892 7.724 0102Pa0285
4189.653 106.00113 0.704 -3.53 3.464 AX00Q205
4189.655 607.01314 0.568 -1.107 7.724 0102Pb0175
4189.676 106.00113 0.704 -1.268 3.464 AX00R195
4189.687 607.01314 0.671 -0.908 7.724 0102Pb0275
4189.695 607.01314 2.753 -1.075 7.724 1011Pb0305
4189.696 106.00112 1.081 -10.754 3.464 CX03Q075
4189.711 607.01214 2.626 -1.581 7.724 1011Pb0095
4189.724 106.00112 1.368 -3.652 3.464 AX11Q255
4189.724 607.01314 0.576 -3.934 7.724 0102Qc0185
4189.733 607.01314 0.659 -4.086 7.724 0102Qc0265
4189.745 607.01314 0.576 -1.06 7.724 0102Pa0195
4189.749 106.00112 1.081 -6.165 3.464 CX03P075
4189.77 607.01314 0.659 -0.908 7.724 0102Pa0275
4189.778 607.01314 0.576 -1.083 7.724 0102Pb0185
4189.779 106.00112 1.368 -1.252 3.464 AX11R245
4189.783 106.00112 0.787 -1.899 3.464 BX11Q155
4189.809 607.01314 0.659 -0.924 7.724 0102Pb0265
4189.813 27.1 5.118 -6.45 "" ""
4189.814 106.00112 0.787 -5.276 3.464 BX11P165
4189.822 607.01314 0.585 -3.956 7.724 0102Qc0195
4189.826 106.00112 0.599 -4.644 3.464 BX11P115
4189.828 607.01314 0.647 -4.07 7.724 0102Qc0255
4189.838 23.0 0.286 -1.5 LAWNOHFS ""
4189.845 106.00113 1.362 -1.243 3.464 AX11R255
4189.846 106.00112 0.787 -5.492 3.464 BX11R155
4189.852 607.01314 0.585 -1.038 7.724 0102Pa0205
4189.86 607.01314 0.647 -0.924 7.724 0102Pa0265
4189.876 106.00112 0.787 -2.002 3.464 BX11Q165
4189.88 607.01314 0.585 -1.06 7.724 0102Pb0195
4189.885 106.00113 0.19 -4.062 3.464 AX00R105
4189.89 60.1 0.38 -2.48 LAWLER ""
4189.892 607.01314 0.594 -3.977 7.724 0102Qc0205
4189.896 106.00112 1.081 -6.098 3.464 CX03P085
4189.896 607.01314 0.635 -4.053 7.724 0102Qc0245
4189.902 607.01314 0.647 -0.941 7.724 0102Pb0255
4189.906 76.0 1.583 -1.07 "" ""
4189.92 607.01314 0.594 -1.017 7.724 0102Pa0215
4189.927 607.01314 0.635 -0.941 7.724 0102Pa0255
4189.935 607.01314 0.604 -3.998 7.724 0102Qc0215
4189.937 607.01314 0.624 -4.035 7.724 0102Qc0235
4189.95 607.01314 0.614 -4.017 7.724 0102Qc0225
4189.951 607.01314 0.594 -1.038 7.724 0102Pb0205
4189.958 24.0 2.965 -1.34 "" ""
4189.966 607.01314 0.604 -0.997 7.724 0102Pa0225
4189.966 607.01314 0.625 -0.959 7.724 0102Pa0245
4189.966 607.01314 0.635 -0.959 7.724 0102Pb0245
4189.967 106.00113 1.362 -3.652 3.464 AX11Q255
4189.973 23.0 2.252 -2.42 "" ""
4189.978 607.01314 0.614 -0.977 7.724 0102Pa0235
4189.983 25.0 4.243 -0.27 "" ""
4189.984 68.1 0.669 -1.01 LAWLER ""
4189.985 607.01314 2.793 -1.594 7.724 1112Ra0115
4189.985 607.01314 2.793 -1.628 7.724 1112Rb0105
4189.987 41.0 2.234 -0.14 "" ""
4189.996 42.0 3.165 -0.68 "" ""
4189.998 607.01314 0.604 -1.017 7.724 0102Pb0215
4190.0 607.01314 2.793 -4.063 7.724 1112Qd0115
4190.006 607.01314 0.624 -0.977 7.724 0102Pb0235
4190.01 106.00113 1.362 -1.252 3.464 AX11R245
4190.013 607.01214 0.975 -4.316 7.724 0102Qc0445
4190.016 607.01314 0.614 -0.997 7.724 0102Pb0225
4190.07 607.01214 0.975 -0.692 7.724 0102Pa0455
4190.072 607.01214 0.503 -2.539 7.724 0102Qc0005
4190.075 607.01214 0.503 -2.238 7.724 0102Pa0015
4190.131 607.01214 2.631 -3.904 7.724 1011Qc0105
4190.134 607.01214 0.332 -1.315 7.724 0001Ra0185
4190.14 607.01214 2.631 -1.499 7.724 1011Pa0115
4190.141 24.1 4.924 -3.89 "" ""
4190.141 607.01214 0.975 -0.702 7.724 0102Pb0445
4190.143 23.0 2.706 -5.04 "" ""
4190.146 24.0 3.814 -1.34 "" ""
4190.154 106.00112 1.576 -6.153 3.464 AX32P235
4190.155 24.0 3.645 -3.06 "" ""
4190.168 607.01214 0.332 -1.338 7.724 0001Rb0175
4190.169 607.01314 2.766 -4.382 7.724 1011Qc0315
4190.192 607.01214 0.332 -4.179 7.724 0001Qd0185
4190.198 607.01314 2.766 -1.053 7.724 1011Pa0325
4190.199 24.0 2.87 -3.56 "" ""
4190.206 64.0 0.864 -0.48 "" ""
4190.227 607.01314 0.282 -1.465 7.724 0001Ra0125
4190.228 22.0 2.229 -2.99 "" ""
4190.23 14.0 4.926 -4.43 "" ""
4190.233 22.1 1.083 -2.4 "" ""
4190.254 607.01314 0.282 -1.499 7.724 0001Rb0115
4190.258 607.01314 2.766 -1.063 7.724 1011Pb0315
4190.268 607.01314 0.282 -4.005 7.724 0001Qd0125
4190.283 607.01214 2.631 -1.538 7.724 1011Pb0105
4190.409 106.00112 1.716 -4.564 3.464 AX43Q215
4190.412 23.1 1.674 -2.11 "" ""
4190.421 22.1 7.358 -2.19 "" ""
4190.465 42.0 3.44 -1.42 "" ""
4190.482 106.00112 1.716 -2.495 3.464 AX43P225
4190.498 106.00112 1.716 -2.575 3.464 AX43P215
4190.507 607.01314 2.788 -1.628 7.724 1112Ra0105
4190.507 607.01314 2.788 -1.666 7.724 1112Rb0095
4190.511 106.00112 1.704 -4.164 3.464 AX54R165
4190.52 607.01314 2.788 -4.023 7.724 1112Qd0105
4190.54 24.0 4.398 -2.92 "" ""
4190.545 25.0 5.083 -2.76 "" ""
4190.566 106.00112 1.704 -1.965 3.464 AX54Q165
4190.589 26.0 4.383 -2.79 "" ""
4190.589 59.1 1.297 -0.52 "" ""
4190.605 106.00112 1.704 -1.911 3.464 AX54Q175
4190.618 58.1 0.896 -0.23 BIEMONT ""
4190.636 607.01214 0.955 -4.307 7.724 0102Qc0435
4190.638 20.0 6.0 -4.06 "" ""
4190.644 21.0 2.612 -0.51 "" ""
4190.647 41.0 1.12 -1.06 "" ""
4190.659 24.0 2.542 -3.48 "" ""
4190.66 106.00112 1.704 -4.382 3.464 AX54P175
4190.67 26.0 2.996 -7.11 "" ""
4190.691 607.01214 0.955 -0.702 7.724 0102Pa0445
4190.693 607.01214 0.504 -2.937 7.724 0102Qc0015
4190.697 607.01214 0.504 -1.982 7.724 0102Pa0025
4190.697 607.01214 0.504 -2.238 7.724 0102Pb0015
4190.697 68.0 0.0 -0.71 "" ""
4190.703 27.0 0.0 -3.04 "" ""
4190.713 607.01214 1.176 -4.691 7.724 0001Qc0625
4190.717 20.0 6.0 -3.6 "" ""
4190.73 607.01214 2.636 -3.944 7.724 1011Qc0115
4190.733 23.0 2.262 -1.6 "" ""
4190.734 607.01214 2.636 -1.463 7.724 1011Pa0125
4190.735 21.0 2.144 -3.52 "" ""
4190.735 607.01314 2.779 -4.399 7.724 1011Qc0325
4190.739 106.00112 0.919 -4.925 3.464 BX10P225
4190.761 607.01214 0.955 -0.712 7.724 0102Pb0435
4190.765 607.01314 2.779 -1.043 7.724 1011Pa0335
4190.781 64.0 0.124 0.01 "" ""
4190.792 607.01214 1.176 -0.768 7.724 0001Pa0635
4190.8 106.00112 1.686 -6.69 3.464 AX21P285
4190.821 20.0 5.87 -2.14 "" ""
4190.824 607.01314 2.779 -1.053 7.724 1011Pb0325
4190.845 106.00112 1.456 -5.271 3.464 AX54P105
4190.861 106.00112 1.456 -7.81 3.464 CX14P105
4190.862 25.0 4.662 -1.71 "" ""
4190.872 607.01214 1.176 -0.776 7.724 0001Pb0625
4190.881 23.0 1.349 -5.92 "" ""
4190.883 41.0 0.13 -0.53 "" ""
4190.891 23.1 2.024 -2.11 "" ""
4190.902 22.1 5.564 -3.13 "" ""
4190.913 607.01214 2.636 -1.499 7.724 1011Pb0115
4190.939 66.0 0.874 0.13 "" ""
4190.941 72.0 1.788 -0.58 "" ""
4190.946 26.0 4.151 -3.68 "" ""
4191.031 58.1 2.575 0.7 "" ""
4191.034 607.01314 2.784 -1.666 7.724 1112Ra0095
4191.034 607.01314 2.784 -1.708 7.724 1112Rb0085
4191.046 607.01314 2.784 -3.98 7.724 1112Qd0095
4191.07 64.1 0.427 -0.48 LAWLER ""
4191.129 23.0 3.224 -2.46 "" ""
4191.185 24.0 3.836 -2.23 "" ""
4191.189 106.00113 1.749 -1.864 3.464 AX54Q185
4191.193 106.00113 1.749 -4.187 3.464 AX54R175
4191.225 106.00113 1.749 -4.356 3.464 AX54P185
4191.23 106.00113 1.749 -1.916 3.464 AX54Q175
4191.23 607.01214 0.935 -4.297 7.724 0102Qc0425
4191.232 607.01314 0.277 -1.499 7.724 0001Ra0115
4191.254 607.01314 0.277 -1.535 7.724 0001Rb0105
4191.266 607.01314 0.277 -3.971 7.724 0001Qd0115
4191.271 24.0 2.542 -1.59 "" ""
4191.283 607.01214 0.935 -0.712 7.724 0102Pa0435
4191.286 607.01214 0.506 -3.129 7.724 0102Qc0025
4191.29 607.01214 0.506 -1.827 7.724 0102Pa0035
4191.29 607.01214 0.506 -1.982 7.724 0102Pb0025
4191.304 607.01314 2.792 -4.416 7.724 1011Qc0335
4191.31 25.0 4.824 -1.24 "" ""
4191.33 607.01214 2.642 -1.431 7.724 1011Pa0135
4191.331 607.01214 2.642 -3.98 7.724 1011Qc0125
4191.335 607.01314 2.792 -1.034 7.724 1011Pa0345
4191.353 607.01214 0.935 -0.722 7.724 0102Pb0425
4191.355 607.01214 0.324 -1.338 7.724 0001Ra0175
4191.388 607.01214 0.324 -1.362 7.724 0001Rb0165
4191.393 607.01314 2.792 -1.043 7.724 1011Pb0335
4191.41 607.01214 0.324 -4.155 7.724 0001Qd0175
4191.41 62.1 0.104 -2.58 LAWLER ""
4191.43 26.0 2.467 -0.67 "" ""
4191.431 42.0 3.165 -1.6 "" ""
4191.445 22.0 1.872 -2.62 "" ""
4191.493 40.1 1.759 -1.07 Ljung06 ""
4191.497 607.01214 2.642 -1.463 7.724 1011Pb0125
4191.513 23.0 0.267 -1.99 LAWNOHFS ""
4191.565 607.01314 2.781 -1.708 7.724 1112Ra0085
4191.565 607.01314 2.781 -1.755 7.724 1112Rb0075
4191.566 23.0 1.929 -0.49 LAWNOHFS ""
4191.575 607.01314 2.781 -3.933 7.724 1112Qd0085
4191.595 106.00112 1.456 -5.303 3.464 AX54P105
4191.6 59.1 0.204 -0.38 LINOHFS ""
4191.61 23.0 2.294 -2.85 "" ""
4191.622 64.0 0.124 -0.47 "" ""
4191.644 66.0 0.512 0.41 "" ""
4191.647 26.0 4.257 -1.94 "" ""
4191.677 26.0 2.856 -1.42 "" ""
4191.694 25.0 4.662 -1.26 "" ""
4191.699 24.0 4.532 -3.57 "" ""
4191.719 106.00112 1.961 -7.16 3.464 CX25P165
4191.726 23.0 2.721 -6.85 "" ""
4191.75 24.0 2.543 -2.5 "" ""
4191.795 607.01214 0.916 -4.287 7.724 0102Qc0415
4191.814 106.00113 1.522 -7.789 3.464 CX14P125
4191.814 23.0 2.573 -0.85 "" ""
4191.814 40.0 1.481 -0.36 "" ""
4191.827 90.1 1.434 -1.19 "" ""
4191.829 106.00112 2.1 -7.445 3.464 CX14P235
4191.848 607.01214 0.916 -0.722 7.724 0102Pa0425
4191.85 607.01214 0.507 -3.26 7.724 0102Qc0035
4191.852 106.00112 0.988 -7.968 3.464 CX03P025
4191.857 607.01214 0.507 -1.714 7.724 0102Pa0045
4191.857 607.01214 0.507 -1.827 7.724 0102Pb0035
4191.877 607.01314 2.806 -4.433 7.724 1011Qc0345
4191.901 106.00113 0.892 -2.784 3.464 BX11R175
4191.909 607.01314 2.806 -1.025 7.724 1011Pa0355
4191.916 607.01214 0.916 -0.733 7.724 0102Pb0415
4191.917 106.00112 2.129 -8.164 3.464 CX03P275
4191.924 607.01214 2.647 -1.401 7.724 1011Pa0145
4191.926 607.01214 1.148 -4.684 7.724 0001Qc0615
4191.93 62.1 0.277 -1.04 LAWLER ""
4191.931 607.01214 2.647 -4.014 7.724 1011Qc0135
4191.933 92.0 0.0 -1.34 "" ""
4191.942 27.1 5.462 -4.97 "" ""
4191.956 20.0 4.677 -4.79 "" ""
4191.967 607.01314 2.806 -1.034 7.724 1011Pb0345
4191.97 106.00112 1.22 -1.26 3.464 AX11R235
4191.987 106.00112 1.294 -1.252 3.464 AX11R245
4191.996 106.00113 0.892 -7.435 3.464 BX11Q185
4192.004 607.01214 1.148 -0.776 7.724 0001Pa0625
4192.014 106.00112 1.22 -1.272 3.464 AX11R225
4192.016 106.00113 1.57 -6.153 3.464 AX32P235
4192.018 28.0 4.085 -2.69 "" ""
4192.064 41.0 0.086 -0.72 "" ""
4192.065 28.1 4.029 -3.06 "" ""
4192.072 106.00113 0.892 -2.983 3.464 BX11R185
4192.082 607.01214 2.647 -1.431 7.724 1011Pb0135
4192.083 607.01214 1.148 -0.783 7.724 0001Pb0615
4192.084 26.0 2.988 -4.49 "" ""
4192.086 40.0 1.581 -0.76 "" ""
4192.087 106.00112 1.22 -3.65 3.464 AX11Q235
4192.1 24.0 3.977 0.07 "" ""
4192.1 607.01314 2.777 -1.808 7.724 1112Rb0065
4192.1 607.01314 2.778 -1.755 7.724 1112Ra0075
4192.109 607.01314 2.778 -3.881 7.724 1112Qd0075
4192.11 106.00112 1.294 -3.633 3.464 AX11Q245
4192.117 106.00112 1.705 -4.185 3.464 AX54R165
4192.129 106.00112 1.705 -1.911 3.464 AX54Q175
4192.149 106.00112 0.952 -4.218 3.464 AX22R135
4192.159 106.00112 1.294 -1.262 3.464 AX11R235
4192.164 62.1 0.104 -1.81 "" ""
4192.172 106.00112 1.705 -1.965 3.464 AX54Q165
4192.181 106.00112 1.859 -7.24 3.464 AX10P335
4192.185 106.00112 1.705 -4.363 3.464 AX54P175
4192.202 607.01314 0.272 -1.535 7.724 0001Ra0105
4192.228 607.01314 0.272 -1.574 7.724 0001Rb0095
4192.236 607.01314 0.272 -3.933 7.724 0001Qd0105
4192.264 24.0 4.609 -4.14 "" ""
4192.281 106.00113 1.288 -1.251 3.464 AX11R245
4192.297 106.00113 1.214 -1.26 3.464 AX11R235
4192.299 27.0 2.716 -4.06 "" ""
4192.332 607.01214 0.896 -4.276 7.724 0102Qc0405
4192.334 21.0 2.144 -4.46 "" ""
4192.338 57.1 1.781 -0.18 "" ""
4192.352 106.00113 1.214 -1.272 3.464 AX11R225
4192.362 90.0 0.788 -1.25 "" ""
4192.383 607.01214 0.896 -0.733 7.724 0102Pa0415
4192.385 607.01214 0.51 -3.359 7.724 0102Qc0045
4192.394 607.01214 0.51 -1.625 7.724 0102Pa0055
4192.394 607.01214 0.51 -1.714 7.724 0102Pb0045
4192.399 106.00113 1.288 -3.633 3.464 AX11Q245
4192.41 106.00113 1.214 -3.65 3.464 AX11Q235
4192.424 78.0 1.67 -2.02 DH05nohfs ""
4192.438 106.00113 1.288 -1.262 3.464 AX11R235
4192.451 607.01214 0.896 -0.744 7.724 0102Pb0405
4192.454 607.01314 2.821 -4.449 7.724 1011Qc0355
4192.457 27.0 3.126 -2.72 "" ""
4192.515 607.01214 2.654 -1.373 7.724 1011Pa0155
4192.529 607.01214 2.654 -4.045 7.724 1011Qc0145
4192.546 607.01314 2.821 -1.025 7.724 1011Pb0355
4192.547 106.00113 0.948 -4.218 3.464 AX22R135
4192.548 607.01214 0.316 -1.362 7.724 0001Ra0165
4192.565 106.00112 0.642 -1.267 3.464 AX00R195
4192.567 22.0 2.238 -3.03 "" ""
4192.568 106.00112 0.642 -1.285 3.464 AX00R185
4192.579 607.01214 0.316 -1.388 7.724 0001Rb0155
4192.598 23.0 2.563 -2.15 "" ""
4192.6 607.01214 0.316 -4.131 7.724 0001Qd0165
4192.601 20.0 4.677 -2.95 "" ""
4192.639 607.01314 2.775 -1.808 7.724 1112Ra0065
4192.639 607.01314 2.775 -1.87 7.724 1112Rb0055
4192.647 607.01314 2.775 -3.821 7.724 1112Qd0065
4192.667 106.00112 0.642 -3.539 3.464 AX00Q195
4192.668 607.01214 2.654 -1.401 7.724 1011Pb0145
4192.754 58.1 0.674 -1.18 LAWLER ""
4192.813 42.0 3.3 -1.86 "" ""
4192.82 22.0 2.493 -7.17 "" ""
4192.84 607.01214 0.878 -4.266 7.724 0102Qc0395
4192.844 27.0 2.079 -2.75 LAWNHFS ""
4192.89 607.01214 0.878 -0.744 7.724 0102Pa0405
4192.89 62.1 0.188 -2.41 LAWLER ""
4192.891 607.01214 0.512 -3.44 7.724 0102Qc0055
4192.9 607.01214 0.512 -1.551 7.724 0102Pa0065
4192.906 607.01214 0.512 -1.625 7.724 0102Pb0055
4192.924 106.00112 1.718 -2.495 3.464 AX43P225
4192.937 24.0 3.886 -2.42 "" ""
4192.957 106.00112 1.718 -4.601 3.464 AX43Q215
4192.957 607.01214 0.878 -0.755 7.724 0102Pb0395
4193.016 90.0 1.005 -0.37 "" ""
4193.046 106.00112 1.718 -2.575 3.464 AX43P215
4193.065 58.1 0.739 -0.85 LAWLER ""
4193.076 25.1 5.811 -4.2 "" ""
4193.078 23.1 5.83 -4.15 "" ""
4193.097 73.0 1.357 -1.5 "" ""
4193.102 58.1 0.896 -0.21 BIEMONT ""
4193.102 607.01214 2.66 -1.347 7.724 1011Pa0165
4193.105 58.1 1.087 -0.13 BIEMONT ""
4193.11 607.01214 1.12 -4.677 7.724 0001Qc0605
4193.124 607.01214 2.66 -4.075 7.724 1011Qc0155
4193.139 106.00113 0.638 -1.267 3.464 AX00R195
4193.145 64.1 1.232 -0.86 "" ""
4193.15 607.01314 0.268 -1.574 7.724 0001Ra0095
4193.152 106.00113 0.638 -1.285 3.464 AX00R185
4193.165 607.01314 0.268 -1.618 7.724 0001Rb0085
4193.176 106.00112 0.952 -4.177 3.464 AX22R135
4193.178 607.01314 0.268 -3.892 7.724 0001Qd0095
4193.182 607.01314 2.772 -1.87 7.724 1112Ra0055
4193.182 607.01314 2.772 -1.942 7.724 1112Rb0045
4193.184 106.00112 1.579 -6.219 3.464 AX32P235
4193.187 607.01214 1.12 -0.784 7.724 0001Pa0615
4193.189 607.01314 2.772 -3.752 7.724 1112Qd0055
4193.244 106.00113 0.638 -3.538 3.464 AX00Q195
4193.257 607.01214 2.66 -1.373 7.724 1011Pb0155
4193.266 607.01214 1.12 -0.791 7.724 0001Pb0605
4193.283 58.1 1.057 0.04 LAWLER ""
4193.287 23.0 2.503 -7.35 "" ""
4193.32 607.01214 0.86 -4.255 7.724 0102Qc0385
4193.368 607.01214 0.516 -3.507 7.724 0102Qc0065
4193.369 607.01214 0.86 -0.755 7.724 0102Pa0395
4193.37 20.0 4.776 -4.74 "" ""
4193.375 22.0 2.248 -3.24 "" ""
4193.377 607.01214 0.516 -1.488 7.724 0102Pa0075
4193.386 27.0 3.71 -3.25 "" ""
4193.389 607.01214 0.516 -1.551 7.724 0102Pb0065
4193.434 607.01214 0.86 -0.767 7.724 0102Pb0385
4193.453 27.1 5.118 -6.72 "" ""
4193.495 106.00113 1.909 -7.557 3.464 CX14P205
4193.496 21.0045 1.986 -2.18 LAWHFS ""
4193.499 21.0045 1.986 -2.18 LAWHFS ""
4193.504 21.0045 1.986 -2.49 LAWHFS ""
4193.505 21.0045 1.986 -2.36 LAWHFS ""
4193.51 21.0045 1.986 -2.02 LAWHFS ""
4193.516 21.0045 1.986 -2.05 LAWHFS ""
4193.518 21.0045 1.986 -2.61 LAWHFS ""
4193.524 21.0045 1.986 -2.01 LAWHFS ""
4193.533 21.0045 1.986 -1.76 LAWHFS ""
4193.535 21.0045 1.986 -3.04 LAWHFS ""
4193.543 21.0045 1.986 -2.17 LAWHFS ""
4193.554 21.0045 1.986 -1.55 LAWHFS ""
4193.565 106.00113 0.949 -4.177 3.464 AX22R135
4193.605 26.0 2.431 -3.55 "" ""
4193.608 27.0 3.772 -4.24 "" ""
4193.662 24.0 3.847 0.23 "" ""
4193.683 607.01214 2.668 -1.323 7.724 1011Pa0175
4193.688 21.0 1.985 -3.23 "" ""
4193.697 25.0 4.662 -1.58 "" ""
4193.699 28.0 3.831 -1.54 "" ""
4193.712 607.01214 0.309 -1.388 7.724 0001Ra0155
4193.715 607.01214 2.668 -4.104 7.724 1011Qc0165
4193.727 25.0 2.918 -4.3 "" ""
4193.728 106.00113 1.562 -7.771 3.464 CX14P135
4193.729 607.01314 2.77 -1.942 7.724 1112Ra0045
4193.729 607.01314 2.77 -2.03 7.724 1112Rb0035
4193.735 607.01314 2.77 -3.671 7.724 1112Qd0045
4193.741 25.0 4.255 -2.74 "" ""
4193.742 607.01214 0.309 -1.415 7.724 0001Rb0145
4193.761 25.1 7.376 -9.04 "" ""
4193.761 607.01214 0.309 -4.105 7.724 0001Qd0155
4193.771 607.01214 0.842 -4.243 7.724 0102Qc0375
4193.798 20.0 5.817 -2.31 "" ""
4193.817 607.01214 0.519 -3.566 7.724 0102Qc0075
4193.819 607.01214 0.842 -0.767 7.724 0102Pa0385
4193.826 607.01214 0.519 -1.433 7.724 0102Pa0085
4193.838 23.1 3.755 -3.35 "" ""
4193.838 41.0 1.042 -1.32 "" ""
4193.839 607.01214 0.519 -1.488 7.724 0102Pb0075
4193.849 607.01214 2.668 -1.347 7.724 1011Pb0165
4193.854 106.00112 1.491 -7.802 3.464 CX14P115
4193.854 22.0 2.479 -6.49 "" ""
4193.871 58.1 0.553 -0.48 LAWLER ""
4193.882 607.01214 0.842 -0.778 7.724 0102Pb0375
4193.883 24.0 3.847 -1.94 "" ""
4193.898 22.0 3.102 -1.23 "" ""
4193.93 20.0 6.003 -4.02 "" ""
4193.949 23.0 2.553 -1.98 "" ""
4193.962 22.0 2.425 -2.72 "" ""
4194.003 106.00112 2.037 -7.482 3.464 CX14P225
4194.009 40.0 1.581 -0.76 "" ""
4194.066 607.01314 0.264 -1.618 7.724 0001Ra0085
4194.079 20.0 5.951 -3.96 "" ""
4194.086 607.01314 0.264 -1.666 7.724 0001Rb0075
4194.092 607.01314 0.264 -3.846 7.724 0001Qd0085
4194.151 26.0 3.684 -6.26 "" ""
4194.193 607.01214 0.825 -4.232 7.724 0102Qc0365
4194.195 23.0 2.255 -3.57 "" ""
4194.234 25.0 4.791 -2.77 "" ""
4194.237 607.01214 0.523 -3.617 7.724 0102Qc0085
4194.24 607.01214 0.825 -0.778 7.724 0102Pa0375
4194.245 607.01214 0.524 -1.384 7.724 0102Pa0095
4194.258 607.01214 2.675 -1.301 7.724 1011Pa0185
4194.263 607.01214 0.523 -1.433 7.724 0102Pb0085
4194.264 607.01214 1.092 -4.67 7.724 0001Qc0595
4194.28 607.01314 2.769 -2.03 7.724 1112Ra0035
4194.28 607.01314 2.769 -2.141 7.724 1112Rb0025
4194.284 607.01314 2.769 -3.571 7.724 1112Qd0035
4194.302 607.01214 0.825 -0.79 7.724 0102Pb0365
4194.302 607.01214 2.675 -4.13 7.724 1011Qc0175
4194.319 106.00112 1.568 -4.32 3.464 AX54Q135
4194.329 20.0 5.295 -3.01 "" ""
4194.34 607.01214 1.092 -0.791 7.724 0001Pa0605
4194.34 67.0 0.0 -0.62 "" ""
4194.342 106.00112 1.568 -2.635 3.464 AX54P135
4194.369 20.0 5.951 -3.19 "" ""
4194.381 26.0 3.265 -7.16 "" ""
