wavelength species excitation loggf disassociation_energy comment
3960.184 106.00112 1.043 -5.786 3.464 AX32P155
3960.184 21.0 1.427 -2.71 "" ""
3960.185 22.0 2.343 -6.65 "" ""
3960.191 106.00112 0.707 -6.878 3.464 BX10Q195
3960.192 25.0 4.602 -2.28 "" ""
3960.2 607.01314 2.886 -0.42 7.724 1212Pa0245
3960.269 106.00112 0.707 -1.841 3.464 BX10P205
3960.279 26.0 3.637 -1.16 "" ""
3960.289 23.0 1.847 -0.61 "" ""
3960.299 28.0 3.844 -1.55 "" ""
3960.308 24.0 3.09 -2.68 "" ""
3960.313 26.0 3.879 -3.86 "" ""
3960.333 90.1 1.642 -0.78 "" ""
3960.336 106.00112 0.27 -7.329 3.464 AX10P115
3960.364 21.0 2.301 -2.83 "" ""
3960.366 23.1 3.325 -2.85 "" ""
3960.369 58.1 0.739 -0.76 "" ""
3960.482 76.0 3.01 -0.18 "" ""
3960.506 106.00113 0.487 -8.326 3.464 AX21P085
3960.51 62.0 0.101 -2.23 "" ""
3960.514 607.01214 2.853 -0.741 7.724 1212Pb0115
3960.531 25.0 3.376 -6.58 "" ""
3960.538 106.00112 0.752 -4.662 3.464 AX32P065
3960.547 607.01214 2.853 -3.177 7.724 1212Qc0115
3960.559 106.00112 0.49 -8.354 3.464 AX21P085
3960.57 106.00113 1.039 -5.074 3.464 AX32R145
3960.593 106.00113 1.039 -3.143 3.464 AX32Q145
3960.602 106.00112 0.752 -5.589 3.464 AX32Q065
3960.604 106.00113 1.039 -3.049 3.464 AX32Q155
3960.627 106.00113 1.039 -5.786 3.464 AX32P155
3960.724 24.1 4.916 -5.22 "" ""
3960.739 607.01214 2.853 -0.704 7.724 1212Pa0125
3960.757 24.0 2.707 -1.68 "" ""
3960.836 106.00113 0.269 -7.329 3.464 AX10P115
3960.859 106.00112 0.752 -4.661 3.464 AX32P065
3960.865 106.00112 0.752 -4.595 3.464 AX32P075
3960.884 22.1 4.965 -2.54 "" ""
3960.899 26.1 7.264 -1.42 "" ""
3960.904 23.0 2.579 -5.19 "" ""
3960.909 58.1 0.322 -0.36 LAWLER ""
3960.922 106.00113 0.75 -4.662 3.464 AX32P065
3960.923 106.00112 0.752 -5.602 3.464 AX32Q065
3960.949 24.0 3.884 -4.34 "" ""
3960.967 106.00112 1.334 -8.987 3.464 CX03R155
3960.986 106.00113 0.75 -5.589 3.464 AX32Q065
3960.988 27.0059 2.628 -1.344 Lawle15HFS ""
3960.989 41.0 1.612 -0.89 "" ""
3960.991 27.0059 2.628 -1.811 Lawle15HFS ""
3961.002 27.0059 2.628 -1.665 Lawle15HFS ""
3961.002 27.0059 2.628 -1.665 Lawle15HFS ""
3961.008 76.0 1.84 -0.92 "" ""
3961.01 27.0059 2.628 -1.686 Lawle15HFS ""
3961.012 24.0 4.446 -0.47 "" ""
3961.013 27.0059 2.628 -2.142 Lawle15HFS ""
3961.026 106.00113 0.488 -8.354 3.464 AX21P085
3961.033 75.0 1.713 -1.63 "" ""
3961.139 26.0 2.856 -1.79 "" ""
3961.139 28.0 3.594 -4.2 "" ""
3961.151 106.00112 0.752 -4.595 3.464 AX32P075
3961.19 106.00113 1.648 -5.085 3.464 AX43R215
3961.206 68.0 1.158 0.35 "" ""
3961.225 607.01214 2.858 -0.704 7.724 1212Pb0125
3961.232 106.00112 1.595 -5.172 3.464 AX43R205
3961.242 106.00113 0.75 -4.661 3.464 AX32P065
3961.248 106.00113 0.75 -4.594 3.464 AX32P075
3961.256 22.0 1.738 -5.34 "" ""
3961.257 24.0 3.008 -4.68 "" ""
3961.259 20.0 2.707 -8.08 "" ""
3961.263 607.01214 2.858 -3.212 7.724 1212Qc0125
3961.276 59.1 1.038 -0.59 "" ""
3961.301 106.00112 1.656 -5.707 3.464 CX03R215
3961.303 106.00113 0.75 -5.602 3.464 AX32Q065
3961.355 607.01314 2.896 -3.501 7.724 1212Qc0245
3961.364 27.0 3.213 -4.8 "" ""
3961.383 607.01314 2.896 -0.402 7.724 1212Pa0255
3961.393 26.0 3.069 -5.02 "" ""
3961.4 24.0 3.885 -3.31 "" ""
3961.403 6.0 7.679 -2.14 "" ""
3961.417 106.00112 1.656 -9.495 3.464 CX03Q215
3961.441 106.00112 1.656 -5.791 3.464 CX03R205
3961.46 607.01214 2.858 -0.671 7.724 1212Pa0135
3961.472 27.0 2.875 -2.52 "" ""
3961.478 21.0 1.432 -2.5 "" ""
3961.507 42.1 3.14 -1.0 "" ""
3961.512 20.0 2.707 -5.54 "" ""
3961.52 13.0 0.014 -0.32 "" ""
3961.53 106.00113 0.75 -4.595 3.464 AX32P075
3961.54 66.1 1.46 -0.66 LAWLER ""
3961.563 106.00113 0.227 -1.416 3.464 BX00P105
3961.603 106.00113 0.227 -8.051 3.464 BX00Q105
3961.648 58.1 0.521 -1.39 LAWLER ""
3961.709 27.1 3.116 -4.15 "" ""
3961.723 106.00113 1.522 -8.015 3.464 CX14R135
3961.757 26.0 4.188 -3.34 "" ""
3961.779 106.00113 0.227 -1.393 3.464 BX00P115
3961.779 106.00113 1.438 -2.717 3.464 AX21Q265
3961.785 27.0 4.143 -2.27 "" ""
3961.796 24.0 3.665 -2.6 "" ""
3961.81 62.1 0.543 -1.29 LAWLER ""
3961.821 106.00113 1.438 -5.153 3.464 AX21R255
3961.821 22.1 4.965 -4.47 "" ""
3961.841 25.1 5.832 -6.64 "" ""
3961.861 26.0 2.988 -6.97 "" ""
3961.901 26.0 4.28 -3.32 "" ""
3961.906 26.0 3.544 -2.06 "" ""
3961.925 106.00113 1.438 -6.054 3.464 AX21P265
3961.958 607.01214 2.864 -0.671 7.724 1212Pb0135
3961.967 106.00113 1.438 -2.827 3.464 AX21Q255
3961.974 16.0 6.52 -2.11 "" ""
3961.984 42.0 3.263 -1.51 "" ""
3961.999 607.01214 2.864 -3.244 7.724 1212Qc0135
3962.014 27.0 3.213 -3.36 "" ""
3962.056 58.1 0.674 -0.45 BIEMONT ""
3962.078 58.1 0.969 -0.36 "" ""
3962.081 106.00113 0.77 -1.634 3.464 BX10R205
3962.101 42.0 3.901 -0.69 "" ""
3962.106 64.1 0.556 -1.56 "" ""
3962.119 28.0 3.844 -0.5 "" ""
3962.125 21.1 7.477 -2.93 "" ""
3962.128 24.0 4.096 -3.4 "" ""
3962.132 62.0 0.185 -0.9 "" ""
3962.142 28.0 3.655 -0.69 "" ""
3962.149 106.00113 0.77 -6.908 3.464 BX10Q215
3962.173 106.00112 0.229 -1.416 3.464 BX00P105
3962.184 24.0 2.708 -2.44 "" ""
3962.2 60.1 0.32 -0.57 LAWLER ""
3962.203 607.01214 2.864 -0.64 7.724 1212Pa0145
3962.214 106.00113 0.77 -1.315 3.464 BX10R215
3962.215 106.00112 0.229 -8.051 3.464 BX00Q105
3962.216 25.0 4.751 -2.91 "" ""
3962.25 62.1 0.434 -1.56 LAWLER ""
3962.32 26.0 3.045 -4.86 "" ""
3962.322 25.0 4.357 -1.82 "" ""
3962.326 74.0 2.107 -0.64 "" ""
3962.335 24.0 3.977 -3.8 "" ""
3962.352 26.0 3.263 -1.73 "" ""
3962.369 106.00112 0.734 -6.523 3.464 AX21Q145
3962.373 106.00113 0.463 -1.101 3.464 BX00Q155
3962.389 106.00112 0.229 -1.393 3.464 BX00P115
3962.399 106.00113 0.463 -4.47 3.464 BX00P165
3962.404 106.00112 0.734 -6.3 3.464 AX21P145
3962.419 90.0 0.457 -1.19 "" ""
3962.42 26.0 3.239 -3.81 "" ""
3962.431 106.00113 0.463 -4.491 3.464 BX00R155
3962.44 106.00112 0.774 -7.796 3.464 AX10Q205
3962.45 59.1 0.216 -0.47 "" ""
3962.458 106.00113 0.463 -1.096 3.464 BX00Q165
3962.478 16.0 6.52 -2.28 "" ""
3962.482 75.0 2.023 -0.38 "" ""
3962.484 106.00112 0.734 -6.872 3.464 AX21P155
3962.516 106.00112 0.774 -4.605 3.464 AX10P215
3962.523 106.00112 0.774 -4.55 3.464 AX10P205
3962.534 27.0 3.62 -5.29 "" ""
3962.587 66.0 1.238 0.65 "" ""
3962.62 106.00112 1.65 -2.196 3.464 AX32R255
3962.644 26.0 3.639 -2.43 "" ""
3962.663 106.00113 0.125 -3.925 3.464 BX00P075
3962.701 607.01314 2.906 -3.518 7.724 1212Qc0255
3962.721 607.01214 2.87 -0.64 7.724 1212Pb0145
3962.73 607.01314 2.906 -0.385 7.724 1212Pa0265
3962.732 26.0 4.257 -2.23 "" ""
3962.736 106.00112 1.65 -4.806 3.464 AX32Q255
3962.741 106.00113 0.731 -6.523 3.464 AX21Q145
3962.756 607.01214 2.87 -3.274 7.724 1212Qc0145
3962.771 25.0 4.723 -2.29 "" ""
3962.779 24.0 4.385 -1.77 "" ""
3962.782 77.0 1.514 -2.1 "" ""
3962.783 106.00113 0.731 -6.3 3.464 AX21P145
3962.784 106.00112 1.65 -2.273 3.464 AX32R245
3962.817 24.0 4.452 -0.43 "" ""
3962.823 106.00113 0.77 -7.796 3.464 AX10Q205
3962.827 26.0 3.981 -4.54 "" ""
3962.83 24.0 3.886 -3.66 "" ""
3962.851 22.0 0.0 -1.1 LAWLER ""
3962.853 106.00113 0.731 -6.872 3.464 AX21P155
3962.869 26.0 3.263 -3.39 "" ""
3962.87 16.0 6.52 -2.5 "" ""
3962.891 106.00113 0.77 -4.605 3.464 AX10P215
3962.904 106.00113 0.77 -4.55 3.464 AX10P205
3962.949 106.00112 1.445 -2.717 3.464 AX21Q265
3962.971 607.01214 2.87 -0.611 7.724 1212Pa0155
3962.98 62.1 0.434 -1.05 LAWLER ""
3963.004 106.00112 1.445 -5.153 3.464 AX21R255
3963.018 62.1 0.04 -0.81 "" ""
3963.029 106.00112 1.445 -6.054 3.464 AX21P265
3963.084 106.00112 1.445 -2.827 3.464 AX21Q255
3963.1 60.1 0.471 0.23 LAWLER ""
3963.101 26.0 3.281 -0.68 DEN14 ""
3963.103 106.00112 1.597 -5.114 3.464 AX43R205
3963.114 106.00112 0.774 -1.547 3.464 BX00R205
3963.129 106.00112 0.466 -1.101 3.464 BX00Q155
3963.141 106.00112 0.466 -4.47 3.464 BX00P165
3963.165 66.0 1.753 0.64 "" ""
3963.167 24.0 3.645 -1.93 "" ""
3963.175 106.00112 0.466 -4.491 3.464 BX00R155
3963.186 106.00112 0.774 -6.715 3.464 BX00Q215
3963.198 21.0 1.849 -3.36 "" ""
3963.209 106.00112 0.466 -1.096 3.464 BX00Q165
3963.22 90.1 1.902 -0.67 "" ""
3963.223 62.0 0.185 -2.08 "" ""
3963.253 106.00112 0.774 -1.603 3.464 BX00R215
3963.267 75.0 2.059 -1.11 "" ""
3963.268 106.00112 0.126 -3.925 3.464 BX00P075
3963.3 24.0 3.847 -4.34 "" ""
3963.352 22.0 1.045 -2.56 LAWLER ""
3963.354 106.00112 1.647 -7.544 3.464 AX42P245
3963.361 68.1 0.846 -0.98 "" ""
3963.362 25.0 5.108 -3.47 "" ""
3963.365 58.1 0.608 -1.09 LAWLER ""
3963.368 24.0 3.077 -2.83 "" ""
3963.43 26.0 3.271 -2.21 "" ""
3963.434 25.0 4.191 -1.36 "" ""
3963.468 90.1 1.286 -1.53 "" ""
3963.486 22.0 2.101 -1.59 "" ""
3963.522 42.0 3.3 -0.98 "" ""
3963.53 25.0 4.191 -2.4 "" ""
3963.535 607.01214 2.877 -3.301 7.724 1212Qc0155
3963.539 607.01214 2.877 -0.611 7.724 1212Pb0155
3963.604 63.0 1.976 -0.06 "" ""
3963.608 23.0 2.785 0.12 LAWNOHFS ""
3963.619 76.0 0.516 -1.61 Quinet06 ""
3963.645 64.1 1.405 -0.12 "" ""
3963.679 106.00112 0.735 -6.548 3.464 AX21Q145
3963.684 24.0 2.542 0.62 SOBECK ""
3963.714 106.00112 0.735 -6.3 3.464 AX21P145
3963.721 106.00112 0.735 -6.872 3.464 AX21P155
3963.725 23.0 2.682 -4.47 "" ""
3963.741 106.00112 1.091 -5.019 3.464 AX32R155
3963.77 21.0 4.494 -3.32 "" ""
3963.772 607.01214 2.877 -0.584 7.724 1212Pa0165
3963.786 40.0 2.022 0.07 "" ""
3963.79 106.00112 1.091 -3.05 3.464 AX32Q155
3963.792 106.00113 0.976 -4.97 3.464 AX43R025
3963.806 66.1 1.652 -0.41 "" ""
3963.814 106.00113 0.976 -4.96 3.464 AX43R025
3963.843 106.00112 1.091 -2.958 3.464 AX32Q165
3963.888 25.0 4.662 -3.34 "" ""
3963.892 106.00112 1.091 -5.754 3.464 AX32P165
3963.91 60.1 0.63 -0.37 LAWLER ""
3963.962 27.0 3.629 -2.94 "" ""
3963.98 24.0 3.665 -2.07 "" ""
3963.981 42.0 3.3 -0.84 "" ""
3963.991 26.0 3.015 -6.09 "" ""
3964.005 24.0 3.011 -2.2 "" ""
3964.031 26.0 4.28 -3.94 "" ""
3964.036 106.00113 0.732 -6.548 3.464 AX21Q145
3964.073 106.00113 0.732 -6.299 3.464 AX21P145
3964.079 106.00113 0.732 -6.872 3.464 AX21P155
3964.08 62.1 0.04 -2.26 LAWLER ""
3964.103 74.1 2.75 -1.56 "" ""
3964.165 29.0 5.684 -1.7 "" ""
3964.169 28.0 3.652 -1.01 "" ""
3964.17 60.1 0.38 -1.13 LAWLER ""
3964.182 58.1 1.58 0.25 "" ""
3964.183 22.0 1.979 -4.16 "" ""
3964.207 92.0 0.774 0.32 "" ""
3964.254 607.01314 2.917 -3.534 7.724 1212Qc0265
3964.26 59.1 0.216 -0.23 LINOHFS ""
3964.26 607.01214 2.884 -0.584 7.724 1212Pb0165
3964.269 22.0 0.021 -1.11 LAWLER ""
3964.284 607.01314 2.917 -0.369 7.724 1212Pa0275
3964.288 106.00113 1.087 -5.019 3.464 AX32R155
3964.327 24.1 2.704 -4.67 "" ""
3964.328 24.0 4.385 -3.69 "" ""
3964.337 607.01214 2.884 -3.328 7.724 1212Qc0165
3964.345 24.0 2.985 -4.02 "" ""
3964.366 106.00113 1.087 -3.049 3.464 AX32Q155
3964.385 106.00113 1.087 -2.957 3.464 AX32Q165
3964.388 24.1 4.981 -5.8 "" ""
3964.429 21.0 2.562 -3.69 "" ""
3964.464 106.00113 1.087 -5.754 3.464 AX32P165
3964.478 27.0 3.71 -1.63 "" ""
3964.481 24.0 2.542 -5.03 "" ""
3964.487 23.0 2.123 -1.05 "" ""
3964.496 58.1 0.322 -0.65 LAWLER ""
3964.505 68.0 0.624 -0.45 "" ""
3964.512 607.01214 2.884 -0.558 7.724 1212Pa0175
3964.515 26.0 2.843 -1.55 "" ""
3964.577 24.1 2.704 -4.96 "" ""
3964.579 26.1 2.776 -3.93 "" ""
3964.628 23.0 1.847 -4.57 "" ""
3964.643 24.0 3.011 -2.6 "" ""
3964.66 41.0 1.169 -1.33 "" ""
3964.664 92.1 0.888 -0.62 "" ""
3964.731 59.1141 0.055 -0.972 LI/LAW ""
3964.738 24.0 4.443 -1.0 "" ""
3964.751 59.1141 0.055 -0.89 LI/LAW ""
3964.766 59.1141 0.055 -1.881 LI/LAW ""
3964.777 59.1141 0.055 -0.806 LI/LAW ""
3964.796 59.1141 0.055 -1.686 LI/LAW ""
3964.802 106.00112 0.776 -4.605 3.464 AX10P215
3964.803 24.0 3.102 -2.94 "" ""
3964.809 75.0 2.968 -0.57 "" ""
3964.81 59.1141 0.055 -0.723 LI/LAW ""
3964.811 59.1141 0.055 -3.296 LI/LAW ""
3964.827 106.00112 0.776 -7.83 3.464 AX10Q205
3964.832 59.1141 0.055 -1.634 LI/LAW ""
3964.834 44.0 0.0 -1.9 "" ""
3964.849 59.1141 0.055 -0.644 LI/LAW ""
3964.851 59.1141 0.055 -3.128 LI/LAW ""
3964.855 25.1 6.653 -4.1 "" ""
3964.865 90.1 1.286 -1.28 "" ""
3964.875 106.00112 0.979 -4.97 3.464 AX43R025
3964.875 59.1141 0.055 -1.679 LI/LAW ""
3964.895 59.1141 0.055 -0.568 LI/LAW ""
3964.896 106.00112 0.979 -4.96 3.464 AX43R025
3964.897 59.1141 0.055 -3.2 LI/LAW ""
3964.897 63.1 1.278 -1.41 "" ""
3964.908 23.0 2.314 -2.82 "" ""
3964.911 106.00112 0.776 -4.551 3.464 AX10P205
3964.913 24.0 2.706 -5.72 "" ""
3964.924 59.1141 0.055 -1.874 LI/LAW ""
3964.939 106.00112 1.528 -8.015 3.464 CX14R135
3964.941 72.1 2.209 -0.44 "" ""
3964.95 59.1141 0.055 -3.518 LI/LAW ""
3964.956 76.0 0.34 -2.7 "" ""
3964.961 92.1 0.0 -1.68 "" ""
3964.972 22.0 2.015 -4.14 "" ""
3964.975 23.0 2.121 -7.5 "" ""
3964.995 74.0 0.771 -2.33 "" ""
3964.996 27.0 1.048 -3.13 "" ""
3965.028 24.0 2.542 -4.75 "" ""
3965.054 64.0 0.896 -0.29 "" ""
3965.076 607.01214 2.891 -0.558 7.724 1212Pb0175
3965.09 106.00113 1.641 -2.272 3.464 AX32R245
3965.114 106.00113 1.641 -2.194 3.464 AX32R255
3965.129 106.00113 1.641 -4.844 3.464 AX32Q255
3965.141 74.0 2.785 0.32 "" ""
3965.151 106.00112 1.092 -5.039 3.464 AX32R155
3965.156 106.00113 0.772 -4.605 3.464 AX10P215
3965.165 607.01214 2.891 -3.352 7.724 1212Qc0175
3965.176 59.1141 0.204 -0.808 LI/LAW ""
3965.178 106.00112 1.092 -2.958 3.464 AX32Q165
3965.186 106.00113 0.772 -7.83 3.464 AX10Q205
3965.193 12.0 4.343 -3.41 "" ""
3965.197 59.1141 0.204 -0.74 LI/LAW ""
3965.199 106.00112 1.092 -3.05 3.464 AX32Q155
3965.214 59.1141 0.204 -1.899 LI/LAW ""
3965.215 6.0 7.94 -3.04 "" ""
3965.224 59.1141 0.204 -0.671 LI/LAW ""
3965.226 106.00112 1.092 -5.737 3.464 AX32P165
3965.233 27.0 0.922 -3.25 LAWNHFS ""
3965.244 59.1141 0.204 -1.701 LI/LAW ""
3965.256 59.1141 0.204 -0.603 LI/LAW ""
3965.262 59.1141 0.204 -3.473 LI/LAW ""
3965.263 26.0 4.217 -2.13 "" ""
3965.267 106.00113 0.772 -4.551 3.464 AX10P205
3965.279 59.1141 0.204 -1.65 LI/LAW ""
3965.287 27.0 3.684 -2.17 "" ""
3965.287 42.0 3.209 -1.96 "" ""
3965.293 59.1141 0.204 -0.537 LI/LAW ""
3965.3 59.1141 0.204 -3.29 LI/LAW ""
3965.32 59.1141 0.204 -1.697 LI/LAW ""
3965.326 607.01214 2.891 -0.534 7.724 1212Pa0185
3965.336 59.1141 0.204 -0.472 LI/LAW ""
3965.343 59.1141 0.204 -3.352 LI/LAW ""
3965.349 22.1 5.419 -3.84 "" ""
3965.349 26.0 4.281 -3.81 "" ""
3965.366 59.1141 0.204 -1.895 LI/LAW ""
3965.382 23.0 1.871 -2.98 "" ""
3965.389 106.00112 0.71 -6.825 3.464 AX32P045
3965.393 59.1141 0.204 -3.661 LI/LAW ""
3965.395 26.0 4.175 -2.58 "" ""
3965.432 30.0 5.791 -2.47 "" ""
3965.46 26.0 3.632 -2.78 "" ""
3965.507 22.0 1.967 -5.59 "" ""
3965.509 26.0 3.239 -1.55 DEN14 ""
3965.515 27.0 3.62 -2.01 "" ""
3965.565 106.00112 0.71 -6.84 3.464 AX32P045
3965.575 23.0 1.954 -4.22 "" ""
3965.583 26.0 4.253 -2.22 "" ""
3965.674 23.0 1.847 -1.98 LAWNOHFS ""
3965.678 42.0 2.834 -1.77 "" ""
3965.684 41.0 0.739 -0.89 "" ""
3965.693 21.1 7.49 -0.98 "" ""
3965.702 106.00113 1.088 -5.039 3.464 AX32R155
3965.72 26.0 3.879 -1.77 "" ""
3965.721 106.00113 1.088 -2.958 3.464 AX32Q165
3965.728 106.00113 1.088 -3.049 3.464 AX32Q155
3965.736 27.0 2.716 -3.01 "" ""
3965.748 106.00113 1.088 -5.737 3.464 AX32P165
3965.753 42.0 2.062 -1.99 "" ""
3965.769 106.00113 0.708 -6.825 3.464 AX32P045
3965.831 26.0 2.422 -3.55 "" ""
3965.849 6.0 7.94 -3.95 "" ""
3965.916 26.0 4.206 -0.63 "" ""
3965.918 607.01214 2.899 -0.534 7.724 1212Pb0185
3965.921 24.0 4.444 -0.6 "" ""
3965.934 24.0 2.706 -7.82 "" ""
3965.94 65.1 1.149 -0.31 LAWNOHFS ""
3965.944 106.00113 0.708 -6.84 3.464 AX32P045
3965.966 26.1 7.392 -4.38 "" ""
3965.976 27.0 3.626 -1.59 "" ""
3966.02 607.01214 2.899 -3.376 7.724 1212Qc0185
3966.032 22.0 0.818 -4.02 "" ""
3966.05 62.1 0.248 -0.9 LAWLER ""
3966.052 27.0 4.146 -0.54 "" ""
3966.062 26.0 1.607 -1.66 OBR91 ""
3966.069 607.01314 2.928 -3.549 7.724 1212Qc0275
3966.081 24.0 2.706 -7.27 "" ""
3966.087 41.0 1.504 0.43 "" ""
3966.1 607.01314 2.928 -0.354 7.724 1212Pa0285
3966.104 77.0 1.605 -1.84 "" ""
3966.109 26.0 4.257 -4.25 "" ""
3966.121 22.0 2.316 -6.16 "" ""
3966.128 26.1 4.476 -3.27 "" ""
3966.162 607.01214 2.899 -0.511 7.724 1212Pa0195
3966.187 24.0 0.0 -7.05 "" ""
3966.229 42.0 2.521 -1.78 "" ""
3966.232 106.00112 1.65 -7.611 3.464 AX42P245
3966.25 106.00112 0.778 -4.574 3.464 AX32P075
3966.276 64.0 0.213 -0.27 "" ""
3966.295 106.00112 0.778 -5.594 3.464 AX32Q075
3966.33 62.1 0.543 -1.45 LAWLER ""
3966.351 66.0 1.488 0.37 "" ""
3966.352 68.0 1.332 0.76 "" ""
3966.356 26.1 7.268 -2.93 "" ""
3966.356 78.0 1.25 -1.64 DH05nohfs ""
3966.374 24.0 3.085 -2.99 "" ""
3966.423 27.0 2.079 -3.19 "" ""
3966.426 26.1 1.723 -5.53 "" ""
3966.488 26.0 4.253 -2.29 "" ""
3966.49 59.1141 0.371 -1.084 LI/LAW ""
3966.499 26.0 3.289 -0.81 "" ""
3966.5 26.0 3.289 -0.97 DEN14 ""
3966.514 59.1141 0.371 -1.026 LI/LAW ""
3966.525 106.00112 0.778 -4.512 3.464 AX32P085
3966.532 59.1141 0.371 -2.323 LI/LAW ""
3966.541 59.1141 0.371 -0.968 LI/LAW ""
3966.543 26.0 3.544 -1.64 "" ""
3966.546 28.0 3.838 -3.51 "" ""
3966.549 92.1 1.044 -0.07 "" ""
3966.553 26.0 3.298 -3.73 "" ""
3966.563 59.1141 0.371 -2.124 LI/LAW ""
3966.574 59.1141 0.371 -0.909 LI/LAW ""
3966.581 59.1141 0.371 -4.03 LI/LAW ""
3966.591 106.00113 0.775 -4.574 3.464 AX32P075
3966.598 59.1141 0.371 -2.073 LI/LAW ""
3966.611 59.1141 0.371 -0.852 LI/LAW ""
3966.614 26.0 2.756 -0.9 "" ""
3966.619 59.1141 0.371 -3.838 LI/LAW ""
3966.628 26.0 3.209 -0.36 "" ""
3966.638 106.00113 0.775 -5.594 3.464 AX32Q075
3966.638 59.1141 0.371 -2.121 LI/LAW ""
3966.653 40.0 0.154 -0.98 "" ""
3966.653 59.1141 0.371 -0.796 LI/LAW ""
3966.66 106.00112 0.778 -4.574 3.464 AX32P075
3966.662 59.1141 0.371 -3.892 LI/LAW ""
3966.672 26.0 4.151 -4.34 "" ""
3966.683 59.1141 0.371 -2.32 LI/LAW ""
3966.706 106.00112 0.778 -5.609 3.464 AX32Q075
3966.709 59.1141 0.371 -4.196 LI/LAW ""
3966.751 24.0 2.887 -5.79 "" ""
3966.787 607.01214 2.908 -0.511 7.724 1212Pb0195
3966.807 21.0 1.849 -4.94 "" ""
3966.811 26.0 3.298 -1.95 "" ""
3966.827 106.00113 1.513 -5.064 3.464 AX21R265
3966.849 24.0 2.542 -5.92 "" ""
3966.858 106.00113 1.513 -2.608 3.464 AX21Q275
3966.86 64.1 0.425 -1.86 LAWLER ""
3966.866 106.00113 0.775 -4.512 3.464 AX32P085
3966.895 106.00112 0.778 -4.512 3.464 AX32P085
3966.903 607.01214 2.908 -3.398 7.724 1212Qc0195
3966.946 26.0 3.6 -4.64 "" ""
3966.947 106.00113 1.513 -2.718 3.464 AX21Q265
3966.97 106.00112 1.793 -7.295 3.464 CX25R135
3966.978 24.0 3.842 -2.83 "" ""
3966.979 106.00113 1.513 -5.944 3.464 AX21P275
3967.0 106.00113 0.775 -4.574 3.464 AX32P075
3967.024 607.01214 2.908 -0.49 7.724 1212Pa0205
3967.04 24.0 2.707 -4.69 "" ""
3967.042 106.00113 0.775 -5.609 3.464 AX32Q075
3967.042 58.1 0.326 -0.35 LAWLER ""
3967.045 27.0 2.135 -5.85 "" ""
3967.05 27.1 5.204 -5.49 "" ""
3967.055 60.1 0.182 -1.19 "" ""
3967.128 26.0 3.263 -4.25 "" ""
3967.142 24.0 3.008 -3.38 "" ""
3967.169 63.0 1.743 -0.12 "" ""
3967.173 58.1 0.674 -0.58 LAWLER ""
3967.186 24.0 2.707 -4.0 "" ""
3967.193 24.0 3.963 -3.54 "" ""
3967.22 65.1 0.373 -1.0 LAWNOHFS ""
3967.23 106.00113 0.776 -4.512 3.464 AX32P085
3967.248 23.1 6.334 -3.64 "" ""
3967.366 23.0 2.136 -3.71 "" ""
3967.388 28.0 0.275 -6.36 "" ""
3967.392 90.0 0.615 -0.18 "" ""
3967.396 75.0 2.745 -0.37 "" ""
3967.421 26.0 3.299 -0.41 "" ""
3967.431 58.1 0.904 -1.62 LAWLER ""
3967.463 92.0 0.077 -0.83 "" ""
3967.506 26.0 3.571 -2.46 "" ""
3967.508 66.0 0.937 0.29 "" ""
3967.533 58.1 1.205 -0.26 "" ""
3967.546 24.1 4.771 -3.4 "" ""
3967.636 106.00113 1.643 -2.195 3.464 AX32R255
3967.653 26.0 4.183 -3.52 "" ""
3967.67 62.1 0.659 -0.72 LAWLER ""
3967.672 39.1 4.13 0.2 "" ""
3967.685 607.01214 2.916 -0.49 7.724 1212Pb0205
3967.714 60.1 0.32 -0.96 "" ""
3967.759 106.00113 1.707 -5.117 3.464 AX43R225
3967.767 26.0 4.217 -2.27 "" ""
3967.812 106.00113 1.707 -5.843 3.464 AX53Q215
3967.817 607.01214 2.916 -3.419 7.724 1212Qc0205
3967.828 21.0 4.602 -2.8 "" ""
3967.859 106.00113 1.707 -4.249 3.464 AX53P225
3967.861 106.00113 1.707 -4.744 3.464 AX53P215
3967.866 106.00113 1.643 -4.805 3.464 AX32Q255
3967.912 607.01214 2.916 -0.469 7.724 1212Pa0215
3967.943 22.0 1.872 -4.27 "" ""
3967.948 106.00113 1.643 -2.272 3.464 AX32R245
3967.961 26.0 3.239 -0.87 "" ""
3967.966 23.0 2.33 -3.71 "" ""
3968.001 25.1 5.433 -2.85 "" ""
3968.001 72.0 0.0 -1.55 "" ""
3968.083 26.0 4.253 -3.51 "" ""
3968.088 23.1 1.399 -1.29 LAWNOHFS ""
3968.109 26.0 3.571 -3.83 "" ""
3968.112 106.00112 1.538 -8.346 3.464 AX53P185
3968.139 26.0 3.881 -1.53 "" ""
3968.154 23.0 2.294 -6.13 "" ""
3968.21 607.01314 2.939 -3.564 7.724 1212Qc0285
3968.242 607.01314 2.94 -0.338 7.724 1212Pa0295
3968.253 40.0 0.154 -0.67 "" ""
3968.26 64.1 0.144 -1.64 LAWLER ""
3968.369 25.0 5.392 -4.17 "" ""
3968.374 26.0 2.557 -4.0 "" ""
3968.39 66.1 0.0 0.24 LAWLER ""
3968.461 71.0 0.0 -1.27 "" ""
3968.462 26.0 4.253 -4.11 "" ""
3968.47 20.1 0.0 -0.19 Saf11-DH21 ""
3968.513 24.1 4.984 -3.62 "" ""
3968.521 21.1 7.483 -2.81 "" ""
3968.552 106.00112 0.844 -7.471 3.464 AX10Q215
3968.569 26.0 3.239 -5.55 "" ""
3968.58 27.0 0.174 -4.71 "" ""
3968.584 74.0 2.386 -0.18 "" ""
3968.591 27.0 2.079 -2.5 "" ""
3968.602 106.00112 0.314 -7.311 3.464 AX10P125
3968.616 607.01214 2.925 -0.469 7.724 1212Pb0215
3968.619 24.0 2.708 -3.56 "" ""
3968.623 106.00112 0.844 -4.681 3.464 AX10P225
3968.623 23.1 6.291 -3.94 "" ""
3968.629 23.0 2.113 -4.25 "" ""
3968.636 24.0 3.009 -3.4 "" ""
3968.641 106.00112 0.844 -4.603 3.464 AX10P215
3968.645 106.00112 1.52 -5.064 3.464 AX21R265
3968.664 42.1 3.111 -1.18 "" ""
3968.7 106.00112 1.521 -2.608 3.464 AX21Q275
3968.725 106.00112 1.52 -2.717 3.464 AX21Q265
3968.747 42.0 2.678 -0.98 "" ""
3968.765 607.01214 2.925 -3.439 7.724 1212Qc0215
3968.771 106.00112 1.807 -4.743 3.464 CX14R195
3968.778 24.0 4.443 -2.69 "" ""
3968.78 106.00112 1.521 -5.944 3.464 AX21P275
3968.782 106.00112 0.785 -6.419 3.464 AX21Q155
3968.825 106.00112 0.785 -6.869 3.464 AX21P155
3968.829 607.01214 2.925 -0.449 7.724 1212Pa0225
3968.87 60.1 0.559 -0.54 LAWLER ""
3968.876 106.00113 0.839 -7.471 3.464 AX10Q215
3968.878 106.00112 1.807 -8.449 3.464 CX14Q195
3968.887 106.00112 1.807 -4.835 3.464 CX14R185
3968.888 106.00112 0.786 -8.195 3.464 AX21P165
3968.923 20.0 4.128 -3.46 "" ""
3968.939 106.00113 0.839 -4.681 3.464 AX10P225
3968.963 106.00113 0.839 -4.603 3.464 AX10P215
3968.999 64.0 0.027 -0.45 "" ""
3969.003 90.1 0.0 -1.83 Nils02/11 ""
3969.021 92.1 1.041 -0.77 "" ""
3969.057 106.00113 0.312 -7.311 3.464 AX10P125
3969.057 24.0 2.542 -0.67 SOBECK ""
3969.077 23.0 1.891 -3.37 "" ""
3969.081 26.0 4.14 -1.7 "" ""
3969.102 106.00113 0.782 -6.419 3.464 AX21Q155
3969.116 27.0 2.54 -0.54 LAWNHFS ""
3969.126 24.0 4.204 -0.69 "" ""
3969.15 106.00113 1.077 -3.089 3.464 AX43R075
3969.153 106.00113 0.782 -6.869 3.464 AX21P155
3969.155 106.00112 1.143 -4.983 3.464 AX32R165
3969.194 28.0 3.652 -1.18 "" ""
3969.201 74.0 2.456 -0.3 "" ""
3969.204 106.00113 0.782 -8.195 3.464 AX21P165
3969.212 106.00112 1.143 -2.958 3.464 AX32Q165
3969.222 24.0 4.204 -1.72 "" ""
3969.24 58.1 0.74 -1.14 LAWLER ""
3969.25 106.00112 1.143 -2.868 3.464 AX32Q175
3969.257 26.0 1.484 -0.43 OBR91 ""
3969.258 38.0 1.797 -0.59 "" ""
3969.29 64.1 0.6 -0.86 LAWLER ""
3969.307 106.00112 1.143 -5.703 3.464 AX32P175
3969.364 21.1 7.466 -2.83 "" ""
3969.365 106.00113 1.077 -4.71 3.464 AX43Q085
3969.373 26.1 1.694 -4.71 "" ""
3969.387 106.00113 1.077 -3.002 3.464 AX43R085
3969.395 26.1 1.669 -3.73 "" ""
3969.398 106.00113 1.105 -3.01 3.464 AX43R085
3969.413 106.00113 1.053 -3.17 3.464 AX43R065
3969.416 106.00112 0.522 -8.345 3.464 AX21P095
3969.435 26.0 4.253 -2.26 "" ""
3969.437 68.1 0.636 -1.16 LAWLER ""
3969.446 25.1 5.366 -3.45 "" ""
3969.522 28.0 3.539 -3.05 "" ""
3969.541 106.00113 1.078 -3.089 3.464 AX43R075
3969.582 607.01214 2.935 -0.449 7.724 1212Pb0225
3969.587 106.00113 1.105 -4.729 3.464 AX43Q095
3969.598 106.00113 1.105 -2.926 3.464 AX43R095
3969.628 26.0 3.249 -1.25 "" ""
3969.66 60.1 0.32 -1.11 LAWLER ""
3969.661 106.00113 1.053 -4.679 3.464 AX43Q075
3969.662 76.0 1.84 -1.06 "" ""
3969.665 106.00112 0.314 -7.35 3.464 AX10P125
3969.695 106.00113 1.053 -3.079 3.464 AX43R075
3969.718 106.00113 1.053 -3.17 3.464 AX43R065
3969.723 106.00113 1.078 -4.696 3.464 AX43Q085
3969.743 24.0 2.543 0.51 SOBECK ""
3969.745 106.00113 1.078 -3.003 3.464 AX43R085
3969.75 607.01214 2.935 -3.458 7.724 1212Qc0225
3969.777 607.01214 2.935 -0.43 7.724 1212Pa0235
3969.796 44.0 1.316 -1.67 "" ""
3969.831 106.00113 0.52 -8.345 3.464 AX21P095
3969.834 106.00113 1.138 -4.982 3.464 AX32R165
3969.881 27.0 3.629 -4.06 "" ""
3969.886 106.00113 1.105 -3.01 3.464 AX43R085
3969.9 24.1 4.924 -7.2 "" ""
3969.906 23.1 6.182 -4.22 "" ""
3969.921 106.00112 1.539 -8.399 3.464 AX53P185
3969.923 106.00113 1.138 -2.868 3.464 AX32Q175
3969.925 106.00113 1.138 -2.958 3.464 AX32Q165
3969.936 106.00113 1.053 -4.667 3.464 AX43Q075
3969.947 25.0 4.657 -3.01 "" ""
3969.963 24.0 4.444 -3.75 "" ""
3969.971 106.00113 1.053 -3.08 3.464 AX43R075
3969.973 26.0 4.28 -3.07 "" ""
3969.978 106.00112 1.654 -6.054 3.464 AX53Q205
3969.999 27.0 2.868 -3.27 "" ""
3970.014 106.00113 1.138 -5.703 3.464 AX32P175
3970.014 24.0 3.844 -1.67 "" ""
3970.022 23.0 2.113 -6.06 "" ""
3970.038 106.00113 1.105 -4.714 3.464 AX43Q095
3970.038 38.0 1.797 -0.9 "" ""
3970.039 58.1 1.455 0.12 "" ""
3970.047 106.00112 1.654 -5.551 3.464 AX53P205
3970.048 106.00112 1.654 -4.736 3.464 AX53P215
3970.049 106.00113 1.105 -2.926 3.464 AX43R095
3970.055 106.00112 0.523 -8.376 3.464 AX21P095
3970.06 24.0 3.432 -1.01 "" ""
3970.072 1.0 10.191 -0.99 "" ""
3970.089 27.0 4.229 -2.75 "" ""
3970.096 106.00113 1.516 -2.608 3.464 AX21Q275
3970.106 73.0 0.0 -1.78 "" ""
3970.107 106.00113 0.313 -7.35 3.464 AX10P125
3970.139 22.0 2.66 -3.03 "" ""
3970.14 106.00113 1.516 -5.094 3.464 AX21R265
3970.143 26.0 3.6 -7.91 "" ""
3970.157 106.00113 1.031 -3.257 3.464 AX43R055
3970.158 23.1 3.756 -1.48 "" ""
