wavelength species excitation loggf disassociation_energy comment
4045.322 67.1165 0.0 -3.588 LAWLER ""
4045.331 67.1165 0.0 -3.96 LAWLER ""
4045.335 67.1165 0.0 -2.229 LAWLER ""
4045.343 22.0 0.825 -3.73 "" ""
4045.346 58.1 1.278 -0.33 "" ""
4045.346 67.1165 0.0 -2.004 LAWLER ""
4045.358 67.1165 0.0 -1.91 LAWLER ""
4045.363 106.00112 0.349 -2.179 3.464 BX11P025
4045.363 23.0 1.217 -2.3 "" ""
4045.366 67.1165 0.0 -1.226 LAWLER ""
4045.367 26.0 3.6 -4.61 "" ""
4045.373 67.1165 0.0 -1.881 LAWLER ""
4045.377 106.00113 1.053 -5.87 3.464 AX43P065
4045.377 28.0 3.191 -2.08 "" ""
4045.384 67.1165 0.0 -1.165 LAWLER ""
4045.387 27.0 1.048 -1.35 LAWNHFS ""
4045.388 67.1165 0.0 -1.904 LAWLER ""
4045.403 67.1165 0.0 -1.102 LAWLER ""
4045.404 67.1165 0.0 -1.995 LAWLER ""
4045.408 58.1 0.587 -1.77 LAWLER ""
4045.41 60.1 0.182 -2.25 LAWLER ""
4045.414 26.0 4.317 -2.35 "" ""
4045.42 67.1165 0.0 -2.221 LAWLER ""
4045.424 67.1165 0.0 -1.039 LAWLER ""
4045.435 24.0 3.665 -2.74 "" ""
4045.447 67.1165 0.0 -0.978 LAWLER ""
4045.453 24.0 3.09 -2.66 "" ""
4045.47 67.1165 0.0 -0.918 LAWLER ""
4045.493 67.1165 0.0 -0.86 LAWLER ""
4045.517 67.1165 0.0 -0.803 LAWLER ""
4045.535 42.0 2.834 -1.97 "" ""
4045.594 26.0 3.209 -0.9 "" ""
4045.6 74.0 0.366 -1.34 "" ""
4045.608 106.00113 1.66 -8.082 3.464 CX25Q095
4045.613 40.1 0.71 -0.86 Ljung06 ""
4045.614 26.0 3.94 -2.67 "" ""
4045.62 23.0 2.606 -5.61 "" ""
4045.628 90.1 0.764 -1.83 "" ""
4045.669 26.0 4.188 -2.13 "" ""
4045.679 106.00113 1.66 -4.997 3.464 CX25R085
4045.697 24.0 4.436 -3.04 "" ""
4045.709 106.00113 0.949 -6.866 3.464 AX32P125
4045.709 106.00113 1.647 -8.871 3.464 CX03P215
4045.731 27.0 3.684 -5.14 "" ""
4045.749 106.00112 0.362 -4.256 3.464 BX00P135
4045.772 44.0 2.112 -0.28 "" ""
4045.781 22.0 2.101 -5.95 "" ""
4045.796 106.00113 1.66 -4.915 3.464 CX25R095
4045.812 26.0 1.484 0.28 OBR91 ""
4045.843 106.00112 0.952 -6.866 3.464 AX32P125
4045.878 24.0 3.09 -2.49 "" ""
4045.886 28.0 4.263 -3.05 "" ""
4045.895 106.00112 1.139 -3.48 3.464 AX43P095
4045.912 106.00112 1.139 -4.838 3.464 AX43Q095
4045.928 106.00112 1.581 -7.24 3.464 CX25R055
4045.972 66.0 0.0 0.79 "" ""
4045.988 106.00113 1.377 -4.54 3.464 AX43R155
4045.998 106.00113 0.772 -7.699 3.464 AX10P205
4046.014 106.00113 1.377 -2.363 3.464 AX43Q165
4046.031 106.00113 1.377 -2.435 3.464 AX43Q155
4046.032 106.00112 1.29 -6.174 3.464 CX03R145
4046.053 106.00112 0.776 -7.698 3.464 AX10P205
4046.056 106.00113 1.377 -4.894 3.464 AX43P165
4046.062 26.0 3.263 -1.3 "" ""
4046.074 106.00112 1.29 -6.226 3.464 CX03R135
4046.09 106.00112 1.139 -3.414 3.464 AX43P105
4046.097 106.00113 0.52 -2.155 3.464 BX11R095
4046.126 106.00112 1.29 -9.781 3.464 CX03Q145
4046.15 23.1 3.796 -1.55 "" ""
4046.16 62.1 0.104 -1.27 LAWLER ""
4046.161 607.01214 3.299 -0.668 7.724 1414Pb0155
4046.162 607.01214 3.299 -3.362 7.724 1414Qc0155
4046.187 24.0 2.542 -2.23 "" ""
4046.2 607.01214 3.299 -0.642 7.724 1414Pa0165
4046.231 6.0 7.94 -4.07 "" ""
4046.265 106.00113 1.647 -5.336 3.464 CX03Q205
4046.268 23.1 3.121 -2.41 "" ""
4046.291 106.00113 0.52 -6.528 3.464 BX11Q105
4046.291 26.0 4.291 -3.78 "" ""
4046.292 26.0 4.253 -3.57 "" ""
4046.32 106.00113 1.647 -5.271 3.464 CX03Q215
4046.333 106.00113 0.52 -2.152 3.464 BX11R105
4046.338 58.1 0.553 -0.16 LAWLER ""
4046.339 24.1 4.924 -4.81 "" ""
4046.435 24.0 3.11 -5.61 "" ""
4046.457 26.0 4.151 -2.25 "" ""
4046.476 106.00112 1.069 -4.471 3.464 AX00R255
4046.479 24.0 2.913 -3.82 "" ""
4046.48 21.0 1.994 -0.74 "" ""
4046.509 106.00112 1.139 -3.48 3.464 AX43P095
4046.526 106.00112 1.139 -4.856 3.464 AX43Q095
4046.559 80.0 4.664 -0.86 "" ""
4046.632 25.0 4.791 -3.35 "" ""
4046.654 106.00112 1.139 -3.415 3.464 AX43P105
4046.665 106.00112 1.056 -5.849 3.464 AX43P065
4046.695 24.0 4.437 -4.31 "" ""
4046.701 25.0 4.229 -1.93 "" ""
4046.704 25.0 4.255 -2.69 "" ""
4046.704 74.0 1.654 -1.08 "" ""
4046.711 6.0 7.94 -3.86 "" ""
4046.743 23.0 3.242 -4.22 "" ""
4046.746 28.0 4.085 -1.28 "" ""
4046.755 26.0 4.28 -3.42 "" ""
4046.757 24.0 2.542 -1.52 "" ""
4046.777 106.00113 0.388 -1.933 3.464 BX11Q045
4046.791 106.00113 1.319 -8.082 3.464 CX14R065
4046.797 106.00113 0.388 -4.398 3.464 BX11R045
4046.807 26.1 4.491 -4.1 "" ""
4046.839 64.1 1.446 -0.03 "" ""
4046.851 27.1 5.118 -5.69 "" ""
4046.851 58.1 0.445 -1.88 LAWLER ""
4046.853 106.00112 1.668 -5.898 3.464 AX10Q315
4046.877 106.00113 1.647 -9.355 3.464 CX03R205
4046.877 23.0 2.113 -1.0 LAWNOHFS ""
4046.891 6.0 7.94 -3.09 "" ""
4046.907 106.00112 1.668 -4.031 3.464 AX10P325
4046.954 68.0 1.332 1.28 "" ""
4046.987 106.00112 1.056 -5.87 3.464 AX43P065
4046.988 106.00112 1.668 -4.312 3.464 AX10P315
4046.994 25.0 4.35 -2.55 "" ""
4047.0 60.1 0.38 -1.68 LAWLER ""
4047.011 42.0 2.068 -2.76 "" ""
4047.026 106.00112 1.291 -4.657 3.464 AX54R045
4047.081 24.0 2.965 -6.69 "" ""
4047.081 59.1 0.977 0.1 "" ""
4047.086 64.0 0.948 0.28 "" ""
4047.087 106.00112 0.522 -2.155 3.464 BX11R095
4047.112 607.01214 3.306 -3.389 7.724 1414Qc0165
4047.114 607.01214 3.306 -0.642 7.724 1414Pb0165
4047.115 25.0 4.791 -0.94 "" ""
4047.117 106.00112 1.291 -4.642 3.464 AX54R045
4047.144 22.0 2.133 -2.58 "" ""
4047.149 106.00113 0.388 -4.229 3.464 BX11P055
4047.15 62.1 0.184 -0.92 LAWLER ""
4047.162 607.01214 3.306 -0.617 7.724 1414Pa0175
4047.17 106.00113 0.388 -1.865 3.464 BX11Q055
4047.202 42.0 3.387 -1.44 "" ""
4047.213 19.0 0.0 -2.22 "" ""
4047.215 106.00113 0.347 -3.313 3.464 BX11P015
4047.248 23.0 0.017 -6.08 "" ""
4047.272 58.1 0.655 -0.72 BIEMONT ""
4047.276 6.0 7.94 -3.32 "" ""
4047.282 106.00112 0.522 -6.528 3.464 BX11Q105
4047.298 22.0 1.442 -3.89 "" ""
4047.303 26.0 2.277 -2.8 "" ""
4047.318 26.0 3.632 -3.62 "" ""
4047.323 106.00112 0.522 -2.151 3.464 BX11R105
4047.363 23.0 0.069 -3.14 "" ""
4047.37 62.1 0.277 -1.5 LAWLER ""
4047.395 106.00112 1.108 -8.921 3.464 CX03R095
4047.421 23.0 1.802 -1.67 LAWNOHFS ""
4047.456 6.0 7.94 -3.93 "" ""
4047.515 25.0 5.334 -1.89 "" ""
4047.548 106.00113 1.643 -2.17 3.464 AX32Q255
4047.555 42.0 3.441 -1.12 "" ""
4047.569 106.00113 1.643 -5.158 3.464 AX32P255
4047.572 23.0 2.33 -5.28 "" ""
4047.599 20.0 5.736 -4.84 "" ""
4047.612 92.0 0.077 -0.34 "" ""
4047.613 23.1 5.463 -3.7 "" ""
4047.628 39.0 0.0 -0.43 "" ""
4047.633 106.00113 1.643 -4.683 3.464 AX32R245
4047.638 106.00113 1.063 -4.471 3.464 AX00R255
4047.654 106.00113 1.643 -2.26 3.464 AX32Q245
4047.667 106.00112 0.389 -1.932 3.464 BX11Q045
4047.687 106.00112 0.389 -4.398 3.464 BX11R045
4047.728 66.0 1.238 -0.02 "" ""
4047.747 28.0 4.102 -1.58 "" ""
4047.759 24.0 2.913 -4.03 "" ""
4047.765 106.00112 1.381 -4.52 3.464 AX43R155
4047.786 21.0045 0.021 -2.88 LAWHFS ""
4047.789 21.0045 0.021 -2.01 LAWHFS ""
4047.791 21.0045 0.021 -2.45 LAWHFS ""
4047.793 21.0045 0.021 -1.39 LAWHFS ""
4047.793 21.0045 0.021 -1.85 LAWHFS ""
4047.795 21.0045 0.021 -2.2 LAWHFS ""
4047.796 21.0045 0.021 -1.6 LAWHFS ""
4047.797 21.0045 0.021 -1.86 LAWHFS ""
4047.798 21.0045 0.021 -2.02 LAWHFS ""
4047.799 21.0045 0.021 -1.89 LAWHFS ""
4047.799 21.0045 0.021 -2.02 LAWHFS ""
4047.801 21.0045 0.021 -2.33 LAWHFS ""
4047.813 106.00112 1.381 -2.435 3.464 AX43Q155
4047.813 64.1 1.525 -0.18 "" ""
4047.866 106.00112 1.381 -2.362 3.464 AX43Q165
4047.874 20.0 5.737 -3.43 "" ""
4047.894 23.0 2.377 -4.82 "" ""
4047.904 26.0 4.317 -3.77 "" ""
4047.914 106.00112 1.381 -4.911 3.464 AX43P165
4047.921 25.0 4.682 -2.32 "" ""
4047.933 74.0 0.207 -2.81 "" ""
4047.959 72.1 3.833 0.79 "" ""
4048.018 24.1 5.666 -3.37 "" ""
4048.043 106.00112 0.389 -4.229 3.464 BX11P055
4048.043 27.1 2.679 -5.06 "" ""
4048.054 76.0 1.907 -1.0 "" ""
4048.062 106.00112 0.389 -1.865 3.464 BX11Q055
4048.074 106.00112 0.348 -3.312 3.464 BX11P015
4048.09 607.01214 3.314 -3.415 7.724 1414Qc0175
4048.094 607.01214 3.314 -0.617 7.724 1414Pb0175
4048.118 106.00113 0.684 -5.162 3.464 BX11R145
4048.128 24.0 4.398 -2.73 "" ""
4048.148 607.01214 3.314 -0.594 7.724 1414Pa0185
4048.164 27.0 3.663 -1.42 "" ""
4048.187 20.0 4.677 -4.8 "" ""
4048.239 106.00113 1.606 -4.916 3.464 AX54R155
4048.248 106.00113 0.577 -1.338 3.464 BX00P175
4048.278 106.00113 1.746 -8.125 3.464 CX14P185
4048.287 90.0 0.929 -0.76 "" ""
4048.312 106.00113 0.577 -6.568 3.464 BX00Q175
4048.342 68.1 0.886 -0.86 LAWLER ""
4048.364 58.1 0.736 -1.35 LAWLER ""
4048.404 106.00113 0.577 -1.342 3.464 BX00P185
4048.407 45.0 1.731 -0.9 "" ""
4048.41 106.00113 1.267 -4.422 3.464 AX54R025
4048.432 106.00113 1.267 -4.412 3.464 AX54R025
4048.432 90.0 1.501 -0.2 "" ""
4048.526 25.0 4.265 -2.99 "" ""
4048.552 26.0 4.309 -2.31 "" ""
4048.569 22.1 5.028 -2.27 "" ""
4048.574 24.0 3.847 -1.59 "" ""
4048.584 64.1 1.126 -0.74 "" ""
4048.613 62.1 0.434 -1.31 "" ""
4048.614 23.0 0.017 -2.54 LAWNOHFS ""
4048.666 40.1 0.802 -0.53 Ljung06 ""
4048.68 106.00113 1.747 -4.577 3.464 CX14Q175
4048.718 25.0055 2.162 -1.803 LAWHFS ""
4048.72 25.0055 2.162 -1.481 LAWHFS ""
4048.722 25.0055 2.162 -1.849 LAWHFS ""
4048.725 25.0055 2.162 -1.657 LAWHFS ""
4048.727 25.0055 2.162 -1.326 LAWHFS ""
4048.729 25.0055 2.162 -2.025 LAWHFS ""
4048.732 26.0 3.651 -3.85 "" ""
4048.734 25.0055 2.162 -1.247 LAWHFS ""
4048.736 25.0055 2.162 -1.305 LAWHFS ""
4048.74 25.0055 2.162 -2.406 LAWHFS ""
4048.742 106.00113 1.746 -4.497 3.464 CX14Q185
4048.746 25.0055 2.162 -0.974 LAWHFS ""
4048.749 25.0055 2.162 -1.451 LAWHFS ""
4048.761 25.0055 2.162 -0.762 LAWHFS ""
4048.78 24.0 3.847 0.31 "" ""
4048.788 20.0 4.677 -3.91 "" ""
4048.81 60.1 1.337 0.44 "" ""
4048.817 23.0 1.892 -2.72 "" ""
4048.832 26.1 5.565 -2.15 "" ""
4048.886 26.0 3.6 -4.68 "" ""
4048.893 106.00112 1.528 -4.915 3.464 AX54R135
4048.926 66.0 1.055 0.26 "" ""
4048.935 106.00113 1.77 -1.996 3.464 AX43R235
4048.95 26.0 4.151 -2.87 "" ""
4048.956 25.0 3.841 -4.11 "" ""
4048.969 28.0 3.594 -4.87 "" ""
4048.985 25.0 4.341 0.14 "" ""
4048.991 106.00113 1.77 -2.053 3.464 AX43R225
4049.014 42.0 3.209 -2.04 "" ""
4049.017 23.1 3.793 -1.48 "" ""
4049.033 106.00113 1.77 -4.466 3.464 AX43Q235
4049.035 45.0 1.675 -1.35 "" ""
4049.037 24.0 4.437 -2.5 "" ""
4049.096 607.01214 3.321 -3.44 7.724 1414Qc0185
4049.097 24.1 6.479 -0.86 "" ""
4049.1 27.0 1.048 -4.05 "" ""
4049.104 607.01214 3.321 -0.594 7.724 1414Pb0185
4049.136 25.0 3.841 -3.42 "" ""
4049.144 106.00113 1.747 -8.394 3.464 CX14R175
4049.145 106.00113 1.77 -7.253 3.464 AX53P225
4049.165 607.01214 3.321 -0.572 7.724 1414Pa0195
4049.166 106.00112 1.654 -9.355 3.464 CX03R205
4049.176 106.00112 1.382 -4.54 3.464 AX43R155
4049.194 64.0 0.937 0.27 "" ""
4049.201 106.00112 1.382 -2.362 3.464 AX43Q165
4049.202 106.00113 0.892 -9.315 3.464 AX21P175
4049.224 106.00112 1.382 -2.435 3.464 AX43Q155
4049.234 106.00112 1.654 -5.27 3.464 CX03Q215
4049.249 106.00112 1.382 -4.893 3.464 AX43P165
4049.283 27.0 2.628 -1.97 LAWNHFS ""
4049.284 106.00112 1.654 -5.335 3.464 CX03Q205
4049.327 26.0 2.586 -2.37 "" ""
4049.328 106.00112 0.896 -9.315 3.464 AX21P175
4049.334 20.0 2.93 -2.08 "" ""
4049.352 106.00112 1.654 -8.87 3.464 CX03P215
4049.361 106.00113 1.607 -4.871 3.464 AX54R155
4049.362 58.1 0.634 -1.31 LAWLER ""
4049.363 66.0 0.512 -0.53 "" ""
4049.393 22.0 2.133 -1.11 "" ""
4049.414 44.0 1.865 -0.95 "" ""
4049.417 106.00113 1.435 -5.549 3.464 AX21Q255
4049.42 64.1 0.662 -0.08 LAWLER ""
4049.422 25.0 3.769 -1.45 "" ""
4049.424 106.00112 1.255 -5.251 3.464 AX32Q185
4049.446 72.1 2.209 -0.54 "" ""
4049.455 106.00113 1.435 -3.694 3.464 AX21P265
4049.485 68.1 0.0 -1.59 "" ""
4049.49 106.00112 1.255 -3.575 3.464 AX32P185
4049.509 106.00112 1.255 -3.475 3.464 AX32P195
4049.544 106.00113 1.662 -4.032 3.464 AX10P325
4049.555 106.00112 0.58 -1.338 3.464 BX00P175
4049.56 62.1 0.248 -1.76 LAWLER ""
4049.561 106.00113 1.435 -3.869 3.464 AX21P255
4049.579 25.0 3.841 -2.97 "" ""
4049.612 42.0 2.595 -1.76 "" ""
4049.618 106.00112 1.071 -4.4 3.464 AX00R255
4049.622 106.00112 1.666 -4.996 3.464 CX25R085
4049.624 106.00112 0.58 -6.568 3.464 BX00Q175
4049.646 106.00113 1.662 -5.946 3.464 AX10Q315
4049.666 23.1 6.037 -4.58 "" ""
4049.692 106.00112 1.666 -4.914 3.464 CX25R095
4049.713 28.0 3.703 -2.65 "" ""
4049.715 106.00112 0.58 -1.341 3.464 BX00P185
4049.733 23.0 2.377 -3.38 "" ""
4049.748 24.0 3.077 -4.26 "" ""
4049.748 24.0 4.614 -2.0 "" ""
4049.756 41.0 1.629 -0.2 "" ""
4049.758 106.00112 1.666 -8.081 3.464 CX25Q095
4049.771 26.0 3.637 -3.29 "" ""
4049.774 24.0 3.847 -0.75 "" ""
4049.775 106.00112 1.529 -4.875 3.464 AX54R135
4049.776 106.00113 1.662 -4.313 3.464 AX10P315
4049.788 25.1 4.932 -3.9 "" ""
4049.803 106.00113 0.357 -2.178 3.464 BX11P025
4049.812 62.1 0.0 -1.29 "" ""
4049.816 106.00113 0.357 -5.476 3.464 BX11Q025
4049.85 64.1 0.99 0.48 LAWLER ""
4049.912 106.00112 0.776 -5.058 3.464 BX10P205
4049.943 27.0 2.135 -4.26 "" ""
4049.945 21.0 2.0 -1.24 "" ""
4049.945 90.0 0.457 -1.04 "" ""
4049.99 106.00113 1.25 -5.251 3.464 AX32Q185
4050.021 106.00113 1.419 -8.881 3.464 CX14Q105
4050.022 24.0 2.542 -2.06 "" ""
4050.023 106.00113 1.25 -3.575 3.464 AX32P185
4050.041 92.1 0.0 -0.71 Nils02/7 ""
4050.042 57.1139 1.956 -0.174 B96gfS23hf ""
4050.057 57.1139 1.956 -0.914 B96gfS23hf ""
4050.059 106.00112 1.716 -7.713 3.464 AX53P215
4050.062 57.1139 1.956 -0.345 B96gfS23hf ""
4050.067 106.00113 1.25 -3.474 3.464 AX32P195
4050.07 57.1139 1.956 -1.919 B96gfS23hf ""
4050.075 57.1139 1.956 -0.732 B96gfS23hf ""
4050.079 57.1139 1.956 -0.552 B96gfS23hf ""
4050.086 57.1139 1.956 -1.493 B96gfS23hf ""
4050.09 42.0 2.596 -1.55 "" ""
4050.09 57.1139 1.956 -0.694 B96gfS23hf ""
4050.093 57.1139 1.956 -0.822 B96gfS23hf ""
4050.098 57.1139 1.956 -1.261 B96gfS23hf ""
4050.101 57.1139 1.956 -0.758 B96gfS23hf ""
4050.104 57.1139 1.956 -1.24 B96gfS23hf ""
4050.108 57.1139 1.956 -1.117 B96gfS23hf ""
4050.11 57.1139 1.956 -0.941 B96gfS23hf ""
4050.113 57.1139 1.956 -1.019 B96gfS23hf ""
4050.13 607.01214 3.329 -3.463 7.724 1414Qc0195
4050.138 24.0 4.436 -2.31 "" ""
4050.141 607.01214 3.329 -0.572 7.724 1414Pb0195
4050.147 106.00113 1.419 -5.665 3.464 CX14R095
4050.17 607.01214 3.329 -0.551 7.724 1414Pa0205
4050.192 42.0 2.678 -2.63 "" ""
4050.221 21.0 2.606 -3.84 "" ""
4050.275 106.00113 1.419 -5.574 3.464 CX14R105
4050.288 25.0 4.317 -0.88 "" ""
4050.32 40.1 0.713 -1.06 Ljung06 ""
4050.346 22.0 2.115 -2.23 "" ""
4050.358 20.0 4.621 -2.82 "" ""
4050.366 64.0 0.948 0.28 "" ""
4050.375 25.0 4.317 -1.3 "" ""
4050.442 23.0 1.954 -2.5 "" ""
4050.45 42.0 2.621 -2.23 "" ""
4050.464 40.0 0.542 -1.02 "" ""
4050.475 106.00113 0.358 -2.126 3.464 BX11P035
4050.501 23.0 3.264 -4.35 "" ""
4050.541 26.0 4.309 -3.44 "" ""
4050.551 106.00112 1.442 -5.549 3.464 AX21Q255
4050.57 66.1 0.59 -0.47 LAWLER ""
4050.61 106.00112 1.442 -3.694 3.464 AX21P265
4050.613 25.1 5.344 -5.28 "" ""
4050.62 62.1 0.659 -1.56 LAWLER ""
4050.629 29.0 5.72 -1.52 "" ""
4050.634 106.00112 1.442 -3.868 3.464 AX21P255
4050.649 106.00112 1.324 -8.081 3.464 CX14R065
4050.669 21.0 1.968 -2.73 "" ""
4050.674 26.0 4.188 -1.14 "" ""
4050.685 106.00112 0.359 -2.177 3.464 BX11P025
4050.695 106.00112 0.359 -5.476 3.464 BX11Q025
4050.716 21.1 6.903 -1.28 "" ""
4050.729 24.0 4.407 -4.03 "" ""
4050.732 26.0 4.317 -3.7 "" ""
4050.736 25.0 5.345 -2.52 "" ""
4050.746 106.00113 1.065 -4.4 3.464 AX00R255
4050.816 58.1 0.875 -0.73 "" ""
4050.927 26.0 4.188 -2.57 "" ""
4050.936 23.0 3.129 -3.18 "" ""
4050.937 23.0051 2.129 -1.375 LAWLER ""
4050.937 23.0051 2.129 -1.596 LAWLER ""
4050.938 23.0051 2.129 -1.272 LAWLER ""
4050.939 23.0051 2.129 -1.229 LAWLER ""
4050.94 23.0051 2.129 -1.4 LAWLER ""
4050.941 23.0051 2.129 -1.24 LAWLER ""
4050.941 23.0051 2.129 -1.386 LAWLER ""
4050.943 23.0051 2.129 -1.248 LAWLER ""
4050.944 23.0051 2.129 -1.317 LAWLER ""
4050.944 23.0051 2.129 -1.596 LAWLER ""
4050.946 23.0051 2.129 -1.081 LAWLER ""
4050.946 25.0 5.108 -2.6 "" ""
4050.948 23.0051 2.129 -1.375 LAWLER ""
4050.948 23.0051 2.129 -1.532 LAWLER ""
4050.95 23.0051 2.129 -0.912 LAWLER ""
4050.952 23.0051 2.129 -1.272 LAWLER ""
4050.954 23.0051 2.129 -0.753 LAWLER ""
4050.957 23.0051 2.129 -1.229 LAWLER ""
4050.959 23.0051 2.129 -0.605 LAWLER ""
4050.963 23.0051 2.129 -1.24 LAWLER ""
4050.965 23.0051 2.129 -0.469 LAWLER ""
4050.97 23.0051 2.129 -1.317 LAWLER ""
4050.977 23.0051 2.129 -1.532 LAWLER ""
4050.982 20.1 7.042 -5.02 "" ""
4050.997 25.0 4.791 -3.02 "" ""
4051.039 106.00113 0.894 -9.367 3.464 AX21P175
4051.045 23.1 1.803 -1.97 LAWNOHFS ""
4051.138 24.0 4.437 -2.48 "" ""
4051.14 60.1 0.38 -0.3 LAWLER ""
4051.172 28.0 4.102 -1.3 "" ""
4051.18 42.0 3.901 -0.43 "" ""
4051.191 6.0 7.94 -3.93 "" ""
4051.193 607.01214 3.338 -3.485 7.724 1414Qc0205
4051.195 106.00112 0.898 -9.367 3.464 AX21P175
4051.205 607.01214 3.338 -0.551 7.724 1414Pb0205
4051.212 26.1 5.566 -2.99 "" ""
4051.213 26.0 3.299 -2.93 "" ""
4051.235 607.01214 3.338 -0.531 7.724 1414Pa0215
4051.247 25.0 2.918 -2.83 "" ""
4051.269 106.00112 1.279 -4.558 3.464 AX54R035
4051.286 23.1 3.8 -0.49 "" ""
4051.287 106.00112 1.671 -4.031 3.464 AX10P325
4051.315 26.0 4.073 -2.02 "" ""
4051.32 106.00112 1.279 -4.546 3.464 AX54R035
4051.34 28.1 6.324 -5.5 "" ""
4051.343 26.0 3.249 -5.15 "" ""
4051.347 23.0 2.136 0.6 "" ""
4051.358 106.00112 0.359 -2.126 3.464 BX11P035
4051.365 106.00112 1.671 -5.945 3.464 AX10Q315
4051.372 6.0 7.94 -4.06 "" ""
4051.381 106.00112 1.256 -3.475 3.464 AX32P195
4051.387 106.00112 1.256 -5.283 3.464 AX32Q185
4051.391 44.0 1.087 -0.31 "" ""
4051.424 58.1 0.634 -0.73 LAWLER ""
4051.435 76.0 2.009 -1.34 "" ""
4051.453 106.00112 1.256 -3.575 3.464 AX32P185
4051.461 24.0 3.085 -3.18 "" ""
4051.499 106.00113 1.562 -7.196 3.464 CX25R045
4051.503 106.00112 1.671 -4.313 3.464 AX10P315
4051.508 41.0 1.156 -0.67 "" ""
4051.646 27.0 3.949 -3.04 "" ""
4051.751 26.1 7.264 -3.31 "" ""
4051.803 62.0 0.498 -1.18 "" ""
4051.81 21.0045 1.969 -2.69 LAWHFS ""
4051.81 21.0045 1.969 -2.72 LAWHFS ""
4051.811 21.0045 1.969 -2.74 LAWHFS ""
4051.812 21.0045 1.969 -2.43 LAWHFS ""
4051.813 21.0045 1.969 -2.86 LAWHFS ""
4051.814 21.0045 1.969 -2.24 LAWHFS ""
4051.816 21.0045 1.969 -2.69 LAWHFS ""
4051.816 21.0045 1.969 -3.08 LAWHFS ""
4051.817 21.0045 1.969 -2.15 LAWHFS ""
4051.82 21.0045 1.969 -2.3 LAWHFS ""
4051.82 21.0045 1.969 -3.5 LAWHFS ""
4051.821 21.0045 1.969 -2.13 LAWHFS ""
4051.825 21.0045 1.969 -2.04 LAWHFS ""
4051.826 21.0045 1.969 -2.18 LAWHFS ""
4051.831 21.0045 1.969 -1.85 LAWHFS ""
4051.831 21.0045 1.969 -2.38 LAWHFS ""
4051.838 21.0045 1.969 -1.68 LAWHFS ""
4051.845 21.0045 1.969 -1.54 LAWHFS ""
4051.857 106.00113 1.251 -3.475 3.464 AX32P195
4051.877 106.00113 1.251 -5.283 3.464 AX32Q185
4051.887 26.0 4.257 -2.71 "" ""
4051.905 26.0 3.397 -1.49 RUF14 ""
4051.912 92.1 0.652 -0.54 "" ""
4051.936 24.1 3.104 -2.29 Lawler17 ""
4051.942 106.00113 1.772 -1.997 3.464 AX43R235
4051.985 106.00113 1.251 -3.575 3.464 AX32P185
4051.985 22.0 1.732 -3.94 "" ""
4051.99 58.1 0.739 -0.76 LAWLER ""
4051.993 106.00113 0.408 -1.866 3.464 BX11Q055
4052.004 106.00113 1.168 -3.406 3.464 AX43P105
4052.013 26.0 3.265 -2.75 "" ""
4052.015 106.00113 1.168 -4.836 3.464 AX43Q105
4052.02 106.00113 0.408 -4.479 3.464 BX11R055
4052.03 106.00113 1.772 -4.43 3.464 AX43Q235
4052.04 22.0 2.343 -4.19 "" ""
4052.049 106.00113 1.635 -8.068 3.464 CX25Q085
4052.068 106.00113 1.635 -5.082 3.464 CX25R075
4052.079 106.00112 1.754 -8.393 3.464 CX14R175
4052.085 106.00113 1.772 -2.053 3.464 AX43R225
4052.137 22.0 1.738 -3.62 "" ""
4052.159 106.00112 1.754 -4.496 3.464 CX14Q185
4052.171 106.00113 1.168 -3.339 3.464 AX43P115
4052.18 106.00112 1.754 -4.576 3.464 CX14Q175
4052.189 106.00113 1.772 -7.315 3.464 AX53P225
4052.194 44.0 1.122 -1.32 "" ""
4052.218 106.00113 1.635 -4.996 3.464 CX25R085
4052.245 26.0 3.639 -3.82 "" ""
4052.26 106.00112 1.754 -8.124 3.464 CX14P185
4052.275 26.0 4.217 -2.29 "" ""
4052.286 607.01214 3.347 -3.507 7.724 1414Qc0215
4052.29 62.1 0.184 -2.49 LAWLER ""
4052.291 70.0 2.442 -0.47 "" ""
4052.293 26.0 3.366 -2.21 "" ""
4052.294 25.0 4.602 -2.22 "" ""
4052.297 106.00113 0.408 -4.331 3.464 BX11P065
4052.298 607.01214 3.347 -0.532 7.724 1414Pb0215
4052.315 26.0 3.632 -2.29 "" ""
4052.321 106.00113 0.408 -1.815 3.464 BX11Q065
4052.329 607.01214 3.347 -0.513 7.724 1414Pa0225
4052.383 29.0 5.773 -1.78 "" ""
4052.439 106.00112 1.718 -7.773 3.464 AX53P215
4052.439 26.0 3.281 -2.04 "" ""
4052.448 23.0 0.04 -3.03 LAWNOHFS ""
4052.472 25.0 4.35 -0.13 "" ""
4052.475 106.00112 1.716 -2.046 3.464 AX43R225
4052.503 106.00112 1.716 -2.107 3.464 AX43R215
4052.553 20.0 2.93 -7.38 "" ""
4052.572 106.00112 1.716 -4.498 3.464 AX43Q225
4052.645 20.0 4.677 -4.68 "" ""
4052.652 26.0 3.045 -3.07 "" ""
4052.664 23.0 2.364 -3.73 "" ""
4052.673 106.00113 1.438 -3.694 3.464 AX21P265
4052.673 24.0 4.413 -3.25 "" ""
4052.717 106.00113 1.438 -5.59 3.464 AX21Q255
4052.72 26.0 3.239 -1.54 "" ""
4052.736 23.0 2.606 -5.86 "" ""
4052.747 106.00113 1.169 -3.406 3.464 AX43P105
4052.758 106.00113 1.169 -4.856 3.464 AX43Q105
4052.832 106.00113 1.438 -3.869 3.464 AX21P255
4052.836 106.00113 1.425 -4.5 3.464 AX43R165
4052.84 65.1 0.439 -0.86 LAWNOHFS ""
4052.867 106.00113 1.169 -3.339 3.464 AX43P115
4052.882 106.00113 1.425 -2.364 3.464 AX43Q165
4052.893 106.00112 0.687 -5.161 3.464 BX11R145
4052.919 27.0 3.574 -0.21 "" ""
4052.92 106.00113 1.425 -2.292 3.464 AX43Q175
4052.926 22.0 2.173 -0.72 "" ""
4052.936 106.00112 0.409 -1.866 3.464 BX11Q055
4052.948 21.0 2.612 -3.5 "" ""
4052.959 106.00112 0.409 -4.479 3.464 BX11R055
4052.966 106.00113 1.425 -4.888 3.464 AX43P175
4053.02 92.1 0.217 -1.45 "" ""
4053.081 26.0 3.265 -5.58 "" ""
4053.11 106.00113 0.839 -7.723 3.464 AX10P215
4053.195 25.1 4.932 -4.3 "" ""
4053.2 106.00112 0.844 -7.723 3.464 AX10P215
4053.24 106.00112 0.41 -4.331 3.464 BX11P065
4053.248 20.0 4.677 -5.93 "" ""
4053.25 23.0 1.892 -0.92 LAWNOHFS ""
4053.263 106.00112 0.41 -1.815 3.464 BX11Q065
4053.265 25.1 5.102 -4.58 "" ""
4053.29 64.1 1.232 0.23 LAWLER ""
4053.321 24.1 6.6 -4.38 "" ""
4053.38 23.0 1.941 -1.7 "" ""
4053.408 607.01214 3.356 -3.527 7.724 1414Qc0225
4053.421 607.01214 3.356 -0.513 7.724 1414Pb0225
4053.426 24.1 3.103 -3.37 "" ""
4053.426 26.0 3.651 -2.48 "" ""
4053.438 45.0 1.364 -1.86 "" ""
4053.453 607.01214 3.356 -0.495 7.724 1414Pa0235
4053.503 58.1 0.0 -0.61 LAWLER ""
4053.528 90.0 0.966 -0.32 "" ""
4053.587 23.1 3.796 -0.32 "" ""
4053.64 64.0 0.124 0.3 "" ""
4053.653 23.0 1.217 -2.85 "" ""
4053.658 25.0 4.709 -3.3 "" ""
4053.669 106.00113 1.243 -9.798 3.464 CX03Q135
4053.679 21.0 1.952 -1.31 "" ""
4053.688 24.1 6.573 -4.28 "" ""
4053.721 21.0 1.942 -2.41 "" ""
4053.724 22.1 5.055 -1.58 "" ""
4053.725 21.0 2.0 -2.19 "" ""
4053.773 23.0 2.636 -3.15 "" ""
4053.807 106.00112 1.445 -3.694 3.464 AX21P265
4053.821 22.1 1.891 -1.07 LAWLER ""
4053.822 26.0 3.069 -3.16 "" ""
4053.828 106.00112 1.424 -5.665 3.464 CX14R095
4053.836 66.0 0.512 -0.28 "" ""
4053.854 23.0 1.941 -6.22 "" ""
4053.864 106.00112 1.445 -5.59 3.464 AX21Q255
4053.873 67.0 0.0 0.81 "" ""
4053.886 106.00112 1.424 -5.573 3.464 CX14R105
4053.916 27.0 2.326 -2.0 LAWNHFS ""
4053.933 74.0 1.855 -0.88 "" ""
4053.948 106.00112 1.424 -8.881 3.464 CX14Q105
4053.948 106.00112 1.445 -3.869 3.464 AX21P255
4053.949 106.00113 1.244 -6.279 3.464 CX03R125
4053.957 106.00112 1.172 -3.406 3.464 AX43P105
4053.963 106.00112 1.172 -4.836 3.464 AX43Q105
4054.024 106.00113 1.243 -6.227 3.464 CX03R135
4054.031 23.1 1.554 -4.08 "" ""
4054.051 44.0 1.087 -0.79 "" ""
4054.053 25.1 4.933 -3.71 "" ""
4054.075 106.00112 0.992 -4.456 3.464 AX00R245
4054.079 24.1 3.105 -2.56 Lawler17 ""
4054.123 106.00112 1.172 -3.338 3.464 AX43P115
4054.135 22.0 1.748 -4.26 "" ""
4054.138 20.1 7.044 -4.06 "" ""
4054.178 26.0 3.263 -2.06 "" ""
4054.22 106.00113 1.261 -4.208 3.464 AX54R015
4054.222 106.00113 1.261 -4.202 3.464 AX54R015
4054.258 23.0 2.614 -4.24 "" ""
4054.305 92.1 0.778 -0.67 "" ""
4054.311 20.1 7.042 -4.32 "" ""
4054.321 23.0 3.113 -4.22 "" ""
4054.413 26.0 3.289 -4.61 "" ""
4054.416 24.0 3.123 -8.91 "" ""
4054.446 40.0 0.154 -1.62 "" ""
4054.451 71.0 0.512 -0.65 "" ""
4054.455 24.0 3.09 -4.69 "" ""
4054.516 106.00112 1.721 -4.609 3.464 AX32R255
4054.53 21.0045 0.0 -1.85 LAWHFS ""
4054.534 106.00113 1.426 -4.521 3.464 AX43R165
4054.535 21.0045 0.0 -1.4 LAWHFS ""
4054.536 21.0045 0.0 -1.37 LAWHFS ""
4054.54 21.0045 0.0 -1.37 LAWHFS ""
4054.544 21.0045 0.0 -1.05 LAWHFS ""
4054.546 106.00113 1.426 -2.293 3.464 AX43Q175
4054.546 21.0045 0.0 -1.52 LAWHFS ""
4054.56 607.01214 3.366 -3.547 7.724 1414Qc0235
4054.571 25.1 5.103 -5.87 "" ""
4054.573 607.01214 3.366 -0.495 7.724 1414Pb0235
4054.575 106.00112 1.721 -2.082 3.464 AX32Q265
4054.584 106.00113 1.426 -2.364 3.464 AX43Q165
4054.585 23.0 2.377 -5.35 "" ""
4054.589 106.00113 0.556 -2.153 3.464 BX11R105
4054.597 106.00113 1.426 -4.869 3.464 AX43P175
4054.607 607.01214 3.366 -0.478 7.724 1414Pa0245
4054.618 27.0 0.174 -4.79 "" ""
4054.638 106.00112 1.721 -2.172 3.464 AX32Q255
4054.688 12.0 4.343 -2.89 "" ""
4054.689 106.00112 1.173 -3.406 3.464 AX43P105
4054.695 106.00112 1.173 -4.855 3.464 AX43Q105
4054.696 106.00112 1.721 -5.106 3.464 AX32P265
4054.709 26.0 3.632 -2.47 "" ""
4054.722 64.0 0.0 -0.28 "" ""
4054.728 25.0 4.675 -2.22 "" ""
4054.758 106.00112 1.718 -2.046 3.464 AX43R225
4054.763 106.00113 0.556 -6.613 3.464 BX11Q115
4054.785 24.0 4.443 -2.13 "" ""
4054.801 106.00112 1.173 -3.338 3.464 AX43P115
4054.806 26.0 3.394 -0.94 "" ""
4054.809 106.00113 0.556 -2.162 3.464 BX11R115
4054.855 106.00112 1.718 -4.463 3.464 AX43Q225
4054.857 25.0 4.604 -0.24 "" ""
4054.866 26.0 3.414 -0.94 "" ""
4054.88 59.1 0.216 0.21 LINOHFS ""
4054.88 60.1 0.38 -1.09 LAWLER ""
4054.886 106.00112 1.718 -2.107 3.464 AX43R215
4054.895 23.0 1.948 -2.49 "" ""
4054.952 106.00113 0.841 -5.112 3.464 BX10P225
4054.987 58.1 0.322 -0.71 BIEMONT ""
4054.993 106.00113 0.841 -1.387 3.464 BX10Q215
4054.995 23.0 3.213 -4.1 "" ""
4055.011 22.0 1.045 -0.81 LAWLER ""
4055.02 106.00113 0.841 -1.125 3.464 BX10Q225
4055.035 26.0 2.557 -1.8 "" ""
4055.036 40.0 0.622 -0.35 "" ""
4055.061 106.00113 0.841 -4.659 3.464 BX10R215
4055.082 26.0 3.684 -3.02 "" ""
4055.089 23.0 1.929 -3.24 "" ""
4055.112 25.0 4.27 -1.61 "" ""
4055.128 20.0 5.574 -2.47 "" ""
4055.131 106.00112 1.568 -4.915 3.464 AX54R145
4055.14 66.1 1.22 -0.43 LAWLER ""
4055.152 58.1 0.808 -0.44 BIEMONT ""
4055.188 58.1 1.253 -0.36 "" ""
4055.214 25.0 4.357 -0.04 "" ""
4055.234 106.00113 0.986 -4.456 3.464 AX00R245
4055.247 106.00113 1.697 -8.14 3.464 CX14P175
4055.312 106.00113 1.077 -5.861 3.464 AX43P075
