wavelength species excitation loggf disassociation_energy comment
4608.962 24.0 5.076 -0.81 "" ""
4608.981 106.00112 2.165 -4.325 3.464 AX55Q215
4608.986 22.1 5.028 -2.58 "" ""
4608.995 607.01214 3.452 -2.158 7.724 1315Ra0025
4609.018 607.01214 3.452 -2.313 7.724 1315Rb0015
4609.02 607.01214 3.452 -3.458 7.724 1315Qd0025
4609.086 24.0 4.385 -3.29 "" ""
4609.141 40.0 1.581 -1.15 "" ""
4609.16 60.1 0.182 -2.3 LAWLER ""
4609.193 24.0 2.913 -5.38 "" ""
4609.265 22.1 1.179 -3.32 LAWLER ""
4609.267 40.0 0.65 -2.07 "" ""
4609.342 22.0 3.317 -2.07 "" ""
4609.354 23.1 3.121 -5.33 "" ""
4609.371 90.1 1.547 -1.26 "" ""
4609.406 106.00112 2.01 -1.661 3.464 AX55Q185
4609.409 106.00112 2.01 -4.079 3.464 AX55R175
4609.479 25.0 4.604 -3.28 "" ""
4609.481 106.00112 2.01 -3.945 3.464 AX55P185
4609.484 106.00112 2.01 -1.632 3.464 AX55Q175
4609.511 21.0 1.864 -1.02 "" ""
4609.528 23.1 6.681 -4.09 "" ""
4609.556 22.0 3.102 -0.74 "" ""
4609.569 106.00113 1.287 -8.512 3.464 CX04Q035
4609.632 23.1 6.097 -3.48 "" ""
4609.641 23.0 1.375 -1.96 "" ""
4609.656 607.01214 3.452 -2.313 7.724 1315Ra0015
4609.673 607.01214 3.452 -2.568 7.724 1315Rb0005
4609.674 607.01214 3.452 -3.266 7.724 1315Qd0015
4609.688 106.00112 1.724 -4.445 3.464 AX55P105
4609.695 106.00113 1.287 -11.349 3.464 CX04R035
4609.707 106.00112 1.724 -9.69 3.464 CX15P105
4609.715 25.0 4.604 -2.58 "" ""
4609.72 106.00113 1.425 -6.195 3.464 AX23R175
4609.802 60.0 0.14 -0.42 "" ""
4609.834 40.0 0.603 -2.11 "" ""
4609.861 92.1 0.036 -2.48 "" ""
4609.873 42.0 2.258 -0.63 "" ""
4609.895 24.0 4.444 -0.69 "" ""
4609.904 74.0 1.915 -0.85 "" ""
4609.905 28.0 4.085 -0.58 "" ""
4609.922 106.00112 1.263 -10.15 3.464 CX04R005
4609.939 24.0 3.32 -2.91 "" ""
4609.955 21.0 2.301 -2.25 "" ""
4609.984 106.00112 1.832 -10.134 3.464 CX15P135
4609.993 106.00113 1.287 -10.413 3.464 CX04P045
4610.007 24.0 4.102 -1.72 "" ""
4610.008 23.0 2.721 -4.55 "" ""
4610.081 24.0 4.398 -2.12 "" ""
4610.095 20.0 4.765 -1.94 "" ""
4610.102 40.0 0.542 -2.17 "" ""
4610.119 106.00113 1.287 -8.344 3.464 CX04Q045
4610.173 24.0 3.884 -4.34 "" ""
4610.327 22.0 1.979 -5.95 "" ""
4610.329 607.01214 3.451 -2.568 7.724 1315Ra0005
4610.339 607.01214 3.451 -2.868 7.724 1315Qd0005
4610.41 21.0 1.994 -1.7 "" ""
4610.463 58.0 0.0 -0.69 "" ""
4610.48 62.1 0.659 -2.42 LAWLER ""
4610.49 106.00112 1.846 -4.564 3.464 AX33P235
4610.554 106.00112 1.725 -4.477 3.464 AX55P105
4610.578 25.1 7.376 -2.37 "" ""
4610.594 26.1 5.566 -3.54 "" ""
4610.686 106.00112 1.758 -9.819 3.464 CX15P115
4610.691 41.0 1.353 -1.63 "" ""
4610.775 106.00112 1.793 -9.964 3.464 CX15P125
4610.784 24.0 3.885 -2.94 "" ""
4610.823 42.0 3.357 -1.57 "" ""
4610.835 24.0 3.102 -2.79 "" ""
4610.87 42.0 3.435 -1.46 "" ""
4610.919 23.0 1.042 -2.14 LAWNOHFS ""
4610.981 106.00112 1.755 -4.559 3.464 AX44P175
4611.035 106.00113 1.087 -5.971 3.464 AX12R165
4611.042 24.0 2.965 -2.24 "" ""
4611.047 64.0 1.948 0.38 "" ""
4611.062 26.0 3.298 -4.39 "" ""
4611.118 106.00112 1.796 -3.819 3.464 AX12R275
4611.151 106.00112 1.431 -6.195 3.464 AX23R175
4611.159 42.0 2.274 -1.67 "" ""
4611.174 20.0 5.014 -6.47 "" ""
4611.176 106.00113 2.09 -10.707 3.464 CX04P235
4611.185 26.0 2.851 -2.62 RUF14 ""
4611.208 106.00112 1.796 -3.632 3.464 AX12R265
4611.21 25.0 4.682 -3.01 "" ""
4611.25 62.0 0.101 -1.0 "" ""
4611.258 24.0 4.614 -2.42 "" ""
4611.279 26.0 3.651 -0.67 "" ""
4611.281 106.00112 1.796 -5.591 3.464 AX12Q275
4611.292 26.0 3.651 -2.64 "" ""
4611.293 24.0 3.009 -3.77 "" ""
4611.315 106.00112 1.091 -5.971 3.464 AX12R165
4611.319 106.00113 1.789 -3.819 3.464 AX12R275
4611.337 26.0 4.412 -3.57 "" ""
4611.348 26.0 0.914 -3.84 "" ""
4611.378 106.00112 2.166 -2.351 3.464 AX55R215
4611.42 22.1 5.424 -3.35 "" ""
4611.436 106.00113 1.789 -3.632 3.464 AX12R265
4611.437 25.0 4.604 -2.72 "" ""
4611.477 106.00113 1.789 -5.591 3.464 AX12Q275
4611.486 106.00112 2.166 -4.292 3.464 AX55Q215
4611.522 106.00112 2.166 -2.21 3.464 AX55R205
4611.545 58.1 1.532 -0.28 "" ""
4611.548 106.00113 1.753 -4.48 3.464 AX55P115
4611.632 22.0 2.235 -4.54 "" ""
4611.701 607.01214 3.452 -2.869 7.724 1315Qc0005
4611.702 607.01214 3.452 -2.567 7.724 1315Pa0015
4611.733 23.0 1.941 -1.2 "" ""
4611.763 106.00113 1.194 -5.694 3.464 BX12R185
4611.818 25.0 5.13 -3.33 "" ""
4611.846 106.00113 1.426 -6.144 3.464 AX23R175
4611.86 90.1 1.14 -1.55 "" ""
4611.881 106.00112 1.306 -11.422 3.464 CX04R045
4611.929 106.00112 1.306 -8.343 3.464 CX04Q045
4611.962 24.0 3.365 -1.12 "" ""
4611.969 27.0 3.968 -2.67 "" ""
4612.002 112.00124 0.639 -6.292 1.340 31P226b24
4612.06 62.1 0.434 -2.57 LAWLER ""
4612.08 59.1 0.0 -1.11 "" ""
4612.108 41.0 1.393 -1.41 "" ""
4612.139 24.0 4.096 -1.98 "" ""
4612.259 66.0 0.0 -0.37 "" ""
4612.261 24.0 5.076 -2.23 "" ""
4612.283 26.1 6.802 -3.07 "" ""
4612.322 44.0 1.062 -2.33 "" ""
4612.328 106.00112 1.306 -8.191 3.464 CX04Q055
4612.376 106.00112 1.306 -10.414 3.464 CX04P055
4612.391 24.1 5.658 -4.23 "" ""
4612.397 27.0 3.968 -1.87 "" ""
4612.398 607.01214 3.452 -3.267 7.724 1315Qc0015
4612.4 607.01214 3.452 -2.312 7.724 1315Pa0025
4612.409 607.01214 3.452 -2.567 7.724 1315Pb0015
4612.46 60.1 0.064 -1.82 LAWLER ""
4612.499 112.00124 0.744 -4.023 1.340 10R133b24
4612.514 106.00112 1.445 -3.336 3.464 AX01R265
4612.539 26.1 5.565 -4.39 "" ""
4612.544 106.00113 1.753 -4.514 3.464 AX55P115
4612.564 26.0 2.277 -4.53 "" ""
4612.601 106.00113 1.438 -3.336 3.464 AX01R265
4612.603 26.0 4.603 -2.25 "" ""
4612.616 23.0 1.891 -2.34 "" ""
4612.64 26.0 2.829 -3.78 "" ""
4612.693 26.0 2.756 -6.42 "" ""
4612.701 106.00112 1.445 -5.432 3.464 AX01Q265
4612.721 24.0 3.886 -4.27 "" ""
4612.722 26.0 4.59 -3.13 "" ""
4612.768 106.00113 1.438 -5.432 3.464 AX01Q265
4612.776 106.00112 1.445 -3.293 3.464 AX01R255
4612.809 106.00113 1.088 -5.922 3.464 AX12R165
4612.812 27.0 4.069 -2.54 "" ""
4612.824 106.00113 1.438 -3.293 3.464 AX01R255
4612.922 20.0 5.045 -4.82 "" ""
4612.934 26.0 4.442 -4.09 "" ""
4612.965 58.1 1.047 -0.85 "" ""
4612.99 39.0 1.917 -0.64 "" ""
4613.033 58.1 0.875 -1.22 LAWLER ""
4613.078 106.00112 1.432 -6.143 3.464 AX23R175
4613.099 22.0 3.303 -2.0 "" ""
4613.106 607.01214 3.454 -3.458 7.724 1315Qc0025
4613.108 607.01214 3.454 -2.157 7.724 1315Pa0035
4613.124 106.00112 1.092 -5.922 3.464 AX12R165
4613.124 106.00113 1.275 -8.703 3.464 CX04Q025
4613.124 607.01214 3.454 -2.312 7.724 1315Pb0025
4613.145 112.00124 0.549 -3.13 1.340 20P228b24
4613.203 26.0 3.289 -1.67 "" ""
4613.221 106.00113 1.275 -11.242 3.464 CX04R025
4613.233 26.0 4.431 -3.85 "" ""
4613.274 106.00112 1.569 -11.805 3.464 CX04Q135
4613.308 74.0 0.771 -2.08 "" ""
4613.337 106.00112 1.569 -7.15 3.464 CX04P145
4613.342 67.0 1.038 -0.24 "" ""
4613.357 24.0 0.96 -1.65 SOBECK ""
4613.376 57.1139 0.708 -1.283 Lawle01HFS ""
4613.379 57.1139 0.708 -1.772 Lawle01HFS ""
4613.381 57.1139 0.708 -2.471 Lawle01HFS ""
4613.384 106.00112 1.569 -7.205 3.464 CX04P135
4613.386 57.1139 0.708 -1.576 Lawle01HFS ""
4613.388 57.1139 0.708 -1.656 Lawle01HFS ""
4613.39 57.1139 0.708 -2.031 Lawle01HFS ""
4613.394 57.1139 0.708 -2.031 Lawle01HFS ""
4613.395 57.1139 0.708 -1.776 Lawle01HFS ""
4613.397 57.1139 0.708 -1.76 Lawle01HFS ""
4613.404 23.0 2.053 -8.66 "" ""
4613.466 106.00112 2.037 -3.943 3.464 AX44Q225
4613.469 26.0 4.309 -4.0 "" ""
4613.487 27.1 5.051 -6.0 "" ""
4613.504 62.1 0.333 -2.06 "" ""
4613.511 24.0 3.119 -2.48 "" ""
4613.513 106.00113 1.523 -7.276 3.464 CX04P125
4613.528 58.1 1.326 -1.53 LAWLER ""
4613.543 106.00112 2.037 -1.696 3.464 AX44P235
4613.554 106.00113 1.523 -7.208 3.464 CX04P135
4613.583 106.00112 2.037 -1.681 3.464 AX44P225
4613.621 106.00112 1.265 -9.727 3.464 CX04R015
4613.627 106.00113 2.024 -4.61 3.464 AX22P295
4613.643 106.00112 1.265 -10.72 3.464 CX04Q015
4613.657 26.0 4.59 -1.65 "" ""
4613.706 26.0 4.604 -2.37 "" ""
4613.755 106.00113 1.275 -10.382 3.464 CX04P035
4613.764 26.0 4.73 -3.14 "" ""
4613.783 21.0 1.438 -3.87 "" ""
4613.819 106.00112 1.091 -2.526 3.464 BX12R155
4613.824 607.01214 3.455 -3.589 7.724 1315Qc0035
4613.828 607.01214 3.455 -2.044 7.724 1315Pa0045
4613.83 66.0 2.17 0.47 "" ""
4613.849 607.01214 3.455 -2.157 7.724 1315Pb0035
4613.852 106.00113 1.275 -8.511 3.464 CX04Q035
4613.896 106.00113 1.523 -11.822 3.464 CX04Q125
4613.908 23.0 2.579 -2.23 "" ""
4613.909 26.0 4.635 -3.97 "" ""
4613.946 40.1 0.972 -1.54 Ljung06 ""
4613.955 106.00112 1.091 -6.888 3.464 BX12Q165
4613.962 26.0 4.603 -2.79 "" ""
4613.965 69.0 2.199 -0.06 "" ""
4613.976 23.0 2.579 -4.22 "" ""
4614.006 27.0 3.968 -0.66 "" ""
4614.007 106.00112 1.848 -4.63 3.464 AX33P235
4614.036 106.00112 1.091 -2.572 3.464 BX12R165
4614.056 24.0 3.432 -2.58 "" ""
4614.107 22.0 2.229 -0.88 "" ""
4614.124 24.0 3.011 -3.03 "" ""
4614.13 23.0 2.741 -3.14 "" ""
4614.147 24.0 3.102 -5.01 "" ""
4614.205 26.0 3.298 -2.62 "" ""
4614.272 22.0 2.406 -1.5 "" ""
4614.334 21.0 2.336 -4.15 "" ""
4614.335 22.0 2.479 -3.02 "" ""
4614.345 22.1 5.424 -4.72 "" ""
4614.381 26.0 4.59 -1.69 "" ""
4614.466 69.1 2.732 -0.46 "" ""
4614.497 64.0 0.841 0.26 "" ""
4614.511 24.0 3.847 -0.79 "" ""
4614.53 22.0 2.083 -5.2 "" ""
4614.553 607.01214 3.457 -3.688 7.724 1315Qc0045
4614.557 607.01214 3.457 -1.954 7.724 1315Pa0055
4614.581 28.0 3.594 -2.46 "" ""
4614.585 607.01214 3.457 -2.044 7.724 1315Pb0045
4614.632 25.0 4.723 -3.08 "" ""
4614.679 75.0 2.147 -1.64 "" ""
4614.714 24.0 5.077 -4.24 "" ""
4614.731 24.0 3.367 -1.61 "" ""
4614.742 42.0 3.396 -1.33 "" ""
4614.813 23.0 2.676 -4.11 "" ""
4614.82 66.0 2.17 0.47 "" ""
4614.845 74.0 2.42 -1.13 "" ""
4614.888 24.1 5.666 -4.63 "" ""
4614.911 24.1 7.38 -3.49 "" ""
4614.972 24.0 4.156 -1.88 "" ""
4614.989 24.0 3.011 -4.51 "" ""
4615.06 106.00113 1.258 -9.416 3.464 CX04Q005
4615.063 57.0 0.896 -1.02 "" ""
4615.101 106.00113 1.258 -10.152 3.464 CX04R005
4615.133 22.0 1.967 -4.24 "" ""
4615.185 58.0 0.0 -0.58 "" ""
4615.194 20.0 5.041 -4.51 "" ""
4615.198 106.00113 0.87 -2.499 3.464 BX12P105
4615.204 26.0 4.59 -2.02 "" ""
4615.22 106.00113 1.791 -3.82 3.464 AX12R275
4615.247 106.00113 0.87 -6.994 3.464 BX12Q105
4615.288 106.00112 1.798 -3.819 3.464 AX12R275
4615.293 607.01214 3.46 -3.769 7.724 1315Qc0055
4615.298 607.01214 3.46 -1.88 7.724 1315Pa0065
4615.3 24.0 4.851 -3.83 "" ""
4615.332 607.01214 3.46 -1.954 7.724 1315Pb0055
4615.377 106.00113 1.791 -5.55 3.464 AX12Q275
4615.39 28.0 4.102 -1.61 "" ""
4615.44 62.1 0.543 -0.69 LAWLER ""
4615.454 106.00112 1.798 -5.55 3.464 AX12Q275
4615.464 106.00113 0.87 -2.471 3.464 BX12P115
4615.513 106.00113 1.791 -3.633 3.464 AX12R265
4615.532 106.00112 1.798 -3.633 3.464 AX12R265
4615.565 26.0 4.577 -1.32 "" ""
4615.621 25.0 4.662 -1.23 "" ""
4615.643 106.00113 1.266 -8.948 3.464 CX04Q015
4615.661 24.0 3.884 -3.31 "" ""
4615.68 62.1 0.188 -0.84 LAWLER ""
4615.712 106.00113 1.266 -11.096 3.464 CX04R015
4615.73 26.0 4.59 -1.5 "" ""
4615.742 22.0 2.083 -5.7 "" ""
4615.866 68.1 2.287 -1.3 LAWLER ""
4615.884 26.0 2.586 -5.45 "" ""
4615.93 60.1 1.12 -1.54 LAWLER ""
4615.94 69.1 2.053 -0.35 LAWLER ""
4616.044 607.01214 3.462 -3.836 7.724 1315Qc0065
4616.05 607.01214 3.462 -1.817 7.724 1315Pa0075
4616.089 607.01214 3.462 -1.881 7.724 1315Pb0065
4616.124 24.0 0.982 -1.19 SOBECK ""
4616.158 41.0 0.197 -1.26 "" ""
4616.169 22.1 5.419 -3.68 "" ""
4616.241 24.1 5.666 -1.64 "" ""
4616.247 22.0 3.106 0.15 "" ""
4616.263 23.0 2.038 -8.59 "" ""
4616.275 27.1 5.204 -2.28 "" ""
4616.345 106.00113 0.953 -5.556 3.464 BX01P185
4616.378 77.0 1.514 -1.87 "" ""
4616.383 15.0 7.207 -2.0 "" ""
4616.438 106.00112 1.291 -11.347 3.464 CX04R035
4616.467 23.0 1.182 -1.79 "" ""
4616.477 106.00112 1.291 -8.51 3.464 CX04Q035
4616.49 62.1 0.0 -2.17 LAWLER ""
4616.523 24.1 7.381 -2.48 "" ""
4616.57 27.0 1.709 -4.49 "" ""
4616.577 106.00112 2.039 -1.696 3.464 AX44P235
4616.6 26.0 4.59 -0.99 "" ""
4616.612 62.0 0.498 -1.4 "" ""
4616.622 42.0 3.161 -1.32 "" ""
4616.624 24.1 4.072 -1.42 Lawler17 ""
4616.626 106.00112 2.039 -3.981 3.464 AX44Q225
4616.653 106.00113 1.266 -10.292 3.464 CX04P025
4616.716 24.0 4.609 -0.87 "" ""
4616.723 106.00113 1.266 -8.701 3.464 CX04Q025
4616.73 60.1 0.38 -2.0 LAWLER ""
4616.743 106.00112 2.039 -1.681 3.464 AX44P225
4616.785 76.0 1.368 -1.78 Quinet06 ""
4616.806 607.01214 3.466 -3.895 7.724 1315Qc0075
4616.813 607.01214 3.466 -1.762 7.724 1315Pa0085
4616.814 22.0 2.159 -2.99 "" ""
4616.857 23.0 1.944 -2.28 "" ""
4616.858 607.01214 3.466 -1.817 7.724 1315Pb0075
4616.883 24.0 3.963 -3.61 "" ""
4616.886 106.00112 2.1 -10.706 3.464 CX04P235
4616.903 106.00113 0.992 -2.157 3.464 BX12Q135
4616.97 106.00113 0.992 -5.528 3.464 BX12P145
4616.971 106.00113 0.992 -5.49 3.464 BX12R135
4616.994 106.00112 1.291 -8.343 3.464 CX04Q045
4617.001 106.00112 2.031 -4.609 3.464 AX22P295
4617.034 106.00112 1.291 -10.411 3.464 CX04P045
4617.038 106.00113 0.992 -2.148 3.464 BX12Q145
4617.196 112.00124 0.703 -3.555 1.340 10R132b24
4617.269 22.0 1.748 0.44 LAWLER ""
4617.269 66.1 0.589 -1.86 "" ""
4617.348 106.00113 1.9 -4.586 3.464 AX33P245
4617.37 24.0 2.98 -2.67 "" ""
4617.547 112.00124 0.586 -5.104 1.340 20P229b24
4617.563 24.0 4.528 -3.92 "" ""
4617.58 607.01214 3.469 -3.946 7.724 1315Qc0085
4617.582 23.0 2.581 -1.94 "" ""
4617.587 607.01214 3.469 -1.713 7.724 1315Pa0095
4617.637 607.01214 3.469 -1.762 7.724 1315Pb0085
4617.639 42.0 3.315 -1.36 "" ""
4617.721 59.0 0.0 -0.78 "" ""
4617.808 25.1 6.107 -3.54 "" ""
4617.862 28.0 4.102 -0.53 "" ""
4617.881 24.1 5.666 -3.48 "" ""
4617.95 42.0 2.834 -1.47 "" ""
4617.961 28.0 3.765 -2.07 "" ""
4618.109 23.1 2.274 -3.79 "" ""
4618.125 106.00113 2.027 -4.687 3.464 AX22P295
4618.224 62.0 0.387 -1.43 "" ""
4618.364 607.01214 3.473 -3.992 7.724 1315Qc0095
4618.372 607.01214 3.473 -1.669 7.724 1315Pa0105
4618.428 607.01214 3.473 -1.713 7.724 1315Pb0095
4618.443 106.00112 0.873 -2.498 3.464 BX12P105
4618.463 23.0 2.503 -3.73 "" ""
4618.485 106.00113 1.214 -2.634 3.464 BX11P225
4618.491 106.00112 0.873 -6.994 3.464 BX12Q105
4618.519 23.1 5.533 -1.09 "" ""
4618.573 106.00113 1.214 -6.796 3.464 BX11Q225
4618.596 27.1 3.626 -4.78 "" ""
4618.643 106.00113 1.214 -2.174 3.464 BX11P235
4618.645 26.0 4.73 -2.83 "" ""
4618.71 106.00112 0.873 -2.471 3.464 BX12P115
4618.726 27.0 4.061 -3.83 "" ""
4618.748 106.00112 1.721 -3.632 3.464 AX12R265
4618.757 26.0 2.947 -2.34 "" ""
4618.764 106.00113 1.261 -10.046 3.464 CX04P015
4618.792 22.0 2.343 -2.49 "" ""
4618.799 23.0 1.05 -2.44 LAWNOHFS ""
4618.805 106.00113 1.261 -8.942 3.464 CX04Q015
4618.807 24.1 4.074 -0.89 Lawler17 ""
4618.815 106.00113 1.714 -3.632 3.464 AX12R265
4618.819 22.0 3.291 -1.82 "" ""
4618.832 106.00112 1.721 -3.497 3.464 AX12R255
4618.846 22.0 2.504 -5.76 "" ""
4618.882 25.0 4.709 -2.75 "" ""
4618.884 24.1 3.754 -4.22 "" ""
4618.907 106.00112 1.721 -5.504 3.464 AX12Q265
4618.921 106.00113 1.714 -3.497 3.464 AX12R255
4618.921 24.0 4.529 -2.09 "" ""
4618.93 58.1 0.932 -1.5 LAWLER ""
