wavelength species excitation loggf disassociation_energy comment
4268.516 106.00113 1.97 -4.331 3.464 AX54P225
4268.531 20.0 4.677 -2.51 "" ""
4268.537 106.00112 0.956 -2.984 3.464 BX11R185
4268.559 69.0 2.149 0.15 "" ""
4268.573 22.0 3.152 -2.51 "" ""
4268.576 22.0 2.235 -2.82 "" ""
4268.598 22.0 2.159 -2.35 "" ""
4268.603 26.0 4.1 -3.86 "" ""
4268.612 26.0 4.59 -1.35 "" ""
4268.618 22.0 2.159 -2.32 "" ""
4268.632 106.00112 0.956 -7.636 3.464 BX11Q195
4268.638 23.0 1.866 0.55 LAWNOHFS ""
4268.663 41.0 0.019 -1.58 "" ""
4268.679 24.0 4.609 -3.0 "" ""
4268.686 25.0 4.824 -2.32 "" ""
4268.713 106.00112 0.956 -3.02 3.464 BX11R195
4268.73 64.1 1.101 -0.63 LAWLER ""
4268.735 106.00113 1.77 -5.516 3.464 AX43P225
4268.737 28.0 3.396 -2.95 "" ""
4268.749 26.0 3.298 -1.46 "" ""
4268.783 24.0 3.977 -0.22 "" ""
4268.846 92.1 0.284 -1.82 "" ""
4268.854 25.0 5.108 -2.48 "" ""
4268.883 24.1 6.479 -1.57 "" ""
4268.909 21.0 2.134 -1.7 "" ""
4268.909 22.0 2.29 -1.24 "" ""
4268.987 24.0 3.108 -3.53 "" ""
4268.993 24.0 3.077 -2.35 "" ""
4269.005 106.00112 0.787 -5.382 3.464 BX01R165
4269.02 6.0 7.679 -2.54 "" ""
4269.095 24.0 3.889 -3.21 "" ""
4269.105 24.0 3.836 -1.05 "" ""
4269.154 26.0 4.188 -2.62 "" ""
4269.174 28.0 3.396 -2.51 "" ""
4269.176 58.1 0.792 -1.41 LAWLER ""
4269.188 23.0 2.357 -8.38 "" ""
4269.249 58.1 0.969 -0.51 "" ""
4269.255 106.00113 0.521 -5.383 3.464 BX01R105
4269.26 106.00113 1.755 -0.882 3.464 AX00Q335
4269.272 24.1 3.854 -2.08 Lawler17 ""
4269.279 42.0 2.644 -0.39 "" ""
4269.33 24.0 3.842 -2.05 "" ""
4269.333 20.0 6.003 -4.8 "" ""
4269.378 106.00113 1.755 -3.8 3.464 AX00R325
4269.384 74.0 0.366 -1.28 "" ""
4269.398 106.00113 1.849 -0.879 3.464 AX00Q345
4269.401 22.0 1.878 -5.88 "" ""
4269.419 27.1 3.626 -2.93 "" ""
4269.425 106.00113 1.755 -3.776 3.464 AX00P335
4269.461 25.1 6.9 -6.21 "" ""
4269.468 106.00112 0.433 -1.672 3.464 AX11R065
4269.492 57.1 1.781 0.03 "" ""
4269.5 22.0 1.429 -3.82 "" ""
4269.519 106.00113 1.849 -3.819 3.464 AX00R335
4269.525 106.00112 1.764 -0.882 3.464 AX00Q335
4269.527 106.00112 1.314 -3.678 3.464 AX00R275
4269.536 26.0 4.431 -1.75 "" ""
4269.54 106.00113 1.662 -0.885 3.464 AX00Q325
4269.542 106.00113 1.755 -0.885 3.464 AX00Q325
4269.565 106.00113 1.849 -3.792 3.464 AX00P345
4269.59 106.00112 1.314 -0.911 3.464 AX00Q285
4269.604 24.0 3.011 -5.96 "" ""
4269.605 92.1 0.217 -1.58 "" ""
4269.612 76.0 2.342 -0.76 "" ""
4269.613 106.00112 1.764 -3.8 3.464 AX00R325
4269.618 106.00113 0.431 -1.672 3.464 AX11R065
4269.62 106.00113 1.307 -3.678 3.464 AX00R275
4269.642 24.0 2.706 -3.69 "" ""
4269.654 106.00113 1.662 -3.782 3.464 AX00R315
4269.662 106.00113 1.307 -0.911 3.464 AX00Q285
4269.686 106.00113 1.849 -0.882 3.464 AX00Q335
4269.694 106.00112 1.314 -0.92 3.464 AX00Q275
4269.702 106.00113 1.662 -3.76 3.464 AX00P325
4269.708 106.00112 1.671 -0.885 3.464 AX00Q325
4269.72 106.00112 1.764 -3.776 3.464 AX00P335
4269.753 23.0 1.847 -0.66 LAWNOHFS ""
4269.756 106.00112 1.314 -3.722 3.464 AX00P285
4269.764 62.1 0.248 -2.36 "" ""
4269.767 106.00113 1.307 -0.92 3.464 AX00Q275
4269.773 74.0 2.265 -0.49 "" ""
4269.788 106.00112 1.859 -0.879 3.464 AX00Q345
4269.789 106.00112 0.433 -3.124 3.464 AX11Q075
4269.794 106.00112 1.671 -3.782 3.464 AX00R315
4269.807 106.00112 1.764 -0.885 3.464 AX00Q325
4269.81 106.00113 1.307 -3.722 3.464 AX00P285
4269.816 106.00113 1.662 -0.89 3.464 AX00Q315
4269.82 106.00112 0.433 -1.616 3.464 AX11R075
4269.858 106.00112 0.433 -1.672 3.464 AX11R065
4269.874 26.0 3.394 -1.33 "" ""
4269.876 106.00112 1.859 -3.819 3.464 AX00R335
4269.897 106.00112 1.671 -3.76 3.464 AX00P325
4269.933 106.00113 0.431 -3.124 3.464 AX11Q075
4269.943 90.0 1.005 -1.07 "" ""
4269.946 68.0 1.473 0.11 "" ""
4269.95 24.0 3.085 -1.02 "" ""
4269.965 106.00113 0.431 -1.616 3.464 AX11R075
4269.984 106.00112 1.671 -0.89 3.464 AX00Q315
4269.988 106.00112 1.859 -3.792 3.464 AX00P345
4269.998 106.00113 0.431 -1.672 3.464 AX11R065
4270.02 106.00113 1.944 -9.498 3.464 AX50Q355
4270.039 24.0 4.436 -4.44 "" ""
4270.076 106.00112 1.859 -0.882 3.464 AX00Q335
4270.081 26.0 4.188 -3.36 "" ""
4270.09 23.0 2.682 -2.56 "" ""
4270.12 106.00113 1.077 -4.02 3.464 AX33R085
4270.126 22.0 2.316 -0.17 "" ""
4270.134 106.00112 0.433 -3.112 3.464 AX11Q075
4270.136 27.0 3.949 -2.05 "" ""
4270.144 106.00113 1.944 -5.791 3.464 AX50R345
4270.161 23.1 6.182 -4.19 "" ""
4270.168 106.00112 0.433 -1.617 3.464 AX11R075
4270.178 106.00113 1.572 -0.89 3.464 AX00Q315
4270.184 58.1 0.56 -0.27 LAWLER ""
4270.189 106.00113 1.944 -3.809 3.464 AX00P355
4270.202 106.00112 1.081 -4.02 3.464 AX33R085
4270.248 20.0 4.621 -2.44 "" ""
4270.272 106.00112 1.58 -0.89 3.464 AX00Q315
4270.273 106.00113 0.432 -3.112 3.464 AX11Q075
4270.274 64.0 0.841 -0.6 "" ""
4270.288 106.00113 1.572 -3.763 3.464 AX00R305
4270.3 26.0 2.586 -3.74 "" ""
4270.305 106.00113 0.432 -1.617 3.464 AX11R075
4270.305 23.0 2.573 0.26 "" ""
4270.312 106.00113 1.944 -0.879 3.464 AX00Q345
4270.317 23.0 1.802 -0.5 LAWNOHFS ""
4270.319 24.0 3.009 -5.72 "" ""
4270.323 26.0 4.545 -3.78 "" ""
4270.329 90.1 1.914 -0.74 "" ""
4270.337 106.00113 1.572 -3.743 3.464 AX00P315
4270.357 106.00112 1.58 -3.763 3.464 AX00R305
4270.358 27.0 2.54 -1.76 "" ""
4270.379 26.1 4.491 -4.72 "" ""
4270.415 27.0 1.048 -3.66 "" ""
4270.422 27.0 2.868 -2.26 "" ""
4270.424 106.00112 0.523 -5.383 3.464 BX01R105
4270.447 106.00113 1.572 -0.896 3.464 AX00Q305
4270.456 106.00112 1.58 -3.743 3.464 AX00P315
4270.476 24.0 4.609 -0.96 "" ""
4270.525 106.00113 1.078 -3.993 3.464 AX33R085
4270.541 106.00112 1.58 -0.896 3.464 AX00Q305
4270.555 106.00112 1.875 -5.88 3.464 AX32P275
4270.57 106.00112 1.954 -0.878 3.464 AX00Q355
4270.57 60.1 0.0 -1.27 LAWLER ""
4270.613 106.00112 1.081 -3.993 3.464 AX33R085
4270.657 106.00112 1.954 -3.839 3.464 AX00R345
4270.678 23.1 1.702 -3.53 "" ""
4270.687 106.00112 0.694 -3.701 3.464 AX22R045
4270.687 41.0 1.12 -0.57 "" ""
4270.698 27.1 3.116 -4.83 "" ""
4270.699 24.0 3.11 -4.43 "" ""
4270.705 62.1 0.184 -2.27 "" ""
4270.714 58.1 0.957 -0.07 BIEMONT ""
4270.742 24.0 3.011 -5.46 "" ""
4270.765 106.00113 0.692 -3.701 3.464 AX22R045
4270.775 106.00112 1.954 -3.808 3.464 AX00P355
4270.78 21.0 2.144 -1.43 "" ""
4270.799 106.00112 0.694 -3.685 3.464 AX22R045
4270.83 106.00113 1.972 -1.711 3.464 AX54Q225
4270.846 106.00112 1.954 -5.315 3.464 AX50R355
4270.85 62.1 0.659 -0.87 LAWLER ""
4270.861 106.00112 1.954 -0.879 3.464 AX00Q345
4270.873 106.00113 1.972 -4.217 3.464 AX54R215
4270.876 106.00113 0.692 -3.685 3.464 AX22R045
4270.893 106.00113 1.972 -4.307 3.464 AX54P225
4270.895 74.0 2.965 -0.18 "" ""
4270.924 24.0 2.707 -2.91 "" ""
4270.935 106.00113 1.972 -1.74 3.464 AX54Q215
4270.942 27.0 3.663 -2.71 "" ""
4271.0 22.0 3.137 -2.22 "" ""
4271.006 26.0 3.265 -8.33 "" ""
4271.028 106.00112 1.954 -9.498 3.464 AX50Q355
4271.053 106.00112 0.838 -1.593 3.464 AX22R095
4271.061 24.0 3.102 -0.73 "" ""
4271.09 106.00113 0.835 -1.593 3.464 AX22R095
4271.105 90.1 0.23 -2.45 "" ""
4271.115 106.00112 1.954 -5.791 3.464 AX50R345
4271.122 106.00113 1.482 -0.896 3.464 AX00Q305
4271.15 24.0 4.437 -4.01 "" ""
4271.153 26.0 2.448 -0.35 "" ""
4271.16 106.00112 1.49 -0.896 3.464 AX00Q305
4271.181 24.0 3.008 -4.14 "" ""
4271.216 25.0 4.791 -2.11 "" ""
4271.227 106.00113 1.482 -3.745 3.464 AX00R295
4271.24 24.0 3.889 -0.69 "" ""
4271.243 106.00112 1.49 -3.745 3.464 AX00R295
4271.251 106.00112 0.838 -1.555 3.464 AX22R105
4271.262 106.00112 0.838 -3.305 3.464 AX22Q105
4271.278 106.00113 1.482 -3.727 3.464 AX00P305
4271.282 106.00113 0.835 -1.555 3.464 AX22R105
4271.296 106.00113 0.835 -3.305 3.464 AX22Q105
4271.302 106.00112 1.23 -3.66 3.464 AX00R265
4271.338 106.00112 1.49 -3.727 3.464 AX00P305
4271.34 23.0 2.129 -3.45 "" ""
4271.353 106.00112 1.23 -0.92 3.464 AX00Q275
4271.37 24.0 3.373 -3.18 "" ""
4271.383 106.00113 1.482 -0.903 3.464 AX00Q295
4271.386 22.0 2.479 -2.35 "" ""
4271.398 20.0 5.87 -2.56 "" ""
4271.398 28.0 3.191 -3.43 "" ""
4271.404 25.0 4.35 -2.92 "" ""
4271.407 607.01214 3.386 -1.987 7.724 1314Rb0255
4271.414 106.00113 1.223 -3.66 3.464 AX00R265
4271.421 106.00112 1.49 -0.903 3.464 AX00Q295
4271.453 22.0 2.486 -3.04 "" ""
4271.46 106.00113 1.223 -0.92 3.464 AX00Q275
4271.462 106.00112 1.23 -0.93 3.464 AX00Q265
4271.483 24.0 3.011 -4.99 "" ""
4271.501 607.01214 3.376 -1.987 7.724 1314Ra0255
4271.51 73.0 1.324 -1.49 "" ""
4271.521 607.01214 3.376 -1.993 7.724 1314Rb0245
4271.527 106.00112 1.23 -3.704 3.464 AX00P275
4271.548 23.0 1.858 0.42 LAWNOHFS ""
4271.557 106.00113 1.223 -0.93 3.464 AX00Q265
4271.576 607.01214 3.376 -5.084 7.724 1314Qd0255
4271.603 106.00113 1.223 -3.704 3.464 AX00P275
4271.631 607.01214 3.366 -1.993 7.724 1314Ra0245
4271.643 26.0 2.196 -4.58 "" ""
4271.657 607.01214 3.366 -1.999 7.724 1314Rb0235
4271.709 607.01214 3.366 -5.057 7.724 1314Qd0245
4271.709 69.0 1.087 -0.32 "" ""
4271.761 26.0 1.484 -0.17 OBR91 ""
4271.769 106.00112 0.839 -1.593 3.464 AX22R095
4271.77 26.0 3.249 -5.61 "" ""
4271.783 607.01214 3.356 -1.999 7.724 1314Ra0235
4271.791 106.00113 0.836 -1.593 3.464 AX22R095
4271.8 23.0 2.682 -1.97 "" ""
4271.813 607.01214 3.356 -2.007 7.724 1314Rb0225
4271.862 62.0 0.282 -0.62 "" ""
4271.864 607.01214 3.356 -5.031 7.724 1314Qd0235
4271.9 23.0 2.364 -5.27 "" ""
4271.908 106.00113 1.865 -5.805 3.464 AX32P275
4271.917 106.00112 0.839 -3.288 3.464 AX22Q105
4271.922 106.00112 0.839 -1.555 3.464 AX22R105
4271.935 106.00113 0.836 -1.555 3.464 AX22R105
4271.937 22.1 2.06 -3.29 "" ""
4271.941 26.0 2.431 -4.79 "" ""
4271.942 106.00113 0.836 -3.288 3.464 AX22Q105
4271.957 607.01214 3.347 -2.007 7.724 1314Ra0225
4271.991 607.01214 3.347 -2.017 7.724 1314Rb0215
4272.01 62.1 0.188 -1.97 LAWLER ""
4272.012 106.00113 0.837 -5.375 3.464 BX01R175
4272.039 607.01214 3.347 -5.005 7.724 1314Qd0225
4272.049 42.0 3.245 -0.89 "" ""
4272.117 106.00113 1.772 -5.579 3.464 AX43P225
4272.118 22.0 2.394 -3.21 "" ""
4272.123 59.1141 0.371 -3.829 LI/LAW ""
4272.145 59.1141 0.371 -2.255 LI/LAW ""
4272.145 59.1141 0.371 -3.646 LI/LAW ""
4272.151 607.01214 3.338 -2.017 7.724 1314Ra0215
4272.156 22.0 3.152 -3.55 "" ""
4272.163 59.1141 0.371 -1.164 LI/LAW ""
4272.171 59.1141 0.371 -2.057 LI/LAW ""
4272.172 59.1141 0.371 -3.708 LI/LAW ""
4272.189 607.01214 3.338 -2.027 7.724 1314Rb0205
4272.193 59.1141 0.371 -1.096 LI/LAW ""
4272.202 28.0 4.415 -2.14 "" ""
4272.202 59.1141 0.371 -2.006 LI/LAW ""
4272.203 59.1141 0.371 -4.017 LI/LAW ""
4272.206 24.0 4.204 -1.28 "" ""
4272.228 59.1141 0.371 -1.027 LI/LAW ""
4272.235 607.01214 3.338 -4.977 7.724 1314Qd0215
4272.238 27.1 3.483 -2.95 "" ""
4272.238 59.1141 0.371 -2.053 LI/LAW ""
4272.251 40.1 1.827 -0.95 Ljung06 ""
4272.268 59.1141 0.371 -0.959 LI/LAW ""
4272.278 59.1141 0.371 -2.251 LI/LAW ""
4272.312 59.1141 0.371 -0.893 LI/LAW ""
4272.321 106.00112 1.403 -0.903 3.464 AX00Q295
4272.324 106.00113 1.395 -0.903 3.464 AX00Q295
4272.326 22.0 2.343 -1.16 LAWLER ""
4272.359 27.1 5.204 -4.16 "" ""
4272.361 59.1141 0.371 -0.828 LI/LAW ""
4272.366 607.01214 3.329 -2.027 7.724 1314Ra0205
4272.401 106.00112 1.403 -3.727 3.464 AX00R285
4272.407 607.01214 3.329 -2.039 7.724 1314Rb0195
4272.424 106.00113 1.395 -3.727 3.464 AX00R285
4272.424 22.0 0.825 -1.51 LAWLER ""
4272.451 607.01214 3.329 -4.95 7.724 1314Qd0205
4272.476 106.00113 1.395 -3.711 3.464 AX00P295
4272.493 106.00112 1.403 -3.711 3.464 AX00P295
4272.53 26.0 4.217 -3.96 "" ""
4272.556 25.1 7.376 -4.48 "" ""
4272.573 106.00112 1.403 -0.911 3.464 AX00Q285
4272.576 106.00113 1.395 -0.911 3.464 AX00Q285
4272.602 607.01214 3.321 -2.039 7.724 1314Ra0195
4272.645 607.01214 3.321 -2.053 7.724 1314Rb0185
4272.687 607.01214 3.321 -4.922 7.724 1314Qd0195
4272.704 106.00112 2.222 -6.382 3.464 CX15R225
4272.74 27.0 3.949 -3.85 "" ""
4272.747 24.0 3.011 -5.41 "" ""
4272.78 60.1 0.0 -1.14 LAWLER ""
4272.804 20.0 6.022 -4.73 "" ""
4272.846 106.00112 2.222 -11.31 3.464 CX15Q225
4272.857 607.01214 3.314 -2.053 7.724 1314Ra0185
4272.86 72.1 1.671 -1.04 LAWLER ""
4272.863 26.0 3.639 -4.22 "" ""
4272.868 25.0 4.317 -1.87 "" ""
4272.874 90.0 1.09 -0.69 "" ""
4272.883 106.00112 2.222 -6.344 3.464 CX15R215
4272.902 607.01214 3.314 -2.068 7.724 1314Rb0175
4272.903 24.0 2.897 -0.98 SOBECK ""
4272.936 106.00113 0.488 -5.371 3.464 BX01R095
4272.942 607.01214 3.314 -4.893 7.724 1314Qd0185
4272.968 41.0 1.353 -1.27 "" ""
4272.985 26.0 4.47 -2.36 "" ""
4273.009 25.0 4.357 -2.19 "" ""
4273.058 42.0 2.062 -1.49 "" ""
4273.065 3.0 1.846 -2.07 "" ""
4273.116 24.1 6.482 -3.21 "" ""
4273.127 3.0 1.846 -1.77 "" ""
4273.133 607.01214 3.306 -2.068 7.724 1314Ra0175
4273.155 22.0 1.442 -5.03 "" ""
4273.161 42.0 2.985 -1.74 "" ""
4273.178 607.01214 3.306 -2.085 7.724 1314Rb0165
4273.216 607.01214 3.306 -4.863 7.724 1314Qd0175
4273.23 106.00112 1.148 -3.642 3.464 AX00R255
4273.246 23.0 3.281 -2.79 "" ""
4273.246 27.0 4.107 -3.87 "" ""
4273.291 64.0 0.896 -0.55 "" ""
4273.292 22.0 2.304 -0.91 "" ""
4273.296 106.00112 1.148 -0.93 3.464 AX00Q265
4273.305 27.0 3.71 -4.98 "" ""
4273.322 20.0 4.765 -2.12 "" ""
4273.326 26.1 2.705 -3.38 MELBAR ""
4273.348 41.0 1.499 -1.2 "" ""
4273.352 106.00113 1.142 -3.642 3.464 AX00R255
4273.358 90.1 1.038 -0.9 "" ""
4273.364 26.0 2.402 -3.83 "" ""
4273.384 106.00112 1.148 -0.941 3.464 AX00Q255
4273.403 106.00113 1.142 -0.93 3.464 AX00Q265
4273.418 23.0 2.614 -2.06 "" ""
4273.418 45.0 1.731 -0.99 "" ""
4273.427 607.01214 3.299 -2.085 7.724 1314Ra0165
4273.442 58.1 1.091 -0.42 "" ""
4273.451 106.00112 1.148 -3.686 3.464 AX00P265
4273.473 607.01214 3.299 -2.103 7.724 1314Rb0155
4273.475 106.00112 0.073 -1.686 3.464 AX00R055
4273.488 24.0 3.011 -5.65 "" ""
4273.49 106.00113 1.142 -0.941 3.464 AX00Q255
4273.509 607.01214 3.299 -4.833 7.724 1314Qd0165
4273.513 40.1 0.758 -1.48 Ljung06 ""
4273.537 20.0 5.927 -3.96 "" ""
4273.538 106.00112 0.841 -5.375 3.464 BX01R175
4273.541 106.00113 1.142 -3.686 3.464 AX00P265
4273.555 20.0 4.76 -1.75 "" ""
4273.637 22.0 3.177 -2.13 "" ""
4273.641 27.0 3.527 -2.41 "" ""
4273.643 11.0 2.101 -2.37 "" ""
4273.644 106.00113 0.073 -1.686 3.464 AX00R055
4273.686 74.0 2.785 -0.27 "" ""
4273.709 106.00112 1.317 -0.911 3.464 AX00Q285
4273.735 24.0 4.613 -1.66 "" ""
4273.741 607.01214 3.293 -2.103 7.724 1314Ra0155
4273.742 106.00113 1.309 -0.911 3.464 AX00Q285
4273.766 20.0 4.621 -3.96 "" ""
4273.774 22.0 2.425 -2.62 "" ""
4273.776 26.0 3.045 -4.96 "" ""
4273.783 106.00112 0.073 -1.686 3.464 AX00R055
4273.785 106.00112 1.317 -3.709 3.464 AX00R275
4273.787 607.01214 3.293 -2.124 7.724 1314Rb0145
4273.811 22.0 3.106 -0.6 "" ""
4273.82 607.01214 3.293 -4.801 7.724 1314Qd0155
4273.836 106.00113 1.31 -3.709 3.464 AX00R275
4273.838 12.0 4.343 -3.02 "" ""
4273.866 106.00112 0.074 -3.036 3.464 AX00Q065
4273.868 26.0 3.069 -2.75 "" ""
4273.875 106.00112 1.317 -3.694 3.464 AX00P285
4273.89 106.00113 1.309 -3.694 3.464 AX00P285
4273.905 26.0 4.257 -4.13 "" ""
4273.919 106.00112 0.074 -1.621 3.464 AX00R065
4273.948 106.00113 0.073 -1.686 3.464 AX00R055
4273.952 106.00112 1.317 -0.92 3.464 AX00Q275
4273.965 24.0 3.085 -6.17 "" ""
4273.97 92.1 0.113 -1.99 "" ""
4273.984 106.00113 1.31 -0.92 3.464 AX00Q275
4274.011 24.0 3.09 -2.43 "" ""
4274.025 90.1 1.902 -0.45 "" ""
4274.032 106.00113 0.073 -3.036 3.464 AX00Q065
4274.035 62.0 0.282 -1.79 "" ""
4274.039 42.0 3.435 -1.1 "" ""
4274.073 607.01214 3.287 -2.124 7.724 1314Ra0145
4274.085 106.00113 0.073 -1.62 3.464 AX00R065
4274.103 22.1 5.229 -2.61 "" ""
4274.119 106.00112 0.49 -5.371 3.464 BX01R095
4274.119 607.01214 3.287 -2.146 7.724 1314Rb0135
4274.133 106.00112 0.074 -3.025 3.464 AX00Q065
4274.15 607.01214 3.287 -4.768 7.724 1314Qd0145
4274.168 64.0 0.0 -0.82 "" ""
4274.186 106.00112 0.074 -1.621 3.464 AX00R065
4274.207 21.0 2.138 -2.23 "" ""
4274.209 21.0 2.301 -4.02 "" ""
4274.294 22.0 2.29 -1.85 "" ""
4274.296 106.00113 0.073 -3.025 3.464 AX00Q065
4274.296 106.00113 1.908 -9.215 3.464 CX15R165
4274.304 25.1 5.516 -5.32 "" ""
4274.326 23.1 3.121 -2.95 "" ""
4274.349 106.00113 0.073 -1.621 3.464 AX00R065
4274.385 22.0 2.29 -0.77 "" ""
4274.423 607.01214 3.281 -2.146 7.724 1314Ra0135
4274.469 607.01214 3.281 -2.172 7.724 1314Rb0125
4274.498 607.01214 3.281 -4.733 7.724 1314Qd0135
4274.548 20.0 2.93 -2.87 "" ""
4274.553 74.0 2.486 0.03 "" ""
4274.583 22.0 1.878 0.11 LAWLER ""
4274.598 22.0 0.818 -1.32 "" ""
4274.688 41.0 1.094 -1.17 "" ""
4274.715 24.1 5.007 -4.68 "" ""
4274.767 106.00112 1.656 -5.229 3.464 AX54P155
4274.785 40.0 0.519 -1.48 "" ""
4274.792 607.01214 3.276 -2.172 7.724 1314Ra0125
4274.812 24.0 0.0 -0.22 SOBECK ""
4274.836 607.01214 3.276 -2.2 7.724 1314Rb0115
4274.854 26.0 4.214 -2.93 "" ""
4274.863 607.01214 3.276 -4.697 7.724 1314Qd0125
4274.89 24.0 2.998 -2.23 "" ""
4274.935 21.0 2.567 -1.28 "" ""
4274.95 106.00112 0.409 -1.726 3.464 AX11R055
4274.956 20.0 6.024 -2.9 "" ""
4275.02 64.1 1.62 -1.48 LAWLER ""
4275.066 106.00113 0.408 -1.726 3.464 AX11R055
4275.077 60.1 1.501 0.44 "" ""
4275.079 24.0 3.119 -1.7 "" ""
4275.079 25.1 5.563 -5.68 "" ""
4275.082 26.0 3.298 -5.84 "" ""
4275.088 27.0 3.565 -1.64 "" ""
4275.103 29.0 4.834 -0.16 "" ""
4275.118 24.0 3.011 -3.96 "" ""
4275.177 24.0 2.706 -3.81 "" ""
4275.179 607.01214 3.271 -2.2 7.724 1314Ra0115
4275.217 24.0 3.077 -1.8 "" ""
4275.221 607.01214 3.271 -2.231 7.724 1314Rb0105
4275.24 20.0 2.93 -6.33 "" ""
4275.246 106.00112 0.409 -1.725 3.464 AX11R055
4275.246 607.01214 3.271 -4.658 7.724 1314Qd0115
4275.27 106.00112 1.233 -0.92 3.464 AX00Q275
4275.277 106.00112 1.069 -3.624 3.464 AX00R245
4275.28 20.0 6.007 -5.19 "" ""
4275.308 28.0 4.161 -3.46 "" ""
4275.325 106.00112 0.409 -3.058 3.464 AX11Q065
4275.337 106.00113 1.226 -0.92 3.464 AX00Q275
4275.344 106.00112 1.069 -0.941 3.464 AX00Q255
4275.344 25.0 5.345 -3.5 "" ""
4275.348 23.0 2.503 -5.42 "" ""
4275.356 106.00112 1.233 -3.69 3.464 AX00R265
4275.357 22.0 3.145 -2.6 "" ""
4275.36 106.00113 0.408 -1.725 3.464 AX11R055
4275.378 106.00112 0.409 -1.66 3.464 AX11R065
4275.404 106.00113 1.063 -3.624 3.464 AX00R245
4275.424 106.00112 1.069 -0.953 3.464 AX00Q245
4275.424 106.00113 1.226 -3.69 3.464 AX00R265
4275.44 106.00113 0.408 -3.058 3.464 AX11Q065
4275.444 106.00112 1.233 -3.677 3.464 AX00P275
4275.451 58.1 1.013 -0.39 BIEMONT ""
4275.459 106.00113 1.063 -0.941 3.464 AX00Q255
4275.471 106.00113 1.013 -3.039 3.464 BX11R195
4275.48 106.00113 1.226 -3.677 3.464 AX00P275
4275.483 74.0 2.244 -0.33 "" ""
4275.492 106.00113 0.408 -1.66 3.464 AX11R065
4275.493 106.00112 0.806 -1.629 3.464 AX22R085
4275.494 106.00112 1.069 -3.667 3.464 AX00P255
4275.506 106.00112 1.233 -0.93 3.464 AX00Q265
4275.514 106.00113 0.804 -1.629 3.464 AX22R085
4275.518 23.0 2.113 -3.39 "" ""
4275.537 106.00113 1.063 -0.953 3.464 AX00Q245
4275.552 106.00113 1.013 -7.752 3.464 BX11Q205
4275.561 24.1 3.858 -1.57 Lawler17 ""
4275.568 106.00113 1.226 -0.93 3.464 AX00Q265
4275.568 58.1 0.56 -0.92 "" ""
4275.583 106.00112 0.41 -3.048 3.464 AX11Q065
4275.583 607.01214 3.267 -2.231 7.724 1314Ra0105
4275.593 106.00113 1.063 -3.667 3.464 AX00P255
4275.618 62.0 0.387 -1.62 "" ""
4275.621 57.1139 0.321 -1.673 Lawle01HFS ""
4275.621 57.1139 0.321 -2.162 Lawle01HFS ""
4275.621 57.1139 0.321 -2.861 Lawle01HFS ""
4275.624 607.01214 3.266 -2.266 7.724 1314Rb0095
4275.634 106.00112 0.41 -1.661 3.464 AX11R065
4275.635 26.0 3.428 -2.69 "" ""
4275.636 57.1139 0.321 -1.966 Lawle01HFS ""
4275.636 57.1139 0.321 -2.046 Lawle01HFS ""
4275.637 57.1139 0.321 -2.421 Lawle01HFS ""
4275.64 106.00113 1.013 -2.716 3.464 BX11R205
4275.647 607.01214 3.267 -4.616 7.724 1314Qd0105
4275.648 57.1139 0.321 -2.166 Lawle01HFS ""
4275.648 57.1139 0.321 -2.421 Lawle01HFS ""
4275.649 57.1139 0.321 -2.15 Lawle01HFS ""
4275.663 24.0 4.614 -2.88 "" ""
4275.667 106.00113 1.868 -5.879 3.464 AX32P275
4275.672 42.0 3.499 -0.84 "" ""
4275.687 22.0 2.304 -2.04 "" ""
4275.693 106.00113 0.408 -3.048 3.464 AX11Q065
4275.698 26.0 2.557 -2.84 "" ""
4275.726 106.00112 0.806 -1.587 3.464 AX22R095
4275.728 106.00112 0.806 -3.258 3.464 AX22Q095
4275.747 106.00113 0.408 -1.661 3.464 AX11R065
4275.748 106.00113 0.804 -1.587 3.464 AX22R095
4275.748 106.00113 0.804 -3.258 3.464 AX22Q095
4275.779 22.0 2.332 -1.27 LAWLER ""
4275.834 22.0 3.177 -1.23 "" ""
4275.893 24.0 3.875 -0.18 "" ""
4276.005 607.01214 3.262 -2.266 7.724 1314Ra0095
4276.044 607.01214 3.262 -2.305 7.724 1314Rb0085
4276.064 607.01214 3.262 -4.571 7.724 1314Qd0095
4276.083 106.00112 0.807 -1.629 3.464 AX22R085
4276.096 106.00113 0.804 -1.629 3.464 AX22R085
4276.105 27.0 3.565 -0.87 "" ""
4276.183 59.1 1.141 -0.28 "" ""
4276.266 106.00112 0.807 -3.243 3.464 AX22Q095
4276.268 106.00112 0.807 -1.587 3.464 AX22R095
4276.275 106.00112 1.657 -5.275 3.464 AX54P155
4276.279 106.00113 0.804 -3.243 3.464 AX22Q095
4276.282 106.00113 0.804 -1.587 3.464 AX22R095
4276.304 23.0 2.573 -2.34 "" ""
4276.335 23.0 2.357 -6.2 "" ""
4276.369 22.0 3.164 -2.67 "" ""
4276.425 106.00112 0.011 -3.42 3.464 AX00R025
4276.427 22.0 1.732 -0.53 LAWLER ""
4276.444 607.01214 3.259 -2.305 7.724 1314Ra0085
4276.453 106.00112 0.011 -3.41 3.464 AX00R025
4276.462 24.0 2.707 -3.35 "" ""
4276.463 92.1 0.652 -1.46 "" ""
4276.48 607.01214 3.259 -2.35 7.724 1314Rb0075
4276.48 68.1 1.588 -0.27 "" ""
4276.498 607.01214 3.259 -4.522 7.724 1314Qd0085
4276.549 27.0 3.527 -4.33 "" ""
4276.572 106.00113 0.011 -3.42 3.464 AX00R025
4276.59 23.1 1.678 -7.2 "" ""
4276.612 106.00113 0.011 -3.41 3.464 AX00R025
4276.631 22.0 2.295 -0.52 "" ""
4276.657 23.0 3.313 -2.76 "" ""
4276.676 26.0 3.882 -1.75 RUF14 ""
4276.692 66.0 0.874 -0.01 "" ""
4276.698 26.0 3.265 -1.85 "" ""
4276.716 22.0 2.331 -2.85 "" ""
4276.738 74.0 2.42 -0.16 "" ""
4276.747 65.1 0.373 -0.87 "" ""
4276.749 106.00112 1.917 -4.167 3.464 AX54R205
4276.749 40.0 0.52 -1.34 "" ""
4276.752 23.1 6.537 -2.45 "" ""
4276.786 11.0 2.103 -2.11 "" ""
4276.786 11.0 2.103 -3.07 "" ""
4276.794 24.0 3.548 -4.36 "" ""
4276.807 90.1 1.038 -1.35 "" ""
4276.824 106.00112 1.917 -1.729 3.464 AX54Q215
4276.836 106.00112 1.917 -1.77 3.464 AX54Q205
4276.901 607.01214 3.256 -2.35 7.724 1314Ra0075
4276.906 42.0 2.068 -0.15 "" ""
4276.91 106.00112 1.917 -4.334 3.464 AX54P215
4276.933 607.01214 3.256 -2.401 7.724 1314Rb0065
4276.939 106.00112 0.349 -3.42 3.464 AX11R025
4276.95 607.01214 3.256 -4.468 7.724 1314Qd0075
4276.951 23.0 1.852 0.32 LAWNOHFS ""
4276.966 90.1 2.052 -0.61 "" ""
4276.967 106.00112 0.349 -3.41 3.464 AX11R025
4277.01 106.00112 1.151 -0.93 3.464 AX00Q265
4277.042 106.00113 0.348 -3.42 3.464 AX11R025
4277.071 22.0 2.504 -4.72 "" ""
4277.073 106.00113 0.348 -3.41 3.464 AX11R025
4277.075 106.00113 1.145 -0.93 3.464 AX00Q265
4277.077 106.00112 1.151 -3.671 3.464 AX00R255
4277.155 76.0 2.36 -1.09 "" ""
4277.156 106.00113 1.145 -3.671 3.464 AX00R255
4277.163 106.00112 1.151 -3.66 3.464 AX00P265
4277.181 42.0 3.165 -0.95 "" ""
4277.204 23.0 1.042 -2.63 "" ""
4277.214 106.00113 1.145 -3.66 3.464 AX00P265
4277.23 106.00112 1.151 -0.941 3.464 AX00Q255
4277.239 42.0 1.53 -0.39 "" ""
4277.256 44.0 1.837 -1.43 "" ""
4277.274 25.0 4.255 -2.7 "" ""
4277.28 60.1 0.182 -1.49 LAWLER ""
4277.295 106.00113 1.145 -0.941 3.464 AX00Q255
4277.314 90.1 0.0 -1.3 Nils02/7 ""
4277.323 22.0 2.776 -3.83 "" ""
4277.332 24.0 0.941 -5.36 "" ""
4277.368 106.00112 0.919 -3.739 3.464 BX10R235
4277.373 40.1 0.801 -1.4 "" ""
4277.374 607.01214 3.253 -2.401 7.724 1314Ra0065
4277.376 106.00113 0.458 -5.355 3.464 BX01R085
4277.389 26.0 2.607 -3.02 "" ""
4277.398 62.0 0.101 -2.32 "" ""
4277.399 24.0 3.886 -3.8 "" ""
4277.404 607.01214 3.253 -2.46 7.724 1314Rb0055
4277.405 42.0 2.497 -0.78 "" ""
4277.415 106.00112 0.992 -3.605 3.464 AX00R235
4277.418 607.01214 3.253 -4.407 7.724 1314Qd0065
4277.466 24.0 4.614 -0.85 "" ""
4277.489 106.00112 0.992 -0.953 3.464 AX00Q245
4277.492 41.0 0.019 -1.47 "" ""
4277.537 22.1 4.965 -0.82 "" ""
4277.541 106.00113 0.986 -3.605 3.464 AX00R235
4277.56 106.00112 0.992 -0.966 3.464 AX00Q235
4277.601 106.00113 0.986 -0.953 3.464 AX00Q245
4277.629 106.00112 0.992 -3.648 3.464 AX00P245
4277.66 26.0 2.431 -7.0 "" ""
4277.668 106.00113 0.986 -0.966 3.464 AX00Q235
4277.676 26.0 4.14 -1.78 "" ""
4277.708 106.00113 1.053 -3.96 3.464 AX33R075
4277.725 24.0 3.695 -3.58 "" ""
4277.73 106.00113 0.986 -3.648 3.464 AX00P245
4277.748 70.0 3.034 0.03 "" ""
4277.785 24.0 3.847 -2.46 "" ""
4277.803 24.0 3.854 -0.96 "" ""
4277.822 106.00112 1.056 -3.96 3.464 AX33R075
4277.844 106.00113 1.746 -11.295 3.464 CX04R185
4277.863 607.01214 3.25 -2.46 7.724 1314Ra0055
4277.89 607.01214 3.25 -2.531 7.724 1314Rb0045
4277.9 27.1 2.727 -4.59 "" ""
4277.902 607.01214 3.25 -4.338 7.724 1314Qd0055
4277.926 21.0 2.134 -2.39 "" ""
4277.995 20.0 6.009 -5.62 "" ""
4278.017 26.0 4.253 -3.6 "" ""
4278.021 106.00113 1.053 -3.935 3.464 AX33R075
4278.114 24.1 5.326 -3.38 "" ""
4278.122 22.0 2.332 -3.12 "" ""
4278.126 24.0 2.708 -3.85 "" ""
4278.141 106.00112 1.056 -3.935 3.464 AX33R075
4278.147 21.0 2.134 -3.63 "" ""
4278.159 26.1 2.69 -3.82 "" ""
4278.205 64.1 1.614 -0.65 "" ""
4278.22 22.0 2.576 0.2 LAWLER ""
4278.222 22.0 3.109 -1.81 "" ""
4278.231 26.0 3.366 -1.58 DEN14 ""
4278.242 25.1 5.102 -3.8 "" ""
4278.247 58.1 1.338 -0.69 "" ""
4278.323 90.0 1.76 0.07 "" ""
4278.37 607.01214 3.248 -2.531 7.724 1314Ra0045
4278.387 26.0 2.843 -4.72 "" ""
4278.393 607.01214 3.248 -2.617 7.724 1314Rb0035
4278.403 607.01214 3.248 -4.255 7.724 1314Qd0045
4278.452 106.00113 0.894 -5.37 3.464 BX01R185
4278.505 26.0 4.1 -3.97 "" ""
4278.51 26.0 4.431 -2.5 "" ""
