wavelength species excitation loggf disassociation_energy comment
3474.033 25.1055 1.808 -2.504 LAWHFS ""
3474.033 25.1055 1.808 -2.601 LAWHFS ""
3474.034 106.00113 0.992 -4.598 3.464 CX12P135
3474.034 25.1055 1.808 -2.504 LAWHFS ""
3474.034 25.1055 1.808 -2.513 LAWHFS ""
3474.035 25.1055 1.808 -2.295 LAWHFS ""
3474.036 25.1055 1.808 -2.219 LAWHFS ""
3474.036 25.1055 1.808 -2.237 LAWHFS ""
3474.036 25.1055 1.808 -2.295 LAWHFS ""
3474.039 25.1055 1.808 -1.968 LAWHFS ""
3474.039 25.1055 1.808 -2.219 LAWHFS ""
3474.039 25.1055 1.808 -2.241 LAWHFS ""
3474.041 25.1055 1.808 -2.241 LAWHFS ""
3474.041 27.0 0.581 -0.06 LAWNHFS ""
3474.042 25.1055 1.808 -1.731 LAWHFS ""
3474.042 25.1055 1.808 -2.416 LAWHFS ""
3474.045 25.1055 1.808 -1.523 LAWHFS ""
3474.045 25.1055 1.808 -2.416 LAWHFS ""
3474.078 106.00112 1.0 -7.123 3.464 CX23P035
3474.102 106.00113 0.836 -3.982 3.464 CX01P175
3474.111 26.0 2.856 -5.06 "" ""
3474.12 25.1055 1.831 -2.079 LAWHFS ""
3474.12 25.1055 1.831 -2.225 LAWHFS ""
3474.12 25.1055 1.831 -2.255 LAWHFS ""
3474.127 25.1055 1.831 -1.815 LAWHFS ""
3474.127 25.1055 1.831 -1.963 LAWHFS ""
3474.128 25.1055 1.831 -2.447 LAWHFS ""
3474.13 607.01214 2.406 -1.619 7.724 1210Pb0095
3474.136 25.1055 1.831 -1.526 LAWHFS ""
3474.137 25.1055 1.831 -2.07 LAWHFS ""
3474.138 25.1055 1.831 -2.848 LAWHFS ""
3474.148 607.01214 2.406 -3.892 7.724 1210Qc0095
3474.155 607.01214 2.406 -1.574 7.724 1210Pa0105
3474.174 106.00113 0.837 -3.981 3.464 CX01P165
3474.182 607.01314 2.359 -3.937 7.724 1210Qc0095
3474.183 26.0 3.637 -3.76 "" ""
3474.187 67.1165 0.079 -0.473 LAWLER ""
3474.188 607.01314 2.359 -1.62 7.724 1210Pa0105
3474.192 42.0 2.932 -1.17 "" ""
3474.211 58.1 0.417 -0.94 "" ""
3474.212 23.0 2.357 -3.88 "" ""
3474.221 67.1165 0.079 -1.891 LAWLER ""
3474.222 67.1165 0.079 -0.53 LAWLER ""
3474.254 67.1165 0.079 -3.63 LAWLER ""
3474.255 67.1165 0.079 -0.588 LAWLER ""
3474.255 67.1165 0.079 -1.665 LAWLER ""
3474.26 106.00113 0.992 -9.968 3.464 CX12Q135
3474.265 26.0 2.448 -5.48 "" ""
3474.265 26.0 2.88 -3.62 "" ""
3474.266 66.1 1.528 0.14 "" ""
3474.276 27.0 3.189 -4.03 "" ""
3474.282 106.00113 0.992 -6.74 3.464 AX52R135
3474.284 25.0 3.769 -1.53 "" ""
3474.284 25.0 3.769 -4.13 "" ""
3474.285 67.1165 0.079 -0.648 LAWLER ""
3474.285 67.1165 0.079 -1.574 LAWLER ""
3474.285 67.1165 0.079 -3.258 LAWLER ""
3474.287 106.00113 0.992 -4.403 3.464 AX52Q135
3474.29 23.0 2.121 -3.06 "" ""
3474.297 607.01314 2.359 -1.665 7.724 1210Pb0095
3474.303 106.00112 1.056 -9.207 3.464 CX23Q065
3474.308 25.1 6.489 -2.25 "" ""
3474.311 67.1165 0.079 -0.709 LAWLER ""
3474.312 67.1165 0.079 -1.551 LAWLER ""
3474.313 67.1165 0.079 -3.084 LAWLER ""
3474.316 26.0 3.881 -3.56 "" ""
3474.32 106.00113 0.992 -4.359 3.464 AX52Q145
3474.325 106.00113 0.992 -6.487 3.464 AX52P145
3474.333 106.00112 1.056 -5.797 3.464 CX23P065
3474.335 67.1165 0.079 -0.772 LAWLER ""
3474.336 67.1165 0.079 -1.58 LAWLER ""
3474.338 67.1165 0.079 -3.03 LAWLER ""
3474.344 25.0 3.769 -2.6 "" ""
3474.355 67.1165 0.079 -0.835 LAWLER ""
3474.357 67.1165 0.079 -1.674 LAWLER ""
3474.358 67.1165 0.079 -3.093 LAWLER ""
3474.372 67.1165 0.079 -0.896 LAWLER ""
3474.374 24.0 3.011 -0.75 "" ""
3474.374 67.1165 0.079 -1.899 LAWLER ""
3474.376 67.1165 0.079 -3.351 LAWLER ""
3474.379 26.0 2.849 -3.65 "" ""
3474.386 106.00112 0.409 -6.533 3.464 CX01P055
3474.397 107.00114 1.088 -3.372 3.400 ""
3474.401 42.0 2.062 -1.61 "" ""
3474.46 106.00112 0.787 -10.931 3.464 CX01Q155
3474.469 106.00112 1.056 -5.968 3.464 CX23P075
3474.471 27.0 3.277 -1.02 "" ""
3474.481 106.00112 0.787 -3.981 3.464 CX01P165
3474.482 106.00113 0.837 -11.031 3.464 CX01Q165
3474.489 106.00113 1.14 -4.771 3.464 AX52R175
3474.507 106.00113 1.14 -4.76 3.464 AX52R165
3474.509 23.0 1.892 -4.18 "" ""
3474.512 106.00113 1.14 -6.595 3.464 AX52Q175
3474.515 20.0 5.014 -3.69 "" ""
3474.528 27.0 0.581 -2.26 LAWNHFS ""
3474.53 106.00112 0.787 -3.987 3.464 CX01P155
3474.556 106.00112 1.148 -7.866 3.464 AX30Q255
3474.569 29.0 5.519 -1.86 "" ""
3474.6 106.00112 1.148 -5.355 3.464 AX30P265
3474.606 22.1 4.965 -3.1 "" ""
3474.613 106.00113 1.261 -6.921 3.464 CX34Q015
3474.637 106.00113 1.261 -5.482 3.464 CX34R015
3474.64 106.00112 1.148 -5.459 3.464 AX30P255
3474.641 42.0 2.079 -1.41 "" ""
3474.695 23.0 1.948 -2.92 "" ""
3474.703 22.0 1.429 -4.01 "" ""
3474.749 24.1 4.778 -3.15 "" ""
3474.749 607.01214 2.411 -1.574 7.724 1210Pb0105
3474.757 107.00114 0.842 -3.462 3.400 ""
3474.761 607.01314 2.364 -3.977 7.724 1210Qc0105
3474.763 20.0 1.886 -1.71 LAWLER ""
3474.769 607.01314 2.364 -1.579 7.724 1210Pa0115
3474.771 45.0 0.43 -0.18 "" ""
3474.772 607.01214 2.411 -3.932 7.724 1210Qc0105
3474.78 607.01214 2.411 -1.533 7.724 1210Pa0115
3474.79 25.0 2.939 -7.13 "" ""
3474.824 106.00113 0.893 -3.992 3.464 CX01P185
3474.853 23.0 1.871 -2.5 "" ""
3474.864 24.0 3.011 -1.01 "" ""
3474.874 607.01314 2.364 -1.62 7.724 1210Pb0105
3474.889 38.1 3.037 -0.46 "" ""
3474.907 106.00113 0.893 -3.982 3.464 CX01P175
3474.908 26.0 2.883 -5.74 "" ""
3474.934 107.00114 1.088 -4.919 3.400 ""
3474.951 27.0 2.135 -3.97 "" ""
3474.963 106.00112 0.053 -7.374 3.464 AX20R055
3474.966 107.00114 1.088 -3.301 3.400 ""
3474.986 92.1 0.113 -1.33 "" ""
3475.008 26.0 3.879 -3.58 "" ""
3475.021 25.0 3.769 -2.8 "" ""
3475.021 25.0 3.769 -4.52 "" ""
3475.029 42.0 2.289 -0.59 "" ""
3475.03 21.0 2.0 -0.4 "" ""
3475.057 25.1 6.489 -3.29 "" ""
3475.087 106.00112 0.053 -7.355 3.464 AX20R055
3475.119 107.00114 0.842 -5.112 3.400 ""
3475.13 24.1 2.432 -1.62 Nilsson06 ""
3475.131 20.0 4.128 -4.65 "" ""
3475.132 106.00113 1.145 -8.526 3.464 AX20R265
3475.132 107.00114 0.842 -3.4 3.400 ""
3475.161 23.0 1.868 -2.48 "" ""
3475.169 28.0 3.462 -4.72 "" ""
3475.237 24.1 5.658 -1.28 "" ""
3475.242 106.00113 0.893 -11.319 3.464 CX01Q175
3475.254 26.1 1.694 -4.32 "" ""
3475.285 106.00112 0.996 -9.968 3.464 CX12Q135
3475.289 27.1 5.204 -6.92 "" ""
3475.299 26.0 2.607 -3.71 "" ""
3475.326 106.00112 0.996 -4.608 3.464 CX12P145
3475.331 106.00112 0.841 -11.031 3.464 CX01Q165
3475.339 106.00112 0.996 -4.598 3.464 CX12P135
3475.343 106.00112 0.841 -3.982 3.464 CX01P175
3475.36 607.01314 2.369 -4.013 7.724 1210Qc0115
3475.368 607.01314 2.369 -1.541 7.724 1210Pa0125
3475.391 607.01214 2.416 -1.533 7.724 1210Pb0115
3475.404 106.00112 0.841 -3.981 3.464 CX01P165
3475.418 607.01214 2.416 -3.968 7.724 1210Qc0115
3475.424 106.00113 0.952 -4.012 3.464 CX01P195
3475.427 607.01214 2.416 -1.495 7.724 1210Pa0125
3475.45 26.0 0.087 -1.05 OBR91 ""
3475.462 24.0 4.614 -3.07 "" ""
3475.467 21.0 2.318 -3.34 "" ""
3475.472 607.01314 2.369 -1.579 7.724 1210Pb0115
3475.518 106.00113 0.953 -3.992 3.464 CX01P185
3475.526 42.0 2.497 -1.44 "" ""
3475.528 23.0 2.606 -7.22 "" ""
3475.564 24.1 4.984 -3.16 "" ""
3475.569 23.0 1.063 -2.72 "" ""
3475.578 41.0 1.608 -0.4 "" ""
3475.65 26.0 2.174 -1.11 OBR91 ""
3475.667 58.1 0.232 -1.31 BIEMONT ""
3475.707 26.0 3.881 -3.46 "" ""
3475.739 26.1 1.669 -3.75 "" ""
3475.752 23.0 2.503 -3.76 "" ""
3475.761 22.0 2.115 -5.87 "" ""
3475.763 25.0 3.761 -1.5 "" ""
3475.788 23.1 2.898 -3.7 "" ""
3475.83 74.0 1.507 -0.93 "" ""
3475.857 106.00112 1.265 -5.482 3.464 CX34R015
3475.858 22.1 4.906 -4.3 "" ""
3475.863 26.0 2.431 -1.85 BEL17 ""
3475.869 106.00112 1.265 -6.921 3.464 CX34Q015
3475.876 26.0 2.843 -3.5 "" ""
3475.88 106.00113 0.953 -12.22 3.464 CX01Q185
3475.914 106.00113 1.014 -4.045 3.464 CX01P205
3475.932 106.00113 1.038 -4.636 3.464 CX12P155
3475.974 106.00113 1.038 -4.608 3.464 CX12P145
3475.977 607.01314 2.374 -4.046 7.724 1210Qc0125
3475.985 607.01314 2.374 -1.506 7.724 1210Pa0135
3475.994 29.0 5.519 -0.42 "" ""
3475.995 20.0 3.907 -4.73 "" ""
3476.004 26.0 3.639 -4.28 "" ""
3476.006 22.0 2.101 -4.5 "" ""
3476.009 27.0 1.739 -4.51 "" ""
3476.018 106.00113 1.014 -4.012 3.464 CX01P195
3476.025 23.0 1.802 -3.34 "" ""
3476.025 25.0 4.602 -3.67 "" ""
3476.035 25.0 3.376 -4.68 "" ""
3476.039 22.0 1.872 -3.36 "" ""
3476.056 607.01214 2.422 -1.495 7.724 1210Pb0125
3476.072 106.00112 0.898 -11.319 3.464 CX01Q175
3476.075 106.00112 0.898 -3.992 3.464 CX01P185
3476.087 607.01214 2.422 -4.001 7.724 1210Qc0125
3476.087 607.01314 2.374 -1.541 7.724 1210Pb0125
3476.099 607.01214 2.422 -1.46 7.724 1210Pa0135
3476.115 106.00113 1.077 -5.967 3.464 CX23P075
3476.134 23.0 1.08 -2.66 "" ""
3476.148 106.00112 0.898 -3.982 3.464 CX01P175
3476.177 106.00112 1.151 -8.526 3.464 AX20R265
3476.195 106.00113 1.077 -6.177 3.464 CX23P085
3476.211 106.00113 1.077 -9.088 3.464 CX23Q075
3476.222 106.00113 1.038 -9.716 3.464 CX12Q145
3476.242 23.1 2.263 -1.91 "" ""
3476.28 106.00112 0.806 -7.403 3.464 AX52P085
3476.3 23.1 2.266 -4.93 "" ""
3476.3 70.1 0.0 -2.5 "" ""
3476.304 106.00113 1.078 -4.092 3.464 CX01P215
3476.311 26.0 2.277 -2.22 "" ""
3476.314 64.1 1.275 -0.15 "" ""
3476.319 27.1 5.065 -1.94 "" ""
3476.321 28.0 3.396 -4.48 "" ""
3476.344 26.0 3.6 -0.47 "" ""
3476.35 27.0 3.25 -0.19 "" ""
3476.367 23.0 2.682 -0.77 "" ""
3476.384 22.0 2.115 -3.52 "" ""
3476.408 106.00113 1.014 -11.794 3.464 CX01Q195
3476.417 106.00113 1.079 -4.045 3.464 CX01P205
3476.419 24.0 3.847 -3.46 "" ""
3476.436 22.0 1.066 -1.66 LAWLER ""
3476.441 75.0 1.866 -0.44 "" ""
3476.45 77.0 0.783 -1.94 "" ""
3476.471 23.0 2.606 -3.38 "" ""
3476.505 106.00113 1.309 -8.036 3.464 AX52R205
3476.54 90.1 0.83 -0.94 "" ""
3476.569 106.00112 0.873 -4.902 3.464 AX52P105
3476.573 106.00112 0.873 -6.591 3.464 AX52Q105
3476.589 24.1 4.747 -4.2 "" ""
3476.608 106.00113 1.145 -4.158 3.464 CX01P225
3476.612 607.01314 2.38 -4.076 7.724 1210Qc0135
3476.617 28.0 3.696 -0.36 "" ""
3476.62 607.01314 2.38 -1.473 7.724 1210Pa0145
3476.643 26.0 3.289 -2.49 "" ""
3476.649 23.0 2.741 -3.41 "" ""
3476.663 23.0 2.129 -2.86 "" ""
3476.67 106.00112 0.807 -7.43 3.464 AX52P085
3476.675 27.1 2.234 -3.37 "" ""
3476.685 106.00112 0.958 -4.012 3.464 CX01P195
3476.688 22.0 2.425 -4.37 "" ""
3476.69 106.00112 0.958 -12.22 3.464 CX01Q185
3476.69 69.0 1.625 0.7 "" ""
3476.697 106.00112 0.873 -4.839 3.464 AX52P115
3476.702 26.0 0.121 -1.51 OBR91 ""
3476.709 28.0 3.594 -2.29 "" ""
3476.719 607.01314 2.38 -1.506 7.724 1210Pb0135
3476.73 106.00113 1.146 -4.092 3.464 CX01P215
3476.748 607.01214 2.428 -1.46 7.724 1210Pb0135
3476.758 78.0 0.81 -2.8 DH05nohfs ""
3476.76 26.0 3.045 -3.4 "" ""
3476.77 106.00112 0.958 -3.992 3.464 CX01P185
3476.78 607.01214 2.428 -4.032 7.724 1210Qc0135
3476.79 55.0 0.0 -2.47 "" ""
3476.797 607.01214 2.428 -1.427 7.724 1210Pa0145
3476.81 106.00113 0.052 -7.373 3.464 AX20R055
3476.818 42.0 2.274 -1.56 "" ""
3476.836 58.1 1.318 0.76 "" ""
3476.837 106.00113 1.079 -10.789 3.464 CX01Q205
3476.843 106.00113 1.214 -4.25 3.464 CX01P235
3476.847 28.0 3.477 -1.5 "" ""
3476.854 26.0 2.586 -1.28 "" ""
3476.857 24.1 5.666 -6.05 "" ""
3476.865 26.0 3.881 -3.2 "" ""
3476.933 106.00113 0.052 -7.354 3.464 AX20R055
3476.963 22.1 0.151 -2.2 LAWLER ""
3476.972 106.00113 1.215 -4.158 3.464 CX01P225
3477.004 26.0 2.422 -2.85 "" ""
3477.025 106.00113 1.286 -4.377 3.464 CX01P245
3477.052 106.00112 1.151 -5.355 3.464 AX30P265
3477.07 66.1 0.59 -0.08 LAWLER ""
3477.096 106.00112 1.151 -7.906 3.464 AX30Q255
3477.129 106.00112 0.874 -4.902 3.464 AX52P105
3477.134 106.00112 0.874 -6.61 3.464 AX52Q105
3477.136 75.0 3.365 0.1 "" ""
3477.151 24.0 3.009 -0.98 "" ""
3477.152 24.0 3.847 -1.73 "" ""
3477.161 106.00113 1.286 -4.25 3.464 CX01P235
3477.18 106.00112 1.151 -5.459 3.464 AX30P255
3477.18 22.1 0.122 -0.95 LAWLER ""
3477.181 106.00113 1.146 -10.236 3.464 CX01Q215
3477.184 106.00112 1.02 -4.045 3.464 CX01P205
3477.197 106.00112 1.02 -11.794 3.464 CX01Q195
3477.215 23.1 2.599 -0.62 "" ""
3477.216 106.00112 0.874 -4.839 3.464 AX52P115
3477.229 73.0 1.907 -0.59 "" ""
3477.237 106.00112 1.043 -9.716 3.464 CX12Q145
3477.254 24.0 3.119 -1.72 "" ""
3477.266 607.01314 2.386 -4.104 7.724 1210Qc0145
3477.267 106.00112 1.043 -4.635 3.464 CX12P155
3477.276 607.01314 2.386 -1.442 7.724 1210Pa0155
3477.279 106.00112 1.02 -4.012 3.464 CX01P195
3477.295 106.00112 1.043 -4.608 3.464 CX12P145
3477.352 24.0 4.2 -2.41 "" ""
3477.352 26.0 2.883 -3.45 "" ""
3477.371 607.01314 2.386 -1.473 7.724 1210Pb0145
3477.386 58.1 0.608 -1.08 "" ""
3477.396 106.00112 1.081 -9.088 3.464 CX23Q075
3477.398 25.0 3.376 -5.18 "" ""
3477.404 21.0 2.336 -1.52 "" ""
3477.419 62.0 0.036 -1.91 "" ""
3477.43 106.00112 1.081 -5.967 3.464 CX23P075
3477.438 73.0 1.209 -0.95 "" ""
3477.447 58.1 0.875 -0.71 "" ""
3477.456 106.00113 1.215 -9.83 3.464 CX01Q225
3477.469 607.01214 2.434 -1.428 7.724 1210Pb0145
3477.495 23.1 2.274 -1.3 LAWNOHFS ""
3477.497 607.01214 2.434 -4.06 7.724 1210Qc0145
3477.525 607.01214 2.434 -1.397 7.724 1210Pa0155
3477.533 106.00112 1.081 -6.177 3.464 CX23P085
3477.539 106.00113 0.749 -7.128 3.464 CX12P065
3477.583 106.00112 1.085 -4.092 3.464 CX01P215
3477.602 106.00112 1.085 -10.789 3.464 CX01Q205
3477.609 107.00114 1.231 -5.242 3.400 ""
3477.629 27.0 3.168 -3.31 "" ""
3477.68 106.00113 1.286 -9.499 3.464 CX01Q235
3477.687 106.00112 1.085 -4.044 3.464 CX01P205
3477.704 90.1 1.902 -0.26 "" ""
3477.735 23.0 2.364 -2.4 "" ""
3477.75 106.00113 0.836 -8.059 3.464 AX41P165
3477.761 45.1 3.444 0.0 "" ""
3477.764 77.0 1.311 -1.69 "" ""
3477.819 23.0 1.871 -7.5 "" ""
3477.823 106.00113 1.087 -4.684 3.464 CX12P165
3477.832 27.0 3.213 -0.15 "" ""
3477.851 26.0 2.221 -2.12 "" ""
3477.865 22.0 2.133 -3.17 "" ""
3477.879 106.00113 1.087 -4.636 3.464 CX12P155
3477.879 28.0 3.603 -0.21 "" ""
3477.896 106.00112 1.152 -4.158 3.464 CX01P225
3477.9 25.0 2.141 -6.83 "" ""
3477.921 106.00112 1.152 -10.235 3.464 CX01Q215
3477.928 66.1 2.576 0.78 "" ""
3477.939 607.01314 2.392 -4.13 7.724 1210Qc0155
3477.95 106.00113 1.31 -7.979 3.464 AX52R205
3477.95 607.01314 2.392 -1.413 7.724 1210Pa0165
3477.96 24.0 3.102 -4.18 "" ""
3477.979 26.0 3.651 -4.36 "" ""
3478.009 106.00112 1.152 -4.092 3.464 CX01P215
3478.044 607.01314 2.392 -1.442 7.724 1210Pb0155
3478.05 62.1 0.277 -2.27 LAWLER ""
3478.055 106.00113 1.258 -5.591 3.464 CX34Q005
3478.069 106.00113 1.258 -6.053 3.464 CX34R005
3478.086 24.0 3.085 -4.2 "" ""
3478.099 23.0 2.706 -3.51 "" ""
3478.131 90.1 1.14 -0.75 "" ""
3478.138 106.00112 1.222 -4.249 3.464 CX01P235
3478.149 106.00113 1.087 -9.491 3.464 CX12Q155
3478.161 106.00113 1.142 -7.865 3.464 AX30Q255
3478.17 106.00112 1.222 -9.829 3.464 CX01Q225
3478.172 24.1 4.741 -2.81 "" ""
3478.174 106.00113 1.214 -7.38 3.464 AX41R225
3478.177 106.00113 1.142 -5.458 3.464 AX30P255
3478.195 106.00113 1.142 -5.354 3.464 AX30P265
3478.214 106.00113 1.214 -4.454 3.464 AX41Q235
3478.235 106.00113 1.214 -4.509 3.464 AX41Q225
3478.237 607.01214 2.441 -4.086 7.724 1210Qc0155
3478.244 607.01214 2.441 -1.397 7.724 1210Pb0155
3478.259 106.00112 1.222 -4.158 3.464 CX01P225
3478.274 21.0 1.994 -1.53 "" ""
3478.275 106.00113 1.214 -6.98 3.464 AX41P235
3478.29 607.01214 2.441 -1.368 7.724 1210Pa0165
3478.297 40.1 0.095 -1.47 Ljung06 ""
3478.314 28.0 3.703 -3.01 "" ""
3478.328 106.00112 1.294 -4.377 3.464 CX01P245
3478.337 28.0 1.949 -2.34 "" ""
3478.349 28.0 3.703 -0.85 "" ""
3478.352 21.0 1.438 -4.67 "" ""
3478.365 106.00112 1.294 -9.499 3.464 CX01Q235
3478.37 26.0 2.431 -2.49 "" ""
3478.456 106.00112 1.294 -4.249 3.464 CX01P235
3478.463 90.1 1.661 -0.23 "" ""
3478.477 66.1 1.462 -0.32 "" ""
3478.487 106.00112 1.368 -4.559 3.464 CX01P255
3478.495 40.1 1.207 -0.96 "" ""
3478.529 106.00112 1.368 -9.216 3.464 CX01Q245
3478.529 76.0 2.189 -0.44 "" ""
3478.536 26.0 3.239 -2.88 "" ""
3478.554 27.0 2.278 -0.62 LAWNHFS ""
3478.561 26.1 2.34 -4.0 "" ""
3478.571 26.0 3.544 -7.31 "" ""
3478.592 23.0 1.948 -3.35 "" ""
3478.622 106.00112 1.368 -4.376 3.464 CX01P245
3478.623 26.0 3.045 -0.86 "" ""
3478.633 607.01314 2.399 -4.154 7.724 1210Qc0165
3478.639 106.00112 1.445 -4.839 3.464 CX01P265
3478.639 25.0 4.602 -3.81 "" ""
3478.644 607.01314 2.399 -1.385 7.724 1210Pa0175
3478.662 106.00112 1.292 -8.642 3.464 AX51P235
3478.667 26.1 5.545 -2.57 "" ""
3478.686 106.00112 1.445 -8.965 3.464 CX01Q255
3478.687 41.0 0.739 -0.51 "" ""
3478.733 106.00112 0.752 -7.128 3.464 CX12P065
3478.737 607.01314 2.399 -1.413 7.724 1210Pb0165
3478.74 27.0 1.881 -1.16 LAWNHFS ""
3478.744 25.0 4.317 -1.49 "" ""
3478.75 25.0 3.37 -3.2 "" ""
3478.76 24.0 3.011 -1.04 "" ""
3478.776 40.0 0.542 -0.47 "" ""
3478.777 27.0 2.135 -3.31 "" ""
3478.779 106.00112 1.445 -4.559 3.464 CX01P255
3478.79 41.1 1.27 -0.84 Nilsson10 ""
3478.791 26.0 2.422 -3.27 "" ""
3478.797 15.1 9.516 -1.85 "" ""
3478.807 106.00112 0.84 -8.058 3.464 AX41P165
3478.811 106.00112 1.523 -5.347 3.464 CX01P275
3478.822 27.0 3.189 -2.56 "" ""
3478.834 70.1 3.744 0.13 "" ""
3478.861 106.00112 1.523 -8.738 3.464 CX01Q265
3478.892 106.00113 1.012 -7.413 3.464 CX23P045
3478.892 107.00114 1.336 -3.271 3.400 ""
3478.904 45.0 0.41 -0.44 "" ""
3478.915 22.0 1.045 -1.22 LAWLER ""
3478.94 23.0 2.377 -5.24 "" ""
3478.944 23.1 3.121 -1.82 "" ""
3478.944 607.01214 2.448 -1.368 7.724 1210Pb0165
3478.956 106.00112 1.523 -4.839 3.464 CX01P265
3478.978 106.00113 0.837 -8.108 3.464 AX41P165
3478.98 72.1 2.154 0.28 "" ""
3479.003 607.01214 2.448 -4.11 7.724 1210Qc0165
3479.014 607.01214 2.448 -1.34 7.724 1210Pa0175
3479.017 40.1 0.527 -0.67 Ljung06 ""
3479.018 106.00113 0.431 -6.589 3.464 CX01P065
3479.035 106.00112 1.604 -7.453 3.464 CX01P285
3479.06 28.0 1.825 -3.92 "" ""
3479.088 106.00112 1.604 -8.529 3.464 CX01Q275
3479.102 25.0 4.723 -3.66 "" ""
3479.107 22.0 2.266 -6.87 "" ""
3479.112 23.0 1.798 -3.57 "" ""
3479.123 24.0 3.008 -1.26 "" ""
3479.131 26.0 3.6 -3.36 "" ""
3479.139 107.00114 0.64 -5.672 3.400 ""
3479.153 106.00112 1.092 -9.491 3.464 CX12Q155
3479.173 106.00112 1.092 -4.683 3.464 CX12P165
3479.173 90.1 0.829 -0.77 "" ""
3479.184 106.00112 1.604 -5.347 3.464 CX01P275
3479.215 106.00112 1.092 -4.635 3.464 CX12P155
3479.215 106.00113 1.105 -6.176 3.464 CX23P085
3479.252 24.0 3.011 -2.0 "" ""
3479.255 28.0 3.477 -0.59 "" ""
3479.267 106.00113 1.105 -6.441 3.464 CX23P095
3479.29 72.1 0.378 -1.0 LAWLER ""
3479.302 106.00112 1.263 -6.053 3.464 CX34R005
3479.309 106.00112 1.263 -5.591 3.464 CX34Q005
3479.325 106.00113 1.105 -8.994 3.464 CX23Q085
3479.347 76.1 2.16 -1.63 Quinet06 ""
3479.349 607.01314 2.407 -4.176 7.724 1210Qc0175
3479.357 607.01314 2.407 -1.358 7.724 1210Pa0185
3479.387 40.1 0.713 0.18 Ljung06 ""
3479.414 68.1 0.891 -0.24 LAWLER ""
3479.417 42.0 2.068 -0.69 "" ""
3479.445 607.01314 2.407 -1.385 7.724 1210Pb0175
3479.452 24.0 3.884 -4.56 "" ""
3479.51 64.1 0.99 -1.44 LAWLER ""
3479.52 62.1 0.277 -1.49 LAWLER ""
3479.538 25.1 6.9 -3.81 "" ""
3479.546 106.00113 1.223 -8.813 3.464 AX20R275
3479.56 41.1 1.31 -0.46 Nilsson10 ""
3479.57 21.0 2.008 -2.71 "" ""
3479.57 27.0 1.784 -2.23 LAWNHFS ""
3479.6 58.1 0.0 -1.5 BIEMONT ""
3479.622 107.00114 1.336 -4.704 3.400 ""
3479.642 28.0 3.594 -2.91 "" ""
3479.645 25.0 4.35 -1.9 "" ""
3479.647 106.00113 1.013 -7.203 3.464 AX41Q195
3479.68 107.00114 1.336 -3.192 3.400 ""
3479.68 26.0 3.571 -3.63 "" ""
3479.693 26.0 2.947 -1.95 "" ""
3479.695 106.00113 1.013 -4.975 3.464 AX41P195
3479.699 106.00113 1.139 -4.758 3.464 CX12P175
3479.699 106.00113 1.266 -5.149 3.464 CX34Q015
3479.701 106.00113 1.013 -4.908 3.464 AX41P205
3479.723 106.00113 1.266 -6.85 3.464 CX34R015
3479.726 607.01214 2.456 -1.34 7.724 1210Pb0175
3479.767 106.00113 1.139 -4.684 3.464 CX12P165
3479.785 23.0 1.892 -4.56 "" ""
3479.795 607.01214 2.456 -4.133 7.724 1210Qc0175
3479.799 24.0 3.885 -4.56 "" ""
3479.806 607.01214 2.456 -1.314 7.724 1210Pa0185
3479.832 23.1 1.07 -1.64 LAWNOHFS ""
3479.908 42.0 2.521 -1.57 "" ""
3479.914 26.1 1.694 -3.56 "" ""
3479.982 106.00112 0.035 -7.27 3.464 AX20R045
3480.014 27.0 1.881 -1.29 LAWNHFS ""
3480.015 107.00114 0.6 -3.541 3.400 ""
3480.039 55.0 0.0 -3.43 "" ""
3480.052 90.0 1.005 -0.28 "" ""
3480.059 106.00112 0.841 -8.108 3.464 AX41P165
3480.06 106.00113 1.139 -9.287 3.464 CX12Q165
3480.063 106.00112 0.035 -7.254 3.464 AX20R045
3480.086 607.01314 2.414 -1.333 7.724 1210Pa0195
3480.087 42.0 2.258 -0.98 "" ""
3480.094 607.01314 2.414 -4.197 7.724 1210Qc0185
3480.124 106.00112 0.433 -6.588 3.464 CX01P065
3480.133 21.0 1.994 -2.55 "" ""
3480.135 26.0 2.863 -4.49 "" ""
3480.138 23.0 2.377 -4.02 "" ""
3480.143 106.00113 1.216 -4.454 3.464 AX41Q235
3480.144 106.00112 1.016 -7.413 3.464 CX23P045
3480.158 106.00113 1.261 -6.528 3.464 CX34P015
3480.165 106.00113 1.216 -7.407 3.464 AX41R225
3480.169 28.0 3.603 -0.08 "" ""
3480.17 28.0 3.765 0.03 "" ""
3480.172 106.00113 1.261 -5.142 3.464 CX34Q015
3480.174 607.01314 2.414 -1.358 7.724 1210Pb0185
3480.197 25.0 4.662 -1.59 "" ""
3480.199 22.0 1.501 -0.61 "" ""
3480.211 106.00113 1.216 -6.956 3.464 AX41P235
3480.233 106.00113 1.216 -4.509 3.464 AX41Q225
3480.242 106.00113 1.275 -4.947 3.464 CX34Q025
3480.248 22.0 2.394 -2.83 "" ""
3480.272 24.0 3.009 -1.22 "" ""
3480.273 106.00113 1.266 -7.008 3.464 CX34P025
3480.274 58.1 0.0 -1.47 BIEMONT ""
3480.276 106.00113 1.275 -6.879 3.464 CX34R025
3480.295 107.00114 0.6 -5.295 3.400 ""
3480.297 106.00113 1.266 -4.945 3.464 CX34Q025
3480.302 107.00114 0.6 -3.487 3.400 ""
3480.326 23.0 1.954 -4.48 "" ""
3480.334 26.0 3.239 -1.91 "" ""
3480.34 58.1 0.175 -1.51 "" ""
3480.364 92.0 0.714 0.53 "" ""
3480.368 40.1 0.931 -0.76 "" ""
3480.376 607.01314 2.551 -1.083 7.724 1210Pb0315
3480.377 58.1 0.445 -1.14 "" ""
3480.378 75.0 2.059 -0.03 "" ""
3480.398 40.1 0.931 -0.78 Ljung06 ""
3480.421 66.1 1.169 -0.61 "" ""
3480.426 106.00112 1.255 -7.874 3.464 AX52R195
3480.436 68.1 1.368 -0.27 "" ""
3480.497 73.0 0.752 -0.7 "" ""
3480.501 25.0 4.341 -1.96 "" ""
3480.517 106.00112 1.108 -8.993 3.464 CX23Q085
3480.526 22.0 1.066 -0.65 LAWLER ""
3480.534 607.01214 2.464 -1.314 7.724 1210Pb0185
3480.555 106.00113 1.145 -5.354 3.464 AX30P265
3480.556 106.00112 1.108 -6.176 3.464 CX23P085
3480.557 62.1 0.659 -0.88 "" ""
3480.57 23.1 5.875 -4.08 "" ""
3480.602 106.00113 1.275 -7.354 3.464 CX34P035
3480.602 25.0 3.37 -1.93 "" ""
3480.609 106.00113 1.145 -7.905 3.464 AX30Q255
3480.612 607.01214 2.464 -4.154 7.724 1210Qc0185
3480.625 607.01214 2.464 -1.289 7.724 1210Pa0195
3480.631 106.00112 1.109 -6.441 3.464 CX23P095
3480.635 106.00113 1.275 -4.81 3.464 CX34Q035
3480.76 106.00112 0.917 -8.889 3.464 AX30P225
3480.761 23.0 2.121 -3.3 "" ""
3480.772 106.00113 1.145 -5.458 3.464 AX30P255
3480.803 25.1 6.653 -6.15 "" ""
3480.825 607.01314 2.422 -1.333 7.724 1210Pb0195
3480.837 106.00112 1.294 -8.706 3.464 AX51P235
3480.85 75.0 1.811 -0.37 "" ""
3480.853 106.00113 1.258 -5.591 3.464 CX34Q005
3480.862 22.0 1.886 -3.79 "" ""
3480.863 106.00113 1.287 -4.811 3.464 CX34Q035
3480.871 607.01314 2.422 -4.217 7.724 1210Qc0195
3480.873 107.00114 0.958 -5.522 3.400 ""
3480.881 22.1 1.079 -1.63 "" ""
3480.884 607.01314 2.422 -1.309 7.724 1210Pa0205
3480.885 28.0 4.102 -0.43 "" ""
3480.906 106.00113 1.287 -6.897 3.464 CX34R035
3480.943 27.1 5.171 -5.53 "" ""
3480.946 106.00112 1.27 -6.849 3.464 CX34R015
3480.958 106.00112 1.27 -5.148 3.464 CX34Q015
3480.97 58.1 1.532 0.16 "" ""
3480.973 69.0 1.931 1.0 "" ""
3480.999 106.00112 0.995 -6.72 3.464 AX52R135
3481.021 106.00112 0.995 -4.402 3.464 AX52Q135
3481.03 22.0 2.479 -1.3 "" ""
3481.038 41.0 0.619 -1.38 "" ""
3481.047 25.0 2.141 -3.77 "" ""
3481.051 106.00112 1.144 -9.287 3.464 CX12Q165
3481.062 106.00112 1.144 -4.757 3.464 CX12P175
3481.092 106.00112 0.995 -4.356 3.464 AX52Q145
3481.105 106.00113 1.287 -7.665 3.464 CX34P045
3481.109 22.0 2.479 -1.05 "" ""
3481.114 106.00112 0.995 -6.5 3.464 AX52P145
3481.117 106.00112 1.144 -4.683 3.464 CX12P165
3481.137 40.1 0.801 0.17 "" ""
3481.148 106.00113 1.287 -4.705 3.464 CX34Q045
3481.15 46.0 1.251 0.31 "" ""
3481.154 58.1 0.674 -0.69 "" ""
3481.217 22.0 2.173 -6.29 "" ""
3481.255 25.0 4.675 -1.19 "" ""
3481.269 106.00113 1.015 -4.908 3.464 AX41P205
3481.276 106.00113 1.015 -7.235 3.464 AX41Q195
3481.28 64.1 0.6 0.42 LAWLER ""
3481.291 26.0 3.109 -5.65 "" ""
3481.3 22.0 0.848 -5.79 "" ""
3481.3 24.0 2.706 -0.34 "" ""
3481.304 44.0 0.997 -0.87 "" ""
3481.309 106.00113 0.908 -4.835 3.464 AX52P115
3481.32 106.00113 1.015 -4.975 3.464 AX41P195
3481.321 106.00113 0.908 -6.608 3.464 AX52Q115
3481.33 25.0 4.265 -4.4 "" ""
3481.367 607.01214 2.472 -1.289 7.724 1210Pb0195
3481.41 40.1 0.958 -0.8 "" ""
3481.428 22.0 2.133 -3.56 "" ""
3481.43 27.0 3.277 -0.93 "" ""
3481.432 106.00112 1.265 -5.141 3.464 CX34Q015
3481.432 106.00113 0.908 -4.774 3.464 AX52P125
3481.439 106.00112 1.265 -6.528 3.464 CX34P015
3481.44 62.1 0.378 -2.15 LAWLER ""
3481.445 40.1 0.959 -1.35 Ljung06 ""
3481.457 607.01214 2.472 -4.174 7.724 1210Qc0195
3481.47 607.01214 2.472 -1.264 7.724 1210Pa0205
3481.491 106.00112 1.279 -6.879 3.464 CX34R025
3481.498 25.0 3.38 -5.08 "" ""
3481.508 106.00112 1.279 -4.946 3.464 CX34Q025
3481.509 62.0 0.498 -0.39 "" ""
3481.511 607.01314 2.431 -1.309 7.724 1210Pb0205
3481.514 25.0 4.682 -4.38 "" ""
3481.522 27.0 3.25 -1.11 "" ""
3481.523 25.1 6.568 -4.99 "" ""
3481.535 24.0 2.998 -0.35 "" ""
3481.562 106.00112 1.271 -4.944 3.464 CX34Q025
3481.562 26.0 2.277 -4.52 "" ""
3481.574 106.00112 1.271 -7.008 3.464 CX34P025
3481.579 106.00113 1.193 -4.866 3.464 CX12P185
3481.603 29.0063 3.783 -2.575 KURHFS ""
3481.603 29.0063 3.783 -2.575 KURHFS ""
3481.603 29.0063 3.783 -2.973 KURHFS ""
3481.603 29.0065 3.783 -2.575 KURHFS ""
3481.603 29.0065 3.783 -2.575 KURHFS ""
3481.603 29.0065 3.783 -2.973 KURHFS ""
3481.607 29.0063 3.783 -2.128 KURHFS ""
3481.607 29.0063 3.783 -2.575 KURHFS ""
3481.607 29.0063 3.783 -3.274 KURHFS ""
3481.608 29.0065 3.783 -2.128 KURHFS ""
3481.608 29.0065 3.783 -2.575 KURHFS ""
3481.608 29.0065 3.783 -3.274 KURHFS ""
3481.62 106.00113 1.302 -4.705 3.464 CX34Q045
3481.647 106.00112 1.23 -8.813 3.464 AX20R275
3481.659 106.00113 1.193 -4.758 3.464 CX12P175
3481.668 22.0 2.493 -0.63 "" ""
3481.673 106.00113 1.302 -6.908 3.464 CX34R045
3481.689 607.01314 2.431 -4.235 7.724 1210Qc0205
3481.703 607.01314 2.431 -1.285 7.724 1210Pa0215
3481.748 69.1 1.086 -0.27 "" ""
3481.783 106.00113 1.302 -7.982 3.464 CX34P055
3481.786 42.0 2.497 -0.87 "" ""
3481.8 64.1 0.492 0.12 LAWLER ""
3481.809 106.00112 1.256 -7.819 3.464 AX52R195
3481.814 106.00113 0.035 -7.27 3.464 AX20R045
3481.815 23.0 2.764 -3.71 "" ""
3481.822 74.0 2.386 -0.08 "" ""
3481.828 107.00114 1.138 -3.394 3.400 ""
3481.836 106.00113 1.302 -4.618 3.464 CX34Q055
3481.861 106.00112 0.996 -6.738 3.464 AX52R135
3481.883 106.00112 0.996 -4.402 3.464 AX52Q135
3481.884 24.0 3.011 -2.01 "" ""
3481.894 106.00113 0.035 -7.254 3.464 AX20R045
3481.899 107.00114 0.901 -3.482 3.400 ""
3481.903 106.00112 0.996 -4.357 3.464 AX52Q145
3481.908 106.00112 1.279 -4.809 3.464 CX34Q035
3481.909 74.1 3.516 -0.91 "" ""
3481.92 26.1 4.073 -5.47 "" ""
3481.925 106.00112 0.996 -6.485 3.464 AX52P145
3481.925 106.00112 1.279 -7.354 3.464 CX34P035
3481.934 22.0 1.878 -3.52 "" ""
3481.953 22.0 0.835 -6.26 "" ""
3481.959 106.00113 0.908 -4.834 3.464 AX52P115
3481.961 26.0 2.557 -6.59 "" ""
3481.971 106.00113 0.908 -6.629 3.464 AX52Q115
3481.977 106.00113 1.193 -9.099 3.464 CX12Q175
3482.018 607.01314 2.538 -1.102 7.724 1210Pb0305
3482.036 27.0 2.868 -3.51 "" ""
3482.037 106.00113 0.908 -4.774 3.464 AX52P125
3482.046 25.1 5.394 -1.53 "" ""
3482.047 26.1 2.028 -4.71 "" ""
3482.102 66.1 0.925 -0.77 "" ""
3482.11 106.00112 1.263 -5.591 3.464 CX34Q005
3482.111 76.0 1.259 -1.37 "" ""
3482.115 106.00112 1.291 -6.897 3.464 CX34R035
3482.132 58.1 0.708 -0.39 "" ""
3482.136 106.00112 1.291 -4.81 3.464 CX34Q035
3482.136 106.00113 1.226 -8.739 3.464 AX20R275
3482.14 58.1 0.459 -1.01 BIEMONT ""
3482.166 42.0 2.621 -1.56 "" ""
3482.168 106.00112 1.018 -7.202 3.464 AX41Q195
3482.17 23.0 2.129 -2.6 "" ""
3482.17 607.01314 2.44 -1.285 7.724 1210Pb0215
3482.199 27.0 2.784 -2.0 "" ""
3482.22 106.00112 1.018 -4.975 3.464 AX41P195
3482.227 607.01214 2.481 -1.264 7.724 1210Pb0205
3482.229 106.00112 1.018 -4.907 3.464 AX41P205
3482.23 76.0 1.41 -1.49 "" ""
3482.236 75.0 2.745 0.3 "" ""
3482.268 107.00114 0.901 -5.177 3.400 ""
3482.297 107.00114 0.901 -3.423 3.400 ""
3482.306 107.00114 1.138 -4.997 3.400 ""
3482.329 607.01214 2.481 -4.192 7.724 1210Qc0205
3482.338 26.0 2.402 -3.91 "" ""
3482.34 107.00114 1.138 -3.329 3.400 ""
3482.342 42.0 2.274 -1.36 "" ""
3482.342 607.01214 2.481 -1.241 7.724 1210Pa0215
3482.35 24.1 4.753 -3.31 "" ""
3482.35 58.1 0.822 -0.04 "" ""
3482.359 106.00113 1.135 -6.441 3.464 CX23P095
3482.36 58.1 0.6 -0.26 "" ""
3482.385 106.00113 1.135 -6.794 3.464 CX23P105
3482.391 26.1 4.476 -4.12 "" ""
3482.393 42.0 1.469 -1.52 "" ""
3482.412 24.0 3.077 -4.11 "" ""
3482.413 106.00113 0.835 -7.41 3.464 AX52P095
3482.419 26.1 5.548 -2.07 "" ""
3482.431 106.00112 1.291 -4.705 3.464 CX34Q045
3482.438 23.0 2.113 -4.28 "" ""
3482.453 106.00112 1.291 -7.665 3.464 CX34P045
3482.484 106.00113 1.135 -8.911 3.464 CX23Q095
3482.49 92.1 0.217 -0.57 "" ""
3482.505 42.0 2.289 -1.75 "" ""
3482.548 90.1 1.188 -0.7 "" ""
3482.559 607.01314 2.44 -4.252 7.724 1210Qc0215
3482.563 24.1 4.94 -1.86 "" ""
3482.574 607.01314 2.44 -1.263 7.724 1210Pa0225
3482.583 27.0 1.954 -6.66 "" ""
3482.591 22.0 1.872 -3.27 "" ""
3482.61 64.1 0.427 -0.47 LAWLER ""
3482.615 24.1 4.38 -2.87 "" ""
3482.633 106.00113 0.911 -8.889 3.464 AX30P225
3482.634 27.0 3.189 -1.74 "" ""
3482.648 24.1 5.666 -2.04 "" ""
3482.65 26.0 3.632 -3.76 "" ""
3482.669 23.1 5.836 -4.04 "" ""
3482.69 62.1 0.434 -1.74 LAWLER ""
3482.698 26.1 4.146 -5.21 "" ""
3482.701 28.0 3.603 -1.43 "" ""
3482.703 23.0 2.113 -3.62 "" ""
3482.761 90.1 0.23 -1.65 "" ""
3482.784 607.01314 2.449 -1.263 7.724 1210Pb0225
3482.788 40.0 0.071 -0.97 "" ""
3482.842 25.0 2.918 -5.5 "" ""
3482.856 25.0 4.662 -3.4 "" ""
3482.877 106.00112 1.306 -6.908 3.464 CX34R045
3482.882 106.00113 0.836 -7.44 3.464 AX52P095
3482.887 106.00112 0.919 -8.954 3.464 AX30P225
3482.897 25.1055 1.831 -2.122 LAWHFS ""
3482.897 25.1055 1.831 -2.666 LAWHFS ""
3482.899 25.1055 1.831 -1.934 LAWHFS ""
3482.899 25.1055 1.831 -2.122 LAWHFS ""
3482.899 25.1055 1.831 -3.667 LAWHFS ""
3482.901 25.1055 1.831 -1.904 LAWHFS ""
3482.902 25.1055 1.831 -1.934 LAWHFS ""
3482.902 25.1055 1.831 -2.302 LAWHFS ""
3482.904 106.00112 1.306 -4.705 3.464 CX34Q045
3482.905 25.1055 1.831 -2.047 LAWHFS ""
3482.906 25.1055 1.831 -1.761 LAWHFS ""
3482.906 25.1055 1.831 -1.904 LAWHFS ""
3482.911 25.1055 1.831 -1.403 LAWHFS ""
3482.911 25.1055 1.831 -2.047 LAWHFS ""
3482.949 106.00113 1.261 -5.199 3.464 CX34P015
3482.95 107.00114 0.311 -5.832 3.400 ""
3482.953 106.00112 1.199 -9.098 3.464 CX12Q175
3482.955 106.00112 1.199 -4.865 3.464 CX12P185
3482.986 22.0 0.0 -3.02 "" ""
3483.007 26.0 0.914 -2.73 OBR91 ""
3483.008 40.0 0.998 -0.05 "" ""
3483.016 23.0 2.636 -2.31 "" ""
3483.023 106.00112 1.199 -4.757 3.464 CX12P175
3483.027 23.1 2.274 -5.5 "" ""
3483.083 25.0 2.113 -2.63 "" ""
3483.105 20.1 7.042 -2.57 "" ""
3483.114 607.01214 2.49 -1.241 7.724 1210Pb0215
3483.132 106.00112 1.306 -4.617 3.464 CX34Q055
3483.136 27.0 2.278 -1.62 LAWNHFS ""
3483.141 607.01314 2.526 -1.12 7.724 1210Pb0295
3483.153 106.00113 0.775 -7.15 3.464 CX12P075
3483.158 106.00112 1.306 -7.982 3.464 CX34P055
3483.171 44.0 0.148 -1.78 "" ""
3483.227 23.0 1.868 -3.71 "" ""
3483.229 607.01214 2.49 -4.21 7.724 1210Qc0215
3483.243 607.01214 2.49 -1.219 7.724 1210Pa0225
3483.29 44.0 0.148 -1.86 "" ""
3483.313 24.0 3.09 -5.1 "" ""
3483.33 607.01314 2.459 -1.241 7.724 1210Pb0235
3483.364 28.0 3.703 -1.43 "" ""
3483.387 27.0 3.252 -2.08 "" ""
3483.391 25.0 2.141 -3.75 "" ""
3483.41 27.0 0.513 -1.01 LAWNHFS ""
3483.423 78.0 1.25 -1.88 DH05nohfs ""
3483.481 21.0 2.008 -1.62 "" ""
3483.49 106.00113 1.25 -5.022 3.464 CX12P195
3483.496 607.01314 2.449 -4.268 7.724 1210Qc0225
3483.511 607.01314 2.449 -1.241 7.724 1210Pa0235
3483.514 28.0 3.477 -0.83 "" ""
3483.518 24.0 3.11 -1.22 "" ""
3483.521 24.0 3.548 -2.77 "" ""
3483.526 40.1 0.757 -0.12 "" ""
3483.569 23.1 2.274 -4.04 "" ""
3483.581 106.00113 1.25 -4.866 3.464 CX12P185
3483.622 28.0 3.696 -1.28 "" ""
3483.627 21.0 2.0 -3.5 "" ""
3483.629 22.1 4.305 0.15 "" ""
3483.659 24.1 4.747 -3.82 "" ""
3483.669 42.0 2.258 -0.84 "" ""
3483.683 106.00112 1.139 -8.911 3.464 CX23Q095
3483.684 25.0 3.769 -2.06 "" ""
3483.722 22.0 2.248 -2.82 "" ""
3483.727 106.00112 1.139 -6.441 3.464 CX23P095
3483.752 29.0 5.501 -0.27 "" ""
3483.777 28.0 0.275 -1.11 LAWLER ""
3483.778 106.00112 1.139 -6.794 3.464 CX23P105
3483.781 607.01314 2.469 -1.219 7.724 1210Pb0245
3483.799 106.00112 1.02 -4.908 3.464 AX41P205
3483.802 27.0 0.174 -2.61 LAWNHFS ""
3483.807 106.00112 1.324 -6.914 3.464 CX34R055
3483.809 106.00112 1.02 -7.235 3.464 AX41Q195
3483.826 25.1 6.568 -2.68 "" ""
3483.834 42.0 2.068 -0.89 "" ""
3483.836 607.01314 2.514 -1.139 7.724 1210Pb0285
3483.839 106.00112 1.324 -4.618 3.464 CX34Q055
3483.861 106.00112 1.02 -4.975 3.464 AX41P195
3483.91 42.0 2.274 -1.29 "" ""
3483.925 106.00113 1.25 -8.924 3.464 CX12Q185
3483.956 25.0 3.761 -0.43 "" ""
3483.967 27.0 2.868 -4.52 "" ""
3484.013 42.0 1.334 -3.02 "" ""
