wavelength species excitation loggf disassociation_energy comment
3625.057 607.01314 1.945 -0.92 7.724 0908Pb0145
3625.062 106.00112 0.896 -6.237 3.464 AX31P185
3625.068 22.0 2.159 -1.94 "" ""
3625.077 607.01314 1.945 -3.565 7.724 0908Qc0145
3625.089 607.01314 1.945 -0.891 7.724 0908Pa0155
3625.14 607.01214 1.999 -3.655 7.724 0908Qc0165
3625.142 26.0 2.83 -0.78 DEN14 ""
3625.155 607.01214 1.999 -0.872 7.724 0908Pa0175
3625.16 41.0 1.268 -0.37 "" ""
3625.161 607.01214 1.999 -0.897 7.724 0908Pb0165
3625.194 44.0 1.316 -0.59 "" ""
3625.202 26.0 3.957 -3.85 "" ""
3625.215 73.0 0.696 -1.73 "" ""
3625.225 26.0 3.637 -5.66 "" ""
3625.26 64.1 1.101 -0.62 LAWLER ""
3625.274 23.1 3.121 -2.63 "" ""
3625.281 68.1 2.153 0.45 "" ""
3625.282 24.1 4.494 -4.34 "" ""
3625.312 23.0 1.798 -2.16 "" ""
3625.348 24.0 4.093 -3.1 "" ""
3625.349 20.0 2.521 -6.57 "" ""
3625.35 26.0 2.856 -7.23 "" ""
3625.361 25.1 5.544 -3.32 "" ""
3625.366 28.0 3.741 -4.05 "" ""
3625.395 21.0 1.985 -2.47 "" ""
3625.398 106.00112 0.873 -4.584 3.464 AX42R105
3625.404 38.1 5.914 -2.81 "" ""
3625.407 23.0 1.929 -2.81 "" ""
3625.413 106.00113 0.871 -4.585 3.464 AX42R105
3625.494 26.0 3.414 -2.69 "" ""
3625.495 106.00113 0.871 -4.622 3.464 AX42R115
3625.501 106.00113 0.871 -6.071 3.464 AX42Q115
3625.51 65.1 0.401 -0.06 LAWNOHFS ""
3625.515 21.0 1.985 -2.52 "" ""
3625.521 106.00112 0.873 -4.621 3.464 AX42R115
3625.533 106.00112 0.873 -6.089 3.464 AX42Q115
3625.54 27.0 3.213 -2.13 "" ""
3625.557 106.00113 0.64 -4.589 3.464 AX20P195
3625.566 106.00113 0.64 -6.976 3.464 AX20Q185
3625.571 23.0 2.246 -1.71 "" ""
3625.585 607.01314 1.951 -0.891 7.724 0908Pb0155
3625.606 607.01314 1.951 -3.594 7.724 0908Qc0155
3625.611 23.1 2.375 -1.22 LAWNOHFS ""
3625.619 607.01314 1.951 -0.865 7.724 0908Pa0165
3625.622 106.00113 0.64 -4.634 3.464 AX20P185
3625.628 90.1 0.189 -0.95 Nils02/9 ""
3625.678 26.0 2.988 -4.69 "" ""
3625.694 607.01214 2.007 -3.681 7.724 0908Qc0175
3625.702 24.0 3.548 -4.08 "" ""
3625.703 77.0 1.605 -1.37 "" ""
3625.709 607.01214 2.007 -0.849 7.724 0908Pa0185
3625.715 607.01214 2.007 -0.872 7.724 0908Pb0175
3625.716 41.0 1.608 -0.04 "" ""
3625.739 20.0 2.521 -4.01 "" ""
3625.754 20.0 2.521 -4.9 "" ""
3625.852 23.0 1.802 -2.25 "" ""
3625.893 90.0 0.902 -0.02 "" ""
3625.9 24.1 4.94 -2.9 "" ""
3625.908 21.0 1.447 -4.49 "" ""
3625.909 75.0 1.954 -0.62 "" ""
3625.935 28.0 3.304 -7.47 "" ""
3626.008 106.00112 0.874 -4.584 3.464 AX42R105
3626.016 106.00113 1.25 -7.347 3.464 AX52P185
3626.017 27.0 1.784 -2.27 LAWNHFS ""
3626.037 106.00112 0.598 -6.336 3.464 AX31Q115
3626.041 106.00112 0.598 -4.469 3.464 AX31P115
3626.044 106.00112 1.256 -8.62 3.464 AX42R195
3626.052 23.0 1.847 -7.08 "" ""
3626.083 22.0 0.021 -2.37 "" ""
3626.086 106.00112 0.874 -4.622 3.464 AX42R115
3626.097 106.00112 0.874 -6.071 3.464 AX42Q115
3626.121 607.01314 1.958 -0.865 7.724 0908Pb0165
3626.146 607.01314 1.958 -3.622 7.724 0908Qc0165
3626.16 607.01314 1.958 -0.84 7.724 0908Pa0175
3626.164 106.00112 0.598 -4.419 3.464 AX31P125
3626.18 42.0 1.53 -1.1 "" ""
3626.189 60.1 0.932 -0.28 "" ""
3626.192 26.0 3.271 -2.46 "" ""
3626.206 24.0 4.096 -0.19 "" ""
3626.212 24.1 4.934 -3.51 "" ""
3626.245 106.00113 1.359 -7.764 3.464 AX41P245
3626.255 607.01214 2.015 -3.707 7.724 0908Qc0185
3626.261 24.0 3.885 -2.97 "" ""
3626.271 607.01214 2.015 -0.828 7.724 0908Pa0195
3626.277 607.01214 2.015 -0.849 7.724 0908Pb0185
3626.284 77.0 1.224 -1.55 "" ""
3626.288 25.0 4.243 -1.42 "" ""
3626.324 64.1 1.133 -0.33 "" ""
3626.349 106.00113 0.892 -6.866 3.464 AX31R175
3626.372 25.0 4.675 -2.36 "" ""
3626.397 27.0 2.278 -2.98 "" ""
3626.409 25.0 4.604 -2.52 "" ""
3626.415 64.1 1.446 -0.02 "" ""
3626.419 106.00113 0.892 -4.034 3.464 AX31Q185
3626.429 106.00112 0.898 -6.887 3.464 AX31R175
3626.434 106.00112 0.898 -4.034 3.464 AX31Q185
3626.436 106.00113 0.892 -4.046 3.464 AX31Q175
3626.482 106.00112 0.898 -4.047 3.464 AX31Q175
3626.487 106.00112 0.898 -6.218 3.464 AX31P185
3626.493 106.00113 1.288 -10.005 3.464 AX31R245
3626.5 62.1 0.277 -1.81 LAWLER ""
3626.506 106.00113 0.892 -6.237 3.464 AX31P185
3626.506 106.00113 1.371 -6.731 3.464 AX52Q205
3626.523 23.0 2.86 -4.82 "" ""
3626.542 106.00113 1.371 -4.333 3.464 AX52P205
3626.557 106.00113 1.371 -4.292 3.464 AX52P215
3626.565 25.0 4.329 -0.66 "" ""
3626.589 45.0 1.142 -0.06 "" ""
3626.61 73.0 0.491 -0.82 "" ""
3626.622 42.0 2.932 -1.74 "" ""
3626.655 22.0 2.425 -3.84 "" ""
3626.67 106.00113 1.288 -6.782 3.464 AX31Q245
3626.675 607.01314 1.966 -0.84 7.724 0908Pb0175
3626.698 106.00113 1.288 -5.873 3.464 AX31R235
3626.701 607.01314 1.966 -3.648 7.724 0908Qc0175
3626.708 26.0 3.414 -4.46 "" ""
3626.715 607.01314 1.966 -0.817 7.724 0908Pa0185
3626.736 44.0 2.118 0.29 "" ""
3626.749 26.0 3.926 -1.64 "" ""
3626.755 24.0 4.096 -2.33 "" ""
3626.777 106.00112 0.599 -6.357 3.464 AX31Q115
3626.782 106.00112 0.599 -4.469 3.464 AX31P115
3626.822 607.01214 2.024 -3.731 7.724 0908Qc0195
3626.83 27.0 3.407 -7.71 "" ""
3626.834 106.00112 0.361 -7.672 3.464 AX20P135
3626.838 607.01214 2.024 -0.807 7.724 0908Pa0205
3626.838 607.01214 2.358 -0.822 7.724 1009Rb0295
3626.842 607.01214 2.024 -0.828 7.724 0908Pb0195
3626.843 25.1 6.86 -2.55 "" ""
3626.854 106.00112 0.599 -4.42 3.464 AX31P125
3626.861 607.01214 2.358 -4.076 7.724 1009Qd0305
3626.892 27.0 2.716 -2.45 "" ""
3627.0 62.1 0.277 -0.51 LAWLER ""
3627.009 106.00113 0.596 -4.469 3.464 AX31P115
3627.009 106.00113 0.596 -6.336 3.464 AX31Q115
3627.019 23.1 6.019 -3.89 "" ""
3627.057 26.0 3.571 -1.31 "" ""
3627.084 27.0 2.925 -5.36 "" ""
3627.135 106.00113 0.596 -4.419 3.464 AX31P125
3627.151 106.00112 0.021 -2.772 3.464 BX10R025
3627.155 23.0 2.113 -3.05 "" ""
3627.171 26.1 5.952 -2.18 "" ""
3627.183 25.1 5.544 -3.79 "" ""
3627.198 21.0 1.994 -2.34 "" ""
3627.206 26.0 3.639 -5.46 "" ""
3627.239 23.0 2.764 -2.62 "" ""
3627.242 74.0 1.649 -0.67 "" ""
3627.247 607.01314 1.974 -0.817 7.724 0908Pb0185
3627.258 23.0 2.573 -4.52 "" ""
3627.272 607.01314 1.974 -3.673 7.724 0908Qc0185
3627.285 44.0 1.697 -1.08 "" ""
3627.287 607.01314 1.974 -0.795 7.724 0908Pa0195
3627.317 22.1 4.861 -1.54 "" ""
3627.328 29.0 5.519 -0.68 "" ""
3627.335 26.0 3.651 -3.14 "" ""
3627.34 26.0 3.036 -3.03 "" ""
3627.39 60.1 0.471 -1.55 LAWLER ""
3627.398 106.00112 0.002 -3.525 3.464 BX10R005
3627.398 607.01214 2.033 -3.754 7.724 0908Qc0205
3627.416 607.01214 2.033 -0.788 7.724 0908Pa0215
3627.417 607.01214 2.033 -0.807 7.724 0908Pb0205
3627.428 106.00112 0.229 -4.713 3.464 BX10R115
3627.429 27.0 2.868 -1.82 "" ""
3627.441 106.00112 0.01 -3.048 3.464 BX10R015
3627.442 26.0 3.249 -1.4 "" ""
3627.449 106.00113 0.228 -4.713 3.464 BX10R115
3627.459 24.0 3.886 -4.1 "" ""
3627.465 26.0 2.725 -4.26 "" ""
3627.479 25.1 6.387 -0.76 "" ""
3627.537 26.0 2.996 -6.04 "" ""
3627.55 106.00113 1.251 -7.401 3.464 AX52P185
3627.572 106.00113 0.021 -2.772 3.464 BX10R025
3627.61 26.0 3.684 -3.44 "" ""
3627.628 12.0 6.583 -1.5 "" ""
3627.629 27.0 2.925 -4.56 "" ""
3627.637 106.00112 0.035 -2.594 3.464 BX10R035
3627.658 106.00113 1.284 -9.92 3.464 CX13R145
3627.672 607.01214 2.346 -0.831 7.724 1009Rb0285
3627.693 607.01214 2.346 -4.058 7.724 1009Qd0295
3627.696 22.1 1.223 -2.11 "" ""
3627.704 106.00112 0.021 -5.839 3.464 BX10Q035
3627.715 23.1 2.37 -1.19 LAWNOHFS ""
3627.72 106.00112 0.021 -2.595 3.464 BX10R035
3627.734 106.00113 0.596 -6.356 3.464 AX31Q115
3627.738 22.0 2.173 -2.29 "" ""
3627.748 106.00113 0.596 -4.469 3.464 AX31P115
3627.751 27.0 2.872 -1.46 "" ""
3627.791 28.0 3.844 -1.73 "" ""
3627.797 23.0 2.027 -5.84 "" ""
3627.799 27.0 3.25 -4.13 "" ""
3627.8 27.0059 0.513 -2.229 Lawle15HFS ""
3627.8 27.0059 0.513 -2.399 Lawle15HFS ""
3627.801 27.0059 0.513 -2.083 Lawle15HFS ""
3627.801 27.0059 0.513 -2.603 Lawle15HFS ""
3627.801 45.0 1.483 -0.73 "" ""
3627.802 27.0059 0.513 -2.866 Lawle15HFS ""
3627.803 27.0059 0.513 -1.954 Lawle15HFS ""
3627.805 27.0059 0.513 -1.838 Lawle15HFS ""
3627.805 27.0059 0.513 -2.799 Lawle15HFS ""
3627.807 27.0059 0.513 -2.603 Lawle15HFS ""
3627.808 27.0059 0.513 -1.733 Lawle15HFS ""
3627.809 27.0059 0.513 -2.498 Lawle15HFS ""
3627.81 106.00113 0.596 -4.419 3.464 AX31P125
3627.811 27.0059 0.513 -3.498 Lawle15HFS ""
3627.812 27.0059 0.513 -2.451 Lawle15HFS ""
3627.816 27.0059 0.513 -2.457 Lawle15HFS ""
3627.816 27.0059 0.513 -3.343 Lawle15HFS ""
3627.821 27.0059 0.513 -2.53 Lawle15HFS ""
3627.821 27.0059 0.513 -3.343 Lawle15HFS ""
3627.822 106.00113 0.002 -3.525 3.464 BX10R005
3627.826 27.0059 0.513 -2.741 Lawle15HFS ""
3627.827 27.0059 0.513 -3.44 Lawle15HFS ""
3627.834 27.0059 0.513 -3.645 Lawle15HFS ""
3627.84 607.01314 1.982 -0.795 7.724 0908Pb0195
3627.841 27.0059 0.513 -4.043 Lawle15HFS ""
3627.843 27.0 3.25 -2.37 "" ""
3627.846 106.00112 0.362 -7.715 3.464 AX20P135
3627.854 106.00113 0.894 -6.887 3.464 AX31R175
3627.861 106.00113 0.894 -4.034 3.464 AX31Q185
3627.863 106.00113 0.359 -7.672 3.464 AX20P135
3627.863 607.01314 1.982 -3.697 7.724 0908Qc0195
3627.867 106.00113 0.01 -3.048 3.464 BX10R015
3627.878 22.0 1.738 -6.62 "" ""
3627.878 607.01314 1.982 -0.774 7.724 0908Pa0205
3627.881 106.00113 0.894 -4.046 3.464 AX31Q175
3627.888 106.00113 0.894 -6.218 3.464 AX31P185
3627.908 24.0 4.774 -3.5 "" ""
3627.96 62.1 0.104 -1.38 LAWLER ""
3627.962 26.0 2.756 -2.45 "" ""
3627.981 607.01214 2.042 -3.776 7.724 0908Qc0215
3627.999 607.01214 2.042 -0.769 7.724 0908Pa0225
3627.999 607.01214 2.042 -0.788 7.724 0908Pb0215
3628.012 24.0 3.419 -2.94 "" ""
3628.038 68.0 0.624 0.65 "" ""
3628.042 106.00113 0.035 -2.594 3.464 BX10R035
3628.053 24.0 4.096 -1.85 "" ""
3628.055 106.00112 0.035 -6.163 3.464 BX10Q045
3628.065 106.00112 0.035 -2.464 3.464 BX10R045
3628.079 24.0 3.426 -4.11 "" ""
3628.082 26.1 6.218 -4.33 "" ""
3628.092 26.0 2.196 -2.24 OBR91 ""
3628.105 106.00113 0.908 -4.627 3.464 AX42R115
3628.11 78.0 0.81 -1.84 DH05nohfs ""
3628.122 106.00113 0.021 -5.839 3.464 BX10Q035
3628.134 106.00113 0.021 -2.594 3.464 BX10R035
3628.145 607.01314 2.437 -0.701 7.724 1009Ra0395
3628.172 607.01314 2.421 -0.704 7.724 1009Ra0385
3628.191 607.01314 2.453 -0.701 7.724 1009Rb0395
3628.198 607.01314 2.437 -0.704 7.724 1009Rb0385
3628.207 27.0 2.872 -2.9 "" ""
3628.21 20.0 2.524 -7.31 "" ""
3628.211 106.00113 0.908 -4.685 3.464 AX42R125
3628.213 607.01314 2.406 -0.709 7.724 1009Ra0375
3628.22 607.01314 2.453 -4.193 7.724 1009Qd0405
3628.221 607.01314 2.421 -0.709 7.724 1009Rb0375
3628.226 106.00113 0.908 -6.151 3.464 AX42Q125
3628.227 607.01314 2.437 -4.176 7.724 1009Qd0395
3628.248 58.1 0.32 -1.07 BIEMONT ""
3628.249 607.01314 2.421 -4.159 7.724 1009Qd0385
3628.258 106.00112 0.011 -5.42 3.464 BX10Q025
3628.26 607.01314 2.406 -0.713 7.724 1009Rb0365
3628.268 106.00112 0.011 -2.772 3.464 BX10R025
3628.268 607.01314 2.391 -0.713 7.724 1009Ra0365
3628.287 607.01314 2.406 -4.142 7.724 1009Qd0375
3628.288 106.00113 1.372 -4.292 3.464 AX52P215
3628.306 24.0 3.102 -3.62 "" ""
3628.313 607.01314 2.391 -0.719 7.724 1009Rb0355
3628.322 106.00113 1.372 -6.765 3.464 AX52Q205
3628.327 42.0 2.497 -1.28 "" ""
3628.337 607.01314 2.376 -0.719 7.724 1009Ra0355
3628.339 607.01214 2.333 -0.841 7.724 1009Rb0275
3628.34 607.01314 2.391 -4.126 7.724 1009Qd0365
3628.356 106.00113 1.372 -4.333 3.464 AX52P205
3628.361 607.01214 2.333 -4.038 7.724 1009Qd0285
3628.366 23.0 2.241 -2.24 "" ""
3628.381 607.01314 2.376 -0.725 7.724 1009Rb0345
3628.407 607.01314 2.376 -4.108 7.724 1009Qd0355
3628.421 607.01314 2.362 -0.725 7.724 1009Ra0345
3628.458 106.00113 0.035 -6.163 3.464 BX10Q045
3628.461 607.01314 1.991 -0.774 7.724 0908Pb0205
3628.464 20.0 4.128 -4.63 "" ""
3628.464 607.01314 2.362 -0.731 7.724 1009Rb0335
3628.474 106.00113 0.035 -2.463 3.464 BX10R045
3628.477 607.01314 1.991 -3.72 7.724 0908Qc0205
3628.489 607.01314 2.362 -4.091 7.724 1009Qd0345
3628.493 607.01314 1.991 -0.755 7.724 0908Pa0215
3628.518 607.01314 2.348 -0.731 7.724 1009Ra0335
3628.561 607.01314 2.348 -0.739 7.724 1009Rb0325
3628.572 607.01214 2.052 -3.798 7.724 0908Qc0225
3628.585 607.01314 2.348 -4.074 7.724 1009Qd0335
3628.591 607.01214 2.052 -0.769 7.724 0908Pb0225
3628.592 607.01214 2.052 -0.752 7.724 0908Pa0235
3628.594 20.0 2.524 -3.85 "" ""
3628.596 106.00113 1.435 -9.782 3.464 CX02Q225
3628.597 106.00113 1.309 -8.023 3.464 AX42R205
3628.6 20.0 2.524 -4.9 "" ""
3628.612 58.0 0.274 -0.1 "" ""
3628.615 20.0 2.524 -6.43 "" ""
3628.617 28.0 3.895 -2.11 "" ""
3628.628 607.01314 2.334 -0.739 7.724 1009Ra0325
3628.656 28.0 3.838 -2.85 "" ""
3628.661 25.1 6.64 -2.17 "" ""
3628.666 77.0 0.783 -1.35 "" ""
3628.671 607.01314 2.334 -0.746 7.724 1009Rb0315
3628.682 106.00113 0.011 -5.42 3.464 BX10Q025
3628.691 106.00113 0.011 -2.772 3.464 BX10R025
3628.695 607.01314 2.334 -4.056 7.724 1009Qd0325
3628.7 39.1 0.13 -0.7 Biemont11 ""
3628.705 106.00113 1.362 -7.832 3.464 AX41P245
3628.729 42.0 3.154 -1.31 "" ""
3628.751 607.01314 2.321 -0.746 7.724 1009Ra0315
3628.795 607.01314 2.321 -0.755 7.724 1009Rb0305
3628.812 106.00113 0.908 -4.627 3.464 AX42R115
3628.813 26.0 2.988 -2.28 "" ""
3628.818 607.01314 2.321 -4.039 7.724 1009Qd0315
3628.819 57.1139 0.126 -1.803 Lawle01HFS ""
3628.82 57.1139 0.126 -1.924 Lawle01HFS ""
3628.821 57.1139 0.126 -2.06 Lawle01HFS ""
3628.822 106.00112 0.911 -4.627 3.464 AX42R115
3628.822 57.1139 0.126 -2.216 Lawle01HFS ""
3628.823 57.1139 0.126 -2.401 Lawle01HFS ""
3628.823 57.1139 0.126 -2.732 Lawle01HFS ""
3628.824 57.1139 0.126 -2.461 Lawle01HFS ""
3628.824 57.1139 0.126 -2.527 Lawle01HFS ""
3628.824 57.1139 0.126 -2.635 Lawle01HFS ""
3628.825 57.1139 0.126 -2.465 Lawle01HFS ""
3628.825 57.1139 0.126 -2.526 Lawle01HFS ""
3628.825 57.1139 0.126 -2.648 Lawle01HFS ""
3628.825 57.1139 0.126 -2.977 Lawle01HFS ""
3628.826 57.1139 0.126 -2.831 Lawle01HFS ""
3628.826 57.1139 0.126 -3.309 Lawle01HFS ""
3628.827 57.1139 0.126 -3.199 Lawle01HFS ""
3628.827 57.1139 0.126 -3.221 Lawle01HFS ""
3628.827 57.1139 0.126 -3.33 Lawle01HFS ""
3628.827 57.1139 0.126 -3.541 Lawle01HFS ""
3628.827 57.1139 0.126 -3.946 Lawle01HFS ""
3628.861 106.00113 0.36 -7.714 3.464 AX20P135
3628.87 106.00113 0.908 -4.686 3.464 AX42R125
3628.878 607.01214 2.321 -0.851 7.724 1009Rb0265
3628.883 106.00113 0.908 -6.131 3.464 AX42Q125
3628.888 607.01314 2.308 -0.755 7.724 1009Ra0305
3628.899 607.01214 2.321 -4.019 7.724 1009Qd0275
3628.911 26.0 3.249 -1.59 "" ""
3628.923 21.1 7.217 -4.13 "" ""
3628.925 106.00112 0.911 -4.685 3.464 AX42R125
3628.932 607.01314 2.308 -0.764 7.724 1009Rb0295
3628.944 106.00112 0.911 -6.151 3.464 AX42Q125
3628.954 607.01314 2.308 -4.021 7.724 1009Qd0305
3628.994 106.00112 0.052 -2.464 3.464 BX10R045
3629.025 40.1 1.758 -1.1 "" ""
3629.036 607.01314 2.296 -0.764 7.724 1009Ra0295
3629.081 607.01314 2.296 -0.774 7.724 1009Rb0285
3629.103 607.01314 2.296 -4.003 7.724 1009Qd0295
3629.11 21.1 0.595 -3.27 "" ""
3629.112 607.01314 2.0 -0.755 7.724 0908Pb0215
3629.119 607.01314 2.0 -3.742 7.724 0908Qc0215
3629.136 607.01314 2.0 -0.736 7.724 0908Pa0225
3629.162 106.00113 1.435 -6.726 3.464 CX02R225
3629.173 607.01214 2.063 -3.818 7.724 0908Qc0235
3629.189 106.00113 1.435 -6.629 3.464 CX02R215
3629.197 607.01214 2.063 -0.736 7.724 0908Pa0245
3629.197 75.0 2.411 -0.59 "" ""
3629.198 607.01214 2.063 -0.752 7.724 0908Pb0235
3629.198 607.01314 2.284 -0.774 7.724 1009Ra0285
3629.235 24.0 3.887 -2.61 "" ""
3629.243 25.1 6.86 -2.18 "" ""
3629.243 607.01314 2.284 -0.784 7.724 1009Rb0275
3629.258 22.0 1.429 -3.05 "" ""
3629.264 607.01314 2.284 -3.984 7.724 1009Qd0285
3629.284 25.0 4.317 -3.6 "" ""
3629.304 42.0 2.079 -0.81 "" ""
3629.317 23.0 2.255 -1.46 "" ""
3629.318 607.01214 2.31 -0.863 7.724 1009Rb0255
3629.33 106.00112 0.053 -6.426 3.464 BX10Q055
3629.338 607.01214 2.31 -3.999 7.724 1009Qd0265
3629.34 106.00112 1.289 -9.92 3.464 CX13R145
3629.35 106.00112 0.053 -2.36 3.464 BX10R055
3629.367 25.1 5.376 -3.75 "" ""
3629.368 68.0 1.473 1.12 "" ""
3629.371 607.01314 2.273 -0.784 7.724 1009Ra0275
3629.375 106.00113 0.052 -2.463 3.464 BX10R045
3629.396 25.0 4.317 -2.71 "" ""
3629.403 26.0 3.692 -7.19 "" ""
3629.417 607.01314 2.273 -0.795 7.724 1009Rb0265
3629.42 24.1 4.934 -2.55 "" ""
3629.42 66.1 1.41 0.0 LAWLER ""
3629.438 607.01314 2.273 -3.965 7.724 1009Qd0275
3629.44 65.1 0.126 -0.5 LAWNOHFS ""
3629.509 64.1 1.171 -0.13 "" ""
3629.523 22.0 0.825 -4.61 "" ""
3629.536 106.00112 0.912 -4.627 3.464 AX42R115
3629.556 607.01314 2.262 -0.795 7.724 1009Ra0265
3629.589 60.1 1.88 0.51 "" ""
3629.59 106.00112 0.912 -4.685 3.464 AX42R125
3629.603 607.01314 2.262 -0.807 7.724 1009Rb0255
3629.609 106.00112 0.912 -6.131 3.464 AX42Q125
3629.612 106.00113 1.223 -7.773 3.464 AX20R265
3629.623 607.01314 2.262 -3.946 7.724 1009Qd0265
3629.646 106.00113 1.223 -4.267 3.464 AX20Q275
3629.664 26.0 3.036 -5.14 "" ""
3629.67 21.0 1.438 -5.94 "" ""
3629.686 607.01214 2.299 -0.875 7.724 1009Rb0245
3629.696 22.0 2.159 -3.02 "" ""
3629.701 24.0 3.119 -3.06 "" ""
3629.705 607.01214 2.299 -3.979 7.724 1009Qd0255
3629.711 106.00113 0.052 -6.426 3.464 BX10Q055
3629.713 106.00113 1.223 -4.264 3.464 AX20Q265
3629.731 106.00113 0.052 -2.36 3.464 BX10R055
3629.731 25.0 2.162 -1.35 "" ""
3629.738 22.0 2.331 -1.59 "" ""
3629.747 106.00113 1.223 -6.707 3.464 AX20P275
3629.753 106.00112 0.004 -4.813 3.464 BX10Q015
3629.753 607.01314 2.251 -0.807 7.724 1009Ra0255
3629.76 106.00112 0.004 -3.049 3.464 BX10R015
3629.768 23.0 1.948 -3.54 "" ""
3629.781 29.0 5.417 -1.77 "" ""
3629.782 607.01214 2.073 -3.838 7.724 0908Qc0245
3629.793 607.01314 2.009 -3.763 7.724 0908Qc0225
3629.8 607.01214 2.073 -0.72 7.724 0908Pa0255
3629.8 607.01314 2.009 -0.736 7.724 0908Pb0225
3629.801 607.01314 2.251 -0.82 7.724 1009Rb0245
3629.811 607.01314 2.009 -0.719 7.724 0908Pa0235
3629.813 607.01214 2.073 -0.736 7.724 0908Pb0245
3629.82 607.01314 2.251 -3.926 7.724 1009Qd0255
3629.868 23.0 2.876 -4.38 "" ""
3629.898 28.0 3.838 0.06 "" ""
3629.904 106.00113 0.669 -5.166 3.464 AX42Q015
3629.926 60.1 0.742 -0.32 "" ""
3629.932 106.00113 0.669 -5.164 3.464 AX42Q015
3629.956 76.0 0.638 -2.05 Quinet06 ""
3629.961 607.01314 2.241 -0.82 7.724 1009Ra0245
3629.982 26.1 4.15 -3.69 "" ""
3630.001 607.01214 2.288 -0.888 7.724 1009Rb0235
3630.008 106.00112 1.443 -6.726 3.464 CX02R225
3630.01 607.01314 2.241 -0.833 7.724 1009Rb0235
3630.019 607.01214 2.288 -3.958 7.724 1009Qd0245
3630.02 40.1 0.359 -1.11 Ljung06 ""
3630.025 25.1 6.489 -2.65 "" ""
3630.028 607.01314 2.241 -3.906 7.724 1009Qd0245
3630.033 607.01214 2.31 -0.852 7.724 1009Ra0265
3630.039 25.1 5.433 -6.29 "" ""
3630.044 607.01214 2.299 -0.863 7.724 1009Ra0255
3630.057 68.1 2.4 1.01 "" ""
3630.063 106.00112 0.671 -5.166 3.464 AX42Q015
3630.093 106.00112 0.671 -5.164 3.464 AX42Q015
3630.1 74.1 2.968 -1.5 "" ""
3630.107 106.00112 1.443 -9.781 3.464 CX02Q225
3630.111 106.00113 0.669 -5.351 3.464 AX42R015
3630.113 607.01214 2.321 -0.841 7.724 1009Ra0275
3630.126 607.01214 2.288 -0.875 7.724 1009Ra0245
3630.135 106.00112 1.443 -6.629 3.464 CX02R215
3630.14 106.00113 0.669 -5.355 3.464 AX42R015
3630.174 106.00113 0.004 -4.813 3.464 BX10Q015
3630.174 106.00113 1.31 -7.965 3.464 AX42R205
3630.18 106.00113 0.004 -3.049 3.464 BX10R015
3630.18 607.01314 2.231 -0.833 7.724 1009Ra0235
3630.228 26.0 3.632 -1.8 "" ""
3630.23 607.01314 2.231 -0.848 7.724 1009Rb0225
3630.24 66.1 0.54 0.04 LAWLER ""
3630.247 607.01314 2.231 -3.885 7.724 1009Qd0235
3630.25 64.1 1.275 -0.47 "" ""
3630.262 106.00112 0.671 -5.351 3.464 AX42R015
3630.265 607.01214 2.278 -0.888 7.724 1009Ra0235
3630.269 28.0 3.838 -2.51 "" ""
3630.27 26.0 3.249 -1.32 "" ""
3630.281 607.01214 2.278 -0.901 7.724 1009Rb0225
3630.292 106.00112 0.671 -5.355 3.464 AX42R015
3630.299 607.01214 2.278 -3.937 7.724 1009Qd0235
3630.308 607.01214 2.333 -0.832 7.724 1009Ra0285
3630.335 27.0 2.628 -5.52 "" ""
3630.348 26.0 2.849 -0.82 DEN14 ""
3630.401 607.01214 2.085 -3.858 7.724 0908Qc0255
3630.412 607.01314 2.221 -0.848 7.724 1009Ra0225
3630.415 58.1 1.253 -0.34 "" ""
3630.422 607.01214 2.085 -0.705 7.724 0908Pa0265
3630.423 28.0 3.633 -5.66 "" ""
3630.445 607.01214 2.268 -0.901 7.724 1009Ra0225
3630.447 607.01214 2.085 -0.72 7.724 0908Pb0255
3630.46 607.01314 2.221 -0.863 7.724 1009Rb0215
3630.477 607.01314 2.221 -3.864 7.724 1009Qd0225
3630.48 66.1 0.92 -0.66 LAWLER ""
3630.505 607.01314 2.019 -3.784 7.724 0908Qc0235
3630.524 607.01314 2.019 -0.702 7.724 0908Pa0245
3630.532 607.01314 2.019 -0.719 7.724 0908Pb0235
3630.54 607.01214 2.268 -0.916 7.724 1009Rb0215
3630.557 607.01214 2.268 -3.915 7.724 1009Qd0225
3630.581 28.0 3.83 -1.62 "" ""
3630.613 41.0 1.499 -0.12 "" ""
3630.646 607.01214 2.346 -0.823 7.724 1009Ra0295
3630.651 106.00113 0.67 -5.52 3.464 AX42P025
3630.651 607.01314 2.212 -0.863 7.724 1009Ra0215
3630.659 607.01214 2.259 -0.916 7.724 1009Ra0215
3630.663 26.0 3.651 -4.32 "" ""
3630.666 26.0 2.277 -3.77 "" ""
3630.67 106.00113 0.67 -5.518 3.464 AX42P025
3630.67 62.1 0.659 -0.84 LAWLER ""
3630.702 607.01314 2.212 -0.88 7.724 1009Rb0205
3630.717 607.01314 2.212 -3.842 7.724 1009Qd0215
3630.73 21.1045 0.008 -1.45 LAWHFS ""
3630.733 21.1045 0.008 -1.03 LAWHFS ""
3630.733 21.1045 0.008 -1.15 LAWHFS ""
3630.734 21.1045 0.008 -1.23 LAWHFS ""
3630.736 106.00112 1.441 -7.505 3.464 AX52R215
3630.736 21.1045 0.008 -0.97 LAWHFS ""
3630.737 21.1045 0.008 -0.76 LAWHFS ""
3630.738 21.1045 0.008 -1.32 LAWHFS ""
3630.741 21.1045 0.008 -0.91 LAWHFS ""
3630.742 21.1045 0.008 -0.55 LAWHFS ""
3630.744 21.1045 0.008 -1.47 LAWHFS ""
3630.747 21.1045 0.008 -0.94 LAWHFS ""
3630.748 21.1045 0.008 -0.38 LAWHFS ""
3630.751 21.1045 0.008 -1.7 LAWHFS ""
3630.751 22.0 2.332 -2.04 "" ""
3630.752 20.0 1.886 -0.55 LAWLER ""
3630.754 21.1045 0.008 -1.12 LAWHFS ""
3630.759 21.1045 0.008 -2.12 LAWHFS ""
3630.776 106.00112 1.23 -7.772 3.464 AX20R265
3630.788 607.01214 2.259 -0.932 7.724 1009Rb0205
3630.792 106.00112 1.441 -4.252 3.464 AX52Q225
3630.803 106.00112 1.441 -4.21 3.464 AX52Q215
3630.804 607.01214 2.259 -3.893 7.724 1009Qd0215
3630.808 27.0 3.051 -6.67 "" ""
3630.816 106.00112 0.672 -5.52 3.464 AX42P025
3630.823 106.00112 1.23 -4.267 3.464 AX20Q275
3630.835 106.00112 0.672 -5.518 3.464 AX42P025
3630.841 22.0 1.967 -5.73 "" ""
3630.842 72.1 3.482 1.25 "" ""
3630.844 106.00112 1.23 -4.264 3.464 AX20Q265
3630.851 27.0 2.875 -3.34 "" ""
3630.859 106.00113 0.67 -4.817 3.464 AX42Q025
3630.86 106.00112 1.441 -6.491 3.464 AX52P225
3630.878 106.00113 0.67 -4.817 3.464 AX42Q025
3630.881 64.1 1.405 -0.18 "" ""
3630.89 106.00112 1.23 -6.707 3.464 AX20P275
3630.896 607.01214 2.25 -0.932 7.724 1009Ra0205
3630.903 607.01314 2.204 -0.88 7.724 1009Ra0205
3630.953 607.01314 2.204 -0.897 7.724 1009Rb0195
3630.967 106.00112 0.489 -7.063 3.464 AX31P085
3630.968 607.01314 2.204 -3.819 7.724 1009Qd0205
3630.969 59.1 0.725 -0.24 "" ""
3630.974 26.0 3.036 -6.1 "" ""
3630.978 20.0 1.886 -1.03 LAWLER ""
3631.013 60.1 1.561 0.74 "" ""
3631.015 106.00112 0.672 -4.817 3.464 AX42Q025
3631.03 607.01214 2.096 -3.877 7.724 0908Qc0265
3631.034 106.00112 0.672 -4.817 3.464 AX42Q025
3631.034 607.01214 2.25 -0.949 7.724 1009Rb0195
3631.049 607.01214 2.25 -3.869 7.724 1009Qd0205
3631.066 607.01214 2.096 -0.691 7.724 0908Pa0275
3631.092 607.01214 2.096 -0.705 7.724 0908Pb0265
3631.097 26.0 2.83 -0.33 "" ""
3631.14 62.1 0.484 -0.33 LAWLER ""
3631.145 26.0 3.637 -4.88 "" ""
3631.152 607.01214 2.241 -0.949 7.724 1009Ra0195
3631.164 607.01314 2.196 -0.897 7.724 1009Ra0195
3631.165 22.1 4.965 -4.41 "" ""
3631.182 58.1 0.326 -0.86 BIEMONT ""
3631.196 58.1 0.459 -0.57 "" ""
3631.206 27.0 3.064 -4.88 "" ""
3631.216 607.01314 2.196 -0.916 7.724 1009Rb0185
3631.229 607.01314 2.196 -3.796 7.724 1009Qd0195
3631.254 26.0 3.926 -4.47 "" ""
3631.263 607.01314 2.03 -3.803 7.724 0908Qc0245
3631.265 26.0 3.265 -5.03 "" ""
3631.267 27.0 2.925 -6.24 "" ""
3631.282 607.01314 2.03 -0.686 7.724 0908Pa0255
3631.283 106.00112 0.073 -2.36 3.464 BX10R055
3631.283 607.01214 2.241 -0.967 7.724 1009Rb0185
3631.297 607.01214 2.241 -3.845 7.724 1009Qd0195
3631.305 22.0 1.995 -1.29 "" ""
3631.308 27.0 2.875 -2.44 "" ""
3631.316 607.01314 2.03 -0.702 7.724 0908Pb0245
3631.378 106.00113 0.991 -9.11 3.464 CX02R145
3631.39 27.0 0.101 -2.0 LAWNHFS ""
3631.392 24.0 2.706 -2.91 "" ""
3631.41 106.00112 0.49 -7.091 3.464 AX31P085
3631.41 106.00113 0.679 -4.74 3.464 AX42Q025
3631.415 25.1 6.49 -1.39 "" ""
3631.422 607.01214 2.233 -0.967 7.724 1009Ra0185
3631.436 27.1 5.118 -4.58 "" ""
3631.438 607.01314 2.188 -0.916 7.724 1009Ra0185
3631.463 26.0 0.957 0.0 OBR91 ""
3631.468 24.1 2.706 -1.12 Lawler17 ""
3631.469 106.00113 0.679 -4.739 3.464 AX42Q025
3631.485 607.01314 2.188 -0.936 7.724 1009Rb0175
3631.49 24.1 5.315 -2.81 "" ""
3631.491 23.1 2.374 -2.11 "" ""
3631.5 607.01314 2.188 -3.771 7.724 1009Qd0185
3631.51 24.1 4.934 -3.89 "" ""
3631.52 65.1 0.401 -0.5 LAWNOHFS ""
3631.539 607.01214 2.233 -0.987 7.724 1009Rb0175
3631.541 27.0 3.051 -5.73 "" ""
3631.55 106.00113 0.679 -5.529 3.464 AX42R025
3631.553 607.01214 2.233 -3.82 7.724 1009Qd0185
3631.572 106.00112 0.074 -6.644 3.464 BX10Q065
3631.573 106.00112 0.074 -2.276 3.464 BX10R065
3631.59 106.00112 0.681 -4.74 3.464 AX42Q025
3631.608 106.00113 0.679 -5.534 3.464 AX42R025
3631.639 106.00113 0.073 -2.36 3.464 BX10R055
3631.649 106.00112 0.681 -4.739 3.464 AX42Q025
3631.661 24.0 3.553 -2.67 "" ""
3631.67 607.01214 2.108 -3.895 7.724 0908Qc0275
3631.674 607.01214 2.108 -0.691 7.724 0908Pb0275
3631.683 24.1 2.706 -1.6 Lawler17 ""
3631.692 607.01214 2.108 -0.678 7.724 0908Pa0285
3631.702 607.01214 2.225 -0.987 7.724 1009Ra0175
3631.711 44.0 0.811 -1.35 "" ""
3631.718 607.01314 2.18 -0.936 7.724 1009Ra0175
3631.723 106.00112 0.681 -5.529 3.464 AX42R025
3631.727 42.0 2.644 -1.95 "" ""
3631.767 607.01314 2.18 -0.957 7.724 1009Rb0165
3631.78 607.01314 2.18 -3.745 7.724 1009Qd0175
3631.783 106.00112 0.681 -5.534 3.464 AX42R025
3631.803 21.1 7.217 -4.55 "" ""
3631.806 607.01214 2.225 -1.008 7.724 1009Rb0165
3631.819 607.01214 2.225 -3.794 7.724 1009Qd0175
3631.83 106.00112 0.707 -6.953 3.464 AX20Q195
3631.86 42.0 2.521 -2.22 "" ""
3631.871 20.0 5.386 -4.12 "" ""
3631.871 23.0 2.252 -2.38 "" ""
3631.884 106.00112 0.707 -4.588 3.464 AX20P195
3631.897 106.00112 0.707 -4.544 3.464 AX20P205
3631.916 106.00113 0.679 -5.553 3.464 AX42P035
3631.924 106.00113 0.073 -6.644 3.464 BX10Q065
3631.942 27.0 2.54 -2.78 "" ""
3631.946 106.00113 0.073 -2.275 3.464 BX10R065
3631.953 74.0 0.207 -1.78 "" ""
3631.96 106.00113 0.487 -7.063 3.464 AX31P085
3631.961 106.00113 0.679 -5.55 3.464 AX42P035
3631.98 607.01214 2.218 -1.008 7.724 1009Ra0165
3632.01 607.01314 2.173 -0.957 7.724 1009Ra0165
3632.018 25.0 4.675 -3.84 "" ""
3632.039 26.0 3.069 -0.32 "" ""
3632.05 68.1 1.7 -0.13 LAWLER ""
3632.055 106.00113 0.679 -4.573 3.464 AX42Q035
3632.057 607.01314 2.173 -0.98 7.724 1009Rb0155
3632.07 607.01314 2.173 -3.719 7.724 1009Qd0165
3632.072 607.01314 2.04 -3.823 7.724 0908Qc0255
3632.086 68.1 0.886 -0.6 LAWLER ""
3632.087 607.01214 2.218 -1.03 7.724 1009Rb0155
3632.092 58.1 0.327 -0.95 LAWLER ""
3632.093 607.01314 2.04 -0.671 7.724 0908Pa0265
3632.098 607.01214 2.218 -3.767 7.724 1009Qd0165
3632.099 106.00112 0.681 -5.552 3.464 AX42P035
3632.1 106.00113 0.948 -4.69 3.464 AX42R125
3632.1 26.0 3.249 -2.92 "" ""
3632.101 106.00113 0.679 -4.573 3.464 AX42Q035
3632.134 23.1 2.375 -1.61 LAWNOHFS ""
3632.138 26.0 2.996 -6.3 "" ""
3632.144 106.00112 0.681 -5.549 3.464 AX42P035
3632.158 607.01314 2.04 -0.686 7.724 0908Pb0255
3632.16 26.0 3.879 -1.51 "" ""
3632.176 63.1 1.249 -1.18 "" ""
3632.187 106.00113 0.948 -4.775 3.464 AX42R135
3632.19 22.0 2.173 -3.22 "" ""
3632.209 106.00113 0.948 -6.215 3.464 AX42Q135
3632.232 106.00112 0.681 -4.573 3.464 AX42Q035
3632.234 24.0 3.419 -2.24 "" ""
3632.273 607.01214 2.211 -1.03 7.724 1009Ra0155
3632.278 106.00112 0.681 -4.573 3.464 AX42Q035
3632.28 23.0 2.893 -4.49 "" ""
3632.292 26.1 4.146 -2.69 "" ""
3632.311 607.01314 2.167 -0.98 7.724 1009Ra0155
3632.319 24.0 2.707 -3.11 "" ""
3632.321 607.01214 2.121 -0.678 7.724 0908Pb0285
3632.321 607.01214 2.121 -3.913 7.724 0908Qc0285
3632.344 607.01214 2.121 -0.665 7.724 0908Pa0295
3632.357 607.01314 2.167 -1.005 7.724 1009Rb0145
3632.369 607.01314 2.167 -3.69 7.724 1009Qd0155
3632.378 22.0 2.406 -3.9 "" ""
3632.382 607.01214 2.211 -1.054 7.724 1009Rb0145
3632.389 607.01214 2.211 -3.739 7.724 1009Qd0155
3632.399 106.00113 0.488 -7.091 3.464 AX31P085
3632.43 106.00113 1.226 -4.268 3.464 AX20Q275
3632.435 24.0 2.542 -3.24 "" ""
3632.437 25.1 6.653 -3.84 "" ""
3632.494 106.00113 1.226 -7.802 3.464 AX20R265
3632.503 21.0 4.429 -2.86 "" ""
3632.532 24.1 6.863 -4.64 "" ""
3632.538 23.0 2.294 -1.85 "" ""
3632.556 26.0 2.947 -1.03 "" ""
3632.56 29.0 5.501 -1.23 "" ""
3632.561 106.00113 1.226 -6.68 3.464 AX20P275
3632.576 607.01214 2.205 -1.054 7.724 1009Ra0145
3632.621 607.01314 2.161 -1.005 7.724 1009Ra0145
3632.624 106.00113 1.226 -4.265 3.464 AX20Q265
3632.625 90.1 1.123 -0.93 "" ""
3632.65 106.00113 0.703 -6.952 3.464 AX20Q195
3632.666 607.01314 2.161 -1.031 7.724 1009Rb0135
3632.677 607.01314 2.161 -3.66 7.724 1009Qd0145
3632.689 607.01214 2.205 -1.081 7.724 1009Rb0135
3632.693 607.01214 2.205 -3.709 7.724 1009Qd0145
3632.705 106.00112 1.443 -4.253 3.464 AX52Q225
3632.713 106.00113 0.703 -4.544 3.464 AX20P205
3632.718 106.00112 1.366 -5.658 3.464 AX31R255
3632.723 106.00113 0.703 -4.587 3.464 AX20P195
3632.73 106.00112 1.443 -7.53 3.464 AX52R215
3632.766 106.00112 1.366 -10.008 3.464 AX31R245
3632.772 106.00112 1.443 -6.467 3.464 AX52P225
3632.774 66.1 1.57 0.39 "" ""
3632.781 68.1 1.614 -0.36 LAWLER ""
3632.795 24.0 2.543 -0.86 "" ""
3632.797 106.00112 1.443 -4.21 3.464 AX52Q215
3632.809 23.0 2.129 -2.28 "" ""
3632.815 106.00112 1.366 -6.944 3.464 AX31Q255
3632.83 90.0 1.393 0.31 "" ""
3632.831 24.0 2.543 -0.07 "" ""
3632.837 27.0 2.872 -0.28 "" ""
3632.849 106.00112 1.754 -7.078 3.464 CX24R185
3632.869 23.0 2.245 -2.19 "" ""
3632.872 22.0 1.748 -3.59 "" ""
3632.89 607.01214 2.199 -1.081 7.724 1009Ra0135
3632.893 106.00112 0.995 -9.11 3.464 CX02R145
3632.901 24.0 3.382 -4.63 "" ""
3632.916 106.00113 0.949 -4.69 3.464 AX42R125
3632.926 23.0 2.377 -2.33 "" ""
3632.94 607.01314 2.155 -1.031 7.724 1009Ra0135
3632.952 106.00113 0.949 -4.776 3.464 AX42R135
3632.956 23.0 1.217 -3.09 "" ""
3632.972 106.00113 0.949 -6.193 3.464 AX42Q135
3632.974 106.00112 0.952 -4.69 3.464 AX42R125
3632.977 26.0 2.482 -1.44 "" ""
3632.98 607.01214 2.134 -0.665 7.724 0908Pb0295
3632.984 607.01214 2.134 -3.931 7.724 0908Qc0295
3632.984 607.01314 2.155 -1.06 7.724 1009Rb0125
3632.994 607.01314 2.155 -3.629 7.724 1009Qd0135
3633.002 41.0 1.572 -0.23 "" ""
3633.005 106.00112 0.956 -6.961 3.464 AX31R185
3633.007 607.01214 2.199 -1.109 7.724 1009Rb0125
3633.009 607.01214 2.134 -0.653 7.724 0908Pa0305
3633.01 607.01214 2.199 -3.677 7.724 1009Qd0135
3633.014 24.0 3.884 -3.32 "" ""
3633.017 66.1 2.298 0.8 "" ""
3633.019 21.0 2.0 -2.16 "" ""
3633.06 106.00112 0.952 -4.775 3.464 AX42R135
3633.064 106.00112 0.956 -4.035 3.464 AX31Q185
3633.069 26.0 2.938 -1.11 "" ""
3633.071 607.01314 2.052 -0.671 7.724 0908Pb0265
3633.075 106.00112 0.956 -4.028 3.464 AX31Q195
3633.086 106.00112 0.952 -6.215 3.464 AX42Q135
3633.12 39.1 0.0 -0.17 Biemont11 ""
3633.12 41.1 1.52 -1.53 Nilsson10 ""
3633.133 26.0 3.639 -3.75 "" ""
3633.135 106.00112 0.956 -6.249 3.464 AX31P195
3633.147 26.0 3.366 -3.39 "" ""
3633.155 24.1 4.94 -5.05 "" ""
3633.213 607.01214 2.193 -1.109 7.724 1009Ra0125
3633.251 106.00113 0.692 -4.548 3.464 AX42Q035
3633.263 68.0 1.068 0.66 "" ""
3633.268 607.01314 2.149 -1.06 7.724 1009Ra0125
3633.27 66.1 0.93 -1.47 LAWLER ""
3633.285 106.00112 0.002 -2.926 3.464 BX10Q005
3633.289 106.00112 0.002 -3.526 3.464 BX10R005
3633.29 65.1 0.641 0.13 LAWNOHFS ""
3633.311 607.01314 2.149 -1.092 7.724 1009Rb0115
3633.318 41.1 1.989 -0.24 "" ""
3633.319 25.0 4.682 -1.81 "" ""
3633.32 607.01314 2.149 -3.595 7.724 1009Qd0125
3633.334 607.01214 2.193 -1.14 7.724 1009Rb0115
3633.336 27.0 2.278 -1.72 LAWNHFS ""
3633.339 607.01214 2.193 -3.643 7.724 1009Qd0125
3633.349 106.00113 0.692 -4.547 3.464 AX42Q035
3633.352 106.00113 0.692 -5.67 3.464 AX42R035
3633.39 58.1 0.0 -1.67 "" ""
3633.393 24.0 3.885 -3.92 "" ""
3633.399 26.0 3.637 -5.84 "" ""
3633.431 22.0 2.015 -0.83 "" ""
3633.45 106.00113 0.692 -5.676 3.464 AX42R035
3633.459 106.00112 0.694 -4.548 3.464 AX42Q035
3633.477 26.0 3.571 -2.95 "" ""
3633.488 40.1 1.755 -0.29 "" ""
3633.536 68.1 0.0 -0.53 LAWLER ""
3633.546 607.01214 2.188 -1.14 7.724 1009Ra0115
3633.555 106.00112 0.694 -5.67 3.464 AX42R035
3633.559 106.00112 0.694 -4.547 3.464 AX42Q035
3633.606 607.01314 2.145 -1.092 7.724 1009Ra0115
3633.626 22.0 2.039 -3.36 "" ""
3633.635 106.00113 0.692 -5.615 3.464 AX42P045
3633.643 26.0 3.036 -2.93 "" ""
3633.646 607.01314 2.145 -1.126 7.724 1009Rb0105
3633.649 106.00112 1.233 -4.268 3.464 AX20Q275
3633.652 607.01214 2.147 -0.653 7.724 0908Pb0305
3633.654 106.00112 0.694 -5.676 3.464 AX42R035
3633.655 607.01314 2.145 -3.559 7.724 1009Qd0115
3633.659 106.00112 0.64 -6.364 3.464 AX31Q125
3633.661 607.01214 2.147 -3.948 7.724 0908Qc0305
3633.671 106.00112 0.64 -4.414 3.464 AX31P125
3633.672 607.01214 2.188 -1.174 7.724 1009Rb0105
3633.673 106.00112 0.708 -4.544 3.464 AX20P205
3633.678 23.0 2.246 -2.55 "" ""
3633.679 607.01214 2.188 -3.606 7.724 1009Qd0115
3633.68 106.00113 0.002 -2.926 3.464 BX10Q005
3633.683 106.00113 0.002 -3.526 3.464 BX10R005
3633.686 607.01214 2.147 -0.641 7.724 0908Pa0315
3633.687 106.00112 0.708 -6.985 3.464 AX20Q195
3633.687 24.0 4.102 -1.94 "" ""
3633.693 22.1 3.121 -4.0 "" ""
3633.702 106.00112 1.233 -7.802 3.464 AX20R265
3633.706 41.0 0.019 -1.19 "" ""
3633.716 106.00113 0.692 -5.61 3.464 AX42P045
3633.717 106.00112 1.233 -6.68 3.464 AX20P275
3633.737 106.00113 0.692 -4.436 3.464 AX42Q045
3633.741 106.00112 0.708 -4.588 3.464 AX20P195
3633.754 66.1 1.223 -0.56 "" ""
3633.769 106.00112 1.233 -4.264 3.464 AX20Q265
3633.774 106.00112 0.64 -4.367 3.464 AX31P135
3633.799 106.00112 0.952 -4.69 3.464 AX42R125
3633.817 106.00113 0.692 -4.436 3.464 AX42Q045
3633.827 26.0 2.988 -1.42 "" ""
3633.831 106.00112 0.952 -4.775 3.464 AX42R135
3633.846 106.00112 0.694 -5.615 3.464 AX42P045
3633.858 106.00112 0.952 -6.193 3.464 AX42Q135
3633.862 22.1 3.092 -3.72 "" ""
3633.875 23.0 2.267 -1.34 "" ""
3633.885 26.0 3.298 -1.73 "" ""
3633.889 607.01214 2.183 -1.174 7.724 1009Ra0105
3633.908 44.0 2.118 -0.37 "" ""
3633.927 106.00112 0.694 -5.61 3.464 AX42P045
3633.942 106.00112 0.694 -4.436 3.464 AX42Q045
3633.951 607.01314 2.14 -1.126 7.724 1009Ra0105
3633.965 23.0 1.375 -2.45 "" ""
3633.99 24.1 4.009 -1.51 Gurell10 ""
3633.99 607.01314 2.14 -1.164 7.724 1009Rb0095
3633.994 24.1 4.94 -1.01 "" ""
3633.998 607.01314 2.14 -3.52 7.724 1009Qd0105
3634.019 607.01214 2.183 -1.212 7.724 1009Rb0095
3634.023 106.00112 0.694 -4.436 3.464 AX42Q045
3634.029 607.01214 2.183 -3.567 7.724 1009Qd0105
3634.072 25.0 4.317 -3.94 "" ""
3634.079 24.1 4.934 -4.12 "" ""
3634.09 60.1 0.32 -1.89 LAWLER ""
3634.137 23.1 3.121 -2.69 "" ""
3634.143 40.0 0.154 -0.76 "" ""
3634.163 28.0 3.477 -3.02 "" ""
3634.178 66.1 2.111 0.23 "" ""
3634.179 24.1 6.681 -4.39 "" ""
3634.189 26.0 3.881 -0.37 "" ""
3634.241 607.01214 2.179 -1.212 7.724 1009Ra0095
3634.27 62.1 0.184 0.02 LAWLER ""
3634.298 27.1 5.042 -4.54 "" ""
3634.305 24.0 3.884 -2.95 "" ""
3634.306 607.01314 2.136 -1.164 7.724 1009Ra0095
3634.322 66.1 1.462 -0.33 "" ""
3634.329 26.0 2.938 -0.84 "" ""
3634.337 607.01214 2.161 -0.641 7.724 0908Pb0315
3634.342 607.01314 2.136 -1.206 7.724 1009Rb0085
3634.349 607.01314 2.136 -3.477 7.724 1009Qd0095
3634.351 607.01214 2.161 -3.965 7.724 0908Qc0315
3634.376 24.0 3.077 -9.07 "" ""
3634.376 24.0 3.077 -9.83 "" ""
3634.376 24.0 3.077 -9.92 "" ""
3634.377 607.01214 2.161 -0.63 7.724 0908Pa0325
3634.377 607.01214 2.179 -1.254 7.724 1009Rb0085
3634.388 607.01214 2.179 -3.524 7.724 1009Qd0095
3634.396 26.0 3.299 -1.08 "" ""
3634.442 41.0 1.094 -0.7 "" ""
3634.461 26.0 3.271 -1.77 "" ""
3634.474 106.00113 0.704 -4.544 3.464 AX20P205
3634.491 106.00113 0.704 -6.985 3.464 AX20Q195
3634.505 27.0 3.131 -5.09 "" ""
3634.516 106.00112 0.641 -6.386 3.464 AX31Q125
3634.519 26.0 2.873 -2.44 "" ""
3634.529 106.00112 0.641 -4.414 3.464 AX31P125
3634.532 79.0 5.101 -1.68 "" ""
3634.552 92.0 0.479 -0.27 "" ""
3634.554 106.00113 0.704 -4.587 3.464 AX20P195
3634.577 106.00112 0.641 -4.367 3.464 AX31P135
3634.582 90.0 0.966 0.12 "" ""
3634.585 106.00112 0.098 -2.276 3.464 BX10R065
3634.592 106.00113 0.638 -6.364 3.464 AX31Q125
3634.598 106.00113 0.638 -4.414 3.464 AX31P125
3634.6 106.00113 0.952 -6.961 3.464 AX31R185
3634.603 607.01214 2.175 -1.254 7.724 1009Ra0085
3634.644 106.00112 0.958 -4.028 3.464 AX31Q195
3634.648 106.00112 0.958 -6.984 3.464 AX31R185
3634.665 106.00113 0.952 -4.027 3.464 AX31Q195
3634.669 607.01314 2.132 -1.206 7.724 1009Ra0085
3634.684 24.0 3.885 -2.62 "" ""
3634.69 46.0 0.813 0.09 "" ""
3634.697 26.0 3.879 0.42 "" ""
3634.699 106.00113 0.952 -4.035 3.464 AX31Q185
3634.702 607.01314 2.132 -1.253 7.724 1009Rb0075
3634.704 106.00112 0.958 -6.229 3.464 AX31P195
3634.706 106.00113 0.638 -4.366 3.464 AX31P135
3634.708 106.00112 0.958 -4.035 3.464 AX31Q185
3634.708 27.0 2.875 -0.23 "" ""
3634.709 607.01314 2.132 -3.43 7.724 1009Qd0085
3634.725 24.0 3.419 -1.05 "" ""
3634.737 24.0 3.382 -3.34 "" ""
3634.743 607.01214 2.175 -1.3 7.724 1009Rb0075
3634.754 64.1 1.133 -0.05 "" ""
3634.755 607.01214 2.175 -3.477 7.724 1009Qd0085
3634.764 106.00113 0.952 -6.248 3.464 AX31P195
3634.78 60.1 0.0 -1.97 LAWLER ""
3634.831 106.00112 1.314 -8.022 3.464 AX42R205
3634.842 106.00112 0.098 -6.825 3.464 BX10Q075
3634.854 106.00112 0.098 -2.204 3.464 BX10R075
3634.863 24.0 3.432 -0.75 "" ""
3634.87 60.1 0.38 -0.94 LAWLER ""
3634.91 62.1 0.04 -1.27 LAWLER ""
3634.921 106.00113 0.097 -2.276 3.464 BX10R065
3634.924 27.0 3.131 -7.76 "" ""
3634.928 44.0 0.259 -0.39 "" ""
3634.947 28.0 0.422 -2.72 LAWLER ""
3634.974 607.01214 2.172 -1.3 7.724 1009Ra0075
3634.989 24.0 4.102 -0.45 "" ""
