wavelength species excitation loggf disassociation_energy comment
3494.575 25.0 4.329 -3.11 "" ""
3494.579 106.00112 1.491 -8.62 3.464 CX34P125
3494.596 26.0 2.849 -3.0 "" ""
3494.597 106.00113 0.87 -7.413 3.464 AX52P105
3494.673 26.1 2.275 -3.08 "" ""
3494.678 23.0 2.038 -6.87 "" ""
3494.698 28.0 3.793 -3.85 "" ""
3494.726 75.0 2.147 -0.65 "" ""
3494.758 106.00113 0.125 -6.653 3.464 AX20Q085
3494.768 106.00113 0.125 -5.142 3.464 AX20R085
3494.768 23.1 6.524 -3.89 "" ""
3494.774 107.00114 1.422 -4.889 3.400 ""
3494.776 23.0 1.852 -4.82 "" ""
3494.792 25.1 6.663 -4.06 "" ""
3494.822 107.00114 1.422 -3.254 3.400 ""
3494.843 24.0 3.119 -3.92 "" ""
3494.86 26.0 3.109 -7.28 "" ""
3494.861 23.1 6.551 -4.01 "" ""
3494.861 25.0 4.682 -1.45 "" ""
3494.905 106.00113 0.125 -5.184 3.464 AX20R075
3494.921 106.00112 0.411 -5.008 3.464 AX20R145
3494.922 23.0 1.892 -3.14 "" ""
3494.961 24.0 2.98 -0.73 "" ""
3494.97 106.00113 0.313 -5.045 3.464 AX20R125
3494.976 106.00112 0.411 -4.991 3.464 AX20R155
3494.999 106.00113 0.313 -5.022 3.464 AX20R135
3495.002 58.1 0.445 -0.93 "" ""
3495.014 106.00112 0.411 -6.857 3.464 AX20Q155
3495.022 24.1 5.658 -4.52 "" ""
3495.023 25.1 4.933 -2.91 "" ""
3495.028 106.00113 0.313 -6.798 3.464 AX20Q135
3495.064 106.00113 0.125 -6.64 3.464 AX20Q085
3495.071 106.00113 0.52 -6.706 3.464 CX01P095
3495.072 25.1 6.531 -2.9 "" ""
3495.075 106.00113 0.125 -5.142 3.464 AX20R085
3495.125 28.0 3.417 -4.9 "" ""
3495.141 106.00113 0.359 -5.025 3.464 AX20R135
3495.156 106.00113 0.871 -7.446 3.464 AX52P105
3495.157 24.0 3.008 -4.67 "" ""
3495.17 23.0 1.71 -4.23 "" ""
3495.17 26.1 4.077 -4.09 "" ""
3495.18 26.0 2.586 -3.69 "" ""
3495.193 106.00112 0.073 -5.27 3.464 AX20R055
3495.2 106.00113 0.359 -5.004 3.464 AX20R145
3495.231 26.1 1.963 -3.98 "" ""
3495.239 74.0 2.434 0.65 "" ""
3495.24 106.00113 0.359 -6.839 3.464 AX20Q145
3495.264 106.00112 0.838 -7.201 3.464 CX12P095
3495.286 26.0 2.557 -0.92 "" ""
3495.326 25.0 2.177 -6.04 "" ""
3495.342 40.0 1.481 -0.21 "" ""
3495.38 24.1 2.453 -1.71 Nilsson06 ""
3495.398 106.00112 0.073 -5.27 3.464 AX20R055
3495.411 106.00113 1.078 -7.182 3.464 AX41Q205
3495.417 24.0 3.09 -3.84 "" ""
3495.43 21.0 1.438 -3.7 "" ""
3495.446 28.0 3.765 -1.25 "" ""
3495.454 106.00112 0.074 -6.541 3.464 AX20Q065
3495.46 106.00113 1.078 -4.838 3.464 AX41P215
3495.461 24.0 3.548 -2.33 "" ""
3495.464 106.00113 1.078 -4.908 3.464 AX41P205
3495.488 106.00112 0.074 -5.211 3.464 AX20R065
3495.49 106.00112 1.279 -6.656 3.464 CX34P025
3495.522 24.1 4.94 -2.16 "" ""
3495.553 25.0 4.357 -1.89 "" ""
3495.565 106.00113 1.302 -5.489 3.464 CX34P045
3495.577 23.0 2.113 -2.47 "" ""
3495.609 106.00113 0.097 -5.224 3.464 AX20R065
3495.609 106.00113 1.302 -8.779 3.464 CX34Q045
3495.611 20.0 4.128 -4.43 "" ""
3495.618 26.1 4.146 -2.61 "" ""
3495.633 106.00112 0.074 -6.531 3.464 AX20Q065
3495.666 106.00112 0.074 -5.212 3.464 AX20R065
3495.682 27.0 0.629 -0.29 LAWNHFS ""
3495.69 23.0 1.802 -5.97 "" ""
3495.7 90.0 0.615 -0.41 "" ""
3495.703 25.0 5.083 -3.05 "" ""
3495.709 106.00112 0.898 -8.087 3.464 AX41P175
3495.718 22.0 2.493 -1.1 "" ""
3495.718 28.1 3.102 -3.25 "" ""
3495.748 92.1 0.217 -1.54 "" ""
3495.749 22.0 1.052 -1.13 "" ""
3495.75 72.1 0.786 -0.97 LAWLER ""
3495.755 106.00113 1.286 -7.419 3.464 AX41R235
3495.755 106.00113 1.302 -5.648 3.464 CX34P055
3495.767 24.1 6.573 -3.96 "" ""
3495.778 106.00113 1.285 -7.383 3.464 CX23P145
3495.791 106.00113 1.286 -4.409 3.464 AX41Q245
3495.82 106.00113 1.286 -4.457 3.464 AX41Q235
3495.823 25.1055 1.853 -1.933 LAWHFS ""
3495.83 106.00113 0.097 -6.602 3.464 AX20Q075
3495.83 25.1055 1.853 -1.757 LAWHFS ""
3495.834 106.00113 1.285 -8.131 3.464 CX23P135
3495.839 25.0 4.675 -1.81 "" ""
3495.841 25.1055 1.853 -1.632 LAWHFS ""
3495.852 106.00113 0.097 -5.174 3.464 AX20R075
3495.856 106.00113 1.286 -6.94 3.464 AX41P245
3495.876 106.00113 0.097 -5.224 3.464 AX20R065
3495.915 62.1 0.248 -1.75 "" ""
3495.93 22.0 2.406 -2.11 "" ""
3495.932 72.1 1.869 -0.41 "" ""
3495.939 58.1 1.338 0.08 "" ""
3495.953 28.0 1.934 -2.86 "" ""
3495.954 22.0 0.0 -2.71 LAWLER ""
3495.973 23.0 1.063 -5.07 "" ""
3495.975 106.00112 0.412 -4.991 3.464 AX20R155
3495.98 106.00112 0.412 -5.009 3.464 AX20R145
3495.981 44.0 1.087 -1.07 "" ""
3496.003 25.1 6.64 -3.75 "" ""
3496.011 23.0 1.868 -3.16 "" ""
3496.013 106.00112 0.412 -6.833 3.464 AX20Q155
3496.021 106.00113 1.285 -8.618 3.464 CX23Q135
3496.028 23.1 5.791 -3.0 "" ""
3496.034 41.0 1.531 -0.31 "" ""
3496.061 27.0 2.698 -1.0 "" ""
3496.066 106.00113 0.36 -5.025 3.464 AX20R135
3496.068 106.00113 0.098 -6.59 3.464 AX20Q075
3496.075 106.00113 0.36 -5.005 3.464 AX20R145
3496.08 39.1 0.0 -0.71 Biemont11 ""
3496.09 106.00113 0.098 -5.174 3.464 AX20R075
3496.11 106.00113 0.36 -6.817 3.464 AX20Q145
3496.117 106.00112 1.579 -5.592 3.464 CX12P245
3496.134 107.00114 1.029 -3.515 3.400 ""
3496.153 106.00112 1.579 -8.206 3.464 CX12Q235
3496.18 20.0 5.485 -2.46 "" ""
3496.194 26.0 2.452 -3.23 "" ""
3496.205 40.1 0.039 0.26 Ljung06 ""
3496.228 26.0 2.863 -2.89 "" ""
3496.232 106.00112 0.522 -6.706 3.464 CX01P095
3496.232 106.00112 1.233 -5.251 3.464 AX30P275
3496.234 24.0 3.553 -2.13 "" ""
3496.236 23.0 2.113 -1.05 "" ""
3496.249 106.00112 1.579 -6.645 3.464 CX12P235
3496.265 23.1 2.554 -1.11 "" ""
3496.267 21.0 1.994 -0.41 "" ""
3496.27 22.1 3.092 -2.53 "" ""
3496.28 106.00112 1.233 -7.845 3.464 AX30Q265
3496.286 24.0 3.884 -4.46 "" ""
3496.311 21.0 1.432 -4.34 "" ""
3496.319 23.0 1.711 -4.14 "" ""
3496.32 58.1 0.327 -1.04 "" ""
3496.338 26.1 5.581 -2.69 "" ""
3496.338 28.0 3.603 -0.16 "" ""
3496.341 66.1 0.925 -0.07 "" ""
3496.371 106.00112 1.233 -5.356 3.464 AX30P265
3496.411 92.1 0.217 -0.82 Nils02/9 ""
3496.467 107.00114 1.029 -5.29 3.400 ""
3496.476 23.0 2.357 -1.82 "" ""
3496.493 107.00114 1.029 -3.463 3.400 ""
3496.517 106.00113 0.409 -5.008 3.464 AX20R145
3496.561 106.00113 0.409 -4.99 3.464 AX20R155
3496.603 26.0 3.209 -6.61 "" ""
3496.608 106.00113 0.409 -6.856 3.464 AX20Q155
3496.632 25.1 4.934 -4.19 "" ""
3496.637 24.0 3.885 -3.02 "" ""
3496.662 26.1 3.941 -4.98 "" ""
3496.68 27.0 0.513 -1.28 LAWNHFS ""
3496.701 42.0 1.334 -2.17 "" ""
3496.732 607.01314 2.538 -4.369 7.724 1210Qc0305
3496.736 107.00114 1.247 -3.434 3.400 ""
3496.749 106.00112 0.465 -4.994 3.464 AX20R155
3496.752 607.01314 2.538 -1.085 7.724 1210Pa0315
3496.788 27.0 3.168 -1.47 "" ""
3496.791 106.00112 0.465 -4.979 3.464 AX20R165
3496.796 27.0 3.114 0.25 LAWNHFS ""
3496.803 25.1055 1.831 -3.755 LAWHFS ""
3496.804 106.00112 0.052 -5.325 3.464 AX20R045
3496.804 25.1055 1.831 -3.045 LAWHFS ""
3496.804 25.1055 1.831 -3.21 LAWHFS ""
3496.804 25.1055 1.831 -3.721 LAWHFS ""
3496.805 25.1055 1.831 -3.307 LAWHFS ""
3496.805 25.1055 1.831 -3.867 LAWHFS ""
3496.806 25.1055 1.831 -2.943 LAWHFS ""
3496.806 25.1055 1.831 -2.959 LAWHFS ""
3496.807 25.1055 1.831 -4.231 LAWHFS ""
3496.808 25.1055 1.831 -2.691 LAWHFS ""
3496.808 25.1055 1.831 -2.969 LAWHFS ""
3496.81 25.1055 1.831 -2.491 LAWHFS ""
3496.81 25.1055 1.831 -3.135 LAWHFS ""
3496.811 90.0 0.0 -1.29 "" ""
3496.813 25.1055 1.831 -2.323 LAWHFS ""
3496.82 23.0 2.357 -2.07 "" ""
3496.834 106.00112 0.465 -6.872 3.464 AX20Q165
3496.856 68.1 0.636 -0.61 LAWLER ""
3496.903 106.00112 1.306 -8.779 3.464 CX34Q045
3496.907 106.00113 1.077 -8.24 3.464 CX23P075
3496.925 106.00112 1.306 -5.488 3.464 CX34P045
3496.931 23.0 2.357 -0.35 LAWNOHFS ""
3496.94 24.1 5.666 -3.49 "" ""
3496.943 106.00113 0.073 -5.27 3.464 AX20R055
3496.952 106.00112 0.052 -5.325 3.464 AX20R045
3496.971 22.0 1.878 -2.04 "" ""
3496.989 23.1 2.555 -2.38 "" ""
3496.996 76.1 2.178 -1.47 Quinet06 ""
3497.002 26.0 2.725 -2.51 "" ""
3497.011 90.1 1.345 -0.82 "" ""
3497.013 40.1 0.319 -2.2 Ljung06 ""
3497.032 23.1 2.599 -0.46 "" ""
3497.033 26.0 2.69 -5.71 "" ""
3497.062 23.0 2.614 -4.32 "" ""
3497.068 106.00112 0.004 -6.744 3.464 AX20R015
3497.071 106.00112 0.004 -6.737 3.464 AX20R015
3497.096 64.0 0.066 -0.78 "" ""
3497.104 26.0 2.174 -0.94 OBR91 ""
3497.117 106.00112 0.053 -6.469 3.464 AX20Q055
3497.124 107.00114 1.247 -5.133 3.400 ""
3497.135 66.1 1.223 -0.57 "" ""
3497.141 106.00112 1.306 -5.647 3.464 CX34P055
3497.145 106.00113 0.073 -5.269 3.464 AX20R055
3497.148 26.0 2.196 -1.41 OBR91 ""
3497.153 107.00114 1.247 -3.376 3.400 ""
3497.167 106.00112 0.053 -5.253 3.464 AX20R055
3497.177 106.00113 1.08 -4.838 3.464 AX41P215
3497.19 106.00113 1.08 -7.216 3.464 AX41Q205
3497.202 106.00113 0.073 -6.541 3.464 AX20Q065
3497.203 23.1 2.266 -1.83 "" ""
3497.229 26.0 3.249 -2.07 "" ""
3497.237 106.00113 0.073 -5.211 3.464 AX20R065
3497.239 106.00113 1.08 -4.908 3.464 AX41P205
3497.243 106.00112 0.053 -6.461 3.464 AX20Q055
3497.259 92.0 0.471 -0.1 "" ""
3497.261 106.00112 1.29 -8.618 3.464 CX23Q135
3497.263 90.1 1.14 -1.03 "" ""
3497.265 26.0 3.544 -4.14 "" ""
3497.273 27.1 5.051 -1.22 "" ""
3497.282 22.0 2.316 -3.33 "" ""
3497.291 21.0 2.109 -3.5 "" ""
3497.292 106.00112 0.053 -5.254 3.464 AX20R055
3497.3 106.00112 1.29 -7.383 3.464 CX23P145
3497.324 106.00112 1.29 -8.13 3.464 CX23P135
3497.331 106.00112 1.528 -6.946 3.464 CX34R125
3497.341 23.0 2.053 -7.32 "" ""
3497.379 106.00113 0.073 -6.531 3.464 AX20Q065
3497.385 23.1 2.554 -3.01 "" ""
3497.396 106.00112 1.528 -4.23 3.464 CX34Q125
3497.414 106.00113 0.073 -5.211 3.464 AX20R065
3497.422 106.00112 1.528 -4.193 3.464 CX34Q135
3497.436 21.0 1.427 -4.64 "" ""
3497.487 106.00112 1.528 -8.434 3.464 CX34P135
3497.487 20.0 4.128 -4.04 "" ""
3497.498 72.0 0.0 -0.71 "" ""
3497.51 24.0 3.548 -2.74 "" ""
3497.518 25.1055 1.846 -2.594 LAWHFS ""
3497.519 25.1055 1.846 -2.816 LAWHFS ""
3497.52 25.1055 1.846 -2.448 LAWHFS ""
3497.521 25.1055 1.846 -3.217 LAWHFS ""
3497.522 25.1055 1.846 -2.332 LAWHFS ""
3497.523 25.1055 1.846 -2.624 LAWHFS ""
3497.526 25.1055 1.846 -2.439 LAWHFS ""
3497.527 25.1055 1.846 -2.184 LAWHFS ""
3497.532 25.1055 1.846 -1.895 LAWHFS ""
3497.553 106.00113 0.41 -4.99 3.464 AX20R155
3497.559 26.1 7.467 -4.25 "" ""
3497.562 106.00113 0.41 -5.008 3.464 AX20R145
3497.564 106.00113 1.223 -7.802 3.464 AX30Q265
3497.576 106.00113 1.223 -5.355 3.464 AX30P265
3497.594 106.00113 0.41 -6.832 3.464 AX20Q155
3497.595 106.00113 1.223 -5.25 3.464 AX30P275
3497.678 22.0 2.479 -4.05 "" ""
3497.722 26.1 4.15 -2.81 "" ""
3497.738 25.1 6.666 -4.5 "" ""
3497.744 106.00113 1.087 -6.801 3.464 AX52R155
3497.751 24.0 3.886 -2.62 "" ""
3497.759 106.00113 1.087 -4.319 3.464 AX52Q155
3497.808 26.1 4.491 -4.67 "" ""
3497.811 41.0 0.049 -1.35 "" ""
3497.814 23.1 5.792 -3.69 "" ""
3497.814 66.1 1.787 0.64 "" ""
3497.82 106.00113 1.087 -4.28 3.464 AX52Q165
3497.835 106.00113 1.087 -6.502 3.464 AX52P165
3497.841 26.0 0.11 -1.55 OBR91 ""
3497.845 73.0 0.249 -1.22 "" ""
3497.872 106.00113 1.288 -4.41 3.464 AX41Q245
3497.885 26.0 3.015 -2.05 "" ""
3497.893 40.1 1.184 -1.54 Ljung06 ""
3497.899 106.00113 1.288 -7.447 3.464 AX41R235
3497.914 106.00112 0.466 -4.979 3.464 AX20R165
3497.916 21.0 4.183 -2.33 "" ""
3497.919 40.1 0.999 -1.68 Ljung06 ""
3497.934 106.00112 0.466 -4.994 3.464 AX20R155
3497.936 22.0 2.248 -3.0 "" ""
3497.946 106.00113 1.288 -6.915 3.464 AX41P245
3497.954 106.00112 0.992 -8.824 3.464 AX30P235
3497.956 106.00112 0.466 -6.846 3.464 AX20Q165
3497.96 26.0 3.209 -1.57 "" ""
3497.973 106.00113 1.288 -4.457 3.464 AX41Q235
3498.01 90.1 0.189 -1.51 "" ""
3498.016 26.0 3.879 -3.36 "" ""
3498.025 25.0 2.918 -4.58 "" ""
3498.045 42.0 2.258 -1.16 "" ""
3498.056 29.0 5.391 -1.24 "" ""
3498.11 23.1 2.555 -2.9 "" ""
3498.11 62.1 0.277 -2.55 LAWLER ""
3498.178 26.0 2.806 -2.33 "" ""
3498.187 26.0 2.873 -4.95 "" ""
3498.189 28.0 0.0 -4.84 "" ""
3498.196 23.0 2.129 -0.86 "" ""
3498.237 106.00112 1.08 -8.239 3.464 CX23P075
3498.252 26.0 3.015 -3.15 "" ""
3498.307 27.0 3.213 -3.43 "" ""
3498.309 106.00113 0.462 -4.993 3.464 AX20R155
3498.333 24.1 6.636 -4.18 "" ""
3498.338 106.00113 0.462 -4.979 3.464 AX20R165
3498.392 106.00113 0.462 -6.871 3.464 AX20Q165
3498.456 24.0 3.432 -3.26 "" ""
3498.491 23.1 6.537 -1.16 "" ""
3498.535 23.0 1.892 -3.39 "" ""
3498.536 76.0 1.259 -1.27 "" ""
3498.555 106.00113 0.052 -5.324 3.464 AX20R045
3498.621 90.0 1.021 -0.01 "" ""
3498.652 41.0 0.656 -0.36 "" ""
3498.68 106.00112 0.035 -5.393 3.464 AX20R035
3498.701 106.00113 0.052 -5.324 3.464 AX20R045
3498.71 66.1 0.54 -0.39 LAWLER ""
3498.728 45.0 0.43 -0.63 "" ""
3498.729 26.0 2.452 -3.19 "" ""
3498.749 28.0 3.594 -8.59 "" ""
3498.755 26.0 2.849 -2.8 "" ""
3498.78 106.00112 0.035 -5.393 3.464 AX20R035
3498.788 21.0 1.985 -2.31 "" ""
3498.804 107.00114 1.297 -5.492 3.400 ""
3498.82 106.00113 1.088 -6.82 3.464 AX52R155
3498.823 106.00112 1.083 -7.181 3.464 AX41Q205
3498.83 23.1 2.513 -3.04 "" ""
3498.834 106.00113 0.004 -6.743 3.464 AX20R015
3498.835 106.00113 1.088 -4.28 3.464 AX52Q165
3498.836 106.00113 1.088 -4.319 3.464 AX52Q155
3498.837 106.00113 0.004 -6.736 3.464 AX20R015
3498.851 106.00113 1.088 -6.485 3.464 AX52P165
3498.867 106.00113 0.052 -6.469 3.464 AX20Q055
3498.88 106.00112 1.083 -4.837 3.464 AX41P215
3498.88 106.00112 1.083 -4.907 3.464 AX41P205
3498.9 21.0 1.985 -0.12 "" ""
3498.916 106.00113 0.052 -5.253 3.464 AX20R055
3498.918 22.0 2.47 -3.8 "" ""
3498.919 42.0 2.289 -1.51 "" ""
3498.936 66.1 0.927 -0.47 "" ""
3498.942 44.0 0.0 0.33 "" ""
3498.957 90.0 0.929 -0.1 "" ""
3498.99 90.1 1.204 -0.7 "" ""
3498.991 106.00113 0.052 -6.46 3.464 AX20Q055
3498.991 72.0 0.566 -1.44 "" ""
3499.003 26.0 3.879 -3.08 "" ""
3499.009 23.0 2.121 -0.88 "" ""
3499.021 106.00112 0.521 -4.982 3.464 AX20R165
3499.041 106.00113 0.052 -5.253 3.464 AX20R055
3499.053 106.00112 0.521 -4.971 3.464 AX20R175
3499.057 20.0 4.128 -5.39 "" ""
3499.06 42.0 2.985 -1.31 "" ""
3499.065 42.1 4.153 -1.0 "" ""
3499.07 106.00112 0.035 -6.382 3.464 AX20Q045
3499.095 22.0 1.066 -1.0 LAWLER ""
3499.099 106.00112 0.521 -6.885 3.464 AX20Q175
3499.103 68.1 0.055 0.29 LAWLER ""
3499.12 21.0 1.432 -2.88 "" ""
3499.139 106.00112 0.035 -5.303 3.464 AX20R045
3499.152 106.00112 0.035 -6.375 3.464 AX20Q045
3499.197 26.0 3.544 -6.78 "" ""
3499.197 42.0 2.274 -1.43 "" ""
3499.208 21.0 2.336 -2.72 "" ""
3499.22 106.00112 0.035 -5.303 3.464 AX20R045
3499.243 106.00113 0.87 -7.232 3.464 CX12P105
3499.243 106.00113 1.32 -5.645 3.464 CX34P055
3499.255 28.0 3.793 -1.48 "" ""
3499.258 23.0 1.08 -5.47 "" ""
3499.297 106.00113 1.32 -8.702 3.464 CX34Q055
3499.324 92.1 0.284 -0.97 "" ""
3499.379 106.00113 1.32 -5.87 3.464 CX34P065
3499.42 27.0 3.295 -1.87 "" ""
3499.452 106.00113 0.463 -4.979 3.464 AX20R165
3499.465 25.1 6.135 -3.42 "" ""
3499.478 106.00113 0.463 -4.994 3.464 AX20R155
3499.499 106.00113 0.463 -6.846 3.464 AX20Q165
3499.503 25.1 6.523 -2.02 "" ""
3499.521 106.00113 1.329 -7.051 3.464 CX23P155
3499.571 40.1 0.409 -1.06 Ljung06 ""
3499.596 106.00113 1.33 -7.384 3.464 CX23P145
3499.661 22.0 1.872 -5.21 "" ""
3499.728 106.00112 0.952 -6.62 3.464 AX52Q125
3499.738 106.00112 0.952 -4.767 3.464 AX52P125
3499.798 106.00113 1.33 -8.548 3.464 CX23Q145
3499.799 25.0 4.709 -1.75 "" ""
3499.822 25.0 4.191 -2.56 "" ""
3499.828 23.1 1.07 -2.2 LAWNOHFS ""
3499.83 62.1 0.188 -1.35 LAWLER ""
3499.831 106.00112 0.952 -4.708 3.464 AX52P135
3499.862 66.1 1.777 0.17 "" ""
3499.876 26.1 4.15 -2.41 "" ""
3499.898 26.0 3.881 -2.7 "" ""
3499.919 26.0 3.544 -4.54 "" ""
3499.96 66.1 0.59 -1.22 LAWLER ""
3499.964 24.1 4.924 -5.13 "" ""
3499.978 23.1 6.529 -1.97 "" ""
3499.98 42.1 4.496 -1.0 "" ""
3499.985 27.1 5.462 -2.38 "" ""
3499.987 90.1 0.993 -0.72 "" ""
3500.038 106.00113 0.556 -6.738 3.464 CX01P105
3500.076 92.0 0.0 0.06 "" ""
3500.102 26.1 7.488 -3.89 "" ""
3500.109 23.0 2.764 -3.54 "" ""
3500.113 106.00113 1.226 -5.25 3.464 AX30P275
3500.114 106.00113 0.986 -8.823 3.464 AX30P235
3500.143 25.1 6.86 -4.54 "" ""
3500.154 26.0 2.873 -2.7 "" ""
3500.171 106.00113 1.226 -7.844 3.464 AX30Q265
3500.244 106.00112 0.994 -8.891 3.464 AX30P235
3500.28 65.1 0.0 -0.96 LAWNOHFS ""
3500.286 6.0 7.477 -4.28 "" ""
3500.303 106.00112 0.522 -4.971 3.464 AX20R175
3500.31 29.0 5.519 -1.28 "" ""
3500.33 23.0 1.71 -1.18 "" ""
3500.333 22.1 0.122 -2.04 LAWLER ""
3500.337 106.00112 0.522 -4.982 3.464 AX20R165
3500.345 23.1 3.121 -1.93 "" ""
3500.349 106.00112 0.522 -6.858 3.464 AX20Q175
3500.35 106.00113 1.226 -5.355 3.464 AX30P265
3500.362 106.00113 1.287 -7.004 3.464 CX34P035
3500.414 25.0 4.709 -3.4 "" ""
3500.429 106.00113 0.035 -5.393 3.464 AX20R035
3500.449 24.0 3.977 -3.57 "" ""
3500.457 26.0 3.544 -6.82 "" ""
3500.479 23.0 2.027 -7.01 "" ""
3500.481 23.0 1.868 -4.06 "" ""
3500.493 106.00112 0.952 -6.642 3.464 AX52Q125
3500.5 62.1 0.543 -1.13 LAWLER ""
3500.503 106.00112 0.952 -4.767 3.464 AX52P125
3500.509 106.00112 0.873 -7.412 3.464 AX52P105
3500.52 106.00112 0.873 -7.232 3.464 CX12P105
3500.525 23.1 5.83 -2.68 "" ""
3500.527 106.00113 0.035 -5.393 3.464 AX20R035
3500.539 106.00113 0.518 -4.982 3.464 AX20R165
3500.547 106.00112 0.952 -4.708 3.464 AX52P135
3500.554 106.00113 0.518 -4.97 3.464 AX20R175
3500.565 26.0 2.586 -1.58 "" ""
3500.597 106.00112 1.085 -4.837 3.464 AX41P215
3500.605 106.00112 1.324 -8.702 3.464 CX34Q055
3500.615 106.00112 1.085 -7.215 3.464 AX41Q205
3500.615 106.00113 0.518 -6.884 3.464 AX20Q175
3500.632 106.00112 1.324 -5.645 3.464 CX34P055
3500.658 24.0 3.419 -2.8 "" ""
3500.672 106.00112 1.085 -4.907 3.464 AX41P205
3500.676 58.1 1.273 -0.24 "" ""
3500.679 106.00112 1.568 -6.957 3.464 CX34R135
3500.71 26.1 5.585 -3.42 "" ""
3500.749 106.00112 1.568 -4.193 3.464 CX34Q135
3500.759 23.1 5.86 -2.58 "" ""
3500.762 106.00112 1.568 -4.16 3.464 CX34Q145
3500.795 106.00112 0.021 -5.485 3.464 AX20R025
3500.798 106.00112 1.324 -5.87 3.464 CX34P065
3500.809 23.0 2.372 -0.3 LAWNOHFS ""
3500.817 106.00113 0.035 -6.381 3.464 AX20Q045
3500.82 20.0 5.041 -1.65 "" ""
3500.832 106.00112 1.568 -8.298 3.464 CX34P145
3500.84 65.1 0.373 0.07 LAWNOHFS ""
3500.851 28.0 0.165 -1.27 LAWLER ""
3500.856 106.00112 0.021 -5.484 3.464 AX20R025
3500.88 106.00112 1.197 -4.772 3.464 AX52R175
3500.886 106.00113 0.035 -5.302 3.464 AX20R045
3500.886 26.0 3.881 -2.65 "" ""
3500.897 106.00113 0.035 -6.374 3.464 AX20Q045
3500.899 106.00112 1.197 -4.803 3.464 AX52R185
3500.914 69.0 0.0 -1.84 "" ""
3500.92 22.1 4.947 -1.92 "" ""
3500.948 106.00112 1.197 -6.637 3.464 AX52Q185
3500.967 106.00113 0.035 -5.303 3.464 AX20R045
3500.993 106.00112 1.314 -8.03 3.464 AX52R205
3501.007 92.0 0.552 -0.32 "" ""
3501.021 22.0 2.115 -4.12 "" ""
3501.054 106.00112 1.335 -8.548 3.464 CX23Q145
3501.077 106.00112 0.874 -7.445 3.464 AX52P105
3501.082 106.00112 1.335 -7.051 3.464 CX23P155
3501.103 56.0 0.0 -0.79 "" ""
3501.122 106.00112 1.335 -7.383 3.464 CX23P145
3501.163 76.0 1.84 -0.51 "" ""
3501.196 21.0 1.427 -2.48 "" ""
3501.216 106.00112 0.559 -6.738 3.464 CX01P105
3501.219 24.1 6.6 -4.72 "" ""
3501.31 106.00112 0.021 -6.272 3.464 AX20Q035
3501.343 40.0 0.071 -0.93 "" ""
3501.356 106.00112 0.021 -6.267 3.464 AX20Q035
3501.405 106.00112 0.021 -5.362 3.464 AX20R035
3501.432 607.01214 2.654 -1.215 7.724 1311Ra0155
3501.432 607.01214 2.66 -1.188 7.724 1311Ra0165
3501.439 25.1 5.414 -2.44 "" ""
3501.451 106.00112 0.021 -5.362 3.464 AX20R035
3501.452 58.1 0.232 -1.24 BIEMONT ""
3501.456 607.01214 2.647 -1.243 7.724 1311Ra0145
3501.456 90.1 1.262 -0.61 "" ""
3501.458 607.01214 2.668 -1.162 7.724 1311Ra0175
3501.483 23.0 1.711 -2.88 "" ""
3501.485 607.01214 2.654 -3.938 7.724 1311Qd0155
3501.487 607.01214 2.66 -3.963 7.724 1311Qd0165
3501.489 40.0 0.998 -0.43 "" ""
3501.495 607.01214 2.654 -1.243 7.724 1311Rb0145
3501.496 66.1 0.589 -0.55 "" ""
3501.503 607.01214 2.66 -1.215 7.724 1311Rb0155
3501.506 607.01214 2.642 -1.273 7.724 1311Ra0135
3501.508 607.01214 2.647 -3.911 7.724 1311Qd0145
3501.508 607.01214 2.675 -1.138 7.724 1311Ra0185
3501.513 607.01214 2.647 -1.273 7.724 1311Rb0135
3501.514 607.01214 2.668 -3.986 7.724 1311Qd0175
3501.536 607.01214 2.668 -1.188 7.724 1311Rb0165
3501.556 607.01214 2.642 -3.882 7.724 1311Qd0135
3501.557 607.01214 2.642 -1.305 7.724 1311Rb0125
3501.565 607.01214 2.675 -4.009 7.724 1311Qd0185
3501.568 26.0 3.684 -1.45 "" ""
3501.573 22.0 2.266 -3.82 "" ""
3501.573 607.01214 2.636 -1.34 7.724 1311Rb0115
3501.578 26.0 3.544 -7.87 "" ""
3501.582 607.01214 2.636 -1.305 7.724 1311Ra0125
3501.583 607.01214 2.683 -1.115 7.724 1311Ra0195
3501.583 64.1 1.126 -0.49 "" ""
3501.595 607.01214 2.675 -1.162 7.724 1311Rb0175
3501.629 607.01214 2.636 -3.851 7.724 1311Qd0125
3501.64 607.01214 2.683 -4.03 7.724 1311Qd0195
3501.655 24.0 3.548 -2.37 "" ""
3501.668 26.0 3.544 -7.32 "" ""
3501.68 607.01214 2.683 -1.138 7.724 1311Rb0185
3501.683 607.01214 2.691 -1.093 7.724 1311Ra0205
3501.684 607.01214 2.631 -1.34 7.724 1311Ra0115
3501.694 607.01214 2.631 -1.377 7.724 1311Rb0105
3501.7 106.00112 1.291 -7.004 3.464 CX34P035
3501.717 25.0 2.162 -4.49 "" ""
3501.717 27.1 2.202 -1.18 "" ""
3501.727 607.01214 2.631 -3.817 7.724 1311Qd0115
3501.74 607.01214 2.691 -4.049 7.724 1311Qd0205
3501.766 106.00112 0.58 -4.974 3.464 AX20R175
3501.789 106.00112 0.58 -4.966 3.464 AX20R185
3501.789 607.01214 2.691 -1.115 7.724 1311Rb0195
3501.794 106.00113 0.519 -4.971 3.464 AX20R175
3501.806 607.01214 2.7 -1.072 7.724 1311Ra0215
3501.808 607.01214 2.626 -1.377 7.724 1311Ra0105
3501.826 607.01214 2.626 -1.418 7.724 1311Rb0095
3501.836 106.00113 0.519 -4.982 3.464 AX20R165
3501.839 106.00112 0.58 -6.897 3.464 AX20Q185
3501.847 106.00113 0.519 -6.857 3.464 AX20Q175
3501.85 607.01214 2.626 -3.78 7.724 1311Qd0105
3501.862 607.01214 2.7 -4.068 7.724 1311Qd0215
3501.863 26.1 6.212 -4.61 "" ""
3501.867 90.0 0.689 -0.61 "" ""
3501.879 25.1 6.908 -3.56 "" ""
3501.895 26.0 3.544 -5.94 "" ""
3501.899 26.1 4.15 -4.09 "" ""
3501.913 26.0 3.544 -6.43 "" ""
3501.923 607.01214 2.7 -1.093 7.724 1311Rb0205
3501.932 22.0 2.394 -2.68 "" ""
3501.933 42.1 3.743 -0.22 "" ""
3501.942 26.0 2.873 -5.36 "" ""
3501.952 607.01214 2.709 -1.052 7.724 1311Ra0225
3501.958 607.01214 2.622 -1.418 7.724 1311Ra0095
3501.981 607.01214 2.622 -1.462 7.724 1311Rb0085
3501.998 607.01214 2.622 -3.739 7.724 1311Qd0095
3502.007 607.01214 2.709 -4.086 7.724 1311Qd0225
3502.055 21.0 1.432 -4.2 "" ""
3502.055 22.0 2.493 -4.3 "" ""
3502.074 27.1 5.051 -2.39 "" ""
3502.081 607.01214 2.709 -1.072 7.724 1311Rb0215
3502.119 607.01214 2.719 -1.032 7.724 1311Ra0235
3502.13 607.01214 2.618 -1.462 7.724 1311Ra0085
3502.142 22.0 2.304 -3.38 "" ""
3502.143 66.1 1.357 -0.05 "" ""
3502.157 607.01214 2.618 -1.512 7.724 1311Rb0075
3502.17 607.01214 2.618 -3.694 7.724 1311Qd0085
3502.174 607.01214 2.719 -4.103 7.724 1311Qd0235
3502.176 106.00112 1.199 -4.804 3.464 AX52R185
3502.185 26.0 3.639 -2.75 "" ""
3502.194 22.0 2.425 -2.17 "" ""
3502.21 26.0 3.544 -6.14 "" ""
3502.214 24.1 6.6 -4.18 "" ""
3502.219 21.0 4.187 -2.5 "" ""
3502.219 21.0 4.187 -3.79 "" ""
3502.221 106.00112 1.199 -4.772 3.464 AX52R175
3502.225 106.00112 1.199 -6.608 3.464 AX52Q185
3502.228 26.0 3.544 -7.82 "" ""
3502.233 24.0 3.446 -2.89 "" ""
3502.236 92.0 0.479 0.11 "" ""
3502.24 27.0059 0.431 -2.328 Lawle15HFS ""
3502.241 27.0059 0.431 -2.173 Lawle15HFS ""
3502.243 27.0059 0.431 -1.629 Lawle15HFS ""
3502.243 27.0059 0.431 -2.173 Lawle15HFS ""
3502.245 27.0059 0.431 -1.696 Lawle15HFS ""
3502.246 27.0059 0.431 -1.433 Lawle15HFS ""
3502.247 27.0059 0.431 -2.27 Lawle15HFS ""
3502.249 92.1 0.568 -0.69 "" ""
3502.25 27.0059 0.431 -1.433 Lawle15HFS ""
3502.251 27.0059 0.431 -1.328 Lawle15HFS ""
3502.252 27.0059 0.431 -2.475 Lawle15HFS ""
3502.257 27.0059 0.431 -1.229 Lawle15HFS ""
3502.257 27.0059 0.431 -1.281 Lawle15HFS ""
3502.259 27.0059 0.431 -2.873 Lawle15HFS ""
3502.261 607.01214 2.719 -1.052 7.724 1311Rb0225
3502.264 27.0059 0.431 -1.287 Lawle15HFS ""
3502.265 27.0059 0.431 -1.059 Lawle15HFS ""
3502.267 106.00113 1.25 -4.812 3.464 AX52R185
3502.273 27.0059 0.431 -1.36 Lawle15HFS ""
3502.274 27.0059 0.431 -0.913 Lawle15HFS ""
3502.278 27.0 2.925 -5.12 "" ""
3502.283 27.0059 0.431 -1.571 Lawle15HFS ""
3502.285 27.0059 0.431 -0.784 Lawle15HFS ""
3502.291 106.00113 1.25 -4.876 3.464 AX52R195
3502.295 25.0 4.682 -1.77 "" ""
3502.296 27.0059 0.431 -0.668 Lawle15HFS ""
3502.309 27.0059 0.431 -0.563 Lawle15HFS ""
3502.309 607.01214 2.729 -1.013 7.724 1311Ra0245
3502.325 106.00113 1.25 -6.664 3.464 AX52Q195
3502.334 607.01214 2.615 -1.512 7.724 1311Ra0075
3502.355 607.01214 2.615 -1.567 7.724 1311Rb0065
3502.361 607.01214 2.729 -4.119 7.724 1311Qd0245
3502.367 607.01214 2.615 -3.643 7.724 1311Qd0075
3502.425 44.0 1.062 -1.42 "" ""
3502.431 106.00113 0.988 -8.89 3.464 AX30P235
3502.464 607.01214 2.729 -1.032 7.724 1311Rb0235
3502.467 26.0 3.239 -2.76 "" ""
3502.497 73.0 1.393 -0.9 "" ""
3502.509 27.0 3.189 -4.74 "" ""
3502.517 106.00112 1.316 -7.973 3.464 AX52R205
3502.517 24.1 5.666 -4.95 "" ""
3502.517 607.01214 2.739 -0.995 7.724 1311Ra0255
3502.522 45.0 0.0 -0.1 "" ""
3502.539 106.00113 0.021 -5.484 3.464 AX20R025
3502.558 607.01214 2.612 -1.567 7.724 1311Ra0065
3502.568 607.01214 2.739 -4.135 7.724 1311Qd0255
3502.58 607.01214 2.612 -1.631 7.724 1311Rb0055
3502.588 607.01214 2.612 -3.585 7.724 1311Qd0065
3502.593 28.0 0.0 -2.53 "" ""
3502.598 106.00113 0.021 -5.484 3.464 AX20R025
3502.603 27.0059 0.174 -2.555 Lawle15HFS ""
3502.608 27.0059 0.174 -2.374 Lawle15HFS ""
3502.612 20.0 4.128 -5.78 "" ""
3502.612 27.0059 0.174 -2.343 Lawle15HFS ""
3502.616 27.0059 0.174 -2.407 Lawle15HFS ""
3502.619 27.0059 0.174 -1.856 Lawle15HFS ""
3502.62 27.0059 0.174 -2.606 Lawle15HFS ""
3502.621 27.0059 0.174 -2.148 Lawle15HFS ""
3502.622 27.0059 0.174 -2.554 Lawle15HFS ""
3502.624 27.0059 0.174 -3.271 Lawle15HFS ""
3502.625 27.0059 0.174 -2.861 Lawle15HFS ""
3502.625 27.0059 0.174 -4.511 Lawle15HFS ""
3502.63 27.0059 0.174 -2.606 Lawle15HFS ""
3502.632 27.0059 0.174 -2.407 Lawle15HFS ""
3502.634 27.0059 0.174 -2.343 Lawle15HFS ""
3502.635 27.0059 0.174 -2.374 Lawle15HFS ""
3502.636 27.0059 0.174 -2.555 Lawle15HFS ""
3502.688 607.01214 2.739 -1.013 7.724 1311Rb0245
3502.714 24.0 3.553 -2.0 "" ""
3502.725 75.0 2.537 -0.31 "" ""
3502.745 607.01214 2.75 -0.978 7.724 1311Ra0265
3502.754 21.0 1.438 -3.9 "" ""
3502.779 68.0 0.889 0.91 "" ""
3502.779 90.1 1.123 -0.59 "" ""
3502.792 607.01214 2.75 -4.15 7.724 1311Qd0265
3502.806 607.01214 2.61 -1.631 7.724 1311Ra0055
3502.827 607.01214 2.61 -1.705 7.724 1311Rb0045
3502.833 607.01214 2.61 -3.518 7.724 1311Qd0055
3502.854 26.0 3.263 -3.06 "" ""
3502.862 73.0 1.357 -0.7 "" ""
3502.89 106.00113 1.104 -8.547 3.464 CX23P085
3502.901 27.0 3.277 -0.45 "" ""
3502.916 27.0 3.213 -2.07 "" ""
3502.931 607.01214 2.75 -0.995 7.724 1311Rb0255
3502.989 607.01214 2.761 -0.961 7.724 1311Ra0275
3502.996 27.0 2.628 -3.8 "" ""
3503.033 607.01214 2.761 -4.164 7.724 1311Qd0275
3503.036 42.0 2.274 -2.42 "" ""
3503.051 106.00113 0.021 -6.272 3.464 AX20Q035
3503.055 24.0 3.553 -2.2 "" ""
3503.06 15.1 9.51 -1.39 "" ""
3503.06 75.0 1.954 0.0 "" ""
3503.061 27.0 3.014 -4.5 "" ""
3503.074 25.1 6.653 -3.42 "" ""
3503.08 106.00112 0.01 -5.627 3.464 AX20R015
3503.08 607.01214 2.608 -1.705 7.724 1311Ra0045
3503.097 106.00113 0.021 -6.266 3.464 AX20Q035
3503.098 607.01214 2.608 -1.794 7.724 1311Rb0035
3503.103 607.01214 2.608 -3.438 7.724 1311Qd0045
3503.11 106.00112 0.01 -5.627 3.464 AX20R015
3503.146 106.00113 0.021 -5.361 3.464 AX20R035
3503.165 23.0 2.364 -0.33 "" ""
3503.17 66.1 0.92 -0.73 LAWLER ""
3503.171 106.00112 0.581 -4.967 3.464 AX20R185
3503.175 22.0 2.101 -5.72 "" ""
3503.191 607.01214 2.762 -0.978 7.724 1311Rb0265
3503.192 106.00113 0.021 -5.362 3.464 AX20R035
3503.198 41.0 1.156 -0.56 "" ""
3503.207 64.1 1.317 -0.4 "" ""
3503.218 106.00112 0.581 -4.974 3.464 AX20R175
3503.221 106.00112 0.581 -6.868 3.464 AX20Q185
3503.231 106.00113 0.577 -4.973 3.464 AX20R175
3503.232 106.00113 0.577 -4.966 3.464 AX20R185
3503.246 23.0 1.798 -5.83 "" ""
3503.248 607.01214 2.773 -0.944 7.724 1311Ra0285
3503.28 62.1 0.248 -1.89 LAWLER ""
3503.288 607.01214 2.773 -4.178 7.724 1311Qd0285
3503.3 106.00113 0.577 -6.896 3.464 AX20Q185
3503.367 26.0 3.544 -6.92 "" ""
3503.379 607.01214 2.606 -1.794 7.724 1311Ra0035
3503.38 24.1 4.981 -1.89 "" ""
3503.383 26.0 3.692 -4.81 "" ""
3503.384 24.0 2.98 -2.48 "" ""
3503.39 21.0 1.438 -3.24 "" ""
3503.394 607.01214 2.606 -1.907 7.724 1311Rb0025
3503.397 607.01214 2.606 -3.339 7.724 1311Qd0035
3503.466 26.1 1.723 -3.8 "" ""
3503.467 23.0 2.573 -3.23 "" ""
3503.468 607.01214 2.773 -0.961 7.724 1311Rb0275
3503.498 28.0 3.539 -4.69 "" ""
3503.503 42.0 1.419 -2.29 "" ""
3503.519 607.01214 2.785 -0.929 7.724 1311Ra0295
3503.542 24.0 3.11 -4.06 "" ""
3503.555 607.01214 2.785 -4.191 7.724 1311Qd0295
3503.615 90.1 1.712 -0.17 "" ""
3503.622 23.0 2.364 -1.99 "" ""
3503.65 21.0 1.447 -1.69 "" ""
3503.662 74.1 3.073 -1.12 "" ""
3503.671 106.00113 1.251 -4.877 3.464 AX52R195
3503.7 607.01214 2.605 -1.907 7.724 1311Ra0025
3503.703 106.00113 1.251 -6.633 3.464 AX52Q195
3503.711 607.01214 2.605 -2.062 7.724 1311Rb0015
3503.715 607.01214 2.605 -3.209 7.724 1311Qd0025
3503.717 106.00113 1.251 -4.812 3.464 AX52R185
3503.718 27.0 2.135 -1.73 "" ""
3503.739 25.0 2.185 -2.88 "" ""
3503.755 22.0 0.021 -3.06 LAWLER ""
3503.759 607.01214 2.785 -0.945 7.724 1311Rb0285
3503.769 23.0 1.929 -3.41 "" ""
3503.78 22.0 2.406 -2.62 "" ""
3503.786 90.0 0.902 -0.4 "" ""
3503.813 20.0 5.386 -3.81 "" ""
3503.831 607.01214 2.797 -4.203 7.724 1311Qd0305
3503.842 106.00112 0.011 -6.127 3.464 AX20Q025
3503.862 106.00112 0.011 -6.123 3.464 AX20Q025
3503.868 73.0 1.236 -0.55 "" ""
3503.942 24.0 3.963 -3.39 "" ""
3503.977 106.00112 0.011 -5.436 3.464 AX20R025
3503.997 106.00112 0.011 -5.436 3.464 AX20R025
3504.009 92.0 0.471 0.23 "" ""
3504.01 27.0 3.014 -5.98 "" ""
3504.048 607.01214 2.604 -2.062 7.724 1311Ra0015
3504.049 23.0 1.349 -5.76 "" ""
3504.057 607.01214 2.604 -2.318 7.724 1311Rb0005
3504.057 607.01214 2.604 -3.017 7.724 1311Qd0015
3504.06 607.01214 2.798 -0.929 7.724 1311Rb0295
3504.09 25.0 2.162 -3.76 "" ""
3504.17 25.0 4.191 -3.51 "" ""
3504.178 24.0 4.385 -3.2 "" ""
3504.216 26.0 3.926 -2.35 "" ""
3504.249 106.00112 1.108 -8.547 3.464 CX23P085
3504.272 22.0 2.091 -5.39 "" ""
3504.338 27.1 5.171 -4.23 "" ""
3504.352 106.00113 0.907 -7.269 3.464 CX12P115
3504.411 42.0 2.258 0.12 "" ""
3504.417 607.01214 2.603 -2.318 7.724 1311Ra0005
3504.423 607.01214 2.603 -2.619 7.724 1311Qd0005
3504.43 20.0 5.045 -1.59 "" ""
3504.436 23.1 1.095 -0.77 LAWNOHFS ""
3504.45 26.0 2.829 -2.25 "" ""
3504.457 68.1 0.636 -1.52 LAWLER ""
3504.474 106.00112 1.345 -8.663 3.464 CX34Q065
3504.506 106.00112 1.345 -5.869 3.464 CX34P065
3504.51 106.00112 0.002 -5.834 3.464 AX20R005
3504.513 106.00112 1.611 -6.97 3.464 CX34R145
3504.523 106.00112 0.002 -5.834 3.464 AX20R005
3504.53 66.1 1.17 -0.3 LAWLER ""
3504.553 22.0 1.459 -0.39 "" ""
3504.559 23.1 2.274 -1.76 "" ""
3504.57 27.1 3.405 -4.99 "" ""
