wavelength species excitation loggf disassociation_energy comment
4226.668 607.01214 2.955 -4.472 7.724 1112Qc0245
4226.714 607.01214 2.955 -1.367 7.724 1112Pb0245
4226.72 24.0 4.204 -1.46 "" ""
4226.728 20.0 0.0 0.24 LAWLER ""
4226.73 44.0 1.865 -0.95 "" ""
4226.74 26.0 3.234 -7.0 "" ""
4226.751 24.0 2.965 -1.48 "" ""
4226.796 106.00113 0.731 -1.406 3.464 AX11R145
4226.829 106.00112 1.657 -4.333 3.464 AX54Q155
4226.836 106.00113 1.834 -4.6 3.464 AX33R245
4226.854 106.00112 1.657 -2.45 3.464 AX54P165
4226.861 106.00113 0.731 -1.382 3.464 AX11R155
4226.87 106.00112 1.657 -2.509 3.464 AX54P155
4226.907 23.0 2.294 -2.49 "" ""
4226.907 74.0 2.24 -0.8 "" ""
4226.921 106.00113 0.731 -3.457 3.464 AX11Q155
4226.994 60.1 1.687 -0.05 "" ""
4226.999 106.00113 1.647 -8.465 3.464 CX03P205
4227.038 106.00112 1.716 -8.439 3.464 CX03P215
4227.046 21.0 2.008 -3.51 "" ""
4227.106 106.00113 1.856 -1.773 3.464 AX54Q205
4227.119 42.0 2.916 -2.01 "" ""
4227.131 106.00113 1.856 -4.19 3.464 AX54R195
4227.14 64.1 0.601 -0.92 LAWLER ""
4227.154 106.00112 2.234 -6.211 3.464 CX04R265
4227.156 106.00113 1.856 -4.33 3.464 AX54P205
4227.17 22.0 1.967 -6.29 "" ""
4227.173 26.1 2.889 -5.2 "" ""
4227.18 106.00113 1.856 -1.819 3.464 AX54Q195
4227.217 106.00113 1.564 -5.298 3.464 AX54P135
4227.231 27.0 3.949 -4.08 "" ""
4227.295 106.00112 2.234 -10.526 3.464 CX04Q265
4227.298 26.0 4.368 -1.53 "" ""
4227.302 26.0 4.188 -3.33 "" ""
4227.325 92.1 0.778 -1.37 "" ""
4227.331 106.00113 1.065 -4.356 3.464 BX10P255
4227.334 22.1 1.13 -2.52 LAWLER ""
4227.358 106.00112 2.234 -6.361 3.464 CX04R255
4227.366 26.0 4.151 -2.29 "" ""
4227.375 27.1 5.204 -4.96 "" ""
4227.387 90.0 0.902 -0.86 "" ""
4227.401 106.00113 1.065 -0.473 3.464 BX10Q245
4227.419 58.1 0.807 -0.8 "" ""
4227.423 26.0 3.414 -5.76 "" ""
4227.427 26.0 3.329 0.23 "" ""
4227.432 106.00113 1.065 -0.061 3.464 BX10Q255
4227.448 26.0 4.317 -3.11 "" ""
4227.466 75.0 2.348 0.84 "" ""
4227.486 22.0 3.145 -2.6 "" ""
4227.503 106.00113 1.065 -3.623 3.464 BX10R245
4227.512 607.01214 2.966 -4.493 7.724 1112Qc0255
4227.515 41.0 1.169 -1.38 "" ""
4227.534 25.0 2.951 -5.74 "" ""
4227.555 607.01214 2.966 -1.353 7.724 1112Pb0255
4227.636 23.0 2.364 -5.65 "" ""
4227.688 22.0 3.102 -2.04 "" ""
4227.71 60.1 0.471 -0.5 LAWLER ""
4227.716 106.00113 1.698 -4.299 3.464 AX54Q165
4227.716 22.0 2.486 -0.2 "" ""
4227.723 23.0 2.503 -7.86 "" ""
4227.739 106.00113 1.698 -2.452 3.464 AX54P165
4227.74 23.0 1.711 -4.41 "" ""
4227.74 24.1 5.007 -4.46 "" ""
4227.744 24.1 4.981 -5.67 "" ""
4227.747 58.1 0.696 -0.1 LAWLER ""
4227.756 40.0 0.73 0.09 "" ""
4227.76 23.0 1.375 -6.68 "" ""
4227.76 26.0 4.47 -2.79 "" ""
4227.803 106.00113 1.698 -2.394 3.464 AX54P175
4227.927 106.00112 0.735 -1.382 3.464 AX11R155
4227.943 106.00112 0.735 -1.406 3.464 AX11R145
4227.965 26.0 4.253 -2.0 "" ""
4227.991 106.00112 0.735 -3.433 3.464 AX11Q155
4227.994 106.00112 1.806 -4.16 3.464 AX54R185
4228.02 60.1 0.204 -1.16 LAWLER ""
4228.065 106.00112 1.806 -1.862 3.464 AX54Q185
4228.077 106.00112 1.806 -1.811 3.464 AX54Q195
4228.08 72.0 0.0 -1.76 "" ""
4228.123 106.00112 1.334 -4.307 3.464 AX33R155
4228.148 106.00112 1.806 -4.36 3.464 AX54P195
4228.151 106.00113 1.135 -8.492 3.464 CX03P095
4228.19 60.1 0.63 -0.8 LAWLER ""
4228.228 24.0 3.665 -3.81 "" ""
4228.23 60.1 0.471 -1.44 LAWLER ""
4228.243 106.00112 1.846 -4.6 3.464 AX33R245
4228.248 106.00113 0.732 -1.382 3.464 AX11R155
4228.25 24.0 3.977 -1.91 "" ""
4228.272 106.00113 0.732 -1.406 3.464 AX11R145
4228.295 58.1 0.875 -0.87 LAWLER ""
4228.313 106.00113 0.732 -3.433 3.464 AX11Q155
4228.326 6.0 7.679 -2.79 "" ""
4228.332 23.0 2.503 -8.34 "" ""
4228.404 22.0 2.394 -2.97 "" ""
4228.41 106.00113 1.329 -4.307 3.464 AX33R155
4228.5 21.0 4.69 -2.6 "" ""
4228.5 21.0 4.69 -3.11 "" ""
4228.513 27.0 3.407 -3.63 "" ""
4228.622 73.0 1.516 -1.13 "" ""
4228.629 27.0 2.628 -3.61 "" ""
4228.717 26.0 3.366 -2.54 "" ""
4228.729 26.1 2.578 -6.85 "" ""
4228.739 106.00112 1.108 -8.469 3.464 CX03P085
4228.756 92.1 0.583 -1.51 "" ""
4228.786 42.0 3.736 -1.11 "" ""
4228.872 27.0 3.62 -1.67 "" ""
4228.891 24.0 3.884 -3.77 "" ""
4228.894 23.1 6.104 -3.53 "" ""
4228.969 26.0 4.412 -4.16 "" ""
4229.023 26.0 4.291 -4.29 "" ""
4229.059 106.00113 1.714 -5.984 3.464 AX32P255
4229.063 23.1 5.463 -4.53 "" ""
4229.087 21.0 4.193 -3.62 "" ""
4229.106 22.0 1.501 -4.49 "" ""
4229.143 106.00112 1.723 -6.055 3.464 AX32P255
4229.146 41.0 1.177 -0.33 "" ""
4229.226 22.0 1.748 -4.22 "" ""
4229.312 44.0 1.732 -0.7 "" ""
4229.34 106.00113 1.699 -4.328 3.464 AX54Q165
4229.347 106.00113 1.699 -2.395 3.464 AX54P175
4229.362 106.00113 1.699 -2.452 3.464 AX54P165
4229.367 20.0 4.427 -4.79 "" ""
4229.368 23.1 6.096 -2.89 "" ""
4229.405 23.0 1.349 -5.62 "" ""
4229.405 24.0 3.885 -4.48 "" ""
4229.406 26.0 2.586 -2.79 "" ""
4229.423 106.00112 1.335 -4.261 3.464 AX33R155
4229.455 90.1 1.547 -0.83 "" ""
4229.464 24.0 4.613 -2.76 "" ""
4229.485 28.0 3.844 -1.3 "" ""
4229.51 26.0 3.271 -1.63 "" ""
4229.511 60.1 0.0 -1.56 "" ""
4229.519 26.0 4.188 -3.62 "" ""
4229.534 26.0 2.947 -2.79 "" ""
4229.56 62.1 0.543 -2.07 LAWLER ""
4229.611 23.1 6.537 -4.59 "" ""
4229.636 22.0 3.145 -3.45 "" ""
4229.653 106.00113 0.914 -4.729 3.464 BX00P225
4229.688 23.0 1.941 -0.61 "" ""
4229.71 62.1 0.04 -0.87 LAWLER ""
4229.753 26.0 1.484 -3.43 "" ""
4229.766 106.00113 1.33 -4.261 3.464 AX33R155
4229.791 106.00112 0.314 -1.415 3.464 AX00R125
4229.8 64.1 1.62 -0.02 "" ""
4229.804 106.00113 1.9 -4.455 3.464 AX43Q245
4229.811 24.1 3.824 -3.32 "" ""
4229.828 41.0 0.348 -1.09 "" ""
4229.838 106.00113 1.9 -2.263 3.464 AX43P255
4229.907 106.00112 0.314 -1.386 3.464 AX00R135
4229.912 106.00113 1.9 -2.341 3.464 AX43P245
4229.917 106.00113 0.952 -2.992 3.464 BX11R185
4229.944 27.0 0.174 -4.24 "" ""
4229.953 106.00112 1.807 -1.812 3.464 AX54Q195
4229.956 106.00112 0.314 -3.371 3.464 AX00Q135
4229.961 106.00112 1.807 -4.183 3.464 AX54R185
4229.98 23.0 2.676 -1.72 "" ""
4229.982 22.0 2.394 -1.86 "" ""
4230.005 106.00113 0.952 -7.644 3.464 BX11Q195
4230.007 21.0 2.294 -4.28 "" ""
4230.023 106.00112 1.807 -4.339 3.464 AX54P195
4230.027 22.0 3.059 -3.12 "" ""
4230.032 106.00112 1.807 -1.862 3.464 AX54Q185
4230.086 106.00113 0.952 -3.028 3.464 BX11R195
4230.119 58.1 0.521 -1.38 LAWLER ""
4230.128 25.0 2.951 -2.05 "" ""
4230.18 58.1 0.932 -1.44 LAWLER ""
4230.193 45.0 1.278 -1.88 "" ""
4230.204 106.00113 0.312 -1.415 3.464 AX00R125
4230.231 106.00113 1.837 -4.532 3.464 AX33R245
4230.271 26.0 4.227 -3.45 "" ""
4230.279 24.0 2.98 -1.96 "" ""
4230.289 23.1 6.182 -2.91 "" ""
4230.31 20.0 4.765 -3.61 "" ""
4230.317 106.00113 0.312 -1.386 3.464 AX00R135
4230.318 44.0 1.062 -0.86 "" ""
4230.323 41.0 1.522 -0.52 "" ""
4230.336 106.00113 1.588 -8.484 3.464 CX03P195
4230.364 106.00113 0.312 -3.371 3.464 AX00Q135
4230.375 28.0 3.793 -2.12 "" ""
4230.381 21.0 2.108 -3.01 "" ""
4230.427 90.0 1.393 -0.19 "" ""
4230.47 24.0 3.009 -1.16 "" ""
4230.547 26.0 4.1 -2.74 "" ""
4230.571 26.0 3.015 -2.6 "" ""
4230.578 24.0 3.665 -3.19 "" ""
4230.628 22.0 2.479 -4.67 "" ""
4230.721 62.0 0.0 -1.55 "" ""
4230.75 22.0 2.173 -3.92 "" ""
4230.936 57.1 1.954 -0.17 "" ""
4230.941 29.0 5.391 -1.57 "" ""
4231.0 106.00112 0.314 -1.415 3.464 AX00R125
4231.027 28.0 3.539 -1.42 "" ""
4231.035 106.00112 0.315 -1.387 3.464 AX00R135
4231.042 106.00112 1.654 -8.464 3.464 CX03P205
4231.086 106.00112 0.315 -3.35 3.464 AX00Q135
4231.086 106.00112 1.848 -4.532 3.464 AX33R245
4231.096 22.0 2.238 -4.68 "" ""
4231.105 22.0 2.66 -4.32 "" ""
4231.108 26.0 3.015 -5.96 "" ""
4231.111 25.1 5.468 -6.28 "" ""
4231.127 106.00113 0.684 -4.799 3.464 BX11P135
4231.177 21.0 2.301 -2.92 "" ""
4231.179 23.1 1.702 -2.8 "" ""
4231.3 39.0 1.304 -1.92 "" ""
4231.327 58.1 0.892 -1.96 LAWLER ""
4231.352 24.0 4.614 -1.45 "" ""
4231.366 106.00113 1.168 -8.509 3.464 CX03P105
4231.388 22.0 1.738 -4.5 "" ""
4231.398 106.00113 0.313 -1.415 3.464 AX00R125
4231.433 106.00113 0.313 -1.386 3.464 AX00R135
4231.481 106.00113 0.313 -3.35 3.464 AX00Q135
4231.502 26.0 3.249 -5.11 "" ""
4231.56 60.1 0.32 -2.06 LAWLER ""
4231.576 607.01214 3.167 -1.636 7.724 1213Rb0245
4231.592 106.00112 0.686 -1.43 3.464 AX11R135
4231.597 26.0 2.607 -4.96 "" ""
4231.612 21.0045 1.996 -1.43 LAWHFS ""
4231.621 21.0045 1.996 -1.84 LAWHFS ""
4231.623 21.0045 1.996 -1.84 LAWHFS ""
4231.629 40.1 1.756 -0.79 Ljung06 ""
4231.632 21.0045 1.996 -2.04 LAWHFS ""
4231.639 21.0045 1.996 -1.72 LAWHFS ""
4231.639 24.0 4.443 -2.62 "" ""
4231.641 106.00113 0.782 -2.025 3.464 BX11P155
4231.641 21.0045 1.996 -1.72 LAWHFS ""
4231.648 21.0045 1.996 -9.0 LAWHFS ""
4231.651 24.0 3.077 -2.6 "" ""
4231.653 21.0045 1.996 -1.85 LAWHFS ""
4231.655 21.0045 1.996 -1.85 LAWHFS ""
4231.657 607.01214 3.167 -4.738 7.724 1213Qd0255
4231.66 21.0045 1.996 -2.02 LAWHFS ""
4231.668 40.1 1.755 -1.02 "" ""
4231.668 92.0 0.947 0.18 "" ""
4231.68 106.00112 0.686 -1.403 3.464 AX11R145
4231.702 106.00113 0.782 -6.957 3.464 BX11Q155
4231.735 106.00112 0.686 -3.427 3.464 AX11Q145
4231.746 58.1 1.243 0.22 "" ""
4231.752 607.01214 3.157 -1.647 7.724 1213Rb0235
4231.817 26.0 4.412 -2.57 "" ""
4231.818 106.00113 0.782 -2.093 3.464 BX11P165
4231.83 607.01214 3.157 -4.715 7.724 1213Qd0245
4231.914 106.00113 0.683 -1.43 3.464 AX11R135
4231.924 21.0 2.507 0.12 "" ""
4231.949 41.0 0.049 -1.28 "" ""
4231.95 26.0 4.431 -2.98 "" ""
4231.954 607.01214 3.147 -1.658 7.724 1213Rb0225
4231.965 70.0 2.229 -0.52 "" ""
4231.967 106.00113 1.932 -6.222 3.464 AX21P315
4231.967 26.0 4.577 -1.78 "" ""
4232.001 106.00113 0.683 -1.403 3.464 AX11R145
4232.023 66.0 1.141 0.71 "" ""
4232.029 607.01214 3.147 -4.692 7.724 1213Qd0235
4232.043 106.00113 1.646 -5.614 3.464 AX43P205
4232.043 92.1 0.036 -2.11 "" ""
4232.044 23.1 3.97 -0.59 "" ""
4232.053 58.1 0.957 -0.66 "" ""
4232.054 106.00113 0.683 -3.426 3.464 AX11Q145
4232.064 25.0 4.329 -3.88 "" ""
4232.075 23.1 6.529 -4.34 "" ""
4232.096 607.01214 3.157 -1.636 7.724 1213Ra0245
4232.101 106.00112 1.846 -4.486 3.464 AX43Q235
4232.135 24.0 4.204 -2.88 "" ""
4232.136 22.0 3.11 -3.07 "" ""
4232.168 106.00112 1.846 -2.334 3.464 AX43P245
4232.183 607.01214 3.138 -1.67 7.724 1213Rb0215
4232.19 65.1 0.891 -0.4 LAWNOHFS ""
4232.206 106.00112 1.846 -2.415 3.464 AX43P235
4232.244 24.0 4.204 -0.5 "" ""
4232.248 106.00112 0.074 -3.872 3.464 AX00R065
4232.251 26.0 4.217 -2.11 "" ""
4232.253 22.0 3.11 -2.81 "" ""
4232.254 607.01214 3.138 -4.668 7.724 1213Qd0225
4232.269 607.01214 3.147 -1.647 7.724 1213Ra0235
4232.326 44.0 1.087 -1.41 "" ""
4232.338 24.0 4.398 -3.86 "" ""
4232.341 60.1143 0.064 -3.774 Lawler ""
4232.348 60.1143 0.064 -2.321 Lawler ""
4232.351 60.1143 0.064 -3.385 Lawler ""
4232.356 60.1143 0.064 -1.174 Lawler ""
4232.357 60.1143 0.064 -2.103 Lawler ""
4232.357 60.1145 0.064 -3.774 Lawler ""
4232.359 60.1143 0.064 -3.193 Lawler ""
4232.361 22.0 2.304 -0.73 "" ""
4232.361 60.1145 0.064 -2.321 Lawler ""
4232.363 60.1145 0.064 -3.385 Lawler ""
4232.364 60.1143 0.064 -1.258 Lawler ""
4232.364 60.1143 0.064 -2.021 Lawler ""
4232.366 60.1145 0.064 -1.174 Lawler ""
4232.367 23.1 3.755 -2.27 "" ""
4232.367 60.1143 0.064 -3.113 Lawler ""
4232.367 60.1145 0.064 -2.103 Lawler ""
4232.368 60.1142 0.064 -0.47 Lawler ""
4232.368 60.1145 0.064 -3.193 Lawler ""
4232.371 60.1143 0.064 -1.348 Lawler ""
4232.371 60.1143 0.064 -2.005 Lawler ""
4232.371 60.1145 0.064 -1.258 Lawler ""
4232.372 60.1145 0.064 -2.021 Lawler ""
4232.373 60.1143 0.064 -3.141 Lawler ""
4232.373 60.1144 0.064 -0.47 Lawler ""
4232.373 60.1145 0.064 -3.113 Lawler ""
4232.376 60.1145 0.064 -1.348 Lawler ""
4232.376 60.1145 0.064 -2.005 Lawler ""
4232.377 60.1143 0.064 -1.444 Lawler ""
4232.377 60.1143 0.064 -2.041 Lawler ""
4232.377 60.1145 0.064 -3.141 Lawler ""
4232.378 60.1146 0.064 -0.47 Lawler ""
4232.379 60.1143 0.064 -3.348 Lawler ""
4232.379 60.1145 0.064 -1.444 Lawler ""
4232.38 60.1145 0.064 -2.041 Lawler ""
4232.381 60.1145 0.064 -3.348 Lawler ""
4232.382 60.1143 0.064 -1.548 Lawler ""
4232.382 60.1143 0.064 -2.137 Lawler ""
4232.382 60.1145 0.064 -1.548 Lawler ""
4232.382 60.1145 0.064 -2.137 Lawler ""
4232.383 60.1148 0.064 -0.47 Lawler ""
4232.385 60.1143 0.064 -1.66 Lawler ""
4232.385 60.1143 0.064 -2.348 Lawler ""
4232.385 60.1145 0.064 -1.66 Lawler ""
4232.385 60.1145 0.064 -2.348 Lawler ""
4232.386 60.1145 0.064 -1.778 Lawler ""
4232.387 60.1145 0.064 -1.896 Lawler ""
4232.388 60.1143 0.064 -1.778 Lawler ""
4232.389 60.1143 0.064 -1.896 Lawler ""
4232.389 60.115 0.064 -0.47 Lawler ""
4232.426 21.0 2.507 -1.38 "" ""
4232.426 72.1 2.341 -0.09 "" ""
4232.427 106.00112 0.919 -4.728 3.464 BX00P225
4232.427 23.0051 1.954 -1.596 LAWLER ""
4232.428 23.0051 1.954 -1.375 LAWLER ""
4232.43 23.0051 1.954 -1.272 LAWLER ""
4232.43 23.0051 1.954 -1.4 LAWLER ""
4232.433 23.0051 1.954 -1.386 LAWLER ""
4232.434 23.0051 1.954 -1.229 LAWLER ""
4232.435 106.00113 1.716 -6.054 3.464 AX32P255
4232.435 24.1 4.984 -4.92 "" ""
4232.435 607.01214 3.129 -1.684 7.724 1213Rb0205
4232.436 23.0051 1.954 -1.596 LAWLER ""
4232.437 23.0051 1.954 -1.248 LAWLER ""
4232.439 23.0051 1.954 -1.24 LAWLER ""
4232.442 23.0051 1.954 -1.375 LAWLER ""
4232.443 23.0051 1.954 -1.081 LAWLER ""
4232.445 23.0051 1.954 -1.317 LAWLER ""
4232.449 23.0051 1.954 -0.912 LAWLER ""
4232.449 23.0051 1.954 -1.272 LAWLER ""
4232.453 23.0051 1.954 -1.532 LAWLER ""
4232.457 23.0051 1.954 -0.753 LAWLER ""
4232.458 23.0051 1.954 -1.229 LAWLER ""
4232.462 64.1 1.526 -0.58 "" ""
4232.467 23.0051 1.954 -0.605 LAWLER ""
4232.468 23.0051 1.954 -1.24 LAWLER ""
4232.469 607.01214 3.138 -1.658 7.724 1213Ra0225
4232.478 23.0051 1.954 -0.469 LAWLER ""
4232.479 23.0051 1.954 -1.317 LAWLER ""
4232.488 20.0 4.765 -2.6 "" ""
4232.491 23.0051 1.954 -1.532 LAWLER ""
4232.504 607.01214 3.129 -4.643 7.724 1213Qd0215
4232.51 106.00112 0.074 -3.849 3.464 AX00R065
4232.541 23.0 1.847 -4.77 "" ""
4232.542 39.0 1.889 -1.38 "" ""
4232.561 58.1 0.721 -0.77 LAWLER ""
4232.589 42.0 2.075 -0.03 "" ""
4232.598 21.0 2.109 -2.93 "" ""
4232.609 28.0 3.541 -4.19 "" ""
4232.612 106.00112 1.139 -8.491 3.464 CX03P095
4232.624 24.0 4.532 -4.32 "" ""
4232.637 106.00112 1.289 -4.275 3.464 AX33R145
4232.652 106.00113 0.073 -3.872 3.464 AX00R065
4232.672 106.00113 1.9 -4.644 3.464 AX33R255
4232.695 607.01214 3.129 -1.67 7.724 1213Ra0215
4232.696 20.0 5.87 -4.3 "" ""
4232.711 607.01214 3.12 -1.699 7.724 1213Rb0195
4232.726 26.0 0.11 -4.93 "" ""
4232.776 607.01214 3.12 -4.618 7.724 1213Qd0205
4232.779 24.0 3.123 -5.54 "" ""
4232.827 25.1 5.366 -5.51 "" ""
4232.844 26.0 4.151 -2.27 "" ""
4232.846 106.00113 1.285 -4.275 3.464 AX33R145
4232.853 24.0 3.011 -1.99 "" ""
4232.911 106.00113 0.073 -3.849 3.464 AX00R065
4232.915 106.00112 0.687 -1.43 3.464 AX11R135
4232.917 25.0 5.083 -2.71 "" ""
4232.922 106.00112 0.687 -1.403 3.464 AX11R145
4232.923 64.0 1.673 0.3 "" ""
4232.936 24.0 3.085 -4.17 "" ""
4232.938 24.1 5.666 -3.07 "" ""
4232.946 607.01214 3.12 -1.684 7.724 1213Ra0205
4232.947 23.0 1.948 0.06 LAWNOHFS ""
4232.949 22.0 3.111 -1.52 "" ""
4232.961 24.0 3.823 -1.61 "" ""
4232.98 106.00112 0.687 -3.404 3.464 AX11Q145
4232.987 24.0 4.444 -0.41 "" ""
4232.994 74.0 2.244 -0.79 "" ""
4233.009 607.01214 3.112 -1.715 7.724 1213Rb0185
4233.017 23.0 3.242 -3.3 "" ""
4233.058 106.00113 1.531 -8.5 3.464 CX03P185
4233.066 22.0 3.111 -2.58 "" ""
4233.071 607.01214 3.112 -4.592 7.724 1213Qd0195
4233.113 26.1 6.798 -3.45 "" ""
4233.149 60.1 1.246 -0.33 "" ""
4233.162 26.1 2.583 -2.02 LAWLER ""
4233.182 23.1 4.772 -2.71 "" ""
4233.199 58.1 0.811 -0.87 "" ""
4233.222 106.00113 0.684 -1.43 3.464 AX11R135
4233.222 607.01214 3.112 -1.699 7.724 1213Ra0195
4233.234 106.00113 0.684 -1.403 3.464 AX11R145
4233.248 24.1 3.864 -2.02 Lawler17 ""
4233.286 106.00113 0.684 -3.404 3.464 AX11Q145
4233.287 90.1 1.914 -0.73 "" ""
4233.315 22.0 3.106 -2.41 "" ""
4233.315 25.0 3.376 -3.74 "" ""
4233.328 607.01214 3.104 -1.732 7.724 1213Rb0175
4233.357 24.0 2.985 -6.68 "" ""
4233.368 42.0 3.499 -1.06 "" ""
4233.372 23.0 2.58 -1.14 "" ""
4233.387 607.01214 3.104 -4.565 7.724 1213Qd0185
4233.409 106.00112 0.687 -4.799 3.464 BX11P135
4233.442 25.1 5.811 -2.67 "" ""
4233.484 42.0 2.985 -1.05 "" ""
4233.5 76.0 1.613 -1.33 "" ""
4233.52 607.01214 3.104 -1.715 7.724 1213Ra0185
4233.573 21.0045 2.001 -1.56 LAWHFS ""
4233.58 21.0045 2.001 -1.37 LAWHFS ""
4233.58 24.0 3.011 -2.88 "" ""
4233.584 21.0045 2.001 -0.86 LAWHFS ""
4233.586 21.0045 2.001 -1.34 LAWHFS ""
4233.589 21.0045 2.001 -1.15 LAWHFS ""
4233.591 21.0045 2.001 -1.41 LAWHFS ""
4233.593 21.0045 2.001 -1.55 LAWHFS ""
4233.595 21.0045 2.001 -1.61 LAWHFS ""
4233.596 21.0045 2.001 -2.27 LAWHFS ""
4233.598 21.0045 2.001 -3.51 LAWHFS ""
4233.6 21.0045 2.001 -1.56 LAWHFS ""
4233.6 21.0045 2.001 -1.86 LAWHFS ""
4233.602 21.0045 2.001 -1.37 LAWHFS ""
4233.603 21.0045 2.001 -1.34 LAWHFS ""
4233.603 26.0 2.482 -0.6 RUF14 ""
4233.604 21.0045 2.001 -1.41 LAWHFS ""
4233.604 21.0045 2.001 -1.61 LAWHFS ""
4233.623 25.1 5.376 -5.15 "" ""
4233.63 24.0 4.609 -3.41 "" ""
4233.659 20.0 6.03 -3.61 "" ""
4233.668 607.01214 3.097 -1.752 7.724 1213Rb0165
4233.7 20.0 6.03 -3.2 "" ""
4233.702 106.00113 1.903 -2.263 3.464 AX43P255
4233.715 27.0 3.927 -3.11 "" ""
4233.723 106.00112 0.778 -4.004 3.464 AX22R085
4233.723 607.01214 3.097 -4.537 7.724 1213Qd0175
4233.783 106.00113 1.903 -4.495 3.464 AX43Q245
4233.787 106.00112 1.29 -4.231 3.464 AX33R145
4233.84 607.01214 3.097 -1.733 7.724 1213Ra0175
4233.855 22.0 3.125 -2.65 "" ""
4233.878 106.00113 1.903 -2.341 3.464 AX43P245
4233.913 106.00113 1.204 -8.519 3.464 CX03P115
4233.957 26.0 4.175 -3.74 "" ""
4233.959 58.1 0.634 -1.44 LAWLER ""
4233.973 106.00113 0.775 -4.004 3.464 AX22R085
4233.974 42.0 3.387 -1.2 "" ""
4233.982 27.0 0.0 -3.47 "" ""
4233.998 23.0 1.944 -0.02 "" ""
4234.003 23.0 0.04 -2.11 "" ""
4234.003 23.1 5.863 -2.26 "" ""
4234.016 22.0 2.248 -4.27 "" ""
4234.026 607.01214 3.09 -1.772 7.724 1213Rb0155
4234.033 106.00113 1.286 -4.231 3.464 AX33R145
4234.034 26.0 3.571 -3.87 "" ""
4234.056 68.1 2.098 -1.6 LAWLER ""
4234.075 26.0 4.257 -2.86 "" ""
4234.079 607.01214 3.09 -4.509 7.724 1213Qd0165
4234.145 106.00112 0.778 -3.977 3.464 AX22R085
4234.167 60.1 0.182 -0.99 "" ""
4234.18 607.01214 3.09 -1.752 7.724 1213Ra0165
4234.185 21.0 2.336 -2.81 "" ""
4234.21 58.1 0.521 -0.64 LAWLER ""
4234.219 24.0 3.665 -2.83 "" ""
4234.256 23.1 1.684 -2.03 "" ""
4234.294 27.1 3.457 -6.58 "" ""
4234.296 20.0 6.031 -3.21 "" ""
4234.344 74.0 2.386 -0.23 "" ""
4234.355 20.0 5.979 -3.82 "" ""
4234.391 106.00113 0.776 -3.977 3.464 AX22R085
4234.403 607.01214 3.083 -1.795 7.724 1213Rb0145
4234.43 24.0 4.436 -1.28 "" ""
4234.445 106.00112 1.595 -8.483 3.464 CX03P195
4234.452 20.0 5.979 -3.12 "" ""
4234.452 607.01214 3.083 -4.479 7.724 1213Qd0155
4234.475 24.0 3.119 -1.19 "" ""
4234.522 23.0 0.0 -2.13 "" ""
4234.54 607.01214 3.083 -1.773 7.724 1213Ra0155
4234.549 23.1 3.756 -1.16 "" ""
4234.549 26.0 3.544 -2.58 "" ""
4234.57 62.1 0.434 -0.64 LAWLER ""
4234.607 24.0 2.542 -6.43 "" ""
4234.624 40.0 0.632 -1.11 "" ""
4234.652 22.0 1.878 -1.74 LAWLER ""
4234.689 23.1 1.678 -5.96 "" ""
4234.728 58.1 0.822 -0.89 LAWLER ""
4234.781 68.1 0.669 -1.51 LAWLER ""
4234.794 24.0 3.836 -1.63 "" ""
4234.832 106.00113 1.648 -5.672 3.464 AX43P205
4234.834 66.0 2.018 0.62 "" ""
4234.843 607.01214 3.077 -4.447 7.724 1213Qd0145
4234.886 607.01214 3.077 -1.82 7.724 1213Rb0135
4234.975 607.01214 3.077 -1.795 7.724 1213Ra0145
4234.987 106.00113 1.852 -10.535 3.464 CX04R205
4235.016 106.00112 1.848 -2.335 3.464 AX43P245
4235.039 42.0 2.621 -1.48 "" ""
4235.064 106.00112 1.848 -4.525 3.464 AX43Q235
4235.07 64.1 1.101 -1.53 LAWLER ""
4235.142 25.0 2.918 -0.26 "" ""
4235.15 106.00113 1.477 -8.512 3.464 CX03P175
4235.169 106.00112 1.848 -2.415 3.464 AX43P235
4235.183 68.0 0.624 -0.62 "" ""
4235.234 607.01214 3.071 -1.847 7.724 1213Rb0125
4235.251 22.0 2.504 -7.45 "" ""
4235.251 607.01214 3.071 -4.414 7.724 1213Qd0135
4235.281 21.0 1.994 -2.3 "" ""
4235.281 28.0 4.232 -1.47 "" ""
4235.295 25.0 2.886 0.17 "" ""
4235.326 24.0 2.985 -8.92 "" ""
4235.335 607.01214 3.071 -1.82 7.724 1213Ra0135
4235.356 24.0 3.884 -3.7 "" ""
4235.386 26.0 3.394 -1.68 "" ""
4235.424 106.00112 1.914 -4.644 3.464 AX33R255
4235.444 24.0 4.446 -2.74 "" ""
4235.464 90.0 0.0 -1.56 "" ""
4235.501 24.0 4.851 -2.54 "" ""
4235.523 24.0 4.437 -0.8 "" ""
4235.54 28.0 4.15 -1.66 "" ""
4235.546 20.0 4.776 -3.9 "" ""
4235.611 106.00112 0.409 -3.872 3.464 AX11R065
4235.634 26.0 2.557 -4.19 "" ""
4235.646 607.01214 3.066 -1.877 7.724 1213Rb0115
4235.675 607.01214 3.066 -4.379 7.724 1213Qd0125
4235.691 106.00113 1.501 -1.33 3.464 AX22R235
4235.726 26.0 3.271 -6.24 "" ""
4235.73 39.1 0.13 -1.27 Biemont11 ""
4235.741 607.01214 3.066 -1.847 7.724 1213Ra0125
4235.758 23.0 1.941 -0.23 LAWNOHFS ""
4235.783 106.00113 1.501 -1.337 3.464 AX22R225
4235.789 106.00113 1.243 -8.526 3.464 CX03P125
4235.815 26.0 4.188 -2.63 "" ""
4235.818 106.00112 1.172 -8.508 3.464 CX03P105
4235.821 26.0 2.402 -3.77 "" ""
4235.826 23.1 6.474 -1.93 "" ""
4235.839 106.00113 1.501 -3.688 3.464 AX22Q235
4235.846 23.1 5.86 -2.69 "" ""
4235.864 106.00112 0.41 -3.851 3.464 AX11R065
4235.864 106.00112 0.785 -2.024 3.464 BX11P155
4235.876 64.1 1.614 -0.44 "" ""
4235.88 62.1 0.543 -1.98 LAWLER ""
4235.884 27.0 3.729 -2.26 "" ""
4235.891 23.1 3.75 -2.21 "" ""
4235.921 23.0 2.294 -3.49 "" ""
4235.924 106.00112 0.785 -6.956 3.464 BX11Q155
4235.934 39.0 0.066 -0.49 "" ""
4235.936 26.0 2.424 -0.34 "" ""
4235.946 73.1 3.081 1.08 "" ""
4235.947 106.00113 0.408 -3.872 3.464 AX11R065
4235.963 26.0 3.329 -1.61 "" ""
4235.986 27.1 5.118 -4.0 "" ""
4235.997 24.0 3.008 -1.27 "" ""
4236.0 106.00113 1.57 -1.326 3.464 AX22R245
4236.015 106.00113 1.435 -1.336 3.464 AX22R225
4236.016 58.1 0.587 -0.62 LAWLER ""
4236.032 40.0 1.365 -0.28 "" ""
4236.037 92.0 0.077 -0.82 "" ""
4236.041 42.0 3.245 -1.62 "" ""
4236.044 106.00112 0.786 -2.092 3.464 BX11P165
4236.079 607.01214 3.061 -1.91 7.724 1213Rb0105
4236.09 106.00113 1.435 -1.345 3.464 AX22R215
4236.107 106.00113 1.57 -1.331 3.464 AX22R235
4236.113 106.00112 0.27 -1.444 3.464 AX00R115
4236.114 607.01214 3.061 -4.341 7.724 1213Qd0115
4236.119 106.00112 1.508 -1.33 3.464 AX22R235
4236.136 106.00112 1.507 -1.337 3.464 AX22R225
4236.15 59.1 0.204 -0.83 LINOHFS ""
4236.153 106.00113 1.435 -3.664 3.464 AX22Q225
4236.158 106.00113 1.57 -3.711 3.464 AX22Q245
4236.161 607.01214 3.061 -1.877 7.724 1213Ra0115
4236.18 23.0 2.614 -3.85 "" ""
4236.196 106.00113 0.408 -3.851 3.464 AX11R065
4236.209 106.00112 1.508 -3.687 3.464 AX22Q235
4236.232 25.1 5.414 -5.43 "" ""
4236.232 75.0 2.023 -1.44 "" ""
4236.238 23.0 2.33 -3.33 "" ""
4236.244 27.0 3.729 -4.48 "" ""
4236.246 106.00112 1.441 -1.336 3.464 AX22R225
4236.256 106.00112 0.27 -1.412 3.464 AX00R125
4236.257 106.00112 1.441 -1.345 3.464 AX22R215
4236.28 23.1 5.863 -1.69 "" ""
4236.294 106.00112 0.27 -3.336 3.464 AX00Q125
4236.334 106.00112 1.441 -3.664 3.464 AX22Q225
4236.354 58.1 1.087 -0.56 LAWLER ""
4236.358 106.00113 1.903 -4.575 3.464 AX33R255
4236.361 28.0 4.102 -1.05 "" ""
4236.379 24.1 3.101 -3.3 "" ""
4236.433 20.0 2.521 -6.22 LAWLER ""
4236.434 26.1 7.467 -4.69 "" ""
4236.492 106.00113 0.268 -1.444 3.464 AX00R115
4236.532 607.01214 3.057 -1.946 7.724 1213Rb0095
4236.536 20.0 4.677 -2.97 "" ""
4236.549 40.0 0.0 -2.11 "" ""
4236.567 607.01214 3.057 -4.301 7.724 1213Qd0105
4236.595 22.0 3.137 -3.8 "" ""
4236.599 106.00113 1.425 -8.52 3.464 CX03P165
4236.607 607.01214 3.057 -1.91 7.724 1213Ra0105
4236.609 40.1 1.758 -1.5 "" ""
4236.616 23.0 0.3 -3.0 LAWNOHFS ""
