wavelength species excitation loggf disassociation_energy comment
3891.24 607.01214 2.399 -0.33 7.724 0909Pb0325
3891.246 23.1 6.161 -2.6 "" ""
3891.254 23.1 1.678 -2.35 "" ""
3891.263 607.01214 2.399 -3.648 7.724 0909Qc0325
3891.292 106.00113 1.675 -2.435 3.464 AX21R285
3891.292 607.01214 2.399 -0.316 7.724 0909Pa0335
3891.294 41.0 0.086 -0.85 "" ""
3891.315 106.00113 1.675 -5.197 3.464 AX21Q295
3891.323 106.00112 0.992 -6.019 3.464 AX10R235
3891.382 106.00112 0.46 -7.298 3.464 AX21P085
3891.384 106.00112 0.992 -4.111 3.464 AX10Q245
3891.385 40.0 0.154 -0.1 "" ""
3891.408 106.00112 0.46 -5.311 3.464 AX21Q085
3891.424 106.00112 0.992 -4.321 3.464 AX10Q235
3891.426 44.0 2.006 -0.74 "" ""
3891.472 607.01214 2.387 -1.087 7.724 1010Ra0045
3891.485 106.00112 0.992 -7.287 3.464 AX10P245
3891.51 60.1 0.742 -0.14 LAWLER ""
3891.603 607.01314 2.343 -2.84 7.724 1010Qc0045
3891.607 607.01314 2.343 -1.109 7.724 1010Pa0055
3891.614 25.0 4.229 -1.54 "" ""
3891.615 106.00113 0.458 -5.529 3.464 AX21Q075
3891.626 607.01314 2.343 -1.198 7.724 1010Pb0045
3891.64 607.01214 2.387 -1.177 7.724 1010Rb0035
3891.64 607.01214 2.387 -2.822 7.724 1010Qd0045
3891.642 106.00113 0.458 -6.225 3.464 AX21R075
3891.672 27.0 3.62 -0.84 "" ""
3891.685 92.1 1.054 -0.72 "" ""
3891.696 28.0 3.603 -3.42 "" ""
3891.705 28.0 3.703 -2.27 "" ""
3891.726 90.0 1.387 -0.53 "" ""
3891.753 26.0 2.607 -4.82 "" ""
3891.769 58.1 0.587 -1.18 "" ""
3891.776 56.1 2.51 0.28 "" ""
3891.777 28.0 4.15 -1.67 "" ""
3891.792 23.0 2.579 -3.53 "" ""
3891.802 92.0 0.87 0.28 "" ""
3891.817 42.0 3.697 -1.0 "" ""
3891.845 106.00113 0.458 -7.307 3.464 AX21P085
3891.848 24.0 3.09 -4.37 "" ""
3891.862 66.1 2.057 0.54 "" ""
3891.863 22.0 1.878 -3.52 "" ""
3891.872 106.00113 0.458 -5.31 3.464 AX21Q085
3891.873 607.01214 2.414 -0.316 7.724 0909Pb0335
3891.9 106.00113 0.986 -6.019 3.464 AX10R235
3891.903 607.01214 2.414 -3.66 7.724 0909Qc0335
3891.906 12.0 7.165 0.26 "" ""
3891.917 22.0 1.738 -4.13 "" ""
3891.927 26.0 3.412 -0.57 "" ""
3891.933 607.01214 2.414 -0.302 7.724 0909Pa0345
3891.936 22.0 2.493 -6.0 "" ""
3891.951 106.00113 0.986 -4.111 3.464 AX10Q245
3891.959 62.0 0.036 -2.19 "" ""
3891.96 24.0 2.965 -3.05 "" ""
3891.969 607.01214 2.386 -1.177 7.724 1010Ra0035
3891.974 28.0 3.594 -4.47 "" ""
3891.979 23.1 1.427 -4.77 "" ""
3891.998 106.00113 0.986 -4.321 3.464 AX10Q235
3892.002 26.0 2.988 -4.38 "" ""
3892.01 26.0 4.217 -3.41 "" ""
3892.016 40.0 1.883 0.08 "" ""
3892.022 106.00113 0.458 -5.529 3.464 AX21Q075
3892.048 106.00113 0.458 -6.235 3.464 AX21R075
3892.048 106.00113 0.986 -7.287 3.464 AX10P245
3892.056 60.1 1.456 0.69 "" ""
3892.105 23.0 3.085 -2.03 "" ""
3892.116 607.01314 2.345 -2.92 7.724 1010Qc0055
3892.119 27.0 2.54 -1.35 LAWNHFS ""
3892.121 607.01314 2.345 -1.036 7.724 1010Pa0065
3892.123 607.01214 2.386 -2.723 7.724 1010Qd0035
3892.128 607.01214 2.386 -1.29 7.724 1010Rb0025
3892.13 22.0 1.442 -3.21 "" ""
3892.139 106.00113 1.646 -5.452 3.464 AX53R205
3892.144 607.01314 2.345 -1.109 7.724 1010Pb0055
3892.161 106.00112 0.489 -5.309 3.464 AX21Q085
3892.167 24.1 5.315 -2.17 "" ""
3892.174 106.00112 0.489 -6.157 3.464 AX21R085
3892.182 106.00113 1.646 -3.552 3.464 AX53Q205
3892.189 106.00113 1.646 -3.3 3.464 AX53Q215
3892.197 27.0 2.868 -2.83 "" ""
3892.211 106.00113 0.458 -7.298 3.464 AX21P085
3892.221 24.0 4.093 -3.13 "" ""
3892.225 44.0 0.997 -0.8 "" ""
3892.233 106.00113 1.646 -6.923 3.464 AX53P215
3892.237 106.00113 0.458 -5.31 3.464 AX21Q085
3892.291 42.0 2.274 -2.12 "" ""
3892.308 26.0 3.544 -1.88 "" ""
3892.308 90.1 0.774 -1.75 "" ""
3892.337 106.00112 1.441 -7.141 3.464 AX42P215
3892.354 12.0 4.343 -3.65 "" ""
3892.364 106.00112 0.489 -7.347 3.464 AX21P095
3892.377 106.00112 0.489 -5.105 3.464 AX21Q095
3892.413 106.00113 0.035 -1.582 3.464 BX00Q035
3892.418 24.0 2.965 -4.98 "" ""
3892.432 106.00113 0.035 -3.816 3.464 BX00R035
3892.44 26.0 2.88 -6.8 "" ""
3892.475 72.0 2.452 -0.05 "" ""
3892.477 607.01214 2.384 -1.29 7.724 1010Ra0025
3892.499 21.1 7.418 -2.8 "" ""
3892.519 607.01214 2.429 -0.302 7.724 0909Pb0345
3892.557 607.01214 2.429 -3.671 7.724 0909Qc0345
3892.585 106.00112 0.035 -1.582 3.464 BX00Q035
3892.588 607.01214 2.429 -0.289 7.724 0909Pa0355
3892.604 106.00112 0.035 -3.816 3.464 BX00R035
3892.608 607.01214 2.384 -2.593 7.724 1010Qd0025
3892.618 607.01214 2.384 -1.446 7.724 1010Rb0015
3892.634 607.01314 2.348 -2.988 7.724 1010Qc0065
3892.637 25.0 3.37 -2.26 "" ""
3892.637 25.0 3.37 -2.82 "" ""
3892.64 607.01314 2.348 -0.973 7.724 1010Pa0075
3892.653 28.0 3.539 -4.13 "" ""
3892.657 56.0 1.412 -0.51 "" ""
3892.666 607.01314 2.348 -1.036 7.724 1010Pb0065
3892.669 106.00112 0.49 -5.309 3.464 AX21Q085
3892.682 106.00112 0.49 -6.169 3.464 AX21R085
3892.682 92.1 0.652 -0.41 "" ""
3892.685 68.0 0.0 0.26 "" ""
3892.721 64.0 0.88 -0.5 "" ""
3892.722 74.0 1.654 -0.93 "" ""
3892.754 106.00113 0.004 -1.774 3.464 BX00P015
3892.773 44.0 2.508 -0.54 "" ""
3892.828 106.00112 0.49 -7.338 3.464 AX21P095
3892.841 106.00112 0.49 -5.105 3.464 AX21Q095
3892.856 22.0 2.406 -2.1 "" ""
3892.856 23.0 0.04 -0.96 LAWNOHFS ""
3892.872 106.00113 0.035 -3.636 3.464 BX00P045
3892.89 106.00113 0.035 -1.486 3.464 BX00Q045
3892.892 26.0 2.756 -2.98 "" ""
3892.898 66.0 0.937 0.27 "" ""
3892.925 106.00112 0.004 -1.774 3.464 BX00P015
3892.931 22.0 1.732 -6.15 "" ""
3892.944 24.0 4.385 -3.82 "" ""
3892.948 27.0 3.62 -1.0 "" ""
3892.977 106.00113 0.487 -5.309 3.464 AX21Q085
3892.982 26.0 3.263 -1.59 "" ""
3892.992 106.00113 0.487 -6.157 3.464 AX21R085
3892.996 607.01214 2.384 -1.446 7.724 1010Ra0015
3893.001 28.0 3.844 -1.57 "" ""
3893.019 73.0 1.594 -1.61 "" ""
3893.034 106.00113 1.376 -7.468 3.464 AX53P155
3893.044 106.00112 0.035 -3.636 3.464 BX00P045
3893.054 27.0 2.326 -2.42 "" ""
3893.064 106.00112 0.035 -1.486 3.464 BX00Q045
3893.096 607.01214 2.384 -2.401 7.724 1010Qd0015
3893.098 26.0 4.217 -2.71 "" ""
3893.108 607.01214 2.384 -1.702 7.724 1010Rb0005
3893.113 90.1 1.661 -0.83 "" ""
3893.125 24.0 2.911 -1.76 "" ""
3893.155 607.01314 2.352 -3.046 7.724 1010Qc0075
3893.162 607.01314 2.352 -0.919 7.724 1010Pa0085
3893.18 106.00113 0.488 -7.347 3.464 AX21P095
3893.18 607.01214 2.444 -0.289 7.724 0909Pb0355
3893.189 25.0 4.27 -1.89 "" ""
3893.192 607.01314 2.352 -0.973 7.724 1010Pb0075
3893.194 106.00113 0.488 -5.104 3.464 AX21Q095
3893.207 58.1 0.655 -0.58 "" ""
3893.226 607.01214 2.444 -3.682 7.724 0909Qc0355
3893.234 58.1 0.495 -0.95 BIEMONT ""
3893.257 607.01214 2.444 -0.276 7.724 0909Pa0365
3893.289 27.0 3.626 -0.4 "" ""
3893.304 12.0 7.165 -0.22 "" ""
3893.309 26.0 2.829 -1.51 "" ""
3893.323 42.0 2.497 -1.66 "" ""
3893.339 23.0 2.357 -3.55 "" ""
3893.352 24.0 3.407 -2.71 "" ""
3893.36 65.1 0.424 -0.84 LAWNOHFS ""
3893.375 23.0 1.847 -1.94 "" ""
3893.39 26.0 2.947 -0.48 "" ""
3893.422 90.1 1.547 -1.24 "" ""
3893.447 26.0 4.14 -2.13 "" ""
3893.453 28.0 3.603 -1.26 "" ""
3893.481 106.00113 0.488 -5.309 3.464 AX21Q085
3893.483 25.1 6.663 -4.21 "" ""
3893.489 23.0 1.802 -1.87 "" ""
3893.494 106.00113 0.488 -6.168 3.464 AX21R085
3893.5 24.0 2.87 -3.72 "" ""
3893.526 607.01214 2.383 -1.702 7.724 1010Ra0005
3893.539 27.0 2.868 -5.54 "" ""
3893.587 607.01214 2.383 -2.003 7.724 1010Qd0005
3893.622 106.00112 0.125 -4.912 3.464 AX10P075
3893.624 22.0 2.406 -1.26 "" ""
3893.638 106.00113 0.488 -7.338 3.464 AX21P095
3893.651 106.00113 0.488 -5.105 3.464 AX21Q095
3893.653 23.0 2.073 -2.44 "" ""
3893.666 106.00112 0.125 -6.744 3.464 AX10Q075
3893.68 607.01314 2.355 -3.097 7.724 1010Qc0085
3893.688 607.01314 2.355 -0.87 7.724 1010Pa0095
3893.703 40.0 1.581 -0.33 "" ""
3893.72 106.00112 0.522 -5.104 3.464 AX21Q095
3893.721 106.00112 0.522 -6.091 3.464 AX21R095
3893.721 607.01314 2.355 -0.919 7.724 1010Pb0085
3893.725 41.0 0.049 -1.72 "" ""
3893.734 26.0 3.926 -4.51 "" ""
3893.765 23.0 2.357 -4.13 "" ""
3893.792 25.1 4.932 -5.68 "" ""
3893.849 58.1 0.976 -0.62 "" ""
3893.856 607.01214 2.46 -0.276 7.724 0909Pb0365
3893.901 106.00112 0.522 -7.413 3.464 AX21P105
3893.902 106.00112 0.522 -4.909 3.464 AX21Q105
3893.905 106.00112 0.126 -4.837 3.464 AX10P085
3893.912 26.0 2.431 -1.86 "" ""
3893.944 24.0 3.847 -1.73 "" ""
3893.964 21.0 1.864 -2.58 "" ""
3893.993 28.0 3.541 -3.32 "" ""
3894.009 42.0 3.273 -1.64 "" ""
3894.012 26.0 3.298 -0.93 "" ""
3894.034 24.0 0.96 -1.65 SOBECK ""
3894.035 23.0 2.252 -1.71 "" ""
3894.035 41.0 1.368 -0.95 "" ""
3894.049 106.00112 0.126 -4.911 3.464 AX10P075
3894.06 62.1 0.378 -1.0 LAWLER ""
3894.062 27.0059 1.048 -1.268 Lawle15HFS ""
3894.062 27.0059 1.048 -1.656 Lawle15HFS ""
3894.063 27.0059 1.048 -1.013 Lawle15HFS ""
3894.067 27.0059 1.048 -0.815 Lawle15HFS ""
3894.069 27.0059 1.048 -1.401 Lawle15HFS ""
3894.073 27.0059 1.048 -0.651 Lawle15HFS ""
3894.073 27.0059 1.048 -1.213 Lawle15HFS ""
3894.073 27.0059 1.048 -1.686 Lawle15HFS ""
3894.077 26.0 3.015 -4.93 "" ""
3894.079 27.0059 1.048 -1.122 Lawle15HFS ""
3894.08 27.0059 1.048 -0.51 Lawle15HFS ""
3894.081 27.0059 1.048 -1.656 Lawle15HFS ""
3894.086 27.0059 1.048 -1.1 Lawle15HFS ""
3894.09 27.0059 1.048 -1.707 Lawle15HFS ""
3894.093 106.00112 0.126 -6.758 3.464 AX10Q075
3894.095 27.0059 1.048 -1.154 Lawle15HFS ""
3894.101 27.0059 1.048 -1.832 Lawle15HFS ""
3894.106 27.0059 1.048 -1.35 Lawle15HFS ""
3894.114 27.0059 1.048 -2.054 Lawle15HFS ""
3894.12 106.00112 0.994 -4.112 3.464 AX10Q245
3894.121 92.0 0.0 -0.27 "" ""
3894.129 27.0059 1.048 -2.465 Lawle15HFS ""
3894.14 23.0 2.027 -1.62 "" ""
3894.165 106.00112 0.994 -6.046 3.464 AX10R235
3894.181 22.1 4.947 -2.06 "" ""
3894.2 46.0 1.452 -0.53 "" ""
3894.21 607.01314 2.359 -3.143 7.724 1010Qc0095
3894.214 22.1 4.906 -3.8 "" ""
3894.218 607.01314 2.359 -0.827 7.724 1010Pa0105
3894.221 106.00112 0.994 -7.262 3.464 AX10P245
3894.253 44.0 1.418 -1.65 "" ""
3894.255 607.01314 2.359 -0.87 7.724 1010Pb0095
3894.266 106.00112 0.994 -4.322 3.464 AX10Q235
3894.291 106.00112 0.126 -4.837 3.464 AX10P085
3894.292 58.1 0.536 -1.31 LAWLER ""
3894.336 106.00112 0.523 -5.103 3.464 AX21Q095
3894.337 106.00112 0.523 -6.103 3.464 AX21R095
3894.433 106.00113 1.377 -7.514 3.464 AX53P155
3894.457 22.0 2.66 -3.35 "" ""
3894.46 106.00113 1.648 -3.3 3.464 AX53Q215
3894.467 106.00112 0.523 -7.402 3.464 AX21P105
3894.469 106.00112 0.523 -4.91 3.464 AX21Q105
3894.478 26.0 3.209 -2.38 "" ""
3894.492 106.00113 1.648 -5.477 3.464 AX53R205
3894.501 106.00113 0.125 -4.912 3.464 AX10P075
3894.507 106.00113 1.648 -6.9 3.464 AX53P215
3894.517 106.00113 0.52 -5.103 3.464 AX21Q095
3894.519 106.00113 0.52 -6.091 3.464 AX21R095
3894.526 66.0 1.488 0.27 "" ""
3894.539 106.00113 1.648 -3.552 3.464 AX53Q205
3894.545 106.00113 0.125 -6.744 3.464 AX10Q075
3894.554 24.0 4.613 -0.37 "" ""
3894.584 25.1 4.933 -5.11 "" ""
3894.584 607.01214 2.384 -2.003 7.724 1010Qc0005
3894.585 607.01214 2.384 -1.703 7.724 1010Pa0015
3894.589 23.0 3.087 -4.32 "" ""
3894.612 24.0 3.886 -3.27 "" ""
3894.62 60.1 0.064 -0.56 LAWLER ""
3894.628 106.00112 1.443 -7.202 3.464 AX42P215
3894.64 106.00113 1.678 -2.349 3.464 AX21R295
3894.651 106.00113 0.988 -4.112 3.464 AX10Q245
3894.667 22.0 2.248 -5.32 "" ""
3894.69 64.1 0.0 -0.58 LAWLER ""
3894.697 106.00113 0.52 -7.413 3.464 AX21P105
3894.698 41.0 0.049 -1.89 "" ""
3894.699 106.00113 0.52 -4.909 3.464 AX21Q105
3894.704 106.00113 0.988 -6.046 3.464 AX10R235
3894.73 25.0 3.37 -1.34 "" ""
3894.743 607.01314 2.364 -3.184 7.724 1010Qc0105
3894.746 27.0 3.565 -0.99 "" ""
3894.748 106.00113 0.988 -7.262 3.464 AX10P245
3894.752 607.01314 2.364 -0.787 7.724 1010Pa0115
3894.77 106.00113 1.678 -5.154 3.464 AX21Q295
3894.784 106.00113 0.125 -4.837 3.464 AX10P085
3894.792 607.01314 2.364 -0.827 7.724 1010Pb0105
3894.793 26.0 4.28 -3.8 "" ""
3894.796 106.00113 0.409 -1.47 3.464 BX00R145
3894.798 21.0 1.849 -5.18 "" ""
3894.802 106.00113 0.988 -4.322 3.464 AX10Q235
3894.816 106.00113 1.678 -2.435 3.464 AX21R285
3894.818 20.0 5.724 -2.74 "" ""
3894.889 106.00113 0.052 -1.487 3.464 BX00Q045
3894.912 106.00113 0.052 -3.893 3.464 BX00R045
3894.924 106.00113 0.125 -4.911 3.464 AX10P075
3894.931 106.00113 0.409 -6.794 3.464 BX00Q155
3894.968 106.00113 0.125 -6.758 3.464 AX10Q075
3894.973 27.0 3.295 -5.47 "" ""
3894.977 21.0 2.301 -0.33 "" ""
3894.977 27.0 0.629 -1.43 LAWNHFS ""
3894.988 106.00113 0.409 -1.462 3.464 BX00R155
3895.024 26.0 4.1 -3.79 "" ""
3895.034 26.0 3.544 -5.05 "" ""
3895.077 106.00112 0.052 -1.487 3.464 BX00Q045
3895.087 607.01214 2.384 -1.448 7.724 1010Pa0025
3895.09 607.01214 2.384 -2.401 7.724 1010Qc0015
3895.101 106.00112 0.052 -3.893 3.464 BX00R045
3895.113 58.1 0.417 -0.3 BIEMONT ""
3895.123 24.1 4.94 -3.1 "" ""
3895.126 106.00113 0.521 -5.103 3.464 AX21Q095
3895.126 23.0 1.954 -3.61 "" ""
3895.127 106.00113 0.521 -6.103 3.464 AX21R095
3895.158 106.00112 0.411 -1.47 3.464 BX00R145
3895.158 607.01214 2.384 -1.703 7.724 1010Pb0015
3895.165 106.00113 0.125 -4.837 3.464 AX10P085
3895.177 24.1 4.757 -3.15 "" ""
3895.18 76.0 1.886 -1.55 "" ""
3895.182 106.00112 0.681 -5.844 3.464 AX32R035
3895.23 64.1 0.522 -1.07 LAWLER ""
3895.232 26.0 3.651 -3.0 "" ""
3895.234 106.00112 0.681 -5.832 3.464 AX32R035
3895.243 22.0 2.039 0.04 "" ""
3895.249 106.00113 0.052 -3.75 3.464 BX00P055
3895.257 106.00113 0.521 -4.909 3.464 AX21Q105
3895.257 106.00113 0.521 -7.402 3.464 AX21P105
3895.265 106.00112 0.411 -6.794 3.464 BX00Q155
3895.27 92.1 0.548 -1.0 "" ""
3895.271 106.00113 0.052 -1.41 3.464 BX00Q055
3895.28 607.01314 2.369 -3.222 7.724 1010Qc0115
3895.288 106.00112 1.069 -5.941 3.464 AX10R245
3895.29 607.01314 2.369 -0.751 7.724 1010Pa0125
3895.294 23.1 6.286 -4.74 "" ""
3895.333 607.01314 2.369 -0.787 7.724 1010Pb0115
3895.334 106.00112 0.411 -1.462 3.464 BX00R155
3895.338 23.0 2.038 -1.88 "" ""
3895.346 106.00112 1.069 -3.922 3.464 AX10Q255
3895.372 66.1 1.75 -0.01 "" ""
3895.375 60.1 1.41 0.12 "" ""
3895.395 106.00112 1.069 -4.112 3.464 AX10Q245
3895.419 90.0 0.966 0.14 "" ""
3895.42 62.1 0.659 -1.64 LAWLER ""
3895.426 26.0 3.289 -1.68 "" ""
3895.438 106.00112 0.053 -3.75 3.464 BX00P055
3895.453 106.00112 1.069 -7.565 3.464 AX10P255
3895.461 106.00112 0.053 -1.41 3.464 BX00Q055
3895.462 106.00112 0.559 -6.025 3.464 AX21R105
3895.471 106.00112 0.559 -4.909 3.464 AX21Q105
3895.572 12.0 7.17 0.53 "" ""
3895.597 607.01214 2.386 -1.293 7.724 1010Pa0035
3895.604 607.01214 2.386 -2.593 7.724 1010Qc0025
3895.624 106.00112 0.559 -4.723 3.464 AX21Q115
3895.633 106.00112 0.559 -7.509 3.464 AX21P115
3895.656 26.0 0.11 -1.67 OBR91 ""
3895.666 28.0 3.895 -2.38 "" ""
3895.673 20.0 5.449 -2.97 "" ""
3895.689 21.1 7.425 -2.96 "" ""
3895.689 23.1 1.702 -4.86 "" ""
3895.707 607.01214 2.386 -1.448 7.724 1010Pb0025
3895.718 23.0 3.096 -1.94 "" ""
3895.742 106.00112 1.595 -5.591 3.464 AX53R195
3895.767 106.00113 1.063 -5.94 3.464 AX10R245
3895.79 64.1 1.232 -0.17 LAWLER ""
3895.803 68.1 0.886 -0.91 LAWLER ""
3895.808 106.00112 1.595 -3.827 3.464 AX53Q195
3895.813 106.00112 1.595 -3.543 3.464 AX53Q205
3895.813 106.00113 1.063 -3.922 3.464 AX10Q255
3895.822 607.01314 2.374 -3.256 7.724 1010Qc0125
3895.833 607.01314 2.374 -0.717 7.724 1010Pa0135
3895.869 106.00113 1.063 -4.112 3.464 AX10Q245
3895.878 106.00112 1.595 -7.692 3.464 AX53P205
3895.879 607.01314 2.374 -0.751 7.724 1010Pb0125
3895.886 23.0 2.096 -2.12 "" ""
3895.903 41.0 1.169 -0.59 "" ""
3895.915 106.00113 1.063 -7.565 3.464 AX10P255
3895.925 106.00113 0.679 -5.844 3.464 AX32R035
3895.976 106.00113 0.679 -5.832 3.464 AX32R035
3895.982 23.1 6.277 -3.82 "" ""
3896.008 24.0 3.085 -4.4 "" ""
3896.02 65.1 0.426 -0.41 LAWNOHFS ""
3896.036 26.0 2.174 -8.22 "" ""
3896.059 23.0 2.262 -6.54 "" ""
3896.066 26.0 4.281 -1.19 "" ""
3896.103 26.1 2.64 -4.04 "" ""
3896.106 75.0 2.537 -0.47 "" ""
3896.118 607.01214 2.387 -1.181 7.724 1010Pa0045
3896.124 607.01214 2.387 -2.723 7.724 1010Qc0035
3896.138 23.1 1.399 -1.42 LAWNOHFS ""
3896.14 60.1 0.38 -0.85 LAWLER ""
3896.145 23.0 1.08 -1.13 LAWNOHFS ""
3896.15 21.1 7.434 -3.2 "" ""
3896.15 28.0 3.541 -4.29 "" ""
3896.193 106.00112 0.559 -6.039 3.464 AX21R105
3896.202 106.00112 0.559 -4.909 3.464 AX21Q105
3896.204 106.00112 1.683 -2.347 3.464 AX21R295
3896.227 106.00112 1.683 -2.433 3.464 AX21R285
3896.234 68.1 0.055 -0.12 LAWLER ""
3896.236 106.00113 0.556 -6.025 3.464 AX21R105
3896.245 106.00113 0.556 -4.909 3.464 AX21Q105
3896.255 25.0 3.761 -5.68 "" ""
3896.257 607.01214 2.387 -1.294 7.724 1010Pb0035
3896.277 106.00112 1.683 -5.196 3.464 AX21Q295
3896.281 25.0 4.675 -1.58 "" ""
3896.292 25.0 4.662 -1.84 "" ""
3896.292 25.0 4.662 -1.93 "" ""
3896.302 106.00112 0.559 -4.723 3.464 AX21Q115
3896.311 106.00112 0.559 -7.497 3.464 AX21P115
3896.338 106.00113 0.01 -1.775 3.464 BX00P015
3896.343 106.00113 0.01 -4.175 3.464 BX00Q015
3896.349 26.0 3.684 -3.45 "" ""
3896.368 607.01314 2.38 -3.288 7.724 1010Qc0135
3896.38 607.01314 2.38 -0.686 7.724 1010Pa0145
3896.385 42.0 2.513 -1.81 "" ""
3896.388 22.0 1.738 -4.55 "" ""
3896.398 106.00112 0.052 -7.327 3.464 AX10P045
3896.398 106.00113 0.556 -4.723 3.464 AX21Q115
3896.406 106.00113 0.556 -7.509 3.464 AX21P115
3896.41 64.1 0.662 -1.63 LAWLER ""
3896.428 607.01314 2.38 -0.717 7.724 1010Pb0135
3896.472 24.0 2.542 -4.89 "" ""
3896.481 26.0 3.981 -1.77 "" ""
3896.53 106.00112 0.01 -1.775 3.464 BX00P015
3896.535 40.0 0.071 -1.53 "" ""
3896.536 106.00112 0.01 -4.175 3.464 BX00Q015
3896.582 106.00112 0.052 -7.342 3.464 AX10P045
3896.593 42.0 2.834 -1.67 "" ""
3896.599 28.0 4.085 -2.83 "" ""
3896.609 27.0 2.079 -3.68 "" ""
3896.617 69.0 0.0 -1.3 "" ""
3896.633 26.0 3.651 -5.82 "" ""
3896.633 58.1 0.327 -1.59 LAWLER ""
3896.637 24.0 3.435 -1.96 "" ""
3896.65 607.01214 2.39 -1.092 7.724 1010Pa0055
3896.652 607.01214 2.39 -2.823 7.724 1010Qc0045
3896.66 24.0 3.887 -1.85 "" ""
3896.725 25.0 4.191 -2.08 "" ""
3896.726 25.0 4.357 -2.41 "" ""
3896.745 26.1 6.514 -4.77 "" ""
3896.76 28.0 3.793 -0.84 "" ""
3896.775 92.1 0.568 -0.6 "" ""
3896.782 23.0 1.891 -0.01 "" ""
3896.802 58.1 0.559 -0.27 LAWLER ""
3896.807 607.01214 2.39 -1.181 7.724 1010Pb0045
3896.839 24.0 4.385 -3.42 "" ""
3896.85 42.0 2.621 -1.34 "" ""
3896.896 22.0 2.248 -5.25 "" ""
3896.919 607.01314 2.386 -3.317 7.724 1010Qc0145
3896.928 25.0 3.761 -4.05 "" ""
3896.932 607.01314 2.386 -0.657 7.724 1010Pa0155
3896.958 106.00113 0.557 -6.038 3.464 AX21R105
3896.969 106.00113 0.557 -4.908 3.464 AX21Q105
3896.97 62.1 0.04 -0.67 LAWLER ""
3896.982 607.01314 2.386 -0.686 7.724 1010Pb0145
3897.0 24.0 2.542 -5.89 "" ""
3897.045 22.1 4.861 -3.67 "" ""
3897.055 22.0 2.266 -5.28 "" ""
3897.066 106.00113 0.557 -4.723 3.464 AX21Q115
3897.066 26.0 3.544 -4.25 "" ""
3897.077 106.00113 0.557 -7.497 3.464 AX21P115
3897.077 23.0 2.262 -1.72 "" ""
3897.132 76.0 2.619 -2.17 Quinet06 ""
3897.17 27.0 3.629 -0.89 "" ""
3897.189 607.01214 2.392 -2.903 7.724 1010Qc0055
3897.192 607.01214 2.392 -1.019 7.724 1010Pa0065
3897.24 44.0 1.13 -1.26 "" ""
3897.249 59.1 1.038 -0.02 "" ""
3897.258 92.0 0.87 0.18 "" ""
3897.26 62.1 0.659 -1.34 LAWLER ""
3897.273 106.00113 0.052 -7.327 3.464 AX10P045
3897.282 106.00113 0.011 -1.753 3.464 BX00P025
3897.31 22.0 1.995 -1.17 "" ""
3897.324 64.0 0.896 -0.32 "" ""
3897.347 22.0 2.493 -2.64 "" ""
3897.359 607.01214 2.392 -1.092 7.724 1010Pb0055
3897.407 106.00112 0.598 -5.959 3.464 AX21R115
3897.414 24.0 2.543 -3.35 "" ""
3897.423 58.1 1.273 -0.5 "" ""
3897.426 106.00112 0.598 -4.722 3.464 AX21Q115
3897.449 26.0 2.947 -1.25 "" ""
3897.455 106.00113 0.052 -7.342 3.464 AX10P045
3897.475 607.01314 2.392 -3.345 7.724 1010Qc0155
3897.48 106.00112 0.011 -1.753 3.464 BX00P025
3897.488 607.01314 2.392 -0.629 7.724 1010Pa0165
3897.493 25.0 3.132 -4.29 "" ""
3897.501 42.0 3.3 -1.05 "" ""
3897.525 106.00113 0.772 -4.506 3.464 BX10R215
3897.534 27.0 3.71 -3.3 "" ""
3897.54 607.01314 2.392 -0.657 7.724 1010Pb0155
3897.554 106.00112 0.598 -4.544 3.464 AX21Q125
3897.573 106.00112 0.598 -7.648 3.464 AX21P125
3897.575 22.0 2.015 -0.98 "" ""
3897.604 25.1 5.376 -1.7 "" ""
3897.622 106.00112 1.597 -3.543 3.464 AX53Q205
3897.632 60.1 0.204 -0.58 "" ""
3897.635 40.0 1.821 -0.1 "" ""
3897.637 106.00112 1.597 -5.615 3.464 AX53R195
3897.675 24.0 3.426 -2.31 "" ""
3897.682 23.0 2.255 -0.25 "" ""
3897.688 106.00112 1.597 -7.67 3.464 AX53P205
3897.702 106.00112 1.597 -3.828 3.464 AX53Q195
3897.705 106.00112 1.986 -5.154 3.464 CX03R265
3897.734 607.01214 2.395 -2.971 7.724 1010Qc0065
3897.743 607.01214 2.395 -0.956 7.724 1010Pa0075
3897.794 22.0 2.238 -3.4 "" ""
3897.825 106.00112 1.986 -9.054 3.464 CX03Q265
3897.849 23.1 1.127 -4.51 "" ""
3897.862 106.00113 0.073 -1.411 3.464 BX00Q055
3897.866 79.0 5.224 -0.29 "" ""
3897.879 106.00112 1.986 -5.279 3.464 CX03R255
3897.888 106.00113 0.073 -3.961 3.464 BX00R055
3897.89 26.0 2.69 -0.74 "" ""
3897.902 28.0 4.086 -3.11 "" ""
3897.913 607.01214 2.395 -1.019 7.724 1010Pb0065
3897.977 26.0 3.692 -3.65 "" ""
3897.978 23.0 2.314 0.47 "" ""
3897.992 106.00112 0.776 -4.77 3.464 BX00R215
3898.009 26.0 1.01 -2.04 OBR91 ""
3898.035 607.01314 2.399 -3.371 7.724 1010Qc0165
3898.045 24.0 3.553 -4.26 "" ""
3898.049 607.01314 2.399 -0.603 7.724 1010Pa0175
3898.05 106.00112 0.359 -7.767 3.464 AX21P025
3898.056 25.1 5.563 -1.5 "" ""
3898.059 12.0 7.17 -0.22 "" ""
3898.07 106.00112 0.073 -1.411 3.464 BX00Q055
3898.098 106.00112 0.073 -3.961 3.464 BX00R055
3898.103 607.01314 2.399 -0.629 7.724 1010Pb0165
3898.121 106.00112 0.359 -7.765 3.464 AX21P025
3898.128 26.0 3.684 -5.08 "" ""
3898.132 23.0 1.349 -1.28 LAWNOHFS ""
3898.152 106.00113 0.073 -3.844 3.464 BX00P065
3898.156 25.0 4.35 -3.34 "" ""
3898.157 106.00113 0.596 -5.959 3.464 AX21R115
3898.175 106.00113 0.596 -4.722 3.464 AX21Q115
3898.179 106.00113 0.073 -1.348 3.464 BX00Q065
3898.222 26.0 4.47 -3.71 "" ""
3898.243 26.0 4.227 -3.66 "" ""
3898.263 106.00112 0.599 -5.973 3.464 AX21R115
3898.263 58.1 0.47 -0.34 LAWLER ""
3898.264 106.00112 1.071 -3.923 3.464 AX10Q255
3898.281 106.00112 0.599 -4.722 3.464 AX21Q115
3898.288 607.01214 2.398 -3.029 7.724 1010Qc0075
3898.29 41.1 1.7 -0.69 Nilsson10 ""
3898.294 27.0 3.277 -4.64 "" ""
3898.3 607.01214 2.398 -0.902 7.724 1010Pa0085
3898.301 106.00112 0.359 -8.521 3.464 AX21Q025
3898.302 106.00113 0.596 -4.544 3.464 AX21Q125
3898.314 106.00112 1.071 -5.968 3.464 AX10R245
3898.32 106.00113 0.596 -7.647 3.464 AX21P125
3898.344 25.0 4.191 -0.51 "" ""
3898.352 106.00112 0.599 -4.544 3.464 AX21Q125
3898.361 106.00112 0.074 -3.844 3.464 BX00P065
3898.361 44.0 1.002 -1.62 "" ""
3898.367 21.1 4.832 -2.43 "" ""
3898.369 106.00112 1.071 -7.54 3.464 AX10P255
3898.37 106.00112 0.599 -7.635 3.464 AX21P125
3898.372 106.00112 0.359 -8.528 3.464 AX21Q025
3898.389 106.00112 0.074 -1.348 3.464 BX00Q065
3898.419 106.00113 1.531 -8.907 3.464 CX03R195
3898.42 106.00112 1.071 -4.112 3.464 AX10Q245
3898.437 90.0 0.355 -1.3 "" ""
3898.447 106.00112 0.156 -4.821 3.464 AX10P085
3898.455 26.0 4.206 -3.45 "" ""
3898.468 23.0 2.252 -0.63 "" ""
3898.469 607.01214 2.398 -0.956 7.724 1010Pb0075
3898.474 106.00112 0.156 -6.828 3.464 AX10Q085
3898.489 22.0 0.0 -2.2 LAWLER ""
3898.489 27.0 1.881 -1.74 LAWNHFS ""
3898.51 90.0 1.393 -0.43 "" ""
3898.512 25.0 3.133 -3.92 "" ""
3898.522 28.0 3.793 -1.34 "" ""
3898.53 66.1 0.59 0.23 LAWLER ""
3898.542 26.0 3.684 -5.86 "" ""
3898.545 41.0 0.267 -1.3 "" ""
3898.553 23.1 5.875 -3.46 "" ""
3898.592 57.0 0.0 -1.24 "" ""
3898.6 607.01314 2.407 -3.395 7.724 1010Qc0175
3898.605 106.00113 0.77 -4.77 3.464 BX00R215
3898.615 607.01314 2.407 -0.579 7.724 1010Pa0185
3898.67 58.1 0.529 -1.53 LAWLER ""
3898.67 607.01314 2.407 -0.603 7.724 1010Pb0175
3898.686 106.00112 0.157 -4.757 3.464 AX10P095
3898.692 106.00113 1.065 -3.923 3.464 AX10Q255
3898.753 106.00113 1.065 -5.968 3.464 AX10R245
3898.794 106.00113 1.065 -7.54 3.464 AX10P255
3898.85 607.01214 2.402 -3.08 7.724 1010Qc0085
3898.855 106.00113 1.065 -4.112 3.464 AX10Q245
3898.864 607.01214 2.402 -0.853 7.724 1010Pa0095
3898.865 22.0 1.429 -3.55 "" ""
3898.874 24.0 4.102 -3.77 "" ""
3898.876 106.00113 0.357 -7.767 3.464 AX21P025
3898.914 106.00112 0.359 -7.239 3.464 AX21P035
3898.941 58.1 0.232 -0.8 "" ""
3898.947 106.00113 0.358 -7.765 3.464 AX21P025
3898.969 106.00112 0.359 -7.239 3.464 AX21P035
3898.977 106.00112 0.157 -4.821 3.464 AX10P085
3898.984 27.0 4.172 -0.5 "" ""
3898.986 23.0 3.111 -2.08 "" ""
3899.0 106.00113 0.596 -5.973 3.464 AX21R115
3899.001 24.0 3.889 -2.37 "" ""
3899.004 106.00112 0.157 -6.844 3.464 AX10Q085
3899.021 106.00113 0.596 -4.722 3.464 AX21Q115
3899.029 26.0 2.452 -1.77 "" ""
3899.03 607.01214 2.402 -0.902 7.724 1010Pb0085
3899.032 68.0 1.158 0.57 "" ""
3899.088 106.00113 0.596 -4.544 3.464 AX21Q125
3899.11 106.00113 0.596 -7.635 3.464 AX21P125
3899.12 65.1159 0.373 -1.85 LAWLER ""
3899.125 106.00113 0.357 -8.521 3.464 AX21Q025
3899.128 23.1 1.803 -0.77 LAWNOHFS ""
3899.139 65.1159 0.373 -1.73 LAWLER ""
3899.142 65.1159 0.373 -0.38 LAWLER ""
3899.155 23.1 1.684 -5.56 "" ""
3899.163 65.1159 0.373 -1.85 LAWLER ""
3899.167 65.1159 0.373 -0.33 LAWLER ""
3899.169 106.00112 0.157 -4.757 3.464 AX10P095
3899.171 607.01314 2.414 -3.418 7.724 1010Qc0185
3899.187 607.01314 2.414 -0.556 7.724 1010Pa0195
3899.189 24.0 2.965 -4.81 "" ""
3899.189 65.1159 0.373 -1.85 LAWLER ""
3899.196 106.00113 0.358 -8.527 3.464 AX21Q025
3899.197 65.1159 0.373 -0.27 LAWLER ""
3899.225 65.1159 0.373 -1.73 LAWLER ""
3899.233 65.1159 0.373 -0.2 LAWLER ""
3899.234 41.0 1.893 -0.28 "" ""
3899.241 23.0 1.798 -2.02 "" ""
3899.243 607.01314 2.414 -0.579 7.724 1010Pb0185
3899.261 58.1 1.012 -0.34 BIEMONT ""
3899.268 65.1159 0.373 -1.85 LAWLER ""
3899.27 92.0 0.53 -0.06 "" ""
3899.296 106.00113 0.156 -4.821 3.464 AX10P085
3899.299 23.1 5.808 -3.36 "" ""
3899.313 25.0 4.27 -0.49 "" ""
3899.324 106.00113 0.156 -6.828 3.464 AX10Q085
3899.359 23.0 1.852 -1.11 "" ""
3899.382 58.1 0.683 -1.09 "" ""
3899.42 607.01214 2.406 -3.126 7.724 1010Qc0095
3899.434 607.01214 2.406 -0.81 7.724 1010Pa0105
3899.441 24.1 6.479 -3.92 "" ""
3899.453 26.0 2.829 -4.49 "" ""
3899.46 12.0 7.17 -1.39 "" ""
3899.46 25.0 4.675 -3.96 "" ""
3899.472 92.1 0.578 -0.9 "" ""
3899.52 22.0 2.235 -2.69 "" ""
3899.52 26.0 4.257 -3.59 "" ""
3899.534 106.00113 0.156 -4.757 3.464 AX10P095
3899.549 59.1 0.216 -1.19 "" ""
3899.573 106.00112 0.64 -5.892 3.464 AX21R125
3899.594 607.01214 2.406 -0.853 7.724 1010Pb0095
3899.6 106.00112 0.64 -4.544 3.464 AX21Q125
3899.613 23.0 2.096 -2.25 "" ""
3899.646 106.00112 1.686 -2.348 3.464 AX21R295
3899.661 22.0 2.015 -0.84 "" ""
3899.666 106.00112 1.148 -5.864 3.464 AX10R255
3899.692 25.0 3.376 -2.3 "" ""
3899.692 25.0 3.376 -2.41 "" ""
3899.702 22.0 0.0 -2.62 "" ""
3899.703 106.00112 1.483 -6.943 3.464 AX53Q175
3899.707 106.00112 0.64 -4.373 3.464 AX21Q135
3899.707 26.0 0.087 -1.51 OBR91 ""
3899.713 106.00112 1.647 -7.346 3.464 AX42Q245
3899.716 23.0 2.503 -5.72 "" ""
3899.72 106.00112 1.686 -5.153 3.464 AX21Q295
3899.722 106.00112 1.148 -3.749 3.464 AX10Q265
3899.728 92.1 0.284 -0.78 "" ""
3899.733 106.00112 0.64 -7.851 3.464 AX21P135
3899.735 106.00113 0.358 -7.238 3.464 AX21P035
3899.746 607.01314 2.422 -3.439 7.724 1010Qc0195
3899.751 106.00112 1.483 -5.049 3.464 AX53P175
3899.763 106.00112 0.911 -3.328 3.464 AX32R115
3899.763 607.01314 2.422 -0.534 7.724 1010Pa0205
3899.769 106.00112 1.648 -4.74 3.464 AX42P255
3899.777 106.00112 1.148 -3.923 3.464 AX10Q255
3899.784 106.00112 1.483 -5.463 3.464 AX53P185
3899.785 106.00112 1.686 -2.434 3.464 AX21R285
3899.789 106.00113 0.358 -7.239 3.464 AX21P035
3899.797 25.0 3.376 -2.53 "" ""
3899.801 27.0 3.168 -3.19 "" ""
3899.808 106.00112 1.647 -4.438 3.464 AX42P245
3899.809 23.0 2.073 -2.32 "" ""
3899.82 106.00113 0.156 -4.821 3.464 AX10P085
3899.82 607.01314 2.422 -0.556 7.724 1010Pb0195
3899.833 106.00112 1.148 -8.032 3.464 AX10P265
3899.833 42.0 2.916 -1.93 "" ""
3899.848 106.00113 0.156 -6.844 3.464 AX10Q085
3899.85 106.00112 0.873 -3.421 3.464 AX32R105
3899.87 24.0 3.426 -1.02 "" ""
3899.88 106.00112 0.911 -3.232 3.464 AX32R125
3899.88 69.1 1.086 -2.27 LAWLER ""
3899.904 106.00112 0.911 -5.429 3.464 AX32Q125
3899.934 72.0 0.0 -1.14 "" ""
3899.961 27.0 0.101 -5.04 "" ""
3899.992 106.00112 0.873 -3.323 3.464 AX32R115
3899.997 607.01214 2.411 -3.167 7.724 1010Qc0105
3900.006 106.00112 0.873 -5.452 3.464 AX32Q115
3900.008 607.01214 2.411 -0.77 7.724 1010Pa0115
3900.012 106.00113 0.156 -4.757 3.464 AX10P095
3900.018 22.0 1.738 -5.06 "" ""
3900.02 106.00113 1.142 -5.864 3.464 AX10R255
3900.062 106.00113 1.142 -3.749 3.464 AX10Q265
3900.087 26.0 3.94 -3.17 "" ""
3900.119 106.00112 0.952 -3.236 3.464 AX32R125
3900.126 106.00113 1.142 -3.923 3.464 AX10Q255
3900.132 90.1 1.545 -1.25 "" ""
3900.163 607.01214 2.411 -0.81 7.724 1010Pb0105
3900.165 23.0 2.276 0.34 "" ""
3900.168 106.00113 1.142 -8.032 3.464 AX10P265
3900.197 106.00113 0.01 -2.931 3.464 BX00P015
3900.199 58.1 1.013 -0.58 "" ""
3900.215 106.00112 0.952 -3.142 3.464 AX32R135
3900.22 60.1 0.471 0.1 LAWLER ""
3900.247 106.00112 0.952 -5.399 3.464 AX32Q135
3900.294 106.00113 0.638 -5.892 3.464 AX21R125
3900.322 106.00113 0.638 -4.544 3.464 AX21Q125
3900.328 607.01314 2.431 -3.46 7.724 1010Qc0205
3900.345 607.01314 2.431 -0.512 7.724 1010Pa0215
3900.35 106.00112 0.838 -3.514 3.464 AX32R095
3900.391 76.0 0.34 -1.81 Quinet06 ""
3900.402 607.01314 2.431 -0.534 7.724 1010Pb0205
3900.413 106.00112 0.01 -2.931 3.464 BX00P015
3900.414 26.0 4.28 -3.88 "" ""
3900.423 106.00113 0.908 -3.328 3.464 AX32R115
3900.426 106.00113 0.638 -4.373 3.464 AX21Q135
3900.439 26.0 3.692 -1.39 "" ""
3900.453 106.00113 0.638 -7.851 3.464 AX21P135
3900.495 106.00113 0.87 -3.421 3.464 AX32R105
3900.495 24.0 3.885 -2.65 "" ""
3900.5 40.0 0.0 -1.19 "" ""
3900.51 63.0 1.638 0.11 "" ""
3900.515 26.0 3.241 -1.04 RUF14 ""
3900.519 106.00112 0.838 -3.415 3.464 AX32R105
3900.524 106.00112 0.838 -5.466 3.464 AX32Q105
3900.539 22.1 1.13 -0.29 LAWLER ""
3900.55 106.00113 0.908 -3.232 3.464 AX32R125
3900.555 106.00112 0.874 -3.421 3.464 AX32R105
3900.561 106.00112 0.641 -5.908 3.464 AX21R125
3900.563 106.00113 0.908 -5.429 3.464 AX32Q125
3900.577 90.0 1.09 -0.54 "" ""
3900.581 607.01214 2.416 -3.205 7.724 1010Qc0115
3900.587 106.00112 0.641 -4.544 3.464 AX21Q125
3900.587 106.00112 0.912 -3.328 3.464 AX32R115
3900.588 607.01214 2.416 -0.734 7.724 1010Pa0125
3900.602 106.00113 0.704 -5.208 3.464 BX10P205
3900.621 106.00113 0.704 -1.589 3.464 BX10Q195
3900.627 72.1 3.833 0.3 "" ""
3900.632 106.00112 0.641 -4.374 3.464 AX21Q135
3900.644 106.00113 0.87 -3.323 3.464 AX32R115
3900.645 106.00112 0.874 -3.324 3.464 AX32R115
3900.648 106.00112 0.912 -3.232 3.464 AX32R125
3900.65 106.00113 0.87 -5.451 3.464 AX32Q115
3900.658 106.00112 0.641 -7.837 3.464 AX21P135
3900.659 106.00112 0.874 -5.433 3.464 AX32Q115
3900.671 106.00112 0.912 -5.409 3.464 AX32Q125
3900.671 106.00113 0.704 -1.526 3.464 BX10Q205
3900.675 13.1 7.415 -1.27 "" ""
3900.677 106.00112 1.538 -8.907 3.464 CX03R195
3900.691 106.00113 0.704 -5.071 3.464 BX10R195
3900.723 78.0 4.227 0.49 "" ""
3900.733 15.1 9.628 -4.33 "" ""
3900.737 607.01214 2.416 -0.77 7.724 1010Pb0115
3900.758 21.1 7.425 -2.26 "" ""
3900.78 69.1 1.086 -0.66 LAWLER ""
3900.798 27.0 3.71 -1.25 "" ""
3900.814 106.00113 0.948 -3.236 3.464 AX32R125
3900.855 70.0 2.442 0.29 "" ""
3900.876 23.1 6.291 -4.17 "" ""
3900.878 90.1 0.908 -0.79 "" ""
3900.88 62.1 0.248 -1.34 LAWLER ""
3900.883 23.0 2.284 -4.77 "" ""
3900.894 75.0 1.761 -1.25 "" ""
3900.914 607.01314 2.44 -3.479 7.724 1010Qc0215
3900.921 106.00113 0.948 -3.141 3.464 AX32R135
3900.932 607.01314 2.44 -0.492 7.724 1010Pa0225
3900.94 106.00113 0.948 -5.399 3.464 AX32Q135
3900.945 106.00112 0.839 -3.514 3.464 AX32R095
3900.954 106.00112 0.995 -3.145 3.464 AX32R135
3900.959 22.0 0.021 -1.69 "" ""
3900.991 607.01314 2.44 -0.512 7.724 1010Pb0215
3900.993 106.00113 0.835 -3.514 3.464 AX32R095
3901.011 25.0 4.341 -2.48 "" ""
3901.03 26.0 3.6 -7.86 "" ""
3901.032 106.00112 0.995 -3.053 3.464 AX32R145
3901.048 62.0 0.387 -1.38 "" ""
3901.054 27.0 3.626 -1.9 "" ""
3901.066 106.00112 0.839 -3.416 3.464 AX32R105
3901.069 106.00112 0.952 -3.236 3.464 AX32R125
3901.071 106.00112 0.839 -5.449 3.464 AX32Q105
3901.072 106.00112 0.995 -5.365 3.464 AX32Q145
3901.105 106.00112 0.952 -3.142 3.464 AX32R135
3901.107 26.0 4.151 -4.36 "" ""
3901.137 106.00112 0.952 -5.378 3.464 AX32Q135
3901.151 23.0 2.294 0.39 "" ""
3901.152 90.1 1.514 -0.98 "" ""
3901.166 106.00113 0.835 -3.415 3.464 AX32R105
3901.166 106.00113 0.835 -5.466 3.464 AX32Q105
3901.17 607.01214 2.422 -3.239 7.724 1010Qc0125
3901.173 607.01214 2.422 -0.7 7.724 1010Pa0135
3901.205 106.00113 0.871 -3.421 3.464 AX32R105
3901.222 24.0 4.407 -2.67 "" ""
