wavelength species excitation loggf disassociation_energy comment
3628.561 607.01314 2.348 -0.739 7.724 1009Rb0325
3628.572 607.01214 2.052 -3.798 7.724 0908Qc0225
3628.585 607.01314 2.348 -4.074 7.724 1009Qd0335
3628.591 607.01214 2.052 -0.769 7.724 0908Pb0225
3628.592 607.01214 2.052 -0.752 7.724 0908Pa0235
3628.594 20.0 2.524 -3.85 "" ""
3628.596 106.00113 1.435 -9.782 3.464 CX02Q225
3628.597 106.00113 1.309 -8.023 3.464 AX42R205
3628.6 20.0 2.524 -4.9 "" ""
3628.612 58.0 0.274 -0.1 "" ""
3628.615 20.0 2.524 -6.43 "" ""
3628.617 28.0 3.895 -2.11 "" ""
3628.628 607.01314 2.334 -0.739 7.724 1009Ra0325
3628.656 28.0 3.838 -2.85 "" ""
3628.661 25.1 6.64 -2.17 "" ""
3628.666 77.0 0.783 -1.35 "" ""
3628.671 607.01314 2.334 -0.746 7.724 1009Rb0315
3628.682 106.00113 0.011 -5.42 3.464 BX10Q025
3628.691 106.00113 0.011 -2.772 3.464 BX10R025
3628.695 607.01314 2.334 -4.056 7.724 1009Qd0325
3628.7 39.1 0.13 -0.7 Biemont11 ""
3628.705 106.00113 1.362 -7.832 3.464 AX41P245
3628.729 42.0 3.154 -1.31 "" ""
3628.751 607.01314 2.321 -0.746 7.724 1009Ra0315
3628.795 607.01314 2.321 -0.755 7.724 1009Rb0305
3628.812 106.00113 0.908 -4.627 3.464 AX42R115
3628.813 26.0 2.988 -2.28 "" ""
3628.818 607.01314 2.321 -4.039 7.724 1009Qd0315
3628.819 57.1139 0.126 -1.803 Lawle01HFS ""
3628.82 57.1139 0.126 -1.924 Lawle01HFS ""
3628.821 57.1139 0.126 -2.06 Lawle01HFS ""
3628.822 106.00112 0.911 -4.627 3.464 AX42R115
3628.822 57.1139 0.126 -2.216 Lawle01HFS ""
3628.823 57.1139 0.126 -2.401 Lawle01HFS ""
3628.823 57.1139 0.126 -2.732 Lawle01HFS ""
3628.824 57.1139 0.126 -2.461 Lawle01HFS ""
3628.824 57.1139 0.126 -2.527 Lawle01HFS ""
3628.824 57.1139 0.126 -2.635 Lawle01HFS ""
3628.825 57.1139 0.126 -2.465 Lawle01HFS ""
3628.825 57.1139 0.126 -2.526 Lawle01HFS ""
3628.825 57.1139 0.126 -2.648 Lawle01HFS ""
3628.825 57.1139 0.126 -2.977 Lawle01HFS ""
3628.826 57.1139 0.126 -2.831 Lawle01HFS ""
3628.826 57.1139 0.126 -3.309 Lawle01HFS ""
3628.827 57.1139 0.126 -3.199 Lawle01HFS ""
3628.827 57.1139 0.126 -3.221 Lawle01HFS ""
3628.827 57.1139 0.126 -3.33 Lawle01HFS ""
3628.827 57.1139 0.126 -3.541 Lawle01HFS ""
3628.827 57.1139 0.126 -3.946 Lawle01HFS ""
3628.861 106.00113 0.36 -7.714 3.464 AX20P135
3628.87 106.00113 0.908 -4.686 3.464 AX42R125
3628.878 607.01214 2.321 -0.851 7.724 1009Rb0265
3628.883 106.00113 0.908 -6.131 3.464 AX42Q125
3628.888 607.01314 2.308 -0.755 7.724 1009Ra0305
3628.899 607.01214 2.321 -4.019 7.724 1009Qd0275
3628.911 26.0 3.249 -1.59 "" ""
3628.923 21.1 7.217 -4.13 "" ""
3628.925 106.00112 0.911 -4.685 3.464 AX42R125
3628.932 607.01314 2.308 -0.764 7.724 1009Rb0295
3628.944 106.00112 0.911 -6.151 3.464 AX42Q125
3628.954 607.01314 2.308 -4.021 7.724 1009Qd0305
3628.994 106.00112 0.052 -2.464 3.464 BX10R045
3629.025 40.1 1.758 -1.1 "" ""
3629.036 607.01314 2.296 -0.764 7.724 1009Ra0295
3629.081 607.01314 2.296 -0.774 7.724 1009Rb0285
3629.103 607.01314 2.296 -4.003 7.724 1009Qd0295
3629.11 21.1 0.595 -3.27 "" ""
3629.112 607.01314 2.0 -0.755 7.724 0908Pb0215
3629.119 607.01314 2.0 -3.742 7.724 0908Qc0215
3629.136 607.01314 2.0 -0.736 7.724 0908Pa0225
3629.162 106.00113 1.435 -6.726 3.464 CX02R225
3629.173 607.01214 2.063 -3.818 7.724 0908Qc0235
3629.189 106.00113 1.435 -6.629 3.464 CX02R215
3629.197 607.01214 2.063 -0.736 7.724 0908Pa0245
3629.197 75.0 2.411 -0.59 "" ""
3629.198 607.01214 2.063 -0.752 7.724 0908Pb0235
3629.198 607.01314 2.284 -0.774 7.724 1009Ra0285
3629.235 24.0 3.887 -2.61 "" ""
3629.243 25.1 6.86 -2.18 "" ""
3629.243 607.01314 2.284 -0.784 7.724 1009Rb0275
3629.258 22.0 1.429 -3.05 "" ""
3629.264 607.01314 2.284 -3.984 7.724 1009Qd0285
3629.284 25.0 4.317 -3.6 "" ""
3629.304 42.0 2.079 -0.81 "" ""
3629.317 23.0 2.255 -1.46 "" ""
3629.318 607.01214 2.31 -0.863 7.724 1009Rb0255
3629.33 106.00112 0.053 -6.426 3.464 BX10Q055
3629.338 607.01214 2.31 -3.999 7.724 1009Qd0265
3629.34 106.00112 1.289 -9.92 3.464 CX13R145
3629.35 106.00112 0.053 -2.36 3.464 BX10R055
3629.367 25.1 5.376 -3.75 "" ""
3629.368 68.0 1.473 1.12 "" ""
3629.371 607.01314 2.273 -0.784 7.724 1009Ra0275
3629.375 106.00113 0.052 -2.463 3.464 BX10R045
3629.396 25.0 4.317 -2.71 "" ""
3629.403 26.0 3.692 -7.19 "" ""
3629.417 607.01314 2.273 -0.795 7.724 1009Rb0265
3629.42 24.1 4.934 -2.55 "" ""
3629.42 66.1 1.41 0.0 LAWLER ""
3629.438 607.01314 2.273 -3.965 7.724 1009Qd0275
3629.44 65.1 0.126 -0.5 LAWNOHFS ""
3629.509 64.1 1.171 -0.13 "" ""
3629.523 22.0 0.825 -4.61 "" ""
3629.536 106.00112 0.912 -4.627 3.464 AX42R115
3629.556 607.01314 2.262 -0.795 7.724 1009Ra0265
3629.589 60.1 1.88 0.51 "" ""
3629.59 106.00112 0.912 -4.685 3.464 AX42R125
3629.603 607.01314 2.262 -0.807 7.724 1009Rb0255
3629.609 106.00112 0.912 -6.131 3.464 AX42Q125
3629.612 106.00113 1.223 -7.773 3.464 AX20R265
3629.623 607.01314 2.262 -3.946 7.724 1009Qd0265
3629.646 106.00113 1.223 -4.267 3.464 AX20Q275
3629.664 26.0 3.036 -5.14 "" ""
3629.67 21.0 1.438 -5.94 "" ""
3629.686 607.01214 2.299 -0.875 7.724 1009Rb0245
3629.696 22.0 2.159 -3.02 "" ""
3629.701 24.0 3.119 -3.06 "" ""
3629.705 607.01214 2.299 -3.979 7.724 1009Qd0255
3629.711 106.00113 0.052 -6.426 3.464 BX10Q055
3629.713 106.00113 1.223 -4.264 3.464 AX20Q265
3629.731 106.00113 0.052 -2.36 3.464 BX10R055
3629.731 25.0 2.162 -1.35 "" ""
3629.738 22.0 2.331 -1.59 "" ""
3629.747 106.00113 1.223 -6.707 3.464 AX20P275
3629.753 106.00112 0.004 -4.813 3.464 BX10Q015
3629.753 607.01314 2.251 -0.807 7.724 1009Ra0255
3629.76 106.00112 0.004 -3.049 3.464 BX10R015
3629.768 23.0 1.948 -3.54 "" ""
3629.781 29.0 5.417 -1.77 "" ""
3629.782 607.01214 2.073 -3.838 7.724 0908Qc0245
3629.793 607.01314 2.009 -3.763 7.724 0908Qc0225
3629.8 607.01214 2.073 -0.72 7.724 0908Pa0255
3629.8 607.01314 2.009 -0.736 7.724 0908Pb0225
3629.801 607.01314 2.251 -0.82 7.724 1009Rb0245
3629.811 607.01314 2.009 -0.719 7.724 0908Pa0235
3629.813 607.01214 2.073 -0.736 7.724 0908Pb0245
3629.82 607.01314 2.251 -3.926 7.724 1009Qd0255
3629.868 23.0 2.876 -4.38 "" ""
3629.898 28.0 3.838 0.06 "" ""
3629.904 106.00113 0.669 -5.166 3.464 AX42Q015
3629.926 60.1 0.742 -0.32 "" ""
3629.932 106.00113 0.669 -5.164 3.464 AX42Q015
3629.956 76.0 0.638 -2.05 Quinet06 ""
3629.961 607.01314 2.241 -0.82 7.724 1009Ra0245
3629.982 26.1 4.15 -3.69 "" ""
3630.001 607.01214 2.288 -0.888 7.724 1009Rb0235
3630.008 106.00112 1.443 -6.726 3.464 CX02R225
3630.01 607.01314 2.241 -0.833 7.724 1009Rb0235
3630.019 607.01214 2.288 -3.958 7.724 1009Qd0245
3630.02 40.1 0.359 -1.11 Ljung06 ""
3630.025 25.1 6.489 -2.65 "" ""
3630.028 607.01314 2.241 -3.906 7.724 1009Qd0245
3630.033 607.01214 2.31 -0.852 7.724 1009Ra0265
3630.039 25.1 5.433 -6.29 "" ""
3630.044 607.01214 2.299 -0.863 7.724 1009Ra0255
3630.057 68.1 2.4 1.01 "" ""
3630.063 106.00112 0.671 -5.166 3.464 AX42Q015
3630.093 106.00112 0.671 -5.164 3.464 AX42Q015
3630.1 74.1 2.968 -1.5 "" ""
3630.107 106.00112 1.443 -9.781 3.464 CX02Q225
3630.111 106.00113 0.669 -5.351 3.464 AX42R015
3630.113 607.01214 2.321 -0.841 7.724 1009Ra0275
3630.126 607.01214 2.288 -0.875 7.724 1009Ra0245
3630.135 106.00112 1.443 -6.629 3.464 CX02R215
3630.14 106.00113 0.669 -5.355 3.464 AX42R015
3630.174 106.00113 0.004 -4.813 3.464 BX10Q015
3630.174 106.00113 1.31 -7.965 3.464 AX42R205
3630.18 106.00113 0.004 -3.049 3.464 BX10R015
3630.18 607.01314 2.231 -0.833 7.724 1009Ra0235
3630.228 26.0 3.632 -1.8 "" ""
3630.23 607.01314 2.231 -0.848 7.724 1009Rb0225
3630.24 66.1 0.54 0.04 LAWLER ""
3630.247 607.01314 2.231 -3.885 7.724 1009Qd0235
3630.25 64.1 1.275 -0.47 "" ""
3630.262 106.00112 0.671 -5.351 3.464 AX42R015
3630.265 607.01214 2.278 -0.888 7.724 1009Ra0235
3630.269 28.0 3.838 -2.51 "" ""
3630.27 26.0 3.249 -1.32 "" ""
3630.281 607.01214 2.278 -0.901 7.724 1009Rb0225
3630.292 106.00112 0.671 -5.355 3.464 AX42R015
3630.299 607.01214 2.278 -3.937 7.724 1009Qd0235
3630.308 607.01214 2.333 -0.832 7.724 1009Ra0285
3630.335 27.0 2.628 -5.52 "" ""
3630.348 26.0 2.849 -0.82 DEN14 ""
3630.401 607.01214 2.085 -3.858 7.724 0908Qc0255
3630.412 607.01314 2.221 -0.848 7.724 1009Ra0225
3630.415 58.1 1.253 -0.34 "" ""
3630.422 607.01214 2.085 -0.705 7.724 0908Pa0265
3630.423 28.0 3.633 -5.66 "" ""
3630.445 607.01214 2.268 -0.901 7.724 1009Ra0225
3630.447 607.01214 2.085 -0.72 7.724 0908Pb0255
3630.46 607.01314 2.221 -0.863 7.724 1009Rb0215
3630.477 607.01314 2.221 -3.864 7.724 1009Qd0225
3630.48 66.1 0.92 -0.66 LAWLER ""
3630.505 607.01314 2.019 -3.784 7.724 0908Qc0235
3630.524 607.01314 2.019 -0.702 7.724 0908Pa0245
3630.532 607.01314 2.019 -0.719 7.724 0908Pb0235
3630.54 607.01214 2.268 -0.916 7.724 1009Rb0215
3630.557 607.01214 2.268 -3.915 7.724 1009Qd0225
3630.581 28.0 3.83 -1.62 "" ""
3630.613 41.0 1.499 -0.12 "" ""
3630.646 607.01214 2.346 -0.823 7.724 1009Ra0295
3630.651 106.00113 0.67 -5.52 3.464 AX42P025
3630.651 607.01314 2.212 -0.863 7.724 1009Ra0215
3630.659 607.01214 2.259 -0.916 7.724 1009Ra0215
3630.663 26.0 3.651 -4.32 "" ""
3630.666 26.0 2.277 -3.77 "" ""
3630.67 106.00113 0.67 -5.518 3.464 AX42P025
3630.67 62.1 0.659 -0.84 LAWLER ""
3630.702 607.01314 2.212 -0.88 7.724 1009Rb0205
3630.717 607.01314 2.212 -3.842 7.724 1009Qd0215
3630.73 21.1045 0.008 -1.45 LAWHFS ""
3630.733 21.1045 0.008 -1.03 LAWHFS ""
3630.733 21.1045 0.008 -1.15 LAWHFS ""
3630.734 21.1045 0.008 -1.23 LAWHFS ""
3630.736 106.00112 1.441 -7.505 3.464 AX52R215
3630.736 21.1045 0.008 -0.97 LAWHFS ""
3630.737 21.1045 0.008 -0.76 LAWHFS ""
3630.738 21.1045 0.008 -1.32 LAWHFS ""
3630.741 21.1045 0.008 -0.91 LAWHFS ""
3630.742 21.1045 0.008 -0.55 LAWHFS ""
3630.744 21.1045 0.008 -1.47 LAWHFS ""
3630.747 21.1045 0.008 -0.94 LAWHFS ""
3630.748 21.1045 0.008 -0.38 LAWHFS ""
3630.751 21.1045 0.008 -1.7 LAWHFS ""
3630.751 22.0 2.332 -2.04 "" ""
3630.752 20.0 1.886 -0.55 LAWLER ""
3630.754 21.1045 0.008 -1.12 LAWHFS ""
3630.759 21.1045 0.008 -2.12 LAWHFS ""
3630.776 106.00112 1.23 -7.772 3.464 AX20R265
3630.788 607.01214 2.259 -0.932 7.724 1009Rb0205
3630.792 106.00112 1.441 -4.252 3.464 AX52Q225
3630.803 106.00112 1.441 -4.21 3.464 AX52Q215
3630.804 607.01214 2.259 -3.893 7.724 1009Qd0215
3630.808 27.0 3.051 -6.67 "" ""
3630.816 106.00112 0.672 -5.52 3.464 AX42P025
3630.823 106.00112 1.23 -4.267 3.464 AX20Q275
3630.835 106.00112 0.672 -5.518 3.464 AX42P025
3630.841 22.0 1.967 -5.73 "" ""
3630.842 72.1 3.482 1.25 "" ""
3630.844 106.00112 1.23 -4.264 3.464 AX20Q265
3630.851 27.0 2.875 -3.34 "" ""
3630.859 106.00113 0.67 -4.817 3.464 AX42Q025
3630.86 106.00112 1.441 -6.491 3.464 AX52P225
3630.878 106.00113 0.67 -4.817 3.464 AX42Q025
3630.881 64.1 1.405 -0.18 "" ""
3630.89 106.00112 1.23 -6.707 3.464 AX20P275
3630.896 607.01214 2.25 -0.932 7.724 1009Ra0205
3630.903 607.01314 2.204 -0.88 7.724 1009Ra0205
3630.953 607.01314 2.204 -0.897 7.724 1009Rb0195
3630.967 106.00112 0.489 -7.063 3.464 AX31P085
3630.968 607.01314 2.204 -3.819 7.724 1009Qd0205
3630.969 59.1 0.725 -0.24 "" ""
3630.974 26.0 3.036 -6.1 "" ""
3630.978 20.0 1.886 -1.03 LAWLER ""
3631.013 60.1 1.561 0.74 "" ""
3631.015 106.00112 0.672 -4.817 3.464 AX42Q025
3631.03 607.01214 2.096 -3.877 7.724 0908Qc0265
3631.034 106.00112 0.672 -4.817 3.464 AX42Q025
3631.034 607.01214 2.25 -0.949 7.724 1009Rb0195
3631.049 607.01214 2.25 -3.869 7.724 1009Qd0205
3631.066 607.01214 2.096 -0.691 7.724 0908Pa0275
3631.092 607.01214 2.096 -0.705 7.724 0908Pb0265
3631.097 26.0 2.83 -0.33 "" ""
3631.14 62.1 0.484 -0.33 LAWLER ""
3631.145 26.0 3.637 -4.88 "" ""
3631.152 607.01214 2.241 -0.949 7.724 1009Ra0195
3631.164 607.01314 2.196 -0.897 7.724 1009Ra0195
3631.165 22.1 4.965 -4.41 "" ""
3631.182 58.1 0.326 -0.86 BIEMONT ""
3631.196 58.1 0.459 -0.57 "" ""
3631.206 27.0 3.064 -4.88 "" ""
3631.216 607.01314 2.196 -0.916 7.724 1009Rb0185
3631.229 607.01314 2.196 -3.796 7.724 1009Qd0195
3631.254 26.0 3.926 -4.47 "" ""
3631.263 607.01314 2.03 -3.803 7.724 0908Qc0245
3631.265 26.0 3.265 -5.03 "" ""
3631.267 27.0 2.925 -6.24 "" ""
3631.282 607.01314 2.03 -0.686 7.724 0908Pa0255
3631.283 106.00112 0.073 -2.36 3.464 BX10R055
3631.283 607.01214 2.241 -0.967 7.724 1009Rb0185
3631.297 607.01214 2.241 -3.845 7.724 1009Qd0195
3631.305 22.0 1.995 -1.29 "" ""
3631.308 27.0 2.875 -2.44 "" ""
3631.316 607.01314 2.03 -0.702 7.724 0908Pb0245
3631.378 106.00113 0.991 -9.11 3.464 CX02R145
3631.39 27.0 0.101 -2.0 LAWNHFS ""
3631.392 24.0 2.706 -2.91 "" ""
3631.41 106.00112 0.49 -7.091 3.464 AX31P085
3631.41 106.00113 0.679 -4.74 3.464 AX42Q025
3631.415 25.1 6.49 -1.39 "" ""
3631.422 607.01214 2.233 -0.967 7.724 1009Ra0185
3631.436 27.1 5.118 -4.58 "" ""
3631.438 607.01314 2.188 -0.916 7.724 1009Ra0185
3631.463 26.0 0.957 0.0 OBR91 ""
3631.468 24.1 2.706 -1.12 Lawler17 ""
3631.469 106.00113 0.679 -4.739 3.464 AX42Q025
3631.485 607.01314 2.188 -0.936 7.724 1009Rb0175
3631.49 24.1 5.315 -2.81 "" ""
3631.491 23.1 2.374 -2.11 "" ""
3631.5 607.01314 2.188 -3.771 7.724 1009Qd0185
3631.51 24.1 4.934 -3.89 "" ""
3631.52 65.1 0.401 -0.5 LAWNOHFS ""
3631.539 607.01214 2.233 -0.987 7.724 1009Rb0175
3631.541 27.0 3.051 -5.73 "" ""
3631.55 106.00113 0.679 -5.529 3.464 AX42R025
3631.553 607.01214 2.233 -3.82 7.724 1009Qd0185
3631.572 106.00112 0.074 -6.644 3.464 BX10Q065
3631.573 106.00112 0.074 -2.276 3.464 BX10R065
3631.59 106.00112 0.681 -4.74 3.464 AX42Q025
3631.608 106.00113 0.679 -5.534 3.464 AX42R025
3631.639 106.00113 0.073 -2.36 3.464 BX10R055
3631.649 106.00112 0.681 -4.739 3.464 AX42Q025
3631.661 24.0 3.553 -2.67 "" ""
3631.67 607.01214 2.108 -3.895 7.724 0908Qc0275
3631.674 607.01214 2.108 -0.691 7.724 0908Pb0275
3631.683 24.1 2.706 -1.6 Lawler17 ""
3631.692 607.01214 2.108 -0.678 7.724 0908Pa0285
3631.702 607.01214 2.225 -0.987 7.724 1009Ra0175
3631.711 44.0 0.811 -1.35 "" ""
3631.718 607.01314 2.18 -0.936 7.724 1009Ra0175
3631.723 106.00112 0.681 -5.529 3.464 AX42R025
3631.727 42.0 2.644 -1.95 "" ""
3631.767 607.01314 2.18 -0.957 7.724 1009Rb0165
3631.78 607.01314 2.18 -3.745 7.724 1009Qd0175
3631.783 106.00112 0.681 -5.534 3.464 AX42R025
3631.803 21.1 7.217 -4.55 "" ""
3631.806 607.01214 2.225 -1.008 7.724 1009Rb0165
3631.819 607.01214 2.225 -3.794 7.724 1009Qd0175
3631.83 106.00112 0.707 -6.953 3.464 AX20Q195
3631.86 42.0 2.521 -2.22 "" ""
3631.871 20.0 5.386 -4.12 "" ""
3631.871 23.0 2.252 -2.38 "" ""
3631.884 106.00112 0.707 -4.588 3.464 AX20P195
3631.897 106.00112 0.707 -4.544 3.464 AX20P205
3631.916 106.00113 0.679 -5.553 3.464 AX42P035
3631.924 106.00113 0.073 -6.644 3.464 BX10Q065
3631.942 27.0 2.54 -2.78 "" ""
3631.946 106.00113 0.073 -2.275 3.464 BX10R065
3631.953 74.0 0.207 -1.78 "" ""
3631.96 106.00113 0.487 -7.063 3.464 AX31P085
3631.961 106.00113 0.679 -5.55 3.464 AX42P035
3631.98 607.01214 2.218 -1.008 7.724 1009Ra0165
3632.01 607.01314 2.173 -0.957 7.724 1009Ra0165
3632.018 25.0 4.675 -3.84 "" ""
3632.039 26.0 3.069 -0.32 "" ""
3632.05 68.1 1.7 -0.13 LAWLER ""
3632.055 106.00113 0.679 -4.573 3.464 AX42Q035
3632.057 607.01314 2.173 -0.98 7.724 1009Rb0155
3632.07 607.01314 2.173 -3.719 7.724 1009Qd0165
3632.072 607.01314 2.04 -3.823 7.724 0908Qc0255
3632.086 68.1 0.886 -0.6 LAWLER ""
3632.087 607.01214 2.218 -1.03 7.724 1009Rb0155
3632.092 58.1 0.327 -0.95 LAWLER ""
3632.093 607.01314 2.04 -0.671 7.724 0908Pa0265
3632.098 607.01214 2.218 -3.767 7.724 1009Qd0165
3632.099 106.00112 0.681 -5.552 3.464 AX42P035
3632.1 106.00113 0.948 -4.69 3.464 AX42R125
3632.1 26.0 3.249 -2.92 "" ""
3632.101 106.00113 0.679 -4.573 3.464 AX42Q035
3632.134 23.1 2.375 -1.61 LAWNOHFS ""
3632.138 26.0 2.996 -6.3 "" ""
3632.144 106.00112 0.681 -5.549 3.464 AX42P035
3632.158 607.01314 2.04 -0.686 7.724 0908Pb0255
3632.16 26.0 3.879 -1.51 "" ""
3632.176 63.1 1.249 -1.18 "" ""
3632.187 106.00113 0.948 -4.775 3.464 AX42R135
3632.19 22.0 2.173 -3.22 "" ""
3632.209 106.00113 0.948 -6.215 3.464 AX42Q135
3632.232 106.00112 0.681 -4.573 3.464 AX42Q035
3632.234 24.0 3.419 -2.24 "" ""
3632.273 607.01214 2.211 -1.03 7.724 1009Ra0155
3632.278 106.00112 0.681 -4.573 3.464 AX42Q035
3632.28 23.0 2.893 -4.49 "" ""
3632.292 26.1 4.146 -2.69 "" ""
3632.311 607.01314 2.167 -0.98 7.724 1009Ra0155
3632.319 24.0 2.707 -3.11 "" ""
3632.321 607.01214 2.121 -0.678 7.724 0908Pb0285
3632.321 607.01214 2.121 -3.913 7.724 0908Qc0285
3632.344 607.01214 2.121 -0.665 7.724 0908Pa0295
3632.357 607.01314 2.167 -1.005 7.724 1009Rb0145
3632.369 607.01314 2.167 -3.69 7.724 1009Qd0155
3632.378 22.0 2.406 -3.9 "" ""
3632.382 607.01214 2.211 -1.054 7.724 1009Rb0145
3632.389 607.01214 2.211 -3.739 7.724 1009Qd0155
3632.399 106.00113 0.488 -7.091 3.464 AX31P085
3632.43 106.00113 1.226 -4.268 3.464 AX20Q275
3632.435 24.0 2.542 -3.24 "" ""
3632.437 25.1 6.653 -3.84 "" ""
3632.494 106.00113 1.226 -7.802 3.464 AX20R265
3632.503 21.0 4.429 -2.86 "" ""
3632.532 24.1 6.863 -4.64 "" ""
3632.538 23.0 2.294 -1.85 "" ""
3632.556 26.0 2.947 -1.03 "" ""
3632.56 29.0 5.501 -1.23 "" ""
3632.561 106.00113 1.226 -6.68 3.464 AX20P275
3632.576 607.01214 2.205 -1.054 7.724 1009Ra0145
3632.621 607.01314 2.161 -1.005 7.724 1009Ra0145
3632.624 106.00113 1.226 -4.265 3.464 AX20Q265
3632.625 90.1 1.123 -0.93 "" ""
3632.65 106.00113 0.703 -6.952 3.464 AX20Q195
3632.666 607.01314 2.161 -1.031 7.724 1009Rb0135
3632.677 607.01314 2.161 -3.66 7.724 1009Qd0145
3632.689 607.01214 2.205 -1.081 7.724 1009Rb0135
3632.693 607.01214 2.205 -3.709 7.724 1009Qd0145
3632.705 106.00112 1.443 -4.253 3.464 AX52Q225
3632.713 106.00113 0.703 -4.544 3.464 AX20P205
3632.718 106.00112 1.366 -5.658 3.464 AX31R255
3632.723 106.00113 0.703 -4.587 3.464 AX20P195
3632.73 106.00112 1.443 -7.53 3.464 AX52R215
3632.766 106.00112 1.366 -10.008 3.464 AX31R245
3632.772 106.00112 1.443 -6.467 3.464 AX52P225
3632.774 66.1 1.57 0.39 "" ""
3632.781 68.1 1.614 -0.36 LAWLER ""
3632.795 24.0 2.543 -0.86 "" ""
3632.797 106.00112 1.443 -4.21 3.464 AX52Q215
3632.809 23.0 2.129 -2.28 "" ""
3632.815 106.00112 1.366 -6.944 3.464 AX31Q255
3632.83 90.0 1.393 0.31 "" ""
3632.831 24.0 2.543 -0.07 "" ""
3632.837 27.0 2.872 -0.28 "" ""
3632.849 106.00112 1.754 -7.078 3.464 CX24R185
3632.869 23.0 2.245 -2.19 "" ""
3632.872 22.0 1.748 -3.59 "" ""
3632.89 607.01214 2.199 -1.081 7.724 1009Ra0135
3632.893 106.00112 0.995 -9.11 3.464 CX02R145
3632.901 24.0 3.382 -4.63 "" ""
3632.916 106.00113 0.949 -4.69 3.464 AX42R125
3632.926 23.0 2.377 -2.33 "" ""
3632.94 607.01314 2.155 -1.031 7.724 1009Ra0135
3632.952 106.00113 0.949 -4.776 3.464 AX42R135
3632.956 23.0 1.217 -3.09 "" ""
3632.972 106.00113 0.949 -6.193 3.464 AX42Q135
3632.974 106.00112 0.952 -4.69 3.464 AX42R125
3632.977 26.0 2.482 -1.44 "" ""
3632.98 607.01214 2.134 -0.665 7.724 0908Pb0295
3632.984 607.01214 2.134 -3.931 7.724 0908Qc0295
3632.984 607.01314 2.155 -1.06 7.724 1009Rb0125
3632.994 607.01314 2.155 -3.629 7.724 1009Qd0135
3633.002 41.0 1.572 -0.23 "" ""
3633.005 106.00112 0.956 -6.961 3.464 AX31R185
3633.007 607.01214 2.199 -1.109 7.724 1009Rb0125
3633.009 607.01214 2.134 -0.653 7.724 0908Pa0305
3633.01 607.01214 2.199 -3.677 7.724 1009Qd0135
3633.014 24.0 3.884 -3.32 "" ""
3633.017 66.1 2.298 0.8 "" ""
3633.019 21.0 2.0 -2.16 "" ""
3633.06 106.00112 0.952 -4.775 3.464 AX42R135
3633.064 106.00112 0.956 -4.035 3.464 AX31Q185
3633.069 26.0 2.938 -1.11 "" ""
3633.071 607.01314 2.052 -0.671 7.724 0908Pb0265
3633.075 106.00112 0.956 -4.028 3.464 AX31Q195
3633.086 106.00112 0.952 -6.215 3.464 AX42Q135
3633.12 39.1 0.0 -0.17 Biemont11 ""
3633.12 41.1 1.52 -1.53 Nilsson10 ""
3633.133 26.0 3.639 -3.75 "" ""
3633.135 106.00112 0.956 -6.249 3.464 AX31P195
3633.147 26.0 3.366 -3.39 "" ""
3633.155 24.1 4.94 -5.05 "" ""
3633.213 607.01214 2.193 -1.109 7.724 1009Ra0125
3633.251 106.00113 0.692 -4.548 3.464 AX42Q035
3633.263 68.0 1.068 0.66 "" ""
3633.268 607.01314 2.149 -1.06 7.724 1009Ra0125
3633.27 66.1 0.93 -1.47 LAWLER ""
3633.285 106.00112 0.002 -2.926 3.464 BX10Q005
3633.289 106.00112 0.002 -3.526 3.464 BX10R005
3633.29 65.1 0.641 0.13 LAWNOHFS ""
3633.311 607.01314 2.149 -1.092 7.724 1009Rb0115
3633.318 41.1 1.989 -0.24 "" ""
3633.319 25.0 4.682 -1.81 "" ""
3633.32 607.01314 2.149 -3.595 7.724 1009Qd0125
3633.334 607.01214 2.193 -1.14 7.724 1009Rb0115
3633.336 27.0 2.278 -1.72 LAWNHFS ""
3633.339 607.01214 2.193 -3.643 7.724 1009Qd0125
3633.349 106.00113 0.692 -4.547 3.464 AX42Q035
3633.352 106.00113 0.692 -5.67 3.464 AX42R035
3633.39 58.1 0.0 -1.67 "" ""
3633.393 24.0 3.885 -3.92 "" ""
3633.399 26.0 3.637 -5.84 "" ""
3633.431 22.0 2.015 -0.83 "" ""
3633.45 106.00113 0.692 -5.676 3.464 AX42R035
3633.459 106.00112 0.694 -4.548 3.464 AX42Q035
3633.477 26.0 3.571 -2.95 "" ""
3633.488 40.1 1.755 -0.29 "" ""
3633.536 68.1 0.0 -0.53 LAWLER ""
3633.546 607.01214 2.188 -1.14 7.724 1009Ra0115
3633.555 106.00112 0.694 -5.67 3.464 AX42R035
3633.559 106.00112 0.694 -4.547 3.464 AX42Q035
3633.606 607.01314 2.145 -1.092 7.724 1009Ra0115
3633.626 22.0 2.039 -3.36 "" ""
3633.635 106.00113 0.692 -5.615 3.464 AX42P045
3633.643 26.0 3.036 -2.93 "" ""
3633.646 607.01314 2.145 -1.126 7.724 1009Rb0105
3633.649 106.00112 1.233 -4.268 3.464 AX20Q275
3633.652 607.01214 2.147 -0.653 7.724 0908Pb0305
3633.654 106.00112 0.694 -5.676 3.464 AX42R035
3633.655 607.01314 2.145 -3.559 7.724 1009Qd0115
3633.659 106.00112 0.64 -6.364 3.464 AX31Q125
3633.661 607.01214 2.147 -3.948 7.724 0908Qc0305
3633.671 106.00112 0.64 -4.414 3.464 AX31P125
3633.672 607.01214 2.188 -1.174 7.724 1009Rb0105
3633.673 106.00112 0.708 -4.544 3.464 AX20P205
3633.678 23.0 2.246 -2.55 "" ""
3633.679 607.01214 2.188 -3.606 7.724 1009Qd0115
3633.68 106.00113 0.002 -2.926 3.464 BX10Q005
3633.683 106.00113 0.002 -3.526 3.464 BX10R005
3633.686 607.01214 2.147 -0.641 7.724 0908Pa0315
3633.687 106.00112 0.708 -6.985 3.464 AX20Q195
3633.687 24.0 4.102 -1.94 "" ""
3633.693 22.1 3.121 -4.0 "" ""
3633.702 106.00112 1.233 -7.802 3.464 AX20R265
3633.706 41.0 0.019 -1.19 "" ""
3633.716 106.00113 0.692 -5.61 3.464 AX42P045
3633.717 106.00112 1.233 -6.68 3.464 AX20P275
3633.737 106.00113 0.692 -4.436 3.464 AX42Q045
3633.741 106.00112 0.708 -4.588 3.464 AX20P195
3633.754 66.1 1.223 -0.56 "" ""
3633.769 106.00112 1.233 -4.264 3.464 AX20Q265
3633.774 106.00112 0.64 -4.367 3.464 AX31P135
3633.799 106.00112 0.952 -4.69 3.464 AX42R125
3633.817 106.00113 0.692 -4.436 3.464 AX42Q045
3633.827 26.0 2.988 -1.42 "" ""
3633.831 106.00112 0.952 -4.775 3.464 AX42R135
3633.846 106.00112 0.694 -5.615 3.464 AX42P045
3633.858 106.00112 0.952 -6.193 3.464 AX42Q135
3633.862 22.1 3.092 -3.72 "" ""
3633.875 23.0 2.267 -1.34 "" ""
3633.885 26.0 3.298 -1.73 "" ""
3633.889 607.01214 2.183 -1.174 7.724 1009Ra0105
3633.908 44.0 2.118 -0.37 "" ""
3633.927 106.00112 0.694 -5.61 3.464 AX42P045
3633.942 106.00112 0.694 -4.436 3.464 AX42Q045
3633.951 607.01314 2.14 -1.126 7.724 1009Ra0105
3633.965 23.0 1.375 -2.45 "" ""
3633.99 24.1 4.009 -1.51 Gurell10 ""
3633.99 607.01314 2.14 -1.164 7.724 1009Rb0095
3633.994 24.1 4.94 -1.01 "" ""
3633.998 607.01314 2.14 -3.52 7.724 1009Qd0105
3634.019 607.01214 2.183 -1.212 7.724 1009Rb0095
3634.023 106.00112 0.694 -4.436 3.464 AX42Q045
3634.029 607.01214 2.183 -3.567 7.724 1009Qd0105
3634.072 25.0 4.317 -3.94 "" ""
3634.079 24.1 4.934 -4.12 "" ""
3634.09 60.1 0.32 -1.89 LAWLER ""
3634.137 23.1 3.121 -2.69 "" ""
3634.143 40.0 0.154 -0.76 "" ""
3634.163 28.0 3.477 -3.02 "" ""
3634.178 66.1 2.111 0.23 "" ""
3634.179 24.1 6.681 -4.39 "" ""
3634.189 26.0 3.881 -0.37 "" ""
3634.241 607.01214 2.179 -1.212 7.724 1009Ra0095
3634.27 62.1 0.184 0.02 LAWLER ""
3634.298 27.1 5.042 -4.54 "" ""
3634.305 24.0 3.884 -2.95 "" ""
3634.306 607.01314 2.136 -1.164 7.724 1009Ra0095
3634.322 66.1 1.462 -0.33 "" ""
3634.329 26.0 2.938 -0.84 "" ""
3634.337 607.01214 2.161 -0.641 7.724 0908Pb0315
3634.342 607.01314 2.136 -1.206 7.724 1009Rb0085
3634.349 607.01314 2.136 -3.477 7.724 1009Qd0095
3634.351 607.01214 2.161 -3.965 7.724 0908Qc0315
3634.376 24.0 3.077 -9.07 "" ""
3634.376 24.0 3.077 -9.83 "" ""
3634.376 24.0 3.077 -9.92 "" ""
3634.377 607.01214 2.161 -0.63 7.724 0908Pa0325
3634.377 607.01214 2.179 -1.254 7.724 1009Rb0085
3634.388 607.01214 2.179 -3.524 7.724 1009Qd0095
3634.396 26.0 3.299 -1.08 "" ""
3634.442 41.0 1.094 -0.7 "" ""
3634.461 26.0 3.271 -1.77 "" ""
3634.474 106.00113 0.704 -4.544 3.464 AX20P205
3634.491 106.00113 0.704 -6.985 3.464 AX20Q195
3634.505 27.0 3.131 -5.09 "" ""
3634.516 106.00112 0.641 -6.386 3.464 AX31Q125
3634.519 26.0 2.873 -2.44 "" ""
3634.529 106.00112 0.641 -4.414 3.464 AX31P125
3634.532 79.0 5.101 -1.68 "" ""
3634.552 92.0 0.479 -0.27 "" ""
3634.554 106.00113 0.704 -4.587 3.464 AX20P195
3634.577 106.00112 0.641 -4.367 3.464 AX31P135
3634.582 90.0 0.966 0.12 "" ""
3634.585 106.00112 0.098 -2.276 3.464 BX10R065
3634.592 106.00113 0.638 -6.364 3.464 AX31Q125
3634.598 106.00113 0.638 -4.414 3.464 AX31P125
3634.6 106.00113 0.952 -6.961 3.464 AX31R185
3634.603 607.01214 2.175 -1.254 7.724 1009Ra0085
3634.644 106.00112 0.958 -4.028 3.464 AX31Q195
3634.648 106.00112 0.958 -6.984 3.464 AX31R185
3634.665 106.00113 0.952 -4.027 3.464 AX31Q195
3634.669 607.01314 2.132 -1.206 7.724 1009Ra0085
3634.684 24.0 3.885 -2.62 "" ""
3634.69 46.0 0.813 0.09 "" ""
3634.697 26.0 3.879 0.42 "" ""
3634.699 106.00113 0.952 -4.035 3.464 AX31Q185
3634.702 607.01314 2.132 -1.253 7.724 1009Rb0075
3634.704 106.00112 0.958 -6.229 3.464 AX31P195
3634.706 106.00113 0.638 -4.366 3.464 AX31P135
3634.708 106.00112 0.958 -4.035 3.464 AX31Q185
3634.708 27.0 2.875 -0.23 "" ""
3634.709 607.01314 2.132 -3.43 7.724 1009Qd0085
3634.725 24.0 3.419 -1.05 "" ""
3634.737 24.0 3.382 -3.34 "" ""
3634.743 607.01214 2.175 -1.3 7.724 1009Rb0075
3634.754 64.1 1.133 -0.05 "" ""
3634.755 607.01214 2.175 -3.477 7.724 1009Qd0085
3634.764 106.00113 0.952 -6.248 3.464 AX31P195
3634.78 60.1 0.0 -1.97 LAWLER ""
3634.831 106.00112 1.314 -8.022 3.464 AX42R205
3634.842 106.00112 0.098 -6.825 3.464 BX10Q075
3634.854 106.00112 0.098 -2.204 3.464 BX10R075
3634.863 24.0 3.432 -0.75 "" ""
3634.87 60.1 0.38 -0.94 LAWLER ""
3634.91 62.1 0.04 -1.27 LAWLER ""
3634.921 106.00113 0.097 -2.276 3.464 BX10R065
3634.924 27.0 3.131 -7.76 "" ""
3634.928 44.0 0.259 -0.39 "" ""
3634.947 28.0 0.422 -2.72 LAWLER ""
3634.974 607.01214 2.172 -1.3 7.724 1009Ra0075
3634.989 24.0 4.102 -0.45 "" ""
3635.03 25.1 5.544 -4.68 "" ""
3635.036 607.01214 2.175 -0.63 7.724 0908Pb0325
3635.041 607.01314 2.129 -1.253 7.724 1009Ra0075
3635.043 23.0 2.255 -2.63 "" ""
3635.056 607.01214 2.175 -3.982 7.724 0908Qc0325
3635.071 607.01314 2.129 -1.306 7.724 1009Rb0065
3635.075 26.0 3.637 -1.81 "" ""
3635.077 607.01314 2.129 -3.377 7.724 1009Qd0075
3635.082 607.01214 2.175 -0.62 7.724 0908Pa0335
3635.119 607.01214 2.172 -1.353 7.724 1009Rb0065
3635.127 42.1 3.14 -0.96 "" ""
3635.13 607.01214 2.172 -3.424 7.724 1009Qd0075
3635.146 106.00112 1.368 -5.658 3.464 AX31R255
3635.161 106.00113 0.097 -6.825 3.464 BX10Q075
3635.181 26.0 3.684 -5.53 "" ""
3635.186 106.00113 0.097 -2.204 3.464 BX10R075
3635.186 26.0 3.265 -0.58 "" ""
3635.205 22.0 0.048 -1.74 "" ""
3635.226 22.0 2.173 -1.49 "" ""
3635.226 28.0 3.633 -4.02 "" ""
3635.232 24.0 3.963 -3.55 "" ""
3635.242 90.1 1.956 -0.0 "" ""
3635.243 106.00112 1.368 -6.906 3.464 AX31Q255
3635.269 66.1 1.462 0.23 "" ""
3635.278 24.0 0.0 -3.67 "" ""
3635.285 106.00112 1.368 -10.008 3.464 AX31R245
3635.285 26.0 2.863 -2.13 "" ""
3635.293 21.0 1.994 -1.57 "" ""
3635.294 26.0 2.988 -5.7 "" ""
3635.295 92.0 0.471 -0.18 "" ""
3635.323 41.0 1.549 -0.25 "" ""
3635.324 39.1 3.411 0.0 "" ""
3635.334 23.0 2.121 -2.03 "" ""
3635.342 22.1 1.23 -2.12 "" ""
3635.355 607.01214 2.169 -1.353 7.724 1009Ra0065
3635.378 23.0 2.113 -2.43 "" ""
3635.389 26.0 3.639 -3.63 "" ""
3635.392 24.0 2.87 -2.95 "" ""
3635.41 92.1 0.0 -1.54 "" ""
3635.416 24.1 4.473 -3.54 "" ""
3635.419 28.0 3.844 -2.33 "" ""
3635.419 90.1 2.729 0.92 "" ""
3635.42 607.01314 2.126 -1.306 7.724 1009Ra0065
3635.423 72.0 0.699 -1.39 "" ""
3635.43 106.00113 0.638 -6.386 3.464 AX31Q125
3635.43 65.1 0.638 -0.31 LAWNOHFS ""
3635.443 22.0 2.159 -1.95 "" ""
3635.447 607.01314 2.126 -1.368 7.724 1009Rb0055
3635.452 607.01314 2.126 -3.318 7.724 1009Qd0065
3635.454 106.00113 0.638 -4.413 3.464 AX31P125
3635.462 22.0 0.0 0.1 LAWLER ""
3635.491 106.00113 0.639 -4.367 3.464 AX31P135
3635.503 21.0 2.336 -3.9 "" ""
3635.503 607.01214 2.169 -1.415 7.724 1009Rb0055
3635.506 106.00113 0.708 -4.425 3.464 AX42Q045
3635.511 44.0 1.192 -1.14 "" ""
3635.513 607.01214 2.169 -3.365 7.724 1009Qd0065
3635.552 22.1 3.092 -5.29 "" ""
3635.578 26.0 3.249 -3.08 "" ""
3635.581 106.00113 0.708 -5.788 3.464 AX42R045
3635.592 25.1 6.663 -2.92 "" ""
3635.613 42.0 2.521 -0.94 "" ""
3635.636 106.00112 0.004 -3.497 3.464 BX10P015
3635.641 106.00112 0.004 -2.482 3.464 BX10Q015
3635.652 106.00113 0.708 -4.424 3.464 AX42Q045
3635.663 106.00112 1.366 -7.762 3.464 AX41P245
3635.699 24.0 4.236 -1.57 "" ""
3635.727 106.00113 0.708 -5.795 3.464 AX42R045
3635.746 26.0 3.94 0.17 "" ""
3635.747 607.01214 2.166 -1.415 7.724 1009Ra0055
3635.75 607.01214 2.19 -0.62 7.724 0908Pb0335
3635.752 106.00112 0.71 -4.425 3.464 AX42Q045
3635.776 607.01214 2.19 -3.999 7.724 0908Qc0335
3635.788 25.1 6.908 -8.28 "" ""
3635.801 25.0 4.723 -0.48 "" ""
3635.804 607.01214 2.19 -0.61 7.724 0908Pa0345
3635.808 607.01314 2.124 -1.368 7.724 1009Ra0055
3635.816 106.00113 0.708 -5.673 3.464 AX42P055
3635.822 106.00112 0.71 -5.788 3.464 AX42R045
3635.822 26.0 2.83 -1.95 "" ""
3635.832 607.01314 2.124 -1.44 7.724 1009Rb0045
3635.836 607.01314 2.124 -3.25 7.724 1009Qd0055
3635.888 24.0 3.886 -3.56 "" ""
3635.891 106.00113 0.708 -4.339 3.464 AX42Q055
3635.896 607.01214 2.166 -1.487 7.724 1009Rb0045
3635.899 106.00112 0.71 -4.424 3.464 AX42Q045
3635.901 607.01214 2.166 -3.296 7.724 1009Qd0055
3635.913 23.0 1.954 -2.33 "" ""
3635.928 29.0 5.677 -0.78 "" ""
3635.94 106.00113 0.708 -5.668 3.464 AX42P055
3635.967 23.0 1.798 -5.71 "" ""
3635.97 106.00112 0.71 -5.795 3.464 AX42R045
3636.001 24.0 3.32 -4.55 "" ""
3636.015 106.00113 0.708 -4.339 3.464 AX42Q055
3636.027 106.00113 0.004 -3.496 3.464 BX10P015
3636.032 106.00113 0.004 -2.482 3.464 BX10Q015
3636.044 106.00113 0.269 -4.74 3.464 BX10R125
3636.044 24.1 6.798 -4.67 "" ""
3636.063 106.00112 0.71 -5.673 3.464 AX42P055
3636.064 27.0 3.131 -5.26 "" ""
3636.102 62.0 0.387 -1.45 "" ""
3636.108 62.1 0.378 -1.4 "" ""
3636.133 106.00112 0.71 -4.339 3.464 AX42Q055
3636.133 106.00112 1.704 -7.127 3.464 CX24R175
3636.15 607.01214 2.164 -1.487 7.724 1009Ra0045
3636.162 26.0 2.196 -1.87 OBR91 ""
3636.163 26.0 3.209 -1.21 "" ""
3636.184 25.0 4.243 -4.17 "" ""
3636.189 106.00112 0.71 -5.668 3.464 AX42P055
3636.191 24.0 2.542 -1.97 "" ""
3636.194 77.0 1.466 -1.07 "" ""
3636.197 27.0 3.051 -7.16 "" ""
3636.204 607.01314 2.121 -1.44 7.724 1009Ra0045
3636.207 23.0 2.053 -6.67 "" ""
3636.219 106.00112 0.002 -2.927 3.464 BX10Q005
3636.224 26.0 3.544 -0.52 "" ""
3636.225 607.01314 2.121 -1.528 7.724 1009Rb0035
3636.228 607.01314 2.121 -3.169 7.724 1009Qd0045
3636.233 27.0 3.25 -3.71 "" ""
3636.25 71.0 0.247 -0.35 "" ""
3636.253 66.1 1.223 -0.35 "" ""
3636.256 106.00113 0.953 -4.027 3.464 AX31Q195
3636.257 106.00113 0.953 -6.983 3.464 AX31R185
3636.259 106.00112 0.71 -4.339 3.464 AX42Q055
3636.262 106.00112 0.01 -2.482 3.464 BX10Q015
3636.27 106.00112 0.01 -4.182 3.464 BX10R015
3636.283 106.00113 0.953 -6.228 3.464 AX31P195
3636.284 106.00113 0.953 -4.035 3.464 AX31Q185
3636.294 28.0 3.652 -2.15 "" ""
3636.295 68.1 0.669 -1.59 LAWLER ""
3636.296 607.01214 2.164 -1.574 7.724 1009Rb0035
3636.297 607.01214 2.164 -3.215 7.724 1009Qd0045
3636.302 106.00113 1.371 -9.744 3.464 CX02Q215
3636.336 25.0 3.13 -4.76 "" ""
3636.374 26.0 3.015 -1.09 "" ""
3636.409 106.00113 1.243 -10.6 3.464 CX13R135
3636.41 68.0 1.432 0.91 "" ""
3636.432 26.0 3.015 -4.83 "" ""
3636.444 40.1 0.466 -1.24 Ljung06 ""
3636.474 106.00112 1.316 -7.963 3.464 AX42R205
3636.48 607.01214 2.205 -0.61 7.724 0908Pb0345
3636.481 26.0 3.263 -2.1 "" ""
3636.488 23.0 1.852 -9.23 "" ""
3636.501 106.00112 0.27 -4.74 3.464 BX10R125
3636.505 26.0 1.556 -4.58 "" ""
3636.513 607.01214 2.205 -4.015 7.724 0908Qc0345
3636.542 607.01214 2.205 -0.6 7.724 0908Pa0355
3636.551 24.0 2.543 -0.59 "" ""
3636.565 607.01214 2.162 -1.574 7.724 1009Ra0035
3636.587 24.0 2.543 0.25 "" ""
3636.602 106.00113 0.002 -2.927 3.464 BX10Q005
3636.607 607.01314 2.12 -1.528 7.724 1009Ra0035
3636.608 26.1 4.146 -3.83 "" ""
3636.625 607.01314 2.12 -1.639 7.724 1009Rb0025
3636.627 607.01314 2.12 -3.069 7.724 1009Qd0035
3636.646 106.00113 0.01 -2.481 3.464 BX10Q015
3636.648 20.0 4.128 -5.09 "" ""
3636.649 26.0 3.015 -1.39 "" ""
3636.654 106.00113 0.01 -4.182 3.464 BX10R015
3636.663 57.0 0.13 -1.08 "" ""
3636.699 607.01214 2.162 -3.115 7.724 1009Qd0035
3636.704 607.01214 2.162 -1.686 7.724 1009Rb0025
3636.716 25.1 5.516 -3.54 "" ""
3636.716 27.0 1.954 -1.2 LAWNHFS ""
3636.779 42.0 2.985 -2.25 "" ""
3636.817 42.0 3.161 -1.07 "" ""
3636.829 26.0 3.015 -3.73 "" ""
3636.832 106.00113 1.371 -6.63 3.464 CX02R215
3636.836 106.00113 0.992 -4.78 3.464 AX42R135
3636.849 26.0 3.298 -2.44 "" ""
3636.856 106.00113 1.371 -6.55 3.464 CX02R205
3636.868 22.0 2.152 -2.45 "" ""
3636.889 26.1 4.15 -5.39 "" ""
3636.907 106.00113 0.992 -4.901 3.464 AX42R145
3636.907 23.0 2.503 -8.52 "" ""
3636.936 106.00113 0.992 -6.283 3.464 AX42Q145
3636.94 41.0 1.531 -0.27 "" ""
3636.981 60.1 1.772 0.85 "" ""
3636.994 26.0 2.586 -1.58 "" ""
3636.994 607.01214 2.161 -1.686 7.724 1009Ra0025
3637.01 26.0 3.281 -3.49 "" ""
3637.019 607.01314 2.119 -1.64 7.724 1009Ra0025
3637.033 607.01314 2.119 -1.793 7.724 1009Rb0015
3637.035 607.01314 2.119 -2.938 7.724 1009Qd0025
3637.038 28.0 3.844 -3.57 "" ""
3637.046 26.0 3.015 -2.01 "" ""
3637.051 25.1 4.932 -4.95 "" ""
3637.06 75.0 1.713 -0.92 "" ""
3637.068 26.0 3.639 -3.66 "" ""
3637.073 106.00112 0.011 -3.865 3.464 BX10P025
3637.081 106.00112 0.011 -2.287 3.464 BX10Q025
3637.092 27.0 3.277 -4.31 "" ""
3637.108 607.01214 2.161 -2.984 7.724 1009Qd0025
3637.115 106.00112 0.411 -7.671 3.464 AX20P145
3637.117 607.01214 2.161 -1.84 7.724 1009Rb0015
3637.13 24.0 3.407 -4.66 "" ""
3637.141 57.1 0.708 -1.08 "" ""
3637.16 68.1 0.636 -0.89 LAWLER ""
3637.163 27.0 3.051 -5.23 "" ""
3637.224 60.1 1.36 0.44 "" ""
3637.228 607.01214 2.22 -0.6 7.724 0908Pb0355
3637.233 23.0 2.027 -1.9 "" ""
3637.248 26.0 2.431 -1.9 "" ""
3637.269 607.01214 2.22 -4.031 7.724 0908Qc0355
3637.28 66.1 0.54 -1.15 LAWLER ""
3637.298 607.01214 2.22 -0.591 7.724 0908Pa0365
3637.313 26.0 3.394 -4.83 "" ""
3637.318 27.0 2.326 -1.27 LAWNHFS ""
3637.336 106.00113 1.359 -10.007 3.464 AX31R245
3637.347 23.0 2.262 -2.42 "" ""
3637.358 106.00113 1.359 -5.657 3.464 AX31R255
3637.371 106.00113 1.359 -6.943 3.464 AX31Q255
3637.378 23.0 1.798 -2.72 "" ""
3637.423 27.0 2.04 -4.87 "" ""
3637.438 607.01214 2.16 -1.84 7.724 1009Ra0015
3637.438 607.01314 2.118 -1.794 7.724 1009Ra0015
3637.449 607.01314 2.118 -2.048 7.724 1009Rb0005
3637.45 607.01314 2.118 -2.746 7.724 1009Qd0015
3637.453 106.00113 0.011 -3.865 3.464 BX10P025
3637.46 106.00113 0.011 -2.287 3.464 BX10Q025
3637.461 44.0 1.697 -0.39 "" ""
3637.493 23.0 1.871 -7.07 "" ""
3637.507 42.0 2.595 -1.08 "" ""
3637.51 92.0 0.742 -0.01 "" ""
3637.524 607.01214 2.16 -2.792 7.724 1009Qd0015
3637.535 607.01214 2.16 -2.094 7.724 1009Rb0005
3637.54 41.0 1.504 -0.3 "" ""
3637.551 26.0 3.651 -2.74 "" ""
3637.556 90.1 0.829 -1.22 "" ""
3637.593 72.0 0.699 -1.66 "" ""
3637.733 26.0 2.557 -2.56 "" ""
3637.745 58.1 0.445 -0.93 "" ""
3637.754 70.1 2.654 -0.29 "" ""
3637.769 106.00113 0.992 -4.78 3.464 AX42R135
3637.782 106.00112 1.378 -6.629 3.464 CX02R215
3637.785 106.00113 0.992 -4.901 3.464 AX42R145
3637.799 24.1 5.869 -2.88 "" ""
3637.81 106.00113 0.992 -6.26 3.464 AX42Q145
3637.816 24.0 4.201 -1.63 "" ""
3637.84 26.0 3.684 -4.0 "" ""
3637.846 75.0 1.435 -1.29 "" ""
3637.854 51.0 2.288 -0.66 "" ""
3637.865 26.0 2.938 -1.01 "" ""
3637.866 607.01314 2.117 -2.048 7.724 1009Ra0005
3637.872 607.01314 2.117 -2.348 7.724 1009Qd0005
3637.88 106.00112 1.378 -9.744 3.464 CX02Q215
3637.894 26.0 3.234 -4.54 "" ""
3637.895 607.01214 2.16 -2.094 7.724 1009Ra0005
3637.901 106.00112 1.378 -6.549 3.464 CX02R205
3637.911 106.00112 0.995 -4.779 3.464 AX42R135
3637.925 106.00112 1.255 -7.344 3.464 AX52P185
3637.949 607.01214 2.16 -2.394 7.724 1009Qd0005
3637.965 22.0 0.0 -2.0 LAWLER ""
3637.98 106.00112 0.995 -4.9 3.464 AX42R145
3637.994 22.0 0.818 -4.44 "" ""
3637.994 607.01214 2.236 -0.591 7.724 0908Pb0365
3638.008 44.0 1.865 -0.92 "" ""
3638.013 106.00112 0.995 -6.283 3.464 AX42Q145
3638.037 23.0 1.929 -3.23 "" ""
3638.039 25.0 4.791 -1.85 "" ""
3638.07 22.0 1.748 -5.02 "" ""
3638.074 106.00113 0.409 -7.671 3.464 AX20P145
3638.09 60.1 0.064 -2.0 LAWLER ""
3638.13 68.1 0.891 -1.92 LAWLER ""
3638.157 106.00112 1.248 -10.599 3.464 CX13R135
3638.157 26.0 2.849 -1.12 "" ""
3638.167 23.1 4.772 -4.02 "" ""
3638.186 106.00112 1.368 -7.829 3.464 AX41P245
3638.191 24.0 2.98 -9.97 "" ""
3638.198 92.0 0.471 0.57 "" ""
3638.204 42.0 2.274 -0.68 "" ""
3638.208 106.00113 0.727 -4.333 3.464 AX42Q055
3638.219 24.0 4.093 -1.04 "" ""
3638.239 26.0 2.725 -2.17 "" ""
3638.263 106.00112 0.412 -7.716 3.464 AX20P145
3638.265 106.00113 0.727 -5.89 3.464 AX42R055
3638.279 58.1 0.721 -0.71 BIEMONT ""
3638.296 26.0 2.756 -0.33 "" ""
3638.319 90.0 0.615 -0.87 "" ""
3638.351 26.0 2.607 -5.75 "" ""
3638.411 106.00113 0.727 -4.333 3.464 AX42Q055
3638.411 69.0 1.625 0.65 "" ""
3638.412 42.0 2.521 -1.19 "" ""
3638.436 26.1 6.083 -4.1 "" ""
3638.466 106.00113 1.371 -7.606 3.464 AX42R215
3638.467 106.00113 0.727 -5.724 3.464 AX42P065
3638.468 106.00113 0.727 -5.898 3.464 AX42R055
3638.474 24.1 4.94 -3.14 "" ""
3638.483 22.0 1.442 -3.6 "" ""
3638.5 106.00112 0.729 -4.333 3.464 AX42Q055
3638.523 106.00113 0.727 -4.264 3.464 AX42Q065
3638.526 24.0 3.435 -4.6 "" ""
3638.535 21.0 1.447 -5.91 "" ""
3638.536 42.0 2.644 -1.26 "" ""
