wavelength species excitation loggf disassociation_energy comment
3776.028 106.00113 1.031 -5.739 3.464 CX13P055
3776.052 106.00112 1.539 -5.113 3.464 CX35Q005
3776.053 22.1 1.581 -1.24 LAWLER ""
3776.056 106.00112 1.22 -6.05 3.464 AX21R235
3776.097 42.0 3.185 -0.88 "" ""
3776.123 23.0 1.954 -0.78 "" ""
3776.126 106.00113 1.031 -10.621 3.464 CX13Q055
3776.127 21.0 2.606 -3.92 "" ""
3776.135 58.1 1.922 0.38 "" ""
3776.174 24.0 2.708 -2.19 "" ""
3776.176 106.00112 1.279 -7.209 3.464 CX24P025
3776.202 106.00112 1.016 -10.916 3.464 CX13Q045
3776.224 106.00112 1.016 -5.829 3.464 CX13P045
3776.229 106.00113 1.031 -5.659 3.464 CX13P065
3776.257 76.0 1.613 -1.23 "" ""
3776.269 106.00113 1.214 -6.05 3.464 AX21R235
3776.271 90.0 1.09 -0.28 "" ""
3776.289 106.00112 1.666 -6.968 3.464 CX35R085
3776.301 25.0 5.083 -0.89 "" ""
3776.323 24.0 3.553 -1.83 "" ""
3776.325 106.00112 1.085 -6.104 3.464 AX21R215
3776.325 23.0 1.941 -2.74 "" ""
3776.332 60.1 1.337 0.36 "" ""
3776.333 106.00112 0.694 -5.704 3.464 CX02Q045
3776.343 106.00112 1.666 -3.878 3.464 CX35Q085
3776.36 106.00112 0.694 -7.787 3.464 CX02P045
3776.364 106.00113 0.669 -7.503 3.464 CX02P025
3776.411 106.00113 0.669 -5.931 3.464 CX02Q025
3776.424 607.01214 3.034 -4.53 7.724 1413Qc0005
3776.428 607.01214 3.034 -4.245 7.724 1413Pa0015
3776.441 106.00112 1.666 -3.809 3.464 CX35Q095
3776.446 106.00112 1.02 -6.163 3.464 AX21R205
3776.455 26.0 2.174 -1.68 BEL17 ""
3776.477 92.0 0.53 0.1 "" ""
3776.49 65.1 0.426 0.25 LAWNOHFS ""
3776.495 106.00112 1.666 -6.983 3.464 CX35P095
3776.499 106.00112 1.016 -5.74 3.464 CX13P055
3776.534 25.0 2.113 -2.49 "" ""
3776.543 42.0 2.593 -1.52 "" ""
3776.554 106.00113 1.08 -7.188 3.464 AX31P205
3776.559 22.0 2.406 -3.62 "" ""
3776.56 39.1 0.13 -0.83 Biemont11 ""
3776.586 106.00113 0.952 -6.279 3.464 AX21R195
3776.602 41.0 0.142 -1.8 "" ""
3776.606 58.1 0.445 -0.77 LAWLER ""
3776.609 42.0 3.393 -1.19 "" ""
3776.72 24.0 3.553 -1.73 "" ""
3776.829 64.0 0.896 0.25 "" ""
3776.87 23.0 1.349 -1.69 LAWNOHFS ""
3776.92 66.1 1.22 -1.0 LAWLER ""
3776.923 607.01214 3.035 -4.923 7.724 1413Qc0015
3776.924 607.01214 3.035 -4.245 7.724 1413Pb0015
3776.93 607.01214 3.035 -3.996 7.724 1413Pa0025
3776.941 106.00112 1.152 -6.045 3.464 AX21R225
3776.956 23.0 2.121 -4.45 "" ""
3776.994 76.0 1.259 -1.21 "" ""
3776.996 106.00112 1.694 -6.99 3.464 CX35R095
3777.0 60.1 1.246 0.02 "" ""
3777.003 106.00112 1.443 -5.478 3.464 AX42Q225
3777.03 106.00112 1.443 -6.839 3.464 AX42R215
3777.032 106.00112 0.663 -7.221 3.464 CX02R005
3777.032 26.0 3.881 -3.24 "" ""
3777.041 106.00112 0.663 -6.569 3.464 CX02Q005
3777.055 106.00112 1.694 -3.809 3.464 CX35Q095
3777.065 106.00113 1.135 -4.589 3.464 AX53P095
3777.066 26.0 2.988 -1.68 "" ""
3777.074 27.0 2.278 -3.63 "" ""
3777.082 106.00112 1.443 -6.384 3.464 AX42P225
3777.094 106.00113 1.08 -6.104 3.464 AX21R215
3777.096 106.00113 1.135 -6.535 3.464 AX53Q095
3777.105 106.00112 0.896 -6.337 3.464 AX21R185
3777.109 106.00112 1.443 -4.799 3.464 AX42Q215
3777.111 27.0 3.574 -2.02 "" ""
3777.127 106.00112 0.681 -8.162 3.464 CX02R025
3777.131 106.00112 1.694 -3.742 3.464 CX35Q105
3777.132 106.00113 1.425 -4.015 3.464 AX53R165
3777.136 73.0 1.146 -1.22 "" ""
3777.145 26.0 4.368 -3.52 "" ""
3777.147 106.00112 0.681 -5.931 3.464 CX02Q025
3777.157 22.0 1.878 -2.98 "" ""
3777.157 23.0 0.017 -2.9 "" ""
3777.171 27.0 3.064 -4.29 "" ""
3777.175 106.00113 1.425 -3.794 3.464 AX53R175
3777.182 22.0 2.66 -2.14 "" ""
3777.186 106.00112 1.65 -5.096 3.464 CX02P255
3777.19 106.00112 1.694 -7.018 3.464 CX35P105
3777.205 106.00113 1.425 -6.901 3.464 AX53Q175
3777.209 106.00113 0.663 -7.174 3.464 CX02P015
3777.233 106.00112 1.65 -10.457 3.464 CX02Q245
3777.236 106.00113 0.663 -6.124 3.464 CX02Q015
3777.24 106.00112 0.958 -6.222 3.464 AX21R195
3777.248 106.00113 1.135 -4.564 3.464 AX53P105
3777.27 41.0 0.348 -1.9 "" ""
3777.317 24.0 2.542 -1.92 "" ""
3777.317 27.0 3.064 -5.42 "" ""
3777.319 24.0 4.201 -3.74 "" ""
3777.331 26.0 3.428 -1.72 "" ""
3777.343 106.00112 1.65 -5.056 3.464 CX02P245
3777.348 42.0 2.932 -1.61 "" ""
3777.373 106.00113 1.015 -6.163 3.464 AX21R205
3777.383 23.0 1.954 -3.35 "" ""
3777.417 90.0 0.929 -0.98 "" ""
3777.43 66.0 1.78 1.05 "" ""
3777.449 26.0 2.557 -1.78 "" ""
3777.45 607.01214 3.036 -5.107 7.724 1413Qc0025
3777.451 607.01214 3.036 -3.996 7.724 1413Pb0025
3777.459 607.01214 3.036 -3.844 7.724 1413Pa0035
3777.465 25.0 4.723 -3.85 "" ""
3777.482 106.00113 1.147 -6.045 3.464 AX21R225
3777.498 23.0 2.377 -0.9 "" ""
3777.526 24.0 3.548 -2.64 "" ""
3777.537 27.0 2.079 -1.35 LAWNHFS ""
3777.587 44.0 0.385 -0.92 "" ""
3777.59 60.1 0.182 -1.93 LAWLER ""
3777.604 106.00113 1.136 -4.589 3.464 AX53P095
3777.619 68.1 0.891 -0.89 LAWLER ""
3777.635 106.00113 1.136 -6.552 3.464 AX53Q095
3777.647 41.0 1.893 -0.29 "" ""
3777.655 72.0 0.0 -0.75 "" ""
3777.659 75.0 2.136 -0.58 "" ""
3777.662 58.1 0.232 -1.13 LAWLER ""
3777.677 106.00112 0.681 -5.801 3.464 CX02Q035
3777.698 106.00112 0.681 -7.675 3.464 CX02P035
3777.715 23.0 2.914 -3.28 "" ""
3777.72 42.0 3.499 -0.41 "" ""
3777.745 25.0 2.918 -3.88 "" ""
3777.749 106.00113 1.136 -4.564 3.464 AX53P105
3777.758 106.00113 1.34 -5.648 3.464 CX24P065
3777.783 106.00112 1.324 -9.37 3.464 CX24Q055
3777.813 106.00112 1.324 -5.705 3.464 CX24P055
3777.854 106.00113 1.34 -9.297 3.464 CX24Q065
3777.89 106.00113 1.34 -5.587 3.464 CX24P075
3777.899 24.0 2.543 -3.32 "" ""
3777.902 44.1 2.632 0.0 "" ""
3777.916 106.00112 1.724 -7.009 3.464 CX35R105
3777.921 106.00112 0.671 -8.014 3.464 CX02R015
3777.936 106.00112 0.671 -6.126 3.464 CX02Q015
3777.938 24.0 2.543 -2.85 "" ""
3777.973 106.00113 1.286 -5.991 3.464 AX21R245
3777.981 106.00112 1.724 -3.742 3.464 CX35Q105
3778.004 607.01214 3.038 -5.226 7.724 1413Qc0035
3778.005 607.01214 3.038 -3.844 7.724 1413Pb0035
3778.007 106.00112 1.324 -5.649 3.464 CX24P065
3778.015 607.01214 3.038 -3.731 7.724 1413Pa0045
3778.017 42.0 2.595 -2.32 "" ""
3778.037 106.00112 1.724 -3.677 3.464 CX35Q115
3778.057 28.0 0.025 -3.21 "" ""
3778.078 106.00113 1.053 -5.657 3.464 CX13P065
3778.102 106.00112 1.724 -7.046 3.464 CX35P115
3778.129 45.0 1.675 -0.02 "" ""
3778.14 62.1 1.492 -0.01 LAWLER ""
3778.162 26.0 4.1 -1.04 "" ""
3778.196 106.00113 1.053 -10.496 3.464 CX13Q065
3778.218 106.00113 0.892 -6.336 3.464 AX21R185
3778.219 106.00112 1.292 -5.99 3.464 AX21R245
3778.233 106.00113 1.053 -5.585 3.464 CX13P075
3778.268 23.0 2.377 -2.26 "" ""
3778.274 106.00113 0.953 -6.222 3.464 AX21R195
3778.311 106.00112 1.381 -4.25 3.464 AX53R155
3778.315 26.0 2.829 -1.82 "" ""
3778.318 25.1 6.523 -0.86 "" ""
3778.318 68.1 1.535 -0.21 "" ""
3778.325 106.00112 0.988 -7.443 3.464 CX13P025
3778.332 106.00113 1.541 -4.541 3.464 CX35P015
3778.336 106.00113 1.57 -5.057 3.464 CX02P245
3778.343 23.1 1.678 -1.17 LAWNOHFS ""
3778.348 106.00113 1.541 -9.322 3.464 CX35Q015
3778.355 106.00112 1.381 -4.008 3.464 AX53R165
3778.364 26.1 5.952 -3.0 "" ""
3778.367 106.00112 1.222 -5.984 3.464 AX21R235
3778.4 106.00112 1.381 -7.385 3.464 AX53Q165
3778.401 24.0 4.486 -3.61 "" ""
3778.458 106.00113 1.57 -5.032 3.464 CX02P235
3778.502 106.00112 1.542 -4.572 3.464 CX35P015
3778.509 26.0 3.249 -0.88 "" ""
3778.534 106.00112 1.034 -10.621 3.464 CX13Q055
3778.55 74.0 2.434 -0.22 "" ""
3778.56 106.00112 1.034 -5.738 3.464 CX13P055
3778.561 106.00112 0.157 -10.393 3.464 AX10R095
3778.584 106.00113 1.216 -5.984 3.464 AX21R235
3778.585 607.01214 3.04 -5.312 7.724 1413Qc0045
3778.587 607.01214 3.04 -3.731 7.724 1413Pb0045
3778.59 26.1 7.113 -4.01 "" ""
3778.599 607.01214 3.04 -3.638 7.724 1413Pa0055
3778.608 106.00113 1.426 -3.794 3.464 AX53R175
3778.619 26.0 3.299 -3.0 "" ""
3778.625 106.00113 1.426 -4.015 3.464 AX53R165
3778.635 106.00113 1.426 -6.873 3.464 AX53Q175
3778.652 106.00112 0.898 -6.282 3.464 AX21R185
3778.668 24.1 5.007 -2.2 "" ""
3778.673 68.0 0.954 0.18 "" ""
3778.677 23.0 0.286 -1.0 LAWNOHFS ""
3778.683 74.0 2.265 -0.4 "" ""
3778.698 26.0 2.196 -2.01 OBR91 ""
3778.703 44.0 1.588 -0.73 "" ""
3778.736 106.00112 0.672 -5.93 3.464 CX02Q025
3778.751 106.00112 0.672 -7.503 3.464 CX02P025
3778.773 106.00112 1.035 -5.658 3.464 CX13P065
3778.784 106.00113 0.661 -6.57 3.464 CX02Q005
3778.793 26.0 3.265 -2.08 "" ""
3778.807 23.0 1.941 -3.77 "" ""
3778.866 23.0 1.375 -2.03 "" ""
3778.879 25.0 3.768 -7.28 "" ""
3778.974 22.0 1.052 -1.88 "" ""
3778.975 106.00113 1.542 -4.544 3.464 CX35P025
3779.014 106.00112 0.157 -10.362 3.464 AX10R095
3779.029 22.0 1.501 -2.78 "" ""
3779.03 66.1 1.46 -0.72 LAWLER ""
3779.032 22.0 2.394 -0.69 "" ""
3779.071 106.00113 1.57 -10.405 3.464 CX02Q235
3779.079 25.1 6.128 -8.13 "" ""
3779.086 23.1 1.702 -4.39 "" ""
3779.095 106.00112 1.758 -7.025 3.464 CX35R115
3779.157 22.0 0.825 -5.28 "" ""
3779.166 106.00112 1.758 -3.677 3.464 CX35Q115
3779.194 607.01214 3.043 -5.375 7.724 1413Qc0055
3779.197 607.01214 3.043 -3.638 7.724 1413Pb0055
3779.203 106.00112 1.758 -3.614 3.464 CX35Q125
3779.203 26.0 2.759 -2.46 RUF14 ""
3779.21 607.01214 3.043 -3.557 7.724 1413Pa0065
3779.22 65.1 0.439 -0.52 LAWNOHFS ""
3779.232 106.00112 0.84 -6.395 3.464 AX21R175
3779.233 66.1 1.652 -0.08 "" ""
3779.253 24.0 3.077 -3.35 "" ""
3779.274 106.00112 1.758 -7.069 3.464 CX35P125
3779.32 27.0 3.252 -5.1 "" ""
3779.381 106.00113 1.077 -6.93 3.464 AX53P075
3779.416 26.0 2.557 -2.04 BEL17 ""
3779.454 26.0 3.271 -1.17 "" ""
3779.46 42.0 2.596 -1.92 "" ""
3779.46 60.1 0.182 -0.56 LAWLER ""
3779.503 106.00112 0.466 -1.565 3.464 BX10Q155
3779.508 26.0 2.221 -2.26 "" ""
3779.518 106.00112 1.382 -4.008 3.464 AX53R165
3779.528 106.00112 0.466 -4.954 3.464 BX10P165
3779.541 106.00112 1.382 -4.25 3.464 AX53R155
3779.554 106.00112 0.466 -4.94 3.464 BX10R155
3779.56 62.1 0.659 -1.14 LAWLER ""
3779.563 106.00112 1.382 -7.358 3.464 AX53Q165
3779.569 106.00112 0.665 -6.123 3.464 CX02Q015
3779.576 26.1 2.542 -3.78 "" ""
3779.578 106.00112 0.665 -7.174 3.464 CX02P015
3779.579 106.00112 0.466 -1.562 3.464 BX10Q165
3779.607 24.0 2.542 -4.16 "" ""
3779.607 58.1 0.559 -0.63 BIEMONT ""
3779.618 24.1 5.315 -3.13 "" ""
3779.638 23.0 1.349 -0.84 "" ""
3779.657 24.0 4.486 -3.72 "" ""
3779.658 23.0 1.954 -5.26 "" ""
3779.699 22.0 2.101 -4.01 "" ""
3779.735 106.00113 1.078 -6.954 3.464 AX53P075
3779.746 23.0 2.113 -5.54 "" ""
3779.758 106.00113 0.894 -6.282 3.464 AX21R185
3779.761 23.0 1.944 -1.55 "" ""
3779.765 42.0 2.075 -0.94 "" ""
3779.805 23.0 1.929 -2.58 "" ""
3779.83 607.01214 3.045 -5.423 7.724 1413Qc0065
3779.834 607.01214 3.045 -3.557 7.724 1413Pb0065
3779.838 64.1 1.126 -0.65 "" ""
3779.849 607.01214 3.045 -3.484 7.724 1413Pa0075
3779.861 106.00113 1.077 -5.584 3.464 CX13P075
3779.947 23.0 1.948 -3.07 "" ""
3779.98 106.00113 1.077 -5.521 3.464 CX13P085
3779.995 24.0 2.706 -3.05 "" ""
3779.999 106.00113 1.077 -10.436 3.464 CX13Q075
3780.003 106.00113 1.25 -6.69 3.464 AX42Q185
3780.003 25.0 3.769 -6.65 "" ""
3780.003 25.0 3.769 -7.66 "" ""
3780.012 106.00113 0.156 -10.392 3.464 AX10R095
3780.053 106.00113 1.25 -4.065 3.464 AX42P185
3780.056 29.0 5.501 -1.9 "" ""
3780.071 106.00113 1.25 -4.067 3.464 AX42P195
3780.105 24.0 2.542 -4.05 "" ""
3780.15 62.1 0.104 -2.11 LAWLER ""
3780.193 106.00113 1.287 -7.432 3.464 CX24P035
3780.215 106.00113 1.364 -5.585 3.464 CX24P075
3780.235 27.0 3.565 -1.96 "" ""
3780.255 26.0 3.926 -3.03 "" ""
3780.308 66.0 1.488 0.4 "" ""
3780.31 106.00113 1.364 -5.516 3.464 CX24P085
3780.328 106.00113 1.364 -9.234 3.464 CX24Q075
3780.374 21.0 1.427 -8.44 "" ""
3780.38 60.1 0.471 -0.35 LAWLER ""
3780.384 22.0 1.429 -1.69 LAWLER ""
3780.385 106.00112 1.345 -9.296 3.464 CX24Q065
3780.392 106.00113 0.836 -6.395 3.464 AX21R175
3780.421 106.00112 1.345 -5.648 3.464 CX24P065
3780.421 21.0 1.985 -2.95 "" ""
3780.422 23.0 2.676 -6.43 "" ""
3780.446 22.0 2.159 -5.9 "" ""
3780.453 106.00113 1.288 -5.922 3.464 AX21R245
3780.461 106.00113 0.156 -10.361 3.464 AX10R095
3780.493 22.0 2.66 -1.93 "" ""
3780.495 607.01214 3.049 -5.46 7.724 1413Qc0075
3780.497 106.00113 1.359 -5.929 3.464 AX21R255
3780.498 607.01214 3.049 -3.484 7.724 1413Pb0075
3780.507 25.0 4.341 -3.33 "" ""
3780.516 28.0 3.191 -6.48 "" ""
3780.516 607.01214 3.049 -3.416 7.724 1413Pa0085
3780.52 106.00112 0.581 -4.974 3.464 BX10R185
3780.52 40.0 0.0 -0.73 "" ""
3780.551 21.0 1.985 -2.33 "" ""
3780.57 106.00112 1.345 -5.586 3.464 CX24P075
3780.578 106.00112 1.793 -7.04 3.464 CX35R125
3780.594 106.00112 1.056 -10.496 3.464 CX13Q065
3780.599 106.00112 1.579 -5.057 3.464 CX02P245
3780.625 106.00112 1.056 -5.657 3.464 CX13P065
3780.635 106.00112 0.841 -6.343 3.464 AX21R175
3780.642 106.00112 1.579 -10.405 3.464 CX02Q235
3780.655 106.00112 1.793 -3.614 3.464 CX35Q125
3780.664 57.1 0.708 -1.16 "" ""
3780.676 106.00112 1.793 -3.553 3.464 CX35Q135
3780.689 106.00112 1.294 -5.922 3.464 AX21R245
3780.695 26.0 4.1 -3.23 "" ""
3780.714 92.1 0.113 -1.1 "" ""
3780.75 106.00112 1.579 -5.032 3.464 CX02P235
3780.75 21.0 1.952 -2.26 "" ""
3780.753 106.00112 1.793 -7.088 3.464 CX35P135
3780.76 62.1 0.0 -0.99 LAWLER ""
3780.773 74.0 0.366 -1.25 "" ""
3780.788 26.0 3.045 -4.13 "" ""
3780.791 106.00112 1.056 -5.585 3.464 CX13P075
3780.83 28.0 3.696 -8.58 "" ""
3780.849 22.0 2.394 -5.06 "" ""
3780.87 23.1 5.791 -3.48 "" ""
3780.876 25.0 3.769 -6.81 "" ""
3780.876 25.0 3.769 -7.86 "" ""
3780.876 25.0 3.769 -9.74 "" ""
3780.9 25.1 6.568 -4.88 "" ""
3780.9 25.1 6.86 -3.48 "" ""
3780.923 62.1 0.378 -0.94 "" ""
3780.941 66.0 1.568 0.48 "" ""
3780.966 90.0 0.355 -1.24 "" ""
3781.0 106.00112 1.547 -9.321 3.464 CX35Q015
3781.009 106.00112 1.547 -4.54 3.464 CX35P015
3781.01 68.1 1.368 0.2 "" ""
3781.011 41.0 0.049 -0.57 "" ""
3781.012 68.1 0.669 -0.66 LAWLER ""
3781.068 22.0 2.235 -4.84 "" ""
3781.096 106.00112 1.576 -7.311 3.464 AX52P235
3781.1 58.1 0.634 -1.38 "" ""
3781.122 106.00112 0.663 -6.569 3.464 CX02Q005
3781.147 69.0 0.0 -1.75 "" ""
3781.169 44.0 2.485 0.65 "" ""
3781.184 25.0 4.341 -1.82 "" ""
3781.187 26.0 2.196 -1.94 OBR91 ""
3781.187 607.01214 3.052 -5.487 7.724 1413Qc0085
3781.191 607.01214 3.052 -3.416 7.724 1413Pb0085
3781.209 42.0 2.513 -1.54 "" ""
3781.211 607.01214 3.052 -3.35 7.724 1413Pa0095
3781.278 106.00113 0.663 -5.957 3.464 CX02P015
3781.281 22.0 1.738 -4.33 "" ""
3781.308 60.1 0.742 0.08 "" ""
3781.31 23.0 2.121 -4.15 "" ""
3781.316 27.1 5.051 -3.04 "" ""
3781.319 90.0 0.902 -1.0 "" ""
3781.354 24.0 4.204 -3.61 "" ""
3781.37 41.1 1.69 -0.47 Nilsson10 ""
3781.374 106.00112 1.366 -5.929 3.464 AX21R255
3781.378 23.0 1.929 -0.57 LAWNOHFS ""
3781.383 106.00113 1.105 -5.52 3.464 CX13P085
3781.412 23.0 0.0 -3.57 "" ""
3781.441 24.0 4.204 -3.02 "" ""
3781.458 106.00112 1.538 -6.357 3.464 AX53R195
3781.468 66.0 1.488 1.04 "" ""
3781.471 106.00113 1.105 -5.465 3.464 CX13P095
3781.509 26.1 4.491 -2.77 "" ""
3781.518 26.0 4.1 -4.1 "" ""
3781.54 106.00113 1.105 -10.41 3.464 CX13Q085
3781.552 106.00113 1.501 -5.033 3.464 CX02P235
3781.589 22.0 2.248 -5.73 "" ""
3781.591 42.0 1.38 -1.3 "" ""
3781.594 106.00113 1.541 -5.5 3.464 CX35P015
3781.606 26.0 3.394 -2.36 "" ""
3781.616 58.1 0.529 -0.26 LAWLER ""
3781.627 22.0 2.235 -5.88 "" ""
3781.649 23.0 2.893 -3.68 "" ""
3781.669 106.00113 1.502 -5.02 3.464 CX02P225
3781.673 106.00112 1.547 -4.543 3.464 CX35P025
3781.674 106.00113 1.251 -4.067 3.464 AX42P195
3781.69 106.00113 1.251 -6.722 3.464 AX42Q185
3781.732 23.0 1.871 -1.35 "" ""
3781.736 106.00113 1.251 -4.065 3.464 AX42P185
3781.744 92.0 0.947 0.11 "" ""
3781.788 106.00113 0.837 -6.343 3.464 AX21R175
3781.795 22.0 2.776 -3.04 "" ""
3781.803 106.00113 1.55 -4.531 3.464 CX35P025
3781.814 23.1 2.554 -4.69 "" ""
3781.831 106.00113 1.55 -8.333 3.464 CX35Q025
3781.883 106.00112 0.786 -6.456 3.464 AX21R165
3781.903 26.0 3.632 -2.64 "" ""
3781.905 59.1 0.977 -0.84 "" ""
3781.907 607.01214 3.057 -5.507 7.724 1413Qc0095
3781.911 607.01214 3.057 -3.351 7.724 1413Pb0095
3781.933 607.01214 3.057 -3.288 7.724 1413Pa0105
3781.94 26.0 3.637 -1.26 "" ""
3781.965 25.1 6.908 -5.23 "" ""
3781.994 22.0 2.425 -3.64 "" ""
3782.023 23.1 2.555 -6.38 "" ""
3782.08 42.1 4.094 -1.0 "" ""
3782.105 22.0 1.066 -1.71 LAWLER ""
3782.113 26.0 3.412 -1.55 "" ""
3782.155 24.0 4.204 -1.68 "" ""
3782.185 42.0 2.497 -1.26 "" ""
3782.188 24.0 3.32 -3.29 "" ""
3782.2 76.0 0.516 -1.08 Quinet06 ""
3782.216 106.00113 1.55 -4.484 3.464 CX35P035
3782.232 40.1 0.802 -1.84 Ljung06 ""
3782.242 106.00113 1.502 -10.376 3.464 CX02Q225
3782.247 23.0 1.944 -3.47 "" ""
3782.264 39.1 3.619 0.66 "" ""
3782.279 23.0 2.262 -3.67 "" ""
3782.34 64.1 1.275 0.23 LAWLER ""
3782.385 106.00112 1.081 -10.436 3.464 CX13Q075
3782.41 62.1 0.543 -1.42 "" ""
3782.418 106.00112 1.832 -7.054 3.464 CX35R135
3782.421 106.00112 1.081 -5.584 3.464 CX13P075
3782.436 72.0 0.684 -1.98 "" ""
3782.448 26.0 2.996 -1.73 "" ""
3782.489 28.0 3.696 -4.73 "" ""
3782.501 106.00112 1.832 -3.553 3.464 CX35Q135
3782.508 106.00112 1.832 -3.493 3.464 CX35Q145
3782.514 22.0 2.152 -2.91 "" ""
3782.514 23.1 5.808 -2.95 "" ""
3782.521 58.1 0.495 -0.22 BIEMONT ""
3782.533 106.00113 0.997 -7.602 3.464 CX13P035
3782.548 106.00112 1.081 -5.52 3.464 CX13P085
3782.548 23.0 1.375 -1.26 "" ""
3782.555 106.00113 1.39 -5.516 3.464 CX24P085
3782.563 22.0 2.675 -2.08 "" ""
3782.59 106.00112 1.832 -7.103 3.464 CX35P145
3782.609 26.0 3.069 -1.86 "" ""
3782.62 106.00113 1.39 -5.439 3.464 CX24P095
3782.646 106.00113 1.135 -5.464 3.464 CX13P095
3782.655 607.01214 3.061 -5.52 7.724 1413Qc0105
3782.66 607.01214 3.061 -3.288 7.724 1413Pb0105
3782.661 23.1 2.555 -4.4 "" ""
3782.675 42.0 3.154 -1.39 "" ""
3782.678 74.0 3.406 0.07 "" ""
3782.681 62.0 0.036 -0.87 "" ""
3782.682 24.0 4.398 -3.67 "" ""
3782.684 607.01214 3.061 -3.226 7.724 1413Pa0115
3782.685 106.00113 1.39 -9.173 3.464 CX24Q085
3782.692 23.1 5.835 -1.6 "" ""
3782.702 40.1 1.771 -1.3 "" ""
3782.707 106.00113 1.135 -5.417 3.464 CX13P105
3782.721 27.0 1.784 -3.19 "" ""
3782.735 44.0 3.381 1.34 "" ""
3782.738 21.0 2.612 -2.41 "" ""
3782.744 25.0 4.341 -4.34 "" ""
3782.776 22.0 1.878 -4.07 "" ""
3782.777 24.0 3.11 -9.84 "" ""
3782.781 72.1 1.495 -1.05 "" ""
3782.8 26.0 4.1 -4.06 "" ""
3782.807 106.00112 1.291 -7.431 3.464 CX24P035
3782.824 106.00113 1.135 -10.405 3.464 CX13Q095
3782.841 92.1 0.036 -0.48 "" ""
3782.857 106.00112 1.368 -9.233 3.464 CX24Q075
3782.87 66.1 0.59 -1.24 LAWLER ""
3782.898 106.00112 1.368 -5.585 3.464 CX24P075
3782.901 23.0 1.929 -1.18 "" ""
3782.909 24.0 4.096 -3.29 "" ""
3782.944 106.00112 1.255 -6.689 3.464 AX42Q185
3782.959 23.1 5.792 -4.13 "" ""
3782.967 26.0 4.1 -3.07 "" ""
3782.999 106.00112 1.255 -4.064 3.464 AX42P185
3783.01 106.00112 1.369 -5.516 3.464 CX24P085
3783.012 90.1 1.669 -0.28 "" ""
3783.019 106.00112 1.255 -4.066 3.464 AX42P195
3783.024 106.00112 1.539 -6.302 3.464 AX53R195
3783.029 58.1 0.896 -0.46 BIEMONT ""
3783.053 23.0 2.636 -1.84 "" ""
3783.06 62.1 0.248 -1.88 LAWLER ""
3783.06 64.0 0.124 0.26 "" ""
3783.064 26.0 3.957 -2.41 "" ""
3783.073 106.00113 0.782 -6.455 3.464 AX21R165
3783.089 22.0 1.501 -3.68 "" ""
3783.089 23.0 1.941 -2.72 "" ""
3783.133 24.0 2.87 -5.02 "" ""
3783.144 106.00113 1.362 -5.859 3.464 AX21R255
3783.147 106.00112 0.787 -6.406 3.464 AX21R165
3783.157 20.0 4.776 -1.5 "" ""
3783.179 42.1 4.12 -1.0 "" ""
3783.192 24.0 3.11 -9.17 "" ""
3783.193 27.0 3.051 -4.03 "" ""
3783.236 22.0 0.899 -2.91 LAWLER ""
3783.256 25.0 4.662 -3.68 "" ""
3783.294 23.0 2.682 -5.94 "" ""
3783.296 90.1 0.0 -1.44 Nils02/8 ""
3783.312 26.0 4.1 -2.66 "" ""
3783.347 26.1 2.275 -3.16 "" ""
3783.36 62.1 0.188 -1.49 LAWLER ""
3783.378 23.0 1.71 -1.91 "" ""
3783.392 25.1 5.563 -4.41 "" ""
3783.403 21.0 1.985 -3.49 "" ""
3783.43 58.1 0.232 -1.28 BIEMONT ""
3783.432 607.01214 3.066 -5.528 7.724 1413Qc0115
3783.437 607.01214 3.066 -3.226 7.724 1413Pb0115
3783.463 607.01214 3.066 -3.165 7.724 1413Pa0125
3783.481 106.00112 1.247 -7.172 3.464 AX53R125
3783.493 24.0 3.11 -9.29 "" ""
3783.498 25.1 7.376 -7.99 "" ""
3783.5 106.00112 1.247 -5.002 3.464 AX53Q125
3783.53 28.0 0.422 -1.4 LAWLER ""
3783.533 21.0 1.985 -1.26 "" ""
3783.535 106.00113 1.501 -6.498 3.464 AX42R225
3783.543 106.00113 1.589 -5.894 3.464 CX13P205
3783.557 69.1 1.11 -0.53 "" ""
3783.563 106.00112 1.579 -7.375 3.464 AX52P235
3783.567 58.1 0.536 -0.91 BIEMONT ""
3783.57 60.1 0.0 -1.69 LAWLER ""
3783.58 106.00113 1.501 -6.009 3.464 AX42Q235
3783.581 58.1 0.708 -0.4 "" ""
3783.593 66.1 1.412 -0.32 "" ""
3783.596 106.00112 1.248 -5.368 3.464 AX53Q135
3783.606 106.00113 1.501 -5.482 3.464 AX42Q225
3783.615 106.00112 1.248 -6.352 3.464 AX53P135
3783.632 106.00113 1.59 -5.658 3.464 CX13P195
3783.637 27.0 3.189 -5.55 "" ""
3783.652 106.00112 0.665 -5.956 3.464 CX02P015
3783.652 106.00113 1.501 -6.544 3.464 AX42P235
3783.657 106.00113 1.168 -5.417 3.464 CX13P105
3783.695 106.00113 1.168 -5.379 3.464 CX13P115
3783.706 25.0 5.345 -1.96 "" ""
3783.725 27.0 2.079 -1.87 LAWNHFS ""
3783.729 74.0 2.386 -0.46 "" ""
3783.735 64.1 1.674 -0.33 "" ""
3783.739 106.00113 0.669 -5.945 3.464 CX02P015
3783.752 25.0 4.662 -1.32 "" ""
3783.762 60.1 1.88 0.97 "" ""
3783.767 106.00113 0.669 -8.761 3.464 CX02Q015
3783.798 62.0 0.282 -1.15 "" ""
3783.828 41.0 1.353 -0.46 "" ""
3783.84 92.1 0.717 -0.45 "" ""
3783.848 106.00112 1.509 -5.032 3.464 CX02P235
3783.849 23.0 2.676 -6.67 "" ""
3783.856 106.00113 1.168 -10.417 3.464 CX13Q105
3783.86 106.00112 1.848 -5.707 3.464 CX13P245
3783.864 20.0 3.907 -4.37 "" ""
3783.866 68.1 2.211 0.23 "" ""
3783.884 106.00112 1.509 -10.376 3.464 CX02Q225
3783.901 106.00112 1.848 -9.494 3.464 CX13Q235
3783.904 106.00113 1.435 -5.865 3.464 AX21R265
3783.912 106.00112 1.108 -10.409 3.464 CX13Q085
3783.912 25.1 6.9 -5.07 "" ""
3783.938 66.0 1.25 0.36 "" ""
3783.953 106.00112 1.108 -5.519 3.464 CX13P085
3783.99 106.00112 1.509 -5.019 3.464 CX02P225
3783.995 24.0 3.553 -2.68 "" ""
3784.005 106.00112 1.368 -5.859 3.464 AX21R255
3784.013 106.00112 1.848 -6.481 3.464 CX13P235
3784.041 23.1 6.16 -2.36 "" ""
3784.048 106.00112 1.109 -5.464 3.464 CX13P095
3784.068 24.0 3.32 -3.23 "" ""
3784.069 106.00113 1.59 -11.127 3.464 CX13Q195
3784.097 26.0 3.639 -3.52 "" ""
3784.11 106.00113 1.532 -5.658 3.464 CX13P195
3784.19 106.00113 1.533 -5.514 3.464 CX13P185
3784.227 25.0 4.243 -1.76 "" ""
3784.237 607.01214 3.071 -5.531 7.724 1413Qc0125
3784.24 60.1 0.38 0.15 LAWLER ""
3784.243 607.01214 3.071 -3.165 7.724 1413Pb0125
3784.246 73.0 0.752 -2.22 "" ""
3784.261 24.0 3.373 -3.31 "" ""
3784.266 26.0 3.265 -4.5 "" ""
3784.271 607.01214 3.071 -3.105 7.724 1413Pa0135
3784.276 106.00112 1.547 -5.499 3.464 CX35P015
3784.286 106.00112 1.782 -6.482 3.464 CX13P235
3784.321 106.00112 1.782 -9.776 3.464 CX13Q225
3784.329 106.00113 0.783 -6.405 3.464 AX21R165
3784.34 106.00112 1.248 -7.188 3.464 AX53R125
3784.359 106.00112 1.248 -5.002 3.464 AX53Q125
3784.399 106.00112 1.248 -5.368 3.464 AX53Q135
3784.418 106.00112 1.248 -6.338 3.464 AX53P135
3784.423 106.00113 1.205 -5.379 3.464 CX13P115
3784.428 106.00112 1.782 -7.883 3.464 CX13P225
3784.442 106.00113 1.204 -5.351 3.464 CX13P125
3784.472 68.1 0.886 -2.5 LAWLER ""
3784.491 106.00112 1.555 -8.332 3.464 CX35Q025
3784.492 22.0 2.406 -0.59 "" ""
3784.506 106.00112 1.555 -4.531 3.464 CX35P025
3784.518 106.00113 0.669 -5.9 3.464 CX02P025
3784.568 24.1 4.771 -4.42 "" ""
3784.579 106.00113 1.435 -5.02 3.464 CX02P225
3784.595 106.00113 1.533 -12.55 3.464 CX13Q185
3784.607 106.00113 1.478 -5.515 3.464 CX13P185
3784.614 106.00112 1.139 -4.587 3.464 AX53P095
3784.624 25.1 7.376 -3.64 "" ""
3784.629 106.00112 1.139 -6.533 3.464 AX53Q095
3784.645 106.00113 1.205 -10.446 3.464 CX13Q115
3784.653 106.00112 1.256 -4.066 3.464 AX42P195
3784.657 106.00112 1.256 -6.721 3.464 AX42Q185
3784.669 23.0 0.04 -2.63 LAWNOHFS ""
3784.673 106.00112 1.872 -7.067 3.464 CX35R145
3784.676 106.00113 1.478 -5.424 3.464 CX13P175
3784.689 106.00113 1.435 -5.016 3.464 CX02P215
3784.707 106.00113 1.285 -6.782 3.464 AX53R135
3784.712 106.00112 1.256 -4.064 3.464 AX42P185
3784.713 106.00113 1.285 -5.371 3.464 AX53Q135
3784.714 60.1 1.561 0.61 "" ""
3784.725 23.0 1.711 -3.72 "" ""
3784.754 106.00112 1.872 -3.435 3.464 CX35Q155
3784.756 27.0 2.716 -3.76 "" ""
3784.76 106.00112 1.872 -3.493 3.464 CX35Q145
3784.785 106.00112 1.139 -4.563 3.464 AX53P105
3784.795 57.1 0.0 -1.74 "" ""
3784.799 106.00113 1.419 -5.438 3.464 CX24P095
3784.806 106.00113 1.285 -6.272 3.464 AX53Q145
3784.812 106.00113 1.285 -6.469 3.464 AX53P145
3784.812 22.1 5.212 -3.69 "" ""
3784.82 23.0 1.948 -1.04 LAWNOHFS ""
3784.832 106.00112 1.718 -7.883 3.464 CX13P225
3784.836 106.00113 1.419 -5.355 3.464 CX24P105
3784.84 60.1 0.064 -1.04 LAWLER ""
3784.842 106.00112 1.872 -7.115 3.464 CX35P155
3784.844 26.0 4.188 -2.68 "" ""
3784.861 106.00112 1.718 -10.108 3.464 CX13Q215
3784.875 24.0 3.32 -2.41 "" ""
3784.941 106.00112 1.556 -4.483 3.464 CX35P035
3784.946 106.00113 1.419 -9.111 3.464 CX24Q095
3784.957 106.00113 1.243 -5.333 3.464 CX13P135
3784.957 106.00113 1.244 -5.35 3.464 CX13P125
3784.957 24.0 2.887 -8.51 "" ""
3784.963 106.00112 1.718 -6.337 3.464 CX13P215
3784.998 106.00113 1.426 -5.425 3.464 CX13P175
3785.014 26.0 2.422 -3.9 "" ""
3785.023 106.00112 0.734 -6.517 3.464 AX21R155
3785.032 42.0 2.079 -1.27 "" ""
3785.046 106.00112 1.0 -7.601 3.464 CX13P035
3785.048 23.0 2.914 -3.82 "" ""
3785.052 106.00113 1.478 -11.823 3.464 CX13Q175
3785.055 106.00113 1.426 -5.369 3.464 CX13P165
3785.071 607.01214 3.077 -5.531 7.724 1413Qc0135
3785.078 607.01214 3.077 -3.105 7.724 1413Pb0135
3785.086 60.1 0.742 -0.46 "" ""
3785.108 607.01214 3.077 -3.046 7.724 1413Pa0145
3785.143 23.1 2.52 -3.04 "" ""
3785.152 106.00112 1.139 -4.587 3.464 AX53P095
3785.166 106.00112 1.139 -6.551 3.464 AX53Q095
3785.179 106.00112 1.139 -10.404 3.464 CX13Q095
3785.202 106.00113 1.244 -10.496 3.464 CX13Q125
3785.205 23.0 2.676 -6.3 "" ""
3785.208 24.0 2.706 -2.99 "" ""
3785.212 106.00112 1.395 -9.173 3.464 CX24Q085
3785.214 106.00113 1.562 -4.477 3.464 CX35P035
3785.224 106.00112 1.139 -5.463 3.464 CX13P095
3785.224 106.00113 1.435 -10.363 3.464 CX02Q215
3785.241 106.00112 0.126 -9.398 3.464 AX10R085
3785.253 106.00113 1.285 -5.329 3.464 CX13P145
3785.253 106.00113 1.376 -5.37 3.464 CX13P165
3785.254 106.00113 1.562 -8.039 3.464 CX35Q035
3785.258 106.00112 1.395 -5.515 3.464 CX24P085
3785.269 106.00113 1.285 -5.333 3.464 CX13P135
3785.278 106.00112 1.139 -4.563 3.464 AX53P105
3785.291 106.00112 1.139 -5.417 3.464 CX13P105
3785.294 23.1 4.732 -2.48 "" ""
3785.298 106.00113 1.377 -5.339 3.464 CX13P155
3785.339 106.00112 1.395 -5.439 3.464 CX24P095
3785.346 106.00113 1.329 -5.34 3.464 CX13P155
3785.376 106.00113 1.33 -5.328 3.464 CX13P145
3785.387 60.1 1.49 0.19 "" ""
3785.398 23.1 6.037 -2.13 "" ""
3785.403 106.00113 1.426 -11.165 3.464 CX13Q165
3785.41 66.1 1.17 -0.67 LAWLER ""
3785.434 25.0 3.85 -0.9 "" ""
3785.441 106.00112 1.656 -6.337 3.464 CX13P215
3785.461 72.0 0.566 -0.52 "" ""
3785.463 106.00112 1.656 -10.525 3.464 CX13Q205
3785.506 106.00113 1.562 -4.422 3.464 CX35P045
3785.51 25.1 6.86 -4.36 "" ""
3785.514 42.0 2.494 -1.25 "" ""
3785.538 106.00113 1.285 -10.571 3.464 CX13Q135
3785.56 106.00112 1.656 -5.893 3.464 CX13P205
3785.597 74.1 3.241 -1.4 "" ""
3785.6 90.1 0.764 -0.88 "" ""
3785.605 106.00112 0.126 -9.37 3.464 AX10R085
3785.618 106.00113 1.377 -10.863 3.464 CX13Q155
3785.639 106.00112 1.442 -5.865 3.464 AX21R265
3785.649 26.0 3.94 -2.67 "" ""
3785.671 106.00113 1.33 -10.685 3.464 CX13Q145
3785.687 106.00113 1.503 -6.01 3.464 AX42Q235
3785.706 26.0 3.234 -1.41 "" ""
3785.719 24.0 3.319 -3.03 "" ""
3785.728 106.00113 1.286 -6.799 3.464 AX53R135
3785.735 106.00113 1.286 -5.371 3.464 AX53Q135
3785.743 106.00113 1.503 -6.525 3.464 AX42R225
3785.764 22.0 2.316 -5.32 "" ""
3785.768 106.00113 1.503 -6.52 3.464 AX42P235
3785.771 21.0 1.432 -7.79 "" ""
3785.776 106.00113 1.286 -6.272 3.464 AX53Q145
3785.777 26.0 4.183 -1.75 "" ""
3785.78 26.0 3.329 -3.01 "" ""
3785.783 106.00113 1.286 -6.453 3.464 AX53P145
3785.788 26.0 3.414 -1.52 "" ""
3785.797 24.0 3.836 -3.07 "" ""
3785.804 23.1 1.684 -5.06 "" ""
3785.824 106.00113 1.503 -5.482 3.464 AX42Q225
3785.848 27.0 3.277 -5.08 "" ""
3785.89 23.0 2.246 -3.66 "" ""
3785.911 23.1 5.791 -3.64 "" ""
3785.914 90.1 2.202 -0.29 "" ""
3785.934 607.01214 3.083 -5.527 7.724 1413Qc0145
3785.942 607.01214 3.083 -3.046 7.724 1413Pb0145
3785.948 106.00113 1.087 -6.916 3.464 AX42P155
3785.948 26.0 2.431 -0.93 "" ""
3785.961 22.0 2.675 -1.75 "" ""
3785.974 607.01214 3.083 -2.986 7.724 1413Pa0155
