wavelength species excitation loggf disassociation_energy comment
7296.165 58.0 0.295 -1.47 "" ""
7296.183 106.00112 2.039 -5.976 3.464 AX04P225
7296.204 607.01214 1.938 -2.944 7.724 0905Qd0565
7296.224 607.01314 1.547 -2.762 7.724 1006Qc0215
7296.29 607.01314 2.459 -3.279 7.724 1510Qc0235
7296.3 607.01314 1.547 -2.195 7.724 1006Pa0225
7296.341 106.00113 1.563 -5.99 3.464 AX15R045
7296.359 607.01314 2.459 -2.67 7.724 1510Pa0245
7296.394 607.01314 3.257 -4.27 7.724 2014Rb0185
7296.48 607.01314 1.512 -3.097 7.724 1006Pc0175
7296.5 106.00113 3.15 -3.828 3.464 AX55R355
7296.501 607.01214 3.271 -4.465 7.724 2014Qc0105
7296.546 74.0 2.386 -1.79 "" ""
7296.561 26.0 5.515 -3.38 "" ""
7296.567 23.0 3.515 -2.84 "" ""
7296.573 607.01214 3.271 -4.295 7.724 2014Pa0115
7296.577 26.0 5.602 -3.67 "" ""
7296.601 607.01314 3.257 -4.638 7.724 2014Qd0195
7296.645 607.01314 0.497 -3.031 7.724 0502Rd0045
7296.753 106.00113 2.037 -7.787 3.464 AX26P125
7296.761 607.01314 3.236 -4.276 7.724 2014Ra0165
7296.786 26.0 5.304 -1.2 "" ""
7296.956 106.00113 2.003 -7.733 3.464 AX26P115
7296.957 26.0 3.692 -6.77 "" ""
7296.965 24.0 5.076 -2.13 "" ""
7296.994 607.01214 1.87 -1.893 7.724 0501Pb0835
7297.011 607.01214 0.421 -3.647 7.724 0300Pc0415
7297.105 607.01214 0.507 -2.808 7.724 0502Qc0035
7297.105 607.01214 0.507 -3.041 7.724 0502Pa0045
7297.156 607.01314 0.585 -2.927 7.724 0502Rd0205
7297.158 20.0 5.927 -3.65 "" ""
7297.193 106.00112 1.915 -7.642 3.464 AX15Q155
7297.224 607.01314 2.526 -2.269 7.724 1510Qb0295
7297.226 607.01314 0.512 -3.06 7.724 0401Rc0335
7297.259 607.01314 1.008 -3.735 7.724 0300Rd0675
7297.27 23.0 3.82 -3.37 "" ""
7297.27 607.01314 2.514 -3.589 7.724 1510Rc0285
7297.296 106.00112 2.119 -7.779 3.464 AX26P145
7297.309 607.01314 2.526 -3.572 7.724 1510Pd0305
7297.33 607.01214 1.812 -1.878 7.724 1006Ra0395
7297.338 607.01214 0.689 -3.599 7.724 0300Rc0535
7297.349 607.01314 0.512 -1.587 7.724 0401Qa0345
7297.353 607.01314 2.514 -2.27 7.724 1510Qa0295
7297.355 106.00112 1.915 -5.536 3.464 AX15P155
7297.366 24.1 6.8 -4.74 "" ""
7297.41 106.00113 1.942 -7.727 3.464 AX26P095
7297.462 26.0 5.678 -2.78 "" ""
7297.464 106.00112 1.916 -5.505 3.464 AX15P165
7297.479 20.0 6.012 -2.6 "" ""
7297.527 20.0 6.013 -4.38 "" ""
7297.528 106.00113 1.971 -7.716 3.464 AX26P105
7297.536 63.0 2.696 -0.27 "" ""
7297.547 607.01214 0.689 -1.746 7.724 0300Qa0545
7297.589 607.01214 3.338 -4.035 7.724 2014Ra0215
7297.606 26.0 5.341 -3.63 "" ""
7297.646 607.01214 3.287 -4.162 7.724 2014Pb0135
7297.669 607.01314 0.37 -3.09 7.724 0401Pc0225
7297.677 106.00113 1.689 -8.191 3.464 BX05R095
7297.685 28.0 5.627 -3.61 "" ""
7297.761 106.00112 2.875 -6.62 3.464 AX05Q325
7297.765 23.0 4.624 -4.26 "" ""
7297.78 607.01314 3.224 -4.031 7.724 2014Qb0135
7297.792 607.01214 0.599 -1.965 7.724 0502Ra0205
7297.833 607.01214 0.528 -2.782 7.724 0502Rc0095
7297.841 607.01314 3.205 -4.863 7.724 2014Rc0095
7297.878 607.01214 0.528 -2.051 7.724 0502Qa0105
7297.887 607.01214 1.585 -2.842 7.724 0804Pc0505
7297.887 607.01314 3.187 -5.489 7.724 2014Pc0035
7297.91 607.01214 0.773 -1.737 7.724 0401Rb0465
7297.935 607.01314 3.224 -4.809 7.724 2014Pd0145
7297.952 607.01314 3.205 -4.154 7.724 2014Qa0105
7298.018 607.01314 0.349 -3.579 7.724 0300Pc0385
7298.025 106.00112 2.875 -10.197 3.464 AX05R315
7298.077 607.01214 1.636 -2.815 7.724 1006Qc0265
7298.085 20.0 6.036 -6.99 "" ""
7298.091 607.01214 0.773 -2.949 7.724 0401Qd0475
7298.097 607.01214 0.528 -2.456 7.724 0502Pb0095
7298.143 106.00113 1.689 -11.604 3.464 BX05Q105
7298.164 24.0 3.847 -3.84 "" ""
7298.172 607.01314 3.191 -4.728 7.724 2014Qc0055
7298.175 607.01214 1.636 -2.078 7.724 1006Pa0275
7298.241 607.01314 3.191 -4.828 7.724 2014Pa0065
7298.297 106.00113 1.689 -8.052 3.464 BX05R105
7298.315 106.00112 2.875 -8.882 3.464 AX05P325
7298.331 26.0 5.61 -1.91 "" ""
7298.345 607.01214 2.346 -1.755 7.724 0501Ra0965
7298.367 607.01214 0.613 -3.135 7.724 0401Rc0385
7298.367 607.01214 1.648 -2.07 7.724 1006Pb0275
7298.406 607.01314 0.495 -3.089 7.724 0502Rd0035
7298.486 607.01214 1.579 -3.169 7.724 0905Pc0385
7298.49 14.0 6.12 -0.96 "" ""
7298.511 23.0 2.576 -1.8 "" ""
7298.513 607.01214 0.613 -1.533 7.724 0401Qa0395
7298.544 607.01314 0.527 -1.587 7.724 0401Qb0345
7298.578 106.00112 2.875 -6.656 3.464 AX05Q315
7298.64 607.01314 0.59 -3.541 7.724 0300Rc0505
7298.677 607.01314 0.527 -3.09 7.724 0401Pd0355
7298.727 60.1 1.528 -1.44 "" ""
7298.786 607.01214 0.547 -2.136 7.724 0300Pb0475
7298.786 607.01214 1.709 -4.367 7.724 0400Pc0855
7298.81 23.0 3.732 -4.48 "" ""
7298.831 607.01314 0.59 -1.759 7.724 0300Qa0515
7298.986 40.1 3.424 -2.0 "" ""
7299.033 24.0 4.204 -4.15 "" ""
7299.085 607.01314 0.594 -2.934 7.724 0502Rd0215
7299.107 607.01314 1.624 -1.746 7.724 1006Qb0285
7299.18 607.01214 2.101 -1.526 7.724 0501Qb0895
7299.18 607.01314 0.462 -2.153 7.724 0300Pb0445
7299.207 607.01314 1.624 -3.072 7.724 1006Pd0295
7299.218 607.01214 3.356 -4.04 7.724 2014Rb0225
7299.232 26.0 5.583 -3.07 "" ""
7299.251 607.01214 0.506 -3.756 7.724 0502Pc0025
7299.252 15.0 8.315 -1.57 "" ""
7299.263 13.0 4.084 -2.33 "" ""
7299.287 607.01214 0.63 -1.935 7.724 0502Rb0225
7299.31 607.01214 2.101 -3.785 7.724 0501Pd0905
7299.359 24.0 4.204 -3.76 "" ""
7299.366 607.01214 3.356 -4.573 7.724 2014Qd0235
7299.367 106.00113 2.003 -7.767 3.464 AX26P115
7299.377 607.01214 0.63 -2.618 7.724 0502Qd0235
7299.389 22.0 3.106 -2.34 "" ""
7299.407 607.01214 0.558 -1.881 7.724 0502Qb0145
7299.433 607.01214 0.51 -2.734 7.724 0502Qc0045
7299.46 607.01214 0.51 -2.889 7.724 0502Pa0055
7299.465 607.01214 0.558 -2.822 7.724 0502Pd0155
7299.493 607.01314 0.441 -2.005 7.724 0401Pb0285
7299.523 26.0 2.88 -7.87 "" ""
7299.532 26.0 5.384 -3.65 "" ""
7299.555 607.01214 3.314 -3.757 7.724 2014Qb0175
7299.556 607.01314 0.428 -2.773 7.724 0401Qc0275
7299.59 106.00113 1.972 -7.747 3.464 AX26P105
7299.599 607.01314 3.209 -4.455 7.724 2014Pb0105
7299.657 27.0 2.54 -4.55 "" ""
7299.663 607.01314 0.428 -2.013 7.724 0401Pa0285
7299.672 607.01214 3.314 -4.677 7.724 2014Pd0185
7299.676 26.0 4.962 -3.01 "" ""
7299.678 22.0 1.429 -1.94 "" ""
7299.679 607.01314 0.647 -1.765 7.724 0401Ra0425
7299.715 22.0 3.407 -0.57 "" ""
7299.76 607.01214 3.262 -4.888 7.724 2014Pc0085
7299.806 14.0 6.218 -2.6 "" ""
7299.865 21.0 4.046 -1.79 "" ""
7299.908 23.0 4.228 -3.61 "" ""
7299.98 607.01314 1.612 -3.056 7.724 1006Rc0275
7300.076 607.01314 1.612 -1.747 7.724 1006Qa0285
7300.126 607.01214 1.83 -1.884 7.724 1006Rb0395
7300.185 42.0 3.209 -1.18 "" ""
7300.207 607.01214 2.255 -1.565 7.724 0602Rb0875
7300.217 607.01314 3.243 -4.261 7.724 2014Ra0175
7300.218 607.01214 0.533 -2.781 7.724 0502Rc0105
7300.263 607.01214 0.533 -2.003 7.724 0502Qa0115
7300.265 66.0 1.568 -1.73 "" ""
7300.267 607.01214 1.83 -2.918 7.724 1006Qd0405
7300.377 607.01314 0.494 -3.171 7.724 0502Rd0025
7300.407 607.01214 1.87 -3.499 7.724 0501Qc0835
7300.439 607.01214 1.145 -3.792 7.724 0300Rd0705
7300.445 607.01214 1.797 -1.399 7.724 0905Qb0495
7300.466 607.01214 1.591 -3.128 7.724 1006Pc0225
7300.51 21.0 2.108 -4.0 "" ""
7300.53 26.0 4.984 -1.17 "" ""
7300.534 607.01214 2.255 -3.236 7.724 0602Qd0885
7300.542 23.0 1.948 -5.18 "" ""
7300.581 26.0 4.14 -3.48 "" ""
7300.589 607.01214 0.775 -3.075 7.724 0502Rd0345
7300.595 14.0 6.12 -2.18 "" ""
7300.595 21.0 3.867 -0.51 "" ""
7300.622 607.01214 1.797 -3.171 7.724 0905Pd0505
7300.681 62.1 1.97 -1.28 "" ""
7300.723 607.01214 1.87 -1.888 7.724 0501Pa0845
7300.726 28.0 4.415 -1.82 "" ""
7300.743 607.01214 3.299 -4.769 7.724 2014Rc0155
7300.76 607.01314 3.209 -4.866 7.724 2014Rc0105
7300.847 607.01214 3.299 -3.781 7.724 2014Qa0165
7300.866 607.01214 1.938 -1.636 7.724 0905Ra0565
7300.873 106.00112 2.12 -7.821 3.464 AX26P145
7300.883 607.01314 3.209 -4.11 7.724 2014Qa0115
7300.942 607.01314 1.567 -2.16 7.724 1006Pb0235
7301.075 607.01214 1.672 -2.875 7.724 0905Qc0435
7301.136 607.01314 3.265 -4.257 7.724 2014Rb0195
7301.149 63.1153 1.249 -2.064 LAWLER ""
7301.15 63.1153 1.249 -1.967 LAWLER ""
7301.155 63.1153 1.249 -1.758 LAWLER ""
7301.155 63.1153 1.249 -1.967 LAWLER ""
7301.155 63.1153 1.249 -1.976 LAWLER ""
7301.158 63.1153 1.249 -1.879 LAWLER ""
7301.16 63.1153 1.249 -1.682 LAWLER ""
7301.163 63.1153 1.249 -1.7 LAWLER ""
7301.163 63.1153 1.249 -1.704 LAWLER ""
7301.164 63.1153 1.249 -1.758 LAWLER ""
7301.168 63.1151 1.249 -1.967 LAWLER ""
7301.169 607.01314 3.194 -4.689 7.724 2014Qc0065
7301.169 63.1151 1.249 -1.758 LAWLER ""
7301.17 63.1153 1.249 -0.987 LAWLER ""
7301.171 63.1153 1.249 -1.431 LAWLER ""
7301.172 63.1151 1.249 -1.682 LAWLER ""
7301.173 63.1151 1.249 -2.064 LAWLER ""
7301.174 63.1153 1.249 -1.194 LAWLER ""
7301.174 63.1153 1.249 -1.682 LAWLER ""
7301.175 63.1151 1.249 -1.704 LAWLER ""
7301.177 63.1151 1.249 -1.879 LAWLER ""
7301.177 63.1151 1.249 -1.976 LAWLER ""
7301.182 63.1151 1.249 -1.967 LAWLER ""
7301.182 63.1153 1.249 -1.704 LAWLER ""
7301.184 63.1151 1.249 -1.7 LAWLER ""
7301.186 63.1153 1.249 -1.879 LAWLER ""
7301.192 607.01214 0.609 -1.943 7.724 0502Ra0215
7301.193 63.1151 1.249 -1.431 LAWLER ""
7301.193 63.1151 1.249 -1.758 LAWLER ""
7301.201 63.1151 1.249 -1.194 LAWLER ""
7301.206 63.1151 1.249 -1.682 LAWLER ""
7301.208 63.1151 1.249 -0.986 LAWLER ""
7301.22 63.1151 1.249 -1.704 LAWLER ""
7301.232 607.01214 1.672 -1.761 7.724 0905Pa0445
7301.233 63.1151 1.249 -1.879 LAWLER ""
7301.246 23.0 4.63 -4.16 "" ""
7301.246 607.01314 0.604 -2.942 7.724 0502Rd0225
7301.249 607.01314 3.194 -4.728 7.724 2014Pa0075
7301.328 607.01214 3.276 -4.459 7.724 2014Qc0115
7301.337 607.01214 0.441 -3.164 7.724 0401Pc0275
7301.341 607.01214 1.821 -1.683 7.724 0602Pb0755
7301.354 607.01314 3.265 -4.651 7.724 2014Qd0205
7301.38 106.00112 1.916 -7.669 3.464 AX15Q155
7301.383 64.1 2.489 -1.41 "" ""
7301.407 607.01214 3.276 -4.243 7.724 2014Pa0125
7301.422 25.0 5.949 -0.46 "" ""
7301.427 58.1 1.785 -1.06 "" ""
7301.438 607.01214 0.512 -2.853 7.724 0401Qc0325
7301.439 106.00112 1.916 -5.506 3.464 AX15P165
7301.465 607.01314 0.786 -1.977 7.724 0300Rb0585
7301.544 106.00112 1.916 -5.536 3.464 AX15P155
7301.56 26.1 3.892 -3.63 MELBAR ""
7301.565 607.01214 0.512 -1.94 7.724 0401Pa0335
7301.569 607.01314 3.189 -5.32 7.724 2014Pc0045
7301.585 607.01214 2.51 -3.598 7.724 1510Pc0235
7301.614 21.0 4.043 -1.99 "" ""
7301.687 607.01314 0.786 -3.343 7.724 0300Qd0595
7301.803 607.01214 0.986 -3.365 7.724 0401Rd0565
7302.024 607.01214 2.101 -3.721 7.724 0501Rc0895
7302.072 106.00112 1.898 -7.664 3.464 AX26P075
7302.081 607.01214 0.512 -2.683 7.724 0502Qc0055
7302.099 607.01214 0.512 -2.769 7.724 0502Pa0065
7302.238 26.0 5.678 -3.95 "" ""
7302.299 607.01314 0.666 -1.77 7.724 0401Rb0425
7302.338 607.01214 0.632 -1.532 7.724 0401Qb0395
7302.365 607.01214 2.101 -1.521 7.724 0501Qa0905
7302.46 607.01314 0.666 -2.884 7.724 0401Qd0435
7302.493 607.01214 0.632 -3.169 7.724 0401Pd0405
7302.518 607.01314 3.23 -3.999 7.724 2014Qb0145
7302.542 607.01314 0.493 -3.297 7.724 0502Rd0015
7302.646 607.01214 1.716 -3.113 7.724 1006Rc0325
7302.683 607.01314 3.23 -4.808 7.724 2014Pd0155
7302.729 607.01214 2.555 -3.305 7.724 1510Qc0275
7302.733 607.01214 0.903 -1.966 7.724 0300Rb0615
7302.763 607.01214 1.716 -1.662 7.724 1006Qa0335
7302.782 20.0 5.983 -4.53 "" ""
7302.809 607.01214 2.555 -2.558 7.724 1510Pa0285
7302.811 607.01214 3.347 -4.026 7.724 2014Ra0225
7302.857 25.0 4.426 -0.21 "" ""
7302.869 106.00113 2.512 -8.943 3.464 AX04P295
7302.878 607.01214 0.539 -2.782 7.724 0502Rc0115
7302.909 607.01314 2.431 -3.594 7.724 1510Pc0205
7302.928 607.01214 0.539 -1.96 7.724 0502Qa0125
7302.971 607.01214 0.507 -3.455 7.724 0502Pc0035
7302.973 607.01214 0.903 -3.401 7.724 0300Qd0625
7303.015 607.01314 0.856 -3.302 7.724 0401Rd0525
7303.028 607.01214 0.533 -2.4 7.724 0502Pb0105
7303.108 24.0 5.077 -3.55 "" ""
7303.229 106.00112 1.898 -7.687 3.464 AX26P075
7303.258 24.0 4.446 -2.32 "" ""
7303.281 22.0 2.248 -3.96 "" ""
7303.293 26.0 5.487 -3.65 "" ""
7303.319 607.01314 2.48 -2.639 7.724 1510Pb0255
7303.361 24.0 4.447 -1.91 "" ""
7303.362 607.01214 0.773 -1.724 7.724 0401Ra0475
7303.459 23.0 4.257 -2.61 "" ""
7303.525 607.01314 1.557 -2.77 7.724 1006Qc0225
7303.605 607.01314 1.557 -2.172 7.724 1006Pa0235
7303.642 607.01314 0.614 -2.95 7.724 0502Rd0235
7303.709 607.01214 0.565 -1.847 7.724 0502Qb0155
7303.772 607.01214 0.565 -2.826 7.724 0502Pd0165
7303.772 607.01214 0.64 -1.915 7.724 0502Rb0235
7303.81 607.01214 2.255 -1.558 7.724 0602Ra0885
7303.838 25.1 3.701 -5.6 "" ""
7303.848 26.0 2.557 -4.51 "" ""
7303.864 607.01214 2.567 -2.55 7.724 1510Pb0285
7303.865 607.01214 0.641 -2.627 7.724 0502Qd0245
7303.98 607.01314 3.25 -4.248 7.724 2014Ra0185
7304.001 607.01314 3.214 -4.871 7.724 2014Rc0115
7304.074 607.01214 3.293 -4.122 7.724 2014Pb0145
7304.122 607.01214 0.547 -3.338 7.724 0300Qc0475
7304.134 607.01314 3.214 -4.07 7.724 2014Qa0125
7304.137 26.0 5.304 -4.25 "" ""
7304.241 607.01314 1.52 -3.099 7.724 1006Pc0185
7304.288 24.0 4.532 -2.19 "" ""
7304.31 607.01214 0.547 -2.129 7.724 0300Pa0485
7304.358 106.00113 1.636 -5.615 3.464 AX15Q075
7304.358 607.01214 0.528 -1.935 7.724 0401Pb0335
7304.38 607.01214 2.031 -1.322 7.724 0602Qb0815
7304.456 106.00113 1.636 -7.367 3.464 AX15R075
7304.487 24.0 6.044 -3.48 "" ""
7304.497 607.01314 3.197 -4.66 7.724 2014Qc0075
7304.508 607.01314 2.469 -3.288 7.724 1510Qc0245
7304.58 607.01314 2.469 -2.65 7.724 1510Pa0255
7304.587 607.01314 3.197 -4.643 7.724 2014Pa0085
7304.588 26.0 5.738 -3.16 "" ""
7304.687 607.01214 2.031 -3.516 7.724 0602Pd0825
7304.694 20.0 6.013 -2.59 "" ""
7304.699 607.01214 1.731 -1.661 7.724 1006Qb0335
7304.82 607.01214 1.731 -3.127 7.724 1006Pd0345
7304.849 26.1 7.268 -4.33 "" ""
7304.855 26.0 5.602 -2.33 "" ""
7304.859 607.01214 0.619 -1.923 7.724 0502Ra0225
7304.897 607.01314 0.492 -3.525 7.724 0502Rd0005
7304.911 23.0 1.847 -7.95 "" ""
7304.913 607.01314 3.214 -4.404 7.724 2014Pb0115
7304.97 106.00113 1.636 -7.217 3.464 AX15P085
7305.006 607.01314 0.462 -3.273 7.724 0300Qc0445
7305.012 607.01214 0.516 -2.646 7.724 0502Qc0065
7305.037 607.01214 0.516 -2.671 7.724 0502Pa0075
7305.045 607.01214 1.821 -3.227 7.724 0602Qc0755
7305.062 24.0 5.115 -1.22 "" ""
7305.067 106.00113 1.636 -5.567 3.464 AX15Q085
7305.177 607.01314 0.462 -2.146 7.724 0300Pa0455
7305.222 70.0 3.034 -1.4 "" ""
7305.239 106.00112 2.08 -7.764 3.464 AX26P135
7305.248 24.0 5.488 -3.73 "" ""
7305.33 607.01214 1.821 -1.678 7.724 0602Pa0765
7305.33 607.01214 3.266 -4.856 7.724 2014Pc0095
7305.347 22.0 3.705 -1.94 "" ""
7305.404 90.1 0.868 -2.02 Nils02/24 ""
7305.439 607.01214 1.797 -3.159 7.724 0905Rc0495
7305.444 607.01314 2.526 -3.6 7.724 1510Rc0295
7305.451 607.01214 3.366 -4.032 7.724 2014Rb0235
7305.513 607.01314 0.527 -3.068 7.724 0401Rc0345
7305.514 22.1 3.938 -2.43 "" ""
7305.53 607.01314 2.526 -2.256 7.724 1510Qa0305
7305.563 106.00113 1.637 -5.614 3.464 AX15Q075
7305.566 20.0 5.443 -8.13 "" ""
7305.585 607.01314 3.191 -5.208 7.724 2014Pc0055
7305.605 607.01214 3.366 -4.592 7.724 2014Qd0245
7305.616 607.01214 1.797 -1.391 7.724 0905Qa0505
7305.634 24.0 4.609 -2.26 "" ""
7305.642 607.01314 0.527 -1.574 7.724 0401Qa0355
7305.66 106.00113 1.637 -7.378 3.464 AX15R075
7305.715 607.01214 3.321 -3.733 7.724 2014Qb0185
7305.76 24.0 5.489 -3.5 "" ""
7305.799 607.01214 3.306 -4.784 7.724 2014Rc0165
7305.819 607.01214 0.545 -2.785 7.724 0502Rc0125
7305.834 106.00112 1.567 -6.066 3.464 AX15R035
7305.836 26.0 5.61 -2.34 "" ""
7305.838 607.01214 3.321 -4.684 7.724 2014Pd0195
7305.849 607.01214 1.727 -3.248 7.724 1107Rd0105
7305.871 607.01214 0.545 -1.92 7.724 0502Qa0135
7305.904 607.01314 2.538 -2.255 7.724 1510Qb0305
7305.909 607.01214 3.306 -3.756 7.724 2014Qa0175
7305.941 24.0 4.464 -1.82 "" ""
7305.955 607.01214 1.732 -3.245 7.724 1107Rd0115
7305.979 607.01314 0.497 -2.699 7.724 0502Qd0045
7305.979 607.01314 0.497 -2.799 7.724 0502Rb0035
7305.98 24.0 4.452 -2.64 "" ""
7305.99 22.0 1.732 -2.27 "" ""
7305.991 607.01214 1.722 -3.255 7.724 1107Rd0095
7305.993 607.01314 2.538 -3.581 7.724 1510Pd0315
7306.052 607.01314 0.495 -2.763 7.724 0502Qd0035
7306.052 607.01314 0.495 -2.929 7.724 0502Rb0025
7306.056 106.00113 1.637 -7.208 3.464 AX15P085
7306.059 20.0 6.041 -2.85 "" ""
7306.079 20.0 5.485 -2.42 "" ""
7306.08 607.01214 2.465 -2.193 7.724 0400Rb1035
7306.101 607.01214 0.791 -3.084 7.724 0502Rd0355
7306.103 607.01314 0.499 -2.652 7.724 0502Qd0055
7306.103 607.01314 0.499 -2.695 7.724 0502Rb0045
7306.116 106.00113 2.856 -8.262 3.464 AX16P295
