wavelength species excitation loggf disassociation_energy comment
3902.05 106.00112 0.996 -3.054 3.464 AX32R145
3902.062 21.1 0.315 -3.78 "" ""
3902.072 23.0 2.038 -1.6 "" ""
3902.076 106.00113 0.804 -5.471 3.464 AX32Q095
3902.085 106.00113 0.804 -3.508 3.464 AX32R095
3902.085 24.0 3.665 -1.31 "" ""
3902.09 106.00112 0.996 -5.342 3.464 AX32Q145
3902.097 106.00112 0.686 -4.211 3.464 AX21Q145
3902.098 27.0 3.277 -4.52 "" ""
3902.106 607.01314 2.459 -3.515 7.724 1010Qc0235
3902.123 23.0 2.255 -1.04 "" ""
3902.125 26.0 3.544 -4.52 "" ""
3902.126 607.01314 2.459 -0.454 7.724 1010Pa0245
3902.131 106.00112 0.686 -8.172 3.464 AX21P145
3902.182 42.0 3.245 -1.49 "" ""
3902.182 607.01314 2.459 -0.473 7.724 1010Pb0235
3902.223 106.00112 0.465 -1.463 3.464 BX00R155
3902.253 23.0 0.069 -0.22 LAWNOHFS ""
3902.299 42.0 2.521 -1.52 "" ""
3902.309 106.00112 1.042 -3.057 3.464 AX32R145
3902.33 62.1 0.184 -2.03 LAWLER ""
3902.357 607.01214 2.434 -0.64 7.724 1010Pa0155
3902.363 607.01214 2.434 -3.3 7.724 1010Qc0145
3902.365 106.00112 0.465 -6.779 3.464 BX00Q165
3902.365 25.1 5.563 -2.71 "" ""
3902.37 106.00112 1.042 -2.968 3.464 AX32R155
3902.375 106.00113 0.804 -3.609 3.464 AX32R085
3902.388 106.00112 0.465 -1.46 3.464 BX00R165
3902.388 106.00113 0.021 -1.697 3.464 BX00P035
3902.392 27.0 3.729 -2.63 "" ""
3902.4 64.1 0.425 -0.58 LAWLER ""
3902.417 106.00112 1.042 -5.328 3.464 AX32Q155
3902.452 106.00112 1.65 -4.74 3.464 AX42P255
3902.481 106.00112 0.778 -3.705 3.464 AX32R075
3902.491 607.01214 2.434 -0.669 7.724 1010Pb0145
3902.499 106.00112 1.65 -7.386 3.464 AX42Q245
3902.503 77.0 0.351 -1.93 "" ""
3902.523 106.00113 0.804 -3.508 3.464 AX32R095
3902.526 106.00113 0.804 -5.456 3.464 AX32Q095
3902.542 25.1 4.82 -6.81 "" ""
3902.543 23.0 1.042 -6.24 "" ""
3902.55 92.1 0.036 -1.2 "" ""
3902.567 57.0 0.0 -1.4 "" ""
3902.594 106.00112 1.65 -4.438 3.464 AX42P245
3902.617 106.00112 0.021 -1.697 3.464 BX00P035
3902.656 23.0 2.267 -6.23 "" ""
3902.656 77.0 1.605 -1.47 "" ""
3902.666 106.00113 0.683 -5.826 3.464 AX21R135
3902.702 106.00113 0.683 -4.373 3.464 AX21Q135
3902.703 106.00112 0.778 -5.465 3.464 AX32Q085
3902.712 106.00113 0.67 -5.75 3.464 AX32R025
3902.712 607.01314 2.469 -3.532 7.724 1010Qc0245
3902.716 64.0 0.124 -0.66 "" ""
3902.72 106.00112 0.778 -3.601 3.464 AX32R085
3902.732 607.01314 2.469 -0.436 7.724 1010Pa0255
3902.734 106.00113 0.67 -5.741 3.464 AX32R025
3902.738 106.00112 0.372 -7.058 3.464 AX21P035
3902.758 68.1 0.891 -0.62 LAWLER ""
3902.784 106.00113 0.992 -3.054 3.464 AX32R145
3902.785 106.00113 0.683 -4.211 3.464 AX21Q145
3902.791 607.01314 2.469 -0.454 7.724 1010Pb0245
3902.799 23.1 5.898 -4.51 "" ""
3902.8 106.00113 0.992 -3.145 3.464 AX32R135
3902.8 28.0 3.603 -1.88 "" ""
3902.821 106.00112 1.151 -3.749 3.464 AX10Q265
3902.821 106.00113 0.683 -8.172 3.464 AX21P145
3902.824 24.0 3.548 -4.22 "" ""
3902.84 28.0 4.164 -4.11 "" ""
3902.848 106.00113 0.992 -5.342 3.464 AX32Q145
3902.854 24.0 4.102 -2.15 "" ""
3902.857 106.00112 0.372 -7.057 3.464 AX21P035
3902.877 106.00112 1.151 -5.893 3.464 AX10R255
3902.878 106.00112 0.778 -3.705 3.464 AX32R075
3902.894 28.0 4.085 -3.21 "" ""
3902.905 106.00112 0.372 -8.119 3.464 AX21Q035
3902.909 24.0 0.982 -1.52 SOBECK ""
3902.931 106.00112 1.151 -8.005 3.464 AX10P265
3902.946 26.0 1.556 -0.44 OBR91 ""
3902.948 106.00112 0.708 -4.763 3.464 BX10R205
3902.953 42.0 0.0 -0.15 "" ""
3902.957 607.01214 2.441 -0.612 7.724 1010Pa0165
3902.964 607.01214 2.441 -3.328 7.724 1010Qc0155
3902.986 106.00112 1.151 -3.923 3.464 AX10Q255
3902.993 26.0 4.1 -2.82 "" ""
3903.024 106.00112 0.372 -8.127 3.464 AX21Q035
3903.049 23.1 4.772 -4.21 "" ""
3903.062 106.00112 0.778 -5.451 3.464 AX32Q085
3903.078 106.00112 0.778 -3.601 3.464 AX32R085
3903.087 607.01214 2.441 -0.64 7.724 1010Pb0155
3903.102 106.00112 0.687 -5.843 3.464 AX21R135
3903.102 90.0 0.966 -0.36 "" ""
3903.108 22.0 2.776 -3.58 "" ""
3903.121 106.00113 1.145 -3.749 3.464 AX10Q265
3903.134 106.00113 0.775 -3.705 3.464 AX32R075
3903.136 106.00112 0.687 -4.373 3.464 AX21Q135
3903.139 607.01314 2.792 -0.252 7.724 1111Rb0335
3903.149 607.01314 2.779 -0.266 7.724 1111Rb0325
3903.153 607.01314 2.792 -0.238 7.724 1111Ra0345
3903.157 106.00112 0.687 -4.211 3.464 AX21Q145
3903.158 106.00113 1.038 -3.057 3.464 AX32R145
3903.161 24.0 0.968 -2.23 SOBECK ""
3903.162 607.01314 2.779 -0.252 7.724 1111Ra0335
3903.162 607.01314 2.806 -0.238 7.724 1111Rb0345
3903.166 607.01314 2.792 -3.645 7.724 1111Qd0345
3903.175 607.01314 2.779 -3.633 7.724 1111Qd0335
3903.188 106.00113 1.145 -5.893 3.464 AX10R255
3903.19 607.01314 2.766 -0.28 7.724 1111Rb0315
3903.19 607.01314 2.806 -3.656 7.724 1111Qd0355
3903.191 106.00112 0.687 -8.157 3.464 AX21P145
3903.201 607.01314 2.766 -0.266 7.724 1111Ra0325
3903.215 607.01314 2.766 -3.621 7.724 1111Qd0325
3903.227 106.00113 1.145 -8.005 3.464 AX10P265
3903.235 106.00113 1.531 -6.593 3.464 AX53Q185
3903.236 106.00113 1.038 -2.967 3.464 AX32R155
3903.253 23.1 1.475 -0.91 LAWNOHFS ""
3903.259 607.01314 2.753 -0.295 7.724 1111Rb0305
3903.263 106.00113 1.038 -5.328 3.464 AX32Q155
3903.266 106.00113 1.531 -5.467 3.464 AX53P185
3903.268 607.01314 2.753 -0.28 7.724 1111Ra0315
3903.283 607.01314 2.753 -3.609 7.724 1111Qd0315
3903.294 106.00113 1.145 -3.923 3.464 AX10Q255
3903.298 106.00113 1.531 -6.954 3.464 AX53P195
3903.323 607.01314 2.48 -3.548 7.724 1010Qc0255
3903.326 66.0 1.055 -0.14 "" ""
3903.333 58.1 0.56 -0.73 LAWLER ""
3903.334 106.00112 0.191 -4.745 3.464 AX10P095
3903.343 607.01314 2.48 -0.419 7.724 1010Pa0265
3903.347 106.00112 0.191 -6.919 3.464 AX10Q095
3903.354 607.01314 2.74 -0.311 7.724 1111Rb0295
3903.355 106.00113 0.775 -5.465 3.464 AX32Q085
3903.362 607.01314 2.74 -0.295 7.724 1111Ra0305
3903.372 106.00112 0.372 -6.732 3.464 AX21P045
3903.374 106.00113 0.775 -3.601 3.464 AX32R085
3903.378 607.01314 2.74 -3.596 7.724 1111Qd0305
3903.383 23.1 4.7 -3.79 "" ""
3903.403 607.01314 2.48 -0.436 7.724 1010Pb0255
3903.416 62.1 0.277 -0.61 "" ""
3903.453 26.0 3.045 -7.08 "" ""
3903.459 22.1 4.906 -3.94 "" ""
3903.469 106.00112 0.373 -6.732 3.464 AX21P045
3903.474 607.01314 2.728 -0.326 7.724 1111Rb0285
3903.481 607.01314 2.728 -0.311 7.724 1111Ra0295
3903.497 607.01314 2.728 -3.583 7.724 1111Qd0295
3903.51 60.1 0.32 -1.33 LAWLER ""
3903.513 26.0 4.555 -3.02 "" ""
3903.514 25.0 4.675 -1.58 "" ""
3903.523 106.00112 1.043 -2.968 3.464 AX32R155
3903.532 106.00112 1.043 -3.057 3.464 AX32R145
3903.532 106.00113 0.775 -3.705 3.464 AX32R075
3903.536 106.00112 0.191 -4.69 3.464 AX10P105
3903.537 106.00113 0.371 -7.058 3.464 AX21P035
3903.547 27.0 3.629 -2.9 "" ""
3903.552 24.1 4.981 -4.87 "" ""
3903.563 607.01214 2.448 -0.586 7.724 1010Pa0175
3903.567 607.01214 2.448 -3.354 7.724 1010Qc0165
3903.57 106.00112 1.043 -5.303 3.464 AX32Q155
3903.617 607.01314 2.717 -0.342 7.724 1111Rb0275
3903.623 607.01314 2.717 -0.326 7.724 1111Ra0285
3903.639 607.01314 2.717 -3.569 7.724 1111Qd0285
3903.649 22.0 1.748 -3.25 "" ""
3903.655 106.00113 0.371 -7.057 3.464 AX21P035
3903.677 23.0 2.267 -0.47 "" ""
3903.689 607.01214 2.448 -0.612 7.724 1010Pb0165
3903.703 106.00113 0.371 -8.119 3.464 AX21Q035
3903.71 40.1 0.409 -2.0 "" ""
3903.714 106.00113 0.776 -5.451 3.464 AX32Q085
3903.724 106.00113 0.776 -3.601 3.464 AX32R085
3903.775 106.00113 0.684 -5.843 3.464 AX21R135
3903.782 607.01314 2.705 -0.359 7.724 1111Rb0265
3903.787 607.01314 2.705 -0.342 7.724 1111Ra0275
3903.803 607.01314 2.705 -3.555 7.724 1111Qd0275
3903.816 106.00113 0.684 -4.373 3.464 AX21Q135
3903.821 106.00113 0.371 -8.127 3.464 AX21Q035
3903.823 26.1 5.565 -3.5 "" ""
3903.831 106.00113 0.684 -4.211 3.464 AX21Q145
3903.842 68.1 2.153 0.0 "" ""
3903.859 12.0 4.343 -0.51 "" ""
3903.869 23.0 2.121 -5.17 "" ""
3903.871 106.00113 0.684 -8.157 3.464 AX21P145
3903.898 26.0 2.988 -0.7 "" ""
3903.915 59.1 0.97 -0.56 "" ""
3903.929 58.1 1.532 -0.02 "" ""
3903.936 24.0 3.887 -2.65 "" ""
3903.942 607.01314 2.491 -3.563 7.724 1010Qc0265
3903.964 607.01314 2.491 -0.402 7.724 1010Pa0275
3903.967 607.01314 2.695 -0.376 7.724 1111Rb0255
3903.971 607.01314 2.695 -0.359 7.724 1111Ra0265
3903.975 26.0 4.073 -3.16 "" ""
3903.976 74.0 3.689 0.17 "" ""
3903.977 106.00112 0.191 -4.745 3.464 AX10P095
3903.984 68.0 0.624 0.04 "" ""
3903.987 607.01314 2.695 -3.54 7.724 1111Qd0265
3903.989 26.0 4.227 -2.53 "" ""
3903.99 106.00112 0.191 -6.936 3.464 AX10Q095
3904.017 607.01314 2.491 -0.419 7.724 1010Pb0265
3904.052 27.0 3.574 -0.55 "" ""
3904.064 106.00112 0.752 -3.806 3.464 AX32R065
3904.079 26.0 2.725 -1.9 "" ""
3904.083 90.1 0.51 -1.57 "" ""
3904.098 25.0 5.108 -2.05 "" ""
3904.119 27.0 3.407 -1.34 "" ""
3904.123 24.0 4.398 -2.09 "" ""
3904.126 106.00112 0.192 -4.69 3.464 AX10P105
3904.14 27.0 3.71 -3.97 "" ""
3904.152 106.00113 0.19 -4.745 3.464 AX10P095
3904.166 106.00113 0.19 -6.919 3.464 AX10Q095
3904.167 106.00113 0.371 -6.731 3.464 AX21P045
3904.171 607.01314 2.684 -0.394 7.724 1111Rb0245
3904.173 607.01214 2.456 -3.378 7.724 1010Qc0175
3904.174 607.01314 2.684 -0.376 7.724 1111Ra0255
3904.175 607.01214 2.456 -0.562 7.724 1010Pa0185
3904.186 41.0 1.489 -0.45 "" ""
3904.19 607.01314 2.684 -3.525 7.724 1111Qd0255
3904.204 23.0 1.042 -6.52 "" ""
3904.21 66.1 0.59 -1.38 LAWLER ""
3904.218 45.0 1.675 -1.57 "" ""
3904.23 106.00112 1.091 -2.971 3.464 AX32R155
3904.257 28.0 3.304 -5.55 "" ""
3904.263 106.00113 0.371 -6.732 3.464 AX21P045
3904.275 106.00112 1.091 -2.884 3.464 AX32R165
3904.282 26.0 4.257 -3.77 "" ""
3904.29 27.0 3.168 -4.02 "" ""
3904.29 64.0 0.027 -1.04 "" ""
3904.295 92.1 1.034 -0.17 "" ""
3904.297 607.01214 2.456 -0.586 7.724 1010Pb0175
3904.302 25.0 4.682 -0.35 "" ""
3904.319 21.0 1.427 -4.36 "" ""
3904.32 106.00112 0.752 -5.447 3.464 AX32Q075
3904.329 106.00112 1.091 -5.289 3.464 AX32Q165
3904.337 58.1 0.553 -0.57 LAWLER ""
3904.348 106.00113 1.039 -2.968 3.464 AX32R155
3904.349 106.00112 0.752 -3.696 3.464 AX32R075
3904.353 106.00113 0.19 -4.69 3.464 AX10P105
3904.374 106.00112 1.381 -7.466 3.464 AX53P155
3904.375 24.0 3.977 -2.03 "" ""
3904.376 106.00112 0.752 -3.806 3.464 AX32R065
3904.377 23.0 2.053 -1.82 "" ""
3904.39 106.00113 1.039 -3.057 3.464 AX32R145
3904.403 607.01314 2.674 -0.394 7.724 1111Ra0245
3904.411 607.01314 2.674 -3.508 7.724 1111Qd0245
3904.424 106.00113 1.039 -5.303 3.464 AX32Q155
3904.427 23.0 1.802 -1.43 "" ""
3904.455 607.01314 2.674 -0.413 7.724 1111Rb0235
3904.463 23.0 1.798 -0.87 LAWNOHFS ""
3904.479 23.1 6.161 -2.52 "" ""
3904.479 25.0 5.13 -3.86 "" ""
3904.506 106.00112 1.23 -5.788 3.464 AX10R265
3904.514 24.0 2.965 -3.63 "" ""
3904.521 21.1 7.434 -2.06 "" ""
3904.558 68.1 0.886 -0.56 "" ""
3904.56 106.00112 1.23 -3.587 3.464 AX10Q275
3904.563 92.1 0.652 -0.83 "" ""
3904.567 607.01314 2.502 -3.578 7.724 1010Qc0275
3904.581 58.1 0.899 -0.88 "" ""
3904.59 607.01314 2.502 -0.386 7.724 1010Pa0285
3904.597 106.00112 0.752 -5.435 3.464 AX32Q075
3904.606 22.0 2.248 -2.74 "" ""
3904.621 106.00112 1.23 -3.749 3.464 AX10Q265
3904.621 607.01314 2.664 -0.413 7.724 1111Ra0235
3904.626 106.00112 0.752 -3.696 3.464 AX32R075
3904.632 106.00112 0.734 -5.76 3.464 AX21R145
3904.64 28.0 0.422 -7.35 "" ""
3904.647 607.01314 2.502 -0.402 7.724 1010Pb0275
3904.649 607.01314 2.664 -3.492 7.724 1111Qd0235
3904.657 21.0 2.292 -0.75 "" ""
3904.667 607.01314 2.664 -0.432 7.724 1111Rb0225
3904.673 106.00112 0.734 -4.211 3.464 AX21Q145
3904.675 106.00112 1.23 -9.369 3.464 AX10P275
3904.7 106.00113 1.223 -5.788 3.464 AX10R265
3904.723 106.00113 0.75 -3.806 3.464 AX32R065
3904.738 106.00113 1.223 -3.587 3.464 AX10Q275
3904.744 106.00112 0.734 -4.056 3.464 AX21Q155
3904.751 42.0 2.621 -1.64 "" ""
3904.769 27.0 3.663 -2.69 "" ""
3904.771 26.0 3.249 -3.7 "" ""
3904.782 607.01214 2.464 -3.401 7.724 1010Qc0185
3904.783 22.0 0.899 0.15 LAWLER ""
3904.785 106.00112 0.734 -8.801 3.464 AX21P155
3904.788 106.00113 0.19 -4.745 3.464 AX10P095
3904.793 607.01214 2.464 -0.539 7.724 1010Pa0195
3904.801 106.00113 0.19 -6.936 3.464 AX10Q095
3904.809 106.00113 1.223 -3.749 3.464 AX10Q265
3904.814 70.1 4.75 -0.71 "" ""
3904.831 27.0 3.629 -1.82 "" ""
3904.848 106.00113 1.223 -9.369 3.464 AX10P275
3904.848 25.0 3.38 -3.74 "" ""
3904.871 59.1 1.038 -0.76 "" ""
3904.871 607.01314 2.655 -0.432 7.724 1111Ra0225
3904.877 26.1 4.612 -4.42 "" ""
3904.902 607.01314 2.655 -3.474 7.724 1111Qd0225
3904.908 607.01314 2.655 -0.452 7.724 1111Rb0215
3904.911 607.01214 2.464 -0.562 7.724 1010Pb0185
3904.921 27.0 3.168 -4.62 "" ""
3904.938 106.00113 0.19 -4.69 3.464 AX10P105
3904.953 25.0 3.38 -3.75 "" ""
3904.968 27.0 2.868 -3.56 "" ""
3904.977 106.00113 0.75 -5.447 3.464 AX32Q075
3904.99 26.0 3.414 -8.65 "" ""
3904.991 106.00112 1.604 -7.338 3.464 AX31P275
3905.008 106.00113 0.75 -3.696 3.464 AX32R075
3905.021 26.0 3.249 -6.26 "" ""
3905.036 106.00113 0.75 -3.806 3.464 AX32R065
3905.071 25.0 3.841 -1.21 "" ""
3905.099 42.0 3.161 -1.47 "" ""
3905.137 24.0 3.963 -3.42 "" ""
3905.14 607.01314 2.646 -0.452 7.724 1111Ra0215
3905.168 607.01314 2.646 -0.473 7.724 1111Rb0205
3905.171 607.01314 2.646 -3.455 7.724 1111Qd0215
3905.183 26.0 3.239 -2.61 "" ""
3905.186 90.1 1.669 -0.34 "" ""
3905.2 106.00113 1.533 -6.954 3.464 AX53P195
3905.2 607.01314 2.514 -3.592 7.724 1010Qc0285
3905.211 106.00113 1.533 -6.625 3.464 AX53Q185
3905.218 106.00113 1.087 -2.971 3.464 AX32R155
3905.223 607.01314 2.514 -0.37 7.724 1010Pa0295
3905.229 25.0 5.083 -0.54 "" ""
3905.237 106.00112 0.073 -7.276 3.464 AX10P055
3905.241 106.00113 1.533 -5.467 3.464 AX53P185
3905.256 106.00113 0.75 -5.435 3.464 AX32Q075
3905.277 607.01314 2.514 -0.386 7.724 1010Pb0285
3905.28 106.00113 0.75 -3.696 3.464 AX32R075
3905.284 106.00113 1.087 -2.884 3.464 AX32R165
3905.289 106.00113 0.731 -5.76 3.464 AX21R145
3905.29 27.0 4.069 -1.55 "" ""
3905.3 26.0 2.196 -5.55 "" ""
3905.313 106.00113 1.087 -5.288 3.464 AX32Q165
3905.333 106.00113 0.731 -4.211 3.464 AX21Q145
3905.394 607.01214 2.472 -3.423 7.724 1010Qc0195
3905.398 106.00113 0.731 -4.056 3.464 AX21Q155
3905.405 106.00113 0.125 -1.296 3.464 BX00Q075
3905.405 68.0 0.0 -0.27 "" ""
3905.417 607.01214 2.472 -0.517 7.724 1010Pa0205
3905.425 607.01314 2.638 -0.473 7.724 1111Ra0205
3905.439 106.00113 0.125 -4.079 3.464 BX00R075
3905.442 106.00113 0.731 -8.8 3.464 AX21P155
3905.446 607.01314 2.638 -0.495 7.724 1111Rb0195
3905.452 25.1 5.563 -3.73 "" ""
3905.453 607.01314 2.638 -3.436 7.724 1111Qd0205
3905.493 106.00112 0.073 -7.294 3.464 AX10P055
3905.506 67.1165 0.079 -1.285 LAWLER ""
3905.507 67.1165 0.079 -2.647 LAWLER ""
3905.523 14.0 1.909 -1.08 DenH23_10% ""
3905.53 25.1 5.544 -4.06 "" ""
3905.531 607.01214 2.472 -0.539 7.724 1010Pb0195
3905.569 106.00112 1.092 -2.885 3.464 AX32R165
3905.573 67.1165 0.079 -2.647 LAWLER ""
3905.575 67.1165 0.079 -1.365 LAWLER ""
3905.575 67.1165 0.079 -2.422 LAWLER ""
3905.597 106.00112 1.092 -2.971 3.464 AX32R155
3905.597 66.1 1.777 -0.15 "" ""
3905.603 106.00113 0.125 -3.998 3.464 BX00P085
3905.623 27.1 3.137 -5.33 "" ""
3905.624 106.00112 1.092 -5.262 3.464 AX32Q165
3905.635 67.1165 0.079 -1.446 LAWLER ""
3905.635 67.1165 0.079 -2.333 LAWLER ""
3905.636 24.0 4.613 -3.06 "" ""
3905.636 67.1165 0.079 -2.422 LAWLER ""
3905.639 106.00113 0.125 -1.252 3.464 BX00Q085
3905.644 24.1 5.326 -0.9 "" ""
3905.647 64.0 0.213 -0.44 "" ""
3905.654 26.0 2.467 -4.96 "" ""
3905.668 106.00112 0.126 -1.296 3.464 BX00Q075
3905.678 106.00113 1.593 -7.263 3.464 AX31P275
3905.687 106.00112 1.382 -7.512 3.464 AX53P155
3905.687 67.1165 0.079 -2.31 LAWLER ""
3905.689 67.1165 0.079 -1.526 LAWLER ""
3905.69 67.1165 0.079 -2.333 LAWLER ""
3905.703 106.00112 0.126 -4.079 3.464 BX00R075
3905.725 607.01314 2.63 -0.495 7.724 1111Ra0195
3905.732 67.1165 0.079 -2.341 LAWLER ""
3905.734 67.1165 0.079 -1.602 LAWLER ""
3905.736 67.1165 0.079 -2.31 LAWLER ""
3905.739 607.01314 2.63 -0.518 7.724 1111Rb0185
3905.749 607.01314 2.63 -3.415 7.724 1111Qd0195
3905.771 67.1165 0.079 -2.436 LAWLER ""
3905.773 67.1165 0.079 -1.672 LAWLER ""
3905.775 67.1165 0.079 -2.341 LAWLER ""
3905.782 25.0 4.357 -1.44 "" ""
3905.785 22.0 2.493 -2.78 "" ""
3905.803 67.1165 0.079 -2.66 LAWLER ""
3905.805 67.1165 0.079 -1.727 LAWLER ""
3905.807 67.1165 0.079 -2.436 LAWLER ""
3905.831 67.1165 0.079 -1.757 LAWLER ""
3905.833 67.1165 0.079 -2.66 LAWLER ""
3905.84 607.01314 2.526 -3.606 7.724 1010Qc0295
3905.866 106.00112 0.126 -3.997 3.464 BX00P085
3905.867 607.01314 2.526 -0.355 7.724 1010Pa0305
3905.87 60.1 0.204 -0.28 LAWLER ""
3905.879 24.1 4.934 -3.62 "" ""
3905.902 106.00112 0.126 -1.252 3.464 BX00Q085
3905.904 106.00112 0.735 -5.778 3.464 AX21R145
3905.917 607.01314 2.526 -0.37 7.724 1010Pb0295
3905.923 26.0 4.183 -2.33 "" ""
3905.942 66.0 1.753 0.66 "" ""
3905.945 106.00112 0.735 -4.057 3.464 AX21Q155
3905.945 106.00112 0.735 -4.211 3.464 AX21Q145
3905.962 106.00112 0.729 -3.914 3.464 AX32R055
3905.971 74.0 2.456 -0.32 "" ""
3905.986 106.00112 0.735 -8.785 3.464 AX21P155
3906.012 607.01214 2.481 -3.443 7.724 1010Qc0205
3906.035 26.1 5.566 -1.83 "" ""
3906.039 607.01314 2.622 -0.518 7.724 1111Ra0185
3906.042 607.01314 2.622 -0.541 7.724 1111Rb0175
3906.046 607.01214 2.481 -0.496 7.724 1010Pa0215
3906.058 607.01314 2.622 -3.394 7.724 1111Qd0185
3906.062 106.00113 0.073 -7.275 3.464 AX10P055
3906.088 60.1 0.204 -1.08 "" ""
3906.158 607.01214 2.481 -0.517 7.724 1010Pb0205
3906.199 106.00112 0.73 -3.914 3.464 AX32R055
3906.212 25.0 3.769 -6.32 "" ""
3906.262 106.00112 0.73 -5.417 3.464 AX32Q065
3906.288 27.0 0.513 -2.32 LAWNHFS ""
3906.306 106.00112 0.73 -3.794 3.464 AX32R065
3906.312 68.1 0.0 0.12 LAWLER ""
3906.313 25.1 4.82 -6.38 "" ""
3906.315 106.00113 0.073 -7.294 3.464 AX10P055
3906.358 23.0 2.053 -3.61 "" ""
3906.364 607.01314 2.615 -0.541 7.724 1111Ra0175
3906.364 607.01314 2.615 -0.567 7.724 1111Rb0165
3906.379 607.01314 2.615 -3.371 7.724 1111Qd0175
3906.395 24.0 2.542 -3.02 "" ""
3906.417 26.0 4.206 -2.22 "" ""
3906.432 21.0 2.294 -1.44 "" ""
3906.453 92.0 0.479 0.09 "" ""
3906.462 42.0 2.595 -1.16 "" ""
3906.469 106.00112 0.73 -5.407 3.464 AX32Q065
3906.48 26.0 0.11 -2.21 OBR91 ""
3906.487 27.0 3.626 -3.41 "" ""
3906.488 607.01314 2.538 -3.619 7.724 1010Qc0305
3906.489 26.0 3.957 -1.96 "" ""
3906.513 106.00112 0.73 -3.794 3.464 AX32R065
3906.514 607.01314 2.538 -0.34 7.724 1010Pa0315
3906.527 106.00113 1.088 -2.885 3.464 AX32R165
3906.53 26.0 2.725 -2.92 "" ""
3906.54 21.1 4.846 -2.31 "" ""
3906.542 106.00113 0.732 -5.778 3.464 AX21R145
3906.551 24.0 3.461 -0.34 "" ""
3906.562 607.01314 2.538 -0.355 7.724 1010Pb0305
3906.569 25.0 4.191 -3.35 "" ""
3906.58 23.0 2.357 -2.81 "" ""
3906.583 106.00113 0.732 -4.056 3.464 AX21Q155
3906.592 106.00113 0.732 -4.211 3.464 AX21Q145
3906.597 106.00113 1.088 -2.971 3.464 AX32R155
3906.616 106.00113 1.088 -5.262 3.464 AX32Q165
3906.626 106.00113 0.727 -3.914 3.464 AX32R055
3906.633 106.00113 0.732 -8.785 3.464 AX21P155
3906.64 607.01214 2.49 -3.462 7.724 1010Qc0215
3906.683 607.01214 2.49 -0.475 7.724 1010Pa0225
3906.698 607.01314 2.608 -0.567 7.724 1111Ra0165
3906.698 607.01314 2.608 -0.593 7.724 1111Rb0155
3906.711 607.01314 2.608 -3.347 7.724 1111Qd0165
3906.725 25.0 3.85 -4.2 "" ""
3906.747 23.0 1.05 -0.98 LAWNOHFS ""
3906.747 26.0 3.298 -0.97 "" ""
3906.768 23.0 1.063 -3.5 "" ""
3906.771 106.00112 1.143 -2.887 3.464 AX32R165
3906.791 607.01214 2.49 -0.496 7.724 1010Pb0215
3906.798 23.0 2.096 -2.24 "" ""
3906.8 62.1 0.184 -2.06 LAWLER ""
3906.801 106.00112 1.143 -2.804 3.464 AX32R175
3906.806 26.0 4.188 -1.74 "" ""
3906.862 106.00112 1.143 -5.248 3.464 AX32Q175
3906.862 106.00113 0.727 -3.914 3.464 AX32R055
3906.888 25.0 3.769 -5.24 "" ""
3906.888 72.0 1.802 -0.88 "" ""
3906.896 41.0 1.094 -0.97 "" ""
3906.907 42.0 2.596 -1.3 "" ""
3906.918 58.1 0.521 -0.83 BIEMONT ""
3906.924 106.00113 0.727 -5.417 3.464 AX32Q065
3906.926 24.0 2.542 -3.16 "" ""
3906.945 23.0 2.262 -0.41 "" ""
3906.962 26.0 3.281 -1.48 "" ""
3906.969 106.00113 0.727 -3.794 3.464 AX32R065
3906.974 42.0 2.521 -1.74 "" ""
3906.978 23.0 1.194 -1.45 "" ""
3907.04 63.1151 0.207 -0.374 LAWLER ""
3907.043 607.01314 2.602 -0.593 7.724 1111Ra0155
3907.043 607.01314 2.602 -0.621 7.724 1111Rb0145
3907.055 607.01314 2.602 -3.321 7.724 1111Qd0155
3907.074 63.1151 0.207 -0.542 LAWLER ""
3907.081 26.0 2.174 -5.99 "" ""
3907.087 63.1151 0.207 -1.186 LAWLER ""
3907.089 63.1153 0.207 -0.374 LAWLER ""
3907.091 23.1 6.329 -3.86 "" ""
3907.102 63.1151 0.207 -0.742 LAWLER ""
3907.105 63.1153 0.207 -0.542 LAWLER ""
3907.11 63.1153 0.207 -1.186 LAWLER ""
3907.113 63.1151 0.207 -1.02 LAWLER ""
3907.114 64.0 0.864 -0.36 "" ""
3907.117 63.1153 0.207 -0.742 LAWLER ""
3907.122 63.1153 0.207 -1.021 LAWLER ""
3907.124 63.1151 0.207 -0.994 LAWLER ""
3907.126 63.1151 0.207 -2.282 LAWLER ""
3907.126 63.1153 0.207 -0.994 LAWLER ""
3907.127 63.1153 0.207 -2.283 LAWLER ""
3907.13 63.1153 0.207 -1.01 LAWLER ""
3907.131 106.00113 0.728 -5.407 3.464 AX32Q065
3907.132 63.1151 0.207 -1.01 LAWLER ""
3907.133 63.1153 0.207 -1.358 LAWLER ""
3907.135 63.1153 0.207 -1.918 LAWLER ""
3907.136 63.1153 0.207 -1.096 LAWLER ""
3907.139 63.1153 0.207 -1.261 LAWLER ""
3907.14 63.1153 0.207 -1.772 LAWLER ""
3907.141 63.1151 0.207 -1.358 LAWLER ""
3907.142 63.1151 0.207 -1.918 LAWLER ""
3907.142 63.1153 0.207 -1.806 LAWLER ""
3907.144 607.01314 2.551 -3.632 7.724 1010Qc0315
3907.146 63.1151 0.207 -1.096 LAWLER ""
3907.153 63.1151 0.207 -1.772 LAWLER ""
3907.154 63.1151 0.207 -1.261 LAWLER ""
3907.159 63.1151 0.207 -1.805 LAWLER ""
3907.17 607.01314 2.551 -0.326 7.724 1010Pa0325
3907.171 106.00113 0.728 -3.794 3.464 AX32R065
3907.189 74.0 2.499 -0.58 "" ""
3907.221 607.01314 2.551 -0.34 7.724 1010Pb0315
3907.223 26.0 4.1 -3.85 "" ""
3907.246 24.0 4.614 -2.82 "" ""
3907.283 607.01214 2.5 -3.481 7.724 1010Qc0225
3907.288 58.1 1.106 0.32 BIEMONT ""
3907.302 24.0 2.965 -3.16 "" ""
3907.327 607.01214 2.5 -0.456 7.724 1010Pa0235
3907.339 26.0 3.299 -3.37 "" ""
3907.398 607.01314 2.596 -0.621 7.724 1111Ra0145
3907.398 607.01314 2.596 -0.651 7.724 1111Rb0135
3907.409 25.0 3.768 -6.52 "" ""
3907.41 607.01314 2.596 -3.293 7.724 1111Qd0145
3907.432 607.01214 2.5 -0.475 7.724 1010Pb0225
3907.434 58.1 0.516 -0.75 LAWLER ""
3907.465 26.0 2.756 -1.89 "" ""
3907.479 106.00113 1.501 -7.229 3.464 AX42P225
3907.484 21.0045 0.0 -1.15 LAWHFS ""
3907.485 21.0045 0.0 -0.71 LAWHFS ""
3907.486 21.0045 0.0 -0.42 LAWHFS ""
3907.487 21.0045 0.0 -0.21 LAWHFS ""
3907.487 21.0045 0.0 -0.84 LAWHFS ""
3907.488 21.0045 0.0 -0.68 LAWHFS ""
3907.489 21.0045 0.0 -0.84 LAWHFS ""
3907.49 21.0045 0.0 -0.67 LAWHFS ""
3907.491 21.0045 0.0 -1.02 LAWHFS ""
3907.493 21.0045 0.0 -0.83 LAWHFS ""
3907.494 21.0045 0.0 -1.27 LAWHFS ""
3907.497 106.00112 0.389 -6.651 3.464 AX21P045
3907.497 21.0045 0.0 -1.7 LAWHFS ""
3907.506 106.00113 0.035 -1.698 3.464 BX00P035
3907.52 23.1 3.121 -1.85 "" ""
3907.521 106.00113 0.035 -5.181 3.464 BX00Q035
3907.565 106.00112 0.785 -5.696 3.464 AX21R155
3907.595 23.0 2.038 -2.06 "" ""
3907.612 106.00112 0.785 -4.056 3.464 AX21Q155
3907.616 106.00112 0.389 -7.848 3.464 AX21Q045
3907.629 23.1 6.286 -3.77 "" ""
3907.659 76.0 1.746 -1.76 "" ""
3907.666 22.1 2.06 -4.72 "" ""
3907.668 106.00112 0.786 -3.91 3.464 AX21Q165
3907.67 28.0 3.603 -2.07 "" ""
3907.675 106.00112 0.389 -6.65 3.464 AX21P045
3907.69 60.1 0.204 -0.92 "" ""
3907.702 27.0 3.277 -4.89 "" ""
3907.715 106.00112 0.786 -10.18 3.464 AX21P165
3907.764 607.01314 2.59 -0.651 7.724 1111Ra0135
3907.764 607.01314 2.59 -0.683 7.724 1111Rb0125
3907.766 106.00112 0.035 -1.698 3.464 BX00P035
3907.775 607.01314 2.59 -3.264 7.724 1111Qd0135
3907.778 24.0 3.842 -0.88 "" ""
3907.782 106.00112 0.035 -5.181 3.464 BX00Q035
3907.782 25.1 6.9 -5.18 "" ""
3907.794 106.00112 0.389 -7.857 3.464 AX21Q045
3907.808 607.01314 2.565 -3.644 7.724 1010Qc0325
3907.82 25.0 3.769 -5.46 "" ""
3907.821 25.0 3.132 -4.08 "" ""
3907.836 607.01314 2.565 -0.311 7.724 1010Pa0335
3907.84 60.1 0.559 -0.26 LAWLER ""
3907.842 106.00112 1.233 -3.587 3.464 AX10Q275
3907.885 607.01314 2.565 -0.326 7.724 1010Pb0325
3907.902 106.00112 1.233 -5.818 3.464 AX10R265
3907.934 26.0 2.756 -1.11 "" ""
3907.948 607.01214 2.51 -3.499 7.724 1010Qc0235
3907.95 106.00113 1.138 -2.887 3.464 AX32R165
3907.955 106.00112 1.233 -9.341 3.464 AX10P275
3907.978 106.00113 1.226 -3.587 3.464 AX10Q275
3907.978 607.01214 2.51 -0.437 7.724 1010Pa0245
3907.992 106.00112 0.389 -6.422 3.464 AX21P055
3908.004 106.00113 0.035 -1.642 3.464 BX00P045
3908.006 106.00113 1.138 -2.804 3.464 AX32R175
3908.016 106.00112 1.233 -3.749 3.464 AX10Q265
3908.037 106.00113 1.138 -5.247 3.464 AX32Q175
3908.051 106.00113 1.226 -5.818 3.464 AX10R265
3908.052 59.1 0.55 0.1 "" ""
3908.078 607.01214 2.51 -0.456 7.724 1010Pb0235
3908.088 106.00113 1.226 -9.341 3.464 AX10P275
3908.089 58.1 0.6 -0.91 BIEMONT ""
3908.09 22.0 2.266 -4.47 "" ""
3908.14 607.01314 2.585 -0.683 7.724 1111Ra0125
3908.14 607.01314 2.585 -0.717 7.724 1111Rb0115
3908.143 106.00112 0.389 -6.422 3.464 AX21P055
3908.147 22.0 1.748 -4.14 "" ""
3908.15 607.01314 2.585 -3.232 7.724 1111Qd0125
3908.155 106.00112 0.71 -4.035 3.464 AX32R045
3908.161 106.00113 1.226 -3.749 3.464 AX10Q265
3908.185 106.00113 0.782 -5.696 3.464 AX21R155
3908.205 75.0 3.365 0.19 "" ""
3908.237 106.00113 0.782 -4.056 3.464 AX21Q155
3908.242 106.00112 1.144 -2.804 3.464 AX32R175
3908.244 62.0 0.282 -1.45 "" ""
3908.245 42.0 2.494 -1.41 "" ""
3908.268 106.00112 0.035 -1.642 3.464 BX00P045
3908.268 106.00113 0.388 -6.651 3.464 AX21P045
3908.284 106.00113 0.782 -3.91 3.464 AX21Q165
3908.286 106.00112 0.229 -4.681 3.464 AX10P105
3908.286 106.00112 0.229 -7.02 3.464 AX10Q105
3908.289 106.00112 1.144 -2.887 3.464 AX32R165
3908.29 59.1 0.371 -0.08 LINOHFS ""
3908.304 106.00112 1.144 -5.22 3.464 AX32Q175
3908.308 92.0 0.552 -0.34 "" ""
3908.322 27.0 3.565 -1.18 "" ""
3908.326 106.00112 0.71 -4.034 3.464 AX32R045
3908.328 24.0 2.98 -4.06 "" ""
3908.336 106.00113 0.782 -10.18 3.464 AX21P165
3908.382 24.0 3.426 -2.48 "" ""
3908.386 106.00113 0.388 -7.847 3.464 AX21Q045
3908.404 58.1 0.857 0.07 LAWLER ""
3908.426 26.0 4.183 -4.17 "" ""
3908.428 59.1 0.0 0.16 "" ""
3908.441 68.1 1.634 -0.81 "" ""
3908.443 21.1 7.434 -1.5 "" ""
3908.444 106.00113 0.388 -6.65 3.464 AX21P045
3908.456 106.00112 0.229 -4.634 3.464 AX10P115
3908.481 607.01314 2.579 -3.656 7.724 1010Qc0335
3908.508 607.01314 2.579 -0.298 7.724 1010Pa0345
3908.515 106.00112 0.71 -5.375 3.464 AX32Q055
3908.524 27.0 3.407 -3.54 "" ""
3908.524 28.0 4.164 -1.64 "" ""
3908.526 607.01314 2.58 -0.718 7.724 1111Ra0115
3908.526 607.01314 2.58 -0.755 7.724 1111Rb0105
3908.535 607.01314 2.58 -3.198 7.724 1111Qd0115
3908.536 27.0 3.684 -0.63 "" ""
3908.536 58.1 0.459 -0.48 LAWLER ""
3908.539 27.0 2.135 -4.59 "" ""
3908.545 26.1 2.702 -4.8 "" ""
3908.558 607.01314 2.579 -0.312 7.724 1010Pb0335
3908.562 106.00113 0.388 -7.857 3.464 AX21Q045
3908.577 106.00112 0.71 -3.899 3.464 AX32R055
3908.59 41.0 1.661 -0.76 "" ""
3908.599 25.0 5.13 -1.98 "" ""
3908.601 25.0 4.243 -3.62 "" ""
3908.605 42.1 3.019 -1.0 "" ""
3908.611 25.0 3.769 -4.37 "" ""
3908.636 607.01214 2.521 -0.419 7.724 1010Pa0255
3908.643 607.01214 2.521 -3.516 7.724 1010Qc0245
3908.645 23.0 1.802 -2.27 "" ""
3908.66 106.00112 0.71 -5.366 3.464 AX32Q055
3908.68 26.0 2.448 -3.53 "" ""
3908.722 106.00112 0.71 -3.899 3.464 AX32R055
3908.733 607.01214 2.521 -0.437 7.724 1010Pb0245
3908.749 90.0 1.393 -0.28 "" ""
3908.756 24.0 1.003 -1.05 SOBECK ""
3908.758 58.1 0.875 -0.39 BIEMONT ""
3908.761 106.00113 0.388 -6.422 3.464 AX21P055
3908.764 44.0 1.821 -0.63 "" ""
3908.82 106.00113 0.708 -4.034 3.464 AX32R045
3908.842 26.0 4.206 -1.39 "" ""
3908.893 26.0 2.48 -4.26 "" ""
3908.909 106.00113 0.388 -6.422 3.464 AX21P055
3908.918 28.0 3.603 -0.57 "" ""
3908.921 607.01314 2.575 -0.755 7.724 1111Ra0105
3908.921 607.01314 2.575 -0.795 7.724 1111Rb0095
3908.93 607.01314 2.575 -3.16 7.724 1111Qd0105
3908.957 27.0 3.565 -1.72 "" ""
3908.97 41.0 0.142 -1.18 "" ""
3908.989 106.00112 0.787 -5.715 3.464 AX21R155
3908.99 106.00113 0.708 -4.034 3.464 AX32R045
3909.012 106.00113 0.77 -1.559 3.464 BX00R205
3909.017 106.00112 0.787 -3.91 3.464 AX21Q165
3909.036 106.00112 0.787 -4.056 3.464 AX21Q155
3909.042 58.1 1.041 -0.89 "" ""
3909.05 106.00112 0.229 -4.681 3.464 AX10P105
3909.051 106.00112 0.229 -7.039 3.464 AX10Q105
3909.061 92.1 0.717 -1.06 "" ""
3909.064 106.00112 0.787 -10.163 3.464 AX21P165
3909.072 106.00113 0.227 -4.681 3.464 AX10P105
3909.073 106.00113 0.227 -7.02 3.464 AX10Q105
3909.078 106.00113 0.77 -6.727 3.464 BX00Q215
3909.082 44.0 1.697 0.02 "" ""
3909.137 27.0 3.168 -3.68 "" ""
3909.139 90.0 1.501 -0.43 "" ""
3909.152 26.0 4.214 -2.08 "" ""
3909.155 106.00113 0.77 -1.615 3.464 BX00R215
3909.162 607.01314 2.593 -3.667 7.724 1010Qc0345
3909.164 106.00112 0.229 -4.634 3.464 AX10P115
3909.178 106.00113 0.708 -5.375 3.464 AX32Q055
3909.181 106.00113 1.596 -7.337 3.464 AX31P275
3909.183 72.0 2.452 0.0 "" ""
3909.19 607.01314 2.593 -0.284 7.724 1010Pa0355
3909.207 106.00112 0.665 -5.58 3.464 AX32R015
3909.209 106.00112 0.665 -5.573 3.464 AX32R015
3909.211 26.0 4.206 -3.14 "" ""
3909.24 106.00113 0.708 -3.898 3.464 AX32R055
3909.24 607.01314 2.593 -0.298 7.724 1010Pb0345
3909.241 106.00113 0.227 -4.634 3.464 AX10P115
3909.241 607.01214 2.797 -3.584 7.724 1111Qd0305
3909.247 24.1 4.916 -2.63 "" ""
3909.257 607.01214 2.532 -0.42 7.724 1010Pb0255
3909.258 64.0 0.864 -0.52 "" ""
3909.284 26.0 3.684 -3.19 "" ""
3909.304 24.0 3.553 -4.57 "" ""
3909.31 58.1 0.445 -0.64 LAWLER ""
3909.314 23.1 5.835 -2.31 "" ""
3909.32 41.1 2.4 -1.85 Nilsson10 ""
3909.323 106.00113 0.708 -5.366 3.464 AX32Q055
3909.326 607.01314 2.571 -0.795 7.724 1111Ra0095
3909.326 607.01314 2.571 -0.84 7.724 1111Rb0085
3909.334 607.01314 2.571 -3.119 7.724 1111Qd0095
3909.382 607.01214 2.532 -3.532 7.724 1010Qc0255
3909.383 106.00113 0.708 -3.899 3.464 AX32R055
3909.386 106.00113 1.14 -2.804 3.464 AX32R175
3909.403 607.01214 2.532 -0.402 7.724 1010Pa0265
3909.405 23.1 6.141 -2.75 "" ""
3909.43 22.0 1.501 -1.29 "" ""
3909.438 27.0 3.71 -3.88 "" ""
3909.481 106.00113 1.14 -2.887 3.464 AX32R165
3909.482 25.1 4.82 -6.62 "" ""
3909.483 106.00113 0.021 -3.297 3.464 BX00P025
3909.487 106.00113 1.14 -5.22 3.464 AX32Q175
3909.522 607.01214 2.785 -0.299 7.724 1111Ra0295
3909.526 607.01214 2.798 -0.299 7.724 1111Rb0295
3909.538 42.0 3.221 -0.74 "" ""
3909.54 65.1 0.771 -0.42 LAWNOHFS ""
3909.542 607.01214 2.785 -3.57 7.724 1111Qd0295
3909.544 25.0 3.769 -4.87 "" ""
3909.587 106.00113 0.783 -5.715 3.464 AX21R155
3909.597 41.0 1.612 -0.57 "" ""
3909.616 106.00113 0.783 -3.91 3.464 AX21Q165
3909.646 106.00113 0.783 -4.056 3.464 AX21Q155
3909.658 26.0 3.281 -1.22 "" ""
3909.664 23.0 1.802 -0.71 LAWNOHFS ""
3909.675 106.00113 0.783 -10.163 3.464 AX21P165
3909.739 607.01314 2.568 -0.84 7.724 1111Ra0085
3909.739 607.01314 2.568 -0.889 7.724 1111Rb0075
3909.747 58.1 0.516 -0.96 LAWLER ""
3909.747 607.01314 2.568 -3.074 7.724 1111Qd0085
3909.756 106.00112 0.021 -3.297 3.464 BX00P025
3909.758 24.0 3.963 -2.92 "" ""
3909.761 25.0 3.761 -1.86 "" ""
3909.784 607.01214 2.543 -0.402 7.724 1010Pb0265
3909.796 607.01214 2.785 -0.314 7.724 1111Rb0285
3909.809 607.01214 2.773 -0.314 7.724 1111Ra0285
3909.828 106.00113 0.228 -4.68 3.464 AX10P105
3909.829 106.00113 0.228 -7.038 3.464 AX10Q105
3909.829 26.0 2.843 -1.35 "" ""
3909.833 607.01214 2.773 -3.557 7.724 1111Qd0285
3909.845 106.00113 1.503 -7.293 3.464 AX42P225
3909.852 607.01314 2.607 -3.678 7.724 1010Qc0355
3909.853 106.00113 1.307 -5.713 3.464 AX10R275
3909.857 23.0 0.069 -1.13 LAWNOHFS ""
3909.865 106.00112 1.314 -5.713 3.464 AX10R275
3909.881 607.01314 2.607 -0.271 7.724 1010Pa0365
3909.888 106.00113 0.663 -5.58 3.464 AX32R015
3909.889 106.00113 1.307 -3.434 3.464 AX10Q285
3909.89 106.00113 0.663 -5.573 3.464 AX32R015
3909.906 23.0 1.349 0.06 "" ""
3909.906 56.0 1.119 -0.25 "" ""
3909.918 106.00112 1.314 -3.434 3.464 AX10Q285
3909.921 26.0 2.947 -5.44 "" ""
3909.926 25.0 5.083 -0.18 "" ""
3909.927 27.0 0.0 -2.52 "" ""
3909.932 607.01314 2.607 -0.284 7.724 1010Pb0355
3909.933 58.1 0.295 -0.95 BIEMONT ""
3909.938 64.0 0.066 -1.45 "" ""
3909.94 62.0 0.387 -0.74 "" ""
3909.942 106.00113 0.228 -4.634 3.464 AX10P115
3909.966 106.00113 1.307 -3.587 3.464 AX10Q275
3909.985 106.00112 1.314 -3.587 3.464 AX10Q275
3909.994 106.00112 1.197 -2.807 3.464 AX32R175
3910.002 106.00113 1.307 -8.399 3.464 AX10P285
3910.01 24.0 3.447 -2.12 "" ""
3910.011 106.00112 1.197 -2.726 3.464 AX32R185
3910.033 106.00113 0.156 -1.252 3.464 BX00Q085
3910.037 106.00112 1.314 -8.399 3.464 AX10P285
3910.058 607.01214 2.773 -0.33 7.724 1111Rb0275
3910.07 106.00113 0.156 -4.133 3.464 BX00R085
3910.079 106.00112 1.197 -5.205 3.464 AX32Q185
3910.082 106.00112 0.707 -1.824 3.464 BX10R195
3910.09 607.01214 2.761 -0.33 7.724 1111Ra0275
3910.09 62.1 0.333 -1.63 LAWLER ""
3910.118 607.01214 2.761 -3.542 7.724 1111Qd0275
3910.124 106.00113 0.518 -1.461 3.464 BX00R165
3910.157 106.00112 0.707 -7.088 3.464 BX10Q205
3910.162 607.01314 2.564 -0.889 7.724 1111Ra0075
3910.162 607.01314 2.564 -0.944 7.724 1111Rb0065
3910.169 607.01314 2.564 -3.022 7.724 1111Qd0075
3910.177 23.0 2.284 -0.84 "" ""
3910.178 607.01214 2.543 -3.547 7.724 1010Qc0265
3910.198 106.00113 0.156 -4.064 3.464 BX00P095
3910.2 607.01214 2.543 -0.385 7.724 1010Pa0275
3910.218 106.00113 0.518 -6.76 3.464 BX00Q175
3910.218 25.0 3.841 -3.08 "" ""
3910.228 106.00112 0.707 -1.621 3.464 BX10R205
3910.236 106.00113 0.156 -1.215 3.464 BX00Q095
3910.244 607.01214 2.555 -0.385 7.724 1010Pb0275
3910.247 23.1 5.836 -3.49 "" ""
3910.275 27.0 3.629 -2.27 "" ""
3910.279 106.00113 0.518 -1.465 3.464 BX00R175
3910.316 607.01214 2.762 -0.347 7.724 1111Rb0265
3910.329 106.00112 0.157 -1.252 3.464 BX00Q085
3910.332 26.0 4.1 -2.36 "" ""
3910.333 20.0 5.736 -3.49 "" ""
3910.333 21.0 1.427 -5.36 "" ""
3910.357 106.00112 1.916 -5.281 3.464 CX03R255
3910.368 607.01214 2.75 -0.347 7.724 1111Ra0265
3910.369 106.00112 0.157 -4.133 3.464 BX00R085
3910.399 607.01214 2.75 -3.527 7.724 1111Qd0265
3910.476 106.00112 1.916 -9.161 3.464 CX03Q255
3910.494 106.00112 0.157 -4.064 3.464 BX00P095
3910.495 68.0 0.624 -0.32 "" ""
3910.516 26.0 3.239 -2.44 "" ""
3910.526 106.00112 1.916 -5.399 3.464 CX03R245
3910.534 106.00112 0.157 -1.215 3.464 BX00Q095
3910.551 607.01314 2.622 -3.689 7.724 1010Qc0365
3910.558 23.1 6.959 -2.28 "" ""
3910.562 24.0 2.98 -3.5 "" ""
3910.567 24.0 3.447 -0.56 "" ""
3910.572 607.01214 2.75 -0.364 7.724 1111Rb0255
3910.579 21.0 2.138 -4.43 "" ""
3910.582 607.01314 2.622 -0.258 7.724 1010Pa0375
3910.586 22.0 2.248 -2.36 "" ""
3910.59 20.0 5.737 -3.29 "" ""
3910.594 607.01314 2.562 -0.944 7.724 1111Ra0065
3910.594 607.01314 2.562 -1.008 7.724 1111Rb0055
3910.6 607.01314 2.562 -2.964 7.724 1111Qd0065
3910.612 607.01214 2.567 -0.369 7.724 1010Pb0285
3910.619 106.00112 0.694 -4.173 3.464 AX32R035
3910.633 607.01314 2.622 -0.271 7.724 1010Pb0365
3910.645 607.01214 2.739 -0.364 7.724 1111Ra0255
3910.666 106.00112 0.521 -1.461 3.464 BX00R165
3910.68 607.01214 2.739 -3.512 7.724 1111Qd0255
3910.696 58.1 1.194 -0.14 "" ""
3910.714 22.0 2.332 -3.75 "" ""
3910.724 24.0 3.844 -1.92 "" ""
3910.733 106.00112 0.694 -4.172 3.464 AX32R035
3910.771 106.00112 0.521 -6.76 3.464 BX00Q175
3910.787 23.0 1.042 -1.2 LAWNOHFS ""
3910.797 106.00112 0.84 -5.634 3.464 AX21R165
3910.804 57.1 0.321 -1.95 "" ""
3910.822 106.00112 0.521 -1.465 3.464 BX00R175
3910.829 607.01214 2.739 -0.382 7.724 1111Rb0245
3910.838 607.01214 2.606 -0.323 7.724 1010Pb0315
3910.844 26.0 2.756 -1.59 "" ""
3910.85 106.00112 0.84 -3.91 3.464 AX21Q165
3910.859 607.01214 2.58 -0.354 7.724 1010Pb0295
3910.871 24.0 4.385 -2.37 "" ""
3910.885 92.0 0.87 0.28 "" ""
3910.889 22.0 1.872 -3.36 "" ""
3910.892 106.00112 0.84 -3.77 3.464 AX21Q175
3910.92 62.1 0.659 -1.55 LAWLER ""
3910.924 607.01214 2.729 -0.382 7.724 1111Ra0245
3910.946 106.00112 0.84 -8.416 3.464 AX21P175
3910.948 607.01214 2.593 -0.338 7.724 1010Pb0305
3910.956 22.0 2.343 -3.27 "" ""
3910.961 607.01214 2.729 -3.495 7.724 1111Qd0245
3910.975 26.0 2.607 -4.97 "" ""
3910.998 26.0 3.209 -1.68 "" ""
3911.024 24.0 2.98 -4.03 "" ""
3911.034 42.0 2.289 -1.96 "" ""
3911.035 607.01314 2.559 -1.008 7.724 1111Ra0055
3911.035 607.01314 2.559 -1.082 7.724 1111Rb0045
3911.039 28.0 3.594 -4.68 "" ""
3911.04 607.01314 2.559 -2.897 7.724 1111Qd0055
3911.051 607.01214 2.555 -3.562 7.724 1010Qc0275
3911.066 106.00112 0.694 -5.317 3.464 AX32Q045
3911.074 607.01214 2.555 -0.369 7.724 1010Pa0285
3911.09 607.01214 2.729 -0.4 7.724 1111Rb0235
3911.092 42.0 2.079 -1.8 "" ""
3911.133 25.0 3.841 -0.75 "" ""
3911.142 22.0 2.66 -3.43 "" ""
3911.152 106.00112 0.694 -4.013 3.464 AX32R045
3911.16 106.00112 0.694 -5.31 3.464 AX32Q045
3911.17 60.1 0.471 0.11 LAWLER ""
3911.174 26.0 3.209 -3.96 "" ""
3911.177 26.0 3.281 -2.88 "" ""
3911.184 22.0 2.039 -0.33 "" ""
3911.193 42.0 2.079 -2.39 "" ""
3911.206 607.01214 2.719 -0.4 7.724 1111Ra0235
3911.245 106.00112 0.694 -4.014 3.464 AX32R045
3911.245 607.01214 2.719 -3.478 7.724 1111Qd0235
3911.26 607.01314 2.638 -3.699 7.724 1010Qc0375
3911.275 70.0 3.384 0.48 "" ""
3911.28 106.00113 0.692 -4.172 3.464 AX32R035
3911.287 23.0 2.503 -6.72 "" ""
3911.291 607.01314 2.638 -0.246 7.724 1010Pa0385
3911.297 58.1 0.822 -0.06 BIEMONT ""
3911.313 24.0 2.542 -3.35 "" ""
3911.316 24.0 2.985 -3.08 "" ""
3911.321 24.1 4.934 -2.06 "" ""
3911.344 607.01314 2.638 -0.259 7.724 1010Pb0375
3911.353 607.01214 2.719 -0.419 7.724 1111Rb0225
3911.362 22.0 2.039 -1.12 "" ""
3911.376 106.00113 0.836 -5.634 3.464 AX21R165
3911.394 106.00113 0.692 -4.172 3.464 AX32R035
3911.407 23.0 2.262 -0.79 "" ""
3911.428 106.00113 1.193 -2.806 3.464 AX32R175
3911.436 106.00113 0.836 -3.91 3.464 AX21Q165
3911.447 25.0 4.191 -0.62 "" ""
3911.449 26.0 2.174 -7.09 "" ""
3911.454 106.00113 1.425 -7.642 3.464 AX53P165
3911.467 106.00113 0.836 -3.77 3.464 AX21Q175
3911.475 106.00113 1.193 -2.725 3.464 AX32R185
3911.484 607.01314 2.557 -1.082 7.724 1111Ra0045
3911.484 607.01314 2.557 -1.171 7.724 1111Rb0035
3911.488 607.01314 2.557 -2.816 7.724 1111Qd0045
3911.494 607.01214 2.709 -0.419 7.724 1111Ra0225
3911.502 106.00113 1.697 -7.841 3.464 CX14R175
3911.507 106.00113 1.193 -5.205 3.464 AX32Q185
3911.526 106.00113 0.836 -8.416 3.464 AX21P175
3911.534 607.01214 2.709 -3.461 7.724 1111Qd0225
3911.544 68.1 0.891 -0.91 "" ""
3911.592 22.0 2.152 -3.4 "" ""
3911.604 106.00112 1.199 -2.726 3.464 AX32R185
3911.623 23.0 2.503 -7.88 "" ""
3911.623 64.0 0.92 -0.47 "" ""
3911.625 607.01214 2.709 -0.439 7.724 1111Rb0215
3911.668 106.00112 1.199 -2.807 3.464 AX32R175
3911.672 106.00112 1.199 -5.176 3.464 AX32Q185
3911.673 92.1 0.548 -0.8 "" ""
3911.702 26.0 3.298 -3.67 "" ""
3911.712 24.0 2.985 -2.74 "" ""
3911.726 106.00113 0.692 -5.317 3.464 AX32Q045
3911.787 607.01214 2.7 -0.439 7.724 1111Ra0215
3911.811 106.00113 0.692 -4.013 3.464 AX32R045
3911.811 76.0 1.583 -1.93 "" ""
3911.813 21.0045 0.021 -0.12 LAWHFS ""
3911.814 21.0045 0.021 -0.26 LAWHFS ""
3911.815 21.0045 0.021 -0.43 LAWHFS ""
3911.816 21.0045 0.021 -0.62 LAWHFS ""
3911.817 21.0045 0.021 -0.88 LAWHFS ""
3911.817 21.0045 0.021 -0.96 LAWHFS ""
3911.817 21.1 7.434 -6.54 "" ""
3911.818 21.0045 0.021 -0.76 LAWHFS ""
3911.818 21.0045 0.021 -1.27 LAWHFS ""
3911.819 106.00113 0.692 -5.31 3.464 AX32Q045
3911.819 21.0045 0.021 -0.71 LAWHFS ""
3911.819 21.0045 0.021 -0.73 LAWHFS ""
3911.819 21.0045 0.021 -0.82 LAWHFS ""
3911.819 21.0045 0.021 -1.01 LAWHFS ""
3911.82 21.0045 0.021 -1.27 LAWHFS ""
3911.82 21.0045 0.021 -1.3 LAWHFS ""
3911.821 21.0045 0.021 -1.32 LAWHFS ""
3911.821 21.0045 0.021 -1.44 LAWHFS ""
3911.821 21.0045 0.021 -1.66 LAWHFS ""
3911.821 21.0045 0.021 -2.08 LAWHFS ""
3911.83 607.01214 2.7 -3.442 7.724 1111Qd0215
3911.859 24.0 4.609 -2.57 "" ""
3911.903 106.00113 0.692 -4.014 3.464 AX32R045
3911.905 607.01214 2.7 -0.46 7.724 1111Rb0205
3911.907 68.1 0.055 -2.08 "" ""
3911.909 90.0 0.615 -0.82 "" ""
3911.941 607.01314 2.556 -1.171 7.724 1111Ra0035
3911.941 607.01314 2.556 -1.285 7.724 1111Rb0025
3911.944 24.0 3.435 -2.79 "" ""
3911.944 42.0 3.263 -0.88 "" ""
3911.945 607.01314 2.556 -2.717 7.724 1111Qd0035
3911.962 26.0 3.6 -9.06 "" ""
3911.979 607.01314 2.653 -3.709 7.724 1010Qc0385
3911.985 24.0 3.447 -2.31 "" ""
3911.991 59.1 0.97 -0.78 "" ""
3912.011 607.01314 2.653 -0.234 7.724 1010Pa0395
3912.023 607.01214 2.567 -3.576 7.724 1010Qc0285
