wavelength species excitation loggf disassociation_energy comment
6640.092 607.01214 3.253 -3.255 7.724 2114Qb0055
6640.105 607.01214 0.65 -3.621 7.724 0501Pc0405
6640.11 22.0 4.071 -3.62 "" ""
6640.126 607.01214 3.253 -3.758 7.724 2114Pd0065
6640.129 607.01214 0.791 -2.319 7.724 0703Rb0125
6640.171 607.01214 0.791 -2.653 7.724 0703Qd0135
6640.194 607.01214 1.755 -2.933 7.724 1207Rc0145
6640.237 607.01214 1.755 -2.017 7.724 1207Qa0155
6640.248 607.01314 0.635 -2.178 7.724 0602Pb0245
6640.266 24.1 6.479 -4.7 "" ""
6640.271 15.0 8.221 -2.0 "" ""
6640.286 607.01214 0.887 -3.565 7.724 0501Rc0515
6640.287 15.0 8.28 -2.7 "" ""
6640.312 106.00113 2.979 -5.537 3.464 AX04P355
6640.328 607.01214 3.248 -3.867 7.724 2114Pb0035
6640.335 607.01314 0.767 -3.502 7.724 0501Rc0475
6640.425 24.0 4.407 -1.24 "" ""
6640.452 607.01314 1.671 -2.894 7.724 1207Qb0025
6640.461 607.01314 1.671 -3.256 7.724 1207Pd0035
6640.463 607.01214 3.271 -3.202 7.724 2114Rb0105
6640.483 607.01314 0.767 -1.78 7.724 0501Qa0485
6640.496 607.01214 0.887 -1.757 7.724 0501Qa0525
6640.523 607.01214 3.271 -3.389 7.724 2114Qd0115
6640.561 26.0 5.545 -4.11 "" ""
6640.561 607.01214 0.897 -3.07 7.724 0703Rd0255
6640.618 14.0 6.094 -1.84 "" ""
6640.653 607.01214 1.813 -2.094 7.724 1207Ra0225
6640.736 26.0 3.637 -6.38 "" ""
6640.747 23.0 2.682 -1.89 "" ""
6640.842 607.01314 1.766 -3.077 7.724 1207Rd0215
6640.876 607.01214 1.065 -1.98 7.724 0501Rb0585
6640.897 25.1 4.775 -8.07 "" ""
6640.931 106.00112 1.483 -8.077 3.464 AX03P175
6640.932 607.01214 0.935 -1.858 7.724 0602Ra0435
6640.959 607.01314 1.692 -2.529 7.724 1207Rb0095
6640.988 607.01314 1.692 -2.7 7.724 1207Qd0105
6641.028 607.01214 1.065 -3.361 7.724 0501Qd0595
6641.16 607.01314 1.67 -3.617 7.724 1207Pb0015
6641.206 21.0 5.03 -2.36 "" ""
6641.243 607.01214 0.759 -2.477 7.724 0703Qb0055
6641.247 607.01214 1.834 -2.088 7.724 1207Rb0235
6641.263 607.01214 0.759 -3.01 7.724 0703Pd0065
6641.273 112.00124 0.565 -4.947 1.340 03P209b24
6641.286 112.00124 0.659 -5.076 1.340 03P215b24
6641.287 20.0 5.802 -4.64 "" ""
6641.315 607.01214 1.834 -2.752 7.724 1207Qd0245
6641.345 22.0 2.238 -2.11 LAWLER ""
6641.451 106.00113 2.031 -3.248 3.464 BX14P225
6641.486 15.0 8.099 -3.17 "" ""
6641.53 607.01214 2.58 -2.205 7.724 1610Pb0295
6641.566 607.01214 1.177 -2.376 7.724 0400Rb0705
6641.576 21.0 2.318 -4.4 "" ""
6641.598 21.0 3.884 -2.8 "" ""
6641.618 106.00113 2.037 -7.935 3.464 AX26R135
6641.633 106.00113 2.031 -7.053 3.464 BX14Q225
6641.763 106.00113 2.031 -3.174 3.464 BX14P235
6641.764 607.01314 0.624 -2.825 7.724 0602Qc0235
6641.794 607.01214 1.177 -3.912 7.724 0400Qd0715
6641.838 607.01314 0.625 -2.19 7.724 0602Pa0245
6641.883 607.01314 1.673 -2.755 7.724 1207Qb0035
6641.895 607.01314 1.673 -3.17 7.724 1207Pd0045
6641.956 6.0 8.841 -3.46 "" ""
6642.086 607.01214 1.777 -1.953 7.724 1207Qb0175
6642.112 106.00113 1.543 -7.14 3.464 BX15P015
6642.113 607.01214 0.797 -2.281 7.724 0703Rb0135
6642.128 20.0 5.724 -3.15 "" ""
6642.138 607.01214 1.777 -2.97 7.724 1207Pd0185
6642.157 607.01214 0.797 -2.654 7.724 0703Qd0145
6642.177 26.0 3.045 -7.19 "" ""
6642.231 24.0 5.902 -2.0 "" ""
6642.244 26.0 5.472 -3.82 "" ""
6642.282 607.01214 2.071 -4.503 7.724 0500Qc0945
6642.326 607.01214 0.664 -3.234 7.724 0602Pc0255
6642.43 607.01214 3.256 -3.174 7.724 2114Qb0065
6642.469 607.01214 3.256 -3.723 7.724 2114Pd0075
6642.503 607.01314 1.697 -2.481 7.724 1207Rb0105
6642.534 607.01314 1.697 -2.693 7.724 1207Qd0115
6642.543 607.01214 0.825 -1.666 7.724 0602Qb0365
6642.584 607.01214 2.071 -2.823 7.724 0500Pa0955
6642.601 106.00113 1.426 -8.127 3.464 AX03P165
6642.62 106.00112 1.641 -5.333 3.464 BX15Q075
6642.657 607.01214 1.718 -3.213 7.724 1207Pc0075
6642.668 607.01214 0.825 -3.231 7.724 0602Pd0375
6642.678 607.01314 1.038 -2.373 7.724 0400Ra0685
6642.701 106.00112 1.641 -8.206 3.464 BX15R075
6642.75 64.0 1.547 -1.1 "" ""
6642.755 57.1 2.528 -0.96 "" ""
6642.768 23.0 2.364 -3.11 "" ""
6642.787 607.01214 0.754 -3.098 7.724 0703Pb0035
6642.809 607.01314 0.568 -4.138 7.724 0400Pc0495
6642.856 607.01314 0.926 -1.989 7.724 0501Ra0555
6642.883 607.01214 3.276 -3.16 7.724 2114Rb0115
6642.948 607.01214 3.276 -3.384 7.724 2114Qd0125
6642.972 607.01214 3.321 -3.783 7.724 2114Rd0195
6643.035 24.0 3.842 -1.42 "" ""
6643.05 21.0 3.099 -3.09 "" ""
6643.06 106.00112 1.641 -8.378 3.464 BX15P085
6643.07 607.01214 0.664 -4.205 7.724 0400Pc0525
6643.116 607.01214 1.732 -2.719 7.724 1207Qc0105
6643.125 607.01314 1.65 -2.757 7.724 1106Qc0305
6643.141 106.00112 1.641 -5.201 3.464 BX15Q085
6643.149 607.01214 1.732 -2.559 7.724 1207Pa0115
6643.188 607.01314 2.526 -3.223 7.724 1610Rc0295
6643.214 607.01314 1.65 -1.959 7.724 1106Pa0315
6643.221 24.0 3.844 -2.36 "" ""
6643.259 607.01314 2.526 -1.887 7.724 1610Qa0305
6643.26 20.0 5.827 -7.28 "" ""
6643.264 607.01214 0.762 -2.395 7.724 0703Qb0065
6643.287 607.01214 0.762 -2.978 7.724 0703Pd0075
6643.358 607.01214 3.25 -3.735 7.724 2114Pb0045
6643.372 22.0 2.493 -3.93 "" ""
6643.373 26.0 5.503 -2.45 "" ""
6643.377 66.0 0.512 -1.81 "" ""
6643.395 25.1 6.9 -4.35 "" ""
6643.494 607.01314 1.775 -3.085 7.724 1207Rd0225
6643.509 112.00124 0.578 -4.977 1.340 03P210b24
6643.509 24.1 6.482 -3.7 "" ""
6643.512 607.01314 1.675 -2.642 7.724 1207Qb0045
6643.521 607.01314 0.697 -3.11 7.724 0602Rc0295
6643.525 106.00113 1.551 -6.152 3.464 BX15P025
6643.525 70.0 3.429 -0.57 "" ""
6643.527 607.01314 1.675 -3.108 7.724 1207Pd0055
6643.53 607.01214 1.749 -2.427 7.724 1207Pb0135
6643.533 38.0 2.257 -0.59 "" ""
6643.55 106.00113 1.551 -9.761 3.464 BX15Q025
6643.55 112.00124 0.641 -5.062 1.340 03P214b24
6643.57 607.01314 0.71 -1.741 7.724 0602Qb0305
6643.598 25.0 5.881 -3.29 "" ""
6643.612 607.01314 0.697 -1.742 7.724 0602Qa0305
6643.63 28.0 1.675 -2.22 LAWLER ""
6643.664 607.01314 0.711 -3.143 7.724 0602Pd0315
6643.669 607.01314 0.585 -3.161 7.724 0602Pc0195
6643.694 607.01314 1.671 -3.34 7.724 1207Pb0025
6643.722 607.01214 0.909 -3.078 7.724 0703Rd0265
6643.786 23.0 1.948 -1.84 LAWNOHFS ""
6643.813 607.01214 1.762 -2.938 7.724 1207Rc0155
6643.818 106.00113 1.135 -8.027 3.464 AX03P095
6643.818 106.00113 2.096 -6.611 3.464 AX04R245
6643.859 607.01214 1.762 -1.985 7.724 1207Qa0165
6643.933 25.0 6.144 -3.86 "" ""
6643.941 64.0 2.232 0.06 "" ""
6644.03 27.0 3.684 -2.12 "" ""
6644.14 106.00113 2.096 -8.456 3.464 AX04Q245
6644.152 106.00112 1.547 -6.172 3.464 BX15P015
6644.161 607.01314 2.538 -1.886 7.724 1610Qb0305
6644.166 106.00112 1.547 -11.617 3.464 BX15Q015
6644.234 607.01314 2.538 -3.229 7.724 1610Pd0315
6644.257 607.01314 1.702 -2.437 7.724 1207Rb0115
6644.28 106.00113 2.096 -6.613 3.464 AX04R235
6644.291 607.01314 1.702 -2.688 7.724 1207Qd0125
6644.304 607.01214 0.804 -2.246 7.724 0703Rb0145
6644.352 607.01214 0.804 -2.657 7.724 0703Qd0155
6644.353 24.1 6.479 -3.85 "" ""
6644.415 57.0 0.13 -2.07 "" ""
6644.419 25.1 6.124 -7.61 "" ""
6644.449 607.01314 1.6 -3.071 7.724 1106Pc0265
6644.521 22.0 3.317 -3.15 "" ""
6644.575 607.01214 0.955 -1.862 7.724 0602Rb0435
6644.58 72.1 1.779 -1.7 LAWLER ""
6644.668 607.01314 2.44 -3.247 7.724 1610Pc0215
6644.713 607.01214 0.955 -3.012 7.724 0602Qd0445
6644.727 607.01214 1.866 -4.865 7.724 0500Pc0895
6644.75 607.01214 1.823 -2.075 7.724 1207Ra0235
6644.769 607.01214 2.618 -3.411 7.724 1711Rd0085
6644.866 112.00124 0.592 -5.004 1.340 03P211b24
6644.867 607.01214 2.615 -3.429 7.724 1711Rd0075
6644.895 112.00124 0.623 -5.046 1.340 03P213b24
6644.905 607.01214 2.622 -3.399 7.724 1711Rd0095
6644.913 607.01214 1.177 -2.367 7.724 0400Ra0715
6644.922 607.01214 1.065 -1.969 7.724 0501Ra0595
6644.93 20.0 5.828 -4.86 "" ""
6644.941 106.00113 1.552 -6.081 3.464 BX15P035
6644.965 607.01314 1.663 -1.952 7.724 1106Pb0315
6644.989 106.00113 1.69 -5.073 3.464 BX15Q095
6645.015 21.0 3.055 -2.77 "" ""
6645.021 607.01214 3.259 -3.103 7.724 2114Qb0075
6645.062 106.00113 1.376 -8.075 3.464 AX03P155
6645.066 607.01214 3.259 -3.696 7.724 2114Pd0085
6645.072 63.1151 1.379 -0.517 LAWLER ""
6645.073 63.1153 1.379 -1.823 LAWLER ""
6645.074 63.1153 1.379 -0.517 LAWLER ""
6645.075 63.1153 1.379 -3.452 LAWLER ""
6645.078 63.1151 1.379 -1.823 LAWLER ""
6645.086 63.1151 1.379 -3.48 LAWLER ""
6645.088 24.0 3.887 -2.23 "" ""
6645.088 63.1153 1.379 -0.593 LAWLER ""
6645.09 63.1153 1.379 -1.628 LAWLER ""
6645.092 106.00113 1.69 -8.116 3.464 BX15R095
6645.095 63.1153 1.379 -3.151 LAWLER ""
6645.097 63.1151 1.379 -0.593 LAWLER ""
6645.097 63.1153 1.379 -0.672 LAWLER ""
6645.102 63.1153 1.379 -1.583 LAWLER ""
6645.105 63.1151 1.379 -1.628 LAWLER ""
6645.105 63.1153 1.379 -0.755 LAWLER ""
6645.108 63.1153 1.379 -3.079 LAWLER ""
6645.11 63.1153 1.379 -0.839 LAWLER ""
6645.111 63.1153 1.379 -1.635 LAWLER ""
6645.113 63.1151 1.379 -3.144 LAWLER ""
6645.114 63.1153 1.379 -0.921 LAWLER ""
6645.116 63.1153 1.379 -1.83 LAWLER ""
6645.117 63.1153 1.379 -3.236 LAWLER ""
6645.119 63.1151 1.379 -0.672 LAWLER ""
6645.127 63.1151 1.379 -1.583 LAWLER ""
6645.134 63.1151 1.379 -3.082 LAWLER ""
6645.138 63.1151 1.379 -0.754 LAWLER ""
6645.145 63.1151 1.379 -1.635 LAWLER ""
6645.151 63.1151 1.379 -3.237 LAWLER ""
6645.153 63.1151 1.379 -0.839 LAWLER ""
6645.159 63.1151 1.379 -1.829 LAWLER ""
6645.16 57.0 2.012 -0.41 "" ""
6645.164 63.1151 1.379 -0.921 LAWLER ""
6645.166 106.00112 2.801 -10.829 3.464 AX05R315
6645.196 607.01214 2.612 -3.452 7.724 1711Rd0065
6645.21 14.0 6.078 -2.12 "" ""
6645.225 24.0 4.413 -2.19 "" ""
6645.249 27.0 4.172 -2.25 "" ""
6645.254 106.00113 1.69 -8.345 3.464 BX15P105
6645.263 106.00112 2.102 -6.611 3.464 AX04R245
6645.265 106.00112 2.896 -8.463 3.464 AX04Q345
6645.275 607.01214 2.626 -3.391 7.724 1711Rd0105
6645.278 607.01314 0.666 -2.169 7.724 0501Pb0425
6645.31 22.0 4.173 -3.25 "" ""
6645.331 112.00124 0.607 -5.026 1.340 03P212b24
6645.339 607.01314 1.678 -2.547 7.724 1207Qb0055
6645.357 607.01314 1.678 -3.062 7.724 1207Pd0065
6645.358 106.00113 1.69 -4.942 3.464 BX15Q105
6645.365 26.0 4.383 -3.56 "" ""
6645.373 65.1 1.686 -0.8 "" ""
6645.377 23.1 6.312 -3.98 "" ""
6645.404 106.00112 2.896 -5.548 3.464 AX04P355
6645.43 27.0 4.998 -2.19 "" ""
6645.436 20.0 5.736 -3.8 "" ""
6645.477 607.01214 0.766 -2.323 7.724 0703Qb0075
6645.483 106.00113 1.136 -8.057 3.464 AX03P095
6645.503 607.01214 0.766 -2.954 7.724 0703Pd0085
6645.564 24.0 5.901 -3.07 "" ""
6645.565 607.01214 3.281 -3.121 7.724 2114Rb0125
6645.567 106.00112 1.484 -8.129 3.464 AX03P175
6645.618 106.00112 2.102 -8.456 3.464 AX04Q245
6645.635 607.01214 3.281 -3.381 7.724 2114Qd0135
6645.66 26.0 3.639 -5.63 "" ""
6645.735 106.00112 2.102 -6.612 3.464 AX04R235
6645.749 106.00112 2.896 -5.564 3.464 AX04P345
6645.756 607.01214 2.61 -3.485 7.724 1711Rd0055
6645.76 607.01214 2.004 -1.375 7.724 0904Qb0665
6645.864 607.01214 0.756 -2.965 7.724 0703Pb0045
6645.879 607.01214 2.532 -3.28 7.724 1610Pc0255
6645.881 607.01214 2.631 -3.386 7.724 1711Rd0115
6645.923 24.0 4.413 -1.59 "" ""
6645.926 607.01214 1.131 -3.423 7.724 0602Rd0525
6645.954 28.0 5.299 -3.01 "" ""
6645.96 607.01214 2.004 -3.385 7.724 0904Pd0675
6645.965 607.01214 0.73 -2.921 7.724 0602Qc0305
6646.044 24.1 4.924 -6.16 "" ""
6646.06 607.01214 0.73 -2.07 7.724 0602Pa0315
6646.068 607.01214 1.845 -2.069 7.724 1207Rb0245
6646.094 15.0 8.221 -3.44 "" ""
6646.121 24.0 3.367 -4.22 "" ""
6646.139 607.01214 1.845 -2.76 7.724 1207Qd0255
6646.177 20.0 5.737 -3.38 "" ""
6646.204 21.1 7.477 -1.06 "" ""
6646.223 607.01314 1.707 -2.396 7.724 1207Rb0125
6646.234 23.0 4.305 -3.84 "" ""
6646.259 607.01314 1.707 -2.686 7.724 1207Qd0135
6646.265 62.0 1.935 -0.22 "" ""
6646.27 106.00112 1.547 -6.162 3.464 BX15P025
6646.333 607.01214 3.329 -3.792 7.724 2114Rd0205
6646.371 607.01314 1.785 -3.093 7.724 1207Rd0235
6646.411 607.01314 0.789 -1.78 7.724 0501Qb0485
6646.42 21.1 7.466 -0.32 "" ""
6646.425 607.01314 1.673 -3.164 7.724 1207Pb0035
6646.541 90.1 1.547 -2.39 "" ""
6646.544 607.01214 2.608 -3.528 7.724 1711Rd0045
6646.562 607.01314 0.789 -3.546 7.724 0501Pd0495
6646.593 24.0 5.461 -3.44 "" ""
6646.622 106.00113 2.877 -2.511 3.464 AX54R355
6646.638 607.01214 3.253 -3.628 7.724 2114Pb0055
6646.672 21.1 7.466 -1.34 "" ""
6646.682 20.0 5.317 -3.8 "" ""
6646.705 607.01214 0.811 -2.214 7.724 0703Rb0155
6646.725 607.01214 2.636 -3.383 7.724 1711Rd0125
6646.752 20.0 5.877 -3.69 "" ""
6646.754 106.00112 1.108 -8.014 3.464 AX03P085
6646.756 607.01214 0.811 -2.662 7.724 0703Qd0165
6646.798 607.01214 0.773 -2.142 7.724 0501Pb0465
6646.829 607.01214 1.786 -1.925 7.724 1207Qb0185
6646.833 64.0 1.4 -1.24 "" ""
6646.883 607.01214 1.786 -2.976 7.724 1207Pd0195
6646.931 26.0 2.607 -3.99 "" ""
6647.017 607.01214 1.737 -2.712 7.724 1207Qc0115
6647.034 21.0 5.259 -1.42 "" ""
6647.048 607.01214 1.722 -3.174 7.724 1207Pc0085
6647.049 607.01214 2.023 -2.277 7.724 0601Pb0875
6647.05 607.01214 1.737 -2.508 7.724 1207Pa0125
6647.06 72.1 2.868 -1.32 LAWLER ""
6647.084 106.00112 1.491 -9.088 3.464 BX04P115
6647.107 607.01214 0.921 -3.085 7.724 0703Rd0275
6647.179 22.0 3.572 -4.07 "" ""
6647.198 23.1 4.241 -3.11 "" ""
6647.257 607.01314 0.647 -2.158 7.724 0602Pb0255
6647.357 607.01314 2.491 -2.268 7.724 1610Pb0265
6647.366 607.01314 1.681 -2.466 7.724 1207Qb0065
6647.37 23.0 2.357 -3.98 "" ""
6647.386 607.01314 1.681 -3.028 7.724 1207Pd0075
6647.392 607.01314 2.48 -2.931 7.724 1610Qc0255
6647.454 607.01314 2.48 -2.278 7.724 1610Pa0265
6647.477 26.0 5.382 -3.64 "" ""
6647.522 607.01314 3.194 -3.811 7.724 2114Rd0075
6647.56 607.01214 2.606 -3.587 7.724 1711Rd0035
6647.591 607.01314 3.191 -3.836 7.724 2114Rd0065
6647.604 25.0 5.871 -3.81 "" ""
6647.676 24.0 2.911 -9.68 "" ""
6647.691 607.01214 1.77 -2.944 7.724 1207Rc0165
6647.695 607.01314 3.197 -3.793 7.724 2114Rd0085
6647.704 607.01314 0.866 -2.158 7.724 0400Qb0615
6647.72 607.01214 3.25 -3.409 7.724 2114Ra0055
6647.739 607.01214 1.77 -1.955 7.724 1207Qa0175
6647.785 28.0 4.415 -2.29 "" ""
6647.793 92.0 0.471 -2.4 "" ""
6647.807 607.01214 2.642 -3.383 7.724 1711Rd0135
6647.835 607.01214 0.762 -2.508 7.724 0703Ra0075
6647.846 607.01214 3.253 -3.349 7.724 2114Ra0065
6647.863 607.01214 0.766 -2.457 7.724 0703Ra0085
6647.867 607.01214 3.262 -3.041 7.724 2114Qb0085
6647.885 607.01214 0.77 -2.26 7.724 0703Qb0085
6647.897 607.01214 3.248 -3.475 7.724 2114Ra0045
6647.897 607.01314 0.866 -4.122 7.724 0400Pd0625
6647.901 607.01314 3.189 -3.87 7.724 2114Rd0055
6647.914 607.01214 0.77 -2.937 7.724 0703Pd0095
6647.914 607.01214 0.825 -3.203 7.724 0602Rc0365
6647.916 607.01214 3.262 -3.676 7.724 2114Pd0095
6647.973 26.0 5.472 -3.83 "" ""
6648.031 607.01214 0.825 -1.654 7.724 0602Qa0375
6648.059 607.01214 0.759 -2.563 7.724 0703Ra0065
6648.064 607.01214 0.745 -2.063 7.724 0602Pb0315
6648.068 26.1 3.422 -9.78 "" ""
6648.08 26.0 1.01 -5.29 "" ""
6648.111 607.01314 3.201 -3.78 7.724 2114Rd0095
6648.125 106.00112 1.108 -8.041 3.464 AX03P085
6648.142 607.01214 0.77 -2.41 7.724 0703Ra0095
6648.155 607.01314 0.709 -2.539 7.724 0400Pb0555
6648.169 607.01214 1.294 -3.748 7.724 0501Rd0675
6648.171 607.01214 0.911 -1.757 7.724 0501Qb0525
6648.201 21.0 5.261 -3.39 "" ""
6648.276 607.01214 3.256 -3.295 7.724 2114Ra0075
6648.306 607.01314 0.635 -2.833 7.724 0602Qc0245
6648.34 607.01214 0.911 -3.613 7.724 0501Pd0535
6648.379 607.01214 3.247 -3.549 7.724 2114Ra0035
6648.383 607.01314 0.635 -2.169 7.724 0602Pa0255
6648.402 607.01314 1.713 -2.359 7.724 1207Rb0135
6648.441 607.01314 1.713 -2.685 7.724 1207Qd0145
6648.45 607.01314 3.187 -3.914 7.724 2114Rd0045
6648.495 90.1 1.453 -2.61 "" ""
6648.511 607.01214 2.58 -2.976 7.724 1610Qc0295
6648.511 607.01214 3.287 -3.086 7.724 2114Rb0135
6648.537 607.01214 0.756 -2.625 7.724 0703Ra0055
6648.581 607.01214 2.58 -2.196 7.724 1610Pa0305
6648.586 607.01214 3.287 -3.38 7.724 2114Qd0145
6648.668 607.01214 0.774 -2.367 7.724 0703Ra0105
6648.709 607.01214 1.755 -2.388 7.724 1207Pb0145
6648.768 24.0 4.413 -1.31 "" ""
6648.771 607.01314 3.205 -3.771 7.724 2114Rd0105
6648.802 607.01214 2.605 -3.671 7.724 1711Rd0025
6648.854 106.00112 1.666 -5.202 3.464 BX15Q085
6648.86 24.1 6.479 -4.03 "" ""
6648.895 24.1 6.798 -4.39 "" ""
6648.945 106.00112 1.666 -8.163 3.464 BX15R085
6648.958 90.1 1.286 -2.95 "" ""
6648.967 68.0 2.959 0.13 "" ""
6649.007 607.01214 3.259 -3.246 7.724 2114Ra0085
6649.032 607.01214 2.004 -3.35 7.724 0904Rc0665
6649.037 62.1 1.382 -1.93 "" ""
6649.065 68.0 1.991 -1.0 "" ""
6649.07 106.00113 1.168 -8.038 3.464 AX03P105
6649.102 607.01214 1.834 -2.057 7.724 1207Ra0245
6649.129 607.01214 2.647 -3.385 7.724 1711Rd0145
6649.13 607.01214 0.759 -2.858 7.724 0703Pb0055
6649.151 106.00113 1.377 -8.122 3.464 AX03P155
6649.168 607.01214 3.245 -3.632 7.724 2114Ra0025
6649.219 106.00112 1.666 -8.366 3.464 BX15P095
6649.232 607.01214 2.004 -1.369 7.724 0904Qa0675
6649.238 607.01314 3.186 -3.975 7.724 2114Rd0035
6649.272 607.01214 0.754 -2.693 7.724 0703Ra0045
6649.31 106.00112 1.666 -5.071 3.464 BX15Q095
6649.317 607.01214 0.819 -2.183 7.724 0703Rb0165
6649.34 42.0 3.245 -1.96 "" ""
6649.353 607.01314 1.675 -3.033 7.724 1207Pb0045
6649.371 607.01214 0.819 -2.668 7.724 0703Qd0175
6649.372 607.01214 0.955 -1.848 7.724 0602Ra0445
6649.399 607.01314 0.951 -1.992 7.724 0501Rb0555
6649.433 24.0 5.902 -1.36 "" ""
6649.441 607.01214 0.779 -2.327 7.724 0703Ra0115
6649.463 106.00112 1.431 -8.076 3.464 AX03P165
6649.475 607.01314 1.795 -3.102 7.724 1207Rd0245
6649.51 24.1 6.6 -2.9 "" ""
6649.55 607.01214 0.991 -2.152 7.724 0400Qb0645
6649.558 607.01214 0.819 -2.532 7.724 0400Pb0585
6649.563 25.1 6.828 -3.46 "" ""
6649.567 20.0 5.87 -6.27 "" ""
6649.571 607.01314 0.951 -3.308 7.724 0501Qd0565
6649.595 607.01314 1.684 -2.395 7.724 1207Qb0075
6649.618 607.01314 1.684 -3.003 7.724 1207Pd0085
6649.676 42.0 3.196 -1.8 "" ""
6649.677 607.01314 3.209 -3.765 7.724 2114Rd0115
6649.698 106.00113 1.91 -8.616 3.464 AX15R165
6649.759 607.01214 0.991 -4.182 7.724 0400Pd0655
6649.807 607.01214 2.023 -3.917 7.724 0601Qc0875
6649.864 27.0 4.912 -2.44 "" ""
6649.941 26.0 5.474 -3.78 "" ""
6649.965 607.01214 3.338 -3.801 7.724 2114Rd0215
6649.992 106.00113 1.329 -8.071 3.464 AX03P145
6650.031 607.01314 0.71 -3.119 7.724 0602Rc0305
6650.038 607.01214 3.262 -3.201 7.724 2114Ra0095
