wavelength species excitation loggf disassociation_energy comment
3805.511 106.00112 1.666 -7.851 3.464 CX35Q085
3805.515 106.00112 0.994 -3.519 3.464 AX10R245
3805.519 26.1 1.963 -5.81 "" ""
3805.52 64.1 1.126 -0.05 LAWLER ""
3805.528 22.0 2.238 -3.79 "" ""
3805.547 106.00113 0.578 -4.391 3.464 AX10R175
3805.548 106.00113 0.578 -9.211 3.464 AX10Q185
3805.55 60.1 0.38 -0.58 LAWLER ""
3805.559 106.00112 1.666 -4.195 3.464 CX35P085
3805.601 23.0 2.252 -3.39 "" ""
3805.616 106.00112 0.994 -6.765 3.464 AX10Q245
3805.63 106.00112 1.666 -4.143 3.464 CX35P095
3805.63 62.1 0.104 -1.2 LAWLER ""
3805.658 23.0 2.914 -3.77 "" ""
3805.659 106.00112 0.994 -3.629 3.464 AX10R235
3805.662 23.0 2.682 -2.85 "" ""
3805.664 106.00113 1.31 -7.615 3.464 AX20P275
3805.75 26.0 2.947 -4.61 "" ""
3805.775 27.0 2.278 -1.75 LAWNHFS ""
3805.787 20.0 5.667 -2.81 "" ""
3805.788 26.0 4.206 -1.85 "" ""
3805.82 90.1 0.829 -1.31 "" ""
3805.893 26.0 4.14 -1.28 "" ""
3805.92 45.0 1.675 0.27 "" ""
3805.925 106.00112 0.58 -1.928 3.464 BX10R175
3805.944 24.0 3.842 -3.21 "" ""
3805.956 21.0 2.301 -3.44 "" ""
3805.989 42.0 2.916 -0.58 "" ""
3806.01 106.00112 0.58 -7.22 3.464 BX10Q185
3806.024 27.0 3.277 -5.83 "" ""
3806.04 22.0 2.343 -0.83 "" ""
3806.048 26.0 4.14 -0.62 "" ""
3806.05 62.1 0.543 -1.74 LAWLER ""
3806.054 68.1 1.769 -0.61 LAWLER ""
3806.062 72.1 2.681 0.39 "" ""
3806.07 106.00112 0.58 -1.904 3.464 BX10R185
3806.074 24.0 3.854 -3.56 "" ""
3806.189 41.0 1.353 -0.36 "" ""
3806.209 106.00112 1.755 -8.481 3.464 CX24Q175
3806.21 106.00112 1.755 -4.503 3.464 CX24P185
3806.217 26.0 3.412 -0.82 "" ""
3806.218 23.1 5.533 -1.66 "" ""
3806.22 59.1 0.055 -1.87 LINOHFS ""
3806.27 66.1 1.57 0.0 LAWLER ""
3806.306 106.00112 1.755 -4.617 3.464 CX24P175
3806.308 22.0 2.332 -1.45 "" ""
3806.356 106.00113 1.077 -7.857 3.464 CX13P075
3806.379 607.01214 0.819 0.318 7.724 0000Ra0595
3806.403 106.00113 0.988 -3.519 3.464 AX10R245
3806.429 106.00113 0.462 -4.729 3.464 AX10R155
3806.441 22.0 2.083 -1.08 "" ""
3806.446 607.01214 0.819 0.311 7.724 0000Rb0585
3806.45 106.00113 1.214 -7.14 3.464 AX31P225
3806.45 62.0 0.498 -0.61 "" ""
3806.452 22.0 2.425 -1.41 "" ""
3806.46 23.0 1.941 -1.19 LAWNOHFS ""
3806.465 27.0 3.663 -3.45 "" ""
3806.47 106.00113 0.462 -4.549 3.464 AX10R165
3806.494 106.00113 0.519 -4.389 3.464 AX10R175
3806.5 106.00113 0.988 -6.765 3.464 AX10Q245
3806.508 607.01214 0.819 -3.544 7.724 0000Qd0595
3806.51 106.00112 1.148 -3.311 3.464 AX10R265
3806.527 106.00113 0.462 -8.25 3.464 AX10Q165
3806.537 24.0 2.965 -6.2 "" ""
3806.545 106.00113 0.519 -4.552 3.464 AX10R165
3806.551 106.00113 0.988 -3.629 3.464 AX10R235
3806.557 106.00113 0.519 -9.127 3.464 AX10Q175
3806.559 24.0 0.982 -2.51 "" ""
3806.562 106.00112 0.466 -4.55 3.464 AX10R165
3806.565 106.00112 1.148 -3.415 3.464 AX10R255
3806.565 23.1 2.554 -2.47 "" ""
3806.582 106.00112 0.053 -7.863 3.464 AX10R055
3806.584 106.00112 1.208 -6.88 3.464 AX53Q115
3806.585 22.0 2.015 -1.52 "" ""
3806.587 106.00112 1.208 -4.541 3.464 AX53P115
3806.595 106.00112 0.466 -4.73 3.464 AX10R155
3806.616 41.0 1.761 -0.44 "" ""
3806.618 106.00112 1.148 -6.498 3.464 AX10Q265
3806.621 106.00112 0.466 -8.225 3.464 AX10Q165
3806.675 24.0 4.204 -4.0 "" ""
3806.696 26.0 3.265 0.11 "" ""
3806.7 22.0 1.995 -1.55 "" ""
3806.711 25.0 2.113 0.19 "" ""
3806.712 106.00112 1.208 -4.551 3.464 AX53P125
3806.731 106.00112 0.053 -7.844 3.464 AX10R055
3806.759 45.0 0.322 -1.09 "" ""
3806.76 26.0 2.586 -2.96 "" ""
3806.76 62.1 0.378 -1.4 LAWLER ""
3806.769 23.0 1.944 -4.53 "" ""
3806.785 23.0 2.33 -2.66 "" ""
3806.796 23.0 1.375 -0.4 LAWNOHFS ""
3806.816 26.1 4.728 -4.39 "" ""
3806.818 24.0 3.446 -0.7 "" ""
3806.85 65.1 0.439 -0.18 LAWNOHFS ""
3806.857 106.00112 0.411 -4.931 3.464 AX10R145
3806.871 25.0 3.133 -0.94 "" ""
3806.874 27.0 3.629 -4.63 "" ""
3806.885 23.1 6.144 -2.88 "" ""
3806.915 106.00112 0.411 -4.727 3.464 AX10R155
3806.935 26.0 4.14 -1.0 "" ""
3806.962 25.0 4.432 -0.78 "" ""
3806.967 106.00112 0.411 -7.829 3.464 AX10Q155
3806.979 23.1 1.702 -6.37 "" ""
3806.997 106.00112 0.522 -6.831 3.464 AX21R105
3807.004 42.0 3.393 -1.3 "" ""
3807.071 106.00112 1.334 -6.5 3.464 AX53R145
3807.073 68.1 1.634 -0.26 "" ""
3807.095 25.0 4.657 -2.74 "" ""
3807.097 22.0 2.173 -3.42 "" ""
3807.102 26.0 4.14 -3.29 "" ""
3807.104 106.00112 1.334 -6.271 3.464 AX53Q145
3807.118 106.00113 1.533 -3.4 3.464 AX53R195
3807.136 106.00112 0.522 -1.565 3.464 BX10Q165
3807.136 21.0 1.952 -2.37 "" ""
3807.14 28.0 0.422 -1.23 LAWLER ""
3807.144 22.0 0.818 -5.68 "" ""
3807.149 106.00112 0.522 -5.015 3.464 BX10P175
3807.155 106.00113 1.533 -6.239 3.464 AX53Q195
3807.156 106.00113 1.142 -3.311 3.464 AX10R265
3807.159 26.0 3.428 -2.19 "" ""
3807.166 106.00113 1.533 -3.596 3.464 AX53R185
3807.168 106.00112 1.334 -6.096 3.464 AX53Q155
3807.17 60.1 0.064 -1.51 LAWLER ""
3807.174 26.0 4.14 -0.37 "" ""
3807.191 106.00112 0.522 -5.004 3.464 BX10R165
3807.199 22.0 2.425 -1.88 "" ""
3807.201 106.00112 1.334 -6.607 3.464 AX53P155
3807.204 106.00112 0.522 -1.571 3.464 BX10Q175
3807.206 25.0 3.133 -1.7 "" ""
3807.209 106.00112 1.071 -3.414 3.464 AX10R255
3807.22 106.00113 1.142 -3.415 3.464 AX10R255
3807.238 106.00112 1.317 -7.615 3.464 AX20P275
3807.26 106.00113 1.142 -6.498 3.464 AX10Q265
3807.315 106.00112 1.071 -6.605 3.464 AX10Q255
3807.338 106.00112 1.209 -6.901 3.464 AX53Q115
3807.341 106.00112 1.209 -4.541 3.464 AX53P115
3807.364 106.00112 1.071 -3.521 3.464 AX10R245
3807.375 106.00112 1.222 -7.204 3.464 AX31P225
3807.403 40.1 0.71 -2.3 Ljung06 ""
3807.408 12.0 4.343 -2.0 "" ""
3807.414 106.00112 1.209 -4.552 3.464 AX53P125
3807.423 23.1 2.555 -3.32 "" ""
3807.446 40.1 0.709 -1.5 "" ""
3807.504 23.0 0.262 -1.01 LAWNOHFS ""
3807.537 26.0 2.221 -1.06 "" ""
3807.539 106.00112 0.523 -6.798 3.464 AX21R105
3807.549 106.00112 1.368 -7.813 3.464 CX24P075
3807.555 28.0 3.633 -3.66 "" ""
3807.652 64.1 1.287 -0.33 "" ""
3807.653 42.0 2.621 -1.77 "" ""
3807.691 58.1 0.736 -0.63 BIEMONT ""
3807.692 58.1 0.703 -0.64 "" ""
3807.721 69.0 1.087 0.23 "" ""
3807.742 75.0 1.866 -0.73 "" ""
3807.754 22.0 2.115 -1.16 "" ""
3807.766 22.0 2.693 -4.25 "" ""
3807.784 106.00113 0.463 -4.549 3.464 AX10R165
3807.816 106.00113 0.463 -4.73 3.464 AX10R155
3807.841 106.00113 0.463 -8.225 3.464 AX10Q165
3807.844 74.0 2.42 -0.47 "" ""
3807.847 23.0 2.113 -6.06 "" ""
3807.853 42.0 3.245 -1.17 "" ""
3807.874 90.1 1.14 -0.48 "" ""
3807.896 66.1 1.169 -0.71 "" ""
3807.92 106.00113 0.052 -7.863 3.464 AX10R055
3807.922 24.0 3.011 -0.56 "" ""
3807.93 62.1 0.0 -1.59 LAWLER ""
3807.985 106.00113 1.065 -3.414 3.464 AX10R255
3807.999 68.1 0.636 -1.95 LAWLER ""
3808.035 23.1 5.772 -3.22 "" ""
3808.038 607.01214 0.792 0.311 7.724 0000Ra0585
3808.045 27.0 3.277 -9.64 "" ""
3808.062 24.0 4.532 -1.57 "" ""
3808.068 106.00113 0.052 -7.844 3.464 AX10R055
3808.086 106.00113 1.065 -6.605 3.464 AX10Q255
3808.087 23.0 2.284 -2.72 "" ""
3808.099 106.00112 0.412 -4.727 3.464 AX10R155
3808.102 106.00113 0.409 -4.93 3.464 AX10R145
3808.102 27.0 0.431 -2.62 LAWNHFS ""
3808.104 607.01214 0.792 0.303 7.724 0000Rb0575
3808.112 106.00112 0.412 -4.931 3.464 AX10R145
3808.113 58.1 0.295 -0.14 LAWLER ""
3808.144 106.00113 1.065 -3.52 3.464 AX10R245
3808.151 106.00112 0.412 -7.805 3.464 AX10Q155
3808.159 106.00113 0.409 -4.727 3.464 AX10R155
3808.165 607.01214 0.792 -3.537 7.724 0000Qd0585
3808.173 22.0 2.675 -3.41 "" ""
3808.188 106.00112 1.335 -6.519 3.464 AX53R145
3808.209 106.00113 0.52 -6.831 3.464 AX21R105
3808.21 106.00113 0.409 -7.829 3.464 AX10Q155
3808.221 106.00112 1.335 -6.271 3.464 AX53Q145
3808.222 106.00112 1.335 -6.096 3.464 AX53Q155
3808.25 60.1 0.182 -1.08 LAWLER ""
3808.255 106.00112 1.335 -6.59 3.464 AX53P155
3808.277 24.0 2.965 -7.03 "" ""
3808.282 26.0 3.015 -1.84 BEL17 ""
3808.299 23.1 6.896 -0.61 "" ""
3808.306 106.00113 1.593 -6.313 3.464 CX35P055
3808.311 27.0 3.626 -3.58 "" ""
3808.321 106.00112 1.523 -4.043 3.464 AX31P275
3808.337 25.0 4.791 -4.04 "" ""
3808.375 106.00112 1.523 -7.188 3.464 AX31Q265
3808.382 58.1 0.495 -1.54 LAWLER ""
3808.391 21.1 7.375 -4.77 "" ""
3808.424 23.0 1.954 -4.21 "" ""
3808.426 106.00112 1.483 -3.795 3.464 AX53R175
3808.446 106.00112 1.483 -3.587 3.464 AX53R185
3808.46 62.1 0.333 -1.1 LAWLER ""
3808.483 106.00112 1.523 -4.017 3.464 AX31P265
3808.503 23.0051 0.0 -1.928 LAWLER ""
3808.504 106.00112 1.483 -6.548 3.464 AX53Q185
3808.505 23.0051 0.0 -2.104 LAWLER ""
3808.505 25.0 3.132 -2.0 "" ""
3808.508 23.0051 0.0 -1.803 LAWLER ""
3808.511 23.0051 0.0 -9.9 LAWLER ""
3808.513 23.0051 0.0 -1.928 LAWLER ""
3808.516 23.0051 0.0 -1.917 LAWLER ""
3808.519 23.0051 0.0 -2.122 LAWLER ""
3808.522 23.0051 0.0 -1.803 LAWLER ""
3808.529 23.0051 0.0 -1.506 LAWLER ""
3808.533 23.0051 0.0 -1.917 LAWLER ""
3808.543 21.0 1.942 -1.28 "" ""
3808.586 607.01314 3.224 -1.857 7.724 1514Ra0145
3808.598 607.01314 3.224 -1.899 7.724 1514Rb0135
3808.6 607.01314 3.219 -1.899 7.724 1514Ra0135
3808.603 607.01314 3.23 -1.816 7.724 1514Ra0155
3808.613 607.01314 3.219 -1.943 7.724 1514Rb0125
3808.614 607.01314 3.23 -1.857 7.724 1514Rb0145
3808.615 90.0 1.304 -0.28 "" ""
3808.621 42.0 3.196 -1.01 "" ""
3808.64 607.01314 3.224 -4.571 7.724 1514Qd0145
3808.645 607.01314 3.214 -1.943 7.724 1514Ra0125
3808.649 106.00113 0.708 -7.633 3.464 CX02P045
3808.651 607.01314 3.236 -1.776 7.724 1514Ra0165
3808.652 607.01314 3.219 -4.552 7.724 1514Qd0135
3808.658 607.01314 3.214 -1.989 7.724 1514Rb0115
3808.659 607.01314 3.23 -4.588 7.724 1514Qd0155
3808.66 607.01314 3.236 -1.816 7.724 1514Rb0155
3808.685 44.0 1.821 -0.21 "" ""
3808.695 607.01314 3.214 -4.53 7.724 1514Qd0125
3808.708 607.01314 3.236 -4.602 7.724 1514Qd0165
3808.717 26.0 3.015 -3.34 "" ""
3808.72 607.01314 3.209 -1.989 7.724 1514Ra0115
3808.729 26.0 2.557 -1.17 BEL17 ""
3808.73 607.01314 3.243 -1.737 7.724 1514Ra0175
3808.734 607.01314 3.209 -2.037 7.724 1514Rb0105
3808.737 24.0 3.844 -1.21 "" ""
3808.737 607.01314 3.243 -1.776 7.724 1514Rb0165
3808.745 106.00113 0.521 -6.797 3.464 AX21R105
3808.745 106.00113 1.376 -6.279 3.464 AX53R155
3808.759 106.00112 0.361 -5.165 3.464 AX10R135
3808.763 106.00113 1.376 -6.1 3.464 AX53Q155
3808.767 607.01314 3.209 -4.505 7.724 1514Qd0115
3808.77 60.1 0.064 -0.65 LAWLER ""
3808.776 57.1 0.403 -1.61 "" ""
3808.787 607.01314 3.243 -4.614 7.724 1514Qd0175
3808.825 607.01314 3.205 -2.037 7.724 1514Ra0105
3808.828 106.00113 1.376 -5.082 3.464 AX53Q165
3808.835 106.00112 0.361 -4.928 3.464 AX10R145
3808.839 607.01314 3.205 -2.088 7.724 1514Rb0095
3808.841 607.01314 3.25 -1.699 7.724 1514Ra0185
3808.845 106.00113 1.376 -6.793 3.464 AX53P165
3808.845 607.01314 3.25 -1.737 7.724 1514Rb0175
3808.853 20.0 5.574 -2.93 "" ""
3808.87 607.01314 3.205 -4.476 7.724 1514Qd0105
3808.876 22.0 2.235 -2.99 "" ""
3808.879 106.00112 0.361 -7.552 3.464 AX10Q145
3808.898 607.01314 3.25 -4.624 7.724 1514Qd0185
3808.916 106.00113 1.216 -7.204 3.464 AX31P225
3808.921 92.0 0.774 0.43 "" ""
3808.946 23.0 2.614 -6.88 "" ""
3808.951 106.00112 1.08 -7.857 3.464 CX13P075
3808.961 607.01314 3.201 -2.088 7.724 1514Ra0095
3808.975 607.01314 3.201 -2.142 7.724 1514Rb0085
3808.983 607.01314 3.257 -1.661 7.724 1514Ra0195
3808.984 607.01314 3.257 -1.699 7.724 1514Rb0185
3809.002 607.01314 3.201 -4.443 7.724 1514Qd0095
3809.02 66.1 1.36 -0.5 LAWLER ""
3809.04 26.0 2.856 -1.99 "" ""
3809.04 60.1 0.064 -0.77 LAWLER ""
3809.04 607.01314 3.257 -4.633 7.724 1514Qd0195
3809.084 23.0 2.255 -3.8 "" ""
3809.126 607.01314 3.197 -2.142 7.724 1514Ra0085
3809.136 25.0 4.265 -2.96 "" ""
3809.14 607.01314 3.197 -2.201 7.724 1514Rb0075
3809.142 25.0 3.133 -2.02 "" ""
3809.155 607.01314 3.265 -1.661 7.724 1514Rb0195
3809.157 607.01314 3.265 -1.625 7.724 1514Ra0205
3809.164 607.01314 3.197 -4.405 7.724 1514Qd0085
3809.165 106.00112 1.23 -3.21 3.464 AX10R275
3809.174 23.1 6.141 -2.55 "" ""
3809.214 607.01314 3.265 -4.64 7.724 1514Qd0205
3809.218 58.1 0.608 -0.21 LAWLER ""
3809.225 106.00112 1.23 -3.312 3.464 AX10R265
3809.225 92.1 0.708 -0.53 "" ""
3809.234 74.0 0.366 -1.78 "" ""
3809.275 106.00112 1.694 -7.833 3.464 CX35Q095
3809.276 106.00112 1.23 -6.363 3.464 AX10Q275
3809.309 22.0 2.248 -3.5 "" ""
3809.321 607.01314 3.194 -2.201 7.724 1514Ra0075
3809.33 106.00112 1.694 -4.143 3.464 CX35P095
3809.332 106.00113 0.41 -4.727 3.464 AX10R155
3809.334 607.01314 3.194 -2.265 7.724 1514Rb0065
3809.345 106.00113 0.41 -4.931 3.464 AX10R145
3809.356 607.01314 3.194 -4.36 7.724 1514Qd0075
3809.357 607.01314 3.273 -1.625 7.724 1514Rb0205
3809.374 106.00112 1.694 -4.091 3.464 CX35P105
3809.383 106.00113 0.41 -7.804 3.464 AX10Q155
3809.416 106.00113 0.36 -4.762 3.464 BX10P135
3809.44 106.00112 1.151 -3.311 3.464 AX10R265
3809.478 25.0 3.133 -1.06 "" ""
3809.485 24.0 4.183 -0.33 "" ""
3809.497 58.1 0.553 -1.0 LAWLER ""
3809.498 45.0 1.483 -1.13 "" ""
3809.517 106.00112 1.807 -4.388 3.464 CX24P195
3809.525 106.00112 1.807 -8.389 3.464 CX24Q185
3809.546 607.01314 3.191 -2.265 7.724 1514Ra0065
3809.55 106.00112 1.151 -6.459 3.464 AX10Q265
3809.557 23.1 6.16 -3.26 "" ""
3809.558 607.01314 3.191 -2.336 7.724 1514Rb0055
3809.564 26.0 2.996 -1.5 DEN14 ""
3809.577 607.01314 3.191 -4.308 7.724 1514Qd0065
3809.592 25.0 2.141 -0.6 "" ""
3809.601 23.0 0.275 -1.18 LAWNOHFS ""
3809.603 106.00112 1.151 -3.415 3.464 AX10R255
3809.62 106.00113 1.223 -3.21 3.464 AX10R275
3809.627 106.00112 1.807 -4.503 3.464 CX24P185
3809.635 106.00113 1.513 -7.145 3.464 AX31Q265
3809.649 106.00113 1.513 -4.015 3.464 AX31P265
3809.664 106.00113 1.513 -4.042 3.464 AX31P275
3809.681 607.01214 0.766 0.303 7.724 0000Ra0575
3809.691 106.00113 1.223 -3.312 3.464 AX10R265
3809.728 106.00113 1.223 -6.363 3.464 AX10Q275
3809.74 62.1 0.333 -1.38 LAWLER ""
3809.747 607.01214 0.766 0.296 7.724 0000Rb0565
3809.796 22.0 2.238 -5.96 "" ""
3809.801 607.01314 3.189 -2.336 7.724 1514Ra0055
3809.807 607.01214 0.766 -3.53 7.724 0000Qd0575
3809.812 607.01314 3.189 -2.418 7.724 1514Rb0045
3809.819 66.0 0.937 0.18 "" ""
3809.828 607.01314 3.189 -4.245 7.724 1514Qd0055
3809.835 90.1 1.794 -0.66 "" ""
3809.874 106.00112 0.362 -5.165 3.464 AX10R135
3809.88 62.1 0.104 -1.58 LAWLER ""
3809.882 106.00112 0.362 -4.928 3.464 AX10R145
3809.896 106.00112 1.484 -3.587 3.464 AX53R185
3809.923 21.0 2.108 -2.34 "" ""
3809.927 106.00112 0.362 -7.529 3.464 AX10Q145
3809.95 106.00112 1.484 -3.795 3.464 AX53R175
3809.953 106.00112 1.484 -6.519 3.464 AX53Q185
3809.957 62.0 0.387 -0.29 "" ""
3809.97 66.1 0.54 -1.5 LAWLER ""
3809.986 106.00113 1.243 -4.549 3.464 AX53P125
3809.992 106.00113 1.243 -7.153 3.464 AX53Q125
3810.01 106.00113 0.359 -5.165 3.464 AX10R135
3810.019 22.0 1.979 -2.96 "" ""
3810.07 106.00113 1.145 -3.311 3.464 AX10R265
3810.081 106.00113 1.377 -6.299 3.464 AX53R155
3810.085 106.00113 0.359 -4.927 3.464 AX10R145
3810.085 607.01314 3.187 -2.418 7.724 1514Ra0045
3810.095 607.01314 3.187 -2.514 7.724 1514Rb0035
3810.095 92.0 0.479 -0.46 "" ""
3810.1 106.00113 1.377 -6.1 3.464 AX53Q155
3810.101 58.1 0.464 -1.42 "" ""
3810.104 106.00113 1.243 -4.579 3.464 AX53P135
3810.104 106.00113 1.377 -5.082 3.464 AX53Q165
3810.108 607.01314 3.187 -4.169 7.724 1514Qd0045
3810.123 106.00113 1.377 -6.775 3.464 AX53P165
3810.129 106.00113 0.359 -7.552 3.464 AX10Q145
3810.129 42.0 2.595 -1.57 "" ""
3810.162 22.0 2.332 -1.49 "" ""
3810.175 106.00113 1.145 -6.459 3.464 AX10Q265
3810.215 30.0 5.791 -6.26 "" ""
3810.216 26.1 4.612 -4.39 "" ""
3810.239 106.00113 1.145 -3.415 3.464 AX10R255
3810.247 64.1 1.526 -0.67 "" ""
3810.274 106.00112 0.362 -4.761 3.464 BX10P135
3810.29 66.1 0.92 -0.69 LAWLER ""
3810.329 68.0 0.0 -0.12 "" ""
3810.384 23.0 1.891 -2.06 "" ""
3810.385 74.0 2.244 -0.05 "" ""
3810.395 106.00113 1.371 -7.04 3.464 AX42Q205
3810.398 607.01314 3.186 -2.514 7.724 1514Ra0035
3810.407 607.01314 3.186 -2.633 7.724 1514Rb0025
3810.41 21.0 1.849 -2.24 "" ""
3810.416 106.00112 1.139 -6.984 3.464 AX53P095
3810.417 607.01314 3.186 -4.073 7.724 1514Qd0035
3810.43 62.1 0.248 -1.09 LAWLER ""
3810.451 106.00113 1.371 -4.113 3.464 AX42P215
3810.458 106.00113 1.371 -4.081 3.464 AX42P205
3810.48 60.1 0.742 -0.14 LAWLER ""
3810.482 41.0 1.428 0.3 "" ""
3810.553 42.0 2.596 -2.24 "" ""
3810.574 106.00113 1.39 -7.842 3.464 CX24P085
3810.578 67.1165 0.0 -3.441 LAWLER ""
3810.583 67.1165 0.0 -3.183 LAWLER ""
3810.589 67.1165 0.0 -3.12 LAWLER ""
3810.596 67.1165 0.0 -3.174 LAWLER ""
3810.604 67.1165 0.0 -3.348 LAWLER ""
3810.611 67.1165 0.0 -1.989 LAWLER ""
3810.611 67.1165 0.0 -3.72 LAWLER ""
3810.622 67.1165 0.0 -1.764 LAWLER ""
3810.63 607.01214 0.84 0.16 7.724 0101Rb0495
3810.634 67.1165 0.0 -1.67 LAWLER ""
3810.637 67.1165 0.0 -0.986 LAWLER ""
3810.647 67.1165 0.0 -1.641 LAWLER ""
3810.654 67.1165 0.0 -0.925 LAWLER ""
3810.662 67.1165 0.0 -1.664 LAWLER ""
3810.664 21.0 2.008 -4.06 "" ""
3810.67 23.1 6.161 -2.87 "" ""
3810.673 67.1165 0.0 -0.862 LAWLER ""
3810.676 67.1165 0.0 -1.755 LAWLER ""
3810.68 25.0 3.132 -1.16 "" ""
3810.681 25.1 6.908 -3.26 "" ""
3810.682 607.01214 0.84 -3.556 7.724 0101Qd0505
3810.691 67.1165 0.0 -1.981 LAWLER ""
3810.692 67.1165 0.0 -0.799 LAWLER ""
3810.713 67.1165 0.0 -0.738 LAWLER ""
3810.72 69.1 1.086 -0.97 LAWLER ""
3810.723 24.1 5.007 -1.95 "" ""
3810.731 22.0 2.248 -1.44 "" ""
3810.734 67.1165 0.0 -0.678 LAWLER ""
3810.741 607.01314 3.184 -2.633 7.724 1514Ra0025
3810.749 607.01314 3.184 -2.793 7.724 1514Rb0015
3810.755 67.1165 0.0 -0.62 LAWLER ""
3810.756 26.0 3.298 -0.89 "" ""
3810.756 607.01314 3.184 -3.946 7.724 1514Qd0025
3810.776 67.1165 0.0 -0.563 LAWLER ""
3810.796 74.0 1.707 -0.44 "" ""
3810.814 42.0 2.596 -1.6 "" ""
3810.824 27.0 3.62 -2.44 "" ""
3810.843 26.0 4.188 -4.3 "" ""
3810.884 106.00112 0.314 -5.45 3.464 AX10R125
3810.89 106.00113 1.244 -4.549 3.464 AX53P125
3810.897 106.00113 1.244 -7.176 3.464 AX53Q125
3810.898 58.1 0.739 -0.69 "" ""
3810.905 26.0 2.607 -5.86 "" ""
3810.959 106.00113 1.244 -4.579 3.464 AX53P135
3810.96 106.00112 1.139 -7.013 3.464 AX53P095
3810.979 106.00112 0.314 -5.161 3.464 AX10R135
3810.986 23.1 2.542 -3.87 "" ""
3810.995 90.0 0.929 -0.39 "" ""
3811.016 106.00112 0.314 -7.345 3.464 AX10Q135
3811.031 41.0 0.019 -0.92 "" ""
3811.035 26.0 2.725 -2.31 "" ""
3811.049 27.0 0.0 -5.75 "" ""
3811.056 26.0 2.586 -2.02 "" ""
3811.06 27.0 0.922 -2.58 "" ""
3811.07 60.1 0.38 -0.84 LAWLER ""
3811.108 106.00112 0.71 -7.632 3.464 CX02P045
3811.113 106.00113 0.36 -5.165 3.464 AX10R135
3811.113 607.01314 3.184 -2.793 7.724 1514Ra0015
3811.116 106.00112 1.598 -6.312 3.464 CX35P055
3811.119 607.01314 3.184 -3.053 7.724 1514Rb0005
3811.122 106.00113 0.36 -4.928 3.464 AX10R145
3811.124 607.01314 3.184 -3.756 7.724 1514Qd0015
3811.155 26.0 4.206 -3.65 "" ""
3811.166 106.00113 0.36 -7.529 3.464 AX10Q145
3811.279 28.0 0.212 -3.89 "" ""
3811.297 23.0 2.267 -3.81 "" ""
3811.309 607.01214 0.74 0.296 7.724 0000Ra0565
3811.323 63.0 1.743 0.48 "" ""
3811.374 607.01214 0.74 0.288 7.724 0000Rb0555
3811.388 42.0 2.678 -1.21 "" ""
3811.399 22.0 1.872 -1.6 "" ""
3811.408 106.00112 1.914 -8.497 3.464 CX03R255
3811.429 26.0 3.981 -3.5 "" ""
3811.433 607.01214 0.74 -3.523 7.724 0000Qd0565
3811.456 23.0 2.573 -4.18 "" ""
3811.474 42.0 2.595 -1.82 "" ""
3811.514 607.01314 3.183 -3.053 7.724 1514Ra0005
3811.521 607.01314 3.183 -3.36 7.724 1514Qd0005
3811.566 106.00113 1.104 -7.891 3.464 CX13P085
3811.591 24.0 3.842 -1.39 "" ""
3811.596 58.1 1.455 -0.2 "" ""
3811.617 22.0 2.248 -1.83 "" ""
3811.63 27.0 3.25 -4.75 "" ""
3811.653 25.0 3.133 -2.3 "" ""
3811.722 21.0 2.109 -4.37 "" ""
3811.732 21.0 1.849 -1.18 "" ""
3811.739 23.1 5.829 -4.25 "" ""
3811.77 60.1 0.0 -1.26 LAWLER ""
3811.781 72.0 0.292 -1.13 "" ""
3811.804 26.0 3.366 -1.52 "" ""
3811.821 22.0 2.576 -4.28 "" ""
3811.847 59.1 0.0 -0.7 "" ""
3811.863 106.00112 0.314 -5.45 3.464 AX10R125
3811.891 26.0 2.756 -1.29 "" ""
3811.896 106.00112 0.315 -5.162 3.464 AX10R135
3811.902 23.0 1.948 -3.59 "" ""
3811.911 27.0 3.629 -3.89 "" ""
3811.926 26.1 6.479 -4.68 "" ""
3811.932 106.00112 0.315 -7.324 3.464 AX10Q135
3811.941 24.0 3.077 -2.44 "" ""
3811.991 92.0 0.0 0.36 "" ""
3812.002 29.0 5.684 -1.39 "" ""
3812.008 607.01214 0.817 0.16 7.724 0101Ra0495
3812.06 62.1 0.104 -1.13 LAWLER ""
3812.073 607.01214 0.817 0.151 7.724 0101Rb0485
3812.125 607.01214 0.817 -3.548 7.724 0101Qd0495
3812.138 106.00113 0.312 -5.449 3.464 AX10R125
3812.156 27.0 3.213 -4.58 "" ""
3812.198 58.1 0.587 -0.44 "" ""
3812.232 24.0 3.119 -3.25 "" ""
3812.233 106.00113 0.312 -5.161 3.464 AX10R135
3812.236 42.1 4.12 -1.0 "" ""
3812.239 25.1 5.516 -1.9 "" ""
3812.262 106.00112 1.233 -3.21 3.464 AX10R275
3812.266 24.0 3.432 -0.88 "" ""
3812.269 106.00113 0.312 -7.345 3.464 AX10Q135
3812.271 66.0 1.055 0.65 "" ""
3812.363 106.00113 1.372 -4.113 3.464 AX42P215
3812.375 106.00112 1.233 -6.323 3.464 AX10Q275
3812.389 42.0 1.38 -2.42 "" ""
3812.397 24.0 3.886 -1.86 "" ""
3812.397 90.0 1.919 0.03 "" ""
3812.401 106.00113 1.372 -7.075 3.464 AX42Q205
3812.402 607.01314 3.184 -3.36 7.724 1514Qc0005
3812.407 607.01314 3.184 -3.063 7.724 1514Pa0015
3812.422 27.0059 1.784 -2.484 Lawle15HFS ""
3812.433 106.00112 1.233 -3.312 3.464 AX10R265
3812.448 27.0059 1.784 -2.805 Lawle15HFS ""
3812.458 106.00113 1.372 -4.081 3.464 AX42P205
3812.462 27.0059 1.784 -2.951 Lawle15HFS ""
3812.462 45.0 1.782 -0.54 "" ""
3812.47 27.0059 1.784 -3.282 Lawle15HFS ""
3812.474 106.00112 1.314 -3.11 3.464 AX10R285
3812.474 42.0 2.075 -1.44 "" ""
3812.478 106.00112 0.489 -6.891 3.464 AX21R095
3812.484 27.0059 1.784 -2.805 Lawle15HFS ""
3812.5 27.0059 1.784 -2.826 Lawle15HFS ""
3812.524 25.1 7.376 -1.51 "" ""
3812.53 60.1 1.724 0.62 "" ""
3812.538 106.00112 1.314 -3.211 3.464 AX10R275
3812.569 106.00113 1.516 -4.042 3.464 AX31P275
3812.589 106.00112 1.314 -6.236 3.464 AX10Q285
3812.61 106.00113 1.516 -7.187 3.464 AX31Q265
3812.632 23.0 2.676 -3.27 "" ""
3812.636 23.1 6.096 -1.3 "" ""
3812.684 106.00113 1.307 -3.11 3.464 AX10R285
3812.704 106.00113 1.226 -3.21 3.464 AX10R275
3812.729 44.0 1.588 -0.15 "" ""
3812.76 106.00113 1.307 -3.211 3.464 AX10R275
3812.794 106.00113 1.307 -6.236 3.464 AX10Q285
3812.801 26.0 3.015 -5.2 "" ""
3812.811 106.00113 1.226 -6.323 3.464 AX10Q275
3812.817 22.0 2.235 -1.45 "" ""
3812.823 106.00113 1.516 -4.016 3.464 AX31P265
3812.881 106.00113 1.226 -3.312 3.464 AX10R265
3812.887 607.01314 3.184 -3.757 7.724 1514Qc0015
3812.893 607.01314 3.184 -3.063 7.724 1514Pb0015
3812.894 607.01314 3.184 -2.809 7.724 1514Pa0025
3812.912 28.0 3.536 -3.98 "" ""
3812.919 607.01214 0.714 0.288 7.724 0000Ra0555
3812.923 106.00112 0.49 -6.86 3.464 AX21R095
3812.937 24.0 2.911 -9.39 "" ""
3812.965 26.0 0.957 -1.05 OBR91 ""
3812.965 27.0 3.213 -3.69 "" ""
3812.978 26.0 4.151 -2.42 "" ""
3812.983 607.01214 0.714 0.28 7.724 0000Rb0545
3813.033 25.0 4.791 -1.19 "" ""
3813.044 607.01214 0.714 -3.515 7.724 0000Qd0555
3813.046 66.1 0.589 -1.12 "" ""
3813.058 26.0 2.586 -1.01 BEL17 ""
3813.063 26.0 2.402 -4.82 "" ""
3813.067 90.1 1.144 -0.52 "" ""
3813.107 106.00113 0.313 -5.449 3.464 AX10R125
3813.109 23.1 2.542 -2.31 "" ""
3813.13 65.1 0.796 -0.25 LAWNOHFS ""
3813.132 67.1165 1.096 -0.676 LAWLER ""
3813.14 106.00113 0.313 -5.161 3.464 AX10R135
3813.157 607.01314 1.477 -0.251 7.724 0505Rb0345
3813.174 67.1165 1.096 -0.753 LAWLER ""
3813.175 67.1165 1.096 -1.885 LAWLER ""
3813.176 106.00113 0.313 -7.324 3.464 AX10Q135
3813.187 106.00112 1.725 -7.813 3.464 CX35Q105
3813.191 607.01314 1.477 -3.67 7.724 0505Qd0355
3813.212 67.1165 1.096 -0.834 LAWLER ""
3813.214 67.1165 1.096 -1.665 LAWLER ""
3813.215 67.1165 1.096 -3.404 LAWLER ""
3813.217 106.00112 0.27 -5.823 3.464 AX10R115
3813.237 25.0 3.841 -2.23 "" ""
3813.237 28.1 6.534 -4.6 "" ""
3813.238 26.0 3.015 -6.56 "" ""
3813.247 106.00112 1.725 -4.09 3.464 CX35P105
3813.247 67.1165 1.096 -0.92 LAWLER ""
3813.249 67.1165 1.096 -1.58 LAWLER ""
3813.251 67.1165 1.096 -3.018 LAWLER ""
3813.268 106.00112 1.725 -4.038 3.464 CX35P115
3813.269 22.0 2.083 -0.68 "" ""
3813.276 67.1165 1.096 -1.011 LAWLER ""
3813.279 67.1165 1.096 -1.561 LAWLER ""
3813.281 67.1165 1.096 -2.831 LAWLER ""
3813.302 67.1165 1.096 -1.106 LAWLER ""
3813.304 67.1165 1.096 -1.595 LAWLER ""
3813.307 67.1165 1.096 -2.759 LAWLER ""
3813.317 106.00112 1.395 -7.841 3.464 CX24P085
3813.323 67.1165 1.096 -1.206 LAWLER ""
3813.324 6.0 7.679 -3.57 "" ""
3813.325 67.1165 1.096 -1.689 LAWLER ""
3813.327 67.1165 1.096 -2.797 LAWLER ""
3813.334 106.00112 0.27 -5.446 3.464 AX10R125
3813.34 67.1165 1.096 -1.302 LAWLER ""
3813.341 23.0 2.372 -0.64 "" ""
3813.341 67.1165 1.096 -1.904 LAWLER ""
3813.343 67.1165 1.096 -3.018 LAWLER ""
3813.345 106.00112 1.862 -4.276 3.464 CX24P205
3813.361 106.00112 1.862 -8.295 3.464 CX24Q195
3813.363 106.00112 0.27 -7.178 3.464 AX10Q125
3813.383 26.0 4.073 -2.78 "" ""
3813.388 22.1 0.607 -1.89 LAWLER ""
3813.4 607.01314 3.186 -3.946 7.724 1514Qc0025
3813.41 607.01314 3.186 -2.655 7.724 1514Pa0035
3813.411 607.01314 3.186 -2.809 7.724 1514Pb0025
3813.438 607.01214 0.795 0.151 7.724 0101Ra0485
3813.449 23.0 0.267 -2.42 "" ""
3813.453 4.0 5.273 -0.6 "" ""
3813.469 106.00112 1.862 -4.389 3.464 CX24P195
3813.478 23.0 1.375 -3.79 "" ""
3813.484 24.0 3.963 -3.21 "" ""
3813.491 23.0 0.017 -0.76 LAWNOHFS ""
3813.502 607.01214 0.795 0.142 7.724 0101Rb0475
3813.518 22.0 2.332 -1.2 "" ""
3813.532 29.0 5.57 -1.66 "" ""
3813.545 25.0 4.602 -3.92 "" ""
3813.553 607.01214 0.795 -3.539 7.724 0101Qd0485
3813.627 22.0 2.693 -3.16 "" ""
3813.63 62.1 0.484 -1.12 LAWLER ""
3813.635 26.0 2.69 -1.56 "" ""
3813.67 66.1 0.92 -0.56 LAWLER ""
3813.679 106.00113 0.488 -6.891 3.464 AX21R095
3813.721 23.0 2.357 -2.69 "" ""
3813.79 92.1 0.284 -0.95 "" ""
3813.821 62.0 0.498 -0.1 "" ""
3813.873 22.0 1.442 -4.27 "" ""
3813.884 26.0 3.632 -0.68 "" ""
3813.888 22.1 5.028 -2.63 "" ""
3813.891 59.1 0.895 -0.8 "" ""
3813.893 21.0 4.591 -2.51 "" ""
3813.899 25.1 5.49 -3.3 "" ""
3813.902 42.0 3.357 -1.56 "" ""
3813.904 26.1 7.467 -3.65 "" ""
3813.913 27.0 3.565 -1.28 "" ""
3813.933 26.0 2.431 -2.24 "" ""
3813.934 22.0 1.429 -3.16 "" ""
3813.936 26.0 4.073 -1.54 "" ""
3813.943 607.01314 3.187 -4.074 7.724 1514Qc0035
3813.956 607.01314 3.187 -2.542 7.724 1514Pa0045
3813.958 607.01314 3.187 -2.655 7.724 1514Pb0035
3813.964 607.01314 1.462 -0.251 7.724 0505Ra0345
3813.968 23.1 6.097 -1.85 "" ""
3813.98 64.1 0.0 -0.2 LAWLER ""
3813.995 24.1 6.277 -1.03 "" ""
3814.017 12.0 4.343 -2.0 "" ""
3814.025 40.1 1.664 -2.3 "" ""
3814.028 24.0 3.842 -1.4 "" ""
3814.048 607.01314 1.462 -0.264 7.724 0505Rb0335
3814.053 23.1 5.791 -3.46 "" ""
3814.063 92.1 0.113 -1.12 "" ""
3814.067 106.00112 0.27 -5.823 3.464 AX10R115
3814.07 42.0 3.393 -1.1 "" ""
3814.08 607.01314 1.462 -3.658 7.724 0505Qd0345
3814.095 106.00112 0.035 -7.584 3.464 AX10R045
3814.119 106.00113 0.488 -6.86 3.464 AX21R095
3814.124 26.1 4.734 -2.41 "" ""
3814.126 106.00112 0.27 -5.446 3.464 AX10R125
3814.155 106.00112 0.27 -7.159 3.464 AX10Q125
3814.178 106.00112 1.108 -7.891 3.464 CX13P085
3814.192 106.00112 0.035 -7.568 3.464 AX10R045
3814.255 27.1 5.118 -5.5 "" ""
3814.261 27.0 2.079 -7.08 "" ""
3814.28 58.1 0.553 -0.39 BIEMONT ""
3814.283 24.0 4.528 -0.37 "" ""
3814.334 25.1 6.806 -3.52 "" ""
3814.359 24.0 3.887 -1.11 "" ""
3814.391 106.00112 1.576 -6.234 3.464 AX42R235
3814.401 27.0 4.022 -3.13 "" ""
3814.402 22.0 1.979 -1.87 "" ""
3814.429 106.00113 0.462 -1.829 3.464 BX10P155
3814.448 106.00112 1.576 -4.682 3.464 AX42Q245
3814.459 27.0 1.954 -1.48 LAWNHFS ""
3814.46 24.1 7.38 -4.32 "" ""
3814.464 42.0 2.678 -1.43 "" ""
3814.472 106.00113 0.268 -5.822 3.464 AX10R115
3814.479 106.00113 0.462 -7.28 3.464 BX10Q155
3814.479 23.0 2.372 -3.85 "" ""
3814.483 106.00112 1.576 -6.009 3.464 AX42Q235
3814.515 607.01314 3.189 -4.17 7.724 1514Qc0045
3814.516 607.01214 0.689 0.28 7.724 0000Ra0545
3814.523 26.0 1.01 -2.37 OBR91 ""
3814.531 607.01314 3.189 -2.452 7.724 1514Pa0055
3814.534 607.01314 3.189 -2.542 7.724 1514Pb0045
3814.539 106.00112 1.576 -6.743 3.464 AX42P245
3814.542 23.1 5.835 -2.53 "" ""
3814.578 106.00113 0.462 -1.819 3.464 BX10P165
3814.58 22.1 0.573 -1.68 LAWLER ""
3814.58 23.0 2.576 -3.85 "" ""
3814.583 607.01214 0.689 0.272 7.724 0000Rb0535
3814.588 106.00113 0.268 -5.445 3.464 AX10R125
3814.616 106.00113 0.268 -7.178 3.464 AX10Q125
3814.62 62.1 0.277 -1.18 LAWLER ""
3814.626 24.0 3.419 -0.83 "" ""
3814.638 607.01214 0.689 -3.507 7.724 0000Qd0545
3814.72 60.1 0.0 -0.6 LAWLER ""
3814.741 64.1 1.614 0.45 "" ""
3814.779 26.0 3.412 -1.03 "" ""
3814.834 25.1 6.828 -3.32 "" ""
3814.842 44.0 1.865 -0.47 "" ""
3814.843 26.0 4.1 -2.51 "" ""
3814.85 607.01314 1.447 -0.264 7.724 0505Ra0335
3814.851 42.0 3.315 -1.09 "" ""
3814.852 26.0 3.881 -3.32 "" ""
3814.852 607.01214 0.773 0.142 7.724 0101Ra0475
3814.853 106.00113 0.727 -7.71 3.464 CX02P055
3814.861 22.0 2.091 -0.58 "" ""
3814.916 607.01214 0.773 0.133 7.724 0101Rb0465
3814.925 45.1 4.242 0.0 "" ""
3814.93 607.01314 1.447 -0.278 7.724 0505Rb0325
3814.938 58.1 0.459 -1.33 LAWLER ""
3814.958 40.1 0.409 -2.26 Ljung06 ""
3814.962 106.00113 1.612 -6.388 3.464 CX35P065
3814.962 607.01314 1.447 -3.646 7.724 0505Qd0335
3814.966 607.01214 0.773 -3.53 7.724 0101Qd0475
3815.003 28.0 3.676 -4.58 "" ""
3815.009 58.1 0.265 -1.28 BIEMONT ""
3815.021 45.0 1.997 0.37 "" ""
3815.027 90.1 1.286 -1.3 "" ""
3815.04 22.0 2.173 -2.33 "" ""
3815.056 42.0 3.165 -0.92 "" ""
3815.066 106.00112 1.376 -7.039 3.464 AX42Q205
3815.07 21.0 1.952 -1.15 "" ""
3815.078 78.0 2.11 -2.55 DH05nohfs ""
3815.116 607.01314 3.191 -4.246 7.724 1514Qc0055
3815.132 106.00112 1.376 -4.112 3.464 AX42P215
3815.134 106.00112 1.376 -4.08 3.464 AX42P205
3815.135 607.01314 3.191 -2.377 7.724 1514Pa0065
3815.14 607.01314 3.191 -2.452 7.724 1514Pb0055
3815.168 28.0 3.539 -2.86 "" ""
3815.211 21.0 1.968 -2.81 "" ""
3815.213 26.0 3.879 -2.82 "" ""
3815.313 106.00113 0.269 -5.822 3.464 AX10R115
3815.327 26.0 3.544 -2.13 "" ""
3815.372 106.00113 0.269 -5.446 3.464 AX10R125
3815.388 23.1 2.898 -0.4 "" ""
3815.399 106.00113 0.035 -7.584 3.464 AX10R045
3815.4 106.00113 0.269 -7.158 3.464 AX10Q125
3815.421 24.0 2.706 0.08 "" ""
3815.43 23.1 5.836 -1.73 "" ""
3815.474 24.0 3.885 -1.89 "" ""
