wavelength species excitation loggf disassociation_energy comment
4346.28 20.0 4.621 -2.35 "" ""
4346.294 106.00112 0.433 -1.929 3.464 AX11P075
4346.294 106.00112 0.433 -1.994 3.464 AX11P065
4346.326 25.0 2.28 -3.31 "" ""
4346.356 106.00113 0.432 -1.93 3.464 AX11P075
4346.359 26.0 3.265 -7.15 "" ""
4346.368 106.00112 0.433 -3.248 3.464 AX11Q065
4346.374 66.1 2.576 0.2 "" ""
4346.381 106.00113 0.894 -5.252 3.464 BX11P175
4346.391 25.1 6.531 -1.54 "" ""
4346.425 58.1 1.012 -0.8 "" ""
4346.437 90.0 0.902 -0.8 "" ""
4346.44 106.00113 0.836 -2.439 3.464 BX01R165
4346.455 64.0 0.124 0.16 "" ""
4346.479 44.0 0.997 -1.65 "" ""
4346.48 62.1 0.543 -1.77 LAWLER ""
4346.482 69.0 1.931 -0.1 "" ""
4346.501 30.0 5.791 -5.71 "" ""
4346.509 26.1 6.212 -3.99 "" ""
4346.527 40.0 1.75 -0.42 "" ""
4346.536 106.00113 0.339 -3.788 3.464 BX01Q005
4346.544 106.00113 0.339 -4.38 3.464 BX01R005
4346.551 106.00113 0.836 -7.224 3.464 BX01Q175
4346.552 26.0 3.299 -1.54 "" ""
4346.571 26.0 3.981 -4.33 "" ""
4346.6 22.0 3.111 -3.96 "" ""
4346.603 22.0 2.152 -1.49 "" ""
4346.622 64.0 0.027 -0.19 "" ""
4346.626 106.00113 0.836 -2.39 3.464 BX01R175
4346.655 106.00112 0.433 -1.93 3.464 AX11P075
4346.736 24.0 2.98 -2.12 "" ""
4346.779 106.00112 1.721 -3.74 3.464 AX22R255
4346.818 24.0 2.98 -0.64 "" ""
4346.828 22.0 2.776 -2.65 "" ""
4346.846 106.00112 1.721 -1.055 3.464 AX22Q265
4346.876 106.00112 1.721 -1.06 3.464 AX22Q255
4346.893 23.1 1.671 -2.79 "" ""
4346.943 106.00112 1.721 -3.77 3.464 AX22P265
4346.992 74.0 2.385 -0.43 "" ""
4347.098 23.0 2.357 -2.48 "" ""
4347.193 90.1 1.832 -1.19 "" ""
4347.195 92.1 0.113 -1.74 "" ""
4347.2 607.01214 3.571 -5.516 7.724 1415Qc0235
4347.216 607.01214 3.571 -2.398 7.724 1415Pa0245
4347.216 607.01214 3.571 -2.407 7.724 1415Pb0235
4347.226 40.0 0.071 -2.38 "" ""
4347.235 26.0 0.0 -5.43 OBR91 ""
4347.24 62.1 0.659 -1.79 LAWLER ""
4347.246 90.1 1.802 -1.22 "" ""
4347.27 106.00113 0.097 -1.952 3.464 AX00P065
4347.305 41.0 1.674 -0.93 "" ""
4347.31 64.1 1.313 -0.21 LAWLER ""
4347.351 106.00113 0.097 -3.218 3.464 AX00Q065
4347.49 59.1 0.422 -0.33 LINOHFS ""
4347.497 24.0 2.985 -1.79 "" ""
4347.498 74.0 2.386 -0.77 "" ""
4347.509 106.00113 0.708 -2.294 3.464 AX22P045
4347.538 106.00112 0.098 -1.952 3.464 AX00P065
4347.547 22.0 2.343 -3.9 "" ""
4347.591 58.1 1.013 -1.2 "" ""
4347.61 25.0 4.357 -2.76 "" ""
4347.616 106.00112 0.098 -3.218 3.464 AX00Q065
4347.629 23.0 2.357 -2.36 "" ""
4347.644 106.00113 0.371 -4.318 3.464 AX11P035
4347.655 106.00113 0.708 -3.171 3.464 AX22Q045
4347.677 106.00113 0.097 -1.952 3.464 AX00P065
4347.697 106.00113 0.097 -1.888 3.464 AX00P075
4347.702 58.1 0.608 -1.44 "" ""
4347.71 66.0 1.672 0.56 "" ""
4347.716 106.00113 0.708 -2.293 3.464 AX22P045
4347.765 106.00113 0.097 -3.23 3.464 AX00Q065
4347.791 106.00113 0.371 -4.33 3.464 AX11P035
4347.8 62.1 0.378 -0.42 LAWLER ""
4347.833 26.0 3.6 -1.66 "" ""
4347.86 106.00112 0.71 -2.294 3.464 AX22P045
4347.864 106.00113 0.708 -3.181 3.464 AX22Q045
4347.893 40.0 0.998 0.04 "" ""
4347.949 106.00112 0.372 -4.318 3.464 AX11P035
4347.96 106.00112 0.098 -1.952 3.464 AX00P065
4347.966 106.00112 0.098 -1.887 3.464 AX00P075
4347.995 26.1 4.728 -3.69 "" ""
4348.012 106.00112 0.71 -3.171 3.464 AX22Q045
4348.037 106.00112 0.098 -3.23 3.464 AX00Q065
4348.042 20.0 4.776 -3.45 "" ""
4348.061 106.00113 0.098 -1.888 3.464 AX00P075
4348.078 106.00112 0.71 -2.293 3.464 AX22P045
4348.079 74.0 2.6 -0.48 "" ""
4348.096 106.00113 0.708 -2.193 3.464 AX22P055
4348.097 106.00112 0.372 -4.33 3.464 AX11P035
4348.197 106.00112 0.34 -3.788 3.464 BX01Q005
4348.199 106.00112 0.34 -4.379 3.464 BX01R005
4348.223 106.00112 0.71 -3.181 3.464 AX22Q045
4348.274 106.00113 0.708 -2.194 3.464 AX22P055
4348.316 26.0 3.981 -2.31 "" ""
4348.326 106.00112 0.84 -2.438 3.464 BX01R165
4348.334 68.0 0.624 -0.26 "" ""
4348.336 106.00112 0.098 -1.888 3.464 AX00P075
4348.364 28.0 4.415 -3.02 "" ""
4348.398 25.1 5.414 -1.5 "" ""
4348.398 607.01214 3.581 -5.547 7.724 1415Qc0245
4348.4 106.00113 1.856 -5.212 3.464 AX54P195
4348.414 607.01214 3.581 -2.392 7.724 1415Pa0255
4348.414 607.01214 3.581 -2.399 7.724 1415Pb0245
4348.419 28.0 4.415 -2.38 "" ""
4348.442 106.00112 0.84 -7.224 3.464 BX01Q175
4348.459 106.00112 0.71 -2.193 3.464 AX22P055
4348.479 23.0 2.576 -4.24 "" ""
4348.507 106.00113 1.303 -3.844 3.464 AX44R055
4348.512 21.0 2.294 -0.65 "" ""
4348.519 25.0 3.132 -4.25 "" ""
4348.52 106.00112 0.84 -2.389 3.464 BX01R175
4348.537 27.0 3.949 -3.93 "" ""
4348.585 58.1 0.956 -1.45 LAWLER ""
4348.598 90.0 1.716 -0.1 "" ""
4348.605 23.0 2.58 -2.53 "" ""
4348.626 106.00113 1.716 -1.056 3.464 AX22Q265
4348.636 106.00112 0.71 -2.194 3.464 AX22P055
4348.648 41.0 0.086 -1.15 "" ""
4348.652 106.00112 1.962 -6.355 3.464 CX15R175
4348.67 106.00113 1.303 -3.826 3.464 AX44R055
4348.735 106.00113 1.716 -3.77 3.464 AX22R255
4348.759 106.00112 1.962 -6.378 3.464 CX15R165
4348.769 106.00112 1.962 -10.46 3.464 CX15Q175
4348.783 39.0 2.011 0.59 "" ""
4348.802 106.00113 1.716 -3.743 3.464 AX22P265
4348.907 40.0 0.686 -1.77 "" ""
4348.911 106.00113 1.716 -1.06 3.464 AX22Q255
4348.937 26.0 2.988 -2.13 "" ""
4348.965 6.0 7.94 -2.11 "" ""
4349.014 26.0 4.214 -2.55 "" ""
4349.032 23.1 6.461 -2.22 "" ""
4349.032 41.0 1.531 -0.63 "" ""
4349.072 90.0 0.615 -1.19 "" ""
4349.081 60.1 1.617 -0.07 "" ""
4349.114 28.0 3.938 -2.44 "" ""
4349.209 42.0 4.2 -0.58 "" ""
4349.283 26.1 6.214 -3.71 "" ""
4349.313 106.00113 0.347 -3.342 3.464 BX01Q015
4349.326 106.00113 0.347 -5.072 3.464 BX01R015
4349.372 26.0 4.581 -2.43 "" ""
4349.448 27.0 4.501 -2.97 "" ""
4349.619 23.0 1.798 -1.69 "" ""
4349.625 607.01214 3.592 -5.578 7.724 1415Qc0255
4349.642 607.01214 3.592 -2.392 7.724 1415Pb0255
4349.703 24.0 3.847 -3.44 "" ""
4349.704 44.0 1.732 -0.49 "" ""
4349.708 23.0 2.357 -3.68 "" ""
4349.742 72.0 3.071 0.06 "" ""
4349.768 58.1 0.529 -0.73 LAWLER ""
4349.778 27.0 3.927 -2.88 "" ""
4349.787 25.0 3.133 -3.81 "" ""
4349.789 58.1 0.7 -0.32 LAWLER ""
4349.86 23.0 2.377 -4.71 "" ""
4349.887 106.00113 0.341 -4.409 3.464 BX01P015
4349.89 106.00113 0.341 -3.341 3.464 BX01Q015
4349.922 106.00113 0.458 -1.909 3.464 AX11P075
4349.927 21.0 1.849 -4.29 "" ""
4349.965 23.1 2.034 -2.48 "" ""
4349.978 106.00113 0.458 -3.277 3.464 AX11Q075
4350.071 22.0 3.125 -4.05 "" ""
4350.099 27.0 3.684 -2.35 "" ""
4350.138 24.0 4.571 -2.14 "" ""
4350.141 26.0 4.28 -3.44 "" ""
4350.171 106.00112 1.976 -4.75 3.464 AX44R225
4350.189 106.00113 1.789 -3.768 3.464 AX22R265
4350.226 106.00113 1.789 -1.053 3.464 AX22Q275
4350.236 20.0 5.923 -3.6 "" ""
4350.246 106.00112 0.459 -1.908 3.464 AX11P075
4350.265 106.00113 0.458 -1.853 3.464 AX11P085
4350.276 24.0 3.077 -5.96 "" ""
4350.276 25.1 5.414 -4.79 "" ""
4350.277 106.00113 0.035 -4.315 3.464 AX00P035
4350.283 41.0 1.094 -1.5 "" ""
4350.295 106.00112 0.459 -3.277 3.464 AX11Q075
4350.325 56.0 1.566 -0.07 "" ""
4350.331 42.0 1.419 -1.38 "" ""
4350.334 106.00113 1.789 -1.056 3.464 AX22Q265
4350.37 106.00113 1.789 -3.793 3.464 AX22P275
4350.376 106.00112 1.723 -1.055 3.464 AX22Q265
4350.421 106.00113 0.348 -4.778 3.464 BX01P025
4350.43 106.00113 0.035 -4.328 3.464 AX00P035
4350.431 106.00113 0.458 -1.908 3.464 AX11P075
4350.44 106.00112 1.723 -3.77 3.464 AX22R255
4350.442 106.00113 0.348 -3.143 3.464 BX01Q025
4350.47 62.1 0.484 -0.59 LAWLER ""
4350.472 106.00112 1.723 -3.743 3.464 AX22P265
4350.486 106.00113 0.458 -3.291 3.464 AX11Q075
4350.516 72.1 2.868 0.34 "" ""
4350.537 106.00112 1.723 -1.06 3.464 AX22Q255
4350.564 106.00112 0.035 -4.315 3.464 AX00P035
4350.582 26.1 6.204 -3.94 "" ""
4350.588 106.00112 0.459 -1.853 3.464 AX11P085
4350.633 20.0 5.979 -3.15 "" ""
4350.643 23.0 2.573 -3.62 "" ""
4350.645 27.0 3.189 -2.29 "" ""
4350.647 106.00112 1.758 -9.148 3.464 CX15R125
4350.659 26.0 4.253 -3.16 "" ""
4350.666 26.0 4.545 -3.0 "" ""
4350.713 106.00112 0.035 -4.328 3.464 AX00P035
4350.722 106.00113 0.458 -1.853 3.464 AX11P085
4350.73 67.0 0.0 -0.45 "" ""
4350.736 20.0 5.979 -3.02 "" ""
4350.752 106.00113 0.358 -3.144 3.464 BX01Q025
4350.753 106.00112 0.46 -1.908 3.464 AX11P075
4350.769 106.00113 0.358 -5.173 3.464 BX01R025
4350.797 106.00112 1.306 -3.844 3.464 AX44R055
4350.807 23.0 0.267 -2.41 LAWNOHFS ""
4350.808 106.00112 0.46 -3.291 3.464 AX11Q075
4350.814 26.0 4.175 -2.36 "" ""
4350.819 62.0 0.185 -1.12 "" ""
4350.838 22.1 2.06 -1.7 LAWLER ""
4350.84 23.1 1.674 -3.8 "" ""
4350.894 24.0 3.09 -2.6 "" ""
4350.895 106.00113 0.975 -2.561 3.464 AX33Q015
4350.933 106.00113 0.975 -2.559 3.464 AX33Q015
4350.962 106.00112 1.306 -3.825 3.464 AX44R055
4350.966 26.0 4.581 -2.48 "" ""
4350.972 106.00112 0.348 -3.342 3.464 BX01Q015
4350.976 26.0 3.632 -3.94 "" ""
4350.984 106.00112 0.348 -5.071 3.464 BX01R015
4350.987 69.1 2.604 -0.37 "" ""
4350.989 21.0 2.108 -3.4 "" ""
4350.99 26.0 3.299 -3.6 "" ""
4351.05 24.0 0.968 -1.43 SOBECK ""
4351.051 106.00112 0.46 -1.853 3.464 AX11P085
4351.091 26.1 6.221 -4.73 "" ""
4351.105 23.1 6.551 -4.68 "" ""
4351.168 24.0 3.102 -3.6 "" ""
4351.18 69.1 1.086 -1.94 LAWLER ""
4351.195 106.00113 0.975 -2.667 3.464 AX33R015
4351.233 106.00113 0.975 -2.67 3.464 AX33R015
4351.275 106.00113 0.339 -3.789 3.464 BX01Q005
4351.28 60.1 0.182 -0.61 LAWLER ""
4351.307 77.0 2.298 -1.61 "" ""
4351.308 28.0 3.938 -2.92 "" ""
4351.336 23.1 1.803 -4.55 "" ""
4351.369 106.00112 0.978 -2.561 3.464 AX33Q015
4351.369 26.0 3.414 -2.52 "" ""
4351.408 20.0 5.923 -2.3 "" ""
4351.409 106.00112 0.978 -2.559 3.464 AX33Q015
4351.42 106.00113 0.125 -1.866 3.464 AX00P075
4351.433 106.00113 0.985 -2.12 3.464 AX33Q025
4351.476 106.00113 0.125 -3.258 3.464 AX00Q075
4351.489 106.00113 0.358 -4.987 3.464 BX01P035
4351.507 106.00113 0.358 -3.009 3.464 BX01Q035
4351.51 106.00113 0.985 -2.119 3.464 AX33Q025
4351.525 76.0 2.342 -0.88 "" ""
4351.544 26.0 2.988 -1.64 BEL17 ""
4351.55 106.00112 0.342 -4.409 3.464 BX01P015
4351.56 106.00112 0.342 -3.341 3.464 BX01Q015
4351.573 41.0 1.094 -0.63 "" ""
4351.608 24.0 3.885 -1.25 "" ""
4351.627 68.0 0.889 -0.57 "" ""
4351.632 106.00113 0.985 -2.822 3.464 AX33R025
4351.669 106.00112 0.978 -2.666 3.464 AX33R015
4351.709 106.00112 0.978 -2.67 3.464 AX33R015
4351.711 106.00113 0.985 -2.827 3.464 AX33R025
4351.712 106.00112 0.125 -1.866 3.464 AX00P075
4351.726 23.0 2.357 -2.89 "" ""
4351.762 26.1 2.704 -1.95 LAWLER ""
4351.763 24.0 1.029 -0.48 SOBECK ""
4351.766 106.00112 0.125 -3.258 3.464 AX00Q075
4351.773 106.00113 0.125 -1.811 3.464 AX00P085
4351.778 22.0 3.164 -3.01 "" ""
4351.796 23.0 2.606 -3.57 "" ""
4351.811 24.0 1.029 -0.44 "" ""
4351.838 26.0 4.151 -2.07 "" ""
4351.84 59.1 0.216 0.03 LINOHFS ""
4351.869 26.0 4.581 -3.13 "" ""
4351.904 106.00113 0.997 -1.919 3.464 AX33Q035
4351.906 12.0 4.343 -0.83 "" ""
4351.911 106.00112 0.988 -2.12 3.464 AX33Q025
4351.913 106.00113 0.976 -2.932 3.464 AX33P025
4351.939 106.00113 0.976 -2.93 3.464 AX33P025
4351.948 106.00113 0.125 -1.866 3.464 AX00P075
4351.953 26.0 4.581 -2.4 "" ""
4351.995 106.00112 0.988 -2.119 3.464 AX33Q025
4352.003 106.00113 0.125 -3.272 3.464 AX00Q075
4352.01 26.0 4.581 -1.55 "" ""
4352.04 106.00113 0.997 -1.918 3.464 AX33Q035
4352.044 26.0 2.756 -4.48 "" ""
4352.053 106.00113 0.997 -2.935 3.464 AX33R035
4352.057 24.0 2.965 -5.44 "" ""
4352.066 106.00112 0.126 -1.811 3.464 AX00P085
4352.085 26.0 4.603 -2.36 "" ""
4352.086 106.00112 0.349 -4.778 3.464 BX01P025
4352.1 106.00112 0.349 -3.143 3.464 BX01Q025
4352.1 62.1 0.484 -0.6 LAWLER ""
4352.103 25.0 4.682 -2.7 "" ""
4352.114 106.00112 0.988 -2.822 3.464 AX33R025
4352.121 106.00113 0.985 -2.975 3.464 AX33P035
4352.128 21.0 2.292 -0.72 "" ""
4352.182 106.00113 0.985 -2.972 3.464 AX33P035
4352.185 106.00113 0.997 -2.941 3.464 AX33R035
4352.186 23.0 2.682 -2.73 "" ""
4352.194 106.00112 0.988 -2.827 3.464 AX33R025
4352.212 106.00113 0.976 -2.195 3.464 AX33Q025
4352.239 106.00113 0.976 -2.196 3.464 AX33Q025
4352.245 106.00112 0.126 -1.866 3.464 AX00P075
4352.248 106.00113 0.125 -1.811 3.464 AX00P085
4352.267 106.00112 1.796 -3.768 3.464 AX22R265
4352.3 106.00112 0.126 -3.272 3.464 AX00Q075
4352.309 106.00113 0.727 -2.148 3.464 AX22P055
4352.318 26.0 3.692 -4.18 "" ""
4352.319 39.0 1.397 -0.89 "" ""
4352.324 106.00113 0.985 -1.943 3.464 AX33Q035
4352.332 106.00112 1.796 -1.053 3.464 AX22Q275
4352.363 106.00112 1.796 -1.055 3.464 AX22Q265
4352.384 106.00113 0.985 -1.944 3.464 AX33Q035
4352.391 20.0 5.951 -4.65 "" ""
4352.396 106.00112 0.979 -2.932 3.464 AX33P025
4352.398 106.00112 1.0 -1.918 3.464 AX33Q035
4352.4 39.0 1.355 -2.12 "" ""
4352.416 106.00113 0.727 -3.213 3.464 AX22Q055
4352.421 106.00112 0.979 -2.93 3.464 AX33P025
4352.428 106.00112 0.359 -3.143 3.464 BX01Q025
4352.428 106.00112 1.796 -3.793 3.464 AX22P275
4352.431 106.00113 1.013 -1.788 3.464 AX33Q045
4352.433 106.00113 0.998 -3.047 3.464 AX33P045
4352.436 106.00112 0.359 -5.172 3.464 BX01R025
4352.467 106.00113 0.371 -3.009 3.464 BX01Q035
4352.471 24.0 3.085 -3.84 "" ""
4352.492 106.00113 0.371 -5.248 3.464 BX01R035
4352.536 106.00112 1.0 -1.918 3.464 AX33Q035
4352.536 106.00113 1.013 -3.025 3.464 AX33R045
4352.541 106.00112 1.0 -2.935 3.464 AX33R035
4352.543 106.00113 0.998 -3.042 3.464 AX33P045
4352.546 106.00112 0.126 -1.811 3.464 AX00P085
4352.564 72.0 1.113 -1.5 "" ""
4352.571 77.0 2.361 -1.55 "" ""
4352.576 106.00113 0.998 -1.8 3.464 AX33Q045
4352.577 26.0 4.442 -3.62 "" ""
4352.597 106.00113 0.727 -2.148 3.464 AX22P055
4352.606 106.00112 0.988 -2.975 3.464 AX33P035
4352.607 24.1 3.906 -3.26 "" ""
4352.631 106.00113 1.013 -1.788 3.464 AX33Q045
4352.668 106.00112 0.988 -2.972 3.464 AX33P035
4352.674 22.0 2.266 -1.54 LAWLER ""
4352.677 106.00112 1.0 -2.941 3.464 AX33R035
4352.68 90.1 1.547 -0.94 "" ""
4352.686 106.00113 0.998 -1.8 3.464 AX33Q045
4352.689 106.00112 1.978 -4.688 3.464 AX44R225
4352.694 106.00112 0.729 -2.148 3.464 AX22P055
4352.694 106.00112 0.979 -2.195 3.464 AX33Q025
4352.702 39.0 2.056 -0.24 "" ""
4352.704 20.0 5.951 -6.55 "" ""
4352.707 106.00113 0.727 -3.224 3.464 AX22Q055
4352.707 58.1 0.6 -0.25 LAWLER ""
4352.72 106.00112 0.979 -2.196 3.464 AX33Q025
4352.734 106.00113 1.013 -3.032 3.464 AX33R045
4352.735 26.0 2.221 -1.26 "" ""
4352.787 106.00113 0.727 -2.069 3.464 AX22P065
4352.802 106.00112 0.729 -3.213 3.464 AX22Q055
4352.805 106.00112 0.988 -1.943 3.464 AX33Q035
4352.853 106.00113 1.013 -3.115 3.464 AX33P055
4352.865 23.0 0.069 -0.76 LAWNOHFS ""
4352.869 106.00112 0.988 -1.944 3.464 AX33Q035
4352.874 42.0 2.474 -2.36 "" ""
4352.924 106.00112 1.0 -3.046 3.464 AX33P045
4352.929 106.00112 1.016 -1.788 3.464 AX33Q045
4352.956 106.00113 1.013 -1.699 3.464 AX33Q055
4352.958 106.00112 0.34 -3.788 3.464 BX01Q005
4352.987 106.00112 0.73 -2.148 3.464 AX22P055
4353.018 106.00113 0.371 -5.132 3.464 BX01P045
4353.023 106.00113 1.013 -3.11 3.464 AX33P055
4353.023 23.0 2.579 -3.1 "" ""
4353.032 106.00113 1.031 -1.692 3.464 AX33Q055
4353.033 106.00112 1.016 -3.025 3.464 AX33R045
4353.034 25.1 5.563 -3.67 "" ""
4353.035 106.00112 1.0 -3.042 3.464 AX33P045
4353.041 106.00113 0.371 -2.903 3.464 BX01Q045
4353.041 106.00113 0.728 -2.069 3.464 AX22P065
4353.067 106.00112 1.0 -1.8 3.464 AX33Q045
4353.096 106.00112 0.73 -3.224 3.464 AX22Q055
4353.111 106.00113 1.031 -3.1 3.464 AX33R055
4353.127 106.00113 1.013 -1.699 3.464 AX33Q055
4353.129 106.00112 1.016 -1.788 3.464 AX33Q045
4353.161 106.00112 0.359 -4.987 3.464 BX01P035
4353.171 106.00112 0.73 -2.069 3.464 AX22P065
4353.18 106.00112 0.359 -3.008 3.464 BX01Q035
4353.18 106.00112 1.0 -1.8 3.464 AX33Q045
4353.2 65.1 0.373 -0.63 LAWNOHFS ""
4353.233 42.0 3.209 -1.51 "" ""
4353.236 106.00112 1.016 -3.032 3.464 AX33R045
4353.257 41.0 0.13 -1.72 "" ""
4353.291 27.1 2.983 -3.92 "" ""
4353.305 42.0 2.513 -1.56 "" ""
4353.314 106.00113 1.031 -1.692 3.464 AX33Q055
4353.325 23.0 1.71 -1.38 LAWNOHFS ""
4353.327 23.1 1.803 -4.29 "" ""
4353.333 24.0 3.886 -0.8 "" ""
4353.335 21.0 2.109 -3.86 "" ""
4353.351 106.00112 1.016 -3.115 3.464 AX33P055
4353.351 24.0 4.436 -2.91 "" ""
4353.361 58.1 1.58 0.15 "" ""
4353.363 72.0 2.002 -0.69 "" ""
4353.371 27.1 2.777 -5.97 "" ""
4353.387 106.00113 1.031 -3.177 3.464 AX33P065
4353.388 106.00113 1.031 -3.109 3.464 AX33R055
4353.401 90.1 1.322 -1.17 "" ""
4353.421 106.00112 0.73 -2.069 3.464 AX22P065
4353.456 106.00112 1.016 -1.698 3.464 AX33Q055
4353.46 106.00113 1.031 -1.62 3.464 AX33Q065
4353.522 26.0 4.28 -3.94 "" ""
4353.524 106.00112 1.016 -3.11 3.464 AX33P055
4353.542 106.00112 1.034 -1.692 3.464 AX33Q055
4353.553 20.0 4.765 -3.46 "" ""
4353.619 106.00112 1.034 -3.1 3.464 AX33R055
4353.628 106.00112 1.016 -1.699 3.464 AX33Q055
4353.63 106.00113 1.032 -3.171 3.464 AX33P065
4353.648 106.00112 0.898 -5.251 3.464 BX11P175
4353.676 106.00113 1.791 -1.054 3.464 AX22Q275
4353.68 23.0 1.063 -3.55 "" ""
4353.706 106.00113 1.032 -1.621 3.464 AX33Q065
4353.706 26.0 4.253 -3.33 "" ""
4353.71 24.1 5.867 -4.73 "" ""
4353.724 68.1 0.891 -3.29 LAWLER ""
4353.737 27.1 3.083 -5.11 "" ""
4353.744 106.00113 1.053 -1.617 3.464 AX33Q065
4353.775 27.0 3.968 -2.79 "" ""
4353.787 24.0 3.373 -4.36 "" ""
4353.796 106.00113 1.791 -3.799 3.464 AX22R265
4353.797 106.00113 1.053 -3.165 3.464 AX33R065
4353.798 64.0 1.766 0.41 "" ""
4353.807 25.0 5.668 -3.82 "" ""
4353.809 23.0 1.71 -2.73 "" ""
4353.825 106.00112 1.034 -1.692 3.464 AX33Q055
4353.863 106.00113 1.791 -3.765 3.464 AX22P275
4353.883 23.0 2.563 -5.5 "" ""
4353.896 106.00112 1.034 -3.177 3.464 AX33P065
4353.901 106.00112 1.034 -3.109 3.464 AX33R055
4353.922 20.0 4.677 -4.39 "" ""
4353.94 24.0 4.782 -4.1 "" ""
4353.973 24.0 3.373 -0.73 "" ""
4353.974 106.00112 1.034 -1.62 3.464 AX33Q065
4353.984 106.00113 1.791 -1.056 3.464 AX22Q265
4353.997 27.1 3.626 -3.09 "" ""
4354.045 106.00113 1.053 -3.234 3.464 AX33P075
4354.055 22.0 2.159 -0.54 "" ""
4354.065 64.1 1.614 -0.94 "" ""
4354.098 106.00113 1.053 -1.556 3.464 AX33Q075
4354.114 106.00113 1.053 -1.616 3.464 AX33Q065
4354.121 106.00113 0.487 -1.838 3.464 AX11P085
4354.133 44.0 1.002 -0.83 "" ""
4354.141 106.00112 1.035 -3.171 3.464 AX33P065
4354.146 106.00112 0.372 -3.008 3.464 BX01Q035
4354.159 106.00113 0.487 -3.315 3.464 AX11Q085
4354.166 106.00113 1.053 -3.175 3.464 AX33R065
4354.17 106.00112 0.372 -5.248 3.464 BX01R035
4354.177 41.0 1.368 -1.36 "" ""
4354.201 22.0 2.479 -2.09 "" ""
4354.221 106.00112 1.035 -1.62 3.464 AX33Q065
4354.266 106.00112 1.056 -1.616 3.464 AX33Q065
4354.278 26.0 3.879 -2.56 "" ""
4354.32 106.00112 1.056 -3.165 3.464 AX33R065
4354.332 21.0 2.294 -1.21 "" ""
4354.373 106.00113 1.053 -3.226 3.464 AX33P075
4354.379 26.0 4.555 -4.23 "" ""
4354.411 106.00113 0.488 -1.789 3.464 AX11P095
4354.412 57.1 0.916 -0.5 "" ""
4354.422 14.0 4.926 -4.36 "" ""
4354.431 106.00113 1.053 -1.557 3.464 AX33Q075
4354.461 76.0 1.259 -2.12 "" ""
4354.47 106.00112 0.489 -1.838 3.464 AX11P085
4354.483 90.0 1.632 -0.18 "" ""
4354.5 106.00112 0.489 -3.315 3.464 AX11Q085
4354.506 24.0 4.437 -3.14 "" ""
4354.528 12.0 4.343 -2.42 "" ""
4354.546 92.0 0.471 -0.53 "" ""
4354.565 106.00113 0.388 -2.904 3.464 BX01Q045
4354.567 106.00112 1.056 -3.234 3.464 AX33P075
4354.579 106.00113 1.077 -1.554 3.464 AX33Q075
4354.59 23.1 6.524 -2.77 "" ""
4354.593 106.00113 0.388 -5.308 3.464 BX01R045
4354.597 21.1045 0.605 -2.24 LAWHFS ""
4354.597 21.1045 0.605 -2.36 LAWHFS ""
4354.597 21.1045 0.605 -2.5 LAWHFS ""
4354.597 21.1045 0.605 -2.66 LAWHFS ""
4354.598 21.1045 0.605 -2.84 LAWHFS ""
4354.598 21.1045 0.605 -3.07 LAWHFS ""
4354.599 21.1045 0.605 -3.42 LAWHFS ""
4354.6 21.1045 0.605 -2.9 LAWHFS ""
4354.6 21.1045 0.605 -2.91 LAWHFS ""
4354.6 21.1045 0.605 -2.97 LAWHFS ""
4354.6 21.1045 0.605 -3.09 LAWHFS ""
4354.6 21.1045 0.605 -3.27 LAWHFS ""
4354.601 21.1045 0.605 -2.97 LAWHFS ""
4354.601 21.1045 0.605 -3.17 LAWHFS ""
4354.601 21.1045 0.605 -3.75 LAWHFS ""
4354.602 21.1045 0.605 -3.64 LAWHFS ""
4354.603 21.1045 0.605 -3.66 LAWHFS ""
4354.603 21.1045 0.605 -3.77 LAWHFS ""
4354.604 21.1045 0.605 -3.98 LAWHFS ""
4354.605 21.1045 0.605 -4.39 LAWHFS ""
4354.612 106.00113 1.077 -3.222 3.464 AX33R075
4354.615 106.00112 1.056 -1.556 3.464 AX33Q075
4354.618 20.0 4.677 -4.98 "" ""
4354.626 29.0 5.241 -1.77 "" ""
4354.637 15.0 6.98 -3.5 "" ""
4354.638 106.00112 1.056 -1.616 3.464 AX33Q065
4354.649 106.00113 0.341 -3.228 3.464 BX01P015
4354.67 23.0 2.721 -2.76 "" ""
4354.686 42.0 3.245 -1.47 "" ""
4354.693 106.00112 1.056 -3.174 3.464 AX33R065
4354.699 106.00112 0.373 -5.131 3.464 BX01P045
4354.713 23.0 2.576 -4.68 "" ""
4354.721 106.00112 0.373 -2.903 3.464 BX01Q045
4354.754 106.00112 0.489 -1.789 3.464 AX11P095
4354.755 106.00113 0.488 -1.837 3.464 AX11P085
4354.778 57.0 1.138 -0.23 "" ""
4354.788 106.00113 0.488 -3.331 3.464 AX11Q085
4354.805 44.0 1.316 -1.33 "" ""
4354.842 106.00113 1.077 -3.285 3.464 AX33P085
4354.86 25.1 6.107 -5.26 "" ""
4354.872 106.00113 1.077 -1.502 3.464 AX33Q085
4354.89 26.0 4.227 -2.18 "" ""
4354.899 106.00112 1.056 -3.226 3.464 AX33P075
4354.953 106.00112 1.056 -1.556 3.464 AX33Q075
4354.968 23.0 1.891 -0.53 LAWNOHFS ""
4354.984 106.00113 0.488 -1.789 3.464 AX11P095
4354.995 106.00113 0.388 -5.242 3.464 BX01P055
4355.021 106.00113 0.388 -2.815 3.464 BX01Q055
4355.042 106.00113 1.078 -1.554 3.464 AX33Q075
4355.044 24.1 6.681 -3.79 "" ""
4355.054 106.00113 0.892 -2.391 3.464 BX01R175
4355.069 24.0 2.985 -3.63 "" ""
4355.079 20.0 2.709 -0.43 LAWLER ""
4355.087 106.00113 1.078 -3.233 3.464 AX33R075
4355.087 63.1 3.243 0.63 "" ""
4355.102 73.0 2.81 0.18 "" ""
4355.105 106.00112 0.49 -1.837 3.464 AX11P085
4355.117 106.00112 1.08 -1.554 3.464 AX33Q075
4355.137 106.00112 0.49 -3.331 3.464 AX11Q085
4355.144 22.0 2.493 -2.96 "" ""
4355.146 26.0 4.151 -3.68 "" ""
4355.154 106.00112 1.08 -3.222 3.464 AX33R075
4355.156 106.00113 0.892 -7.181 3.464 BX01Q185
4355.159 74.0 1.507 -1.11 "" ""
4355.18 59.1 0.629 -0.85 LINOHFS ""
4355.23 66.1 1.17 -1.93 LAWLER ""
4355.232 106.00113 0.892 -2.346 3.464 BX01R185
4355.245 24.0 2.985 -3.6 "" ""
4355.267 106.00113 1.078 -3.276 3.464 AX33P085
4355.282 22.0 2.039 -1.57 "" ""
4355.305 106.00113 1.078 -1.503 3.464 AX33Q085
4355.321 90.1 0.994 -1.25 Nils02/8 ""
4355.341 106.00112 0.49 -1.789 3.464 AX11P095
4355.38 106.00112 1.081 -3.285 3.464 AX33P085
4355.381 106.00113 0.156 -1.795 3.464 AX00P085
4355.406 6.0 7.679 -3.33 "" ""
4355.407 106.00112 1.081 -1.502 3.464 AX33Q085
4355.415 106.00113 0.156 -3.296 3.464 AX00Q085
4355.513 24.0 4.614 -4.01 "" ""
4355.564 106.00113 1.105 -1.501 3.464 AX33Q085
4355.576 106.00113 1.105 -3.273 3.464 AX33R085
4355.595 106.00112 1.081 -1.554 3.464 AX33Q075
4355.629 106.00112 1.081 -3.233 3.464 AX33R075
4355.637 24.0 3.077 -4.23 "" ""
4355.646 106.00113 1.288 -3.745 3.464 AX44R045
4355.678 106.00113 0.156 -1.747 3.464 AX00P095
4355.693 106.00112 0.156 -1.795 3.464 AX00P085
4355.727 106.00112 0.156 -3.296 3.464 AX00Q085
4355.739 92.0 0.077 -0.43 "" ""
4355.752 106.00113 1.288 -3.73 3.464 AX44R045
4355.792 106.00113 1.105 -3.332 3.464 AX33P095
4355.804 106.00113 1.105 -1.456 3.464 AX33Q095
4355.808 106.00112 1.081 -3.276 3.464 AX33P085
4355.835 62.0 0.036 -1.81 "" ""
4355.843 106.00112 1.081 -1.502 3.464 AX33Q085
4355.875 22.0 2.479 -3.64 "" ""
4355.876 106.00113 1.865 -3.798 3.464 AX22R275
4355.892 24.0 3.887 -1.59 "" ""
4355.897 28.0 3.633 -1.39 "" ""
4355.907 106.00113 1.865 -1.054 3.464 AX22Q285
4355.923 58.1 0.976 -1.86 LAWLER ""
4355.943 23.0 0.017 -1.93 LAWNOHFS ""
4355.992 106.00112 0.157 -1.747 3.464 AX00P095
4356.012 60.1 1.328 -0.12 "" ""
4356.027 106.00113 1.865 -1.054 3.464 AX22Q275
4356.034 106.00113 0.156 -1.795 3.464 AX00P085
4356.058 106.00113 1.865 -3.817 3.464 AX22P285
4356.065 106.00112 1.798 -1.053 3.464 AX22Q275
4356.069 106.00113 0.156 -3.312 3.464 AX00Q085
4356.072 23.0 1.802 -1.92 "" ""
4356.115 106.00112 1.108 -1.501 3.464 AX33Q085
4356.134 106.00112 1.798 -3.799 3.464 AX22R265
4356.139 106.00112 1.108 -3.273 3.464 AX33R085
4356.144 106.00113 1.105 -1.501 3.464 AX33Q085
4356.161 106.00112 1.798 -3.764 3.464 AX22P275
4356.168 106.00113 1.105 -3.285 3.464 AX33R085
4356.171 25.0 4.682 -1.69 "" ""
4356.228 22.0 2.576 -0.86 "" ""
4356.231 106.00112 1.798 -1.056 3.464 AX22Q265
4356.257 106.00112 0.389 -2.903 3.464 BX01Q045
4356.26 28.0 4.415 -4.18 "" ""
4356.262 23.0 2.038 -6.41 "" ""
4356.273 106.00113 0.156 -1.747 3.464 AX00P095
