wavelength species excitation loggf disassociation_energy comment
4501.601 607.01214 1.906 -4.601 7.724 0507Qc0295
4501.606 106.00112 0.84 -2.546 3.464 BX01P165
4501.617 26.0 4.648 -3.24 "" ""
4501.634 106.00112 1.618 -1.827 3.464 AX55Q065
4501.635 106.00112 0.778 -2.714 3.464 BX12R075
4501.637 27.0 4.061 -3.25 "" ""
4501.64 106.00112 1.345 -11.135 3.464 CX04R075
4501.64 607.01214 1.906 -1.324 7.724 0507Pa0305
4501.644 24.0 3.553 -1.21 "" ""
4501.647 607.01214 1.77 -1.597 7.724 0507Pb0165
4501.668 28.0 3.696 -2.33 "" ""
4501.684 607.01214 1.476 -2.088 7.724 0406Ra0055
4501.684 607.01214 1.777 -1.547 7.724 0507Pa0185
4501.686 106.00112 0.84 -7.2 3.464 BX01Q165
4501.688 106.00112 1.618 -3.356 3.464 AX55R065
4501.704 106.00113 1.251 -4.506 3.464 AX22P185
4501.704 607.01214 1.893 -1.355 7.724 0507Pb0285
4501.705 607.01214 1.476 -2.161 7.724 0406Rb0045
4501.705 607.01214 1.777 -4.378 7.724 0507Qc0175
4501.713 607.01214 1.476 -3.971 7.724 0406Qd0055
4501.718 607.01214 2.615 -3.869 7.724 0911Qc0065
4501.734 607.01214 2.615 -1.849 7.724 0911Pa0075
4501.734 607.01214 2.615 -1.912 7.724 0911Pb0065
4501.742 607.01214 1.893 -4.586 7.724 0507Qc0285
4501.753 112.00124 0.515 -3.711 1.340 31Q222b24
4501.761 106.00112 1.424 -4.309 3.464 AX44P095
4501.768 607.01214 1.317 -1.701 7.724 0305Ra0195
4501.772 24.0 2.913 -1.04 "" ""
4501.779 607.01214 1.893 -1.339 7.724 0507Pa0295
4501.81 106.00112 0.84 -2.5 3.464 BX01P175
4501.81 60.1 0.204 -0.69 LAWLER ""
4501.82 59.1 0.422 -1.44 LINOHFS ""
4501.823 20.0 5.828 -3.69 "" ""
4501.823 607.01314 1.092 -1.772 7.724 0204Ra0235
4501.825 607.01314 1.092 -1.79 7.724 0204Rb0225
4501.83 607.01214 1.777 -1.571 7.724 0507Pb0175
4501.831 607.01214 1.317 -1.723 7.724 0305Rb0185
4501.836 607.01214 1.786 -1.523 7.724 0507Pa0195
4501.845 607.01214 1.786 -4.402 7.724 0507Qc0185
4501.854 22.0 2.486 -3.31 "" ""
4501.855 112.00124 0.515 -7.168 1.340 31P122b24
4501.856 607.01314 1.092 -4.829 7.724 0204Qd0235
4501.858 607.01214 1.317 -4.604 7.724 0305Qd0195
4501.862 607.01214 1.88 -4.571 7.724 0507Qc0275
4501.883 607.01214 1.88 -1.371 7.724 0507Pb0275
4501.898 607.01214 1.88 -1.355 7.724 0507Pa0285
4501.917 106.00112 1.618 -3.41 3.464 AX55P075
4501.931 106.00112 0.778 -6.51 3.464 BX12Q085
4501.952 24.1 6.479 -3.29 "" ""
4501.955 607.01214 1.795 -4.424 7.724 0507Qc0195
4501.96 607.01214 1.868 -4.555 7.724 0507Qc0265
4501.962 607.01314 0.966 -2.163 7.724 0002Ra0465
4501.964 23.0 1.375 -0.78 "" ""
4501.968 607.01214 1.795 -1.501 7.724 0507Pa0205
4501.971 106.00112 1.618 -1.772 3.464 AX55Q075
4501.972 106.00112 0.778 -2.655 3.464 BX12R085
4501.974 607.01314 2.793 -4.046 7.724 1012Qc0105
4501.979 607.01214 1.786 -1.547 7.724 0507Pb0185
4501.991 607.01314 2.793 -1.641 7.724 1012Pa0115
4501.992 607.01214 2.877 -1.511 7.724 1012Rb0155
4501.995 607.01214 1.868 -1.371 7.724 0507Pa0275
4501.998 106.00112 1.618 -1.826 3.464 AX55Q065
4502.027 607.01214 1.868 -1.387 7.724 0507Pb0265
4502.034 607.01314 2.793 -1.681 7.724 1012Pb0105
4502.036 607.01214 1.856 -4.539 7.724 0507Qc0255
4502.037 607.01214 1.804 -4.446 7.724 0507Qc0205
4502.045 607.01314 0.966 -2.173 7.724 0002Rb0455
4502.052 106.00112 1.618 -3.365 3.464 AX55R065
4502.054 112.00124 0.186 -8.054 1.340 31Q203b24
4502.055 112.00124 0.515 -7.167 1.340 31R222b24
4502.064 607.01214 1.804 -1.48 7.724 0507Pa0215
4502.068 607.01214 2.877 -1.486 7.724 1012Ra0165
4502.07 607.01214 1.856 -1.387 7.724 0507Pa0265
4502.072 112.00124 0.186 -6.828 1.340 31P103b24
4502.088 607.01214 1.845 -4.521 7.724 0507Qc0245
4502.09 607.01214 1.813 -4.466 7.724 0507Qc0215
4502.098 607.01214 1.795 -1.523 7.724 0507Pb0195
4502.11 607.01314 0.966 -5.786 7.724 0002Qd0465
4502.115 607.01214 1.834 -4.504 7.724 0507Qc0235
4502.116 607.01214 1.823 -4.485 7.724 0507Qc0225
4502.119 607.01214 1.813 -1.46 7.724 0507Pa0225
4502.12 20.0 5.877 -3.71 "" ""
4502.12 607.01214 1.845 -1.404 7.724 0507Pa0255
4502.136 607.01214 1.856 -1.404 7.724 0507Pb0255
4502.146 607.01214 1.823 -1.441 7.724 0507Pa0235
4502.146 607.01214 1.834 -1.422 7.724 0507Pa0245
4502.15 23.1 5.463 -3.53 "" ""
4502.155 106.00112 1.581 -7.145 3.464 CX15R045
4502.158 112.00124 0.515 -3.692 1.340 31Q122b24
4502.185 607.01214 1.804 -1.501 7.724 0507Pb0205
4502.201 24.0 2.985 -2.87 "" ""
4502.212 607.01214 1.845 -1.422 7.724 0507Pb0245
4502.213 25.0 2.918 -0.34 "" ""
4502.215 106.00112 1.555 -3.179 3.464 AX55P025
4502.23 607.01214 2.877 -4.253 7.724 1012Qd0165
4502.241 607.01214 1.813 -1.48 7.724 0507Pb0215
4502.242 106.00112 1.618 -3.402 3.464 AX55P075
4502.253 607.01314 1.22 -2.066 7.724 0305Ra0075
4502.254 607.01214 1.834 -1.441 7.724 0507Pb0235
4502.264 607.01214 1.823 -1.46 7.724 0507Pb0225
4502.279 106.00112 0.665 -5.03 3.464 BX12Q015
4502.279 607.01314 1.22 -2.12 7.724 0305Rb0065
4502.284 106.00113 0.992 -5.311 3.464 BX12R145
4502.288 607.01314 1.22 -4.192 7.724 0305Qd0075
4502.29 106.00112 0.665 -3.548 3.464 BX12R015
4502.294 106.00112 1.555 -3.177 3.464 AX55P025
4502.296 106.00112 1.618 -1.772 3.464 AX55Q075
4502.305 607.01214 2.618 -3.928 7.724 0911Qc0075
4502.318 607.01214 2.618 -1.849 7.724 0911Pb0075
4502.32 607.01214 2.618 -1.794 7.724 0911Pa0085
4502.354 607.01214 1.139 -1.795 7.724 0103Ra0415
4502.42 60.0 0.456 -0.28 "" ""
4502.438 607.01214 1.139 -1.806 7.724 0103Rb0405
4502.481 106.00112 1.581 -7.023 3.464 CX15R055
4502.489 106.00112 1.424 -4.338 3.464 AX44P095
4502.495 607.01314 1.008 -1.847 7.724 0103Ra0355
4502.496 607.01214 1.139 -5.324 7.724 0103Qd0415
4502.506 106.00112 1.555 -3.336 3.464 AX55Q025
4502.525 106.00112 1.581 -9.854 3.464 CX15Q055
4502.525 607.01314 2.797 -4.085 7.724 1012Qc0115
4502.543 607.01314 2.797 -1.604 7.724 1012Pa0125
4502.557 106.00113 0.841 -4.543 3.464 AX00P215
4502.563 607.01314 1.008 -1.859 7.724 0103Rb0345
4502.585 106.00112 1.555 -3.342 3.464 AX55Q025
4502.586 607.01314 2.797 -1.641 7.724 1012Pb0115
4502.591 26.0 3.571 -2.35 "" ""
4502.611 607.01314 1.008 -5.247 7.724 0103Qd0355
4502.616 607.01214 1.474 -2.161 7.724 0406Ra0045
4502.633 607.01214 1.474 -2.25 7.724 0406Rb0035
4502.64 607.01214 1.474 -3.891 7.724 0406Qd0045
4502.644 106.00113 1.972 -1.388 3.464 AX44Q225
4502.664 112.00124 0.544 -3.597 1.340 31Q223b24
4502.677 23.0 2.682 -6.39 "" ""
4502.692 106.00113 1.972 -3.967 3.464 AX44R215
4502.75 106.00113 1.972 -3.863 3.464 AX44P225
4502.77 112.00124 0.544 -4.718 1.340 31P123b24
4502.795 607.01214 2.87 -1.538 7.724 1012Rb0145
4502.797 106.00113 1.972 -1.368 3.464 AX44Q215
4502.877 23.0 2.503 -2.72 "" ""
4502.88 607.01214 2.622 -3.979 7.724 0911Qc0085
4502.888 607.01214 2.87 -1.511 7.724 1012Ra0155
4502.889 607.01214 2.622 -1.794 7.724 0911Pb0085
4502.893 607.01214 2.622 -1.745 7.724 0911Pa0095
4502.935 112.00124 0.544 -3.901 1.340 31R223b24
4502.99 112.00124 0.191 -4.914 1.340 31P204b24
4503.02 106.00112 1.256 -4.506 3.464 AX22P185
4503.034 41.0 0.656 -0.98 "" ""
4503.041 112.00124 0.544 -3.57 1.340 31Q123b24
4503.041 607.01214 2.87 -4.227 7.724 1012Qd0155
4503.065 24.1 5.658 -3.58 "" ""
4503.067 607.01314 2.803 -4.12 7.724 1012Qc0125
4503.069 23.1 6.253 -3.99 "" ""
4503.087 607.01314 2.803 -1.571 7.724 1012Pa0135
4503.088 112.00124 0.182 -7.386 1.340 31P202b24
4503.124 23.1 1.554 -4.57 "" ""
4503.129 607.01314 2.803 -1.605 7.724 1012Pb0125
4503.152 106.00113 1.145 -4.488 3.464 AX11P215
4503.155 106.00112 1.782 -1.513 3.464 AX33P235
4503.16 106.00112 1.556 -2.931 3.464 AX55P035
4503.163 112.00124 0.04 -5.193 1.340 20P207b24
4503.17 23.0 2.377 -4.47 "" ""
4503.201 106.00112 1.782 -3.802 3.464 AX33Q225
4503.201 25.1 5.986 -2.16 "" ""
4503.221 106.00112 1.556 -2.931 3.464 AX55P035
4503.227 607.01214 1.309 -1.723 7.724 0305Ra0185
4503.231 66.1 0.927 -1.49 "" ""
4503.237 607.01314 1.217 -2.12 7.724 0305Ra0065
4503.259 607.01314 1.217 -2.182 7.724 0305Rb0055
4503.267 607.01314 1.217 -4.133 7.724 0305Qd0065
4503.288 607.01214 1.309 -1.745 7.724 0305Rb0175
4503.313 607.01214 1.309 -4.582 7.724 0305Qd0185
4503.318 106.00112 1.782 -1.519 3.464 AX33P225
4503.354 106.00112 2.06 -7.966 3.464 CX15P195
4503.367 106.00112 2.06 -10.899 3.464 CX15Q185
4503.371 62.0 0.036 -0.65 "" ""
4503.397 607.01214 1.202 -1.693 7.724 0204Rb0295
4503.405 607.01314 1.082 -1.79 7.724 0204Ra0225
4503.406 607.01314 1.082 -1.808 7.724 0204Rb0215
4503.414 41.0 1.629 -1.23 "" ""
4503.436 607.01314 1.082 -4.811 7.724 0204Qd0225
4503.44 607.01214 1.202 -4.952 7.724 0204Qd0305
4503.442 607.01214 2.626 -4.025 7.724 0911Qc0095
4503.445 607.01214 2.626 -1.745 7.724 0911Pb0095
4503.452 607.01214 2.626 -1.701 7.724 0911Pa0105
4503.491 106.00112 2.06 -8.9 3.464 CX15P185
4503.513 607.01214 1.472 -2.25 7.724 0406Ra0035
4503.527 607.01214 1.472 -2.362 7.724 0406Rb0025
4503.531 27.1 3.116 -6.82 "" ""
4503.533 607.01214 1.472 -3.792 7.724 0406Qd0035
4503.556 24.1 5.658 -3.3 "" ""
4503.585 26.0 4.555 -3.73 "" ""
4503.598 607.01214 2.864 -1.566 7.724 1012Rb0135
4503.6 607.01314 2.808 -4.152 7.724 1012Qc0135
4503.602 112.00124 0.575 -3.499 1.340 31Q224b24
4503.621 607.01314 2.808 -1.539 7.724 1012Pa0145
4503.642 106.00112 1.872 -1.886 3.464 AX55R145
4503.659 607.01314 2.808 -1.571 7.724 1012Pb0135
4503.663 106.00112 1.694 -9.591 3.464 CX15R095
4503.695 607.01214 2.864 -1.538 7.724 1012Ra0145
4503.696 106.00112 0.846 -4.543 3.464 AX00P215
4503.701 106.00112 1.872 -1.9 3.464 AX55R155
4503.711 106.00112 1.611 -3.628 3.464 AX44Q145
4503.711 112.00124 0.575 -7.03 1.340 31P124b24
4503.72 22.1 4.965 -4.18 "" ""
4503.734 106.00112 1.694 -6.586 3.464 CX15Q095
4503.751 106.00112 1.611 -1.757 3.464 AX44P145
4503.756 106.00112 1.872 -3.815 3.464 AX55Q155
4503.757 22.0 2.133 -0.8 "" ""
4503.765 112.00124 0.04 -6.414 1.340 20Q207b24
4503.767 106.00112 2.102 -5.134 3.464 AX54P235
4503.773 112.00124 0.575 -7.03 1.340 31R224b24
4503.773 45.0 1.832 -1.57 "" ""
4503.791 64.0 0.124 -1.48 "" ""
4503.797 25.0 4.662 -0.74 "" ""
4503.805 112.00124 0.04 -5.096 1.340 20P107b24
4503.839 106.00112 1.611 -1.735 3.464 AX44P155
4503.848 607.01214 2.864 -4.198 7.724 1012Qd0145
4503.855 106.00112 1.694 -6.558 3.464 CX15Q105
4503.874 25.0 4.636 -0.45 "" ""
4503.882 112.00124 0.575 -3.482 1.340 31Q124b24
4503.91 26.0 3.571 -4.85 "" ""
4503.92 112.00124 0.014 -6.11 1.340 20P204b24
4503.926 106.00112 1.694 -10.155 3.464 CX15P105
4503.927 106.00113 0.804 -2.657 3.464 BX12R085
4503.932 24.0 5.267 -0.76 "" ""
4503.976 607.01214 2.631 -1.701 7.724 0911Pb0105
4503.992 607.01214 2.631 -4.067 7.724 0911Qc0105
4504.0 607.01214 2.631 -1.661 7.724 0911Pa0115
4504.012 27.1 5.118 -4.67 "" ""
4504.034 607.01214 1.084 -2.142 7.724 0002Ra0505
4504.051 24.0 5.278 -2.77 "" ""
4504.122 607.01214 1.084 -2.151 7.724 0002Rb0495
4504.126 607.01314 2.814 -4.182 7.724 1012Qc0145
4504.14 74.0 3.049 -0.49 "" ""
4504.147 607.01314 2.814 -1.51 7.724 1012Pa0155
4504.182 607.01314 1.214 -2.183 7.724 0305Ra0055
4504.182 607.01314 2.814 -1.54 7.724 1012Pb0145
4504.186 106.00113 0.804 -6.579 3.464 BX12Q095
4504.194 607.01214 1.084 -5.832 7.724 0002Qd0505
4504.197 106.00113 2.108 -6.931 3.464 AX23R285
4504.204 607.01314 1.214 -2.256 7.724 0305Rb0045
4504.21 26.0 3.957 -3.96 "" ""
4504.212 607.01314 1.214 -4.066 7.724 0305Qd0055
4504.219 112.00124 0.191 -7.556 1.340 31Q204b24
4504.233 106.00113 0.804 -2.606 3.464 BX12R095
4504.242 112.00124 0.191 -5.976 1.340 31P104b24
4504.341 106.00112 1.15 -4.488 3.464 AX11P215
4504.343 26.1 6.214 -3.27 "" ""
4504.345 25.1 5.988 -3.12 "" ""
4504.358 106.00113 2.109 -1.398 3.464 AX22P315
4504.376 607.01214 1.471 -2.362 7.724 0406Ra0025
4504.387 607.01214 1.471 -2.517 7.724 0406Rb0015
4504.393 607.01214 1.471 -3.661 7.724 0406Qd0025
4504.4 607.01214 2.858 -1.597 7.724 1012Rb0125
4504.467 23.0 2.113 -4.18 "" ""
4504.471 42.0 3.161 -2.0 "" ""
4504.476 20.0 5.878 -6.08 "" ""
4504.476 607.01214 2.636 -1.661 7.724 0911Pb0115
4504.49 607.01214 2.858 -1.566 7.724 1012Ra0135
4504.5 607.01314 0.946 -2.173 7.724 0002Ra0455
4504.529 607.01214 2.636 -4.105 7.724 0911Qc0115
4504.532 106.00113 2.109 -3.931 3.464 AX22Q305
4504.532 607.01214 2.636 -1.625 7.724 0911Pa0125
4504.552 24.1 3.101 -4.23 "" ""
4504.564 607.01314 0.993 -1.859 7.724 0103Ra0345
4504.582 607.01314 0.946 -2.183 7.724 0002Rb0445
4504.592 22.0 2.675 -4.31 "" ""
4504.631 607.01314 0.993 -1.872 7.724 0103Rb0335
4504.643 27.0 4.256 -3.37 "" ""
4504.643 607.01314 2.821 -4.21 7.724 1012Qc0155
4504.645 607.01314 0.946 -5.778 7.724 0002Qd0455
4504.651 607.01214 1.301 -1.746 7.724 0305Ra0175
4504.651 607.01214 2.858 -4.168 7.724 1012Qd0135
4504.663 607.01314 2.821 -1.483 7.724 1012Pa0165
4504.678 607.01314 0.993 -5.236 7.724 0103Qd0345
4504.686 106.00113 1.577 -2.542 3.464 AX55P045
4504.705 106.00113 2.109 -1.391 3.464 AX22P305
4504.71 607.01214 1.301 -1.769 7.724 0305Rb0165
4504.711 106.00112 1.085 -5.872 3.464 BX11P205
4504.716 106.00113 1.562 -7.295 3.464 CX15R035
4504.731 607.01314 2.821 -1.51 7.724 1012Pb0155
4504.734 607.01214 1.301 -4.559 7.724 0305Qd0175
4504.745 23.0 2.576 -4.06 "" ""
4504.748 22.0 3.212 -2.92 "" ""
4504.749 607.01214 1.121 -1.806 7.724 0103Ra0405
4504.777 24.0 3.854 -2.83 "" ""
4504.808 106.00113 1.66 -10.028 3.464 CX15P095
4504.831 26.0 3.263 -2.27 "" ""
4504.832 607.01214 1.121 -1.817 7.724 0103Rb0395
4504.84 74.0 1.507 -1.14 "" ""
4504.846 106.00113 1.66 -6.624 3.464 CX15Q085
4504.853 106.00113 1.577 -3.353 3.464 AX55Q045
4504.881 106.00113 1.577 -2.541 3.464 AX55P045
4504.884 106.00113 1.689 -1.688 3.464 AX55Q095
4504.889 607.01214 1.121 -5.315 7.724 0103Qd0405
4504.891 607.01214 2.642 -1.625 7.724 0911Pb0125
4504.901 42.0 3.221 -1.84 "" ""
4504.916 106.00113 1.689 -3.544 3.464 AX55R095
4504.951 607.01314 1.072 -1.809 7.724 0204Ra0215
4504.952 607.01314 1.072 -1.828 7.724 0204Rb0205
4504.981 607.01314 1.072 -4.792 7.724 0204Qd0215
4505.021 20.0 2.521 -3.51 LAWLER ""
4505.04 62.1 0.248 -1.42 LAWLER ""
4505.048 106.00113 1.577 -3.362 3.464 AX55Q045
4505.051 607.01214 2.642 -1.591 7.724 0911Pa0135
4505.053 106.00112 1.873 -1.9 3.464 AX55R155
4505.053 607.01214 2.642 -4.14 7.724 0911Qc0125
4505.061 106.00113 1.66 -6.588 3.464 CX15Q095
4505.062 106.00113 1.689 -3.568 3.464 AX55P105
4505.07 27.0 3.772 -2.98 "" ""
4505.071 106.00112 1.873 -1.886 3.464 AX55R145
4505.073 106.00113 1.562 -9.741 3.464 CX15Q045
4505.093 106.00113 1.689 -1.658 3.464 AX55Q105
4505.099 106.00113 1.66 -9.559 3.464 CX15R085
4505.1 607.01314 1.212 -2.256 7.724 0305Ra0045
4505.108 106.00112 1.873 -3.79 3.464 AX55Q155
4505.117 607.01314 1.212 -2.344 7.724 0305Rb0035
4505.119 106.00113 0.911 -4.493 3.464 AX00P225
4505.122 607.01314 1.212 -3.985 7.724 0305Qd0045
4505.153 607.01314 2.827 -4.237 7.724 1012Qc0165
4505.177 607.01314 2.827 -1.457 7.724 1012Pa0175
4505.201 607.01214 2.853 -1.63 7.724 1012Rb0115
4505.207 607.01214 1.47 -2.517 7.724 0406Ra0015
4505.209 106.00112 1.612 -3.654 3.464 AX44Q145
4505.211 607.01214 1.47 -2.771 7.724 0406Rb0005
4505.214 106.00113 1.562 -7.143 3.464 CX15R045
4505.217 90.0 1.09 -0.77 "" ""
4505.218 607.01214 1.47 -3.47 7.724 0406Qd0015
4505.222 24.1 5.658 -5.18 "" ""
4505.239 106.00113 1.577 -2.439 3.464 AX55P055
4505.244 607.01314 2.827 -1.483 7.724 1012Pb0165
4505.249 106.00112 1.612 -1.756 3.464 AX44P145
4505.249 607.01214 1.188 -1.693 7.724 0204Ra0295
4505.252 106.00112 1.612 -1.735 3.464 AX44P155
4505.274 607.01214 2.853 -1.597 7.724 1012Ra0125
4505.308 607.01214 1.188 -1.707 7.724 0204Rb0285
4505.316 106.00113 1.147 -6.148 3.464 BX11P225
4505.323 106.00113 0.661 -3.435 3.464 BX12Q005
4505.33 106.00113 0.661 -4.032 3.464 BX12R005
4505.33 24.0 3.102 -1.23 "" ""
4505.346 106.00113 1.147 -2.483 3.464 BX11Q215
4505.349 607.01214 1.188 -4.939 7.724 0204Qd0295
4505.4 106.00113 1.147 -1.989 3.464 BX11Q225
4505.405 106.00113 1.577 -2.439 3.464 AX55P055
4505.43 106.00113 1.147 -5.536 3.464 BX11R215
4505.448 607.01214 2.853 -4.136 7.724 1012Qd0125
4505.45 112.00124 0.198 -4.935 1.340 31P205b24
4505.488 22.0 3.109 0.25 "" ""
4505.493 24.0 3.884 -2.11 "" ""
4505.556 607.01214 2.647 -1.56 7.724 0911Pa0145
4505.565 607.01214 2.647 -4.173 7.724 0911Qc0135
4505.57 106.00113 1.69 -1.688 3.464 AX55Q095
4505.575 112.00124 0.051 -5.092 1.340 20P208b24
4505.601 106.00113 1.69 -3.557 3.464 AX55R095
4505.655 607.01314 2.835 -4.262 7.724 1012Qc0175
4505.681 607.01314 2.835 -1.433 7.724 1012Pa0185
4505.688 26.0 4.28 -4.4 "" ""
4505.691 106.00113 1.69 -3.556 3.464 AX55P105
4505.71 22.0 2.101 -1.64 "" ""
4505.71 26.1 4.734 -5.48 "" ""
4505.722 106.00113 1.69 -1.659 3.464 AX55Q105
4505.748 607.01314 2.835 -1.457 7.724 1012Pb0175
4505.75 60.1 0.0 -2.19 LAWLER ""
4505.771 106.00113 2.002 -8.902 3.464 CX15P185
4505.801 106.00113 2.002 -9.281 3.464 CX15P175
4505.828 24.0 4.436 -4.4 "" ""
4505.852 106.00112 1.656 -12.745 3.464 CX04R155
4505.866 21.0 1.427 -8.09 "" ""
4505.88 23.0 1.892 -4.32 "" ""
4505.915 607.01214 2.647 -1.591 7.724 0911Pb0135
4505.92 56.0 1.566 -0.02 "" ""
4505.931 106.00112 2.113 -3.882 3.464 AX22Q305
4505.931 14.0 4.95 -2.15 "" ""
4505.939 23.1 6.334 -4.03 "" ""
4505.941 106.00113 1.956 -1.936 3.464 AX55R165
4505.943 24.0 5.273 -3.4 "" ""
4505.944 39.0 1.373 0.12 "" ""
4505.945 42.0 2.644 -1.1 "" ""
4505.968 106.00112 1.656 -7.47 3.464 CX04Q165
4505.972 20.0 5.879 -3.94 "" ""
4505.975 106.00112 1.656 -7.422 3.464 CX04Q155
4505.977 607.01314 1.21 -2.344 7.724 0305Ra0035
4505.978 106.00113 1.956 -1.972 3.464 AX55R175
4505.996 106.00112 2.113 -1.396 3.464 AX22P315
4505.996 607.01314 1.21 -2.457 7.724 0305Rb0025
4505.998 607.01214 2.848 -1.666 7.724 1012Rb0105
4505.998 607.01314 1.21 -3.886 7.724 0305Qd0035
4506.003 607.01214 1.469 -2.772 7.724 0406Ra0005
4506.009 607.01214 1.469 -3.072 7.724 0406Qd0005
4506.019 106.00113 1.956 -3.947 3.464 AX55Q175
4506.029 106.00112 2.113 -1.39 3.464 AX22P305
4506.036 42.0 2.474 -1.37 "" ""
4506.04 607.01214 1.293 -1.77 7.724 0305Ra0165
4506.046 607.01214 2.848 -1.63 7.724 1012Ra0115
4506.05 607.01214 2.654 -1.53 7.724 0911Pa0155
4506.053 24.1 6.479 -3.15 "" ""
4506.065 607.01214 2.654 -4.203 7.724 0911Qc0145
4506.073 23.0 1.798 -1.45 "" ""
4506.077 24.0 3.885 -1.07 "" ""
4506.087 106.00113 1.834 -3.794 3.464 AX33Q235
4506.091 106.00112 1.656 -10.372 3.464 CX04P165
4506.097 607.01214 1.293 -1.795 7.724 0305Rb0155
4506.104 106.00112 1.64 -1.77 3.464 AX55Q075
4506.105 112.00124 0.051 -6.45 1.340 20Q208b24
4506.119 607.01214 1.293 -4.534 7.724 0305Qd0165
4506.124 106.00113 1.834 -1.513 3.464 AX33P235
4506.132 106.00113 1.834 -1.509 3.464 AX33P245
4506.14 106.00112 1.64 -3.422 3.464 AX55R075
4506.149 607.01314 2.842 -4.286 7.724 1012Qc0185
4506.15 112.00124 0.051 -5.012 1.340 20P108b24
4506.16 25.0 3.132 -5.96 "" ""
4506.177 607.01314 2.842 -1.41 7.724 1012Pa0195
4506.218 64.0 0.066 -0.36 "" ""
4506.227 607.01214 2.654 -1.56 7.724 0911Pb0145
4506.235 27.1 3.007 -4.74 "" ""
4506.238 607.01214 2.848 -4.101 7.724 1012Qd0115
4506.241 106.00112 0.917 -4.493 3.464 AX00P225
4506.245 607.01314 2.842 -1.433 7.724 1012Pb0185
4506.277 24.0 3.09 -2.33 "" ""
4506.301 28.0 3.539 -2.36 "" ""
4506.306 106.00113 1.147 -4.55 3.464 AX11P215
4506.333 106.00113 2.002 -10.837 3.464 CX15Q175
4506.336 106.00112 1.547 -8.829 3.464 CX15R025
4506.34 64.1 0.499 -1.03 LAWLER ""
4506.349 106.00112 1.641 -3.465 3.464 AX55P085
4506.386 106.00112 1.641 -1.725 3.464 AX55Q085
4506.413 58.0 0.0 -0.39 "" ""
4506.414 106.00112 0.806 -2.656 3.464 BX12R085
4506.448 112.00124 0.198 -7.392 1.340 31Q205b24
4506.463 607.01314 1.063 -1.828 7.724 0204Ra0205
4506.464 607.01314 1.063 -1.849 7.724 0204Rb0195
4506.473 90.0 0.929 -1.29 "" ""
4506.476 112.00124 0.198 -5.633 1.340 31P105b24
4506.477 25.1 5.544 -4.7 "" ""
4506.491 607.01314 1.063 -4.773 7.724 0204Qd0205
4506.525 607.01214 2.66 -1.503 7.724 0911Pa0165
4506.548 24.0 3.102 -3.77 "" ""
4506.552 607.01214 2.66 -4.231 7.724 0911Qc0155
4506.569 106.00112 1.641 -1.77 3.464 AX55Q075
4506.573 23.0 2.121 -1.58 "" ""
4506.579 22.0 2.425 -3.38 "" ""
4506.58 60.1 0.064 -1.04 LAWLER ""
4506.599 607.01314 0.978 -1.872 7.724 0103Ra0335
4506.605 106.00112 1.641 -3.432 3.464 AX55R075
4506.622 20.0 2.521 -2.36 LAWLER ""
4506.636 607.01314 2.85 -4.308 7.724 1012Qc0195
4506.659 607.01214 2.66 -1.53 7.724 0911Pb0155
4506.66 24.1 6.482 -3.96 "" ""
4506.664 607.01314 0.978 -1.885 7.724 0103Rb0325
4506.665 42.0 3.3 -0.66 "" ""
4506.667 607.01314 2.85 -1.388 7.724 1012Pa0205
4506.675 106.00112 0.806 -6.579 3.464 BX12Q095
4506.686 21.0 1.942 -4.55 "" ""
4506.71 607.01314 0.978 -5.224 7.724 0103Qd0335
4506.721 106.00112 0.806 -2.606 3.464 BX12R095
4506.734 607.01314 2.85 -1.41 7.724 1012Pb0195
4506.743 22.1 1.13 -3.32 "" ""
4506.755 25.0 4.191 -4.05 "" ""
4506.771 106.00112 1.641 -3.456 3.464 AX55P085
4506.786 607.01214 2.843 -1.705 7.724 1012Rb0095
4506.801 607.01214 2.843 -1.666 7.724 1012Ra0105
4506.807 106.00112 1.641 -1.725 3.464 AX55Q085
4506.823 607.01314 1.209 -2.457 7.724 0305Ra0025
4506.835 607.01314 1.209 -2.611 7.724 0305Rb0015
4506.838 24.0 4.183 -0.05 "" ""
4506.838 607.01314 1.209 -3.756 7.724 0305Qd0025
4506.851 607.01214 1.061 -2.151 7.724 0002Ra0495
4506.939 607.01214 1.061 -2.16 7.724 0002Rb0485
4506.941 64.1 0.425 -1.9 "" ""
4506.989 607.01214 2.668 -1.477 7.724 0911Pa0175
4507.004 607.01314 0.926 -2.183 7.724 0002Ra0445
4507.01 607.01214 1.061 -5.825 7.724 0002Qd0495
4507.019 607.01214 2.843 -4.063 7.724 1012Qd0105
4507.022 75.0 3.575 0.35 "" ""
4507.027 607.01214 2.668 -4.258 7.724 0911Qc0165
4507.038 26.0 4.635 -1.88 "" ""
4507.04 23.0 1.871 -2.04 "" ""
4507.083 24.1 4.039 -5.3 "" ""
4507.085 607.01314 0.926 -2.193 7.724 0002Rb0435
4507.106 607.01214 2.668 -1.503 7.724 0911Pb0165
4507.109 607.01214 1.103 -1.817 7.724 0103Ra0395
4507.111 26.0 4.368 -4.36 "" ""
4507.113 40.0 0.542 -0.43 "" ""
4507.117 607.01314 2.858 -4.33 7.724 1012Qc0205
4507.119 23.0 1.798 -2.76 "" ""
4507.126 607.01214 1.175 -1.707 7.724 0204Ra0285
4507.13 106.00113 0.638 -5.514 3.464 BX01P125
4507.146 607.01314 0.926 -5.77 7.724 0002Qd0445
4507.147 607.01314 2.858 -1.367 7.724 1012Pa0215
4507.184 607.01214 1.175 -1.722 7.724 0204Rb0275
4507.19 607.01214 1.103 -1.828 7.724 0103Rb0385
4507.196 23.0 1.929 -4.4 "" ""
4507.204 24.1 3.103 -4.08 "" ""
4507.215 26.0 3.109 -2.47 "" ""
4507.216 607.01314 2.858 -1.388 7.724 1012Pb0205
4507.224 607.01214 1.175 -4.925 7.724 0204Qd0285
4507.246 607.01214 1.103 -5.305 7.724 0103Qd0395
4507.274 23.0 2.576 -3.23 "" ""
4507.298 23.0 1.858 -2.82 "" ""
4507.312 25.1 5.986 -5.2 "" ""
4507.329 112.00124 0.186 -6.836 1.340 31P203b24
4507.39 62.1 0.543 -2.37 LAWLER ""
4507.394 607.01214 1.286 -1.795 7.724 0305Ra0155
4507.397 106.00112 1.576 -6.567 3.464 AX12R245
4507.407 20.0 2.521 -2.24 LAWLER ""
4507.408 29.0 5.57 -0.34 "" ""
4507.423 106.00113 1.419 -11.335 3.464 CX04Q105
4507.438 607.01214 2.675 -1.453 7.724 0911Pa0185
4507.448 607.01214 1.286 -1.822 7.724 0305Rb0145
4507.47 607.01214 1.286 -4.508 7.724 0305Qd0155
4507.488 607.01214 2.675 -4.283 7.724 0911Qc0175
4507.489 607.01214 1.47 -3.072 7.724 0406Qc0005
4507.49 607.01214 1.47 -2.77 7.724 0406Pa0015
4507.541 106.00112 1.152 -4.55 3.464 AX11P215
4507.549 607.01214 2.675 -1.477 7.724 0911Pb0175
4507.565 607.01214 2.839 -1.705 7.724 1012Ra0095
4507.565 607.01214 2.839 -1.749 7.724 1012Rb0085
4507.579 106.00113 1.419 -8.726 3.464 CX04R095
4507.59 607.01314 2.867 -4.35 7.724 1012Qc0215
4507.593 22.0 2.248 -3.1 "" ""
4507.622 607.01314 2.867 -1.347 7.724 1012Pa0225
4507.636 607.01314 1.208 -2.611 7.724 0305Ra0015
4507.636 607.01314 1.208 -2.866 7.724 0305Rb0005
4507.644 607.01314 1.208 -3.564 7.724 0305Qd0015
4507.652 106.00113 1.957 -1.973 3.464 AX55R175
4507.691 106.00113 1.957 -3.919 3.464 AX55Q175
4507.691 607.01314 2.867 -1.367 7.724 1012Pb0215
4507.703 106.00113 1.957 -1.936 3.464 AX55R165
4507.71 24.0 3.854 -3.91 "" ""
4507.735 106.00112 0.663 -3.434 3.464 BX12Q005
4507.74 106.00113 1.57 -6.567 3.464 AX12R245
4507.742 106.00112 0.663 -4.031 3.464 BX12R005
4507.754 106.00113 1.419 -8.675 3.464 CX04R105
4507.79 607.01214 2.839 -4.022 7.724 1012Qd0095
4507.845 20.0 2.523 -2.35 LAWLER ""
4507.861 20.0 6.022 -6.02 "" ""
4507.872 607.01214 2.683 -1.43 7.724 0911Pa0195
4507.883 112.00124 0.206 -6.088 1.340 31P206b24
4507.915 20.0 5.881 -4.13 "" ""
4507.927 24.0 3.886 -0.62 "" ""
4507.936 607.01214 2.683 -4.307 7.724 0911Qc0185
4507.939 607.01314 1.055 -1.849 7.724 0204Ra0195
4507.94 607.01314 1.055 -1.87 7.724 0204Rb0185
4507.962 24.0 4.532 -3.18 "" ""
4507.967 607.01314 1.055 -4.752 7.724 0204Qd0195
4507.981 607.01214 2.683 -1.453 7.724 0911Pb0185
4507.982 112.00124 0.064 -5.008 1.340 20P209b24
4508.003 75.0 3.575 -0.03 "" ""
4508.056 607.01314 2.876 -4.37 7.724 1012Qc0225
4508.059 106.00113 1.376 -4.414 3.464 AX33P155
4508.07 24.0 4.528 -2.85 "" ""
4508.079 58.1 0.621 -1.08 LAWLER ""
4508.089 607.01314 2.876 -1.328 7.724 1012Pa0235
4508.097 28.0 3.541 -2.97 "" ""
4508.158 607.01314 2.876 -1.347 7.724 1012Pb0225
4508.178 607.01214 1.471 -3.47 7.724 0406Qc0015
4508.182 607.01214 1.471 -2.514 7.724 0406Pa0025
4508.182 607.01214 1.471 -2.77 7.724 0406Pb0015
4508.198 42.0 2.916 -1.82 "" ""
4508.24 28.0 3.539 -3.0 "" ""
4508.267 22.0 2.173 -1.57 LAWLER ""
4508.281 26.1 2.855 -2.42 LAWLER ""
4508.289 607.01214 2.691 -1.408 7.724 0911Pa0205
4508.315 607.01214 2.835 -1.749 7.724 1012Ra0085
4508.339 607.01214 2.835 -1.797 7.724 1012Rb0075
4508.369 106.00112 1.152 -5.811 3.464 BX01P225
4508.37 607.01214 2.691 -4.329 7.724 0911Qc0195
4508.405 607.01214 2.691 -1.43 7.724 0911Pb0195
4508.408 41.0 1.608 -0.95 "" ""
4508.412 607.01314 1.208 -2.866 7.724 0305Ra0005
4508.413 106.00112 1.152 -1.982 3.464 BX01Q215
4508.415 607.01314 1.208 -3.166 7.724 0305Qd0005
4508.456 106.00112 1.152 -1.957 3.464 BX01Q225
4508.457 112.00124 0.021 -6.118 1.340 20P205b24
4508.457 112.00124 0.064 -6.482 1.340 20Q209b24
4508.499 106.00112 1.152 -5.65 3.464 BX01R215
4508.507 112.00124 0.064 -4.94 1.340 20P109b24
4508.516 607.01314 2.886 -4.389 7.724 1012Qc0235
4508.524 74.1 3.241 -0.84 "" ""
4508.532 20.0 6.049 -1.5 "" ""
4508.542 106.00112 1.567 -2.76 3.464 AX55P035
4508.55 607.01214 2.835 -3.976 7.724 1012Qd0085
4508.551 607.01314 2.886 -1.31 7.724 1012Pa0245
4508.599 607.01314 0.964 -1.885 7.724 0103Ra0325
4508.602 106.00113 1.309 -4.467 3.464 AX22P195
4508.613 106.00113 2.029 -7.64 3.464 CX04P235
4508.619 607.01314 2.886 -1.328 7.724 1012Pb0235
4508.641 106.00113 0.914 -4.558 3.464 AX00P225
4508.663 607.01314 0.964 -1.898 7.724 0103Rb0315
4508.67 27.0 3.809 -2.24 "" ""
4508.674 106.00112 1.567 -2.759 3.464 AX55P035
4508.679 106.00113 2.03 -7.419 3.464 CX04P225
4508.684 607.01214 2.7 -1.387 7.724 0911Pa0215
4508.685 26.0 4.28 -2.33 "" ""
4508.687 24.0 5.27 -2.47 "" ""
4508.707 607.01314 0.964 -5.212 7.724 0103Qd0325
4508.713 607.01214 1.279 -1.822 7.724 0305Ra0145
4508.721 58.1 0.435 -1.59 LAWLER ""
4508.724 112.00124 0.206 -7.104 1.340 31Q206b24
4508.737 106.00112 1.567 -3.314 3.464 AX55Q035
4508.757 112.00124 0.206 -5.963 1.340 31P106b24
4508.759 24.0 4.614 -2.62 "" ""
4508.765 607.01214 1.279 -1.851 7.724 0305Rb0135
4508.785 607.01214 1.279 -4.48 7.724 0305Qd0145
4508.789 607.01214 2.7 -4.351 7.724 0911Qc0205
4508.816 607.01214 2.7 -1.408 7.724 0911Pb0205
4508.832 607.01214 1.472 -3.662 7.724 0406Qc0025
4508.838 607.01214 1.472 -2.359 7.724 0406Pa0035
4508.838 607.01214 1.472 -2.515 7.724 0406Pb0025
4508.869 106.00112 1.567 -3.322 3.464 AX55Q035
4508.909 106.00113 0.663 -4.101 3.464 BX12P015
4508.916 106.00113 0.663 -2.989 3.464 BX12Q015
4508.945 27.0 4.055 -2.72 "" ""
4508.968 607.01214 1.163 -1.722 7.724 0204Ra0275
4508.969 607.01314 2.896 -4.407 7.724 1012Qc0245
4509.006 607.01314 2.896 -1.293 7.724 1012Pa0255
4509.012 27.0 2.698 -4.01 "" ""
4509.025 607.01214 1.163 -1.738 7.724 0204Rb0265
4509.056 607.01214 2.832 -1.797 7.724 1012Ra0075
4509.061 28.0 4.415 -2.6 "" ""
4509.063 607.01214 1.163 -4.91 7.724 0204Qd0275
4509.069 607.01214 2.709 -1.367 7.724 0911Pa0225
4509.073 607.01314 2.896 -1.31 7.724 1012Pb0245
4509.087 23.1 5.845 -2.61 "" ""
4509.09 64.1 1.25 -1.13 LAWLER ""
4509.105 20.0 6.05 -4.69 "" ""
4509.105 607.01214 2.832 -1.851 7.724 1012Rb0065
4509.117 58.1 0.879 -1.28 "" ""
4509.122 20.0 6.05 -5.62 "" ""
4509.124 26.0 2.607 -7.05 "" ""
4509.134 106.00113 0.669 -2.992 3.464 BX12Q015
4509.146 106.00113 0.669 -4.779 3.464 BX12R015
4509.17 58.1 1.347 -0.92 "" ""
4509.191 607.01214 2.709 -4.371 7.724 0911Qc0215
4509.217 25.1 5.376 -3.6 "" ""
4509.219 26.0 4.981 -1.83 "" ""
4509.221 607.01214 2.709 -1.387 7.724 0911Pb0215
4509.234 106.00112 1.567 -2.615 3.464 AX55P045
4509.255 58.1 0.957 -1.07 LAWLER ""
4509.267 26.0 3.045 -3.77 "" ""
4509.272 28.1 6.759 -2.19 "" ""
4509.281 23.0 1.941 -1.16 LAWNOHFS ""
4509.298 607.01214 2.832 -3.924 7.724 1012Qd0075
4509.302 26.0 3.692 -2.46 "" ""
4509.343 106.00112 1.567 -2.615 3.464 AX55P045
4509.347 24.1 5.326 -5.38 "" ""
4509.369 29.0 5.241 -0.74 "" ""
4509.382 607.01314 1.046 -1.871 7.724 0204Ra0185
4509.382 607.01314 1.046 -1.893 7.724 0204Rb0175
4509.398 42.0 3.185 -2.16 "" ""
4509.407 607.01314 1.046 -4.73 7.724 0204Qd0185
4509.417 607.01314 2.906 -4.424 7.724 1012Qc0255
4509.431 607.01214 2.719 -1.349 7.724 0911Pa0235
4509.432 106.00112 0.996 -5.309 3.464 BX12R145
4509.433 607.01214 1.085 -1.828 7.724 0103Ra0385
4509.447 20.0 2.523 -1.89 LAWLER ""
4509.452 607.01214 1.474 -3.792 7.724 0406Qc0035
4509.455 607.01314 2.906 -1.276 7.724 1012Pa0265
4509.457 607.01214 1.474 -2.246 7.724 0406Pa0045
4509.462 607.01214 1.474 -2.359 7.724 0406Pb0035
4509.473 607.01314 0.907 -2.193 7.724 0002Ra0435
4509.494 106.00113 2.03 -12.25 3.464 CX04Q225
4509.514 607.01214 1.085 -1.84 7.724 0103Rb0375
4509.52 607.01314 2.906 -1.293 7.724 1012Pb0255
4509.552 607.01314 0.907 -2.204 7.724 0002Rb0425
4509.568 607.01214 1.085 -5.295 7.724 0103Qd0385
4509.576 607.01214 2.719 -4.391 7.724 0911Qc0225
4509.603 607.01214 2.719 -1.368 7.724 0911Pb0225
4509.612 607.01314 0.907 -5.761 7.724 0002Qd0435
4509.622 23.0 2.579 -2.84 "" ""
4509.624 56.1 6.007 -1.65 "" ""
4509.634 607.01214 1.039 -2.161 7.724 0002Ra0485
4509.653 106.00113 2.112 -6.856 3.464 AX23R285
4509.665 106.00113 1.651 -3.661 3.464 AX44Q155
4509.689 27.0 4.061 -3.32 "" ""
4509.708 106.00113 1.651 -1.733 3.464 AX44P155
4509.72 607.01214 1.039 -2.17 7.724 0002Rb0475
4509.735 26.0 4.217 -1.69 "" ""
4509.771 607.01214 2.729 -1.33 7.724 0911Pa0245
4509.774 106.00113 1.651 -1.715 3.464 AX44P165
4509.79 607.01214 1.039 -5.818 7.724 0002Qd0485
4509.791 607.01214 2.829 -1.851 7.724 1012Ra0065
4509.801 23.1 6.037 -2.3 "" ""
4509.807 106.00112 0.919 -4.558 3.464 AX00P225
4509.815 106.00113 0.661 -3.435 3.464 BX12Q005
4509.85 106.00112 0.641 -5.514 3.464 BX01P125
4509.853 607.01314 1.208 -3.166 7.724 0305Qc0005
4509.854 607.01314 1.208 -2.865 7.724 0305Pa0015
4509.859 607.01314 2.917 -4.441 7.724 1012Qc0265
4509.862 607.01214 2.829 -1.914 7.724 1012Rb0055
4509.87 20.0 4.765 -2.75 "" ""
4509.896 106.00112 1.314 -4.467 3.464 AX22P195
4509.898 607.01314 2.917 -1.26 7.724 1012Pa0275
4509.93 26.0 2.725 -5.71 "" ""
4509.935 22.0 2.504 -3.11 "" ""
4509.935 22.0 2.66 -4.04 "" ""
4509.942 607.01214 2.729 -4.41 7.724 0911Qc0235
4509.962 106.00113 1.377 -4.461 3.464 AX33P155
4509.962 607.01314 2.917 -1.276 7.724 1012Pb0265
4509.966 607.01214 2.729 -1.349 7.724 0911Pb0235
4509.972 106.00112 1.381 -4.414 3.464 AX33P155
4509.997 607.01214 1.273 -1.851 7.724 0305Ra0135
4510.008 24.0 4.529 -2.43 "" ""
4510.033 607.01214 2.829 -3.866 7.724 1012Qd0065
4510.038 607.01214 1.476 -3.892 7.724 0406Qc0045
4510.039 106.00113 1.837 -1.51 3.464 AX33P245
4510.044 607.01214 1.476 -2.157 7.724 0406Pa0055
4510.046 607.01214 1.273 -1.881 7.724 0305Rb0125
4510.051 607.01214 1.476 -2.246 7.724 0406Pb0045
4510.056 59.1141 0.422 -0.66 LI/LAW ""
4510.065 607.01214 1.273 -4.451 7.724 0305Qd0135
4510.088 607.01214 2.739 -1.313 7.724 0911Pa0255
4510.092 44.0 1.002 -1.62 "" ""
4510.1 59.1141 0.422 -2.083 LI/LAW ""
4510.109 59.1141 0.422 -0.725 LI/LAW ""
4510.118 106.00113 1.837 -3.833 3.464 AX33Q235
4510.14 59.1141 0.422 -3.849 LI/LAW ""
4510.149 59.1141 0.422 -1.885 LI/LAW ""
4510.156 59.1141 0.422 -0.791 LI/LAW ""
4510.159 58.1 1.519 -0.46 "" ""
4510.168 58.1 0.969 -1.0 "" ""
4510.184 59.1141 0.422 -3.54 LI/LAW ""
4510.19 106.00113 1.452 -4.336 3.464 AX44P105
4510.191 59.1141 0.422 -1.838 LI/LAW ""
4510.198 59.1141 0.422 -0.859 LI/LAW ""
4510.222 26.0 2.756 -5.39 "" ""
4510.222 59.1141 0.422 -3.478 LI/LAW ""
4510.228 59.1141 0.422 -1.889 LI/LAW ""
4510.234 59.1141 0.422 -0.928 LI/LAW ""
4510.254 59.1141 0.422 -3.661 LI/LAW ""
4510.257 20.0 6.024 -5.22 "" ""
4510.26 59.1141 0.422 -2.087 LI/LAW ""
4510.264 59.1141 0.422 -0.996 LI/LAW ""
4510.273 106.00113 0.67 -4.467 3.464 BX12P025
4510.284 106.00113 0.67 -2.796 3.464 BX12Q025
4510.286 106.00113 0.835 -2.608 3.464 BX12R095
4510.287 607.01214 2.739 -4.428 7.724 0911Qc0245
4510.295 607.01314 2.928 -4.457 7.724 1012Qc0275
4510.308 607.01214 2.739 -1.33 7.724 0911Pb0245
4510.31 112.00124 0.216 -5.909 1.340 31P207b24
4510.314 27.0 4.061 -3.57 "" ""
4510.316 25.1 5.516 -5.95 "" ""
4510.317 92.1 0.0 -2.24 "" ""
4510.322 25.0 5.108 -2.55 "" ""
4510.336 607.01314 2.928 -1.244 7.724 1012Pa0285
4510.348 106.00113 1.837 -1.513 3.464 AX33P235
4510.38 607.01214 2.75 -1.296 7.724 0911Pa0265
4510.388 112.00124 0.078 -4.936 1.340 20P210b24
4510.39 106.00113 1.214 -4.501 3.464 AX11P225
4510.398 607.01314 2.928 -1.26 7.724 1012Pb0275
4510.405 23.0 2.614 -5.56 "" ""
4510.405 25.1 5.988 -3.93 "" ""
4510.41 20.0 5.792 -3.53 "" ""
4510.413 26.0 4.577 -4.23 "" ""
4510.499 106.00112 1.22 -6.417 3.464 AX01R235
4510.513 26.1 6.218 -2.92 "" ""
4510.516 28.0 3.536 -4.59 "" ""
4510.517 106.00113 0.835 -6.635 3.464 BX12Q105
4510.517 607.01214 2.827 -1.914 7.724 1012Ra0055
4510.519 607.01314 1.209 -3.564 7.724 0305Qc0015
4510.523 607.01314 1.209 -2.609 7.724 0305Pa0025
4510.523 607.01314 1.209 -2.865 7.724 0305Pb0015
4510.526 90.1 1.31 -0.71 "" ""
4510.554 112.00124 0.191 -3.499 1.340 31P204b24
4510.564 607.01314 0.95 -1.899 7.724 0103Ra0315
4510.569 106.00113 0.835 -2.565 3.464 BX12R105
4510.589 607.01214 1.479 -3.972 7.724 0406Qc0055
4510.594 607.01214 2.827 -1.987 7.724 1012Rb0045
4510.598 607.01214 1.479 -2.083 7.724 0406Pa0065
4510.61 607.01214 2.75 -4.445 7.724 0911Qc0255
4510.611 607.01214 1.479 -2.157 7.724 0406Pb0055
4510.626 607.01214 2.75 -1.313 7.724 0911Pb0255
4510.627 607.01314 0.95 -1.912 7.724 0103Rb0305
4510.643 607.01214 2.761 -1.28 7.724 0911Pa0275
4510.658 27.0 4.055 -2.68 "" ""
4510.67 607.01314 0.95 -5.199 7.724 0103Qd0315
4510.706 106.00113 0.986 -4.505 3.464 AX00P235
4510.726 607.01314 2.939 -4.472 7.724 1012Qc0285
4510.754 607.01214 2.827 -3.798 7.724 1012Qd0055
4510.763 58.1 0.587 -2.0 LAWLER ""
4510.768 607.01314 2.94 -1.229 7.724 1012Pa0295
4510.775 607.01214 1.151 -1.738 7.724 0204Ra0265
4510.782 106.00112 1.579 -6.499 3.464 AX12R245
4510.789 607.01314 1.039 -1.893 7.724 0204Ra0175
4510.789 607.01314 1.039 -1.917 7.724 0204Rb0165
4510.797 106.00112 2.116 -1.397 3.464 AX22P315
4510.812 607.01314 1.039 -4.707 7.724 0204Qd0175
4510.819 112.00124 0.078 -6.513 1.340 20Q210b24
4510.822 26.0 3.6 -2.89 "" ""
4510.829 607.01314 2.939 -1.244 7.724 1012Pb0285
4510.831 607.01214 1.151 -1.754 7.724 0204Rb0255
4510.84 26.1 6.204 -3.95 "" ""
4510.867 607.01214 1.151 -4.895 7.724 0204Qd0265
4510.874 112.00124 0.078 -4.876 1.340 20P110b24
4510.876 607.01214 2.773 -1.264 7.724 0911Pa0285
4510.888 106.00112 2.116 -3.93 3.464 AX22Q305
4510.896 106.00113 1.214 -6.417 3.464 AX01R235
4510.903 24.0 5.276 -3.52 "" ""
4510.906 607.01214 2.762 -4.462 7.724 0911Qc0265
4510.918 607.01214 2.762 -1.296 7.724 0911Pb0265
4510.919 58.1 1.106 -0.91 "" ""
4510.958 106.00113 1.572 -6.499 3.464 AX12R245
4510.971 73.0 0.696 -1.17 "" ""
4510.986 106.00112 2.116 -1.39 3.464 AX22P305
4510.987 106.00113 1.563 -4.453 3.464 AX55P035
4511.035 112.00124 0.216 -7.088 1.340 31Q207b24
4511.042 41.0 2.165 -0.19 "" ""
4511.046 106.00113 1.452 -4.368 3.464 AX44P105
4511.047 26.0 3.94 -2.05 "" ""
4511.049 106.00112 1.976 -3.938 3.464 AX44R215
4511.059 27.0 3.729 -2.94 "" ""
4511.074 112.00124 0.216 -5.811 1.340 31P107b24
4511.074 607.01214 2.785 -1.249 7.724 0911Pa0295
4511.105 607.01214 1.482 -4.04 7.724 0406Qc0065
4511.114 607.01214 1.482 -2.019 7.724 0406Pa0075
4511.118 106.00113 1.563 -4.465 3.464 AX55P035
4511.118 24.0 3.165 -2.37 "" ""
4511.127 106.00112 1.976 -1.385 3.464 AX44Q225
4511.133 607.01214 1.482 -2.083 7.724 0406Pb0065
4511.15 607.01314 1.21 -3.756 7.724 0305Qc0025
4511.152 607.01314 2.951 -4.487 7.724 1012Qc0295
4511.156 607.01314 1.21 -2.454 7.724 0305Pa0035
4511.156 607.01314 1.21 -2.609 7.724 0305Pb0025
4511.16 106.00112 1.976 -1.365 3.464 AX44Q215
4511.175 607.01214 2.773 -4.478 7.724 0911Qc0275
4511.179 106.00113 1.311 -4.524 3.464 AX22P195
4511.181 607.01214 2.773 -1.28 7.724 0911Pb0275
4511.193 44.0 1.691 -1.07 "" ""
4511.195 607.01314 2.951 -1.215 7.724 1012Pa0305
4511.204 106.00113 1.72 -1.658 3.464 AX55Q105
4511.224 106.00113 1.72 -3.601 3.464 AX55R105
4511.234 607.01214 2.797 -1.235 7.724 0911Pa0305
4511.239 106.00112 1.976 -3.885 3.464 AX44P225
4511.239 607.01214 2.825 -1.987 7.724 1012Ra0045
4511.245 607.01214 1.267 -1.881 7.724 0305Ra0125
4511.255 607.01314 2.951 -1.229 7.724 1012Pb0295
4511.286 106.00112 1.666 -1.724 3.464 AX55Q085
4511.292 607.01214 1.267 -1.915 7.724 0305Rb0115
4511.307 106.00112 1.666 -3.483 3.464 AX55R085
4511.307 49.0 0.274 -0.21 "" ""
4511.309 607.01214 1.267 -4.419 7.724 0305Qd0125
4511.317 62.0 0.498 -0.01 "" ""
4511.323 106.00112 1.567 -7.293 3.464 CX15R035
4511.325 106.00112 1.666 -9.558 3.464 CX15R085
4511.332 106.00112 0.665 -4.1 3.464 BX12P015
4511.332 106.00113 1.652 -3.689 3.464 AX44Q155
4511.338 106.00112 0.665 -2.989 3.464 BX12Q015
4511.349 607.01214 2.825 -2.076 7.724 1012Rb0035
4511.354 106.00113 1.652 -1.715 3.464 AX44P165
4511.361 106.00113 1.72 -3.615 3.464 AX55P115
4511.368 21.0045 1.851 -3.12 LAWHFS ""
4511.368 21.0045 1.851 -3.37 LAWHFS ""
4511.368 21.0045 1.851 -3.8 LAWHFS ""
4511.369 21.0045 1.851 -2.94 LAWHFS ""
4511.372 106.00113 1.652 -1.733 3.464 AX44P155
4511.373 21.0045 1.851 -2.94 LAWHFS ""
4511.374 21.0045 1.851 -2.78 LAWHFS ""
4511.375 21.0045 1.851 -2.77 LAWHFS ""
4511.377 21.0045 1.851 -2.93 LAWHFS ""
4511.378 21.0045 1.851 -3.25 LAWHFS ""
4511.381 106.00113 1.72 -1.635 3.464 AX55Q115
4511.381 21.0045 1.851 -2.81 LAWHFS ""
4511.385 21.0045 1.851 -2.52 LAWHFS ""
4511.389 21.0045 1.851 -2.31 LAWHFS ""
4511.39 106.00112 1.666 -6.623 3.464 CX15Q085
4511.39 22.0 3.291 -4.08 "" ""
4511.407 26.0 4.635 -2.4 "" ""
4511.412 607.01214 2.785 -1.264 7.724 0911Pb0285
4511.412 607.01214 2.785 -4.494 7.724 0911Qc0285
4511.429 23.0 2.129 -1.0 LAWNOHFS ""
4511.456 73.0 0.696 -1.73 "" ""
4511.463 607.01214 2.825 -3.717 7.724 1012Qd0045
4511.466 106.00112 1.846 -3.793 3.464 AX33Q235
4511.5 23.0 1.05 -3.62 "" ""
4511.502 106.00112 1.666 -3.516 3.464 AX55P095
4511.523 106.00112 1.666 -1.686 3.464 AX55Q095
4511.542 106.00112 1.666 -6.587 3.464 CX15Q095
4511.542 106.00112 1.846 -1.508 3.464 AX33P245
4511.56 106.00112 0.671 -2.992 3.464 BX12Q015
4511.571 106.00112 0.671 -4.779 3.464 BX12R015
4511.573 607.01314 2.964 -4.502 7.724 1012Qc0305
