wavelength species excitation loggf disassociation_energy comment
4298.58 60.1 0.559 -1.97 LAWLER ""
4298.623 106.00113 1.377 -1.483 3.464 AX33R165
4298.663 106.00113 1.426 -1.47 3.464 AX33R175
4298.666 22.0 0.818 -0.11 LAWLER ""
4298.695 25.0 4.27 -2.85 "" ""
4298.698 26.0 3.366 -2.75 "" ""
4298.701 106.00113 1.377 -1.501 3.464 AX33R155
4298.729 63.0 1.707 0.24 "" ""
4298.73 106.00113 1.377 -3.527 3.464 AX33Q165
4298.746 24.0 2.965 -2.65 "" ""
4298.747 106.00112 0.412 -3.417 3.464 AX00R145
4298.76 28.0 0.422 -4.65 "" ""
4298.766 106.00113 0.41 -3.417 3.464 AX00R145
4298.772 106.00113 1.426 -1.485 3.464 AX33R165
4298.785 106.00113 1.426 -3.556 3.464 AX33Q175
4298.789 106.00112 1.382 -1.483 3.464 AX33R165
4298.789 106.00113 0.952 -3.527 3.464 AX11R185
4298.797 106.00112 0.412 -1.116 3.464 AX00Q155
4298.801 106.00112 1.432 -1.47 3.464 AX33R175
4298.811 106.00113 0.41 -1.116 3.464 AX00Q155
4298.813 106.00112 0.412 -1.141 3.464 AX00Q145
4298.821 106.00112 1.538 -1.462 3.464 AX33R185
4298.822 106.00112 1.538 -1.453 3.464 AX33R195
4298.822 106.00113 0.41 -1.141 3.464 AX00Q145
4298.826 106.00112 1.382 -1.501 3.464 AX33R155
4298.828 90.1 1.547 -1.01 "" ""
4298.845 27.0 3.968 -2.57 "" ""
4298.849 106.00113 0.692 -1.909 3.464 AX22R035
4298.853 106.00113 1.285 -1.54 3.464 AX33R135
4298.855 106.00112 1.382 -3.527 3.464 AX33Q165
4298.859 106.00112 0.412 -3.423 3.464 AX00P155
4298.86 106.00112 1.432 -1.485 3.464 AX33R165
4298.861 106.00112 0.956 -3.527 3.464 AX11R185
4298.874 106.00113 0.41 -3.423 3.464 AX00P155
4298.876 106.00112 1.432 -3.556 3.464 AX33Q175
4298.877 106.00113 0.952 -1.092 3.464 AX11Q185
4298.88 106.00113 0.952 -1.074 3.464 AX11Q195
4298.884 42.0 2.258 -1.95 "" ""
4298.908 66.0 1.238 -0.18 "" ""
4298.913 106.00112 1.538 -3.643 3.464 AX33Q195
4298.926 106.00112 0.694 -1.909 3.464 AX22R035
4298.954 106.00113 1.285 -1.516 3.464 AX33R145
4298.962 106.00112 0.956 -1.074 3.464 AX11Q195
4298.962 106.00112 0.956 -1.092 3.464 AX11Q185
4298.968 106.00113 0.952 -3.575 3.464 AX11P195
4298.973 106.00113 1.593 -3.719 3.464 AX11R275
4298.981 106.00113 1.285 -3.491 3.464 AX33Q145
4298.988 20.0 1.886 -0.43 LAWLER ""
4298.989 106.00113 0.692 -1.909 3.464 AX22R035
4299.006 106.00113 1.593 -0.967 3.464 AX11Q285
4299.051 106.00112 0.956 -3.575 3.464 AX11P195
4299.068 106.00112 0.694 -1.909 3.464 AX22R035
4299.072 23.0 2.576 -0.47 "" ""
4299.087 58.1 0.495 -1.11 LAWLER ""
4299.098 106.00112 0.361 -3.369 3.464 AX00R135
4299.108 106.00113 1.697 -11.972 3.464 CX04R175
4299.109 23.1 3.8 -4.44 "" ""
4299.11 106.00113 1.593 -0.974 3.464 AX11Q275
4299.118 26.0 4.188 -2.56 "" ""
4299.118 607.01214 3.356 -5.007 7.724 1314Qc0225
4299.124 106.00113 0.359 -3.369 3.464 AX00R135
4299.133 62.0 0.036 -1.19 "" ""
4299.142 106.00113 1.593 -3.763 3.464 AX11P285
4299.144 106.00112 1.289 -1.54 3.464 AX33R135
4299.146 607.01314 3.439 -2.409 7.724 1415Rb0155
4299.149 106.00112 0.361 -1.17 3.464 AX00Q135
4299.149 106.00113 1.33 -1.498 3.464 AX33R155
4299.15 607.01314 3.446 -2.393 7.724 1415Rb0165
4299.17 607.01214 3.356 -1.947 7.724 1314Pa0235
4299.173 106.00113 0.359 -1.17 3.464 AX00Q135
4299.176 22.0 0.825 -3.94 "" ""
4299.196 607.01314 3.439 -5.133 7.724 1415Qd0165
4299.197 106.00113 1.33 -1.519 3.464 AX33R145
4299.203 607.01214 3.356 -1.959 7.724 1314Pb0225
4299.203 607.01314 3.446 -5.165 7.724 1415Qd0175
4299.206 22.0 1.748 -0.12 LAWLER ""
4299.219 607.01314 3.433 -2.428 7.724 1415Rb0145
4299.231 106.00112 1.289 -1.516 3.464 AX33R145
4299.234 26.0 2.424 -0.43 "" ""
4299.24 26.0 3.265 -2.54 "" ""
4299.241 106.00113 1.33 -3.498 3.464 AX33Q155
4299.246 607.01314 3.453 -2.378 7.724 1415Rb0175
4299.251 106.00112 0.361 -1.142 3.464 AX00Q145
4299.266 607.01314 3.433 -5.1 7.724 1415Qd0155
4299.274 106.00113 0.359 -1.142 3.464 AX00Q145
4299.279 106.00112 1.289 -3.491 3.464 AX33Q145
4299.291 64.0 0.79 0.23 "" ""
4299.302 106.00112 0.361 -3.41 3.464 AX00P145
4299.302 607.01314 3.453 -5.196 7.724 1415Qd0185
4299.31 106.00112 1.601 -3.719 3.464 AX11R275
4299.324 106.00113 0.359 -3.41 3.464 AX00P145
4299.332 106.00113 1.478 -1.46 3.464 AX33R185
4299.349 106.00112 1.335 -1.498 3.464 AX33R155
4299.35 62.1 0.543 -1.51 LAWLER ""
4299.354 607.01314 3.439 -2.393 7.724 1415Ra0165
4299.357 58.1 0.175 -0.56 LAWLER ""
4299.357 607.01314 3.427 -2.449 7.724 1415Rb0135
4299.363 106.00112 1.335 -1.519 3.464 AX33R145
4299.372 106.00112 1.601 -0.967 3.464 AX11Q285
4299.382 607.01314 3.446 -2.378 7.724 1415Ra0175
4299.39 106.00113 0.692 -2.915 3.464 AX22Q045
4299.392 23.0 2.364 -6.06 "" ""
4299.4 607.01314 3.427 -5.065 7.724 1415Qd0145
4299.405 607.01314 3.433 -2.409 7.724 1415Ra0155
4299.406 106.00112 1.335 -3.498 3.464 AX33Q155
4299.442 106.00113 0.339 -2.331 3.464 AX11R005
4299.451 607.01314 3.46 -2.365 7.724 1415Rb0185
4299.454 106.00112 1.601 -0.974 3.464 AX11Q275
4299.458 106.00112 1.484 -1.46 3.464 AX33R185
4299.466 106.00113 0.339 -2.331 3.464 AX11R005
4299.467 26.0 3.249 -3.09 "" ""
4299.471 106.00112 0.694 -2.915 3.464 AX22Q045
4299.471 106.00113 1.478 -1.472 3.464 AX33R175
4299.471 106.00113 1.478 -3.584 3.464 AX33Q185
4299.482 106.00112 0.34 -2.331 3.464 AX11R005
4299.493 106.00113 0.692 -1.811 3.464 AX22R045
4299.502 106.00112 0.34 -2.331 3.464 AX11R005
4299.502 106.00113 0.692 -2.908 3.464 AX22Q045
4299.503 607.01314 3.453 -2.365 7.724 1415Ra0185
4299.506 106.00113 1.216 -1.014 3.464 AX11Q235
4299.509 607.01314 3.46 -5.227 7.724 1415Qd0195
4299.513 24.0 4.204 -1.83 "" ""
4299.516 106.00112 1.601 -3.763 3.464 AX11P285
4299.522 607.01314 3.427 -2.428 7.724 1415Ra0145
4299.537 106.00112 1.484 -1.472 3.464 AX33R175
4299.54 106.00113 1.216 -3.642 3.464 AX11R225
4299.541 106.00112 1.484 -3.584 3.464 AX33Q185
4299.549 607.01314 3.422 -2.473 7.724 1415Rb0125
4299.561 24.0 4.444 -4.18 "" ""
4299.578 106.00112 0.694 -1.811 3.464 AX22R045
4299.58 106.00113 1.288 -1.002 3.464 AX11Q245
4299.584 106.00112 0.694 -2.908 3.464 AX22Q045
4299.586 106.00113 1.015 -5.81 3.464 BX11R205
4299.588 41.0 0.656 -0.74 "" ""
4299.59 607.01314 3.422 -5.029 7.724 1415Qd0135
4299.603 22.1 5.229 -2.3 "" ""
4299.605 106.00113 0.692 -1.812 3.464 AX22R045
4299.619 106.00113 1.216 -3.64 3.464 AX11P235
4299.62 106.00113 1.288 -3.664 3.464 AX11R235
4299.629 22.0 0.825 -0.91 LAWLER ""
4299.629 26.0 3.015 -2.59 "" ""
4299.645 6.0 7.94 -3.88 "" ""
4299.652 106.00113 1.147 -1.027 3.464 AX11Q225
4299.654 106.00113 1.216 -1.027 3.464 AX11Q225
4299.66 106.00112 1.222 -1.014 3.464 AX11Q235
4299.664 106.00113 0.892 -3.503 3.464 AX11R175
4299.68 106.00113 1.147 -3.62 3.464 AX11R215
4299.689 106.00112 0.694 -1.812 3.464 AX22R045
4299.69 60.1 0.182 -1.34 LAWLER ""
4299.696 607.01314 3.422 -2.449 7.724 1415Ra0135
4299.699 106.00113 1.288 -3.659 3.464 AX11P245
4299.702 24.0 2.897 -1.04 SOBECK ""
4299.704 106.00112 1.222 -3.642 3.464 AX11R225
4299.731 106.00112 0.896 -3.503 3.464 AX11R175
4299.736 607.01314 3.46 -2.354 7.724 1415Ra0195
4299.739 106.00113 1.288 -1.014 3.464 AX11Q235
4299.742 106.00113 0.892 -1.112 3.464 AX11Q175
4299.757 106.00112 1.294 -1.002 3.464 AX11Q245
4299.76 106.00113 1.147 -3.62 3.464 AX11P225
4299.764 106.00113 0.892 -1.092 3.464 AX11Q185
4299.777 106.00112 1.222 -3.64 3.464 AX11P235
4299.784 607.01314 3.468 -2.354 7.724 1415Rb0195
4299.788 106.00113 1.147 -1.041 3.464 AX11Q215
4299.788 607.01314 3.417 -2.499 7.724 1415Rb0115
4299.789 106.00112 1.152 -1.027 3.464 AX11Q225
4299.809 106.00112 1.294 -3.664 3.464 AX11R235
4299.822 106.00112 1.222 -1.027 3.464 AX11Q225
4299.825 106.00112 1.152 -3.62 3.464 AX11R215
4299.825 607.01314 3.417 -4.991 7.724 1415Qd0125
4299.826 106.00112 0.896 -1.112 3.464 AX11Q175
4299.839 90.0 1.387 -0.22 "" ""
4299.84 106.00113 0.663 -3.188 3.464 AX22R015
4299.84 106.00113 0.663 -3.194 3.464 AX22R015
4299.844 106.00112 0.896 -1.092 3.464 AX11Q185
4299.844 106.00113 0.892 -3.551 3.464 AX11P185
4299.846 607.01314 3.468 -5.257 7.724 1415Qd0205
4299.88 106.00112 1.294 -3.659 3.464 AX11P245
4299.892 24.0 3.102 -1.84 "" ""
4299.9 106.00112 1.152 -3.62 3.464 AX11P225
4299.916 75.0 2.968 -0.65 "" ""
4299.918 106.00112 0.665 -3.194 3.464 AX22R015
4299.918 106.00113 1.362 -0.992 3.464 AX11Q255
4299.918 607.01314 3.417 -2.473 7.724 1415Ra0125
4299.921 106.00112 0.665 -3.188 3.464 AX22R015
4299.921 106.00112 0.896 -3.551 3.464 AX11P185
4299.931 106.00112 1.294 -1.014 3.464 AX11Q235
4299.936 106.00112 1.152 -1.041 3.464 AX11Q215
4299.963 106.00113 1.362 -3.686 3.464 AX11R245
4299.981 106.00113 1.08 -1.041 3.464 AX11Q215
4300.001 106.00113 1.08 -3.597 3.464 AX11R205
4300.002 106.00113 1.946 -5.792 3.464 AX32P285
4300.042 106.00113 1.362 -3.679 3.464 AX11P255
4300.042 22.1 1.179 -0.46 LAWLER ""
4300.066 607.01314 3.412 -2.529 7.724 1415Rb0105
4300.083 106.00113 1.08 -3.599 3.464 AX11P215
4300.087 106.00113 1.362 -1.002 3.464 AX11Q245
4300.101 607.01314 3.412 -4.952 7.724 1415Qd0115
4300.103 106.00113 1.08 -1.057 3.464 AX11Q205
4300.104 106.00112 1.085 -1.041 3.464 AX11Q215
4300.116 607.01214 3.366 -5.034 7.724 1314Qc0235
4300.121 26.0 3.036 -6.25 "" ""
4300.123 106.00112 1.368 -0.992 3.464 AX11Q255
4300.125 24.0 4.102 -3.67 "" ""
4300.131 106.00112 1.085 -3.597 3.464 AX11R205
4300.169 607.01214 3.366 -1.936 7.724 1314Pa0245
4300.172 20.0 5.916 -3.93 "" ""
4300.18 607.01314 3.412 -2.499 7.724 1415Ra0115
4300.182 106.00112 1.368 -3.686 3.464 AX11R245
4300.186 106.00113 1.286 -1.516 3.464 AX33R145
4300.189 25.0 4.636 -0.62 "" ""
4300.2 607.01214 3.366 -1.947 7.724 1314Pb0235
4300.203 106.00113 1.286 -1.54 3.464 AX33R135
4300.204 26.0 3.879 -1.81 "" ""
4300.209 106.00112 1.085 -3.599 3.464 AX11P215
4300.236 106.00112 1.085 -1.057 3.464 AX11Q205
4300.237 27.0 3.927 -1.96 "" ""
4300.249 25.1 5.376 -2.88 "" ""
4300.252 106.00112 1.368 -3.678 3.464 AX11P255
4300.264 106.00113 1.286 -3.467 3.464 AX33Q145
4300.265 24.0 4.201 -1.46 "" ""
4300.283 106.00113 0.002 -2.291 3.464 AX00R005
4300.301 106.00112 0.002 -2.291 3.464 AX00R005
4300.31 106.00112 1.368 -1.002 3.464 AX11Q245
4300.321 106.00113 0.002 -2.291 3.464 AX00R005
4300.324 106.00112 0.002 -2.291 3.464 AX00R005
4300.328 58.1 0.445 -0.21 LAWLER ""
4300.332 25.1 5.811 -4.76 "" ""
4300.333 106.00113 1.588 -1.455 3.464 AX33R195
4300.364 106.00113 1.588 -1.449 3.464 AX33R205
4300.379 607.01314 3.408 -2.562 7.724 1415Rb0095
4300.402 106.00113 1.588 -3.673 3.464 AX33Q205
4300.403 24.0 4.614 -2.55 "" ""
4300.407 106.00112 1.29 -1.54 3.464 AX33R135
4300.41 607.01314 3.408 -4.909 7.724 1415Qd0105
4300.413 57.1139 0.0 -2.802 Lawle01HFS ""
4300.414 57.1139 0.0 -2.978 Lawle01HFS ""
4300.418 106.00112 1.29 -1.516 3.464 AX33R145
4300.419 57.1139 0.0 -2.629 Lawle01HFS ""
4300.419 57.1139 0.0 -4.729 Lawle01HFS ""
4300.42 57.1139 0.0 -2.802 Lawle01HFS ""
4300.426 57.1139 0.0 -2.618 Lawle01HFS ""
4300.427 22.0 3.173 -1.67 "" ""
4300.427 57.1139 0.0 -3.3 Lawle01HFS ""
4300.428 57.1139 0.0 -2.629 Lawle01HFS ""
4300.436 57.1139 0.0 -2.776 Lawle01HFS ""
4300.437 57.1139 0.0 -2.604 Lawle01HFS ""
4300.438 57.1139 0.0 -2.618 Lawle01HFS ""
4300.446 20.0 6.041 -1.13 "" ""
4300.446 23.1 5.533 -2.93 "" ""
4300.45 57.1139 0.0 -2.206 Lawle01HFS ""
4300.451 57.1139 0.0 -2.776 Lawle01HFS ""
4300.459 106.00113 1.015 -1.057 3.464 AX11Q205
4300.465 23.1 6.096 -4.69 "" ""
4300.466 106.00112 1.29 -3.467 3.464 AX33Q145
4300.471 106.00113 1.015 -3.574 3.464 AX11R195
4300.479 607.01314 3.408 -2.529 7.724 1415Ra0105
4300.485 22.0 2.159 -0.63 LAWLER ""
4300.496 106.00113 1.243 -1.563 3.464 AX33R125
4300.502 24.0 3.432 -0.43 "" ""
4300.519 106.00112 0.362 -3.386 3.464 AX00R135
4300.519 20.0 6.024 -4.91 "" ""
4300.52 26.0 2.607 -3.89 "" ""
4300.526 26.0 3.234 -7.14 "" ""
4300.528 106.00113 0.36 -3.386 3.464 AX00R135
4300.554 22.0 0.825 0.1 LAWLER ""
4300.555 106.00113 1.015 -3.578 3.464 AX11P205
4300.566 106.00113 1.015 -1.074 3.464 AX11Q195
4300.568 106.00112 0.362 -1.17 3.464 AX00Q135
4300.569 106.00113 1.438 -0.982 3.464 AX11Q265
4300.572 106.00112 1.02 -1.057 3.464 AX11Q205
4300.58 106.00113 0.36 -1.17 3.464 AX00Q135
4300.583 20.0 6.041 -4.09 "" ""
4300.585 106.00112 0.362 -1.142 3.464 AX00Q145
4300.588 106.00112 1.02 -3.574 3.464 AX11R195
4300.597 106.00113 0.36 -1.142 3.464 AX00Q145
4300.603 106.00113 0.836 -3.478 3.464 AX11R165
4300.616 106.00113 1.243 -1.536 3.464 AX33R135
4300.618 106.00113 1.438 -3.707 3.464 AX11R255
4300.638 106.00113 1.243 -3.457 3.464 AX33Q135
4300.639 106.00112 0.362 -3.395 3.464 AX00P145
4300.643 20.0 6.041 -3.48 "" ""
4300.645 106.00113 0.36 -3.395 3.464 AX00P145
4300.652 22.1 5.212 -2.96 "" ""
4300.667 106.00112 0.84 -3.478 3.464 AX11R165
4300.669 106.00112 1.02 -3.578 3.464 AX11P205
4300.675 106.00113 0.836 -1.134 3.464 AX11Q165
4300.686 106.00112 1.02 -1.074 3.464 AX11Q195
4300.698 106.00113 1.438 -3.697 3.464 AX11P265
4300.699 106.00113 1.533 -1.453 3.464 AX33R195
4300.712 106.00113 0.836 -1.112 3.464 AX11Q175
4300.718 106.00113 1.675 -3.74 3.464 AX11R285
4300.721 607.01314 3.404 -2.6 7.724 1415Rb0085
4300.745 106.00113 1.675 -0.962 3.464 AX11Q295
4300.747 106.00112 0.84 -1.134 3.464 AX11Q165
4300.747 106.00113 1.438 -0.992 3.464 AX11Q255
4300.75 607.01314 3.404 -4.863 7.724 1415Qd0095
4300.78 23.0 3.313 -4.06 "" ""
4300.782 106.00112 0.84 -1.112 3.464 AX11Q175
4300.785 106.00113 0.836 -3.526 3.464 AX11P175
4300.794 106.00112 1.247 -1.563 3.464 AX33R125
4300.808 607.01314 3.404 -2.563 7.724 1415Ra0095
4300.811 106.00112 1.445 -0.982 3.464 AX11Q265
4300.824 26.0 3.981 -1.19 "" ""
4300.846 106.00112 1.539 -1.453 3.464 AX33R195
4300.854 106.00113 1.533 -3.612 3.464 AX33Q195
4300.857 106.00112 0.84 -3.526 3.464 AX11P175
4300.857 21.0 2.138 -3.63 "" ""
4300.858 106.00113 1.675 -0.968 3.464 AX11Q285
4300.86 106.00112 1.595 -1.449 3.464 AX33R205
4300.863 58.1 0.811 -1.07 LAWLER ""
4300.865 27.0 3.407 -2.13 "" ""
4300.867 106.00113 1.533 -1.462 3.464 AX33R185
4300.873 106.00112 1.595 -1.455 3.464 AX33R195
4300.875 106.00112 1.445 -3.707 3.464 AX11R255
4300.876 106.00113 1.748 -5.198 3.464 AX54P175
4300.886 106.00113 1.675 -3.782 3.464 AX11P295
4300.904 106.00112 1.248 -1.536 3.464 AX33R135
4300.937 106.00112 1.539 -3.612 3.464 AX33Q195
4300.943 106.00112 1.248 -3.457 3.464 AX33Q135
4300.944 106.00112 1.445 -3.697 3.464 AX11P265
4300.944 106.00112 1.539 -1.462 3.464 AX33R185
4300.959 106.00112 0.314 -3.338 3.464 AX00R125
4300.959 106.00112 1.595 -3.673 3.464 AX33Q205
4300.973 106.00113 0.312 -3.338 3.464 AX00R125
4300.981 41.0 0.739 -0.66 "" ""
4300.999 106.00112 0.314 -1.201 3.464 AX00Q125
4301.008 106.00112 1.445 -0.992 3.464 AX11Q255
4301.012 106.00113 0.312 -1.201 3.464 AX00Q125
4301.026 27.0 3.62 -1.18 "" ""
4301.029 20.0 5.917 -3.75 "" ""
4301.057 106.00113 0.953 -1.074 3.464 AX11Q195
4301.059 106.00113 0.953 -3.55 3.464 AX11R185
4301.061 25.0 4.329 -0.58 "" ""
4301.079 22.0 0.835 0.21 LAWLER ""
4301.091 607.01314 3.401 -2.644 7.724 1415Rb0075
4301.117 607.01314 3.401 -4.814 7.724 1415Qd0085
4301.125 106.00112 0.314 -1.17 3.464 AX00Q135
4301.126 23.1 4.017 -1.15 "" ""
4301.126 24.0 3.842 -3.04 "" ""
4301.134 607.01214 3.376 -5.06 7.724 1314Qc0245
4301.139 106.00113 0.312 -1.17 3.464 AX00Q135
4301.143 106.00112 1.683 -3.74 3.464 AX11R285
4301.146 106.00113 0.953 -3.555 3.464 AX11P195
4301.147 106.00113 0.953 -1.092 3.464 AX11Q185
4301.161 106.00112 0.958 -1.074 3.464 AX11Q195
4301.166 607.01314 3.401 -2.601 7.724 1415Ra0085
4301.167 106.00112 0.314 -3.379 3.464 AX00P135
4301.167 106.00112 0.958 -3.55 3.464 AX11R185
4301.174 24.0 3.446 -0.19 "" ""
4301.178 106.00113 0.312 -3.379 3.464 AX00P135
4301.189 607.01214 3.376 -1.925 7.724 1314Pa0255
4301.202 60.0 0.293 -0.53 "" ""
4301.204 106.00112 1.683 -0.962 3.464 AX11Q295
4301.215 607.01214 3.376 -1.936 7.724 1314Pb0245
4301.246 23.0 1.798 -2.78 "" ""
4301.251 106.00112 0.958 -3.555 3.464 AX11P195
4301.257 106.00112 0.958 -1.092 3.464 AX11Q185
4301.259 68.0 1.533 0.16 "" ""
4301.26 42.0 3.165 -1.0 "" ""
4301.27 62.0 0.498 -0.63 "" ""
4301.279 22.1 4.947 -1.39 "" ""
4301.291 106.00112 1.683 -0.968 3.464 AX11Q285
4301.328 26.0 3.981 -3.34 "" ""
4301.352 106.00112 1.683 -3.782 3.464 AX11P295
4301.361 106.00112 1.02 -5.37 3.464 BX01R205
4301.407 106.00113 1.969 -11.858 3.464 CX04Q225
4301.463 92.1 0.0 -1.94 "" ""
4301.485 27.0 3.968 -4.18 "" ""
4301.485 607.01314 3.398 -2.694 7.724 1415Rb0065
4301.497 26.0 4.1 -2.1 "" ""
4301.508 607.01314 3.398 -4.759 7.724 1415Qd0075
4301.549 607.01314 3.398 -2.644 7.724 1415Ra0075
4301.585 106.00113 0.782 -3.452 3.464 AX11R155
4301.588 106.00113 1.516 -0.974 3.464 AX11Q275
4301.596 68.1 0.0 -1.55 LAWLER ""
4301.609 77.0 2.052 -1.23 "" ""
4301.641 106.00113 1.516 -3.729 3.464 AX11R265
4301.648 106.00112 0.785 -3.452 3.464 AX11R155
4301.652 106.00113 0.782 -1.158 3.464 AX11Q155
4301.667 106.00113 1.244 -1.563 3.464 AX33R125
4301.683 106.00113 1.244 -1.536 3.464 AX33R135
4301.708 106.00113 0.782 -1.134 3.464 AX11Q165
4301.716 106.00112 0.785 -1.158 3.464 AX11Q155
4301.721 106.00113 1.516 -3.716 3.464 AX11P275
4301.739 106.00113 0.894 -3.524 3.464 AX11R175
4301.746 106.00113 1.244 -3.435 3.464 AX33Q135
4301.749 106.00113 0.894 -1.093 3.464 AX11Q185
4301.769 106.00113 0.782 -3.499 3.464 AX11P165
4301.771 106.00113 0.371 -5.229 3.464 BX01R045
4301.774 106.00113 1.516 -0.982 3.464 AX11Q265
4301.775 106.00112 0.786 -1.134 3.464 AX11Q165
4301.801 40.1 1.759 -1.2 Ljung06 ""
4301.82 106.00113 0.894 -1.112 3.464 AX11Q175
4301.83 106.00113 0.894 -3.532 3.464 AX11P185
4301.839 106.00112 0.786 -3.499 3.464 AX11P165
4301.839 106.00112 0.898 -3.524 3.464 AX11R175
4301.844 40.1 1.758 -1.0 "" ""
4301.846 106.00112 0.898 -1.093 3.464 AX11Q185
4301.877 106.00112 1.523 -0.974 3.464 AX11Q275
4301.902 607.01314 3.395 -2.752 7.724 1415Rb0055
4301.904 106.00112 1.248 -1.563 3.464 AX33R125
4301.922 106.00112 0.898 -1.112 3.464 AX11Q175
4301.922 607.01314 3.395 -4.697 7.724 1415Qd0065
4301.923 22.1 1.16 -1.21 LAWLER ""
4301.928 106.00112 0.898 -3.532 3.464 AX11P185
4301.931 42.0 3.031 -1.61 "" ""
4301.939 22.0 3.196 -2.02 "" ""
4301.942 106.00112 1.248 -1.536 3.464 AX33R135
4301.947 106.00112 1.523 -3.728 3.464 AX11R265
4301.951 22.0 1.979 -2.46 "" ""
4301.956 607.01314 3.395 -2.694 7.724 1415Ra0065
4301.973 27.0 2.628 -2.48 "" ""
4301.981 106.00112 1.248 -3.435 3.464 AX33Q135
4302.015 106.00112 1.523 -3.716 3.464 AX11P275
4302.085 106.00112 1.523 -0.982 3.464 AX11Q265
4302.087 28.0 3.477 -2.32 "" ""
4302.103 74.0 0.366 -1.17 "" ""
4302.108 23.0 1.954 -3.86 "" ""
4302.112 106.00112 0.896 -2.196 3.464 BX11P175
4302.125 23.0 1.798 -1.75 "" ""
4302.15 59.1 0.422 -1.2 LINOHFS ""
4302.155 106.00113 1.969 -7.21 3.464 CX04R215
4302.172 607.01214 3.386 -5.087 7.724 1314Qc0255
4302.176 106.00113 0.998 -3.713 3.464 AX33R045
4302.179 23.0 2.58 -2.52 "" ""
4302.182 106.00112 0.896 -7.12 3.464 BX11Q175
4302.186 26.0 3.045 -1.74 "" ""
4302.195 23.0 2.576 -0.51 "" ""
4302.202 106.00113 1.969 -6.956 3.464 CX04R225
4302.207 106.00112 0.314 -3.354 3.464 AX00R125
4302.207 106.00113 0.313 -3.354 3.464 AX00R125
4302.244 106.00113 0.313 -1.201 3.464 AX00Q125
4302.247 106.00112 0.314 -1.201 3.464 AX00Q125
4302.251 607.01214 3.386 -1.926 7.724 1314Pb0255
4302.281 106.00113 0.998 -3.698 3.464 AX33R045
4302.286 106.00112 0.896 -2.331 3.464 BX11P185
4302.29 39.0 1.947 0.45 "" ""
4302.294 106.00112 0.315 -1.171 3.464 AX00Q135
4302.295 106.00113 0.313 -1.171 3.464 AX00Q135
4302.333 106.00113 0.313 -3.365 3.464 AX00P135
4302.335 106.00112 0.315 -3.365 3.464 AX00P135
4302.341 607.01314 3.393 -2.822 7.724 1415Rb0045
4302.358 607.01314 3.393 -4.627 7.724 1415Qd0055
4302.386 607.01314 3.393 -2.752 7.724 1415Ra0055
4302.394 106.00112 1.0 -3.713 3.464 AX33R045
4302.422 78.0 2.3 -2.36 DH05nohfs ""
4302.489 106.00113 0.837 -3.498 3.464 AX11R165
4302.502 106.00112 1.0 -3.698 3.464 AX33R045
4302.51 106.00113 0.837 -1.113 3.464 AX11Q175
4302.523 22.0 2.576 -7.0 "" ""
4302.528 20.0 1.899 0.27 LAWLER ""
4302.538 106.00113 1.204 -1.589 3.464 AX33R115
4302.56 27.0 3.684 -2.79 "" ""
4302.566 23.0 1.349 -3.63 "" ""
4302.573 106.00113 0.837 -1.134 3.464 AX11Q165
4302.583 106.00112 0.841 -3.498 3.464 AX11R165
4302.584 106.00113 0.837 -3.508 3.464 AX11P175
4302.592 106.00113 0.731 -3.424 3.464 AX11R145
4302.602 106.00112 0.841 -1.113 3.464 AX11Q175
4302.65 22.0 2.343 -3.5 "" ""
4302.651 106.00113 0.731 -1.183 3.464 AX11Q145
4302.654 106.00112 0.734 -3.424 3.464 AX11R145
4302.654 58.1 1.318 -0.4 "" ""
4302.657 106.00112 0.841 -1.134 3.464 AX11Q165
4302.658 26.0 4.368 -1.78 "" ""
4302.677 106.00112 0.841 -3.508 3.464 AX11P175
4302.68 106.00113 1.204 -1.559 3.464 AX33R125
4302.691 26.0 2.452 -4.74 "" ""
4302.696 106.00113 1.204 -3.421 3.464 AX33Q125
4302.696 20.0 4.76 -3.28 "" ""
4302.707 106.00113 1.749 -5.249 3.464 AX54P175
4302.714 66.1 0.589 -1.66 "" ""
4302.716 106.00112 0.734 -1.183 3.464 AX11Q145
4302.719 106.00112 0.27 -3.304 3.464 AX00R115
4302.723 106.00113 0.268 -3.304 3.464 AX00R115
4302.724 106.00113 0.731 -1.158 3.464 AX11Q155
4302.744 106.00113 0.341 -2.419 3.464 AX11Q015
4302.744 106.00113 0.341 -2.421 3.464 AX11Q015
4302.746 106.00112 0.27 -1.235 3.464 AX00Q115
4302.75 106.00113 0.268 -1.235 3.464 AX00Q115
4302.779 106.00113 0.731 -3.471 3.464 AX11P155
4302.785 106.00112 0.342 -2.421 3.464 AX11Q015
4302.787 106.00112 0.342 -2.419 3.464 AX11Q015
4302.79 106.00112 0.734 -1.158 3.464 AX11Q155
4302.792 23.1 5.845 -4.6 "" ""
4302.801 607.01314 3.391 -2.907 7.724 1415Rb0035
4302.814 607.01314 3.391 -4.544 7.724 1415Qd0045
4302.824 24.0 4.613 -0.12 "" ""
4302.837 607.01314 3.391 -2.822 7.724 1415Ra0045
4302.839 106.00113 1.589 -1.45 3.464 AX33R205
4302.843 106.00112 1.208 -1.589 3.464 AX33R115
4302.847 106.00112 0.734 -3.471 3.464 AX11P155
4302.868 40.0 0.73 -0.74 "" ""
4302.905 106.00112 0.27 -1.201 3.464 AX00Q125
4302.906 106.00113 0.268 -1.201 3.464 AX00Q125
4302.933 106.00112 0.27 -3.345 3.464 AX00P125
4302.933 106.00113 0.268 -3.345 3.464 AX00P125
4302.951 25.1 5.414 -6.14 "" ""
4302.953 73.0 1.146 -1.12 "" ""
4302.978 106.00112 1.208 -1.559 3.464 AX33R125
4302.978 22.0 1.052 -2.27 "" ""
4302.982 28.0 4.415 -2.07 "" ""
4302.986 26.1 6.802 -3.41 "" ""
4303.006 106.00112 1.208 -3.421 3.464 AX33Q125
4303.011 106.00113 1.589 -3.64 3.464 AX33Q205
4303.027 106.00112 2.112 -6.328 3.464 CX15R205
4303.037 106.00113 1.589 -1.455 3.464 AX33R195
4303.04 106.00113 1.596 -0.968 3.464 AX11Q285
4303.046 106.00113 1.759 -3.761 3.464 AX11R295
4303.049 26.0 3.881 -2.13 "" ""
4303.057 106.00113 0.341 -2.034 3.464 AX11R015
4303.057 106.00113 0.341 -2.035 3.464 AX11R015
4303.065 106.00112 1.597 -1.45 3.464 AX33R205
4303.069 106.00113 1.759 -0.959 3.464 AX11Q305
4303.084 106.00113 1.646 -1.451 3.464 AX33R205
4303.094 106.00113 1.596 -3.75 3.464 AX11R275
4303.099 106.00112 0.342 -2.034 3.464 AX11R015
4303.099 106.00112 0.342 -2.035 3.464 AX11R015
4303.11 106.00113 1.646 -1.449 3.464 AX33R215
4303.11 22.0 2.295 -3.59 "" ""
4303.118 106.00112 0.373 -5.229 3.464 BX01R045
4303.146 106.00113 1.646 -3.703 3.464 AX33Q215
4303.159 106.00112 2.112 -10.757 3.464 CX15Q205
4303.165 106.00112 1.597 -3.64 3.464 AX33Q205
4303.17 26.1 2.704 -2.52 LAWLER ""
4303.176 106.00113 1.596 -3.734 3.464 AX11P285
4303.18 106.00112 2.112 -6.326 3.464 CX15R195
4303.182 106.00112 1.597 -1.455 3.464 AX33R195
4303.19 106.00113 1.759 -0.963 3.464 AX11Q295
4303.208 68.1 1.56 -2.08 LAWLER ""
4303.212 106.00113 1.759 -3.801 3.464 AX11P305
4303.221 26.0 4.577 -3.12 "" ""
4303.229 27.0 0.224 -3.91 "" ""
4303.231 106.00113 1.596 -0.975 3.464 AX11Q275
4303.25 60.1 0.559 -1.78 LAWLER ""
4303.264 22.0 2.29 -4.95 "" ""
4303.281 607.01314 3.389 -3.017 7.724 1415Rb0025
4303.287 106.00113 0.783 -3.471 3.464 AX11R155
4303.292 607.01314 3.389 -4.443 7.724 1415Qd0035
4303.309 607.01314 3.389 -2.907 7.724 1415Ra0035
4303.31 28.0 4.161 -4.04 "" ""
4303.324 106.00113 0.783 -1.134 3.464 AX11Q165
4303.36 106.00113 0.783 -1.158 3.464 AX11Q155
4303.376 106.00112 0.787 -3.471 3.464 AX11R155
4303.387 106.00112 1.704 -11.971 3.464 CX04R175
4303.387 106.00113 0.783 -3.482 3.464 AX11P165
4303.388 106.00112 1.604 -0.968 3.464 AX11Q285
4303.407 28.1 6.628 -4.94 "" ""
4303.41 106.00112 0.787 -1.134 3.464 AX11Q165
4303.416 23.0 2.563 -3.01 "" ""
4303.438 106.00112 0.787 -1.158 3.464 AX11Q155
4303.45 64.1 1.446 -1.29 LAWLER ""
4303.463 106.00112 1.604 -3.75 3.464 AX11R275
4303.463 22.0 3.158 -2.74 "" ""
4303.476 106.00112 0.787 -3.482 3.464 AX11P165
4303.514 23.0 2.579 -0.11 "" ""
4303.53 106.00112 1.604 -3.734 3.464 AX11P285
4303.543 106.00113 1.205 -1.589 3.464 AX33R115
4303.562 24.1 5.867 -2.28 "" ""
4303.57 60.1 0.0 0.08 LAWLER ""
4303.571 22.0 1.967 -2.08 "" ""
4303.585 106.00112 1.767 -3.761 3.464 AX11R295
4303.591 106.00113 0.679 -2.011 3.464 AX22R025
4303.594 106.00113 1.205 -1.559 3.464 AX33R125
4303.605 106.00112 1.604 -0.974 3.464 AX11Q275
4303.605 106.00113 0.004 -2.39 3.464 AX00Q015
4303.605 106.00113 0.004 -2.392 3.464 AX00Q015
4303.606 106.00113 0.683 -3.394 3.464 AX11R135
4303.614 106.00112 0.004 -2.39 3.464 AX00Q015
4303.614 106.00112 0.004 -2.392 3.464 AX00Q015
4303.643 106.00113 1.205 -3.4 3.464 AX33Q125
4303.646 106.00112 1.767 -0.959 3.464 AX11Q305
4303.651 106.00113 0.683 -1.212 3.464 AX11Q135
4303.669 106.00112 0.686 -3.394 3.464 AX11R135
4303.673 106.00113 0.679 -2.01 3.464 AX22R025
4303.697 106.00112 0.681 -2.011 3.464 AX22R025
4303.704 22.0 2.304 -5.67 "" ""
4303.715 106.00112 0.686 -1.212 3.464 AX11Q135
4303.737 106.00112 1.767 -0.962 3.464 AX11Q295
4303.751 106.00113 0.683 -1.184 3.464 AX11Q145
4303.781 106.00112 0.681 -2.01 3.464 AX22R025
4303.782 607.01314 3.388 -3.169 7.724 1415Rb0015
4303.789 607.01314 3.388 -4.312 7.724 1415Qd0025
4303.793 106.00113 0.269 -3.319 3.464 AX00R115
4303.794 68.1 0.636 -2.21 LAWLER ""
4303.797 106.00113 0.683 -3.442 3.464 AX11P145
4303.798 106.00112 1.767 -3.801 3.464 AX11P305
4303.803 106.00112 0.27 -3.319 3.464 AX00R115
4303.803 607.01314 3.388 -3.017 7.724 1415Ra0025
4303.807 106.00112 1.209 -1.589 3.464 AX33R115
4303.817 106.00112 0.686 -1.184 3.464 AX11Q145
4303.825 106.00113 0.269 -1.235 3.464 AX00Q115
4303.828 106.00112 0.27 -1.235 3.464 AX00Q115
4303.832 24.0 4.532 -3.45 "" ""
4303.843 106.00112 1.654 -1.449 3.464 AX33R215
4303.864 106.00112 0.686 -3.442 3.464 AX11P145
4303.869 106.00112 1.654 -1.451 3.464 AX33R205
4303.872 41.0 1.079 -1.62 "" ""
4303.875 106.00112 1.209 -1.559 3.464 AX33R125
4303.877 22.0 0.835 -3.47 "" ""
4303.903 106.00112 1.209 -3.4 3.464 AX33Q125
4303.904 106.00113 0.269 -1.202 3.464 AX00Q125
4303.914 106.00112 0.27 -1.202 3.464 AX00Q125
4303.927 106.00113 0.004 -1.988 3.464 AX00R015
4303.927 106.00113 0.004 -1.989 3.464 AX00R015
4303.931 106.00113 0.269 -3.333 3.464 AX00P125
4303.931 26.0 4.188 -3.38 "" ""
4303.937 106.00112 0.004 -1.988 3.464 AX00R015
4303.937 106.00112 0.004 -1.989 3.464 AX00R015
4303.942 106.00112 0.27 -3.333 3.464 AX00P125
4303.95 106.00112 1.654 -3.703 3.464 AX33Q215
4303.994 23.1 6.16 -4.53 "" ""
4304.011 42.0 3.3 -1.0 "" ""
4304.116 106.00113 0.732 -3.442 3.464 AX11R145
4304.151 23.1 3.796 -2.97 "" ""
4304.151 26.0 3.298 -4.94 "" ""
4304.165 22.0 3.196 -1.27 "" ""
4304.168 106.00113 0.732 -1.158 3.464 AX11Q155
4304.181 106.00113 0.732 -1.183 3.464 AX11Q145
4304.201 106.00112 0.735 -3.442 3.464 AX11R145
4304.221 106.00113 0.732 -3.455 3.464 AX11P155
4304.252 106.00112 0.735 -1.158 3.464 AX11Q155
4304.254 106.00112 0.735 -1.183 3.464 AX11Q145
4304.278 58.1 1.194 -0.41 "" ""
4304.302 106.00113 0.679 -2.803 3.464 AX22Q035
4304.303 607.01314 3.387 -3.422 7.724 1415Rb0005
4304.305 24.0 4.201 -1.54 "" ""
4304.307 106.00112 0.735 -3.455 3.464 AX11P155
4304.307 607.01314 3.387 -4.119 7.724 1415Qd0015
4304.317 607.01314 3.387 -3.169 7.724 1415Ra0015
4304.364 106.00113 0.227 -3.268 3.464 AX00R105
4304.365 106.00113 0.679 -2.797 3.464 AX22Q035
4304.371 106.00112 0.229 -3.268 3.464 AX00R105
4304.378 106.00113 0.227 -1.273 3.464 AX00Q105
4304.386 106.00112 0.229 -1.273 3.464 AX00Q105
4304.407 75.0 2.059 -0.73 "" ""
4304.408 106.00112 0.681 -2.803 3.464 AX22Q035
4304.42 20.0 4.677 -4.01 "" ""
4304.434 60.1 1.519 0.44 "" ""
4304.445 106.00113 0.679 -1.88 3.464 AX22R035
4304.472 106.00112 0.681 -2.797 3.464 AX22Q035
4304.51 106.00113 0.679 -1.88 3.464 AX22R035
4304.52 22.0 2.304 -2.91 "" ""
4304.54 26.0 2.947 -2.01 "" ""
4304.553 42.0 3.3 -1.51 "" ""
4304.555 106.00112 0.681 -1.88 3.464 AX22R035
4304.568 106.00113 0.227 -1.236 3.464 AX00Q115
4304.577 106.00112 0.229 -1.236 3.464 AX00Q115
4304.583 106.00113 0.227 -3.31 3.464 AX00P115
4304.589 24.0 4.693 -4.38 "" ""
4304.592 106.00112 0.229 -3.31 3.464 AX00P115
4304.612 106.00113 0.638 -3.362 3.464 AX11R125
4304.616 106.00112 0.681 -1.88 3.464 AX22R035
4304.642 26.0 4.073 -4.38 "" ""
4304.648 106.00113 0.638 -1.242 3.464 AX11Q125
4304.676 106.00112 0.64 -3.362 3.464 AX11R125
4304.693 40.0 1.821 0.12 "" ""
4304.694 24.0 3.844 -2.45 "" ""
4304.711 106.00112 0.64 -1.242 3.464 AX11Q125
4304.717 58.1 0.736 -0.69 LAWLER ""
4304.749 22.0 3.176 -2.12 "" ""
4304.771 106.00113 0.638 -1.212 3.464 AX11Q135
4304.778 24.0 4.614 -0.92 "" ""
4304.8 23.1 6.491 -2.58 "" ""
4304.807 106.00113 0.638 -3.41 3.464 AX11P135
4304.814 23.0 1.182 -2.89 LAWNOHFS ""
4304.82 26.0 3.544 -5.4 "" ""
4304.833 27.0 4.392 -1.6 "" ""
4304.836 106.00112 0.64 -1.212 3.464 AX11Q135
4304.846 607.01314 3.387 -3.72 7.724 1415Qd0005
4304.851 607.01314 3.387 -3.422 7.724 1415Ra0005
4304.869 26.0 3.299 -1.89 "" ""
4304.876 106.00112 0.64 -3.41 3.464 AX11P135
4304.892 64.1 1.526 -0.37 "" ""
4304.902 26.0 3.544 -4.81 "" ""
4304.913 42.0 2.068 -1.84 "" ""
4304.937 106.00113 1.168 -1.617 3.464 AX33R105
4304.95 62.1 0.659 -0.87 LAWLER ""
4304.952 26.0 4.47 -4.11 "" ""
4304.958 106.00113 0.684 -3.411 3.464 AX11R135
4304.988 15.0 6.98 -2.3 "" ""
4304.995 106.00113 1.678 -0.963 3.464 AX11Q295
4305.016 106.00113 0.684 -1.212 3.464 AX11Q135
4305.022 106.00113 0.684 -1.184 3.464 AX11Q145
4305.039 22.0 2.316 -4.08 "" ""
4305.041 106.00112 0.687 -3.411 3.464 AX11R135
4305.051 106.00113 1.678 -3.772 3.464 AX11R285
4305.063 23.0 2.357 -5.0 "" ""
4305.071 106.00113 0.684 -3.427 3.464 AX11P145
4305.084 6.0 7.679 -3.85 "" ""
4305.085 106.00112 0.687 -1.212 3.464 AX11Q135
4305.1 20.0 4.677 -2.22 "" ""
4305.103 106.00112 0.687 -1.184 3.464 AX11Q145
4305.105 106.00113 1.168 -1.584 3.464 AX33R115
4305.113 106.00113 1.168 -3.381 3.464 AX33Q115
4305.134 26.0 2.725 -3.38 "" ""
4305.135 106.00113 1.678 -3.752 3.464 AX11P295
4305.14 58.1 0.857 -0.17 LAWLER ""
4305.155 106.00112 0.687 -3.427 3.464 AX11P145
4305.192 106.00113 1.678 -0.968 3.464 AX11Q285
4305.206 26.0 3.544 -2.07 "" ""
4305.247 106.00112 1.172 -1.617 3.464 AX33R105
4305.281 106.00113 0.228 -3.281 3.464 AX00R105
4305.293 23.0 2.573 -1.93 "" ""
4305.296 106.00113 0.228 -1.273 3.464 AX00Q105
4305.299 106.00112 0.229 -3.281 3.464 AX00R105
4305.314 106.00112 0.229 -1.273 3.464 AX00Q105
4305.364 28.0 3.844 -1.58 "" ""
4305.388 24.0 3.963 -2.36 "" ""
4305.395 23.0 1.871 -1.44 LAWNOHFS ""
4305.41 106.00112 1.172 -1.584 3.464 AX33R115
4305.417 106.00113 0.228 -1.236 3.464 AX00Q115
4305.421 106.00112 1.686 -0.963 3.464 AX11Q295
4305.423 25.0 4.675 -2.95 "" ""
4305.428 106.00112 1.172 -3.381 3.464 AX33Q115
4305.432 106.00113 0.228 -3.298 3.464 AX00P115
4305.436 106.00112 0.229 -1.236 3.464 AX00Q115
4305.438 24.0 2.887 -0.97 SOBECK ""
4305.441 106.00112 0.958 -5.867 3.464 BX11P195
4305.443 38.1 3.037 -0.14 "" ""
4305.449 106.00112 0.958 -2.343 3.464 BX11Q185
4305.449 23.0 2.636 -1.51 "" ""
4305.45 26.0 3.015 -1.3 "" ""
4305.45 68.1 1.561 -1.99 LAWLER ""
4305.451 106.00112 0.229 -3.298 3.464 AX00P115
4305.463 22.0 1.748 -1.27 LAWLER ""
4305.464 26.0 4.151 -2.38 "" ""
4305.472 23.0 1.858 -0.95 LAWNOHFS ""
4305.477 106.00112 1.978 -6.955 3.464 CX04R225
4305.495 26.0 4.412 -4.13 "" ""
4305.499 106.00112 1.686 -3.772 3.464 AX11R285
4305.511 26.0 4.309 -2.04 "" ""
4305.519 106.00112 0.958 -2.546 3.464 BX11Q195
4305.527 106.00112 0.958 -6.22 3.464 BX11R185
4305.567 106.00112 1.686 -3.752 3.464 AX11P295
4305.584 23.0 2.357 -4.42 "" ""
4305.596 106.00113 0.596 -3.328 3.464 AX11R115
4305.605 58.1 0.634 -1.31 LAWLER ""
4305.609 24.0 4.096 -3.46 "" ""
4305.617 106.00112 1.978 -11.858 3.464 CX04Q225
4305.62 106.00113 0.596 -1.276 3.464 AX11Q115
4305.645 106.00112 1.686 -0.968 3.464 AX11Q285
4305.654 106.00112 1.978 -7.21 3.464 CX04R215
4305.663 106.00112 0.598 -3.328 3.464 AX11R115
4305.67 25.0 4.675 -1.02 "" ""
4305.685 106.00112 0.598 -1.276 3.464 AX11Q115
4305.703 21.1045 0.595 -2.5 LAWHFS ""
4305.705 21.1045 0.595 -2.33 LAWHFS ""
4305.705 21.1045 0.595 -2.68 LAWHFS ""
4305.707 21.1045 0.595 -2.32 LAWHFS ""
4305.707 21.1045 0.595 -4.43 LAWHFS ""
4305.709 21.1045 0.595 -2.5 LAWHFS ""
4305.711 21.1045 0.595 -2.48 LAWHFS ""
4305.711 21.1045 0.595 -3.0 LAWHFS ""
4305.714 21.1045 0.595 -2.33 LAWHFS ""
4305.716 21.1045 0.595 -2.3 LAWHFS ""
4305.719 21.1045 0.595 -2.32 LAWHFS ""
4305.721 21.1045 0.595 -1.91 LAWHFS ""
4305.725 21.1045 0.595 -2.48 LAWHFS ""
4305.742 22.0 2.235 -1.15 LAWLER ""
4305.749 23.0 1.891 -3.54 "" ""
4305.76 59.1 0.055 -0.12 LINOHFS ""
4305.775 106.00113 0.596 -1.243 3.464 AX11Q125
4305.789 106.00113 1.169 -1.617 3.464 AX33R105
4305.797 106.00113 0.596 -3.377 3.464 AX11P125
4305.799 106.00113 0.638 -3.378 3.464 AX11R125
4305.805 60.0 0.0 -1.18 "" ""
4305.829 106.00113 0.638 -1.242 3.464 AX11Q125
4305.836 106.00113 1.648 -1.449 3.464 AX33R215
4305.84 106.00112 0.598 -1.243 3.464 AX11Q125
4305.867 106.00112 0.598 -3.377 3.464 AX11P125
4305.877 106.00113 1.169 -1.585 3.464 AX33R115
4305.881 106.00112 0.641 -3.378 3.464 AX11R125
4305.885 106.00113 0.639 -1.212 3.464 AX11Q135
4305.89 106.00113 0.19 -3.228 3.464 AX00R095
4305.891 106.00113 0.19 -1.315 3.464 AX00Q095
4305.907 106.00112 0.191 -3.228 3.464 AX00R095
4305.907 22.0 0.848 0.49 LAWLER ""
4305.91 106.00112 0.191 -1.315 3.464 AX00Q095
4305.911 106.00113 1.169 -3.363 3.464 AX33Q115
4305.917 106.00112 0.641 -1.242 3.464 AX11Q125
4305.921 106.00113 0.639 -3.396 3.464 AX11P135
4305.935 22.1 5.203 -2.79 "" ""
4305.953 25.0 5.345 -3.37 "" ""
4305.963 70.0 3.131 0.35 "" ""
4305.965 25.0 4.709 -1.16 "" ""
4305.97 106.00112 0.641 -1.212 3.464 AX11Q135
4305.984 607.01314 3.387 -3.72 7.724 1415Qc0005
4305.988 607.01314 3.387 -3.417 7.724 1415Pa0015
4306.003 106.00112 0.641 -3.396 3.464 AX11P135
4306.005 25.0 4.709 -1.59 "" ""
4306.026 106.00113 1.648 -3.669 3.464 AX33Q215
4306.026 26.0 4.214 -2.45 "" ""
4306.051 106.00113 1.845 -3.784 3.464 AX11R305
4306.057 26.0 3.394 -2.77 "" ""
4306.065 106.00113 1.648 -1.451 3.464 AX33R205
4306.07 106.00113 1.845 -0.958 3.464 AX11Q315
4306.073 106.00112 1.173 -1.617 3.464 AX33R105
4306.119 106.00113 0.19 -1.274 3.464 AX00Q105
4306.119 106.00113 0.19 -3.271 3.464 AX00P105
4306.137 106.00112 0.191 -1.274 3.464 AX00Q105
4306.137 106.00112 0.191 -3.271 3.464 AX00P105
4306.174 106.00112 1.173 -1.584 3.464 AX33R115
4306.192 106.00112 1.173 -3.363 3.464 AX33Q115
4306.197 106.00113 1.845 -0.959 3.464 AX11Q305
4306.215 23.0 0.017 -1.56 "" ""
4306.216 106.00113 1.845 -3.82 3.464 AX11P315
4306.235 106.00112 1.656 -1.449 3.464 AX33R215
4306.274 41.0 1.169 -1.11 "" ""
4306.276 27.0 3.407 -2.04 "" ""
4306.281 20.0 4.128 -6.23 "" ""
4306.303 24.0 3.447 -4.41 "" ""
4306.306 23.0 2.706 -5.22 "" ""
4306.34 22.0 3.184 -1.42 "" ""
4306.342 106.00112 1.656 -3.669 3.464 AX33Q215
4306.343 64.0 0.0 -0.33 "" ""
4306.355 68.0 1.462 0.09 "" ""
4306.361 23.0 2.377 -4.92 "" ""
4306.368 106.00112 1.656 -1.451 3.464 AX33R205
4306.546 106.00113 0.556 -3.291 3.464 AX11R105
4306.56 106.00113 0.556 -1.314 3.464 AX11Q105
4306.564 23.0 1.847 -1.6 LAWNOHFS ""
4306.578 607.01314 3.388 -3.417 7.724 1415Pb0015
4306.58 26.0 3.428 -2.21 "" ""
4306.584 607.01314 3.388 -4.119 7.724 1415Qc0015
4306.591 607.01314 3.388 -3.161 7.724 1415Pa0025
4306.616 106.00112 0.559 -3.291 3.464 AX11R105
4306.627 106.00112 0.559 -1.314 3.464 AX11Q105
4306.627 106.00113 0.596 -3.343 3.464 AX11R115
4306.657 106.00112 1.846 -5.459 3.464 AX43P235
4306.659 106.00113 0.596 -1.276 3.464 AX11Q115
4306.663 106.00113 0.19 -1.315 3.464 AX00Q095
4306.663 106.00113 0.19 -3.24 3.464 AX00R095
4306.667 26.0 4.151 -3.68 "" ""
4306.679 26.0 4.412 -3.29 "" ""
4306.681 26.0 4.206 -3.75 "" ""
4306.69 106.00112 0.191 -1.315 3.464 AX00Q095
4306.69 106.00112 0.191 -3.24 3.464 AX00R095
4306.702 23.0 2.357 -5.33 "" ""
4306.708 106.00112 0.599 -3.343 3.464 AX11R115
4306.726 58.1 0.516 -0.09 LAWLER ""
4306.729 106.00112 0.599 -1.276 3.464 AX11Q115
4306.731 106.00112 1.976 -4.183 3.464 AX54R215
4306.734 60.1 1.741 0.21 "" ""
4306.735 106.00112 1.853 -3.784 3.464 AX11R305
4306.736 106.00113 0.596 -1.243 3.464 AX11Q125
4306.744 106.00113 0.556 -1.277 3.464 AX11Q115
4306.745 26.0 4.383 -2.54 "" ""
4306.755 106.00113 0.556 -3.341 3.464 AX11P115
4306.758 106.00113 0.596 -3.364 3.464 AX11P125
4306.77 106.00113 1.707 -1.451 3.464 AX33R215
4306.791 106.00113 1.707 -1.452 3.464 AX33R225
4306.796 106.00112 1.853 -0.957 3.464 AX11Q315
4306.802 106.00112 1.976 -1.703 3.464 AX54Q225
4306.813 92.0 0.0 -1.7 "" ""
4306.814 106.00112 0.559 -1.277 3.464 AX11Q115
4306.814 106.00112 0.599 -1.243 3.464 AX11Q125
4306.824 106.00113 1.707 -3.734 3.464 AX33Q225
4306.826 106.00112 1.976 -1.732 3.464 AX54Q215
4306.827 106.00112 0.559 -3.341 3.464 AX11P115
4306.829 106.00113 0.19 -1.274 3.464 AX00Q105
4306.829 106.00113 0.19 -3.261 3.464 AX00P105
4306.841 106.00112 0.599 -3.364 3.464 AX11P125
4306.856 106.00112 0.192 -1.274 3.464 AX00Q105
4306.856 106.00112 0.192 -3.261 3.464 AX00P105
4306.877 74.0 3.068 0.46 "" ""
4306.891 106.00112 1.853 -0.959 3.464 AX11Q305
4306.897 106.00112 1.976 -4.323 3.464 AX54P225
4306.906 26.0 4.383 -1.96 "" ""
4306.916 24.1 5.869 -1.19 "" ""
4306.934 22.0 0.812 -2.52 LAWLER ""
4306.94 20.0 4.765 -1.87 "" ""
4306.951 106.00112 1.853 -3.82 3.464 AX11P315
4306.972 23.0 3.284 -4.62 "" ""
4306.999 28.0 4.161 -1.64 "" ""
4307.016 23.0 2.553 -2.22 "" ""
4307.074 26.0 3.366 -3.67 "" ""
4307.154 23.0 2.576 -1.68 "" ""
4307.172 23.0 0.0 -1.72 LAWNOHFS ""
4307.176 90.0 1.387 -0.15 "" ""
4307.195 607.01314 3.389 -3.161 7.724 1415Pb0025
4307.204 23.0 2.136 -0.91 "" ""
4307.204 607.01314 3.389 -4.312 7.724 1415Qc0025
4307.215 607.01314 3.389 -3.006 7.724 1415Pa0035
4307.223 23.0 2.357 -5.65 "" ""
4307.258 28.0 4.085 -2.67 "" ""
4307.27 28.0 4.15 -1.11 "" ""
4307.279 106.00113 0.156 -1.362 3.464 AX00Q085
4307.294 106.00113 0.156 -3.184 3.464 AX00R085
4307.306 106.00112 0.156 -1.362 3.464 AX00Q085
4307.315 23.0 1.194 -3.55 "" ""
4307.32 106.00112 0.156 -3.184 3.464 AX00R085
4307.376 23.1 5.875 -4.67 "" ""
4307.427 106.00113 1.606 -4.388 3.464 AX44R155
4307.428 23.1 6.517 -3.95 "" ""
4307.429 106.00113 0.557 -3.305 3.464 AX11R105
4307.438 27.0 3.663 -0.74 "" ""
4307.442 106.00113 0.557 -1.314 3.464 AX11Q105
4307.444 106.00113 0.52 -1.356 3.464 AX11Q095
4307.451 106.00113 0.52 -3.251 3.464 AX11R095
4307.461 24.0 3.077 -1.45 "" ""
4307.493 106.00113 1.651 -4.43 3.464 AX44R165
4307.506 23.0 2.121 -2.89 "" ""
4307.51 106.00112 0.559 -3.305 3.464 AX11R105
4307.523 106.00112 0.522 -1.356 3.464 AX11Q095
4307.523 106.00112 0.522 -3.251 3.464 AX11R095
4307.523 106.00112 0.559 -1.314 3.464 AX11Q105
4307.536 106.00113 0.156 -3.229 3.464 AX00P095
4307.536 106.00113 1.762 -0.959 3.464 AX11Q305
4307.551 106.00113 0.156 -1.316 3.464 AX00Q095
4307.551 23.0 2.503 -4.38 "" ""
4307.561 106.00113 0.557 -1.277 3.464 AX11Q115
4307.564 106.00112 0.157 -3.229 3.464 AX00P095
4307.573 106.00113 0.557 -3.329 3.464 AX11P115
4307.579 106.00112 0.157 -1.316 3.464 AX00Q095
4307.584 22.0 2.316 -2.88 "" ""
4307.593 106.00113 1.762 -3.795 3.464 AX11R295
4307.594 44.0 1.138 -0.61 "" ""
4307.604 26.0 4.59 -2.1 "" ""
4307.618 26.0 3.249 -3.85 "" ""
4307.623 59.1 1.297 -0.56 "" ""
4307.636 74.0 2.456 -0.31 "" ""
4307.644 106.00112 0.559 -1.277 3.464 AX11Q115
4307.655 106.00113 1.135 -1.649 3.464 AX33R095
4307.656 106.00112 0.559 -3.329 3.464 AX11P115
4307.669 106.00113 0.52 -1.315 3.464 AX11Q105
4307.669 106.00113 0.52 -3.302 3.464 AX11P105
4307.68 106.00113 1.762 -3.77 3.464 AX11P305
4307.693 24.0 4.613 -0.53 "" ""
4307.704 26.0 3.265 -6.07 "" ""
4307.712 27.0 2.326 -3.79 "" ""
4307.737 106.00113 1.762 -0.963 3.464 AX11Q295
4307.744 106.00112 0.522 -3.302 3.464 AX11P105
4307.744 20.0 1.886 -0.31 LAWLER ""
4307.746 106.00112 0.522 -1.315 3.464 AX11Q105
4307.77 60.1 0.38 -0.92 LAWLER ""
4307.832 607.01314 3.391 -3.006 7.724 1415Pb0035
4307.837 24.0 4.204 -2.81 "" ""
4307.845 607.01314 3.391 -4.444 7.724 1415Qc0035
4307.853 106.00113 1.135 -3.339 3.464 AX33Q105
4307.854 106.00113 1.135 -1.612 3.464 AX33R105
4307.854 26.0 4.28 -3.81 "" ""
4307.855 64.1 1.71 -0.82 "" ""
4307.859 607.01314 3.391 -2.893 7.724 1415Pa0045
4307.866 22.1 1.164 -1.08 LAWLER ""
4307.902 26.0 1.556 -0.07 OBR91 ""
4307.907 15.0 6.949 -2.3 "" ""
4307.914 106.00112 1.716 -1.452 3.464 AX33R225
4307.918 106.00113 0.156 -1.362 3.464 AX00Q085
4307.934 106.00113 0.156 -3.195 3.464 AX00R085
4307.95 24.0 4.204 -1.82 "" ""
4307.952 106.00112 1.716 -1.451 3.464 AX33R215
4307.953 106.00112 0.157 -1.362 3.464 AX00Q085
4307.968 106.00112 0.157 -3.195 3.464 AX00R085
4307.969 106.00112 1.139 -1.649 3.464 AX33R095
4308.001 28.0 3.844 -1.78 "" ""
4308.004 22.1 5.212 -2.72 "" ""
4308.028 106.00112 1.716 -3.734 3.464 AX33Q225
4308.061 106.00112 1.77 -0.959 3.464 AX11Q305
4308.071 23.0 1.847 -4.09 "" ""
4308.102 41.0 1.12 -1.46 "" ""
4308.119 106.00113 0.156 -3.22 3.464 AX00P095
4308.122 90.0 1.393 -0.7 "" ""
4308.126 20.0 5.951 -3.23 "" ""
4308.134 106.00113 0.156 -1.316 3.464 AX00Q095
4308.143 106.00112 1.77 -3.795 3.464 AX11R295
4308.153 106.00112 0.157 -3.22 3.464 AX00P095
4308.158 25.1 5.414 -1.72 "" ""
4308.164 106.00112 1.139 -1.612 3.464 AX33R105
4308.169 106.00112 0.157 -1.316 3.464 AX00Q095
4308.17 106.00112 1.139 -3.339 3.464 AX33Q105
4308.194 20.0 4.76 -2.0 "" ""
4308.195 106.00113 0.521 -3.264 3.464 AX11R095
4308.199 106.00113 0.521 -1.356 3.464 AX11Q095
4308.21 106.00112 1.77 -3.77 3.464 AX11P305
4308.214 106.00113 0.669 -2.167 3.464 AX22R015
4308.253 106.00113 0.669 -2.166 3.464 AX22R015
4308.272 106.00113 1.911 -4.258 3.464 AX54Q205
4308.277 106.00112 0.523 -3.264 3.464 AX11R095
4308.278 106.00112 0.523 -1.356 3.464 AX11Q095
4308.282 106.00113 0.487 -1.403 3.464 AX11Q085
4308.292 106.00112 1.77 -0.963 3.464 AX11Q295
4308.3 106.00113 0.487 -3.207 3.464 AX11R085
4308.312 106.00113 1.563 -4.346 3.464 AX44R145
4308.313 106.00112 1.86 -4.263 3.464 AX54Q195
4308.323 106.00113 1.911 -2.228 3.464 AX54P205
4308.336 106.00113 1.911 -2.175 3.464 AX54P215
4308.343 106.00112 0.671 -2.167 3.464 AX22R015
4308.353 106.00113 0.521 -3.291 3.464 AX11P105
4308.356 106.00113 0.521 -1.315 3.464 AX11Q105
4308.357 106.00112 0.489 -1.403 3.464 AX11Q085
4308.366 106.00113 1.136 -1.649 3.464 AX33R095
4308.376 106.00112 0.489 -3.207 3.464 AX11R085
4308.379 106.00112 0.671 -2.166 3.464 AX22R015
4308.386 106.00112 1.86 -2.277 3.464 AX54P195
4308.394 106.00112 1.861 -2.222 3.464 AX54P205
4308.433 20.0 5.951 -3.21 "" ""
4308.437 106.00112 0.523 -3.291 3.464 AX11P105
4308.438 23.0 1.802 -1.58 "" ""
4308.442 106.00112 0.523 -1.315 3.464 AX11Q105
4308.489 607.01314 3.393 -2.893 7.724 1415Pb0045
4308.493 26.0 2.452 -3.59 "" ""
4308.495 106.00113 1.136 -1.612 3.464 AX33R105
4308.496 24.0 3.847 -2.74 "" ""
4308.5 22.0 1.066 -1.44 "" ""
4308.506 607.01314 3.393 -4.545 7.724 1415Qc0045
4308.515 106.00113 1.136 -3.322 3.464 AX33Q105
4308.523 607.01314 3.393 -2.805 7.724 1415Pa0055
4308.531 106.00113 0.488 -3.26 3.464 AX11P095
4308.536 26.0 2.221 -4.2 "" ""
4308.538 106.00113 0.125 -1.416 3.464 AX00Q075
4308.556 106.00113 0.488 -1.357 3.464 AX11Q095
4308.569 106.00113 0.125 -3.135 3.464 AX00R075
