wavelength species excitation loggf disassociation_energy comment
4897.05 106.00112 1.832 -8.028 3.464 AX45R135
4897.093 58.0 0.659 -0.31 "" ""
4897.095 22.0 3.407 -3.13 "" ""
4897.097 106.00112 1.832 -3.94 3.464 AX45Q135
4897.125 106.00113 1.789 -2.828 3.464 AX12P265
4897.152 106.00112 1.724 -12.48 3.464 CX05R115
4897.156 607.01214 1.939 -2.903 7.724 0508Ra0055
4897.166 607.01214 1.939 -2.975 7.724 0508Rb0045
4897.174 607.01214 1.939 -4.784 7.724 0508Qd0055
4897.179 27.0 3.927 -0.76 "" ""
4897.186 607.01314 1.669 -3.438 7.724 0407Ra0015
4897.191 112.00124 0.349 -3.28 1.340 10P222b24
4897.195 607.01314 1.669 -3.693 7.724 0407Rb0005
4897.197 607.01314 1.669 -4.391 7.724 0407Qd0015
4897.198 106.00112 1.832 -4.124 3.464 AX45Q145
4897.245 106.00112 1.832 -5.662 3.464 AX45P145
4897.258 42.0 3.154 -1.12 "" ""
4897.265 20.0 6.009 -4.81 "" ""
4897.294 106.00112 1.209 -4.905 3.464 AX23Q115
4897.309 106.00112 1.209 -3.075 3.464 AX23P115
4897.316 607.01214 3.035 -4.158 7.724 1013Qc0015
4897.327 607.01214 3.035 -3.201 7.724 1013Pa0025
4897.34 607.01314 3.503 -2.433 7.724 1215Ra0245
4897.362 106.00113 1.868 -7.624 3.464 AX45R145
4897.378 23.1 5.863 -4.09 "" ""
4897.383 106.00113 1.868 -4.409 3.464 AX45Q155
4897.389 607.01314 3.493 -2.444 7.724 1215Ra0235
4897.404 607.01214 3.035 -3.457 7.724 1013Pb0015
4897.41 106.00113 1.552 -4.622 3.464 AX45P035
4897.413 106.00113 1.868 -4.125 3.464 AX45Q145
4897.416 607.01314 3.236 -5.133 7.724 1114Qc0155
4897.419 106.00112 1.209 -3.043 3.464 AX23P125
4897.428 24.0 3.373 -2.61 "" ""
4897.434 106.00113 1.868 -5.769 3.464 AX45P155
4897.436 607.01314 3.236 -2.42 7.724 1114Pb0155
4897.44 24.0 2.706 -3.92 "" ""
4897.473 607.01214 3.347 -2.364 7.724 1114Ra0225
4897.473 607.01214 3.347 -2.379 7.724 1114Rb0215
4897.475 106.00112 1.601 -5.543 3.464 AX01Q275
4897.48 106.00113 1.552 -4.623 3.464 AX45P035
4897.495 607.01314 3.236 -2.394 7.724 1114Pa0165
4897.506 24.0 2.542 -5.58 "" ""
4897.537 607.01214 3.347 -5.366 7.724 1114Qd0225
4897.556 106.00112 1.601 -2.872 3.464 AX01P285
4897.56 23.1 3.8 -3.4 "" ""
4897.562 106.00112 1.686 -2.88 3.464 AX01P295
4897.585 607.01314 3.512 -2.422 7.724 1215Ra0255
4897.596 106.00112 2.2 -3.144 3.464 AX12P325
4897.663 106.00112 1.686 -5.635 3.464 AX01Q285
4897.663 607.01314 3.485 -2.457 7.724 1215Ra0225
4897.676 607.01214 1.786 -2.541 7.724 0407Ra0195
4897.685 106.00112 1.601 -2.867 3.464 AX01P275
4897.705 106.00112 2.2 -6.279 3.464 AX12Q315
4897.708 106.00113 2.108 -6.948 3.464 AX13R285
4897.709 24.0 5.488 -2.31 "" ""
4897.716 22.1 5.563 -3.3 "" ""
4897.736 106.00112 1.796 -5.529 3.464 AX12Q265
4897.739 607.01214 1.786 -2.562 7.724 0407Rb0185
4897.769 607.01214 1.786 -5.437 7.724 0407Qd0195
4897.818 106.00112 1.796 -2.85 3.464 AX12P275
4897.82 106.00112 2.116 -3.047 3.464 AX12P315
4897.827 25.0 3.376 -4.12 "" ""
4897.828 106.00113 1.244 -4.951 3.464 AX23Q125
4897.829 106.00112 0.778 -3.298 3.464 AX12P075
4897.829 607.01314 3.468 -2.5 7.724 1215Rb0195
4897.857 106.00113 1.244 -3.037 3.464 AX23P125
4897.867 28.0 4.232 -2.56 "" ""
4897.877 25.1 6.172 -5.55 "" ""
4897.883 106.00112 1.686 -2.871 3.464 AX01P285
4897.895 106.00112 0.778 -4.707 3.464 AX12Q075
4897.907 106.00112 2.2 -3.046 3.464 AX12P315
4897.909 106.00112 1.796 -2.828 3.464 AX12P265
4897.91 607.01314 3.468 -5.408 7.724 1215Qd0205
4897.917 106.00113 2.109 -3.047 3.464 AX12P315
4897.926 106.00112 2.116 -6.053 3.464 AX12Q305
4897.931 106.00113 1.244 -3.01 3.464 AX23P135
4897.959 58.1 0.863 -1.9 LAWLER ""
4897.986 607.01314 3.243 -5.161 7.724 1114Qc0165
4898.006 106.00112 2.284 -3.279 3.464 AX12P335
4898.007 607.01314 3.243 -2.394 7.724 1114Pb0165
4898.044 106.00113 1.835 -7.31 3.464 AX56R055
4898.047 607.01214 3.036 -4.35 7.724 1013Qc0025
4898.062 607.01214 3.036 -3.045 7.724 1013Pa0035
4898.07 607.01314 3.243 -2.369 7.724 1114Pa0175
4898.088 27.1 3.418 -5.17 "" ""
4898.096 607.01314 1.669 -3.693 7.724 0407Ra0005
4898.102 607.01314 1.669 -3.993 7.724 0407Qd0005
4898.109 607.01314 3.476 -2.47 7.724 1215Ra0215
4898.117 106.00112 2.284 -6.627 3.464 AX12Q325
4898.122 106.00113 1.42 -3.345 3.464 AX34P095
4898.123 106.00112 2.116 -2.974 3.464 AX12P305
4898.123 106.00113 2.109 -6.053 3.464 AX12Q305
4898.135 106.00113 2.192 -3.144 3.464 AX12P325
4898.146 68.0 1.869 0.44 "" ""
4898.152 106.00113 1.42 -4.978 3.464 AX34Q095
4898.18 22.0 0.899 -5.33 "" ""
4898.19 607.01214 3.036 -3.201 7.724 1013Pb0025
4898.201 106.00113 1.302 -5.649 3.464 AX34P045
4898.202 58.0 0.41 -0.55 "" ""
4898.234 106.00113 1.835 -7.293 3.464 AX56R055
4898.245 106.00112 0.778 -3.238 3.464 AX12P085
4898.254 106.00113 2.027 -2.975 3.464 AX12P305
4898.276 607.01214 1.937 -2.976 7.724 0508Ra0045
4898.282 607.01214 1.937 -3.064 7.724 0508Rb0035
4898.288 607.01214 1.937 -4.703 7.724 0508Qd0045
4898.308 106.00113 2.109 -2.974 3.464 AX12P305
4898.322 106.00112 2.284 -3.144 3.464 AX12P325
4898.354 106.00113 2.192 -6.279 3.464 AX12Q315
4898.379 25.0 5.345 -0.92 "" ""
4898.389 106.00113 1.42 -3.308 3.464 AX34P105
4898.437 112.00124 0.639 -3.061 1.340 21P226b24
4898.444 106.00113 1.303 -5.664 3.464 AX34P045
4898.446 607.01314 1.52 -2.698 7.724 0306Ra0195
4898.447 106.00113 2.027 -5.889 3.464 AX12Q295
4898.453 106.00112 0.778 -3.298 3.464 AX12P075
4898.46 90.1 2.202 -0.91 "" ""
4898.461 24.0 3.085 -3.49 "" ""
4898.462 24.0 5.5 0.08 "" ""
4898.475 607.01214 3.338 -2.379 7.724 1114Ra0215
4898.48 607.01214 3.338 -2.394 7.724 1114Rb0205
4898.511 607.01314 1.52 -2.719 7.724 0306Rb0185
4898.512 106.00113 1.285 -4.973 3.464 AX23Q135
4898.521 106.00112 0.778 -4.721 3.464 AX12Q075
4898.538 106.00112 2.034 -2.975 3.464 AX12P305
4898.54 607.01214 3.338 -5.344 7.724 1114Qd0215
4898.541 607.01314 1.52 -5.594 7.724 0306Qd0195
4898.542 106.00113 2.192 -3.046 3.464 AX12P315
4898.542 24.0 3.373 -2.85 "" ""
4898.547 607.01314 3.25 -5.187 7.724 1114Qc0175
4898.549 106.00112 1.832 -8.046 3.464 AX45R135
4898.551 23.1 6.84 -2.29 "" ""
4898.562 106.00113 1.285 -3.005 3.464 AX23P135
4898.568 607.01314 3.25 -2.369 7.724 1114Pb0175
4898.57 106.00113 1.714 -5.456 3.464 AX12Q255
4898.589 106.00112 1.247 -4.928 3.464 AX23Q125
4898.596 106.00112 1.832 -3.94 3.464 AX45Q135
4898.611 106.00112 1.832 -4.124 3.464 AX45Q145
4898.618 106.00112 1.247 -3.037 3.464 AX23P125
4898.623 106.00113 1.714 -2.829 3.464 AX12P265
4898.629 106.00113 2.027 -2.92 3.464 AX12P295
4898.635 607.01314 3.25 -2.345 7.724 1114Pa0185
4898.637 24.0 4.532 -4.38 "" ""
4898.64 6.0 7.482 -4.11 "" ""
4898.641 106.00112 2.034 -5.889 3.464 AX12Q295
4898.659 106.00112 1.832 -5.646 3.464 AX45P145
4898.679 106.00113 1.285 -2.982 3.464 AX23P145
4898.68 607.01314 3.468 -2.485 7.724 1215Ra0205
4898.711 106.00113 2.18 -7.006 3.464 AX23Q285
4898.727 106.00113 2.18 -3.504 3.464 AX23P295
4898.731 106.00113 1.714 -2.813 3.464 AX12P255
4898.764 607.01214 3.038 -4.48 7.724 1013Qc0035
4898.781 106.00112 1.248 -3.01 3.464 AX23P135
4898.783 607.01214 3.038 -2.932 7.724 1013Pa0045
4898.794 22.0 3.059 -2.36 "" ""
4898.804 90.1 2.14 -1.33 "" ""
4898.812 106.00112 0.778 -3.238 3.464 AX12P085
4898.834 106.00112 2.034 -2.92 3.464 AX12P295
4898.9 106.00113 0.804 -3.223 3.464 AX12P085
4898.913 607.01314 3.46 -2.518 7.724 1215Rb0185
4898.935 25.0 3.768 -4.66 "" ""
4898.938 106.00113 0.804 -4.75 3.464 AX12Q085
4898.952 24.0 5.176 -3.82 "" ""
4898.955 607.01214 3.038 -3.045 7.724 1013Pb0035
4898.962 106.00113 2.18 -3.334 3.464 AX23P285
4898.976 24.0 3.373 -4.29 "" ""
4898.981 106.00113 1.42 -3.345 3.464 AX34P095
4898.99 607.01314 3.46 -5.383 7.724 1215Qd0195
4898.997 106.00113 1.42 -4.996 3.464 AX34Q095
4899.02 106.00113 1.946 -2.921 3.464 AX12P295
4899.052 106.00113 2.277 -3.279 3.464 AX12P335
4899.094 24.0 5.235 -1.55 "" ""
4899.098 607.01314 3.257 -5.213 7.724 1114Qc0185
4899.12 607.01314 3.257 -2.345 7.724 1114Pb0185
4899.126 24.0 2.707 -4.36 "" ""
4899.167 106.00113 1.42 -3.308 3.464 AX34P105
4899.191 607.01314 3.257 -2.323 7.724 1114Pa0195
4899.2 106.00113 1.946 -5.761 3.464 AX12Q285
4899.231 76.0 3.51 -0.27 "" ""
4899.25 106.00113 0.804 -3.17 3.464 AX12P095
4899.25 44.0 1.418 -1.65 "" ""
4899.273 106.00113 1.944 -7.428 3.464 AX02R295
4899.283 106.00113 2.277 -6.627 3.464 AX12Q325
4899.285 92.1 0.113 -2.13 "" ""
4899.342 607.01314 3.46 -2.501 7.724 1215Ra0195
4899.35 607.01214 1.935 -3.064 7.724 0508Ra0035
4899.353 607.01214 1.935 -3.176 7.724 0508Rb0025
4899.358 607.01214 1.935 -4.604 7.724 0508Qd0035
4899.377 106.00113 1.946 -2.88 3.464 AX12P285
4899.4 106.00113 0.692 -5.693 3.464 AX12P035
4899.458 106.00113 1.91 -6.772 3.464 AX45R155
4899.461 27.0059 2.041 -2.947 Lawle15HFS ""
4899.466 607.01214 3.04 -4.58 7.724 1013Qc0045
4899.471 607.01214 3.329 -2.394 7.724 1114Ra0205
4899.475 106.00113 2.277 -3.143 3.464 AX12P325
4899.477 27.0059 2.041 -2.536 Lawle15HFS ""
4899.48 607.01214 3.329 -2.411 7.724 1114Rb0195
4899.49 607.01214 3.04 -2.842 7.724 1013Pa0055
4899.496 607.01214 1.777 -2.563 7.724 0407Ra0185
4899.499 27.0059 2.041 -2.833 Lawle15HFS ""
4899.5 25.0 4.824 -4.04 "" ""
4899.5 25.0 5.334 -2.36 "" ""
4899.512 27.0059 2.041 -3.152 Lawle15HFS ""
4899.515 106.00113 1.91 -4.409 3.464 AX45Q155
4899.527 27.0059 2.041 -2.947 Lawle15HFS ""
4899.53 27.0059 2.041 -2.958 Lawle15HFS ""
4899.538 607.01214 3.329 -5.322 7.724 1114Qd0205
4899.54 27.0059 2.041 -8.93 Lawle15HFS ""
4899.552 27.0059 2.041 -2.833 Lawle15HFS ""
4899.558 607.01214 1.777 -2.585 7.724 0407Rb0175
4899.56 27.0059 2.041 -3.134 Lawle15HFS ""
4899.561 106.00113 1.91 -4.927 3.464 AX45Q165
4899.57 27.0059 2.041 -2.958 Lawle15HFS ""
4899.577 42.0 2.553 -1.92 "" ""
4899.578 106.00113 0.692 -5.706 3.464 AX12P035
4899.586 607.01214 1.777 -5.415 7.724 0407Qd0185
4899.603 106.00112 1.721 -5.456 3.464 AX12Q255
4899.607 22.0 2.486 -1.66 "" ""
4899.618 106.00113 1.91 -5.932 3.464 AX45P165
4899.631 106.00112 1.954 -2.921 3.464 AX12P295
4899.64 607.01314 3.265 -5.237 7.724 1114Qc0195
4899.663 607.01314 3.265 -2.323 7.724 1114Pb0195
4899.665 106.00113 0.804 -3.222 3.464 AX12P085
4899.688 106.00112 1.721 -2.829 3.464 AX12P265
4899.699 607.01214 3.04 -2.932 7.724 1013Pb0045
4899.705 106.00113 0.804 -4.766 3.464 AX12Q085
4899.73 106.00112 1.954 -5.761 3.464 AX12Q285
4899.739 607.01314 3.265 -2.302 7.724 1114Pa0205
4899.769 106.00112 1.721 -2.813 3.464 AX12P255
4899.773 22.0 3.421 -2.68 "" ""
4899.773 607.01314 1.669 -3.993 7.724 0407Qc0005
4899.775 607.01314 1.669 -3.691 7.724 0407Pa0015
4899.896 106.00112 1.842 -7.309 3.464 AX56R055
4899.896 26.1 2.69 -7.29 "" ""
4899.904 607.01314 3.453 -2.536 7.724 1215Rb0175
4899.909 22.0 1.878 0.31 LAWLER ""
4899.91 57.1 0.0 -0.73 LAWNOHFS ""
4899.918 106.00112 1.954 -2.88 3.464 AX12P285
4899.929 56.1 2.72 -0.08 "" ""
4899.944 106.00113 0.804 -3.17 3.464 AX12P095
4899.963 23.0 2.113 -2.54 "" ""
4899.976 607.01314 3.453 -5.358 7.724 1215Qd0185
4900.021 22.0 2.66 -1.11 "" ""
4900.021 23.0 2.136 -1.97 "" ""
4900.023 24.0 4.436 -4.27 "" ""
4900.028 106.00112 1.248 -4.951 3.464 AX23Q125
4900.057 106.00112 1.248 -3.037 3.464 AX23P125
4900.067 607.01314 3.453 -2.518 7.724 1215Ra0185
4900.08 68.1 1.588 -0.28 "" ""
4900.084 39.0 1.397 -0.36 "" ""
4900.086 106.00112 1.842 -7.292 3.464 AX56R055
4900.102 106.00113 1.868 -2.881 3.464 AX12P285
4900.12 39.1 1.033 0.03 Biemont11 ""
4900.127 607.01214 1.546 -3.411 7.724 0003Ra0595
4900.128 106.00112 1.248 -3.01 3.464 AX23P135
4900.156 607.01214 3.043 -4.661 7.724 1013Qc0055
4900.175 607.01314 3.273 -5.261 7.724 1114Qc0205
4900.184 607.01214 3.043 -2.768 7.724 1013Pa0065
4900.198 607.01314 3.273 -2.303 7.724 1114Pb0205
4900.199 106.00113 0.661 -5.243 3.464 BX02Q005
4900.209 106.00113 0.661 -5.832 3.464 BX02R005
4900.218 106.00112 1.555 -4.875 3.464 AX45P025
4900.234 106.00113 1.286 -4.997 3.464 AX23Q135
4900.238 112.00124 0.379 -3.295 1.340 10P223b24
4900.242 607.01214 1.546 -3.42 7.724 0003Rb0585
4900.248 106.00112 1.424 -3.345 3.464 AX34P095
4900.248 106.00113 1.641 -5.393 3.464 AX12Q245
4900.25 607.01314 1.512 -2.719 7.724 0306Ra0185
4900.269 106.00113 1.868 -5.658 3.464 AX12Q275
4900.274 106.00112 1.424 -4.978 3.464 AX34Q095
4900.277 106.00113 1.286 -3.005 3.464 AX23P135
4900.309 106.00113 1.641 -2.814 3.464 AX12P255
4900.312 106.00112 1.555 -4.873 3.464 AX45P025
4900.313 106.00113 1.286 -2.982 3.464 AX23P145
4900.314 607.01314 1.512 -2.742 7.724 0306Rb0175
4900.34 607.01214 1.546 -7.216 7.724 0003Qd0595
4900.342 106.00112 1.306 -5.649 3.464 AX34P045
4900.342 607.01314 1.512 -5.573 7.724 0306Qd0185
4900.344 106.00113 2.05 -10.703 3.464 CX05P195
4900.358 106.00112 1.872 -7.604 3.464 AX45R145
4900.377 607.01214 1.934 -3.176 7.724 0508Ra0025
4900.379 607.01214 1.934 -3.33 7.724 0508Rb0015
4900.383 607.01214 1.934 -4.474 7.724 0508Qd0025
4900.403 106.00113 1.641 -2.804 3.464 AX12P245
4900.405 23.1 4.002 -1.93 "" ""
4900.417 106.00112 1.872 -4.124 3.464 AX45Q145
4900.419 106.00113 1.329 -5.019 3.464 AX23Q145
4900.42 24.0 3.382 -2.4 "" ""
4900.42 607.01214 3.043 -2.842 7.724 1013Pb0055
4900.427 27.0 1.709 -5.26 "" ""
4900.432 92.1 0.718 -1.65 Nils02/19 ""
4900.441 106.00113 1.868 -2.85 3.464 AX12P275
4900.461 607.01214 3.321 -2.411 7.724 1114Ra0195
4900.474 607.01214 3.321 -2.429 7.724 1114Rb0185
4900.483 106.00113 1.329 -2.978 3.464 AX23P145
4900.492 106.00112 1.872 -4.407 3.464 AX45Q155
4900.501 23.0 2.721 -6.19 "" ""
4900.519 106.00112 1.424 -3.307 3.464 AX34P105
4900.529 607.01214 3.321 -5.298 7.724 1114Qd0195
4900.539 607.01314 1.67 -4.391 7.724 0407Qc0015
4900.542 607.01314 1.67 -3.435 7.724 0407Pa0025
4900.545 607.01314 1.67 -3.691 7.724 0407Pb0015
4900.552 106.00112 1.872 -5.785 3.464 AX45P155
4900.555 24.0 3.382 -2.74 "" ""
4900.569 106.00113 1.329 -2.959 3.464 AX23P155
4900.571 26.0 4.47 -4.21 "" ""
4900.581 106.00112 1.555 -5.088 3.464 AX45Q025
4900.584 22.0 2.675 -1.06 "" ""
4900.588 106.00112 1.306 -5.664 3.464 AX34P045
4900.602 607.01214 1.563 -2.928 7.724 0104Rb0495
4900.626 23.0 2.614 0.2 LAWNOHFS ""
4900.66 25.0 4.723 -2.1 "" ""
4900.669 27.0 4.022 -1.28 "" ""
4900.675 106.00112 1.555 -5.094 3.464 AX45Q025
4900.684 607.01214 1.563 -6.593 7.724 0104Qd0505
4900.696 22.1 5.564 -2.6 "" ""
4900.699 24.0 4.2 -1.04 "" ""
4900.72 25.0 4.675 -1.21 "" ""
4900.73 62.1 0.997 -1.3 LAWLER ""
4900.782 41.0 1.499 -1.16 "" ""
4900.822 26.0 4.792 -2.71 "" ""
4900.825 22.0 2.248 -1.8 "" ""
4900.829 607.01314 3.446 -2.556 7.724 1215Rb0165
4900.832 607.01314 3.446 -2.536 7.724 1215Ra0175
4900.833 607.01214 3.045 -4.729 7.724 1013Qc0065
4900.847 63.0 1.743 -0.31 "" ""
4900.857 106.00113 2.108 -6.444 3.464 AX23Q275
4900.865 607.01214 3.045 -2.705 7.724 1013Pa0075
4900.88 106.00113 2.108 -3.333 3.464 AX23P285
4900.882 22.0 3.152 -2.11 "" ""
4900.894 106.00112 1.289 -4.973 3.464 AX23Q135
4900.898 607.01314 3.446 -5.332 7.724 1215Qd0175
4900.924 106.00112 0.806 -3.222 3.464 AX12P085
4900.925 106.00113 1.251 -5.563 3.464 BX12P185
4900.931 21.0 3.17 -3.35 "" ""
4900.936 106.00112 1.289 -3.005 3.464 AX23P135
4900.951 24.0 5.115 -1.5 "" ""
4900.955 106.00113 2.331 -4.214 3.464 AX23P315
4900.961 106.00113 2.05 -7.157 3.464 CX05Q185
4900.968 106.00112 0.806 -4.749 3.464 AX12Q085
4900.971 28.0 3.477 -1.67 LAWLER ""
4900.993 106.00112 1.875 -2.881 3.464 AX12P285
4901.002 22.0 2.66 -0.89 "" ""
4901.004 112.00124 0.673 -3.076 1.340 21P227b24
4901.07 106.00112 1.289 -2.982 3.464 AX23P145
4901.087 106.00112 1.875 -5.658 3.464 AX12Q275
4901.095 106.00113 2.108 -3.213 3.464 AX23P275
4901.112 106.00112 1.424 -3.344 3.464 AX34P095
4901.117 607.01214 3.045 -2.768 7.724 1013Pb0065
4901.119 106.00113 2.05 -7.105 3.464 CX05Q195
4901.138 106.00112 1.424 -4.996 3.464 AX34Q095
4901.143 106.00113 2.331 -7.007 3.464 AX23Q305
4901.257 607.01314 1.671 -4.583 7.724 0407Qc0025
4901.262 607.01314 1.671 -3.279 7.724 0407Pa0035
4901.268 106.00112 1.875 -2.85 3.464 AX12P275
4901.268 607.01314 1.671 -3.435 7.724 0407Pb0025
4901.27 607.01214 1.77 -2.585 7.724 0407Ra0175
4901.277 106.00112 0.806 -3.17 3.464 AX12P095
4901.282 24.0 2.706 -4.3 "" ""
4901.31 106.00113 1.911 -6.792 3.464 AX45R155
4901.313 106.00112 1.424 -3.307 3.464 AX34P105
4901.313 106.00113 1.911 -4.927 3.464 AX45Q165
4901.33 607.01214 1.77 -2.609 7.724 0407Rb0165
4901.348 106.00113 2.331 -3.764 3.464 AX23P305
4901.356 106.00112 1.556 -4.622 3.464 AX45P035
4901.356 607.01214 1.77 -5.392 7.724 0407Qd0175
4901.358 607.01214 1.933 -3.33 7.724 0508Ra0015
4901.359 607.01214 1.933 -3.584 7.724 0508Rb0005
4901.361 607.01214 1.933 -4.282 7.724 0508Qd0015
4901.373 106.00113 1.911 -4.409 3.464 AX45Q155
4901.376 106.00113 1.911 -5.914 3.464 AX45P165
4901.396 58.1 0.529 -1.71 LAWLER ""
4901.398 106.00113 1.513 -5.5 3.464 AX01Q265
4901.403 106.00113 1.791 -2.851 3.464 AX12P275
4901.428 106.00112 1.556 -4.622 3.464 AX45P035
4901.445 607.01214 3.314 -2.43 7.724 1114Ra0185
4901.446 106.00113 1.513 -2.869 3.464 AX01P275
4901.45 23.0 2.357 -3.88 "" ""
4901.46 607.01214 3.314 -2.449 7.724 1114Rb0175
4901.462 106.00112 0.694 -5.693 3.464 AX12P035
4901.47 59.1 0.967 -0.81 LINOHFS ""
4901.493 106.00112 1.647 -5.393 3.464 AX12Q245
4901.497 607.01214 3.049 -4.789 7.724 1013Qc0075
4901.513 607.01214 3.314 -5.273 7.724 1114Qd0185
4901.533 60.0 0.456 0.27 "" ""
4901.533 607.01214 3.049 -2.65 7.724 1013Pa0085
4901.556 106.00113 1.791 -5.572 3.464 AX12Q265
4901.569 106.00113 0.835 -3.158 3.464 AX12P095
4901.571 20.0 5.581 -5.58 "" ""
4901.58 106.00113 1.513 -2.868 3.464 AX01P265
4901.582 106.00112 1.648 -2.814 3.464 AX12P255
4901.591 106.00113 0.835 -4.79 3.464 AX12Q095
4901.594 25.0 5.334 -2.52 "" ""
4901.616 21.0 1.994 -3.3 "" ""
4901.623 24.1 6.482 -0.83 "" ""
4901.624 607.01314 3.439 -2.556 7.724 1215Ra0165
4901.643 106.00112 0.694 -5.705 3.464 AX12P035
4901.653 106.00112 1.647 -2.804 3.464 AX12P245
4901.655 106.00113 1.596 -2.872 3.464 AX01P285
4901.667 58.0 0.028 -1.03 "" ""
4901.688 24.0 4.446 -3.7 "" ""
4901.709 607.01314 3.439 -2.577 7.724 1215Rb0155
4901.719 27.0 3.927 -1.78 "" ""
4901.723 106.00113 1.791 -2.828 3.464 AX12P265
4901.726 106.00113 1.596 -5.586 3.464 AX01Q275
4901.737 106.00113 2.05 -11.237 3.464 CX05R185
4901.743 106.00112 0.807 -4.765 3.464 AX12Q085
4901.769 106.00112 0.807 -3.222 3.464 AX12P085
4901.774 607.01314 3.439 -5.304 7.724 1215Qd0165
4901.784 20.0 5.014 -3.51 "" ""
4901.792 607.01214 3.049 -2.705 7.724 1013Pb0075
4901.832 60.0 0.293 0.35 "" ""
4901.861 57.0 0.13 -1.46 "" ""
4901.867 106.00113 0.835 -3.112 3.464 AX12P105
4901.895 20.0 5.581 -4.42 "" ""
4901.915 106.00113 1.596 -2.867 3.464 AX01P275
4901.924 106.00113 1.57 -5.337 3.464 AX12Q235
4901.926 62.1 1.165 -1.8 "" ""
4901.929 607.01314 1.673 -4.713 7.724 0407Qc0035
4901.936 607.01314 1.673 -3.165 7.724 0407Pa0045
4901.944 607.01314 1.673 -3.279 7.724 0407Pb0035
4901.986 106.00112 0.807 -3.17 3.464 AX12P095
4901.992 106.00113 1.57 -2.806 3.464 AX12P245
4902.008 607.01314 1.505 -2.742 7.724 0306Ra0175
4902.04 60.1 0.064 -1.34 LAWLER ""
4902.05 106.00112 1.873 -7.623 3.464 AX45R145
4902.059 106.00113 1.376 -5.067 3.464 AX23Q155
4902.069 607.01314 1.505 -2.766 7.724 0306Rb0165
4902.072 106.00113 1.57 -2.801 3.464 AX12P235
4902.089 106.00113 1.563 -4.452 3.464 AX45P035
4902.094 106.00112 1.873 -4.408 3.464 AX45Q155
4902.094 106.00112 2.402 -7.769 3.464 CX05P255
4902.095 607.01314 1.505 -5.55 7.724 0306Qd0175
4902.096 42.0 3.435 -1.98 "" ""
4902.109 106.00112 1.873 -4.124 3.464 AX45Q145
4902.138 106.00113 1.376 -2.956 3.464 AX23P155
4902.148 607.01214 3.052 -4.841 7.724 1013Qc0085
4902.153 106.00112 1.873 -5.768 3.464 AX45P155
4902.16 106.00112 1.954 -7.351 3.464 AX02R295
4902.166 26.0 3.298 -4.7 "" ""
4902.17 106.00112 2.402 -12.067 3.464 CX05Q245
4902.188 607.01214 3.052 -2.601 7.724 1013Pa0095
4902.19 76.0 1.887 -1.88 Quinet06 ""
4902.195 106.00113 1.376 -2.942 3.464 AX23P165
4902.195 607.01314 1.89 -2.285 7.724 0407Pb0315
4902.233 26.0 4.555 -1.32 "" ""
4902.243 106.00113 1.563 -4.451 3.464 AX45P035
4902.243 25.0 4.191 -1.77 "" ""
4902.249 24.0 5.213 -3.77 "" ""
4902.291 25.0 3.769 -4.8 "" ""
4902.293 607.01214 1.933 -3.585 7.724 0508Ra0005
4902.294 607.01214 1.933 -3.884 7.724 0508Qd0005
4902.311 74.0 2.385 -1.16 "" ""
4902.343 106.00113 1.563 -5.084 3.464 AX45Q035
4902.354 106.00112 2.402 -7.438 3.464 CX05P245
4902.386 106.00113 1.33 -5.045 3.464 AX23Q145
4902.422 607.01214 3.306 -2.449 7.724 1114Ra0175
4902.429 607.01314 3.433 -2.577 7.724 1215Ra0155
4902.44 25.0 4.682 -3.09 "" ""
4902.44 25.0 4.682 -3.98 "" ""
4902.44 607.01214 3.306 -2.47 7.724 1114Rb0165
4902.443 106.00113 1.33 -2.96 3.464 AX23P155
4902.443 106.00113 1.33 -2.978 3.464 AX23P145
4902.443 607.01214 3.052 -2.65 7.724 1013Pb0085
4902.485 106.00113 1.452 -3.299 3.464 AX34P105
4902.49 607.01214 3.306 -5.248 7.724 1114Qd0175
4902.497 106.00113 0.836 -3.158 3.464 AX12P095
4902.498 106.00113 1.563 -5.092 3.464 AX45Q035
4902.499 106.00113 1.452 -5.036 3.464 AX34Q105
4902.513 23.0 2.914 -3.93 "" ""
4902.519 106.00113 0.836 -4.808 3.464 AX12Q095
4902.527 27.0 4.022 -2.0 "" ""
4902.529 106.00112 1.798 -2.851 3.464 AX12P275
4902.535 106.00112 1.29 -4.997 3.464 AX23Q135
4902.554 607.01314 1.675 -4.812 7.724 0407Qc0045
4902.559 607.01314 3.433 -2.601 7.724 1215Rb0145
4902.562 607.01314 1.675 -3.076 7.724 0407Pa0055
4902.573 607.01314 1.675 -3.165 7.724 0407Pb0045
4902.578 106.00112 1.29 -3.004 3.464 AX23P135
4902.611 106.00113 2.038 -6.128 3.464 AX23Q265
4902.612 106.00112 1.29 -2.982 3.464 AX23P145
4902.617 106.00112 1.798 -5.572 3.464 AX12Q265
4902.62 607.01314 3.433 -5.275 7.724 1215Qd0155
4902.641 106.00113 2.038 -3.212 3.464 AX23P275
4902.689 24.0 3.077 -3.43 "" ""
4902.696 607.01314 1.877 -5.601 7.724 0407Qc0305
4902.703 106.00112 1.52 -5.5 3.464 AX01Q265
4902.711 106.00113 1.452 -3.269 3.464 AX34P115
4902.712 24.0 2.998 -3.6 "" ""
4902.722 106.00113 0.836 -3.112 3.464 AX12P105
4902.739 106.00112 1.604 -2.872 3.464 AX01P285
4902.742 607.01314 1.877 -2.285 7.724 0407Pa0315
4902.75 59.1 0.204 -1.38 LINOHFS ""
4902.757 607.01314 1.877 -2.3 7.724 0407Pb0305
4902.785 607.01214 3.057 -4.887 7.724 1013Qc0095
4902.787 106.00112 1.521 -2.868 3.464 AX01P275
4902.792 106.00112 1.798 -2.828 3.464 AX12P265
4902.806 23.0 2.614 -2.16 "" ""
4902.83 607.01214 3.057 -2.557 7.724 1013Pa0105
4902.835 106.00113 1.716 -2.83 3.464 AX12P265
4902.836 106.00112 1.604 -5.586 3.464 AX01Q275
4902.836 106.00113 2.038 -3.124 3.464 AX23P265
4902.849 56.0 1.674 -0.82 "" ""
4902.885 23.1 1.803 -5.13 "" ""
4902.892 24.0 3.548 -2.2 "" ""
4902.904 106.00112 1.52 -2.867 3.464 AX01P265
4902.916 106.00113 1.563 -4.305 3.464 AX45P045
4902.925 106.00113 2.24 -5.897 3.464 AX56R185
4902.955 74.0 2.386 -1.43 "" ""
4902.97 24.0 2.707 -5.49 "" ""
4902.974 106.00113 1.716 -5.498 3.464 AX12Q255
4902.981 106.00112 1.334 -5.019 3.464 AX23Q145
4902.998 607.01214 1.762 -2.609 7.724 0407Ra0165
4903.014 22.0 2.238 -2.33 "" ""
4903.035 106.00112 1.334 -2.977 3.464 AX23P145
4903.042 106.00113 1.563 -4.306 3.464 AX45P045
4903.047 106.00112 1.604 -2.867 3.464 AX01P275
4903.055 607.01214 1.762 -2.634 7.724 0407Rb0155
4903.061 44.0 1.32 -0.94 "" ""
4903.072 607.01214 3.057 -2.601 7.724 1013Pb0095
4903.08 607.01214 1.762 -5.368 7.724 0407Qd0165
4903.082 24.0 3.008 -3.86 "" ""
4903.097 26.0 3.299 -5.51 "" ""
4903.132 607.01314 1.678 -4.893 7.724 0407Qc0055
4903.135 106.00113 1.716 -2.813 3.464 AX12P255
4903.142 607.01314 1.678 -3.001 7.724 0407Pa0065
4903.143 106.00112 1.334 -2.959 3.464 AX23P155
4903.152 112.00124 0.411 -3.31 1.340 10P224b24
4903.156 607.01314 1.678 -3.076 7.724 0407Pb0055
4903.221 607.01314 1.864 -5.587 7.724 0407Qc0295
4903.234 24.0 2.542 -1.08 SOBECK ""
4903.24 607.01314 3.427 -2.601 7.724 1215Ra0145
4903.259 20.0 6.012 -3.19 "" ""
4903.266 607.01314 1.864 -2.3 7.724 0407Pa0305
4903.285 607.01314 1.864 -2.316 7.724 0407Pb0295
4903.287 106.00113 0.669 -4.793 3.464 BX02Q015
4903.303 106.00113 0.669 -6.565 3.464 BX02R015
4903.31 26.0 2.882 -0.89 RUF14 ""
4903.321 24.0 3.119 -3.94 "" ""
4903.345 106.00112 1.576 -5.336 3.464 AX12Q235
4903.356 24.0 3.085 -3.39 "" ""
4903.392 607.01214 3.299 -2.47 7.724 1114Ra0165
4903.392 607.01314 3.427 -2.626 7.724 1215Rb0135
4903.408 607.01214 3.061 -4.93 7.724 1013Qc0105
4903.412 607.01214 3.299 -2.492 7.724 1114Rb0155
4903.437 106.00112 1.576 -2.806 3.464 AX12P245
4903.438 106.00113 1.425 -5.117 3.464 AX23Q165
4903.449 607.01314 3.427 -5.245 7.724 1215Qd0145
4903.453 112.00124 0.708 -3.095 1.340 21P228b24
4903.457 607.01214 3.061 -2.517 7.724 1013Pa0115
4903.459 607.01214 3.299 -5.221 7.724 1114Qd0165
4903.497 106.00112 1.576 -2.8 3.464 AX12P235
4903.503 106.00113 1.452 -5.055 3.464 AX34Q105
4903.508 106.00113 1.452 -3.299 3.464 AX34P105
4903.526 106.00113 2.257 -3.762 3.464 AX23P305
4903.531 106.00113 1.425 -2.938 3.464 AX23P165
4903.535 106.00113 1.501 -5.286 3.464 AX12Q225
4903.537 21.0 2.301 -3.82 "" ""
4903.561 106.00113 1.425 -2.929 3.464 AX23P175
4903.607 106.00112 0.838 -3.158 3.464 AX12P095
4903.611 106.00113 1.501 -2.802 3.464 AX12P235
4903.631 106.00112 0.838 -4.79 3.464 AX12Q095
4903.641 68.1 2.429 -0.03 "" ""
4903.642 106.00113 1.452 -3.269 3.464 AX34P115
4903.663 607.01314 1.681 -4.961 7.724 0407Qc0065
4903.674 607.01314 1.681 -2.937 7.724 0407Pa0075
4903.676 106.00113 1.501 -2.801 3.464 AX12P225
4903.678 607.01214 3.061 -2.557 7.724 1013Pb0105
4903.691 607.01314 1.681 -3.001 7.724 0407Pb0065
4903.7 58.1 1.212 -1.33 LAWLER ""
4903.702 106.00113 2.257 -10.925 3.464 AX23Q295
4903.71 607.01314 1.851 -5.573 7.724 0407Qc0285
4903.718 607.01314 1.498 -2.766 7.724 0306Ra0165
4903.736 22.0 2.675 -0.96 "" ""
4903.754 607.01314 1.851 -2.316 7.724 0407Pa0295
4903.756 112.00124 0.744 -2.315 1.340 00R133b24
4903.764 26.0 3.692 -9.7 "" ""
4903.776 607.01314 1.498 -2.791 7.724 0306Rb0155
4903.776 607.01314 1.851 -2.332 7.724 0407Pb0285
4903.801 607.01314 1.498 -5.526 7.724 0306Qd0165
4903.812 42.0 1.334 -2.16 "" ""
4903.838 106.00113 0.87 -3.103 3.464 AX12P105
4903.841 106.00113 0.87 -4.829 3.464 AX12Q105
4903.86 26.1 2.674 -6.89 "" ""
4903.9 106.00113 2.257 -3.505 3.464 AX23P295
4903.904 106.00112 0.838 -3.112 3.464 AX12P105
4903.907 106.00113 1.956 -6.354 3.464 AX45R165
4903.974 106.00113 1.956 -4.927 3.464 AX45Q165
4903.999 106.00112 0.663 -5.243 3.464 BX02Q005
4903.999 106.00113 1.956 -7.333 3.464 AX45Q175
4904.006 106.00113 1.968 -5.913 3.464 AX23Q255
4904.009 106.00112 0.663 -5.831 3.464 BX02R005
4904.011 106.00113 1.946 -7.35 3.464 AX02R295
4904.014 607.01214 3.066 -4.969 7.724 1013Qc0115
4904.022 607.01214 1.933 -3.884 7.724 0508Qc0005
4904.024 607.01214 1.933 -3.582 7.724 0508Pa0015
4904.044 106.00113 1.968 -3.124 3.464 AX23P265
4904.052 607.01314 3.422 -2.626 7.724 1215Ra0135
4904.061 23.1 6.84 -3.11 "" ""
4904.066 106.00113 1.956 -6.113 3.464 AX45P175
4904.068 607.01214 3.066 -2.481 7.724 1013Pa0125
4904.071 22.0 3.548 -2.81 "" ""
4904.096 106.00113 0.87 -3.062 3.464 AX12P115
4904.123 106.00113 2.112 -6.872 3.464 AX13R285
4904.14 27.0059 2.868 -2.483 Lawle15HFS ""
4904.141 27.0059 2.868 -2.597 Lawle15HFS ""
4904.141 27.0059 2.868 -2.608 Lawle15HFS ""
4904.147 607.01314 1.684 -5.019 7.724 0407Qc0075
4904.148 607.01214 1.541 -2.928 7.724 0104Ra0495
4904.158 106.00112 1.723 -2.829 3.464 AX12P265
4904.158 27.0059 2.868 -2.784 Lawle15HFS ""
4904.16 607.01314 1.684 -2.882 7.724 0407Pa0085
4904.162 27.0059 2.868 -8.58 Lawle15HFS ""
4904.163 607.01314 1.839 -5.558 7.724 0407Qc0275
4904.169 27.0059 2.868 -2.802 Lawle15HFS ""
4904.179 27.0059 2.868 -2.186 Lawle15HFS ""
4904.179 27.0059 2.868 -2.608 Lawle15HFS ""
4904.179 607.01314 1.684 -2.937 7.724 0407Pb0075
4904.192 27.0059 2.868 -2.483 Lawle15HFS ""
4904.204 607.01314 1.839 -2.332 7.724 0407Pa0285
4904.207 27.0059 2.868 -2.597 Lawle15HFS ""
4904.213 607.01314 3.422 -2.654 7.724 1215Rb0125
4904.217 106.00113 1.968 -3.058 3.464 AX23P255
4904.227 23.0 2.503 -7.43 "" ""
4904.23 607.01314 1.839 -2.349 7.724 0407Pb0275
4904.24 106.00112 1.723 -5.498 3.464 AX12Q255
4904.242 24.1 6.573 -3.79 "" ""
4904.26 607.01214 1.541 -2.937 7.724 0104Rb0485
4904.264 607.01214 3.066 -2.517 7.724 1013Pb0115
4904.266 607.01314 3.422 -5.213 7.724 1215Qd0135
4904.288 106.00113 1.377 -5.095 3.464 AX23Q155
4904.298 23.0 1.194 -1.32 LAWNOHFS ""
4904.31 106.00113 1.031 -5.512 3.464 AX23P055
4904.322 106.00113 1.643 -2.815 3.464 AX12P255
4904.325 106.00113 1.377 -2.942 3.464 AX23P165
4904.341 607.01214 1.541 -6.586 7.724 0104Qd0495
4904.346 106.00112 1.915 -6.771 3.464 AX45R155
4904.347 106.00113 0.679 -4.582 3.464 BX02Q025
4904.354 607.01214 3.293 -2.492 7.724 1114Ra0155
4904.358 106.00113 1.377 -2.956 3.464 AX23P155
4904.369 23.1 5.476 -4.22 "" ""
4904.371 106.00113 0.679 -6.65 3.464 BX02R025
4904.371 607.01214 1.52 -3.42 7.724 0003Ra0585
4904.376 607.01214 3.293 -2.516 7.724 1114Rb0145
4904.389 42.0 3.263 -1.47 "" ""
4904.407 28.0 3.539 -0.17 "" ""
4904.408 106.00112 1.723 -2.813 3.464 AX12P255
4904.417 106.00112 1.915 -4.408 3.464 AX45Q155
4904.42 607.01214 3.293 -5.193 7.724 1114Qd0155
4904.429 23.0 2.636 0.4 "" ""
4904.431 22.0 2.693 -2.91 "" ""
4904.432 68.1 2.287 -0.48 "" ""
4904.435 23.0 2.136 -0.3 "" ""
4904.441 106.00113 0.663 -5.91 3.464 BX02P015
4904.446 106.00113 1.643 -5.433 3.464 AX12Q245
4904.451 106.00113 0.663 -4.79 3.464 BX02Q015
4904.468 106.00112 1.916 -4.926 3.464 AX45Q165
4904.485 607.01214 1.519 -3.428 7.724 0003Rb0575
4904.509 23.1 4.017 -3.46 "" ""
4904.531 41.0 0.0 -1.62 "" ""
4904.539 106.00112 1.916 -5.931 3.464 AX45P165
4904.548 106.00112 0.839 -3.158 3.464 AX12P095
4904.558 106.00113 1.477 -5.17 3.464 AX23Q175
4904.57 106.00112 0.839 -4.808 3.464 AX12Q095
4904.576 607.01314 1.827 -5.543 7.724 0407Qc0265
4904.582 607.01214 1.52 -7.211 7.724 0003Qd0585
4904.585 607.01314 1.688 -5.07 7.724 0407Qc0085
4904.598 607.01314 1.688 -2.832 7.724 0407Pa0095
4904.601 106.00113 1.643 -2.805 3.464 AX12P245
4904.603 607.01214 3.071 -5.004 7.724 1013Qc0125
4904.617 607.01314 1.827 -2.349 7.724 0407Pa0275
4904.62 607.01314 1.688 -2.882 7.724 0407Pb0085
4904.622 106.00112 1.456 -3.299 3.464 AX34P105
4904.63 106.00112 1.456 -5.035 3.464 AX34Q105
4904.633 106.00113 0.67 -6.269 3.464 BX02P025
4904.639 22.0 2.266 -2.61 "" ""
4904.645 607.01314 1.827 -2.367 7.724 0407Pb0265
4904.649 106.00113 0.67 -4.581 3.464 BX02Q025
4904.66 106.00113 1.031 -5.531 3.464 AX23P055
4904.661 607.01214 3.071 -2.447 7.724 1013Pa0135
4904.664 106.00113 1.477 -2.926 3.464 AX23P175
4904.669 106.00113 1.477 -2.921 3.464 AX23P185
4904.679 607.01214 1.755 -2.634 7.724 0407Ra0155
4904.715 607.01314 1.406 -2.776 7.724 0205Rb0295
4904.734 607.01214 1.755 -2.661 7.724 0407Rb0145
4904.757 607.01214 1.755 -5.342 7.724 0407Qd0155
4904.763 607.01314 1.406 -6.027 7.724 0205Qd0305
4904.775 106.00112 0.839 -3.112 3.464 AX12P105
4904.816 607.01214 1.934 -4.282 7.724 0508Qc0015
4904.818 607.01214 1.934 -3.582 7.724 0508Pb0015
4904.82 607.01214 1.934 -3.326 7.724 0508Pa0025
4904.831 607.01214 3.071 -2.481 7.724 1013Pb0125
4904.834 106.00112 1.335 -5.045 3.464 AX23Q145
4904.85 106.00112 1.456 -3.269 3.464 AX34P115
4904.862 607.01314 3.417 -2.654 7.724 1215Ra0125
4904.875 106.00112 1.381 -5.067 3.464 AX23Q155
4904.879 71.0 0.512 -1.17 "" ""
4904.888 106.00112 1.335 -2.977 3.464 AX23P145
4904.891 106.00112 1.335 -2.959 3.464 AX23P155
4904.893 58.0 0.159 -0.9 "" ""
4904.931 106.00112 2.249 -5.897 3.464 AX56R185
4904.94 106.00112 1.381 -2.955 3.464 AX23P155
4904.942 106.00113 0.871 -3.103 3.464 AX12P105
4904.944 106.00113 0.871 -4.849 3.464 AX12Q105
4904.951 607.01314 1.816 -5.527 7.724 0407Qc0255
4904.956 23.0 2.121 -2.26 "" ""
4904.975 607.01314 1.692 -5.116 7.724 0407Qc0095
4904.978 62.0 0.101 -0.6 "" ""
4904.989 607.01314 1.816 -2.367 7.724 0407Pa0265
4904.99 607.01314 1.692 -2.788 7.724 0407Pa0105
4905.014 607.01314 1.692 -2.832 7.724 0407Pb0095
4905.02 607.01314 1.816 -2.385 7.724 0407Pb0255
4905.024 106.00112 1.381 -2.941 3.464 AX23P165
4905.024 44.0 1.002 -2.13 "" ""
4905.025 106.00113 2.241 -5.846 3.464 AX56R185
4905.028 607.01314 3.417 -2.684 7.724 1215Rb0115
4905.03 106.00113 1.435 -5.24 3.464 AX12Q215
4905.062 40.0 0.65 -2.24 "" ""
4905.069 106.00113 1.9 -5.753 3.464 AX23Q245
4905.07 20.0 4.76 -2.31 "" ""
4905.072 24.0 4.609 -1.33 "" ""
4905.078 607.01314 3.417 -5.178 7.724 1215Qd0125
4905.1 106.00112 1.507 -5.286 3.464 AX12Q225
4905.11 106.00113 0.871 -3.062 3.464 AX12P115
4905.114 106.00113 1.435 -2.803 3.464 AX12P225
4905.114 106.00113 1.9 -3.058 3.464 AX23P255
4905.133 26.0 3.929 -1.73 RUF14 ""
4905.135 27.1 5.065 -3.54 "" ""
4905.137 57.0 0.869 -1.13 "" ""
4905.142 27.0 4.229 -2.67 "" ""
4905.158 24.0 2.708 -4.52 "" ""
4905.162 106.00113 1.435 -2.806 3.464 AX12P215
4905.174 607.01214 3.077 -5.038 7.724 1013Qc0135
4905.18 26.1 6.212 -4.04 "" ""
4905.198 106.00112 1.508 -2.802 3.464 AX12P235
4905.219 26.0 3.299 -2.85 "" ""
4905.223 106.00113 1.371 -2.564 3.464 BX12R205
4905.236 607.01214 3.077 -2.416 7.724 1013Pa0145
4905.245 106.00112 1.507 -2.801 3.464 AX12P225
4905.245 106.00113 0.679 -6.464 3.464 BX02P035
4905.267 106.00113 1.9 -3.009 3.464 AX23P245
4905.268 106.00113 0.679 -4.432 3.464 BX02Q035
4905.284 607.01314 1.805 -5.51 7.724 0407Qc0245
4905.309 607.01214 3.287 -2.516 7.724 1114Ra0145
4905.312 112.00124 0.818 -2.314 1.340 11R131b24
4905.316 106.00113 1.371 -7.107 3.464 BX12Q215
4905.318 607.01314 1.697 -5.158 7.724 0407Qc0105
4905.322 607.01314 1.805 -2.385 7.724 0407Pa0255
4905.332 607.01214 3.287 -2.543 7.724 1114Rb0135
4905.335 607.01314 1.697 -2.747 7.724 0407Pa0115
4905.354 607.01314 1.805 -2.403 7.724 0407Pb0245
4905.361 607.01314 1.697 -2.788 7.724 0407Pb0105
4905.365 24.0 3.009 -3.83 "" ""
4905.37 22.0 2.254 -3.0 "" ""
4905.373 607.01214 3.287 -5.163 7.724 1114Qd0145
4905.381 607.01214 3.077 -2.447 7.724 1013Pb0135
4905.381 607.01314 1.491 -2.791 7.724 0306Ra0155
4905.416 106.00113 1.371 -2.231 3.464 BX12R215
4905.421 106.00113 1.531 -5.227 3.464 AX23Q185
4905.437 607.01314 1.491 -2.818 7.724 0306Rb0145
4905.46 607.01314 1.491 -5.5 7.724 0306Qd0155
4905.476 22.0 3.421 -2.97 "" ""
4905.519 106.00113 0.692 -4.432 3.464 BX02Q035
4905.519 22.0 3.291 -1.15 "" ""
4905.521 106.00113 1.531 -2.918 3.464 AX23P195
4905.541 106.00113 1.531 -2.919 3.464 AX23P185
4905.546 25.0 4.791 -2.4 "" ""
4905.549 106.00113 0.692 -6.709 3.464 BX02R035
4905.563 607.01214 1.935 -4.474 7.724 0508Qc0025
4905.567 607.01214 1.935 -3.326 7.724 0508Pb0025
4905.568 607.01214 1.935 -3.17 7.724 0508Pa0035
4905.576 607.01314 1.795 -5.493 7.724 0407Qc0235
4905.612 607.01314 1.795 -2.403 7.724 0407Pa0245
4905.614 607.01314 1.702 -5.195 7.724 0407Qc0115
4905.618 25.1 6.568 -2.27 "" ""
4905.633 607.01314 1.702 -2.71 7.724 0407Pa0125
4905.636 106.00113 2.184 -3.504 3.464 AX23P295
4905.645 607.01314 1.795 -2.423 7.724 0407Pb0235
4905.649 106.00112 1.456 -3.298 3.464 AX34P105
4905.657 106.00112 1.456 -5.055 3.464 AX34Q105
4905.661 607.01314 1.702 -2.747 7.724 0407Pb0115
4905.662 106.00113 1.822 -7.707 3.464 AX56R045
4905.668 607.01314 3.412 -2.684 7.724 1215Ra0115
4905.693 106.00113 0.908 -4.867 3.464 AX12Q115
4905.693 25.0 4.791 -2.1 "" ""
4905.708 106.00113 0.908 -3.054 3.464 AX12P115
4905.724 607.01214 3.083 -5.069 7.724 1013Qc0145
4905.784 106.00113 1.822 -7.693 3.464 AX56R045
4905.79 607.01214 3.083 -2.387 7.724 1013Pa0155
4905.797 106.00113 1.572 -2.806 3.464 AX12P245
4905.798 106.00113 2.184 -7.052 3.464 AX23Q285
4905.801 106.00112 1.456 -3.269 3.464 AX34P115
4905.808 112.00124 0.744 -2.881 1.340 21P229b24
4905.809 106.00112 1.65 -2.815 3.464 AX12P255
4905.822 106.00113 1.834 -5.626 3.464 AX23Q235
4905.826 607.01314 1.785 -5.475 7.724 0407Qc0225
4905.84 607.01314 3.412 -2.717 7.724 1215Rb0105
4905.841 24.0 5.497 -2.08 "" ""
4905.86 607.01314 1.785 -2.423 7.724 0407Pa0235
4905.864 607.01314 1.707 -5.23 7.724 0407Qc0125
4905.866 106.00112 2.204 -6.927 3.464 AX13R295
4905.875 106.00113 1.834 -3.009 3.464 AX23P245
4905.883 106.00112 1.65 -5.433 3.464 AX12Q245
4905.884 607.01314 1.707 -2.675 7.724 0407Pa0135
4905.885 607.01314 3.412 -5.142 7.724 1215Qd0115
4905.887 106.00112 0.873 -4.829 3.464 AX12Q105
4905.888 106.00112 0.873 -3.102 3.464 AX12P105
4905.895 607.01314 1.785 -2.443 7.724 0407Pb0225
4905.906 106.00113 1.572 -5.376 3.464 AX12Q235
4905.913 106.00113 0.908 -3.018 3.464 AX12P125
4905.913 607.01314 1.707 -2.71 7.724 0407Pb0125
4905.914 20.0 5.724 -2.57 "" ""
4905.914 607.01214 3.083 -2.416 7.724 1013Pb0145
4905.932 112.00124 0.444 -3.324 1.340 10P225b24
4905.945 106.00113 1.426 -5.146 3.464 AX23Q165
4905.948 106.00113 1.957 -7.333 3.464 AX45Q175
4905.963 106.00113 1.426 -2.929 3.464 AX23P175
4905.963 106.00113 1.957 -6.376 3.464 AX45R165
4905.963 23.1 6.542 -3.7 "" ""
4905.99 106.00113 2.184 -3.334 3.464 AX23P285
4906.007 106.00113 1.834 -2.972 3.464 AX23P235
4906.022 106.00113 1.957 -6.094 3.464 AX45P175
4906.027 106.00113 1.426 -2.938 3.464 AX23P165
4906.028 106.00113 1.588 -5.289 3.464 AX23Q195
4906.032 607.01314 1.775 -5.456 7.724 0407Qc0215
4906.036 106.00113 1.957 -4.927 3.464 AX45Q165
4906.045 106.00112 1.65 -2.804 3.464 AX12P245
4906.05 24.0 3.419 -3.83 "" ""
4906.055 106.00113 1.572 -2.801 3.464 AX12P235
4906.065 607.01314 1.775 -2.443 7.724 0407Pa0225
4906.067 607.01314 1.713 -5.262 7.724 0407Qc0135
4906.078 106.00112 1.567 -4.451 3.464 AX45P035
4906.088 607.01314 1.713 -2.643 7.724 0407Pa0145
4906.1 607.01314 1.775 -2.464 7.724 0407Pb0215
4906.108 39.0 1.429 -0.44 "" ""
4906.118 106.00113 1.588 -2.922 3.464 AX23P205
4906.119 607.01314 1.713 -2.675 7.724 0407Pb0135
4906.135 106.00112 0.873 -3.061 3.464 AX12P115
4906.162 106.00113 1.588 -2.916 3.464 AX23P195
4906.188 106.00113 0.692 -6.592 3.464 BX02P045
4906.195 607.01314 1.766 -5.436 7.724 0407Qc0205
4906.217 106.00113 0.692 -4.309 3.464 BX02Q045
4906.223 106.00113 0.661 -5.244 3.464 BX02Q005
4906.223 607.01314 1.719 -5.292 7.724 0407Qc0145
4906.226 607.01314 1.766 -2.464 7.724 0407Pa0215
4906.228 106.00113 1.435 -5.462 3.464 AX01Q255
4906.235 106.00112 1.567 -4.45 3.464 AX45P035
4906.239 106.00112 1.916 -6.791 3.464 AX45R155
4906.246 607.01314 1.719 -2.613 7.724 0407Pa0155
4906.252 607.01214 3.09 -5.098 7.724 1013Qc0155
4906.255 607.01214 3.281 -2.543 7.724 1114Ra0135
4906.262 607.01314 1.766 -2.486 7.724 0407Pb0205
4906.264 607.01214 1.937 -4.605 7.724 0508Qc0035
4906.266 106.00112 1.916 -4.926 3.464 AX45Q165
4906.269 607.01214 1.937 -3.17 7.724 0508Pb0035
4906.27 607.01214 1.937 -3.057 7.724 0508Pa0045
4906.278 607.01314 1.719 -2.643 7.724 0407Pb0145
4906.279 607.01214 3.281 -2.571 7.724 1114Rb0125
4906.281 106.00113 0.357 -4.463 3.464 AX01P025
4906.282 106.00113 1.77 -5.523 3.464 AX23Q225
4906.284 106.00113 1.435 -2.869 3.464 AX01P265
4906.31 106.00112 1.916 -4.408 3.464 AX45Q155
4906.313 607.01214 1.749 -2.661 7.724 0407Ra0145
4906.313 607.01314 1.757 -5.415 7.724 0407Qc0195
4906.317 607.01214 3.281 -5.132 7.724 1114Qd0135
4906.321 106.00112 1.567 -5.083 3.464 AX45Q035
4906.322 607.01214 3.09 -2.36 7.724 1013Pa0165
4906.333 607.01314 1.726 -5.32 7.724 0407Qc0155
4906.336 106.00112 1.916 -5.913 3.464 AX45P165
4906.343 607.01314 1.757 -2.486 7.724 0407Pa0205
4906.344 106.00113 1.77 -2.973 3.464 AX23P235
4906.357 607.01314 1.726 -2.584 7.724 0407Pa0165
4906.36 106.00113 1.371 -5.196 3.464 AX12Q205
4906.365 607.01214 1.749 -2.689 7.724 0407Rb0135
4906.377 106.00113 1.646 -5.358 3.464 AX23Q205
4906.377 25.1 7.376 -6.74 "" ""
4906.379 607.01314 1.757 -2.508 7.724 0407Pb0195
4906.386 607.01314 1.749 -5.393 7.724 0407Qc0185
4906.387 607.01214 1.749 -5.314 7.724 0407Qd0145
4906.391 607.01314 1.726 -2.613 7.724 0407Pb0155
4906.396 106.00113 0.358 -4.461 3.464 AX01P025
4906.396 607.01314 1.733 -5.346 7.724 0407Qc0165
4906.404 106.00113 1.435 -2.871 3.464 AX01P255
4906.414 607.01314 1.741 -5.37 7.724 0407Qc0175
4906.415 607.01314 1.749 -2.508 7.724 0407Pa0195
4906.416 106.00113 1.516 -2.869 3.464 AX01P275
4906.422 607.01314 1.733 -2.558 7.724 0407Pa0175
4906.434 607.01214 3.09 -2.387 7.724 1013Pb0155
4906.441 607.01314 1.741 -2.532 7.724 0407Pa0185
4906.45 607.01314 1.749 -2.532 7.724 0407Pb0185
4906.454 106.00112 1.034 -5.512 3.464 AX23P055
4906.454 106.00113 1.371 -2.808 3.464 AX12P215
4906.455 106.00113 1.77 -2.947 3.464 AX23P225
4906.457 106.00113 1.646 -2.931 3.464 AX23P215
4906.457 607.01314 1.733 -2.584 7.724 0407Pb0165
4906.461 23.0 1.349 -3.66 "" ""
4906.464 106.00113 1.707 -5.434 3.464 AX23Q215
4906.47 607.01314 3.408 -2.717 7.724 1215Ra0105
4906.477 607.01314 1.741 -2.558 7.724 0407Pb0175
4906.478 106.00112 1.567 -5.091 3.464 AX45Q035
4906.484 106.00113 1.371 -2.815 3.464 AX12P205
4906.484 106.00113 1.516 -5.543 3.464 AX01Q265
4906.515 20.0 6.013 -4.12 "" ""
4906.524 106.00113 1.646 -2.92 3.464 AX23P205
4906.535 106.00113 1.707 -2.948 3.464 AX23P225
4906.602 106.00112 1.431 -5.117 3.464 AX23Q165
4906.624 106.00113 1.707 -2.93 3.464 AX23P215
4906.649 607.01314 3.408 -2.754 7.724 1215Rb0095
4906.667 106.00113 1.516 -2.868 3.464 AX01P265
4906.677 106.00112 1.431 -2.938 3.464 AX23P165
4906.678 21.0 2.0 -1.01 "" ""
4906.69 607.01314 3.408 -5.102 7.724 1215Qd0105
4906.701 106.00113 0.357 -4.768 3.464 AX01Q025
4906.712 106.00112 1.441 -5.239 3.464 AX12Q215
4906.714 25.0 5.228 -2.0 "" ""
4906.728 23.0 2.682 -3.45 "" ""
4906.74 106.00112 1.431 -2.928 3.464 AX23P175
4906.757 607.01214 3.097 -5.126 7.724 1013Qc0165
4906.776 23.0 2.914 -4.37 "" ""
4906.789 106.00113 1.486 -3.262 3.464 AX34P115
4906.79 106.00113 1.486 -5.096 3.464 AX34Q115
4906.79 24.0 2.965 -3.63 "" ""
4906.812 106.00112 1.034 -5.53 3.464 AX23P055
4906.814 106.00113 0.358 -4.774 3.464 AX01Q025
4906.815 106.00112 1.441 -2.803 3.464 AX12P225
4906.832 607.01214 3.097 -2.335 7.724 1013Pa0175
4906.839 22.0 3.152 -3.78 "" ""
4906.848 106.00112 1.441 -2.806 3.464 AX12P215
4906.856 23.0 2.129 -1.65 LAWNOHFS ""
4906.91 106.00112 1.567 -4.305 3.464 AX45P045
4906.918 607.01214 1.939 -4.704 7.724 0508Qc0045
4906.923 106.00113 0.708 -4.31 3.464 BX02Q045
4906.925 607.01214 1.939 -2.967 7.724 0508Pa0055
4906.926 607.01214 1.939 -3.057 7.724 0508Pb0045
4906.94 607.01214 3.097 -2.36 7.724 1013Pb0165
4906.942 28.0 3.737 -3.05 "" ""
4906.947 106.00112 1.382 -5.094 3.464 AX23Q155
4906.959 106.00113 0.708 -6.749 3.464 BX02R045
4906.979 59.0 0.543 0.38 "" ""
4906.98 106.00113 1.486 -3.24 3.464 AX34P125
4906.982 106.00113 0.908 -4.888 3.464 AX12Q115
4906.985 106.00112 1.382 -2.941 3.464 AX23P165
4906.997 607.01314 1.484 -2.818 7.724 0306Ra0145
4906.998 106.00113 0.908 -3.054 3.464 AX12P115
4907.003 106.00112 0.874 -3.102 3.464 AX12P105
4907.003 106.00112 0.874 -4.848 3.464 AX12Q105
4907.012 106.00112 1.382 -2.955 3.464 AX23P155
4907.033 106.00112 2.25 -5.846 3.464 AX56R185
4907.039 106.00112 1.567 -4.305 3.464 AX45P045
