wavelength species excitation loggf disassociation_energy comment
3882.87 62.1 0.434 -1.76 LAWLER ""
3882.872 607.01314 0.124 -3.136 7.724 0000Qc0225
3882.884 607.01314 0.251 -3.293 7.724 0000Qc0325
3882.886 68.1 0.886 -0.15 LAWLER ""
3882.891 22.0 2.039 0.69 "" ""
3882.897 607.01314 0.124 -0.104 7.724 0000Pa0235
3882.902 607.01214 0.294 0.063 7.724 0000Pb0345
3882.919 607.01314 0.251 0.05 7.724 0000Pa0335
3882.924 607.01314 0.124 -0.123 7.724 0000Pb0225
3882.938 607.01214 0.118 -3.116 7.724 0000Qc0215
3882.94 607.01314 2.369 -0.705 7.724 1010Ra0125
3882.95 607.01214 0.278 -3.306 7.724 0000Qc0335
3882.954 42.0 2.258 -1.96 "" ""
3882.962 607.01214 0.118 -0.122 7.724 0000Pa0225
3882.962 607.01314 0.134 -3.155 7.724 0000Qc0235
3882.962 607.01314 0.251 0.037 7.724 0000Pb0325
3882.972 607.01314 0.236 -3.28 7.724 0000Qc0315
3882.983 106.00113 0.519 -4.873 3.464 BX10P165
3882.988 607.01214 0.278 0.063 7.724 0000Pa0345
3882.988 607.01214 2.51 -0.398 7.724 1010Ra0245
3882.988 607.01314 0.134 -0.086 7.724 0000Pa0245
3882.989 607.01314 2.369 -0.739 7.724 1010Rb0115
3882.993 607.01214 0.118 -0.142 7.724 0000Pb0215
3882.999 607.01314 2.369 -3.254 7.724 1010Qd0125
3883.006 607.01314 0.236 0.037 7.724 0000Pa0325
3883.019 607.01314 0.134 -0.104 7.724 0000Pb0235
3883.033 607.01214 0.278 0.051 7.724 0000Pb0335
3883.033 607.01314 0.146 -3.173 7.724 0000Qc0245
3883.039 23.1 6.291 -3.97 "" ""
3883.041 607.01314 0.222 -3.266 7.724 0000Qc0305
3883.047 607.01314 0.236 0.023 7.724 0000Pb0315
3883.053 607.01214 0.129 -3.136 7.724 0000Qc0225
3883.06 106.00113 1.513 -7.216 3.464 AX31P265
3883.061 607.01314 0.146 -0.068 7.724 0000Pa0255
3883.064 607.01214 0.262 -3.293 7.724 0000Qc0325
3883.074 607.01314 0.222 0.023 7.724 0000Pa0315
3883.078 607.01214 0.129 -0.103 7.724 0000Pa0235
3883.08 26.1 2.028 -7.49 "" ""
3883.084 607.01314 0.157 -3.19 7.724 0000Qc0255
3883.089 607.01314 0.208 -3.252 7.724 0000Qc0295
3883.091 607.01314 0.146 -0.086 7.724 0000Pb0245
3883.097 24.0 3.885 -0.34 "" ""
3883.1 607.01214 0.262 0.051 7.724 0000Pa0335
3883.11 607.01214 0.129 -0.122 7.724 0000Pb0225
3883.111 92.0 0.0 -0.57 "" ""
3883.115 607.01314 0.157 -0.052 7.724 0000Pa0265
3883.115 607.01314 0.169 -3.206 7.724 0000Qc0265
3883.115 607.01314 0.222 0.009 7.724 0000Pb0305
3883.118 607.01314 0.195 -3.237 7.724 0000Qc0285
3883.121 607.01314 0.208 0.009 7.724 0000Pa0305
3883.126 607.01314 0.182 -3.222 7.724 0000Qc0275
3883.131 69.0 0.0 0.13 "" ""
3883.137 41.0 0.086 -0.61 "" ""
3883.138 23.0 2.676 -1.53 "" ""
3883.144 607.01214 0.262 0.038 7.724 0000Pb0325
3883.144 607.01314 0.157 -0.068 7.724 0000Pb0255
3883.144 607.01314 0.169 -0.036 7.724 0000Pa0275
3883.147 607.01214 0.14 -3.154 7.724 0000Qc0235
3883.149 607.01314 0.195 -0.005 7.724 0000Pa0295
3883.156 607.01214 0.247 -3.279 7.724 0000Qc0315
3883.156 607.01314 0.182 -0.02 7.724 0000Pa0285
3883.16 607.01314 0.208 -0.005 7.724 0000Pb0295
3883.167 106.00113 1.593 -2.432 3.464 AX21R285
3883.174 607.01214 0.14 -0.085 7.724 0000Pa0245
3883.179 607.01314 0.169 -0.052 7.724 0000Pb0265
3883.186 607.01314 0.195 -0.02 7.724 0000Pb0285
3883.189 607.01214 2.241 -3.422 7.724 0909Qc0185
3883.191 607.01214 0.247 0.038 7.724 0000Pa0325
3883.192 607.01314 0.182 -0.036 7.724 0000Pb0275
3883.205 23.1 1.427 -2.3 "" ""
3883.206 607.01214 2.241 -0.56 7.724 0909Pa0195
3883.207 607.01214 0.14 -0.103 7.724 0000Pb0235
3883.214 607.01214 2.241 -0.583 7.724 0909Pb0185
3883.221 23.0 2.252 -5.3 "" ""
3883.221 607.01214 0.152 -3.172 7.724 0000Qc0245
3883.228 607.01214 0.232 -3.266 7.724 0000Qc0305
3883.234 607.01214 0.247 0.024 7.724 0000Pb0315
3883.249 607.01214 0.152 -0.068 7.724 0000Pa0255
3883.249 607.01314 2.251 -3.554 7.724 0909Qc0245
3883.259 26.0 4.151 -0.69 "" ""
3883.261 25.0 5.334 0.64 "" ""
3883.262 607.01214 0.232 0.024 7.724 0000Pa0315
3883.27 607.01314 2.251 -0.459 7.724 0909Pa0255
3883.274 607.01214 0.164 -3.189 7.724 0000Qc0255
3883.277 607.01214 2.5 -0.416 7.724 1010Ra0235
3883.278 607.01214 0.217 -3.251 7.724 0000Qc0295
3883.28 26.0 3.249 -0.6 "" ""
3883.283 607.01214 0.152 -0.085 7.724 0000Pb0245
3883.285 28.0 3.696 -3.54 "" ""
3883.287 24.0 0.982 -1.26 SOBECK ""
3883.298 607.01214 2.5 -0.436 7.724 1010Rb0225
3883.299 24.0 3.884 -0.45 "" ""
3883.303 607.01214 0.164 -0.051 7.724 0000Pa0265
3883.304 607.01214 0.232 0.01 7.724 0000Pb0305
3883.306 607.01214 0.177 -3.206 7.724 0000Qc0265
3883.307 106.00113 1.593 -2.52 3.464 AX21R275
3883.309 607.01214 0.203 -3.237 7.724 0000Qc0285
3883.31 607.01314 2.251 -0.477 7.724 0909Pb0245
3883.312 607.01214 0.217 0.01 7.724 0000Pa0305
3883.313 25.0 4.662 -2.54 "" ""
3883.317 607.01214 2.5 -3.496 7.724 1010Qd0235
3883.318 607.01214 0.19 -3.221 7.724 0000Qc0275
3883.333 106.00113 1.593 -5.279 3.464 AX21Q285
3883.336 24.0 3.426 -0.85 "" ""
3883.336 607.01214 0.177 -0.035 7.724 0000Pa0275
3883.338 607.01214 0.164 -0.068 7.724 0000Pb0255
3883.341 607.01214 0.203 -0.004 7.724 0000Pa0295
3883.347 22.0 2.266 -5.97 "" ""
3883.349 607.01214 0.19 -0.019 7.724 0000Pa0285
3883.352 607.01214 0.217 -0.004 7.724 0000Pb0295
3883.373 607.01214 0.177 -0.051 7.724 0000Pb0265
3883.378 106.00113 0.708 -5.941 3.464 AX32R055
3883.38 607.01214 0.203 -0.019 7.724 0000Pb0285
3883.386 607.01314 2.364 -0.739 7.724 1010Ra0115
3883.387 607.01214 0.19 -0.035 7.724 0000Pb0275
3883.426 23.1 1.671 -2.81 "" ""
3883.433 607.01314 2.364 -0.776 7.724 1010Rb0105
3883.437 58.1 0.875 -1.25 LAWLER ""
3883.44 69.1 0.029 -0.97 LAWLER ""
3883.443 607.01314 2.364 -3.22 7.724 1010Qd0115
3883.445 106.00113 1.588 -8.865 3.464 CX03R205
3883.461 42.0 2.913 -1.53 "" ""
3883.478 23.1 6.959 -1.43 "" ""
3883.517 106.00113 0.708 -5.922 3.464 AX32R055
3883.533 58.1 0.536 -1.07 LAWLER ""
3883.576 58.1 0.322 -1.04 LAWLER ""
3883.607 27.0 2.784 -3.66 "" ""
3883.621 607.01214 2.49 -0.436 7.724 1010Ra0225
3883.634 24.0 3.008 -0.85 "" ""
3883.724 607.01214 2.49 -0.456 7.724 1010Rb0215
3883.732 607.01214 2.25 -3.443 7.724 0909Qc0195
3883.733 24.0 3.885 -0.66 "" ""
3883.738 607.01214 2.49 -3.478 7.724 1010Qd0225
3883.749 607.01214 2.25 -0.538 7.724 0909Pa0205
3883.756 607.01214 2.25 -0.56 7.724 0909Pb0195
3883.767 72.1 1.671 -0.66 "" ""
3883.769 106.00112 0.776 -4.844 3.464 AX10Q215
3883.793 106.00112 0.776 -6.293 3.464 AX10R205
3883.8 62.1 0.333 -1.87 LAWLER ""
3883.825 74.0 2.265 -0.8 "" ""
3883.838 607.01314 2.359 -0.777 7.724 1010Ra0105
3883.854 106.00112 0.776 -6.812 3.464 AX10P215
3883.878 106.00112 0.776 -5.203 3.464 AX10Q205
3883.882 607.01314 2.359 -0.817 7.724 1010Rb0095
3883.887 23.0 1.944 -0.79 "" ""
3883.89 25.0 4.791 -2.56 "" ""
3883.891 607.01314 2.359 -3.183 7.724 1010Qd0105
3883.953 23.0 3.087 -3.4 "" ""
3884.0 607.01214 2.481 -0.456 7.724 1010Ra0215
3884.019 21.0 2.336 -0.91 "" ""
3884.024 106.00113 0.312 -1.501 3.464 BX00R125
3884.043 607.01314 2.262 -3.57 7.724 0909Qc0255
3884.056 59.1 0.204 -1.52 "" ""
3884.065 44.0 1.821 -0.61 "" ""
3884.065 607.01314 2.262 -0.441 7.724 0909Pa0265
3884.087 22.0 1.979 -0.99 "" ""
3884.091 60.1 1.71 0.13 "" ""
3884.105 607.01214 2.481 -0.477 7.724 1010Rb0205
3884.119 68.0 1.623 0.64 "" ""
3884.141 607.01314 2.262 -0.459 7.724 0909Pb0255
3884.142 607.01214 2.481 -3.46 7.724 1010Qd0215
3884.149 106.00112 0.073 -5.157 3.464 AX10P055
3884.162 106.00113 0.312 -6.792 3.464 BX00Q135
3884.18 26.0 3.544 -3.45 "" ""
3884.193 22.0 2.238 -3.1 "" ""
3884.208 21.0 4.602 -2.87 "" ""
3884.208 58.1 1.543 0.07 "" ""
3884.216 20.0 5.581 -2.7 "" ""
3884.217 106.00113 0.312 -1.483 3.464 BX00R135
3884.225 106.00112 0.314 -1.501 3.464 BX00R125
3884.236 106.00112 0.073 -6.593 3.464 AX10Q055
3884.278 607.01214 2.259 -3.464 7.724 0909Qc0205
3884.294 607.01214 2.259 -0.517 7.724 0909Pa0215
3884.294 607.01314 2.355 -0.817 7.724 1010Ra0095
3884.296 27.0 3.565 -0.95 "" ""
3884.3 607.01214 2.259 -0.538 7.724 0909Pb0205
3884.335 607.01314 2.355 -0.862 7.724 1010Rb0085
3884.343 607.01314 2.355 -3.142 7.724 1010Qd0095
3884.353 26.0 4.188 -1.89 "" ""
3884.358 26.0 2.69 -1.15 "" ""
3884.362 106.00112 0.314 -6.792 3.464 BX00Q135
3884.386 607.01214 2.472 -0.477 7.724 1010Ra0205
3884.402 106.00112 0.073 -5.157 3.464 AX10P055
3884.414 106.00112 0.314 -1.483 3.464 BX00R135
3884.419 20.0 5.581 -2.26 "" ""
3884.436 27.1 2.777 -4.97 "" ""
3884.457 22.0 2.091 -2.79 "" ""
3884.461 106.00112 0.844 -6.182 3.464 AX10R215
3884.471 24.0 3.886 -0.44 "" ""
3884.49 106.00112 0.073 -6.604 3.464 AX10Q055
3884.495 106.00112 1.65 -5.319 3.464 AX32R255
3884.496 607.01214 2.472 -0.499 7.724 1010Rb0195
3884.5 22.0 1.872 -4.22 "" ""
3884.502 106.00113 0.772 -4.844 3.464 AX10Q215
3884.524 26.0 2.873 -6.19 "" ""
3884.524 90.1 1.204 -1.28 "" ""
3884.529 106.00112 0.844 -4.56 3.464 AX10Q225
3884.531 106.00113 0.772 -6.293 3.464 AX10R205
3884.537 607.01214 2.472 -3.441 7.724 1010Qd0205
3884.552 106.00112 0.844 -4.844 3.464 AX10Q215
3884.558 106.00112 0.074 -5.052 3.464 AX10P065
3884.585 106.00113 0.772 -6.811 3.464 AX10P215
3884.585 28.0 3.844 -1.86 "" ""
3884.603 27.0 1.048 -1.85 LAWNHFS ""
3884.605 24.0 3.884 -2.77 "" ""
3884.61 26.0 4.183 -4.08 "" ""
3884.614 106.00113 0.772 -5.203 3.464 AX10Q205
3884.614 26.0 4.1 -4.25 "" ""
3884.62 106.00112 0.844 -6.948 3.464 AX10P225
3884.658 24.0 3.426 -0.07 "" ""
3884.66 64.1 1.373 -0.65 "" ""
3884.663 26.0 3.281 -2.3 "" ""
3884.675 106.00113 1.477 -6.946 3.464 AX53Q175
3884.676 26.1 4.612 -3.41 "" ""
3884.7 106.00113 1.477 -5.052 3.464 AX53P175
3884.714 44.0 1.697 -1.34 "" ""
3884.72 23.0 2.503 -5.04 "" ""
3884.741 63.0 1.804 0.62 "" ""
3884.744 106.00113 1.477 -5.466 3.464 AX53P185
3884.754 607.01314 2.352 -0.862 7.724 1010Ra0085
3884.779 106.00112 0.074 -5.052 3.464 AX10P065
3884.781 607.01214 2.464 -0.499 7.724 1010Ra0195
3884.793 607.01314 2.352 -0.911 7.724 1010Rb0075
3884.8 607.01314 2.352 -3.096 7.724 1010Qd0085
3884.802 22.0 1.501 -1.1 "" ""
3884.823 23.1051 1.792 -2.853 LAWLER ""
3884.824 25.0 3.132 -4.38 "" ""
3884.827 607.01214 2.268 -3.483 7.724 0909Qc0215
3884.828 23.1051 1.792 -2.045 LAWLER ""
3884.829 23.1051 1.792 -2.658 LAWLER ""
3884.833 23.1051 1.792 -2.273 LAWLER ""
3884.834 23.1051 1.792 -2.605 LAWLER ""
3884.837 23.1051 1.792 -2.559 LAWLER ""
3884.838 23.1051 1.792 -2.631 LAWLER ""
3884.838 23.1051 1.792 -2.853 LAWLER ""
3884.841 23.1051 1.792 -2.658 LAWLER ""
3884.841 23.1051 1.792 -2.73 LAWLER ""
3884.841 23.1051 1.792 -2.945 LAWLER ""
3884.843 23.1051 1.792 -3.575 LAWLER ""
3884.844 23.1051 1.792 -2.605 LAWLER ""
3884.844 23.1051 1.792 -2.952 LAWLER ""
3884.845 23.1051 1.792 -10.38 LAWLER ""
3884.846 23.1051 1.792 -2.631 LAWLER ""
3884.846 23.1051 1.792 -3.429 LAWLER ""
3884.847 23.1051 1.792 -2.73 LAWLER ""
3884.847 23.1051 1.792 -2.952 LAWLER ""
3884.848 607.01214 2.268 -0.497 7.724 0909Pa0225
3884.848 607.01214 2.268 -0.517 7.724 0909Pb0215
3884.869 25.1 5.366 -3.5 "" ""
3884.869 27.0 3.62 -1.05 "" ""
3884.893 607.01214 2.464 -0.522 7.724 1010Rb0185
3884.914 23.0 2.573 -3.94 "" ""
3884.931 607.01214 2.464 -3.42 7.724 1010Qd0195
3884.952 25.0 4.682 -3.5 "" ""
3884.96 26.0 3.881 -2.78 "" ""
3885.039 24.0 3.885 -4.19 "" ""
3885.048 607.01314 2.273 -0.442 7.724 0909Pb0265
3885.067 24.0 3.009 -0.89 "" ""
3885.085 106.00113 0.073 -5.157 3.464 AX10P055
3885.118 23.0 2.241 -1.05 "" ""
3885.132 24.0 4.093 -1.63 "" ""
3885.145 26.0 2.988 -1.68 "" ""
3885.173 106.00113 0.073 -6.593 3.464 AX10Q055
3885.179 106.00113 0.839 -6.182 3.464 AX10R215
3885.18 21.1 7.425 -1.91 "" ""
3885.183 607.01214 2.456 -0.522 7.724 1010Ra0185
3885.195 59.1 0.204 -0.48 "" ""
3885.2 73.0 1.461 -1.0 "" ""
3885.214 24.0 0.968 -1.35 SOBECK ""
3885.219 607.01314 2.348 -0.911 7.724 1010Ra0075
3885.233 23.1 5.836 -3.73 "" ""
3885.239 106.00113 0.839 -4.56 3.464 AX10Q225
3885.255 607.01314 2.348 -0.967 7.724 1010Rb0065
3885.259 25.1 6.663 -3.87 "" ""
3885.261 607.01314 2.348 -3.045 7.724 1010Qd0075
3885.267 106.00113 0.839 -4.844 3.464 AX10Q215
3885.275 27.0 0.922 -2.35 LAWNHFS ""
3885.28 62.1 0.484 0.06 LAWLER ""
3885.299 607.01214 2.456 -0.546 7.724 1010Rb0175
3885.313 23.0 1.954 -1.55 LAWNOHFS ""
3885.324 24.0 3.085 -3.75 "" ""
3885.327 106.00113 0.839 -6.948 3.464 AX10P225
3885.327 607.01214 2.456 -3.399 7.724 1010Qd0185
3885.333 27.0 3.62 -1.48 "" ""
3885.335 106.00113 0.073 -5.157 3.464 AX10P055
3885.335 106.00113 1.641 -7.349 3.464 AX42Q245
3885.373 106.00113 1.641 -4.743 3.464 AX42P255
3885.381 607.01214 2.278 -3.501 7.724 0909Qc0225
3885.382 68.1 1.56 -0.58 "" ""
3885.402 607.01214 2.278 -0.477 7.724 0909Pa0235
3885.402 607.01214 2.278 -0.497 7.724 0909Pb0225
3885.408 25.0 3.376 -4.96 "" ""
3885.419 40.0 0.0 -0.59 "" ""
3885.423 106.00113 0.073 -6.604 3.464 AX10Q055
3885.423 25.0 3.376 -4.77 "" ""
3885.426 106.00113 1.641 -4.441 3.464 AX42P245
3885.444 25.0 4.329 -2.03 "" ""
3885.449 41.0 1.428 0.46 "" ""
3885.471 106.00112 0.348 -8.179 3.464 AX21Q015
3885.487 25.0 3.133 -3.91 "" ""
3885.494 106.00113 0.073 -5.052 3.464 AX10P065
3885.5 24.0 2.985 -2.7 "" ""
3885.501 42.0 2.068 -2.18 "" ""
3885.506 106.00112 0.348 -8.177 3.464 AX21Q015
3885.51 26.0 2.422 -1.18 "" ""
3885.553 106.00112 1.595 -8.865 3.464 CX03R205
3885.592 607.01214 2.448 -0.546 7.724 1010Ra0175
3885.629 26.0 3.045 -5.84 "" ""
3885.661 26.0 4.151 -2.75 "" ""
3885.682 41.0 1.393 0.23 "" ""
3885.689 607.01314 2.345 -0.967 7.724 1010Ra0065
3885.698 24.0 3.407 -2.07 "" ""
3885.711 607.01214 2.448 -0.571 7.724 1010Rb0165
3885.712 106.00113 0.073 -5.052 3.464 AX10P065
3885.72 106.00112 0.348 -6.94 3.464 AX21R015
3885.72 607.01314 2.345 -1.03 7.724 1010Rb0055
3885.726 607.01314 2.345 -2.987 7.724 1010Qd0065
3885.731 607.01214 2.448 -3.376 7.724 1010Qd0175
3885.749 26.0 3.263 -1.24 "" ""
3885.756 106.00112 0.348 -6.944 3.464 AX21R015
3885.768 90.1 0.189 -2.21 Nils02/8 ""
3885.769 58.1 0.529 -1.34 LAWLER ""
3885.778 23.1 5.845 -2.25 "" ""
3885.805 26.1 6.218 -4.81 "" ""
3885.836 25.0 3.133 -3.94 "" ""
3885.862 28.0 0.275 -4.56 "" ""
3885.9 62.1 0.543 -1.19 LAWLER ""
3885.91 26.0 4.073 -1.67 "" ""
3885.923 26.0 3.692 -2.22 "" ""
3885.939 607.01214 2.288 -3.519 7.724 0909Qc0235
3885.941 25.0 3.376 -4.42 "" ""
3885.941 25.0 3.376 -6.77 "" ""
3885.95 106.00112 0.522 -4.872 3.464 BX10P165
3885.96 607.01214 2.288 -0.459 7.724 0909Pa0245
3885.965 607.01214 2.288 -0.477 7.724 0909Pb0235
3886.008 607.01214 2.441 -0.571 7.724 1010Ra0165
3886.047 106.00112 1.334 -7.336 3.464 AX53P145
3886.057 24.0 3.426 -0.86 "" ""
3886.074 41.0 0.019 -1.34 "" ""
3886.131 607.01214 2.441 -0.598 7.724 1010Rb0155
3886.142 106.00112 0.359 -7.39 3.464 AX21Q025
3886.142 607.01214 2.441 -3.352 7.724 1010Qd0165
3886.143 24.0 4.385 -3.24 "" ""
3886.162 607.01314 2.343 -1.03 7.724 1010Ra0055
3886.188 23.0 1.941 -0.86 "" ""
3886.19 607.01314 2.343 -1.104 7.724 1010Rb0045
3886.195 607.01314 2.343 -2.919 7.724 1010Qd0055
3886.213 106.00112 0.359 -7.389 3.464 AX21Q025
3886.263 106.00113 0.002 -2.346 3.464 BX00Q005
3886.269 106.00113 0.002 -2.95 3.464 BX00R005
3886.282 26.0 0.052 -1.05 OBR91 ""
3886.307 106.00112 0.359 -6.762 3.464 AX21R025
3886.341 106.00113 1.516 -7.288 3.464 AX31P265
3886.36 65.1 0.641 -1.09 LAWNOHFS ""
3886.365 106.00113 0.347 -8.179 3.464 AX21Q015
3886.365 24.0 3.077 -4.5 "" ""
3886.367 57.1139 0.321 -0.882 Lawle01HFS ""
3886.37 57.1139 0.321 -1.053 Lawle01HFS ""
3886.37 57.1139 0.321 -1.622 Lawle01HFS ""
3886.372 57.1139 0.321 -2.622 Lawle01HFS ""
3886.373 106.00112 0.349 -7.754 3.464 AX21P025
3886.373 57.1139 0.321 -1.26 Lawle01HFS ""
3886.373 57.1139 0.321 -1.44 Lawle01HFS ""
3886.375 57.1139 0.321 -1.406 Lawle01HFS ""
3886.375 57.1139 0.321 -1.531 Lawle01HFS ""
3886.375 57.1139 0.321 -2.204 Lawle01HFS ""
3886.377 57.1139 0.321 -1.465 Lawle01HFS ""
3886.377 57.1139 0.321 -1.949 Lawle01HFS ""
3886.377 57.1139 0.321 -1.97 Lawle01HFS ""
3886.378 106.00112 0.359 -6.767 3.464 AX21R025
3886.378 57.1139 0.321 -1.648 Lawle01HFS ""
3886.378 57.1139 0.321 -1.824 Lawle01HFS ""
3886.379 57.1139 0.321 -1.727 Lawle01HFS ""
3886.396 106.00112 0.349 -7.752 3.464 AX21P025
3886.399 106.00113 0.347 -8.177 3.464 AX21Q015
3886.404 26.0 3.94 -2.96 "" ""
3886.409 106.00112 0.002 -2.346 3.464 BX00Q005
3886.413 106.00112 0.002 -2.95 3.464 BX00R005
3886.414 24.0 3.886 -2.64 "" ""
3886.431 607.01214 2.434 -0.598 7.724 1010Ra0155
3886.437 106.00113 1.478 -5.467 3.464 AX53P185
3886.437 106.00113 1.478 -6.976 3.464 AX53Q175
3886.461 106.00113 1.478 -5.052 3.464 AX53P175
3886.475 22.0 2.248 -4.79 "" ""
3886.479 106.00113 1.596 -2.433 3.464 AX21R285
3886.493 58.1 0.56 -1.05 LAWLER ""
3886.501 607.01214 2.299 -3.536 7.724 0909Qc0245
3886.521 607.01214 2.299 -0.441 7.724 0909Pa0255
3886.522 106.00112 1.976 -7.175 3.464 CX24P215
3886.526 26.0 4.257 -3.32 "" ""
3886.536 607.01214 2.299 -0.459 7.724 0909Pb0245
3886.54 21.0 2.294 -0.59 "" ""
3886.557 607.01214 2.434 -0.626 7.724 1010Rb0145
3886.563 607.01214 2.434 -3.326 7.724 1010Qd0155
3886.586 23.0 1.375 -0.53 "" ""
3886.601 24.0 3.09 -8.15 "" ""
3886.603 106.00113 1.596 -5.237 3.464 AX21Q285
3886.612 106.00113 0.347 -6.94 3.464 AX21R015
3886.619 26.1 4.491 -5.53 "" ""
3886.622 106.00112 0.349 -7.468 3.464 AX21Q025
3886.64 106.00112 1.601 -2.431 3.464 AX21R285
3886.64 607.01314 2.341 -1.104 7.724 1010Ra0045
3886.646 106.00112 0.349 -7.469 3.464 AX21Q025
3886.647 106.00113 0.347 -6.944 3.464 AX21R015
3886.648 106.00113 1.596 -2.521 3.464 AX21R275
3886.664 607.01314 2.341 -1.194 7.724 1010Rb0035
3886.665 106.00112 1.601 -2.52 3.464 AX21R275
3886.668 607.01314 2.341 -2.839 7.724 1010Qd0045
3886.679 23.0 1.954 -1.31 "" ""
3886.716 106.00112 1.601 -5.279 3.464 AX21Q285
3886.727 27.1 2.679 -5.17 "" ""
3886.751 26.0 4.188 -1.91 "" ""
3886.752 106.00112 0.359 -7.494 3.464 AX21P035
3886.754 76.0 1.613 -1.82 "" ""
3886.793 23.0 2.246 -0.81 "" ""
3886.795 24.0 1.003 -1.37 SOBECK ""
3886.806 106.00112 0.359 -7.491 3.464 AX21P035
3886.821 42.0 1.469 -0.96 "" ""
3886.824 106.00112 0.372 -6.82 3.464 AX21Q035
3886.848 23.0 2.255 -7.72 "" ""
3886.86 607.01214 2.428 -0.626 7.724 1010Ra0145
3886.863 23.1 6.641 -0.83 "" ""
3886.907 106.00112 0.846 -4.56 3.464 AX10Q225
3886.916 90.0 0.355 -1.0 "" ""
3886.917 106.00112 0.359 -6.846 3.464 AX21Q035
3886.939 106.00112 0.846 -6.207 3.464 AX10R215
3886.94 27.0 3.626 -2.03 "" ""
3886.941 106.00112 0.372 -6.606 3.464 AX21R035
3886.942 106.00112 0.372 -6.819 3.464 AX21Q035
3886.946 27.0 3.663 -1.03 "" ""
3886.952 26.0 3.249 -3.87 "" ""
3886.972 106.00112 0.359 -6.846 3.464 AX21Q035
3886.99 607.01214 2.428 -0.656 7.724 1010Rb0135
3886.994 607.01214 2.428 -3.299 7.724 1010Qd0145
3886.998 106.00112 0.846 -6.925 3.464 AX10P225
3887.015 22.0 1.442 -5.08 "" ""
3887.019 90.0 1.29 -0.07 "" ""
3887.028 24.0 2.985 -2.77 "" ""
3887.029 106.00113 0.357 -7.39 3.464 AX21Q025
3887.029 23.0 1.349 -2.3 "" ""
3887.03 106.00112 0.846 -4.844 3.464 AX10Q215
3887.045 28.0 3.594 -3.51 "" ""
3887.048 26.0 0.914 -1.09 OBR91 ""
3887.052 23.1 4.7 -4.22 "" ""
3887.059 106.00112 0.372 -6.612 3.464 AX21R035
3887.07 607.01214 2.31 -3.552 7.724 0909Qc0255
3887.076 24.0 3.011 -1.86 "" ""
3887.094 607.01214 2.31 -0.423 7.724 0909Pa0265
3887.1 106.00113 0.358 -7.389 3.464 AX21Q025
3887.11 62.1 0.543 -1.48 LAWLER ""
3887.115 26.0 4.188 -3.8 "" ""
3887.118 607.01214 2.31 -0.441 7.724 0909Pb0255
3887.122 607.01314 2.339 -1.194 7.724 1010Ra0035
3887.14 21.0 1.849 -3.65 "" ""
3887.142 607.01314 2.339 -1.307 7.724 1010Rb0025
3887.143 24.1 4.934 -3.22 "" ""
3887.145 607.01314 2.339 -2.74 7.724 1010Qd0035
3887.149 68.1 1.368 -0.64 LAWLER ""
3887.15 64.1 0.078 -1.83 LAWLER ""
3887.153 106.00113 1.435 -7.142 3.464 AX42P215
3887.18 21.0 1.952 -2.84 "" ""
3887.194 106.00113 0.357 -6.762 3.464 AX21R025
3887.211 106.00112 1.335 -7.38 3.464 AX53P145
3887.262 106.00113 0.348 -7.754 3.464 AX21P025
3887.265 106.00113 0.358 -6.767 3.464 AX21R025
3887.284 106.00113 0.348 -7.752 3.464 AX21P025
3887.287 106.00112 0.372 -7.377 3.464 AX21P045
3887.295 607.01214 2.422 -0.656 7.724 1010Ra0135
3887.333 25.0 4.662 -1.77 "" ""
3887.347 69.0 0.0 -0.17 "" ""
3887.354 26.0 2.756 -7.4 "" ""
3887.357 22.0 1.995 -1.06 "" ""
3887.383 106.00112 0.373 -7.372 3.464 AX21P045
3887.404 106.00112 0.372 -6.401 3.464 AX21Q045
3887.41 26.0 3.926 -3.64 "" ""
3887.43 607.01214 2.422 -0.688 7.724 1010Rb0125
3887.433 607.01214 2.422 -3.269 7.724 1010Qd0135
3887.451 21.1 7.418 -1.98 "" ""
3887.481 75.0 3.363 0.09 "" ""
3887.486 24.0 2.965 -4.3 "" ""
3887.501 106.00112 0.373 -6.402 3.464 AX21Q045
3887.509 106.00113 0.348 -7.468 3.464 AX21Q025
3887.517 26.0 4.1 -3.63 "" ""
3887.532 106.00113 0.348 -7.468 3.464 AX21Q025
3887.551 23.0 1.891 -1.38 "" ""
3887.586 106.00113 0.841 -4.56 3.464 AX10Q225
3887.605 106.00112 0.389 -6.39 3.464 AX21Q045
3887.607 607.01314 2.338 -1.307 7.724 1010Ra0025
3887.624 106.00113 0.841 -6.207 3.464 AX10R215
3887.624 607.01314 2.338 -1.463 7.724 1010Rb0015
3887.625 607.01314 2.338 -2.61 7.724 1010Qd0025
3887.627 106.00112 0.035 -7.48 3.464 AX10P035
3887.636 106.00113 0.358 -7.493 3.464 AX21P035
3887.644 607.01214 2.321 -3.567 7.724 0909Qc0265
3887.652 24.0 3.963 -4.11 "" ""
3887.66 65.1 0.126 -0.84 LAWNOHFS ""
3887.67 42.0 3.315 -1.15 "" ""
3887.674 106.00113 0.841 -6.925 3.464 AX10P225
3887.685 607.01214 2.321 -0.407 7.724 0909Pa0275
3887.689 106.00113 0.358 -7.49 3.464 AX21P035
3887.69 106.00112 0.389 -6.481 3.464 AX21R045
3887.704 106.00113 0.371 -6.819 3.464 AX21Q035
3887.711 27.0 3.684 -2.94 "" ""
3887.712 106.00113 0.841 -4.844 3.464 AX10Q215
3887.714 23.0 2.038 -4.08 "" ""
3887.715 607.01214 2.321 -0.423 7.724 0909Pb0265
3887.726 106.00112 0.917 -6.099 3.464 AX10R225
3887.735 64.0 0.066 -1.27 "" ""
3887.737 607.01214 2.416 -0.688 7.724 1010Ra0125
3887.75 106.00112 0.035 -7.492 3.464 AX10P035
3887.764 106.00113 1.641 -5.387 3.464 AX32R255
3887.765 39.0 1.407 -0.99 "" ""
3887.78 106.00112 0.389 -6.389 3.464 AX21Q045
3887.791 106.00112 0.917 -4.321 3.464 AX10Q235
3887.791 25.0 4.824 -2.18 "" ""
3887.801 106.00113 0.358 -6.845 3.464 AX21Q035
3887.804 22.0 2.229 -2.69 "" ""
3887.813 24.0 3.09 -4.35 "" ""
3887.818 44.0 1.865 -0.7 "" ""
3887.822 106.00113 0.371 -6.605 3.464 AX21R035
3887.822 106.00113 0.371 -6.819 3.464 AX21Q035
3887.823 106.00112 0.917 -4.56 3.464 AX10Q225
3887.854 106.00113 0.358 -6.846 3.464 AX21Q035
3887.861 23.0 2.255 -0.37 "" ""
3887.865 106.00112 0.389 -6.488 3.464 AX21R045
3887.87 60.1 0.064 -0.78 LAWLER ""
3887.876 607.01214 2.416 -0.722 7.724 1010Rb0115
3887.881 607.01214 2.416 -3.238 7.724 1010Qd0125
3887.887 106.00112 0.917 -7.093 3.464 AX10P235
3887.931 106.00113 1.643 -4.743 3.464 AX42P255
3887.939 106.00113 0.371 -6.611 3.464 AX21R035
3887.951 42.0 3.44 -0.87 "" ""
3887.951 75.0 2.147 -0.86 "" ""
3887.974 74.1 2.574 -1.74 "" ""
3887.977 106.00112 0.389 -7.317 3.464 AX21P055
3888.009 106.00113 1.643 -7.389 3.464 AX42Q245
3888.022 22.0 1.995 -0.97 "" ""
3888.048 26.0 4.188 -1.7 "" ""
3888.062 106.00112 0.389 -6.058 3.464 AX21Q055
3888.074 23.0 1.948 -3.17 "" ""
3888.09 106.00113 1.643 -4.441 3.464 AX42P245
3888.096 607.01314 2.337 -1.463 7.724 1010Ra0015
3888.11 607.01314 2.337 -1.719 7.724 1010Rb0005
3888.11 607.01314 2.337 -2.418 7.724 1010Qd0015
3888.113 23.1 4.772 -2.08 "" ""
3888.122 26.0 4.214 -2.4 "" ""
3888.127 106.00112 0.389 -7.312 3.464 AX21P055
3888.133 27.0 3.277 -4.57 "" ""
3888.159 23.0 2.576 -3.21 "" ""
3888.165 106.00113 0.371 -7.376 3.464 AX21P045
3888.175 42.0 2.497 -1.07 "" ""
3888.184 607.01214 2.411 -0.723 7.724 1010Ra0115
3888.187 22.0 2.493 -1.29 "" ""
3888.205 22.1 4.906 -1.63 "" ""
3888.212 106.00112 0.389 -6.058 3.464 AX21Q055
3888.226 607.01214 2.333 -3.582 7.724 0909Qc0275
3888.23 607.01214 2.333 -0.407 7.724 0909Pb0275
3888.25 607.01214 2.333 -0.39 7.724 0909Pa0285
3888.26 106.00113 0.371 -7.372 3.464 AX21P045
3888.282 106.00113 0.371 -6.401 3.464 AX21Q045
3888.287 22.0 2.039 -2.57 "" ""
3888.328 607.01214 2.411 -0.76 7.724 1010Rb0105
3888.331 45.0 1.675 -0.8 "" ""
3888.332 23.0 1.798 -1.69 "" ""
3888.336 607.01214 2.411 -3.203 7.724 1010Qd0115
3888.338 28.0 3.737 -4.18 "" ""
3888.363 58.1 1.854 0.38 "" ""
3888.377 106.00113 0.371 -6.402 3.464 AX21Q045
3888.381 106.00113 0.911 -6.099 3.464 AX10R225
3888.387 58.1 0.634 -0.8 LAWLER ""
3888.389 24.0 3.887 -2.36 "" ""
3888.416 26.0 3.263 -1.5 "" ""
3888.417 29.0 5.72 -1.87 "" ""
3888.423 26.0 4.151 -2.85 "" ""
3888.425 66.1 1.98 0.29 "" ""
3888.437 106.00113 0.911 -4.321 3.464 AX10Q235
3888.443 22.1 4.891 -4.07 "" ""
3888.475 106.00113 0.911 -4.56 3.464 AX10Q225
3888.477 106.00113 0.388 -6.389 3.464 AX21Q045
3888.511 23.1 2.599 -3.92 "" ""
3888.512 23.0 2.33 -2.94 "" ""
3888.514 106.00112 0.409 -6.052 3.464 AX21Q055
3888.514 26.0 1.607 -0.55 OBR91 ""
3888.53 106.00113 0.911 -7.093 3.464 AX10P235
3888.551 106.00113 0.035 -7.48 3.464 AX10P035
3888.562 106.00113 0.388 -6.481 3.464 AX21R045
3888.565 55.0 0.0 -2.7 "" ""
3888.575 106.00112 0.409 -6.381 3.464 AX21R055
3888.592 607.01314 2.337 -1.719 7.724 1010Ra0005
3888.598 607.01314 2.337 -2.02 7.724 1010Qd0005
3888.636 607.01214 2.406 -0.76 7.724 1010Ra0105
3888.651 106.00113 0.388 -6.389 3.464 AX21Q045
3888.655 23.0 2.027 -2.07 "" ""
3888.672 106.00113 0.035 -7.492 3.464 AX10P035
3888.68 23.1 4.513 -3.91 "" ""
3888.713 106.00112 0.694 -5.903 3.464 AX32R045
3888.737 106.00113 0.388 -6.488 3.464 AX21R045
3888.747 22.0 2.015 -1.96 "" ""
3888.758 106.00112 0.409 -6.051 3.464 AX21Q055
3888.763 106.00113 0.01 -1.902 3.464 BX00Q015
3888.774 106.00113 0.01 -3.609 3.464 BX00R015
3888.786 607.01214 2.406 -0.8 7.724 1010Rb0095
3888.797 607.01214 2.406 -3.166 7.724 1010Qd0105
3888.801 22.0 2.235 -7.6 "" ""
3888.805 106.00112 0.694 -5.887 3.464 AX32R045
3888.815 607.01214 2.346 -0.391 7.724 0909Pb0285
3888.815 607.01214 2.346 -3.596 7.724 0909Qc0285
3888.815 67.1165 0.725 -1.725 LAWLER ""
3888.816 67.1165 0.725 -0.469 LAWLER ""
3888.819 106.00112 0.409 -6.389 3.464 AX21R055
3888.822 26.0 3.015 -0.74 "" ""
3888.825 106.00112 0.409 -7.29 3.464 AX21P065
3888.83 25.0 4.675 -1.02 "" ""
3888.84 607.01214 2.346 -0.375 7.724 0909Pa0295
3888.848 106.00113 0.388 -7.317 3.464 AX21P055
3888.857 106.00112 0.098 -5.021 3.464 AX10P065
3888.864 67.1165 0.725 -1.502 LAWLER ""
3888.867 67.1165 0.725 -0.565 LAWLER ""
3888.868 67.1165 0.725 -1.725 LAWLER ""
3888.871 42.0 2.621 -1.05 "" ""
3888.886 106.00112 0.409 -5.776 3.464 AX21Q065
3888.891 22.0 2.693 -2.42 "" ""
3888.9 25.1 6.666 -3.7 "" ""
3888.909 67.1165 0.725 -1.416 LAWLER ""
3888.911 106.00112 0.01 -1.902 3.464 BX00Q015
3888.911 106.00113 0.359 -1.483 3.464 BX00R135
3888.912 67.1165 0.725 -0.664 LAWLER ""
3888.915 67.1165 0.725 -1.502 LAWLER ""
3888.92 106.00112 0.098 -6.666 3.464 AX10Q065
3888.922 106.00112 0.01 -3.609 3.464 BX00R015
3888.925 64.0 1.356 0.5 "" ""
3888.933 106.00113 0.388 -6.058 3.464 AX21Q055
3888.948 106.00113 0.004 -2.914 3.464 BX00P015
3888.949 67.1165 0.725 -1.396 LAWLER ""
3888.953 67.1165 0.725 -0.764 LAWLER ""
3888.954 106.00113 0.004 -1.903 3.464 BX00Q015
3888.956 67.1165 0.725 -1.416 LAWLER ""
3888.985 67.1165 0.725 -1.429 LAWLER ""
3888.988 58.1 1.176 -0.21 "" ""
3888.988 67.1165 0.725 -0.862 LAWLER ""
3888.989 25.0 5.083 -1.39 "" ""
3888.992 67.1165 0.725 -1.396 LAWLER ""
3888.995 106.00113 0.388 -7.312 3.464 AX21P055
3889.015 67.1165 0.725 -1.525 LAWLER ""
3889.018 67.1165 0.725 -0.951 LAWLER ""
3889.022 67.1165 0.725 -1.429 LAWLER ""
3889.038 106.00112 0.41 -7.284 3.464 AX21P065
3889.04 26.0 2.607 -4.55 "" ""
3889.041 67.1165 0.725 -1.747 LAWLER ""
3889.043 67.1165 0.725 -1.02 LAWLER ""
3889.046 67.1165 0.725 -1.525 LAWLER ""
3889.048 1.0 10.191 -1.19 "" ""
3889.048 106.00113 0.359 -6.799 3.464 BX00Q145
3889.063 67.1165 0.725 -1.048 LAWLER ""
3889.065 67.1165 0.725 -1.747 LAWLER ""
3889.067 24.0 3.447 -1.0 "" ""
3889.08 106.00113 0.388 -6.058 3.464 AX21Q055
3889.094 607.01214 2.402 -0.8 7.724 1010Ra0095
3889.097 106.00112 0.004 -2.914 3.464 BX00P015
3889.099 106.00112 0.41 -5.776 3.464 AX21Q065
3889.101 20.0 2.707 -2.83 "" ""
3889.102 106.00112 0.004 -1.903 3.464 BX00Q015
3889.102 106.00113 0.359 -1.47 3.464 BX00R145
3889.102 26.0 3.94 -1.96 "" ""
3889.119 25.1 5.369 -2.38 "" ""
3889.136 25.0 4.35 -1.3 "" ""
3889.14 62.1 0.333 -1.36 LAWLER ""
3889.188 20.0 5.736 -3.72 "" ""
3889.192 106.00112 0.098 -5.021 3.464 AX10P065
3889.195 106.00112 0.098 -4.933 3.464 AX10P075
3889.211 106.00112 0.361 -1.483 3.464 BX00R135
3889.223 72.0 1.305 -0.71 "" ""
3889.229 23.0 1.948 -1.21 "" ""
3889.25 607.01214 2.402 -0.845 7.724 1010Rb0085
3889.255 106.00112 0.098 -6.678 3.464 AX10Q065
3889.263 607.01214 2.402 -3.125 7.724 1010Qd0095
3889.268 26.0 2.69 -3.13 "" ""
3889.297 58.1 0.464 -1.16 LAWLER ""
3889.306 106.00112 0.361 -6.799 3.464 BX00Q145
3889.314 22.0 1.732 -4.54 "" ""
3889.322 56.0 0.0 -1.99 "" ""
3889.323 26.0 3.271 -3.09 "" ""
3889.326 26.0 3.209 -4.62 "" ""
3889.34 59.1 0.055 -0.63 LINOHFS ""
3889.352 106.00113 1.437 -7.203 3.464 AX42P215
3889.36 72.0 0.699 -1.26 "" ""
3889.376 106.00113 0.408 -6.051 3.464 AX21Q055
3889.399 106.00112 0.361 -1.469 3.464 BX00R145
3889.407 607.01214 2.358 -0.375 7.724 0909Pb0295
3889.412 607.01214 2.358 -3.61 7.724 0909Qc0295
3889.416 37.0 0.0 -9.41 "" ""
3889.438 106.00113 0.408 -6.381 3.464 AX21R055
3889.438 607.01214 2.358 -0.359 7.724 0909Pa0305
3889.441 20.0 5.737 -3.71 "" ""
3889.456 25.0 5.345 -0.01 "" ""
3889.472 58.1 0.326 -1.29 LAWLER ""
3889.481 106.00113 0.692 -5.903 3.464 AX32R045
3889.493 106.00112 0.098 -4.933 3.464 AX10P075
3889.523 23.0 2.267 -1.94 "" ""
3889.558 607.01214 2.398 -0.845 7.724 1010Ra0085
3889.569 106.00112 0.433 -5.772 3.464 AX21Q065
3889.571 106.00113 0.692 -5.887 3.464 AX32R045
3889.574 106.00112 1.806 -7.733 3.464 CX14R195
3889.585 25.0 4.191 -1.37 "" ""
3889.585 607.01314 2.337 -2.02 7.724 1010Qc0005
3889.586 607.01314 2.337 -1.72 7.724 1010Pa0015
3889.611 106.00112 0.433 -6.298 3.464 AX21R065
3889.618 106.00113 0.408 -6.051 3.464 AX21Q055
3889.63 60.1 0.204 -1.3 LAWLER ""
3889.66 28.0 3.831 0.1 "" ""
3889.674 28.0 0.212 -3.32 "" ""
3889.68 106.00113 0.408 -6.389 3.464 AX21R055
3889.685 106.00113 0.408 -7.29 3.464 AX21P065
3889.686 106.00113 0.011 -3.282 3.464 BX00P025
3889.688 23.0 2.682 -2.81 "" ""
3889.696 106.00113 0.011 -1.71 3.464 BX00Q025
3889.714 23.0 2.284 -1.01 "" ""
3889.719 607.01214 2.398 -0.894 7.724 1010Rb0075
3889.724 25.1 6.49 -4.06 "" ""
3889.733 607.01214 2.398 -3.079 7.724 1010Qd0085
3889.747 106.00113 0.408 -5.776 3.464 AX21Q065
3889.765 106.00113 0.097 -5.021 3.464 AX10P065
3889.794 41.0 0.267 -1.86 "" ""
3889.795 68.1 0.891 -0.95 LAWLER ""
3889.826 23.0 1.944 -1.34 "" ""
3889.829 106.00113 0.097 -6.666 3.464 AX10Q065
3889.834 106.00112 0.433 -7.288 3.464 AX21P075
3889.838 106.00112 0.011 -3.282 3.464 BX00P025
3889.842 24.0 3.447 -0.18 "" ""
3889.849 106.00112 0.011 -1.71 3.464 BX00Q025
3889.852 20.0 2.707 -6.38 "" ""
3889.861 20.0 2.707 -7.69 "" ""
3889.864 37.0 0.0 -9.23 "" ""
3889.876 106.00112 0.433 -5.531 3.464 AX21Q075
3889.891 106.00112 0.433 -5.772 3.464 AX21Q065
3889.895 106.00113 0.408 -7.284 3.464 AX21P065
3889.908 106.00112 1.604 -2.432 3.464 AX21R285
3889.918 24.1 4.916 -3.3 "" ""
3889.919 26.0 3.263 -2.53 "" ""
3889.93 60.1 0.32 -0.1 LAWLER ""
3889.933 106.00112 0.433 -6.307 3.464 AX21R065
3889.945 106.00112 1.961 -6.571 3.464 CX35P165
3889.951 22.0 0.0 -2.24 "" ""
3889.957 106.00113 0.408 -5.776 3.464 AX21Q065
3889.965 75.0 2.745 -0.34 "" ""
3889.979 27.0 3.565 -0.95 "" ""
3889.982 58.1 0.676 0.12 LAWLER ""
3889.983 106.00112 1.604 -5.237 3.464 AX21Q285
3890.008 607.01214 2.372 -0.36 7.724 0909Pb0305
3890.018 607.01214 2.372 -3.623 7.724 0909Qc0305
3890.027 607.01214 2.395 -0.894 7.724 1010Ra0075
3890.044 106.00112 1.604 -2.52 3.464 AX21R275
3890.045 607.01214 2.372 -0.345 7.724 0909Pa0315
3890.049 106.00113 0.002 -2.347 3.464 BX00Q005
3890.054 24.1 4.753 -3.09 "" ""
3890.062 27.0 3.168 -5.18 "" ""
3890.08 62.1 0.184 -0.95 LAWLER ""
3890.084 607.01314 2.338 -2.418 7.724 1010Qc0015
3890.086 23.1 6.16 -3.84 "" ""
3890.087 607.01314 2.338 -1.465 7.724 1010Pa0025
3890.09 607.01314 2.338 -1.72 7.724 1010Pb0015
3890.096 106.00113 0.097 -5.021 3.464 AX10P065
3890.103 106.00113 0.097 -4.933 3.464 AX10P075
3890.112 27.0 3.407 -1.99 "" ""
3890.121 106.00112 0.433 -7.28 3.464 AX21P075
3890.131 21.1 7.434 -1.59 "" ""
3890.16 106.00113 0.097 -6.678 3.464 AX10Q065
3890.163 106.00112 0.433 -5.532 3.464 AX21Q075
3890.172 106.00113 1.643 -5.318 3.464 AX32R255
3890.178 12.0 7.162 -0.09 "" ""
3890.179 23.0 0.04 -0.94 LAWNOHFS ""
3890.193 607.01214 2.395 -0.95 7.724 1010Rb0065
3890.206 607.01214 2.395 -3.028 7.724 1010Qd0075
3890.212 44.0 1.138 -1.19 "" ""
3890.217 106.00112 0.002 -2.347 3.464 BX00Q005
3890.219 60.1 0.559 -0.63 "" ""
3890.244 25.0 4.341 -2.66 "" ""
3890.281 23.0 2.245 -1.44 "" ""
3890.315 40.0 0.154 -0.17 "" ""
3890.332 24.0 4.398 -2.65 "" ""
3890.347 106.00112 0.919 -4.321 3.464 AX10Q235
3890.361 92.1 0.036 -0.47 "" ""
3890.386 106.00112 0.919 -6.125 3.464 AX10R225
3890.386 26.0 4.151 -1.56 "" ""
3890.394 26.0 3.239 -1.63 "" ""
3890.397 106.00113 0.098 -4.933 3.464 AX10P075
3890.399 106.00113 0.021 -1.71 3.464 BX00Q025
3890.414 106.00113 0.021 -3.725 3.464 BX00R025
3890.418 106.00113 0.431 -5.772 3.464 AX21Q065
3890.421 64.0 0.896 -0.2 "" ""
3890.443 106.00112 0.919 -7.07 3.464 AX10P235
3890.451 42.0 3.499 -1.08 "" ""
3890.457 23.1 5.845 -4.43 "" ""
3890.461 106.00113 0.431 -6.298 3.464 AX21R065
3890.481 106.00112 0.919 -4.561 3.464 AX10Q225
3890.502 607.01214 2.392 -0.95 7.724 1010Ra0065
3890.515 58.1 0.327 -1.39 LAWLER ""
3890.52 69.1 0.0 -1.8 LAWLER ""
3890.542 25.0 3.38 -4.57 "" ""
3890.557 106.00112 0.021 -1.71 3.464 BX00Q025
3890.563 22.0 1.979 -5.91 "" ""
3890.573 106.00112 0.021 -3.725 3.464 BX00R025
3890.58 60.1 0.63 0.19 LAWLER ""
3890.586 607.01314 2.339 -2.61 7.724 1010Qc0025
3890.589 607.01314 2.339 -1.311 7.724 1010Pa0035
3890.601 607.01314 2.339 -1.465 7.724 1010Pb0025
3890.613 68.1 1.368 -0.22 "" ""
3890.619 607.01214 2.385 -0.345 7.724 0909Pb0315
3890.635 607.01214 2.385 -3.636 7.724 0909Qc0315
3890.663 607.01214 2.385 -0.33 7.724 0909Pa0325
3890.672 607.01214 2.392 -1.013 7.724 1010Rb0055
3890.682 106.00113 0.431 -7.288 3.464 AX21P075
3890.682 607.01214 2.392 -2.97 7.724 1010Qd0065
3890.69 27.0 3.629 -2.91 "" ""
3890.702 28.0 3.536 -2.81 "" ""
3890.704 42.0 3.245 -0.86 "" ""
3890.721 24.0 3.889 -1.21 "" ""
3890.726 106.00113 0.431 -5.531 3.464 AX21Q075
3890.73 27.0 3.527 -3.5 "" ""
3890.738 106.00113 0.431 -5.772 3.464 AX21Q065
3890.744 58.1 0.265 -0.78 LAWLER ""
3890.745 74.0 2.265 -0.8 "" ""
3890.757 24.0 3.407 -1.5 "" ""
3890.78 106.00113 0.431 -6.307 3.464 AX21R065
3890.781 106.00112 0.459 -5.529 3.464 AX21Q075
3890.807 106.00112 0.459 -6.225 3.464 AX21R075
3890.839 24.0 3.844 -1.02 "" ""
3890.84 67.1165 0.079 -0.293 LAWLER ""
3890.841 26.0 2.725 -1.34 "" ""
3890.85 64.1 1.373 -1.08 LAWLER ""
3890.893 67.1165 0.079 -1.711 LAWLER ""
3890.894 67.1165 0.079 -0.35 LAWLER ""
3890.916 20.0 4.128 -5.17 "" ""
3890.919 23.0 2.276 -5.76 "" ""
3890.94 60.1 0.064 -0.22 LAWLER ""
3890.942 67.1165 0.079 -3.45 LAWLER ""
3890.943 67.1165 0.079 -0.408 LAWLER ""
3890.943 67.1165 0.079 -1.485 LAWLER ""
3890.959 106.00113 0.914 -4.321 3.464 AX10Q235
3890.965 106.00113 0.432 -7.28 3.464 AX21P075
3890.978 58.1 0.327 -0.78 LAWLER ""
3890.983 607.01214 2.39 -1.013 7.724 1010Ra0055
3890.987 21.1 7.425 -2.21 "" ""
3890.987 67.1165 0.079 -0.468 LAWLER ""
3890.988 67.1165 0.079 -1.394 LAWLER ""
3890.988 67.1165 0.079 -3.078 LAWLER ""
3891.005 106.00113 0.914 -6.125 3.464 AX10R225
3891.008 106.00113 0.432 -5.531 3.464 AX21Q075
3891.011 106.00112 0.459 -7.307 3.464 AX21P085
3891.014 106.00113 0.021 -3.49 3.464 BX00P035
3891.026 67.1165 0.079 -0.529 LAWLER ""
3891.028 106.00113 0.021 -1.582 3.464 BX00Q035
3891.028 67.1165 0.079 -1.371 LAWLER ""
3891.028 67.1165 0.079 -2.904 LAWLER ""
3891.038 106.00112 0.459 -5.31 3.464 AX21Q085
3891.043 24.0 3.447 -0.95 "" ""
3891.052 106.00113 0.914 -7.07 3.464 AX10P235
3891.054 90.1 1.377 -0.93 "" ""
3891.06 67.1165 0.079 -0.592 LAWLER ""
3891.061 25.0 3.38 -4.31 "" ""
3891.061 25.0 3.38 -7.26 "" ""
3891.062 67.1165 0.079 -1.4 LAWLER ""
3891.064 67.1165 0.079 -2.85 LAWLER ""
3891.072 26.0 4.14 -3.89 "" ""
3891.08 24.0 3.461 -0.51 "" ""
3891.084 42.0 2.678 -2.01 "" ""
3891.089 67.1165 0.079 -0.655 LAWLER ""
3891.091 67.1165 0.079 -1.494 LAWLER ""
3891.093 607.01314 2.341 -2.74 7.724 1010Qc0035
3891.093 67.1165 0.079 -2.913 LAWLER ""
3891.096 607.01314 2.341 -1.198 7.724 1010Pa0045
3891.098 106.00113 0.914 -4.56 3.464 AX10Q225
3891.111 607.01314 2.341 -1.311 7.724 1010Pb0035
3891.114 67.1165 0.079 -0.716 LAWLER ""
3891.116 67.1165 0.079 -1.719 LAWLER ""
3891.118 67.1165 0.079 -3.171 LAWLER ""
3891.14 106.00113 1.675 -2.348 3.464 AX21R295
3891.146 22.0 2.675 -2.81 "" ""
3891.146 27.0 2.716 -4.79 "" ""
3891.155 607.01214 2.39 -1.087 7.724 1010Rb0045
3891.16 607.01214 2.39 -2.902 7.724 1010Qd0055
3891.175 106.00112 0.021 -3.49 3.464 BX00P035
3891.19 106.00112 0.021 -1.582 3.464 BX00Q035
3891.19 62.1 0.188 -1.32 LAWLER ""
3891.191 106.00112 0.46 -5.529 3.464 AX21Q075
3891.21 23.0 2.246 -0.45 "" ""
3891.211 23.0 1.05 -3.18 "" ""
3891.218 106.00112 0.46 -6.235 3.464 AX21R075
3891.24 607.01214 2.399 -0.33 7.724 0909Pb0325
3891.246 23.1 6.161 -2.6 "" ""
3891.254 23.1 1.678 -2.35 "" ""
3891.263 607.01214 2.399 -3.648 7.724 0909Qc0325
3891.292 106.00113 1.675 -2.435 3.464 AX21R285
3891.292 607.01214 2.399 -0.316 7.724 0909Pa0335
3891.294 41.0 0.086 -0.85 "" ""
3891.315 106.00113 1.675 -5.197 3.464 AX21Q295
3891.323 106.00112 0.992 -6.019 3.464 AX10R235
3891.382 106.00112 0.46 -7.298 3.464 AX21P085
3891.384 106.00112 0.992 -4.111 3.464 AX10Q245
3891.385 40.0 0.154 -0.1 "" ""
3891.408 106.00112 0.46 -5.311 3.464 AX21Q085
3891.424 106.00112 0.992 -4.321 3.464 AX10Q235
3891.426 44.0 2.006 -0.74 "" ""
3891.472 607.01214 2.387 -1.087 7.724 1010Ra0045
3891.485 106.00112 0.992 -7.287 3.464 AX10P245
3891.51 60.1 0.742 -0.14 LAWLER ""
3891.603 607.01314 2.343 -2.84 7.724 1010Qc0045
3891.607 607.01314 2.343 -1.109 7.724 1010Pa0055
3891.614 25.0 4.229 -1.54 "" ""
3891.615 106.00113 0.458 -5.529 3.464 AX21Q075
3891.626 607.01314 2.343 -1.198 7.724 1010Pb0045
3891.64 607.01214 2.387 -1.177 7.724 1010Rb0035
3891.64 607.01214 2.387 -2.822 7.724 1010Qd0045
3891.642 106.00113 0.458 -6.225 3.464 AX21R075
3891.672 27.0 3.62 -0.84 "" ""
3891.685 92.1 1.054 -0.72 "" ""
3891.696 28.0 3.603 -3.42 "" ""
3891.705 28.0 3.703 -2.27 "" ""
3891.726 90.0 1.387 -0.53 "" ""
3891.753 26.0 2.607 -4.82 "" ""
3891.769 58.1 0.587 -1.18 "" ""
3891.776 56.1 2.51 0.28 "" ""
3891.777 28.0 4.15 -1.67 "" ""
3891.792 23.0 2.579 -3.53 "" ""
3891.802 92.0 0.87 0.28 "" ""
3891.817 42.0 3.697 -1.0 "" ""
3891.845 106.00113 0.458 -7.307 3.464 AX21P085
3891.848 24.0 3.09 -4.37 "" ""
3891.862 66.1 2.057 0.54 "" ""
3891.863 22.0 1.878 -3.52 "" ""
3891.872 106.00113 0.458 -5.31 3.464 AX21Q085
3891.873 607.01214 2.414 -0.316 7.724 0909Pb0335
3891.9 106.00113 0.986 -6.019 3.464 AX10R235
3891.903 607.01214 2.414 -3.66 7.724 0909Qc0335
3891.906 12.0 7.165 0.26 "" ""
3891.917 22.0 1.738 -4.13 "" ""
3891.927 26.0 3.412 -0.57 "" ""
3891.933 607.01214 2.414 -0.302 7.724 0909Pa0345
3891.936 22.0 2.493 -6.0 "" ""
3891.951 106.00113 0.986 -4.111 3.464 AX10Q245
3891.959 62.0 0.036 -2.19 "" ""
3891.96 24.0 2.965 -3.05 "" ""
3891.969 607.01214 2.386 -1.177 7.724 1010Ra0035
3891.974 28.0 3.594 -4.47 "" ""
3891.979 23.1 1.427 -4.77 "" ""
3891.998 106.00113 0.986 -4.321 3.464 AX10Q235
3892.002 26.0 2.988 -4.38 "" ""
3892.01 26.0 4.217 -3.41 "" ""
3892.016 40.0 1.883 0.08 "" ""
3892.022 106.00113 0.458 -5.529 3.464 AX21Q075
3892.048 106.00113 0.458 -6.235 3.464 AX21R075
3892.048 106.00113 0.986 -7.287 3.464 AX10P245
3892.056 60.1 1.456 0.69 "" ""
3892.105 23.0 3.085 -2.03 "" ""
3892.116 607.01314 2.345 -2.92 7.724 1010Qc0055
3892.119 27.0 2.54 -1.35 LAWNHFS ""
3892.121 607.01314 2.345 -1.036 7.724 1010Pa0065
3892.123 607.01214 2.386 -2.723 7.724 1010Qd0035
3892.128 607.01214 2.386 -1.29 7.724 1010Rb0025
3892.13 22.0 1.442 -3.21 "" ""
3892.139 106.00113 1.646 -5.452 3.464 AX53R205
3892.144 607.01314 2.345 -1.109 7.724 1010Pb0055
3892.161 106.00112 0.489 -5.309 3.464 AX21Q085
3892.167 24.1 5.315 -2.17 "" ""
3892.174 106.00112 0.489 -6.157 3.464 AX21R085
3892.182 106.00113 1.646 -3.552 3.464 AX53Q205
3892.189 106.00113 1.646 -3.3 3.464 AX53Q215
3892.197 27.0 2.868 -2.83 "" ""
3892.211 106.00113 0.458 -7.298 3.464 AX21P085
3892.221 24.0 4.093 -3.13 "" ""
3892.225 44.0 0.997 -0.8 "" ""
3892.233 106.00113 1.646 -6.923 3.464 AX53P215
3892.237 106.00113 0.458 -5.31 3.464 AX21Q085
3892.291 42.0 2.274 -2.12 "" ""
3892.308 26.0 3.544 -1.88 "" ""
3892.308 90.1 0.774 -1.75 "" ""
3892.337 106.00112 1.441 -7.141 3.464 AX42P215
3892.354 12.0 4.343 -3.65 "" ""
3892.364 106.00112 0.489 -7.347 3.464 AX21P095
3892.377 106.00112 0.489 -5.105 3.464 AX21Q095
3892.413 106.00113 0.035 -1.582 3.464 BX00Q035
3892.418 24.0 2.965 -4.98 "" ""
3892.432 106.00113 0.035 -3.816 3.464 BX00R035
3892.44 26.0 2.88 -6.8 "" ""
3892.475 72.0 2.452 -0.05 "" ""
3892.477 607.01214 2.384 -1.29 7.724 1010Ra0025
3892.499 21.1 7.418 -2.8 "" ""
3892.519 607.01214 2.429 -0.302 7.724 0909Pb0345
3892.557 607.01214 2.429 -3.671 7.724 0909Qc0345
3892.585 106.00112 0.035 -1.582 3.464 BX00Q035
3892.588 607.01214 2.429 -0.289 7.724 0909Pa0355
3892.604 106.00112 0.035 -3.816 3.464 BX00R035
3892.608 607.01214 2.384 -2.593 7.724 1010Qd0025
3892.618 607.01214 2.384 -1.446 7.724 1010Rb0015
3892.634 607.01314 2.348 -2.988 7.724 1010Qc0065
3892.637 25.0 3.37 -2.26 "" ""
3892.637 25.0 3.37 -2.82 "" ""
3892.64 607.01314 2.348 -0.973 7.724 1010Pa0075
3892.653 28.0 3.539 -4.13 "" ""
3892.657 56.0 1.412 -0.51 "" ""
3892.666 607.01314 2.348 -1.036 7.724 1010Pb0065
3892.669 106.00112 0.49 -5.309 3.464 AX21Q085
3892.682 106.00112 0.49 -6.169 3.464 AX21R085
3892.682 92.1 0.652 -0.41 "" ""
3892.685 68.0 0.0 0.26 "" ""
3892.721 64.0 0.88 -0.5 "" ""
3892.722 74.0 1.654 -0.93 "" ""
3892.754 106.00113 0.004 -1.774 3.464 BX00P015
3892.773 44.0 2.508 -0.54 "" ""
3892.828 106.00112 0.49 -7.338 3.464 AX21P095
3892.841 106.00112 0.49 -5.105 3.464 AX21Q095
3892.856 22.0 2.406 -2.1 "" ""
3892.856 23.0 0.04 -0.96 LAWNOHFS ""
