wavelength species excitation loggf disassociation_energy comment
5306.46 60.1 0.859 -0.97 LAWLER ""
5306.461 106.00113 1.789 -3.561 3.464 AX35R135
5306.466 607.01214 2.668 -2.14 7.724 2011Qa0175
5306.484 106.00113 1.789 -3.588 3.464 AX35R125
5306.517 607.01214 2.668 -3.1 7.724 2011Rc0165
5306.539 112.00124 0.936 -2.93 1.340 23Q126b24
5306.547 607.01214 0.416 -4.258 7.724 0701Rc0255
5306.555 607.01314 1.945 -2.479 7.724 1608Ra0155
5306.557 106.00113 1.789 -5.332 3.464 AX35Q135
5306.574 607.01314 1.966 -2.443 7.724 1608Rb0175
5306.584 607.01314 0.251 -4.716 7.724 0600Qc0325
5306.588 28.1 7.247 -2.98 "" ""
5306.601 607.01214 0.416 -2.963 7.724 0701Qa0265
5306.605 607.01314 1.966 -2.893 7.724 1608Qd0185
5306.606 112.00124 0.936 -0.762 1.340 01R234b24
5306.612 607.01214 2.719 -2.913 7.724 2011Qd0235
5306.616 22.0 3.291 -3.97 "" ""
5306.65 607.01314 0.251 -3.854 7.724 0600Pa0335
5306.667 607.01214 2.631 -3.289 7.724 2011Pc0105
5306.679 607.01214 1.262 -3.108 7.724 1205Qc0105
5306.7 607.01214 1.262 -2.952 7.724 1205Pa0115
5306.706 24.1 6.277 -3.88 "" ""
5306.711 64.0 0.864 -0.86 "" ""
5306.737 607.01214 1.389 -4.231 7.724 0902Qc0615
5306.754 607.01314 1.901 -3.097 7.724 1608Qc0045
5306.754 607.01314 1.901 -3.283 7.724 1608Pa0055
5306.758 106.00112 1.793 -3.588 3.464 AX35R125
5306.763 607.01214 1.356 -2.48 7.724 1205Rb0225
5306.79 112.00124 0.936 -3.621 1.340 01Q134b24
5306.807 607.01214 1.356 -3.126 7.724 1205Qd0235
5306.813 607.01214 2.719 -2.283 7.724 2011Rb0225
5306.83 6.0 8.636 -2.29 "" ""
5306.86 607.01214 1.389 -2.879 7.724 0902Pa0625
5306.862 607.01214 0.401 -3.777 7.724 0600Pb0405
5306.868 24.0 3.009 -3.6 "" ""
5306.891 106.00112 1.793 -3.561 3.464 AX35R135
5306.896 607.01314 1.913 -3.131 7.724 1608Rc0085
5306.912 607.01314 1.913 -2.497 7.724 1608Qa0095
5306.95 106.00112 1.793 -5.354 3.464 AX35Q135
5306.964 26.0 5.096 -1.5 "" ""
5307.004 607.01314 1.918 -2.849 7.724 1608Pb0095
5307.004 607.01314 2.575 -2.707 7.724 2011Rb0095
5307.016 607.01314 2.575 -2.851 7.724 2011Qd0105
5307.047 607.01314 0.288 -3.52 7.724 0701Ra0135
5307.108 112.00124 0.936 -0.751 1.340 01R134b24
5307.113 607.01314 0.277 -3.421 7.724 0701Qb0105
5307.116 69.0 0.0 -1.02 "" ""
5307.129 27.0 4.018 -2.36 "" ""
5307.135 607.01314 0.277 -4.176 7.724 0701Pd0115
5307.216 27.0 4.229 -0.94 "" ""
5307.216 27.1 3.865 -6.46 "" ""
5307.22 20.1 7.515 -0.85 Saf11-DH21 ""
5307.276 24.0 3.695 -1.17 "" ""
5307.308 64.0 0.88 -0.14 "" ""
5307.327 112.00124 0.936 -0.593 1.340 23R126b24
5307.351 25.1 7.047 -2.07 "" ""
5307.361 26.0 1.607 -2.91 OBR91 ""
5307.386 607.01314 0.248 -4.321 7.724 0701Ra0005
5307.408 27.1 3.405 -4.42 "" ""
5307.419 607.01214 1.69 -2.716 7.724 0902Rb0715
5307.466 90.1 2.052 -1.15 "" ""
5307.535 607.01214 2.683 -3.134 7.724 2011Pd0195
5307.537 25.0 3.376 -3.05 "" ""
5307.562 607.01214 1.69 -4.242 7.724 0902Qd0725
5307.571 27.0 4.501 -2.23 "" ""
5307.598 607.01214 1.534 -2.5 7.724 0902Qb0665
5307.626 607.01214 2.683 -2.111 7.724 2011Qb0185
5307.632 607.01314 1.113 -3.675 7.724 1104Pc0245
5307.709 607.01214 0.64 -3.582 7.724 0600Rb0515
5307.724 607.01214 1.279 -2.82 7.724 1205Pb0135
5307.73 607.01314 2.615 -3.194 7.724 2011Rd0175
5307.731 607.01214 1.534 -4.528 7.724 0902Pd0675
5307.738 607.01314 2.557 -3.34 7.724 2011Pb0035
5307.764 607.01214 2.033 -2.438 7.724 1608Pb0205
5307.778 106.00113 1.193 -4.301 3.464 AX02R185
5307.778 106.00113 1.193 -4.316 3.464 AX02R175
5307.778 607.01214 2.709 -2.271 7.724 2011Ra0225
5307.785 607.01314 2.562 -2.724 7.724 2011Qb0055
5307.794 607.01314 2.562 -3.23 7.724 2011Pd0065
5307.805 106.00113 2.16 -3.12 3.464 AX24Q255
5307.805 72.0 2.905 -0.52 "" ""
5307.816 607.01214 0.64 -4.872 7.724 0600Qd0525
5307.905 106.00113 2.161 -5.903 3.464 AX24R245
5307.923 106.00113 1.193 -6.301 3.464 AX02Q185
5308.002 6.0 8.636 -2.75 "" ""
5308.035 607.01314 1.899 -3.822 7.724 1608Pc0035
5308.053 106.00113 2.16 -5.61 3.464 AX24P255
5308.068 607.01314 0.195 -5.045 7.724 0600Pc0285
5308.123 607.01214 1.309 -2.339 7.724 1205Qb0175
5308.153 106.00113 2.161 -3.143 3.464 AX24Q245
5308.158 607.01214 1.309 -3.363 7.724 1205Pd0185
5308.21 607.01314 2.03 -3.289 7.724 1608Rd0255
5308.211 607.01314 0.294 -3.487 7.724 0701Ra0145
5308.229 106.00112 1.618 -5.895 3.464 AX35R075
5308.257 60.0 1.09 0.03 "" ""
5308.271 42.0 3.031 -2.07 "" ""
5308.271 607.01214 2.647 -2.61 7.724 2011Pa0145
5308.282 607.01214 2.647 -2.863 7.724 2011Qc0135
5308.295 607.01314 1.903 -3.041 7.724 1608Qc0055
5308.295 607.01314 1.903 -3.165 7.724 1608Pa0065
5308.297 58.0 1.004 -0.24 "" ""
5308.302 58.0 1.132 -0.11 "" ""
5308.303 106.00112 1.794 -3.588 3.464 AX35R125
5308.334 607.01314 0.324 -3.418 7.724 0701Rb0175
5308.335 607.01314 0.249 -4.315 7.724 0701Rc0015
5308.34 607.01314 0.249 -4.141 7.724 0701Qa0025
5308.342 106.00112 1.794 -3.561 3.464 AX35R135
5308.37 607.01314 0.324 -3.913 7.724 0701Qd0185
5308.372 607.01314 0.264 -3.961 7.724 0701Pb0075
5308.397 607.01314 0.248 -4.369 7.724 0701Rc0005
5308.4 607.01314 0.248 -4.396 7.724 0701Qa0015
5308.401 106.00112 1.794 -5.332 3.464 AX35Q135
5308.421 24.1 4.071 -1.92 Lawler17 ""
5308.425 60.1 1.263 -0.9 "" ""
5308.428 22.0 0.825 -3.78 "" ""
5308.438 24.0 3.887 -1.86 "" ""
5308.442 607.01314 1.918 -3.123 7.724 1608Rc0095
5308.451 607.01314 0.25 -4.267 7.724 0701Rc0025
5308.457 26.0 4.792 -2.59 "" ""
5308.457 607.01314 0.25 -3.979 7.724 0701Qa0035
5308.458 607.01314 1.918 -2.445 7.724 1608Qa0105
5308.458 607.01314 1.951 -2.45 7.724 1608Ra0165
5308.471 27.0 3.407 -2.16 LAWNHFS ""
5308.473 22.0 2.343 -2.35 "" ""
5308.503 607.01314 2.58 -2.659 7.724 2011Rb0105
5308.52 607.01314 2.58 -2.841 7.724 2011Qd0115
5308.523 58.0 0.659 -0.13 "" ""
5308.525 607.01214 1.293 -3.318 7.724 1205Rc0155
5308.541 92.0 0.471 -1.32 "" ""
5308.556 607.01214 1.293 -2.371 7.724 1205Qa0165
5308.586 27.0 4.392 -2.96 "" ""
5308.625 607.01214 2.66 -2.542 7.724 2011Pb0155
5308.654 607.01314 0.266 -3.848 7.724 0600Pb0335
5308.679 26.0 4.253 -2.5 "" ""
5308.681 106.00112 1.618 -5.871 3.464 AX35R075
5308.695 106.00112 2.521 -8.964 3.464 AX03R335
5308.724 607.01314 1.933 -3.125 7.724 1507Qc0345
5308.739 106.00113 1.523 -3.744 3.464 AX24R125
5308.742 24.0 3.884 -3.82 "" ""
5308.743 607.01314 0.252 -4.227 7.724 0701Rc0035
5308.751 607.01314 0.252 -3.857 7.724 0701Qa0045
5308.767 607.01214 1.253 -3.567 7.724 1205Pc0085
5308.774 607.01214 2.073 -2.013 7.724 1608Qb0245
5308.785 607.01314 1.933 -2.267 7.724 1507Pa0355
5308.817 607.01214 2.073 -3.233 7.724 1608Pd0255
5308.835 607.01214 0.503 -5.073 7.724 0600Rc0455
5308.845 106.00113 1.376 -3.015 3.464 BX13P155
5308.852 607.01214 1.345 -2.467 7.724 1205Ra0225
5308.864 106.00113 1.523 -3.723 3.464 AX24R135
5308.884 607.01314 0.416 -4.325 7.724 0701Rd0275
5308.904 24.1 6.277 -3.04 "" ""
5308.921 25.0 5.401 0.3 "" ""
5308.922 607.01314 2.526 -3.345 7.724 1910Pc0295
5308.929 607.01214 0.503 -3.371 7.724 0600Qa0465
5308.938 106.00112 2.167 -3.12 3.464 AX24Q255
5308.94 106.00113 1.523 -5.505 3.464 AX24Q135
5308.943 106.00113 1.376 -7.095 3.464 BX13Q155
5308.96 59.1 0.795 -1.31 LINOHFS ""
5308.989 6.0 8.636 -3.19 "" ""
5308.999 607.01314 1.938 -2.311 7.724 1608Qb0135
5309.01 66.1 2.42 -0.37 LAWLER ""
5309.022 106.00112 2.167 -5.903 3.464 AX24R245
5309.022 607.01314 1.938 -3.153 7.724 1608Pd0145
5309.071 607.01214 2.024 -2.938 7.724 1608Qc0195
5309.081 106.00112 2.167 -5.61 3.464 AX24P255
5309.102 106.00113 1.376 -2.974 3.464 BX13P165
5309.106 607.01214 2.024 -2.455 7.724 1608Pa0205
5309.149 607.01214 2.063 -3.195 7.724 1608Rc0235
5309.165 106.00112 2.167 -3.143 3.464 AX24Q245
5309.165 607.01314 0.282 -3.373 7.724 0701Qb0115
5309.172 27.0 2.868 -2.8 "" ""
5309.185 607.01314 1.16 -3.346 7.724 1104Qc0285
5309.19 607.01314 0.282 -4.171 7.724 0701Pd0125
5309.191 607.01214 2.063 -2.014 7.724 1608Qa0245
5309.211 607.01314 0.254 -4.197 7.724 0701Rc0045
5309.222 607.01314 0.254 -3.757 7.724 0701Qa0055
5309.24 607.01314 1.16 -2.607 7.724 1104Pa0295
5309.244 607.01314 1.974 -2.415 7.724 1608Rb0185
5309.265 44.0 0.927 -1.18 "" ""
5309.276 607.01314 1.974 -2.898 7.724 1608Qd0195
5309.309 112.00124 0.639 -3.506 1.340 01R126b24
5309.351 26.0 5.008 -2.57 "" ""
5309.355 607.01314 2.564 -2.643 7.724 2011Qb0065
5309.365 607.01314 2.564 -3.195 7.724 2011Pd0075
5309.4 22.0 1.738 -6.22 "" ""
5309.405 607.01214 1.267 -3.101 7.724 1205Qc0115
5309.425 607.01214 1.999 -3.296 7.724 1608Pc0165
5309.428 607.01214 1.267 -2.901 7.724 1205Pa0125
5309.46 24.0 4.183 -1.74 "" ""
5309.471 607.01214 1.69 -2.706 7.724 0902Ra0725
5309.482 607.01214 0.332 -4.337 7.724 0701Pc0175
5309.493 62.0 1.622 -0.1 "" ""
5309.501 22.0 3.332 -2.25 "" ""
5309.505 22.0 2.332 -2.73 "" ""
5309.541 607.01314 0.301 -3.456 7.724 0701Ra0155
5309.551 24.0 3.885 -3.0 "" ""
5309.552 607.01214 0.512 -3.11 7.724 0701Ra0335
5309.649 607.01314 2.559 -3.21 7.724 2011Pb0045
5309.68 72.0 2.002 -1.24 "" ""
5309.681 607.01214 0.381 -3.383 7.724 0701Pb0225
5309.685 607.01214 1.534 -4.456 7.724 0902Rc0665
5309.72 20.0 5.317 -3.66 "" ""
5309.734 607.01314 2.622 -3.197 7.724 2011Rd0185
5309.818 607.01214 1.534 -2.492 7.724 0902Qa0675
5309.849 27.0 4.055 -0.72 "" ""
5309.85 607.01214 2.675 -2.112 7.724 2011Qa0185
5309.854 607.01314 0.257 -4.173 7.724 0701Rc0055
5309.866 24.0 4.398 -1.69 "" ""
5309.867 607.01314 0.257 -3.673 7.724 0701Qa0065
5309.881 58.0 0.731 -0.75 "" ""
5309.889 58.0 0.998 -0.49 "" ""
5309.895 28.0 5.0 -3.71 "" ""
5309.897 23.0 2.255 -3.4 "" ""
5309.914 607.01314 1.922 -2.794 7.724 1608Pb0105
5309.92 607.01214 2.675 -3.107 7.724 2011Rc0175
5309.958 607.01214 2.121 -2.187 7.724 1608Ra0295
5310.012 607.01214 1.28 -4.576 7.724 0902Pc0575
5310.024 607.01314 1.906 -3.0 7.724 1608Qc0065
5310.034 607.01314 1.906 -3.067 7.724 1608Pa0075
5310.036 112.00124 0.928 -0.56 1.340 12R230b24
5310.04 60.1 1.136 -0.98 LAWLER ""
5310.041 92.1 0.0 -2.96 "" ""
5310.124 106.00112 1.197 -4.315 3.464 AX02R175
5310.126 106.00112 1.916 -3.353 3.464 AX13Q255
5310.128 106.00112 1.197 -4.3 3.464 AX02R185
5310.137 607.01314 1.901 -3.657 7.724 1608Pc0045
5310.146 607.01214 0.401 -4.826 7.724 0600Qc0405
5310.172 607.01214 1.366 -2.459 7.724 1205Rb0235
5310.177 607.01314 1.922 -3.118 7.724 1608Rc0105
5310.183 607.01314 2.585 -2.614 7.724 2011Rb0115
5310.194 607.01314 1.922 -2.397 7.724 1608Qa0115
5310.199 112.00124 0.928 -3.271 1.340 12Q130b24
5310.201 607.01314 2.585 -2.834 7.724 2011Qd0125
5310.21 106.00112 1.916 -6.213 3.464 AX13R245
5310.213 27.0 4.206 -1.35 "" ""
5310.215 26.0 4.253 -3.7 "" ""
5310.218 607.01214 1.366 -3.133 7.724 1205Qd0245
5310.231 607.01214 0.401 -3.769 7.724 0600Pa0415
5310.267 90.1 0.231 -2.15 Nils02/11 ""
5310.281 106.00112 1.197 -6.3 3.464 AX02Q185
5310.322 106.00112 1.916 -5.816 3.464 AX13P255
5310.334 106.00113 1.524 -3.744 3.464 AX24R125
5310.342 607.01214 2.636 -3.272 7.724 2011Pc0115
5310.37 106.00113 1.524 -3.723 3.464 AX24R135
5310.375 607.01314 1.173 -2.599 7.724 1104Pb0295
5310.383 607.01214 2.134 -2.196 7.724 1608Rb0295
5310.404 607.01214 0.64 -3.569 7.724 0600Ra0525
5310.406 106.00112 1.916 -3.367 3.464 AX13Q245
5310.422 607.01314 0.249 -4.491 7.724 0701Qc0015
5310.427 607.01314 0.249 -4.976 7.724 0701Pa0025
5310.435 607.01214 2.134 -2.998 7.724 1608Qd0305
5310.436 106.00113 1.524 -5.483 3.464 AX24Q135
5310.463 26.0 5.082 -1.08 "" ""
5310.465 607.01214 0.65 -4.451 7.724 0701Rd0415
5310.487 112.00124 0.928 -0.547 1.340 12R130b24
5310.51 20.0 5.916 -6.18 "" ""
5310.518 607.01214 0.37 -3.977 7.724 0701Qc0215
5310.536 607.01314 0.332 -3.39 7.724 0701Rb0185
5310.549 607.01314 1.958 -2.423 7.724 1608Ra0175
5310.556 24.0 3.419 -4.52 "" ""
5310.563 607.01214 0.37 -3.398 7.724 0701Pa0225
5310.568 23.0 1.194 -5.33 "" ""
5310.574 607.01314 0.332 -3.919 7.724 0701Qd0195
5310.578 607.01214 2.729 -2.925 7.724 2011Qd0245
5310.618 24.0 3.011 -3.0 "" ""
5310.65 106.00113 1.194 -4.301 3.464 AX02R185
5310.664 607.01214 0.528 -3.114 7.724 0701Rb0335
5310.671 607.01314 0.26 -4.156 7.724 0701Rc0065
5310.682 106.00113 1.329 -3.936 3.464 AX13R145
5310.686 607.01314 0.26 -3.599 7.724 0701Qa0075
5310.692 24.1 4.072 -2.23 Lawler17 ""
5310.732 23.0 2.893 -3.74 "" ""
5310.734 607.01214 0.528 -4.109 7.724 0701Qd0345
5310.761 106.00113 1.329 -3.92 3.464 AX13R155
5310.795 106.00113 1.194 -6.272 3.464 AX02Q185
5310.806 106.00113 1.194 -4.316 3.464 AX02R175
5310.815 607.01214 2.729 -2.262 7.724 2011Rb0235
5310.85 607.01214 0.441 -2.946 7.724 0701Qb0275
5310.856 23.0 1.182 -4.36 "" ""
5310.859 106.00113 1.329 -5.801 3.464 AX13Q155
5310.862 106.00113 1.791 -3.692 3.464 AX02Q275
5310.864 607.01214 0.428 -4.268 7.724 0701Rc0265
5310.885 607.01314 0.268 -3.892 7.724 0701Pb0085
5310.907 23.1 4.002 -4.74 "" ""
5310.908 607.01214 0.441 -4.285 7.724 0701Pd0285
5310.92 607.01214 0.428 -2.945 7.724 0701Qa0275
5311.036 607.01314 0.308 -3.427 7.724 0701Ra0165
5311.041 106.00113 1.791 -6.671 3.464 AX02R265
5311.083 106.00113 1.791 -6.201 3.464 AX02P275
5311.095 607.01314 2.568 -2.572 7.724 2011Qb0075
5311.108 607.01314 2.568 -3.168 7.724 2011Pd0085
5311.12 59.1 1.11 -0.53 LINOHFS ""
5311.175 112.00124 0.745 -2.601 1.340 23R119b24
5311.181 106.00113 0.908 -7.087 3.464 AX02R125
5311.262 106.00113 1.791 -3.707 3.464 AX02Q265
5311.299 26.0 5.06 -2.05 "" ""
5311.309 607.01314 2.04 -3.297 7.724 1608Rd0265
5311.317 106.00112 1.528 -3.744 3.464 AX24R125
5311.33 607.01214 1.286 -2.781 7.724 1205Pb0145
5311.341 607.01214 1.301 -3.323 7.724 1205Rc0165
5311.359 607.01214 2.719 -2.251 7.724 2011Ra0235
5311.36 607.01314 0.288 -3.33 7.724 0701Qb0125
5311.374 607.01214 1.301 -2.341 7.724 1205Qa0175
5311.374 607.01314 0.25 -4.284 7.724 0701Qc0025
5311.381 607.01314 0.25 -4.626 7.724 0701Pa0035
5311.387 607.01314 0.288 -4.168 7.724 0701Pd0135
5311.434 40.0 0.52 -1.71 "" ""
5311.45 60.1 0.985 -0.42 LAWLER ""
5311.466 106.00112 1.528 -3.723 3.464 AX24R135
5311.471 23.0 1.941 -3.26 "" ""
5311.529 106.00112 1.528 -5.505 3.464 AX24Q135
5311.532 607.01214 1.317 -2.31 7.724 1205Qb0185
5311.544 607.01214 2.691 -3.14 7.724 2011Pd0205
5311.569 607.01214 1.317 -3.368 7.724 1205Pd0195
5311.582 106.00113 2.094 -5.871 3.464 AX24R235
5311.59 72.1 1.779 -1.22 LAWLER ""
5311.591 607.01314 0.428 -4.333 7.724 0701Rd0285
5311.658 607.01214 2.691 -2.084 7.724 2011Qb0195
5311.659 106.00113 2.094 -3.143 3.464 AX24Q245
5311.662 607.01314 0.264 -4.143 7.724 0701Rc0075
5311.678 607.01314 0.264 -3.534 7.724 0701Qa0085
5311.688 106.00113 1.837 -3.37 3.464 AX13Q245
5311.728 106.00112 1.798 -3.692 3.464 AX02Q275
5311.759 607.01314 2.562 -3.104 7.724 2011Pb0055
5311.764 24.0 3.011 -3.02 "" ""
5311.77 106.00113 2.094 -3.164 3.464 AX24Q235
5311.778 607.01314 1.945 -2.274 7.724 1608Qb0145
5311.784 40.1 1.755 -1.5 "" ""
5311.799 106.00113 1.837 -6.199 3.464 AX13R235
5311.803 607.01314 1.945 -3.153 7.724 1608Pd0155
5311.807 607.01214 2.654 -2.571 7.724 2011Pa0155
5311.817 20.0 5.917 -3.71 "" ""
5311.822 607.01314 1.948 -2.261 7.724 1507Pb0355
5311.83 607.01214 2.654 -2.862 7.724 2011Qc0145
5311.831 106.00112 1.798 -6.671 3.464 AX02R265
5311.839 607.01214 0.819 -5.245 7.724 0600Rd0595
5311.845 64.0 2.076 0.25 "" ""
5311.847 106.00113 2.094 -5.627 3.464 AX24P245
5311.87 106.00113 1.837 -5.807 3.464 AX13P245
5311.879 92.1 0.548 -2.14 "" ""
5311.919 607.01314 2.63 -3.201 7.724 2011Rd0195
5311.932 607.01214 1.356 -2.447 7.724 1205Ra0235
5311.942 607.01214 1.257 -3.538 7.724 1205Pc0095
5311.95 607.01314 1.91 -2.969 7.724 1608Qc0075
5311.956 25.0 5.366 -1.06 "" ""
5311.964 607.01314 1.91 -2.984 7.724 1608Pa0085
5311.975 106.00112 1.798 -6.201 3.464 AX02P275
5311.981 106.00113 1.837 -3.385 3.464 AX13Q235
5312.002 90.0 0.457 -1.79 "" ""
5312.04 607.01314 2.59 -2.573 7.724 2011Rb0125
5312.059 607.01314 2.59 -2.829 7.724 2011Qd0135
5312.078 106.00112 1.798 -3.707 3.464 AX02Q265
5312.085 607.01314 1.982 -2.389 7.724 1608Rb0195
5312.099 607.01314 1.927 -3.116 7.724 1608Rc0115
5312.119 607.01314 1.982 -2.903 7.724 1608Qd0205
5312.12 24.0 3.886 -3.79 "" ""
5312.12 607.01314 1.927 -2.354 7.724 1608Qa0125
5312.135 22.0 3.688 -3.83 "" ""
5312.162 25.1 6.128 -6.38 "" ""
5312.25 62.1 0.333 -2.55 "" ""
5312.278 23.0 3.076 -4.16 "" ""
5312.298 59.1 0.629 -0.99 "" ""
5312.32 607.01214 1.273 -3.097 7.724 1205Qc0125
5312.346 607.01214 1.273 -2.854 7.724 1205Pa0135
5312.433 607.01314 1.903 -3.55 7.724 1608Pc0055
5312.453 24.1 6.28 -3.59 "" ""
5312.477 26.0 4.073 -4.1 "" ""
5312.504 607.01314 0.252 -4.17 7.724 0701Qc0035
5312.512 607.01314 0.252 -4.416 7.724 0701Pa0045
5312.529 90.0 0.689 -1.56 "" ""
5312.586 106.00113 0.908 -7.048 3.464 AX02R125
5312.597 26.1 6.724 -3.84 "" ""
5312.623 46.0 4.482 -0.29 "" ""
5312.633 607.01314 0.266 -4.724 7.724 0600Qc0335
5312.645 27.0 4.206 -0.84 "" ""
5312.678 22.0 3.705 -3.03 "" ""
5312.695 607.01314 0.316 -3.399 7.724 0701Ra0175
5312.701 607.01314 0.266 -3.839 7.724 0600Pa0345
5312.716 92.1 0.717 -2.37 "" ""
5312.721 607.01214 2.042 -2.413 7.724 1608Pb0215
5312.738 25.0 4.791 -4.2 "" ""
5312.743 42.0 3.185 -1.82 "" ""
5312.743 607.01314 1.89 -3.451 7.724 1507Pc0315
5312.748 607.01314 2.559 -2.872 7.724 2011Ra0055
5312.772 27.0 2.868 -3.38 "" ""
5312.782 106.00112 2.1 -5.871 3.464 AX24R235
5312.784 24.0 3.889 -2.65 "" ""
5312.792 607.01314 2.557 -2.939 7.724 2011Ra0045
5312.818 607.01314 1.966 -2.397 7.724 1608Ra0185
5312.824 607.01314 0.268 -4.134 7.724 0701Rc0085
5312.843 607.01314 0.268 -3.476 7.724 0701Qa0095
5312.856 24.0 3.447 -0.55 SOBECK ""
5312.861 22.0 3.705 -2.58 "" ""
5312.868 607.01214 2.668 -2.508 7.724 2011Pb0165
5312.88 106.00112 2.1 -3.143 3.464 AX24Q245
5312.889 607.01314 0.341 -3.364 7.724 0701Rb0195
5312.907 607.01314 2.562 -2.811 7.724 2011Ra0065
5312.923 106.00112 2.1 -3.164 3.464 AX24Q235
5312.929 607.01314 0.341 -3.925 7.724 0701Qd0205
5312.939 106.00112 1.529 -3.744 3.464 AX24R125
5312.958 106.00113 1.33 -3.92 3.464 AX13R155
5312.984 106.00112 1.529 -3.723 3.464 AX24R135
5312.987 607.01314 1.927 -2.744 7.724 1608Pb0115
5312.988 106.00113 1.33 -3.936 3.464 AX13R145
5313.008 607.01314 2.571 -2.509 7.724 2011Qb0085
5313.021 106.00112 2.1 -5.627 3.464 AX24P245
5313.022 607.01314 2.571 -3.148 7.724 2011Pd0095
5313.04 607.01314 2.556 -3.015 7.724 2011Ra0035
5313.047 106.00112 1.529 -5.483 3.464 AX24Q135
5313.055 106.00113 1.33 -5.776 3.464 AX13Q155
5313.064 106.00112 1.199 -4.301 3.464 AX02R185
5313.067 27.0 2.868 -3.07 LAWNHFS ""
5313.143 607.01214 1.259 -4.147 7.724 1003Pc0465
5313.146 26.0 5.064 -1.87 "" ""
5313.21 106.00112 1.199 -4.316 3.464 AX02R175
5313.218 106.00112 1.199 -6.271 3.464 AX02Q185
5313.234 607.01214 0.328 -5.158 7.724 0600Pc0365
5313.237 22.0 1.066 -2.36 LAWLER ""
5313.257 42.0 3.441 -1.8 "" ""
5313.258 23.1 6.453 -4.75 "" ""
5313.269 607.01314 2.564 -2.755 7.724 2011Ra0075
5313.343 27.0 4.144 -2.28 "" ""
5313.391 23.0 2.252 -3.8 "" ""
5313.4 26.0 4.581 -3.02 "" ""
5313.409 26.0 3.544 -3.35 "" ""
5313.434 607.01214 2.683 -2.085 7.724 2011Qa0195
5313.453 23.1 6.779 -1.56 "" ""
5313.453 607.01314 1.124 -3.681 7.724 1104Pc0255
5313.463 607.01314 0.25 -5.12 7.724 0701Pc0025
5313.491 607.01314 2.554 -3.099 7.724 2011Ra0025
5313.524 607.01214 2.683 -3.115 7.724 2011Rc0185
5313.536 607.01314 0.272 -3.831 7.724 0701Pb0095
5313.581 24.1 4.074 -1.62 Lawler17 ""
5313.642 607.01214 2.033 -2.944 7.724 1608Qc0205
5313.647 607.01214 2.085 -1.993 7.724 1608Qb0255
5313.676 607.01214 0.524 -3.371 7.724 0600Qb0465
5313.678 607.01214 2.033 -2.428 7.724 1608Pa0215
5313.684 607.01214 2.073 -3.203 7.724 1608Rc0245
5313.692 607.01214 2.085 -3.241 7.724 1608Pd0265
5313.699 607.01314 0.294 -3.29 7.724 0701Qb0135
5313.708 106.00113 1.892 -5.782 3.464 AX46R085
5313.727 607.01214 2.073 -1.995 7.724 1608Qa0255
5313.728 607.01314 0.294 -4.167 7.724 0701Pd0145
5313.754 106.00112 0.911 -7.086 3.464 AX02R125
5313.755 22.1 1.571 -4.15 "" ""
5313.755 607.01214 1.377 -2.439 7.724 1205Rb0245
5313.773 607.01214 0.525 -5.137 7.724 0600Pd0475
5313.803 607.01214 1.377 -3.14 7.724 1205Qd0255
5313.811 607.01314 0.254 -4.094 7.724 0701Qc0045
5313.814 26.0 4.577 -3.96 "" ""
5313.821 607.01314 0.254 -4.265 7.724 0701Pa0055
5313.824 106.00112 1.334 -3.935 3.464 AX13R145
5313.83 607.01314 2.568 -2.704 7.724 2011Ra0085
5313.84 24.0 3.842 -3.18 "" ""
5313.841 26.0 5.008 -2.27 "" ""
5313.886 42.0 2.289 -1.58 "" ""
5313.913 106.00112 1.334 -3.92 3.464 AX13R155
5313.922 58.0 0.889 -0.17 "" ""
5313.94 20.0 5.386 -4.08 "" ""
5314.014 106.00112 1.334 -5.801 3.464 AX13Q155
5314.048 607.01314 2.564 -3.015 7.724 2011Pb0065
5314.071 607.01314 1.913 -2.945 7.724 1608Qc0085
5314.076 607.01314 2.596 -2.535 7.724 2011Rb0135
5314.08 23.0 3.264 -4.65 "" ""
5314.085 607.01314 1.913 -2.912 7.724 1608Pa0095
5314.097 607.01314 2.596 -2.827 7.724 2011Qd0145
5314.099 607.01214 0.528 -3.096 7.724 0701Ra0345
5314.111 23.0 1.941 -3.94 "" ""
5314.149 607.01314 2.554 -3.194 7.724 2011Ra0015
5314.158 607.01314 0.272 -4.128 7.724 0701Rc0095
5314.164 23.0 0.275 -4.24 "" ""
5314.166 106.00112 1.314 0.055 3.464 BX10P275
5314.178 607.01314 0.272 -3.424 7.724 0701Qa0105
5314.204 607.01214 2.007 -3.297 7.724 1608Pc0175
5314.21 607.01314 1.933 -3.115 7.724 1608Rc0125
5314.22 607.01214 0.341 -4.341 7.724 0701Pc0185
5314.229 607.01214 2.642 -3.259 7.724 2011Pc0125
5314.232 607.01314 1.933 -2.313 7.724 1608Qa0135
5314.265 106.00113 1.892 -5.756 3.464 AX46R085
5314.266 22.0 3.348 -2.59 "" ""
5314.273 22.0 3.706 -2.35 "" ""
5314.285 607.01314 2.638 -3.205 7.724 2011Rd0205
5314.333 106.00112 1.314 -4.168 3.464 BX10Q275
5314.339 607.01314 0.208 -5.053 7.724 0600Pc0295
5314.341 607.01214 1.309 -3.329 7.724 1205Rc0175
5314.376 607.01214 1.309 -2.312 7.724 1205Qa0185
5314.389 58.0 0.978 -0.08 "" ""
5314.415 106.00112 1.314 0.442 3.464 BX10P285
5314.427 23.0 1.802 -3.14 "" ""
5314.454 607.01314 0.441 -4.341 7.724 0701Rd0295
5314.512 22.0 3.11 -3.57 "" ""
5314.519 607.01314 0.324 -3.373 7.724 0701Ra0185
5314.55 60.1 0.985 -1.33 LAWLER ""
5314.554 607.01214 0.392 -3.361 7.724 0701Pb0235
5314.585 607.01314 2.052 -3.305 7.724 1608Rd0275
5314.588 607.01214 0.421 -3.766 7.724 0600Pb0415
5314.592 607.01314 2.571 -2.657 7.724 2011Ra0095
5314.621 21.0045 1.953 -2.38 LAWHFS ""
5314.642 24.1 6.277 -3.21 "" ""
5314.645 21.0045 1.953 -2.52 LAWHFS ""
5314.661 21.0045 1.953 -3.22 LAWHFS ""
5314.665 21.0045 1.953 -2.69 LAWHFS ""
5314.679 21.0045 1.953 -3.02 LAWHFS ""
5314.683 21.0045 1.953 -2.88 LAWHFS ""
5314.694 21.0045 1.953 -2.97 LAWHFS ""
5314.695 21.0045 1.953 -4.34 LAWHFS ""
5314.697 21.0045 1.953 -3.14 LAWHFS ""
5314.705 21.0045 1.953 -2.99 LAWHFS ""
5314.707 21.0045 1.953 -3.92 LAWHFS ""
5314.709 21.0045 1.953 -3.53 LAWHFS ""
5314.714 21.0045 1.953 -3.08 LAWHFS ""
5314.716 21.0045 1.953 -3.7 LAWHFS ""
5314.72 21.0045 1.953 -3.27 LAWHFS ""
5314.721 607.01214 2.739 -2.937 7.724 2011Qd0255
5314.722 21.0045 1.953 -3.58 LAWHFS ""
5314.723 607.01314 1.951 -2.239 7.724 1608Qb0155
5314.726 21.0045 1.953 -3.53 LAWHFS ""
5314.726 21.0045 1.953 -3.56 LAWHFS ""
5314.752 607.01314 1.951 -3.154 7.724 1608Pd0165
5314.78 45.0 3.899 0.16 "" ""
5314.842 58.0 0.515 -0.72 "" ""
5314.912 607.01314 1.173 -3.354 7.724 1104Qc0295
5314.925 607.01314 1.906 -3.475 7.724 1608Pc0065
5314.963 607.01314 0.282 -3.834 7.724 0600Pb0345
5314.964 23.0 2.252 -3.8 "" ""
5314.969 607.01314 1.173 -2.59 7.724 1104Pa0305
5314.998 607.01214 2.739 -2.241 7.724 2011Rb0245
5315.0 58.0 0.772 -0.47 "" ""
5315.014 607.01314 2.553 -3.293 7.724 2011Ra0005
5315.033 42.0 2.521 -1.72 "" ""
5315.033 607.01214 0.381 -3.984 7.724 0701Qc0225
5315.071 26.0 4.368 -1.55 "" ""
5315.081 607.01214 0.381 -3.375 7.724 0701Pa0235
5315.085 6.0 8.634 -3.13 "" ""
5315.093 607.01314 2.575 -2.452 7.724 2011Qb0095
5315.099 607.01314 1.991 -2.365 7.724 1608Rb0205
5315.103 607.01214 1.293 -2.745 7.724 1205Pb0155
5315.108 607.01314 2.575 -3.133 7.724 2011Pd0105
5315.112 607.01214 1.326 -2.284 7.724 1205Qb0195
5315.115 42.0 3.731 -1.45 "" ""
5315.125 607.01214 2.729 -2.231 7.724 2011Ra0245
5315.135 607.01314 1.991 -2.909 7.724 1608Qd0215
5315.151 607.01214 1.326 -3.375 7.724 1205Pd0205
5315.155 26.0 5.064 -1.44 "" ""
5315.18 106.00112 0.912 -7.047 3.464 AX02R125
5315.187 23.0 2.294 -1.42 "" ""
5315.195 607.01214 1.366 -2.427 7.724 1205Ra0245
5315.196 23.0 2.357 -3.09 "" ""
5315.278 92.0 0.947 -1.2 "" ""
5315.279 607.01314 1.974 -2.373 7.724 1608Ra0195
5315.295 607.01314 0.257 -4.04 7.724 0701Qc0055
5315.303 26.1 6.725 -4.79 "" ""
5315.308 607.01314 0.257 -4.146 7.724 0701Pa0065
5315.311 607.01214 1.262 -3.516 7.724 1205Pc0105
5315.329 44.0 2.593 -1.37 "" ""
5315.354 27.0 4.392 -2.4 "" ""
5315.354 607.01214 0.441 -4.278 7.724 0701Rc0275
5315.361 106.00113 1.753 -3.614 3.464 AX35R115
5315.377 23.0 3.085 -3.65 "" ""
5315.393 607.01314 0.35 -3.339 7.724 0701Rb0205
5315.412 607.01214 0.441 -2.927 7.724 0701Qa0285
5315.425 607.01214 1.279 -3.095 7.724 1205Qc0135
5315.431 607.01314 0.252 -4.817 7.724 0701Pc0035
5315.435 607.01314 0.35 -3.931 7.724 0701Qd0215
5315.452 607.01214 1.279 -2.811 7.724 1205Pa0145
5315.458 26.0 5.064 -1.08 "" ""
5315.49 607.01214 0.664 -3.572 7.724 0600Rb0525
5315.495 607.01214 0.544 -3.099 7.724 0701Rb0345
5315.517 21.0045 1.943 -2.22 LAWHFS ""
5315.526 41.0 0.739 -1.91 "" ""
5315.531 106.00113 1.753 -3.585 3.464 AX35R125
5315.55 21.0045 1.943 -2.84 LAWHFS ""
5315.55 607.01214 2.66 -2.534 7.724 2011Pa0165
5315.555 106.00113 1.753 -5.323 3.464 AX35Q125
5315.555 607.01314 2.575 -2.614 7.724 2011Ra0105
5315.557 21.0045 1.943 -2.43 LAWHFS ""
5315.567 607.01214 0.544 -4.121 7.724 0701Qd0355
5315.577 21.0045 1.943 -3.71 LAWHFS ""
5315.584 21.0045 1.943 -2.68 LAWHFS ""
5315.586 607.01214 2.66 -2.863 7.724 2011Qc0155
5315.589 21.0045 1.943 -2.72 LAWHFS ""
5315.595 607.01214 0.67 -4.458 7.724 0701Rd0425
5315.6 607.01214 0.664 -4.877 7.724 0600Qd0535
5315.606 21.0045 1.943 -3.28 LAWHFS ""
5315.611 21.0045 1.943 -2.69 LAWHFS ""
5315.615 21.0045 1.943 -3.16 LAWHFS ""
5315.627 21.0045 1.943 -3.03 LAWHFS ""
5315.629 607.01214 0.454 -2.929 7.724 0701Qb0285
5315.631 21.0045 1.943 -2.85 LAWHFS ""
5315.642 21.0045 1.943 -2.85 LAWHFS ""
5315.662 607.01314 0.277 -4.125 7.724 0701Rc0105
5315.684 607.01314 0.277 -3.376 7.724 0701Qa0115
5315.688 607.01214 0.454 -4.293 7.724 0701Pd0295
5315.714 607.01314 1.223 -3.438 7.724 1205Rd0085
5315.722 22.0 3.348 -2.55 "" ""
5315.735 607.01314 1.948 -3.133 7.724 1507Qc0355
5315.739 607.01214 2.7 -3.148 7.724 2011Pd0215
5315.775 26.0 3.637 -3.09 "" ""
5315.785 607.01314 1.227 -3.425 7.724 1205Rd0095
5315.792 64.1 2.382 -0.56 "" ""
5315.793 22.0 3.111 -3.74 "" ""
5315.793 607.01314 1.22 -3.457 7.724 1205Rd0075
5315.797 607.01314 1.948 -2.253 7.724 1507Pa0365
5315.807 42.0 2.621 -2.11 "" ""
5315.88 607.01214 2.7 -2.059 7.724 2011Qb0205
5315.891 106.00113 2.096 -3.144 3.464 AX24Q245
5315.932 607.01314 2.554 -3.369 7.724 2011Qa0015
5315.934 607.01314 2.554 -3.336 7.724 2011Rc0005
5315.962 106.00112 1.335 -3.92 3.464 AX13R155
5315.981 106.00113 2.096 -5.901 3.464 AX24R235
5315.987 607.01314 2.554 -3.281 7.724 2011Rc0015
5315.988 607.01314 2.554 -3.116 7.724 2011Qa0025
5315.998 106.00112 1.335 -3.935 3.464 AX13R145
5316.009 607.01314 1.231 -3.415 7.724 1205Rd0105
5316.022 607.01314 1.217 -3.482 7.724 1205Rd0065
5316.064 106.00112 1.335 -5.776 3.464 AX13Q155
5316.066 607.01314 2.538 -3.356 7.724 1910Pc0305
5316.083 23.0 1.948 -3.49 "" ""
5316.102 607.01214 1.417 -2.878 7.724 0902Pb0625
5316.124 106.00113 2.096 -5.601 3.464 AX24P245
5316.183 607.01314 0.301 -3.253 7.724 0701Qb0145
5316.214 106.00113 2.096 -3.164 3.464 AX24Q235
5316.214 607.01314 0.301 -4.169 7.724 0701Pd0155
5316.225 607.01314 1.933 -2.698 7.724 1608Pb0125
5316.244 607.01314 2.556 -3.229 7.724 2011Rc0025
5316.248 607.01314 2.556 -2.956 7.724 2011Qa0035
5316.287 24.1 7.326 -1.96 "" ""
5316.291 607.01314 2.602 -2.499 7.724 2011Rb0145
5316.313 607.01314 2.602 -2.827 7.724 2011Qd0155
5316.328 607.01314 0.277 -3.776 7.724 0701Pb0105
5316.377 607.01314 1.918 -2.928 7.724 1608Qc0095
5316.385 607.01314 1.236 -3.409 7.724 1205Rd0115
5316.397 607.01314 1.918 -2.848 7.724 1608Pa0105
5316.4 607.01314 1.186 -2.582 7.724 1104Pb0305
5316.4 607.01314 1.214 -3.515 7.724 1205Rd0055
5316.418 26.0 4.984 -2.67 "" ""
5316.436 607.01214 0.524 -5.079 7.724 0600Rc0465
