wavelength species excitation loggf disassociation_energy comment
3985.113 607.01214 3.097 -3.365 7.724 1313Qd0175
3985.119 106.00113 0.87 -4.346 3.464 AX32P105
3985.125 607.01214 3.212 -3.591 7.724 1313Qd0295
3985.127 21.0 1.864 -4.11 "" ""
3985.129 106.00113 0.87 -5.567 3.464 AX32Q105
3985.189 41.0 1.393 -0.88 "" ""
3985.199 607.01214 3.09 -0.564 7.724 1313Ra0165
3985.208 607.01214 3.224 -0.325 7.724 1313Rb0295
3985.22 607.01214 3.09 -0.589 7.724 1313Rb0155
3985.241 25.0 3.133 -0.86 "" ""
3985.267 607.01214 3.09 -3.34 7.724 1313Qd0165
3985.29 106.00113 0.87 -4.272 3.464 AX32P115
3985.294 607.01214 3.224 -3.606 7.724 1313Qd0305
3985.316 26.0 2.557 -2.64 "" ""
3985.327 26.0 4.151 -3.17 "" ""
3985.345 26.0 3.981 -3.02 "" ""
3985.375 607.01214 3.083 -0.589 7.724 1313Ra0155
3985.387 26.0 3.298 -1.1 "" ""
3985.4 607.01214 3.083 -0.617 7.724 1313Rb0145
3985.427 106.00112 0.774 -1.629 3.464 BX10R205
3985.428 106.00113 1.698 -5.022 3.464 CX14R165
3985.443 607.01214 3.083 -3.314 7.724 1313Qd0155
3985.444 22.0 2.083 -0.94 "" ""
3985.452 27.0 3.809 -0.63 "" ""
3985.455 106.00113 1.698 -4.929 3.464 CX14R175
3985.485 3.0 1.846 -2.4 "" ""
3985.5 106.00112 0.774 -6.903 3.464 BX10Q215
3985.538 3.0 1.846 -2.1 "" ""
3985.539 106.00113 1.675 -4.942 3.464 AX21R285
3985.562 106.00113 1.675 -2.394 3.464 AX21Q295
3985.575 607.01214 3.077 -0.617 7.724 1313Ra0145
3985.577 106.00112 0.774 -1.31 3.464 BX10R215
3985.58 22.0 2.091 -0.74 "" ""
3985.6 607.01214 3.077 -0.646 7.724 1313Rb0135
3985.621 23.0 2.113 -3.08 "" ""
3985.642 607.01214 3.077 -3.286 7.724 1313Qd0145
3985.653 106.00112 0.874 -4.346 3.464 AX32P105
3985.658 106.00112 0.874 -5.586 3.464 AX32Q105
3985.67 106.00113 1.675 -2.502 3.464 AX21Q285
3985.692 24.1 2.704 -5.09 "" ""
3985.693 106.00113 1.675 -5.688 3.464 AX21P295
3985.705 27.0 3.626 -2.45 "" ""
3985.715 42.0 3.165 -0.99 "" ""
3985.767 106.00112 0.874 -4.272 3.464 AX32P115
3985.77 23.1 3.75 -1.62 "" ""
3985.789 92.1 0.652 -0.28 Nils02/8 ""
3985.798 607.01214 3.071 -0.646 7.724 1313Ra0135
3985.823 607.01214 3.071 -0.677 7.724 1313Rb0125
3985.851 106.00113 0.871 -5.586 3.464 AX32Q105
3985.855 106.00113 0.871 -4.346 3.464 AX32P105
3985.862 607.01214 3.071 -3.256 7.724 1313Qd0135
3985.88 21.0 2.294 -3.62 "" ""
3985.902 24.1 2.704 -4.94 "" ""
3985.945 24.1 2.704 -4.47 "" ""
3985.948 23.0 2.357 -5.87 "" ""
3985.957 106.00113 0.871 -4.272 3.464 AX32P115
3985.988 62.1 0.188 -1.67 "" ""
3985.99 106.00113 0.578 -1.099 3.464 BX00Q175
3985.991 106.00113 0.578 -4.59 3.464 BX00P185
3986.042 607.01214 3.066 -0.677 7.724 1313Ra0125
3986.053 106.00113 0.578 -4.607 3.464 BX00R175
3986.054 106.00113 0.578 -1.106 3.464 BX00Q185
3986.063 106.00112 1.716 -5.113 3.464 AX43R225
3986.067 25.0 3.769 -3.75 "" ""
3986.067 607.01214 3.066 -0.71 7.724 1313Rb0115
3986.08 25.0 3.768 -9.56 "" ""
3986.091 25.0 3.769 -7.14 "" ""
3986.103 607.01214 3.066 -3.223 7.724 1313Qd0125
3986.131 25.0 3.769 -5.5 "" ""
3986.138 26.1 4.491 -8.28 "" ""
3986.156 42.1 3.111 -1.0 "" ""
3986.156 59.1 1.016 -0.55 "" ""
3986.172 26.0 3.249 -0.85 "" ""
3986.179 26.0 3.209 -2.04 "" ""
3986.209 106.00112 1.724 -7.317 3.464 CX25R115
3986.224 60.1 1.246 0.44 "" ""
3986.245 62.1 0.484 -2.09 "" ""
3986.277 42.0 3.161 -0.47 "" ""
3986.299 26.0 3.239 -1.65 "" ""
3986.308 607.01214 3.061 -0.71 7.724 1313Ra0115
3986.32 24.0 3.11 -7.07 "" ""
3986.326 106.00112 1.334 -2.559 3.464 AX43R145
3986.33 65.1 0.638 -0.52 LAWNOHFS ""
3986.333 607.01214 3.061 -0.747 7.724 1313Rb0105
3986.358 28.0 3.191 -5.63 "" ""
3986.366 607.01214 3.061 -3.188 7.724 1313Qd0115
3986.387 106.00112 1.334 -2.486 3.464 AX43R155
3986.393 25.0 3.132 -2.96 "" ""
3986.394 24.0 3.09 -4.9 "" ""
3986.395 23.0 2.357 -5.06 "" ""
3986.397 58.1 0.739 -1.03 "" ""
3986.401 25.1 5.369 -3.05 "" ""
3986.416 106.00112 1.539 -5.87 3.464 CX03R195
3986.433 106.00112 1.334 -4.691 3.464 AX43Q155
3986.446 22.0 1.066 -9.32 "" ""
3986.476 24.0 3.11 -2.52 "" ""
3986.497 25.1 5.986 -4.66 "" ""
3986.528 106.00112 1.539 -9.61 3.464 CX03Q195
3986.535 106.00112 1.539 -5.939 3.464 CX03R185
3986.545 30.0 5.791 -6.02 "" ""
3986.581 25.1 5.468 -2.6 "" ""
3986.595 607.01214 3.057 -0.747 7.724 1313Ra0105
3986.597 63.0 1.667 -0.13 "" ""
3986.619 607.01214 3.057 -0.787 7.724 1313Rb0095
3986.649 607.01214 3.057 -3.15 7.724 1313Qd0105
3986.68 62.1 0.184 -0.85 LAWLER ""
3986.705 24.0 4.446 -1.32 "" ""
3986.734 20.0 2.523 -4.53 LAWLER ""
3986.753 12.0 4.343 -1.44 "" ""
3986.759 24.0 3.119 -3.69 "" ""
3986.78 106.00113 1.451 -8.072 3.464 CX14R115
3986.819 25.0 3.13 -0.6 "" ""
3986.819 40.0 0.071 -1.94 "" ""
3986.9 62.1 0.248 -1.41 LAWLER ""
3986.902 607.01214 3.052 -0.787 7.724 1313Ra0095
3986.927 607.01214 3.052 -0.83 7.724 1313Rb0085
3986.944 26.0 4.298 -3.54 "" ""
3986.954 607.01214 3.052 -3.109 7.724 1313Qd0095
3987.004 106.00112 0.581 -1.099 3.464 BX00Q175
3987.006 106.00112 0.581 -4.59 3.464 BX00P185
3987.037 25.0 3.769 -3.54 "" ""
3987.059 106.00112 0.581 -1.106 3.464 BX00Q185
3987.061 25.0 3.769 -7.65 "" ""
3987.067 66.1 1.924 -0.16 "" ""
3987.069 106.00112 0.581 -4.607 3.464 BX00R175
3987.07 62.1 0.434 -1.89 LAWLER ""
3987.075 28.0 3.655 -1.26 "" ""
3987.076 24.0 4.452 -2.74 "" ""
3987.079 106.00112 0.411 -7.358 3.464 AX10P145
3987.083 25.0 3.769 -5.07 "" ""
3987.091 25.0 3.133 -0.72 "" ""
3987.117 27.0 0.513 -2.88 LAWNHFS ""
3987.205 90.0 0.929 -0.55 "" ""
3987.21 64.1 0.492 -0.76 LAWLER ""
3987.222 60.1 1.516 -0.34 "" ""
3987.226 607.01214 3.049 -0.831 7.724 1313Ra0085
3987.254 607.01214 3.049 -0.879 7.724 1313Rb0075
3987.258 25.0 3.769 -4.51 "" ""
3987.279 607.01214 3.049 -3.063 7.724 1313Qd0085
3987.311 25.0 3.769 -8.05 "" ""
3987.331 25.0 3.769 -9.69 "" ""
3987.392 25.0 3.769 -7.14 "" ""
3987.42 62.1 0.277 -1.13 LAWLER ""
3987.421 106.00113 0.409 -7.358 3.464 AX10P145
3987.429 28.0 3.938 -4.09 "" ""
3987.459 25.0 3.133 -1.47 "" ""
3987.48 39.0 1.407 -0.91 "" ""
3987.485 106.00113 1.243 -8.988 3.464 CX03R135
3987.493 22.0 0.848 -6.43 "" ""
3987.532 68.0 1.623 1.04 "" ""
3987.541 106.00112 1.335 -2.486 3.464 AX43R155
3987.551 106.00112 1.335 -2.559 3.464 AX43R145
3987.555 106.00113 0.19 -4.052 3.464 BX00P095
3987.581 24.0 3.011 -2.78 "" ""
3987.582 607.01214 3.045 -0.879 7.724 1313Ra0075
3987.588 106.00112 1.335 -4.666 3.464 AX43Q155
3987.603 607.01214 3.045 -0.934 7.724 1313Rb0065
3987.606 22.1 0.607 -2.73 LAWLER ""
3987.624 607.01214 3.045 -3.011 7.724 1313Qd0075
3987.627 23.0 2.573 -1.36 "" ""
3987.655 68.0 0.624 0.52 "" ""
3987.777 24.0 4.385 -4.0 "" ""
3987.794 44.0 2.006 -1.16 "" ""
3987.8 60.1 0.559 -1.21 "" ""
3987.829 21.0 1.952 -2.72 "" ""
3987.834 64.0 0.0 -0.69 "" ""
3987.929 26.0 4.14 -1.8 "" ""
3987.952 607.01214 3.043 -0.934 7.724 1313Ra0065
3987.955 26.0 3.6 -4.8 "" ""
3987.957 24.0 3.446 -3.01 "" ""
3987.972 607.01214 3.043 -0.997 7.724 1313Rb0055
3987.978 26.0 3.298 -5.22 "" ""
3987.986 70.0 0.0 -0.2 "" ""
3987.99 607.01214 3.043 -2.953 7.724 1313Qd0065
3988.017 106.00113 0.975 -4.176 3.464 AX43Q015
3988.048 106.00113 0.975 -4.174 3.464 AX43Q015
3988.053 25.0 3.769 -3.83 "" ""
3988.084 23.0 2.364 -1.34 "" ""
3988.157 41.0 2.085 0.06 "" ""
3988.171 22.0 2.295 -3.56 "" ""
3988.174 106.00112 1.069 -6.832 3.464 AX10Q245
3988.176 26.0 3.957 -4.51 "" ""
3988.182 76.0 1.776 -1.29 "" ""
3988.227 24.0 3.011 -3.57 "" ""
3988.235 106.00112 1.069 -5.194 3.464 AX10P255
3988.257 106.00113 1.063 -6.832 3.464 AX10Q245
3988.267 106.00113 0.975 -4.233 3.464 AX43R015
3988.272 106.00112 1.718 -5.05 3.464 AX43R225
3988.28 106.00112 1.069 -4.948 3.464 AX10P245
3988.283 27.0 3.62 -6.67 "" ""
3988.298 106.00112 1.705 -4.929 3.464 CX14R175
3988.298 106.00113 0.975 -4.237 3.464 AX43R015
3988.302 25.0 3.769 -9.17 "" ""
3988.306 106.00113 1.063 -5.194 3.464 AX10P255
3988.321 106.00112 0.191 -4.052 3.464 BX00P095
3988.342 607.01214 3.04 -0.997 7.724 1313Ra0055
3988.36 106.00113 1.063 -4.948 3.464 AX10P245
3988.361 607.01214 3.04 -1.071 7.724 1313Rb0045
3988.362 25.0 3.769 -6.87 "" ""
3988.376 607.01214 3.04 -2.885 7.724 1313Qd0055
3988.385 106.00112 1.705 -5.021 3.464 CX14R165
3988.385 20.0 2.93 -3.6 "" ""
3988.385 23.0 2.113 -3.79 "" ""
3988.396 106.00112 1.705 -8.579 3.464 CX14Q175
3988.445 57.1139 0.403 -1.362 Lawle01HFS ""
3988.446 57.1139 0.403 -1.839 Lawle01HFS ""
3988.452 57.1139 0.403 -1.14 Lawle01HFS ""
3988.454 57.1139 0.403 -1.362 Lawle01HFS ""
3988.454 57.1139 0.403 -19.79 Lawle01HFS ""
3988.458 106.00112 0.412 -7.403 3.464 AX10P145
3988.464 106.00113 1.376 -2.49 3.464 AX43R155
3988.464 57.1139 0.403 -1.041 Lawle01HFS ""
3988.466 57.1139 0.403 -1.985 Lawle01HFS ""
3988.467 24.0 4.413 -3.93 "" ""
3988.468 57.1139 0.403 -1.14 Lawle01HFS ""
3988.482 57.1139 0.403 -1.015 Lawle01HFS ""
3988.484 57.1139 0.403 -1.355 Lawle01HFS ""
3988.486 57.1139 0.403 -1.041 Lawle01HFS ""
3988.504 57.1139 0.403 -1.068 Lawle01HFS ""
3988.506 106.00113 1.376 -2.42 3.464 AX43R165
3988.507 57.1139 0.403 -0.969 Lawle01HFS ""
3988.51 57.1139 0.403 -1.015 Lawle01HFS ""
3988.531 20.0 5.923 -6.18 "" ""
3988.532 57.1139 0.403 -1.263 Lawle01HFS ""
3988.535 57.1139 0.403 -0.683 Lawle01HFS ""
3988.538 57.1139 0.403 -1.068 Lawle01HFS ""
3988.555 106.00113 1.376 -4.671 3.464 AX43Q165
3988.557 106.00112 0.598 -8.474 3.464 AX21P115
3988.569 57.1139 0.403 -0.455 Lawle01HFS ""
3988.572 57.1139 0.403 -1.263 Lawle01HFS ""
3988.575 25.0 4.27 -2.54 "" ""
3988.594 26.0 3.299 -4.62 "" ""
3988.6 90.1 0.189 -2.33 "" ""
3988.606 22.0 2.343 -5.16 "" ""
3988.621 24.0 2.706 -2.66 "" ""
3988.623 76.0 2.405 -1.08 "" ""
3988.66 25.0 4.27 -1.13 "" ""
3988.671 40.0 0.622 -1.21 "" ""
3988.698 73.0 1.357 -1.24 "" ""
3988.736 21.0 1.849 -4.17 "" ""
3988.737 28.0 3.676 -1.85 "" ""
3988.753 607.01214 3.038 -1.071 7.724 1313Ra0045
3988.758 23.0 2.129 -2.2 "" ""
3988.77 607.01214 3.038 -1.16 7.724 1313Rb0035
3988.782 607.01214 3.038 -2.804 7.724 1313Qd0045
3988.784 106.00113 0.41 -7.403 3.464 AX10P145
3988.802 60.1 0.38 -1.24 "" ""
3988.827 23.0 1.858 -0.57 LAWNOHFS ""
3988.845 90.1 0.829 -1.6 "" ""
3988.849 106.00113 0.596 -8.474 3.464 AX21P115
3988.859 28.0 4.232 -4.05 "" ""
3988.87 27.0 3.729 -3.3 "" ""
3988.871 106.00113 0.976 -4.586 3.464 AX43P025
3988.879 66.0 1.238 -0.15 "" ""
3988.884 92.1 0.284 -1.33 "" ""
3988.893 106.00113 0.976 -4.584 3.464 AX43P025
3988.933 21.0 1.864 -4.02 "" ""
3988.988 26.0 4.253 -1.36 "" ""
3988.988 27.0 3.629 -3.22 "" ""
3988.992 22.0 2.675 -2.32 "" ""
3989.0 26.0 3.571 -5.26 "" ""
3989.056 21.1 0.315 -2.56 "" ""
3989.101 23.0 3.064 -3.37 "" ""
3989.104 106.00112 1.314 -4.87 3.464 AX32R195
3989.121 106.00113 0.976 -3.796 3.464 AX43Q025
3989.133 26.0 3.109 -5.83 "" ""
3989.143 106.00113 0.976 -3.797 3.464 AX43Q025
3989.181 106.00112 1.314 -2.608 3.464 AX32Q205
3989.183 106.00112 1.314 -2.695 3.464 AX32Q195
3989.185 607.01214 3.036 -1.16 7.724 1313Ra0035
3989.19 106.00113 1.678 -2.394 3.464 AX21Q295
3989.195 27.0 2.04 -3.88 "" ""
3989.198 607.01214 3.036 -1.273 7.724 1313Rb0025
3989.208 607.01214 3.036 -2.705 7.724 1313Qd0035
3989.214 106.00112 0.978 -4.176 3.464 AX43Q015
3989.238 106.00113 1.678 -4.974 3.464 AX21R285
3989.239 64.1 1.373 -0.53 "" ""
3989.241 26.0 3.281 -3.52 "" ""
3989.247 106.00112 0.978 -4.174 3.464 AX43Q015
3989.25 25.0 4.341 -1.24 "" ""
3989.26 106.00112 1.314 -5.533 3.464 AX32P205
3989.284 40.0 0.071 -1.87 "" ""
3989.298 26.0 4.214 -2.89 "" ""
3989.33 106.00113 0.985 -3.721 3.464 AX43Q025
3989.365 106.00113 1.678 -5.659 3.464 AX21P295
3989.396 106.00113 0.985 -3.72 3.464 AX43Q025
3989.413 106.00113 1.678 -2.502 3.464 AX21Q285
3989.438 58.1 0.899 -0.04 "" ""
3989.453 106.00112 0.599 -8.51 3.464 AX21P115
3989.454 106.00112 0.978 -4.233 3.464 AX43R015
3989.456 106.00112 0.956 -6.133 3.464 AX21Q185
3989.488 106.00112 0.978 -4.237 3.464 AX43R015
3989.489 40.0 1.873 0.21 "" ""
3989.499 106.00113 0.985 -4.357 3.464 AX43R025
3989.504 106.00112 1.683 -4.941 3.464 AX21R285
3989.516 106.00112 0.956 -5.741 3.464 AX21P185
3989.516 20.0 5.923 -1.11 "" ""
3989.539 26.1 4.734 -3.72 "" ""
3989.541 106.00112 0.956 -5.318 3.464 AX21P195
3989.557 106.00112 1.683 -2.393 3.464 AX21Q295
3989.564 106.00113 0.985 -4.362 3.464 AX43R025
3989.564 22.0 1.066 -2.02 LAWLER ""
3989.583 106.00112 1.683 -2.501 3.464 AX21Q285
3989.595 106.00113 0.952 -6.133 3.464 AX21Q185
3989.6 26.0 3.265 -3.19 "" ""
3989.608 23.0 1.892 -3.1 "" ""
3989.61 20.0 5.817 -2.83 "" ""
3989.636 106.00112 1.683 -5.687 3.464 AX21P295
3989.636 607.01214 3.035 -1.273 7.724 1313Ra0025
3989.647 607.01214 3.035 -1.428 7.724 1313Rb0015
3989.648 27.0 3.629 -1.25 "" ""
3989.654 607.01214 3.035 -2.575 7.724 1313Qd0025
3989.673 106.00113 0.952 -5.318 3.464 AX21P195
3989.675 106.00113 0.952 -5.741 3.464 AX21P185
3989.679 23.0 2.372 -5.71 "" ""
3989.68 59.1 0.055 -0.28 LINOHFS ""
3989.733 106.00113 0.596 -8.51 3.464 AX21P115
3989.734 23.1 6.329 -3.13 "" ""
3989.75 58.1 0.587 -1.38 "" ""
3989.758 22.0 0.021 -0.13 LAWLER ""
3989.784 21.1 7.477 -4.5 "" ""
3989.789 23.1 1.803 -1.9 LAWNOHFS ""
3989.803 24.0 4.437 -2.12 "" ""
3989.85 20.0 2.93 -6.85 "" ""
3989.858 26.0 3.544 -1.08 "" ""
3989.908 106.00113 0.985 -4.631 3.464 AX43P035
3989.909 21.0 1.438 -2.92 "" ""
3989.916 42.0 3.435 -0.96 "" ""
3989.923 106.00113 1.377 -2.42 3.464 AX43R165
3989.943 106.00113 1.377 -2.49 3.464 AX43R155
3989.952 25.0 3.133 -1.44 "" ""
3989.96 106.00113 0.985 -4.628 3.464 AX43P035
3989.968 106.00113 1.377 -4.645 3.464 AX43Q165
3989.978 24.0 3.889 0.49 "" ""
3990.01 62.1 0.0 -1.06 LAWLER ""
3990.013 62.0 0.387 0.15 "" ""
3990.067 23.0 1.892 -3.39 "" ""
3990.068 23.0 2.121 -3.26 "" ""
3990.076 106.00112 0.979 -4.586 3.464 AX43P025
3990.077 106.00113 0.985 -3.526 3.464 AX43Q035
3990.097 106.00112 0.979 -4.584 3.464 AX43P025
3990.1 58.1 0.357 -0.94 LAWLER ""
3990.1 60.1 0.471 0.13 LAWLER ""
3990.108 607.01214 3.034 -1.428 7.724 1313Ra0015
3990.115 607.01214 3.034 -1.684 7.724 1313Rb0005
3990.119 607.01214 3.034 -2.383 7.724 1313Qd0015
3990.129 106.00113 0.985 -3.526 3.464 AX43Q035
3990.138 22.0 2.083 -1.16 "" ""
3990.158 24.0 4.102 -0.75 "" ""
3990.165 23.0 2.129 -3.06 "" ""
3990.203 106.00112 1.456 -8.071 3.464 CX14R115
3990.217 22.0 2.083 -1.04 "" ""
3990.298 27.0 1.954 -1.24 LAWNHFS ""
3990.307 20.0 4.621 -3.51 "" ""
3990.316 106.00112 0.979 -3.796 3.464 AX43Q025
3990.32 25.0 3.133 -3.04 "" ""
3990.326 22.0 1.066 -1.35 "" ""
3990.336 66.1 2.034 -0.1 "" ""
3990.338 106.00112 0.979 -3.796 3.464 AX43Q025
3990.373 26.0 3.045 -1.45 "" ""
3990.42 92.1 0.113 -1.12 "" ""
3990.435 74.1 2.792 -1.68 "" ""
3990.451 21.0 1.447 -2.31 "" ""
3990.491 22.1 4.947 -4.28 "" ""
3990.492 90.0 0.479 -0.88 "" ""
3990.538 23.0 1.847 0.12 LAWNOHFS ""
3990.544 106.00112 1.248 -8.987 3.464 CX03R135
3990.548 106.00112 0.988 -3.721 3.464 AX43Q025
3990.554 26.0 3.239 -2.4 "" ""
3990.564 106.00113 1.309 -4.87 3.464 AX32R195
3990.594 23.0 1.852 0.21 "" ""
3990.596 607.01214 3.034 -1.684 7.724 1313Ra0005
3990.602 25.0 3.761 -2.21 "" ""
3990.605 607.01214 3.034 -1.985 7.724 1313Qd0005
3990.617 106.00112 0.988 -3.72 3.464 AX43Q025
3990.628 25.0 3.37 -4.82 "" ""
3990.631 106.00113 1.309 -2.608 3.464 AX32Q205
3990.656 23.0 1.05 -3.92 "" ""
3990.661 41.0 1.504 -1.08 "" ""
3990.688 58.1 0.7 -0.99 LAWLER ""
3990.697 106.00113 1.309 -2.694 3.464 AX32Q195
3990.709 106.00112 0.988 -4.357 3.464 AX43R025
3990.765 106.00113 1.309 -5.532 3.464 AX32P205
3990.778 106.00112 0.988 -4.362 3.464 AX43R025
3990.788 26.0 4.291 -1.95 "" ""
3990.889 106.00113 0.997 -3.501 3.464 AX43Q035
3990.89 70.0 2.442 0.68 "" ""
3990.997 22.0 1.738 -7.11 "" ""
3990.997 24.1 6.277 -4.01 "" ""
3990.999 106.00113 0.997 -3.501 3.464 AX43Q035
3991.008 62.0 0.498 -0.25 "" ""
3991.011 106.00113 0.997 -4.436 3.464 AX43R035
3991.037 75.0 1.811 -1.6 "" ""
3991.047 23.0 2.576 -0.88 "" ""
3991.078 26.0 3.926 -4.33 "" ""
3991.113 24.0 2.542 0.22 SOBECK ""
3991.122 106.00113 0.997 -4.442 3.464 AX43R035
3991.127 40.1 0.758 -0.31 Ljung06 ""
3991.132 106.00112 0.988 -4.631 3.464 AX43P035
3991.156 20.0 5.667 -5.6 "" ""
3991.16 106.00112 1.316 -2.609 3.464 AX32Q205
3991.172 68.0 1.869 1.2 "" ""
3991.175 106.00112 1.316 -4.894 3.464 AX32R195
3991.184 106.00112 0.988 -4.627 3.464 AX43P035
3991.226 58.1 1.708 -0.47 "" ""
3991.228 74.0 2.657 -0.1 "" ""
3991.239 106.00112 1.316 -5.511 3.464 AX32P205
3991.245 106.00112 2.06 -4.2 3.464 CX25R195
3991.253 106.00112 1.316 -2.695 3.464 AX32Q195
3991.275 106.00112 1.071 -5.195 3.464 AX10P255
3991.293 106.00112 0.988 -3.526 3.464 AX43Q035
3991.294 24.1 4.94 -5.12 "" ""
3991.318 21.1 7.49 -3.95 "" ""
3991.32 66.1 1.36 -0.27 LAWLER ""
3991.323 106.00113 1.065 -5.195 3.464 AX10P255
3991.325 58.1 0.634 -1.36 LAWLER ""
3991.328 106.00112 1.071 -6.871 3.464 AX10Q245
3991.328 106.00113 0.998 -4.699 3.464 AX43P045
3991.345 106.00112 0.988 -3.526 3.464 AX43Q035
3991.365 42.0 3.165 -1.59 "" ""
3991.37 106.00112 2.06 -7.846 3.464 CX25Q195
3991.379 106.00112 2.06 -4.264 3.464 CX25R185
3991.386 106.00113 1.065 -6.871 3.464 AX10Q245
3991.386 25.0 4.265 -2.76 "" ""
3991.394 42.0 3.697 -0.79 "" ""
3991.397 24.0 2.87 -7.32 "" ""
3991.421 106.00113 0.998 -4.695 3.464 AX43P045
3991.433 106.00112 0.958 -5.319 3.464 AX21P195
3991.435 106.00112 1.071 -4.948 3.464 AX10P245
3991.438 106.00112 0.958 -6.164 3.464 AX21Q185
3991.446 24.0 3.963 -2.48 "" ""
3991.45 106.00113 0.998 -3.363 3.464 AX43Q045
3991.467 23.1 1.475 -2.63 "" ""
3991.477 76.0 0.34 -3.12 "" ""
3991.489 106.00113 1.065 -4.948 3.464 AX10P245
3991.494 21.0 1.952 -2.42 "" ""
3991.498 106.00112 0.958 -5.741 3.464 AX21P185
3991.523 23.0 0.3 -6.21 "" ""
3991.523 27.0 2.278 -3.0 "" ""
3991.534 27.0 3.626 0.18 "" ""
3991.543 106.00113 0.998 -3.364 3.464 AX43Q045
3991.547 106.00112 1.721 -7.869 3.464 AX42P255
3991.554 106.00113 0.953 -5.318 3.464 AX21P195
3991.555 106.00113 0.953 -6.164 3.464 AX21Q185
3991.611 25.0 3.768 -1.0 "" ""
3991.624 106.00113 0.953 -5.741 3.464 AX21P185
3991.635 607.01214 3.034 -1.985 7.724 1313Qc0005
3991.639 607.01214 3.034 -1.684 7.724 1313Pa0015
3991.668 24.0 2.542 -0.64 SOBECK ""
3991.686 27.0 0.581 -2.56 LAWNHFS ""
3991.69 64.1 1.059 -1.23 LAWLER ""
3991.693 106.00112 0.911 -5.542 3.464 AX32Q115
3991.698 106.00112 0.911 -4.265 3.464 AX32P115
3991.731 90.0 1.09 -0.28 "" ""
3991.74 60.1 0.0 -0.26 LAWLER ""
3991.749 106.00112 1.381 -2.49 3.464 AX43R155
3991.793 106.00112 1.381 -2.419 3.464 AX43R165
3991.831 27.0 2.628 -1.51 LAWNHFS ""
3991.84 106.00112 0.911 -4.183 3.464 AX32P125
3991.847 106.00112 1.381 -4.671 3.464 AX43Q165
3991.847 42.0 3.714 -0.56 "" ""
3991.858 106.00113 0.908 -4.265 3.464 AX32P115
3991.859 106.00113 0.908 -5.542 3.464 AX32Q115
3991.901 26.0 4.28 -2.64 "" ""
3991.904 26.0 4.073 -1.66 "" ""
3991.921 26.0 4.291 -3.84 "" ""
3991.957 23.1 4.002 -5.22 "" ""
3991.963 23.1 3.755 -3.05 "" ""
3991.974 27.0 0.174 -4.21 "" ""
3991.997 24.0 4.416 -3.39 "" ""
3992.005 106.00113 0.908 -4.183 3.464 AX32P125
3992.068 22.0 2.304 -3.51 "" ""
3992.071 21.0 2.336 -2.86 "" ""
3992.092 26.0 4.291 -3.66 "" ""
3992.102 24.0 2.543 -2.02 "" ""
3992.102 27.0 3.62 -1.04 "" ""
3992.121 77.0 1.224 -1.22 "" ""
3992.13 58.1 0.969 -0.7 "" ""
3992.137 106.00112 1.0 -3.501 3.464 AX43Q035
3992.179 607.01214 3.035 -2.383 7.724 1313Qc0015
3992.187 607.01214 3.035 -1.429 7.724 1313Pa0025
3992.187 607.01214 3.035 -1.684 7.724 1313Pb0015
3992.251 106.00112 1.0 -3.5 3.464 AX43Q035
3992.252 106.00112 1.0 -4.436 3.464 AX43R035
3992.259 60.1 1.497 -0.05 "" ""
3992.273 90.1 1.144 -1.39 "" ""
3992.307 24.1 5.489 -4.36 "" ""
3992.344 27.0 3.71 -1.98 "" ""
3992.363 23.0 2.33 -5.27 "" ""
3992.367 106.00112 1.0 -4.442 3.464 AX43R035
3992.369 106.00113 1.688 -7.322 3.464 CX25R105
3992.38 58.1 0.445 -0.22 LAWLER ""
3992.389 26.0 3.299 -3.63 "" ""
3992.395 26.0 3.926 -4.02 "" ""
3992.451 25.0 4.662 -4.04 "" ""
3992.535 92.1 0.708 -0.61 "" ""
3992.556 106.00112 0.912 -5.563 3.464 AX32Q115
3992.561 106.00112 0.912 -4.265 3.464 AX32P115
3992.562 60.1 1.41 0.16 "" ""
3992.578 28.0 4.161 -2.58 "" ""
3992.58 106.00112 1.0 -4.699 3.464 AX43P045
3992.585 24.0 4.443 -3.9 "" ""
3992.606 106.00113 1.31 -2.608 3.464 AX32Q205
3992.636 106.00113 1.311 -4.893 3.464 AX32R195
3992.639 106.00113 1.31 -5.511 3.464 AX32P205
3992.639 26.0 2.586 -5.16 "" ""
3992.641 23.0 2.372 -0.29 "" ""
3992.645 106.00112 0.912 -4.183 3.464 AX32P125
3992.67 106.00113 1.311 -2.695 3.464 AX32Q195
3992.673 106.00112 1.0 -4.695 3.464 AX43P045
3992.675 106.00113 1.77 -5.654 3.464 AX53Q225
3992.689 64.0 0.066 -0.87 "" ""
3992.695 106.00112 1.0 -3.363 3.464 AX43Q045
3992.696 26.0 4.545 -4.34 "" ""
3992.703 23.0 2.129 -3.65 "" ""
3992.704 106.00113 0.908 -5.563 3.464 AX32Q115
3992.716 106.00113 1.77 -3.885 3.464 AX53P235
3992.721 106.00113 0.908 -4.265 3.464 AX32P115
3992.73 106.00113 1.77 -4.252 3.464 AX53P225
3992.744 607.01214 3.036 -2.575 7.724 1313Qc0025
3992.756 607.01214 3.036 -1.275 7.724 1313Pa0035
3992.756 607.01214 3.036 -1.429 7.724 1313Pb0025
3992.784 106.00113 1.013 -3.352 3.464 AX43Q045
3992.789 106.00112 1.0 -3.363 3.464 AX43Q045
3992.79 106.00113 0.908 -4.183 3.464 AX32P125
3992.795 23.0 1.858 0.31 LAWNOHFS ""
3992.814 23.1 6.291 -4.67 "" ""
3992.816 24.1 4.778 -6.38 "" ""
3992.84 24.0 2.706 -0.43 "" ""
3992.875 106.00113 1.013 -4.492 3.464 AX43R045
3992.888 23.0 2.614 -5.14 "" ""
3992.909 58.1 0.734 -0.37 BIEMONT ""
3992.95 106.00113 1.013 -3.352 3.464 AX43Q045
3992.956 26.0 4.298 -3.97 "" ""
3992.98 20.0 5.724 -2.96 "" ""
3992.991 106.00112 1.595 -9.867 3.464 AX53P195
3993.041 106.00113 1.013 -4.5 3.464 AX43R045
3993.045 42.0 3.3 -1.03 "" ""
3993.092 106.00112 1.382 -2.419 3.464 AX43R165
3993.097 26.0 4.1 -1.46 "" ""
3993.097 27.0 2.278 -1.88 "" ""
3993.121 106.00112 1.382 -2.49 3.464 AX43R155
3993.138 106.00113 1.013 -4.763 3.464 AX43P055
3993.138 27.0 3.25 -4.39 "" ""
3993.146 106.00112 1.382 -4.644 3.464 AX43Q165
3993.16 59.1 0.371 -1.17 LINOHFS ""
3993.167 106.00112 1.686 -2.393 3.464 AX21Q295
3993.177 27.0 2.135 -5.04 "" ""
3993.21 64.1 0.078 -1.41 LAWLER ""
3993.229 106.00113 1.013 -3.242 3.464 AX43Q055
3993.234 106.00112 1.686 -4.973 3.464 AX21R285
3993.238 26.0 4.281 -1.96 "" ""
3993.246 106.00112 1.686 -5.658 3.464 AX21P295
3993.252 26.0 4.291 -1.7 "" ""
3993.282 106.00113 1.013 -4.758 3.464 AX43P055
3993.31 62.1 0.04 -0.93 LAWLER ""
3993.314 106.00112 1.686 -2.501 3.464 AX21Q285
3993.328 607.01214 3.038 -2.705 7.724 1313Qc0035
3993.341 607.01214 3.038 -1.162 7.724 1313Pa0045
3993.345 607.01214 3.038 -1.275 7.724 1313Pb0035
3993.35 23.0 0.267 -8.27 "" ""
3993.365 24.0 4.102 -2.65 "" ""
3993.372 106.00113 1.013 -3.242 3.464 AX43Q055
3993.374 106.00112 0.778 -6.837 3.464 AX32P075
3993.397 56.0 1.189 0.08 "" ""
3993.429 26.0 3.926 -4.14 "" ""
3993.529 23.0 2.372 -4.42 "" ""
3993.531 44.0 1.122 -1.73 "" ""
3993.565 24.0 3.119 -3.33 "" ""
3993.567 66.0 1.055 0.12 "" ""
3993.579 106.00113 0.775 -6.837 3.464 AX32P075
3993.583 27.0 2.872 -2.36 "" ""
3993.589 26.0 4.227 -2.46 "" ""
3993.606 20.0 5.802 -3.4 "" ""
3993.616 26.0 4.206 -0.47 "" ""
3993.637 20.0 4.621 -4.12 "" ""
3993.665 106.00113 0.359 -1.362 3.464 BX00P135
3993.669 25.0 4.191 -2.28 "" ""
3993.695 29.0 5.677 -2.46 "" ""
3993.716 106.00113 0.359 -7.282 3.464 BX00Q135
3993.724 23.0 2.553 -6.36 "" ""
3993.732 26.0 3.571 -2.46 "" ""
3993.785 24.0 4.444 -3.48 "" ""
3993.789 22.0 2.115 -1.86 "" ""
3993.79 106.00112 0.778 -6.861 3.464 AX32P075
3993.819 58.1 0.909 0.29 LAWLER ""
3993.839 25.0 3.769 -1.68 "" ""
3993.849 106.00113 0.359 -1.349 3.464 BX00P145
3993.904 23.1 3.756 -3.29 "" ""
3993.915 74.0 2.855 -0.19 "" ""
3993.927 28.0 3.676 -0.37 "" ""
3993.932 42.0 2.913 -1.28 "" ""
3993.932 607.01214 3.04 -2.805 7.724 1313Qc0045
3993.949 607.01214 3.04 -1.073 7.724 1313Pa0055
3993.953 607.01214 3.04 -1.162 7.724 1313Pb0045
3993.96 24.0 2.707 -0.88 "" ""
3993.972 106.00112 0.776 -4.485 3.464 BX10R215
3993.992 106.00113 0.775 -6.861 3.464 AX32P075
3994.005 26.0 3.263 -1.79 "" ""
3994.01 26.0 3.265 -3.2 "" ""
3994.03 60.1 0.182 -1.48 LAWLER ""
3994.07 106.00112 1.016 -3.352 3.464 AX43Q045
3994.108 27.1 2.727 -5.29 "" ""
3994.113 26.0 3.045 -1.47 "" ""
3994.131 26.0 4.188 -3.53 "" ""
3994.155 106.00112 1.016 -4.492 3.464 AX43R045
3994.157 28.0 4.15 -3.37 "" ""
3994.16 64.1 0.522 -0.73 LAWLER ""
3994.165 106.00113 1.425 -2.423 3.464 AX43R165
3994.191 106.00113 1.425 -2.355 3.464 AX43R175
3994.239 27.0 3.407 -4.3 "" ""
3994.241 106.00112 1.016 -3.351 3.464 AX43Q045
3994.246 106.00113 1.425 -4.649 3.464 AX43Q175
3994.247 24.1 6.28 -2.0 "" ""
3994.264 26.0 2.873 -5.16 "" ""
3994.291 92.1 0.036 -1.78 "" ""
3994.318 24.0 3.008 -2.95 "" ""
3994.326 106.00112 1.016 -4.499 3.464 AX43R045
3994.413 41.0 1.393 -1.19 "" ""
3994.427 106.00112 1.016 -4.763 3.464 AX43P055
3994.456 22.0 2.486 -2.51 "" ""
3994.501 106.00112 0.361 -1.361 3.464 BX00P135
3994.512 106.00112 1.016 -3.242 3.464 AX43Q055
3994.517 20.0 5.927 -1.72 "" ""
3994.526 24.1 7.381 -3.6 "" ""
3994.531 66.0 0.512 -0.72 "" ""
3994.535 27.0 0.629 -2.75 LAWNHFS ""
3994.541 22.0 2.101 -1.86 "" ""
3994.549 90.1 0.0 -1.54 "" ""
3994.553 106.00112 0.361 -7.282 3.464 BX00Q135
3994.555 607.01214 3.043 -2.885 7.724 1313Qc0055
3994.572 106.00112 1.016 -4.758 3.464 AX43P055
3994.574 607.01214 3.043 -1.0 7.724 1313Pa0065
3994.577 74.1 2.949 -1.72 "" ""
3994.58 58.1 0.703 -1.09 LAWLER ""
3994.583 607.01214 3.043 -1.074 7.724 1313Pb0055
3994.608 20.0 2.93 -1.61 "" ""
3994.626 42.0 3.731 -1.08 "" ""
3994.634 106.00112 1.723 -7.938 3.464 AX42P255
3994.643 23.0 2.364 -3.23 "" ""
3994.648 58.1 0.232 -2.02 LAWLER ""
3994.657 106.00112 1.016 -3.242 3.464 AX43Q055
3994.67 59.1141 0.055 -3.045 LI/LAW ""
3994.67 60.1 0.32 0.04 LAWLER ""
3994.673 106.00113 1.65 -8.64 3.464 CX14Q165
3994.675 22.0 2.091 -0.7 "" ""
3994.683 59.1141 0.055 -1.827 LI/LAW ""
3994.688 59.1141 0.055 -2.899 LI/LAW ""
3994.691 106.00112 0.361 -1.349 3.464 BX00P145
3994.691 26.0 3.981 -3.0 "" ""
3994.693 59.1141 0.055 -1.158 LI/LAW ""
3994.705 59.1141 0.055 -1.637 LI/LAW ""
3994.712 59.1141 0.055 -2.986 LI/LAW ""
3994.719 59.1141 0.055 -1.049 LI/LAW ""
3994.733 59.1141 0.055 -1.583 LI/LAW ""
3994.742 59.1141 0.055 -3.314 LI/LAW ""
3994.751 59.1141 0.055 -0.94 LI/LAW ""
3994.768 59.1141 0.055 -1.625 LI/LAW ""
3994.789 59.1141 0.055 -0.835 LI/LAW ""
3994.796 28.0 4.232 -0.73 "" ""
3994.809 59.1141 0.055 -1.815 LI/LAW ""
3994.834 59.1141 0.055 -0.736 LI/LAW ""
3994.842 22.1 1.179 -6.7 "" ""
3994.853 68.1 0.636 -1.93 LAWLER ""
3994.874 23.0 2.579 -0.97 "" ""
3994.885 59.1141 0.055 -0.643 LI/LAW ""
3994.933 76.0 2.639 -0.78 "" ""
3994.981 106.00112 1.597 -9.923 3.464 AX53P195
3995.054 106.00113 1.031 -3.236 3.464 AX43Q055
3995.056 106.00113 1.651 -5.115 3.464 CX14R155
3995.085 21.0 1.849 -4.53 "" ""
3995.091 106.00113 1.65 -5.022 3.464 CX14R165
3995.094 24.0 4.093 -3.44 "" ""
