wavelength species excitation loggf disassociation_energy comment
4984.431 24.0 4.096 -3.52 "" ""
4984.433 58.1 1.026 -1.02 LAWLER ""
4984.434 106.00112 2.339 -5.242 3.464 AX45R235
4984.451 607.01314 1.308 -2.97 7.724 0104Pb0385
4984.494 23.0 2.676 -1.6 "" ""
4984.497 106.00112 2.339 -2.926 3.464 AX45Q245
4984.571 58.1 0.976 -1.68 "" ""
4984.583 24.0 4.201 -3.89 "" ""
4984.59 106.00112 2.339 -3.086 3.464 AX45Q235
4984.605 26.0 4.603 -2.46 "" ""
4984.629 26.0 4.604 -3.93 "" ""
4984.653 106.00112 2.339 -6.182 3.464 AX45P245
4984.713 74.0 2.351 -1.39 "" ""
4984.728 20.0 4.873 -1.99 "" ""
4984.741 106.00113 1.971 -8.134 3.464 AX56P115
4984.783 23.0 3.071 -2.94 "" ""
4984.801 106.00112 2.167 -4.037 3.464 AX34P255
4984.875 106.00112 2.167 -8.23 3.464 AX34Q245
4984.894 22.1 3.999 -4.3 "" ""
4984.895 24.0 3.426 -1.94 "" ""
4984.9 64.1 1.133 -1.69 LAWLER ""
4984.927 26.0 3.069 -5.53 "" ""
4984.974 106.00113 1.972 -4.535 3.464 AX56Q105
4985.039 106.00112 2.167 -3.765 3.464 AX34P245
4985.056 106.00113 1.971 -4.266 3.464 AX56Q115
4985.064 106.00112 1.725 -10.345 3.464 CX05R105
4985.082 106.00112 1.725 -9.925 3.464 CX05R115
4985.203 106.00112 1.725 -12.554 3.464 CX05Q115
4985.253 26.0 3.926 -0.44 DEN14 ""
4985.274 24.0 4.385 -3.21 "" ""
4985.288 106.00113 1.972 -5.772 3.464 AX56R105
4985.296 64.1 1.25 -1.67 "" ""
4985.299 607.01314 0.979 -3.806 7.724 0104Ra0055
4985.318 607.01314 0.887 -3.753 7.724 0003Ra0265
4985.318 607.01314 0.979 -3.879 7.724 0104Rb0045
4985.327 607.01314 0.979 -5.687 7.724 0104Qd0055
4985.355 22.0 1.459 -5.14 "" ""
4985.372 90.0 0.457 -1.89 "" ""
4985.382 607.01314 0.887 -3.769 7.724 0003Rb0255
4985.383 607.01214 1.468 -2.737 7.724 0205Pb0315
4985.402 106.00112 1.915 -6.68 3.464 AX45Q155
4985.407 607.01214 1.051 -3.642 7.724 0003Ra0365
4985.416 24.1 3.906 -3.93 "" ""
4985.426 27.1 3.405 -6.18 "" ""
4985.426 607.01314 0.887 -6.9 7.724 0003Qd0265
4985.463 106.00112 1.915 -3.909 3.464 AX45P155
4985.473 24.0 3.426 -2.13 "" ""
4985.476 24.0 5.278 -0.81 "" ""
4985.495 607.01214 1.051 -3.654 7.724 0003Rb0355
4985.511 607.01214 1.233 -4.454 7.724 0205Qc0005
4985.513 607.01214 1.233 -4.151 7.724 0205Pa0015
4985.528 106.00112 1.916 -4.003 3.464 AX45P165
4985.547 26.0 2.863 -1.33 "" ""
4985.547 607.01314 1.292 -6.469 7.724 0104Qc0375
4985.558 607.01214 1.051 -7.05 7.724 0003Qd0365
4985.561 23.0 1.08 -3.04 "" ""
4985.563 24.0 4.443 -3.78 "" ""
4985.564 42.0 2.644 -1.58 "" ""
4985.61 607.01314 1.292 -2.97 7.724 0104Pa0385
4985.685 106.00113 2.157 -7.143 3.464 CX05P215
4985.693 607.01314 1.292 -2.984 7.724 0104Pb0375
4985.705 106.00113 2.157 -7.143 3.464 CX05P205
4985.729 26.0 3.692 -4.03 "" ""
4985.736 106.00113 1.329 -5.703 3.464 AX23P145
4985.738 106.00113 0.948 -5.667 3.464 AX12P125
4985.774 607.01214 1.801 -7.262 7.724 0003Qc0675
4985.81 22.0 3.567 -4.12 "" ""
4985.819 25.0 3.376 -1.4 "" ""
4985.891 607.01214 1.801 -3.232 7.724 0003Pa0685
4985.898 22.0 3.332 -3.47 "" ""
4985.911 20.0 4.874 -1.49 "" ""
4985.963 24.0 3.842 -1.07 "" ""
4985.977 106.00112 2.371 -4.002 3.464 AX02R345
4985.983 26.0 4.253 -1.9 "" ""
4985.993 75.0 2.147 -1.23 "" ""
4986.01 607.01214 1.801 -3.241 7.724 0003Pb0675
4986.036 112.00124 0.786 0.444 1.340 00R234b24
4986.038 27.1 3.116 -7.89 "" ""
4986.098 22.0 1.738 -4.12 "" ""
4986.109 607.01214 1.453 -6.055 7.724 0205Qc0305
4986.161 607.01214 1.453 -2.737 7.724 0205Pa0315
4986.209 112.00124 0.786 -2.414 1.340 00Q134b24
4986.219 24.0 3.446 -4.43 "" ""
4986.223 26.0 4.214 -1.39 "" ""
4986.232 607.01214 1.453 -2.753 7.724 0205Pb0305
4986.248 106.00112 1.978 -5.757 3.464 AX56R105
4986.254 106.00112 1.978 -4.535 3.464 AX56Q105
4986.258 106.00112 2.371 -6.41 3.464 AX02Q345
4986.348 607.01214 1.234 -4.852 7.724 0205Qc0015
4986.353 607.01214 1.234 -3.895 7.724 0205Pa0025
4986.355 607.01214 1.234 -4.151 7.724 0205Pb0015
4986.374 106.00112 2.371 -4.044 3.464 AX02R335
4986.385 58.1 1.026 -1.16 "" ""
4986.416 27.0059 2.716 -3.435 Lawle15HFS ""
4986.42 27.0059 2.716 -3.254 Lawle15HFS ""
4986.425 27.0059 2.716 -3.223 Lawle15HFS ""
4986.431 27.0059 2.716 -3.287 Lawle15HFS ""
4986.437 27.0059 2.716 -3.486 Lawle15HFS ""
4986.44 106.00112 1.978 -4.265 3.464 AX56Q115
4986.44 607.01214 1.097 -3.294 7.724 0104Ra0215
4986.443 27.0059 2.716 -3.028 Lawle15HFS ""
4986.443 27.0059 2.716 -3.434 Lawle15HFS ""
4986.444 27.0059 2.716 -4.151 Lawle15HFS ""
4986.445 27.0059 2.716 -2.736 Lawle15HFS ""
4986.445 27.0059 2.716 -5.391 Lawle15HFS ""
4986.445 58.0 0.773 -0.11 "" ""
4986.446 106.00112 1.978 -8.146 3.464 AX56P115
4986.446 27.0059 2.716 -3.741 Lawle15HFS ""
4986.454 27.0059 2.716 -3.486 Lawle15HFS ""
4986.455 106.00113 2.158 -8.188 3.464 AX34Q245
4986.457 27.0059 2.716 -3.287 Lawle15HFS ""
4986.461 27.0059 2.716 -3.223 Lawle15HFS ""
4986.466 27.0059 2.716 -3.254 Lawle15HFS ""
4986.473 27.0059 2.716 -3.435 Lawle15HFS ""
4986.49 112.00124 0.786 0.456 1.340 00R134b24
4986.495 106.00113 2.158 -3.764 3.464 AX34P245
4986.5 607.01314 0.977 -3.879 7.724 0104Ra0045
4986.503 607.01214 1.097 -3.314 7.724 0104Rb0205
4986.516 607.01314 0.977 -3.967 7.724 0104Rb0035
4986.519 106.00113 2.158 -4.035 3.464 AX34P255
4986.524 607.01314 0.977 -5.606 7.724 0104Qd0045
4986.539 607.01214 1.097 -6.269 7.724 0104Qd0215
4986.559 106.00113 1.835 -5.775 3.464 AX56P045
4986.569 106.00113 2.157 -11.376 3.464 CX05Q205
4986.573 27.0 4.046 -2.76 "" ""
4986.621 106.00112 2.371 -6.089 3.464 AX52R345
4986.649 112.00124 0.593 -2.166 1.340 22R119b24
4986.67 23.0 2.377 -3.52 "" ""
4986.723 106.00113 0.87 -4.06 3.464 BX02P105
4986.736 607.01314 1.275 -6.459 7.724 0104Qc0365
4986.765 57.1139 0.173 -2.3 Lawle01HFS ""
4986.771 57.1139 0.173 -2.571 Lawle01HFS ""
4986.783 57.1139 0.173 -3.011 Lawle01HFS ""
4986.784 57.1139 0.173 -2.316 Lawle01HFS ""
4986.788 106.00113 1.835 -5.774 3.464 AX56P045
4986.79 106.00113 0.87 -8.497 3.464 BX02Q105
4986.79 26.0 2.988 -5.14 "" ""
4986.798 607.01314 1.275 -2.984 7.724 0104Pa0375
4986.799 57.1139 0.173 -2.196 Lawle01HFS ""
4986.811 57.1139 0.173 -2.571 Lawle01HFS ""
4986.818 57.1139 0.173 -2.312 Lawle01HFS ""
4986.834 57.1139 0.173 -2.116 Lawle01HFS ""
4986.842 106.00113 1.835 -7.451 3.464 AX56Q045
4986.855 106.00113 1.689 -6.14 3.464 AX45P095
4986.862 57.1139 0.173 -1.823 Lawle01HFS ""
4986.866 27.0 2.868 -4.31 "" ""
4986.879 607.01314 1.275 -2.997 7.724 0104Pb0365
4986.894 92.1 0.113 -2.5 "" ""
4986.904 607.01214 1.44 -6.042 7.724 0205Qc0295
4986.905 26.0 4.253 -2.09 "" ""
4986.924 74.0 1.867 -1.39 "" ""
4986.938 26.0 4.256 -1.34 RUF14 ""
4986.955 607.01214 1.44 -2.753 7.724 0205Pa0305
4986.992 106.00113 0.487 -5.795 3.464 AX01P085
4987.024 607.01214 1.44 -2.769 7.724 0205Pb0295
4987.026 106.00113 1.865 -10.875 3.464 CX05P155
4987.034 33.0 6.554 -0.2 "" ""
4987.043 106.00113 0.87 -3.981 3.464 BX02P115
4987.06 25.0 2.918 -3.04 "" ""
4987.071 106.00113 1.835 -7.461 3.464 AX56Q045
4987.076 106.00113 2.361 -6.185 3.464 AX52R345
4987.103 23.0 3.111 -2.24 "" ""
4987.123 106.00113 1.835 -5.715 3.464 AX56P055
4987.125 106.00113 1.834 -6.942 3.464 AX13R245
4987.13 607.01214 1.235 -5.043 7.724 0205Qc0025
4987.136 607.01214 1.235 -3.739 7.724 0205Pa0035
4987.141 607.01214 1.235 -3.895 7.724 0205Pb0025
4987.147 90.1 2.331 -0.24 "" ""
4987.16 60.1 0.742 -0.79 LAWLER ""
4987.21 106.00112 1.979 -5.771 3.464 AX56R105
4987.216 106.00112 1.979 -4.534 3.464 AX56Q105
4987.255 106.00113 2.225 -6.575 3.464 AX24R265
4987.257 44.0 1.124 -1.99 "" ""
4987.272 106.00113 0.949 -5.705 3.464 AX12P125
4987.3 106.00113 2.361 -4.042 3.464 AX02R335
4987.306 106.00113 2.361 -6.459 3.464 AX02Q345
4987.32 106.00113 1.835 -5.715 3.464 AX56P055
4987.337 106.00112 1.979 -4.266 3.464 AX56Q115
4987.343 106.00112 1.979 -8.133 3.464 AX56P115
4987.352 106.00113 1.516 -4.089 3.464 BX11P275
4987.358 106.00112 1.916 -6.708 3.464 AX45Q155
4987.385 106.00112 1.916 -4.003 3.464 AX45P165
4987.387 26.0 4.962 -2.67 "" ""
4987.419 106.00112 1.916 -3.909 3.464 AX45P155
4987.423 106.00113 1.516 -0.083 3.464 BX11Q265
4987.433 106.00113 1.865 -7.724 3.464 CX05Q145
4987.434 24.0 4.444 -2.35 "" ""
4987.505 106.00113 1.516 0.347 3.464 BX11Q275
4987.521 23.0 2.255 -4.45 "" ""
4987.539 58.0 0.396 -0.32 "" ""
4987.575 106.00113 1.516 -3.395 3.464 BX11R265
4987.611 106.00113 1.865 -7.524 3.464 CX05Q155
4987.623 26.0 4.175 -2.72 "" ""
4987.644 607.01214 1.426 -6.028 7.724 0205Qc0285
4987.647 607.01314 0.975 -3.967 7.724 0104Ra0035
4987.66 607.01314 0.975 -4.079 7.724 0104Rb0025
4987.666 607.01314 0.975 -5.507 7.724 0104Qd0035
4987.693 607.01214 1.426 -2.769 7.724 0205Pa0295
4987.695 106.00113 1.69 -6.169 3.464 AX45P095
4987.712 607.01314 0.876 -3.769 7.724 0003Ra0255
4987.761 607.01214 1.426 -2.786 7.724 0205Pb0285
4987.765 106.00113 1.33 -5.747 3.464 AX23P145
4987.774 607.01314 0.876 -3.786 7.724 0003Rb0245
4987.787 21.0 3.081 -3.05 "" ""
4987.817 607.01314 0.876 -6.885 7.724 0003Qd0255
4987.818 106.00113 0.488 -5.823 3.464 AX01P085
4987.82 26.0 3.879 -3.28 "" ""
4987.822 40.0 2.022 -0.85 "" ""
4987.855 607.01214 1.237 -5.174 7.724 0205Qc0035
4987.857 27.0 0.581 -3.49 "" ""
4987.863 607.01214 1.237 -3.626 7.724 0205Pa0045
4987.87 26.0 4.183 -2.03 "" ""
4987.871 607.01214 1.237 -3.739 7.724 0205Pb0035
4987.871 607.01314 1.259 -6.448 7.724 0104Qc0355
4987.884 23.0 2.136 -4.04 "" ""
4987.931 607.01314 1.259 -2.997 7.724 0104Pa0365
4987.979 42.0 2.289 -2.14 "" ""
4987.987 26.0 3.015 -4.61 "" ""
4988.006 27.0 3.968 -1.53 "" ""
4988.01 607.01314 1.259 -3.011 7.724 0104Pb0355
4988.019 106.00113 1.865 -11.577 3.464 CX05R145
4988.031 27.0 4.055 -0.85 "" ""
4988.094 106.00112 2.34 -2.926 3.464 AX45Q245
4988.167 106.00112 2.34 -5.271 3.464 AX45R235
4988.168 23.1 6.852 -2.85 "" ""
4988.179 106.00112 1.256 -6.709 3.464 BX02P195
4988.191 106.00112 1.256 -2.99 3.464 BX02Q185
4988.245 112.00124 0.818 0.345 1.340 11R231b24
4988.25 106.00112 2.34 -6.155 3.464 AX45P245
4988.284 106.00112 1.256 -2.891 3.464 BX02Q195
4988.295 106.00112 1.256 -6.486 3.464 BX02R185
4988.296 24.0 3.077 -4.62 "" ""
4988.297 106.00112 0.952 -5.666 3.464 AX12P125
4988.323 106.00112 2.34 -3.086 3.464 AX45Q235
4988.329 607.01214 1.413 -6.014 7.724 0205Qc0275
4988.352 26.0 4.635 -2.29 "" ""
4988.359 20.0 4.765 -4.11 "" ""
4988.376 607.01214 1.413 -2.786 7.724 0205Pa0285
4988.401 112.00124 0.818 -2.394 1.340 11Q131b24
4988.442 607.01214 1.413 -2.803 7.724 0205Pb0275
4988.45 26.0 4.545 -3.86 "" ""
4988.499 607.01214 1.035 -3.654 7.724 0003Ra0355
4988.524 607.01214 1.239 -5.273 7.724 0205Qc0045
4988.533 607.01214 1.239 -3.536 7.724 0205Pa0055
4988.545 607.01214 1.239 -3.626 7.724 0205Pb0045
4988.576 23.1 3.325 -6.2 "" ""
4988.585 607.01214 1.035 -3.666 7.724 0003Rb0345
4988.602 22.0 3.196 -4.04 "" ""
4988.611 112.00124 0.818 0.357 1.340 11R131b24
4988.616 607.01214 1.087 -3.314 7.724 0104Ra0205
4988.64 60.0 0.293 -0.03 "" ""
4988.647 607.01214 1.035 -7.04 7.724 0003Qd0355
4988.676 607.01214 1.087 -3.334 7.724 0104Rb0195
4988.689 58.0 0.302 -0.68 "" ""
4988.711 607.01214 1.087 -6.25 7.724 0104Qd0205
4988.733 106.00112 1.841 -5.774 3.464 AX56P045
4988.739 607.01314 0.974 -4.079 7.724 0104Ra0025
4988.75 607.01314 0.974 -4.233 7.724 0104Rb0015
4988.754 607.01314 0.974 -5.377 7.724 0104Qd0025
4988.794 26.0 3.632 -8.03 "" ""
4988.796 42.0 3.161 -2.16 "" ""
4988.82 27.0 4.055 -3.19 "" ""
4988.828 106.00113 1.612 -10.945 3.464 CX05R075
4988.839 106.00112 1.334 -5.703 3.464 AX23P145
4988.875 27.1 3.483 -4.22 "" ""
4988.893 607.01214 1.771 -7.258 7.724 0003Qc0665
4988.905 106.00112 1.841 -7.451 3.464 AX56Q045
4988.907 24.0 3.419 -4.11 "" ""
4988.91 106.00113 1.956 -7.246 3.464 AX45Q165
4988.925 24.0 3.695 -3.76 "" ""
4988.95 26.0 4.151 -0.89 "" ""
4988.95 607.01314 1.244 -6.437 7.724 0104Qc0345
4988.957 607.01214 1.401 -5.999 7.724 0205Qc0265
4988.962 106.00112 1.841 -5.773 3.464 AX56P045
4988.969 41.0 0.086 -1.34 "" ""
4988.975 106.00113 1.956 -4.001 3.464 AX45P165
4989.003 607.01214 1.401 -2.803 7.724 0205Pa0275
4989.006 106.00113 1.956 -4.133 3.464 AX45P175
4989.008 607.01214 1.771 -3.241 7.724 0003Pa0675
4989.009 607.01314 1.244 -3.012 7.724 0104Pa0355
4989.067 607.01214 1.401 -2.821 7.724 0205Pb0265
4989.087 607.01314 1.244 -3.026 7.724 0104Pb0345
4989.107 112.00124 0.858 0.236 1.340 22R228b24
4989.127 607.01214 1.771 -3.251 7.724 0003Pb0665
4989.133 106.00112 1.841 -7.46 3.464 AX56Q045
4989.135 22.0 1.979 -0.22 "" ""
4989.137 607.01214 1.242 -5.353 7.724 0205Qc0055
4989.148 607.01214 1.242 -3.461 7.724 0205Pa0065
4989.162 607.01214 1.242 -3.536 7.724 0205Pb0055
4989.184 26.0 4.73 -3.04 "" ""
4989.246 112.00124 0.858 -2.374 1.340 22Q128b24
4989.29 59.1 0.216 -1.19 "" ""
4989.3 25.0 4.657 -3.98 "" ""
4989.309 90.0 0.902 -1.55 "" ""
4989.323 106.00112 2.231 -6.574 3.464 AX24R265
4989.323 69.1 2.969 -0.19 "" ""
4989.348 106.00112 1.842 -5.715 3.464 AX56P055
4989.348 112.00124 0.486 -2.145 1.340 11R121b24
4989.42 60.1 0.68 -1.19 LAWLER ""
4989.44 62.1 0.248 -2.06 LAWLER ""
4989.467 112.00124 0.858 0.25 1.340 22R128b24
4989.5 22.0 1.066 -5.18 "" ""
4989.517 60.1 0.182 -2.22 "" ""
4989.529 607.01214 1.389 -5.983 7.724 0205Qc0255
4989.545 106.00112 1.842 -5.715 3.464 AX56P055
4989.573 607.01214 1.389 -2.821 7.724 0205Pa0265
4989.575 106.00112 0.489 -5.795 3.464 AX01P085
4989.578 106.00113 0.75 -6.584 3.464 BX02P065
4989.636 607.01214 1.389 -2.84 7.724 0205Pb0255
4989.693 607.01214 1.245 -5.421 7.724 0205Qc0065
4989.706 607.01214 1.245 -3.397 7.724 0205Pa0075
4989.723 607.01214 1.245 -3.461 7.724 0205Pb0065
4989.776 607.01314 0.973 -4.233 7.724 0104Ra0015
4989.785 607.01314 0.973 -4.488 7.724 0104Rb0005
4989.787 607.01314 0.973 -5.185 7.724 0104Qd0015
4989.803 24.0 5.222 -2.43 "" ""
4989.838 27.0 2.875 -2.74 LAWNHFS ""
4989.847 106.00112 1.648 -7.403 3.464 AX02R255
4989.852 106.00112 0.952 -5.705 3.464 AX12P125
4989.948 106.00113 1.563 -5.845 3.464 AX34P135
4989.95 60.1 0.63 -0.5 "" ""
4989.968 20.0 4.873 -1.89 "" ""
4989.975 607.01314 1.229 -6.426 7.724 0104Qc0335
4990.032 607.01314 1.229 -3.026 7.724 0104Pa0345
4990.032 90.1 1.123 -2.1 Nils02/10 ""
4990.046 607.01214 1.377 -5.967 7.724 0205Qc0245
4990.053 607.01314 0.865 -3.786 7.724 0003Ra0245
4990.06 106.00113 2.125 -4.623 3.464 AX50R375
4990.088 607.01214 1.377 -2.84 7.724 0205Pa0255
4990.108 607.01314 1.229 -3.041 7.724 0104Pb0335
4990.114 607.01314 0.865 -3.803 7.724 0003Rb0235
4990.12 106.00113 2.003 -7.333 3.464 AX56P125
4990.14 21.0 3.055 -0.86 "" ""
4990.149 607.01214 1.377 -2.859 7.724 0205Pb0245
4990.155 607.01314 0.865 -6.869 7.724 0003Qd0245
4990.18 21.0 3.055 -1.04 "" ""
4990.182 106.00113 1.641 -7.403 3.464 AX02R255
4990.193 607.01214 1.249 -5.479 7.724 0205Qc0075
4990.203 24.0 4.093 -4.12 "" ""
4990.207 607.01214 1.249 -3.341 7.724 0205Pa0085
4990.227 607.01214 1.249 -3.397 7.724 0205Pb0075
4990.255 26.0 4.962 -3.17 "" ""
4990.287 24.0 4.529 -4.18 "" ""
4990.307 68.0 1.881 0.07 "" ""
4990.342 106.00113 2.003 -4.266 3.464 AX56Q115
4990.371 106.00113 2.16 -4.036 3.464 AX34P255
4990.411 106.00112 0.49 -5.823 3.464 AX01P085
4990.441 24.1 5.867 -2.38 "" ""
4990.452 20.0 4.873 -2.0 "" ""
4990.456 106.00113 2.003 -4.035 3.464 AX56Q125
4990.46 106.00113 2.161 -8.229 3.464 AX34Q245
4990.471 24.0 2.985 -3.98 "" ""
4990.506 607.01214 1.366 -5.95 7.724 0205Qc0235
4990.536 23.1 5.463 -3.53 "" ""
4990.546 607.01214 1.366 -2.859 7.724 0205Pa0245
4990.574 24.0 4.614 -2.44 "" ""
4990.606 607.01214 1.366 -2.878 7.724 0205Pb0235
4990.619 26.0 4.792 -3.83 "" ""
4990.637 607.01214 1.253 -5.531 7.724 0205Qc0085
4990.653 607.01214 1.253 -3.292 7.724 0205Pa0095
4990.656 607.01214 1.608 -2.835 7.724 0104Pb0515
4990.675 607.01214 1.253 -3.341 7.724 0205Pb0085
4990.678 106.00113 2.003 -5.65 3.464 AX56R115
4990.738 24.0 4.609 -4.37 "" ""
4990.738 607.01214 1.078 -3.335 7.724 0104Ra0195
4990.758 106.00112 1.335 -5.747 3.464 AX23P145
4990.759 607.01314 0.972 -4.488 7.724 0104Ra0005
4990.765 607.01314 0.972 -4.788 7.724 0104Qd0005
4990.767 106.00113 2.161 -3.764 3.464 AX34P245
4990.795 607.01214 1.078 -3.356 7.724 0104Rb0185
4990.828 607.01214 1.078 -6.23 7.724 0104Qd0195
4990.83 59.1 0.795 -1.13 LINOHFS ""
4990.91 607.01214 1.356 -5.932 7.724 0205Qc0225
4990.944 607.01314 1.214 -6.414 7.724 0104Qc0325
4990.949 607.01214 1.356 -2.878 7.724 0205Pa0235
4990.967 27.0 4.055 -1.65 "" ""
4990.999 607.01314 1.214 -3.041 7.724 0104Pa0335
4991.006 607.01214 1.356 -2.899 7.724 0205Pb0225
4991.014 58.1 1.401 -0.68 LAWLER ""
4991.024 607.01214 1.257 -5.576 7.724 0205Qc0095
4991.041 607.01214 1.257 -3.247 7.724 0205Pa0105
4991.045 106.00112 2.231 -6.809 3.464 AX34Q255
4991.053 106.00113 1.957 -4.133 3.464 AX45P175
4991.066 22.0 0.835 0.45 LAWLER ""
4991.067 607.01214 1.257 -3.292 7.724 0205Pb0095
4991.068 106.00113 1.957 -7.275 3.464 AX45Q165
4991.074 607.01314 1.214 -3.056 7.724 0104Pb0325
4991.088 106.00112 0.873 -4.059 3.464 BX02P105
4991.125 106.00112 2.231 -4.526 3.464 AX34P265
4991.126 26.1 2.779 -4.55 MELBAR ""
4991.127 106.00113 1.957 -4.001 3.464 AX45P165
4991.141 26.0 3.234 -4.8 "" ""
4991.155 112.00124 0.679 -2.109 1.340 33R116b24
4991.159 106.00112 0.873 -8.496 3.464 BX02Q105
4991.176 106.00113 2.003 -7.319 3.464 AX56P125
4991.179 27.0 4.172 -2.06 "" ""
4991.219 106.00112 2.231 -4.036 3.464 AX34P255
4991.257 57.1139 0.916 -1.49 Lawle01HFS ""
4991.257 607.01214 1.345 -5.914 7.724 0205Qc0215
4991.268 26.0 4.188 -0.67 "" ""
4991.29 57.1139 0.916 -1.587 Lawle01HFS ""
4991.295 607.01214 1.345 -2.899 7.724 0205Pa0225
4991.296 28.0 1.934 -3.74 "" ""
4991.316 57.1139 0.916 -1.712 Lawle01HFS ""
4991.326 6.0 8.641 -2.47 "" ""
4991.35 607.01214 1.345 -2.92 7.724 0205Pb0215
4991.354 607.01214 1.262 -5.618 7.724 0205Qc0105
4991.374 607.01214 1.262 -3.206 7.724 0205Pa0115
4991.399 22.0 3.106 -2.13 "" ""
4991.402 607.01214 1.262 -3.247 7.724 0205Pb0105
4991.407 6.0 8.641 -3.37 "" ""
4991.415 106.00112 0.873 -3.98 3.464 BX02P115
4991.433 23.0 2.129 -4.04 "" ""
4991.47 106.00113 2.003 -4.266 3.464 AX56Q115
4991.5 106.00112 1.694 -6.139 3.464 AX45P095
4991.504 106.00113 2.227 -6.504 3.464 AX24R265
4991.511 106.00113 2.003 -4.036 3.464 AX56Q125
4991.537 607.01214 1.019 -3.666 7.724 0003Ra0345
4991.549 607.01214 1.336 -5.894 7.724 0205Qc0205
4991.576 106.00113 1.564 -5.886 3.464 AX34P135
4991.584 607.01214 1.336 -2.92 7.724 0205Pa0215
4991.622 607.01214 1.019 -3.679 7.724 0003Rb0335
4991.628 607.01214 1.267 -5.655 7.724 0205Qc0115
4991.637 20.0 4.874 -1.76 "" ""
4991.637 607.01214 1.336 -2.942 7.724 0205Pb0205
4991.648 26.0 3.881 -3.75 "" ""
4991.649 607.01214 1.267 -3.169 7.724 0205Pa0125
4991.68 27.0 4.172 -4.05 "" ""
4991.68 607.01214 1.267 -3.206 7.724 0205Pb0115
4991.681 607.01214 1.019 -7.029 7.724 0003Qd0345
4991.688 106.00112 1.376 -2.642 3.464 BX12P205
4991.701 26.0 3.879 -3.77 "" ""
4991.717 21.0 3.187 -3.6 "" ""
4991.764 24.0 4.204 -3.52 "" ""
4991.784 607.01214 1.326 -5.874 7.724 0205Qc0195
4991.798 106.00112 1.376 -7.001 3.464 BX12Q205
4991.799 26.0 2.856 -3.88 "" ""
4991.805 106.00113 2.003 -5.666 3.464 AX56R115
4991.818 607.01214 1.326 -2.942 7.724 0205Pa0205
4991.841 20.0 4.765 -1.2 "" ""
4991.846 607.01214 1.273 -5.69 7.724 0205Qc0125
4991.858 607.01314 1.2 -6.401 7.724 0104Qc0315
4991.859 42.0 3.558 -0.85 "" ""
4991.866 26.0 4.217 -1.91 "" ""
4991.868 607.01214 1.273 -3.134 7.724 0205Pa0135
4991.869 607.01214 1.326 -2.966 7.724 0205Pb0195
4991.873 21.0045 2.109 -1.49 LAWHFS ""
4991.875 21.0045 2.109 -1.74 LAWHFS ""
4991.878 21.0045 2.109 -1.29 LAWHFS ""
4991.882 21.0045 2.109 -3.39 LAWHFS ""
4991.884 21.0045 2.109 -1.49 LAWHFS ""
4991.888 21.0045 2.109 -1.22 LAWHFS ""
4991.892 21.0045 2.109 -2.15 LAWHFS ""
4991.895 21.0045 2.109 -1.29 LAWHFS ""
4991.901 21.0045 2.109 -1.25 LAWHFS ""
4991.902 607.01214 1.273 -3.169 7.724 0205Pb0125
4991.906 21.0045 2.109 -1.43 LAWHFS ""
4991.907 106.00112 1.376 -2.671 3.464 BX12P215
4991.91 21.0045 2.109 -1.22 LAWHFS ""
4991.912 607.01314 1.2 -3.056 7.724 0104Pa0325
4991.917 21.0045 2.109 -1.44 LAWHFS ""
4991.924 21.0045 2.109 -1.03 LAWHFS ""
4991.929 21.0045 2.109 -1.25 LAWHFS ""
4991.945 21.0045 2.109 -0.74 LAWHFS ""
4991.951 21.0045 2.109 -1.44 LAWHFS ""
4991.956 607.01214 1.741 -7.254 7.724 0003Qc0655
4991.962 607.01214 1.317 -5.852 7.724 0205Qc0185
4991.976 23.1 6.096 -4.33 "" ""
4991.985 607.01314 1.2 -3.071 7.724 0104Pb0315
4991.995 607.01214 1.317 -2.966 7.724 0205Pa0195
4992.007 607.01214 1.279 -5.722 7.724 0205Qc0135
4992.025 106.00113 1.837 -6.874 3.464 AX13R245
4992.03 62.1 0.997 -1.03 LAWLER ""
4992.031 607.01214 1.279 -3.101 7.724 0205Pa0145
4992.038 22.1 1.179 -6.59 "" ""
4992.043 607.01214 1.317 -2.99 7.724 0205Pb0185
4992.047 112.00124 0.379 -2.154 1.340 00R123b24
4992.051 25.1 5.811 -5.94 "" ""
4992.064 22.0 1.995 -4.83 "" ""
4992.067 607.01214 1.279 -3.134 7.724 0205Pb0135
4992.07 607.01214 1.741 -3.251 7.724 0003Pa0665
4992.084 607.01214 1.309 -5.829 7.724 0205Qc0175
4992.111 607.01214 1.286 -5.751 7.724 0205Qc0145
4992.115 607.01214 1.309 -2.99 7.724 0205Pa0185
4992.137 607.01214 1.286 -3.071 7.724 0205Pa0155
4992.149 607.01214 1.301 -5.805 7.724 0205Qc0165
4992.158 607.01214 1.293 -5.779 7.724 0205Qc0155
4992.161 607.01214 1.309 -3.015 7.724 0205Pb0175
4992.175 607.01214 1.286 -3.101 7.724 0205Pb0145
4992.179 607.01214 1.301 -3.015 7.724 0205Pa0175
4992.181 24.0 3.008 -9.94 "" ""
4992.186 607.01214 1.293 -3.042 7.724 0205Pa0165
4992.188 607.01214 1.741 -3.261 7.724 0003Pb0655
4992.222 607.01214 1.301 -3.042 7.724 0205Pb0165
4992.227 607.01214 1.293 -3.071 7.724 0205Pb0155
4992.242 42.0 3.393 -1.46 "" ""
4992.274 26.0 4.073 -4.11 "" ""
4992.341 607.01314 0.854 -3.804 7.724 0003Ra0235
4992.355 106.00112 1.694 -6.168 3.464 AX45P095
4992.358 24.1 5.867 -4.78 "" ""
4992.394 58.0 0.517 -0.36 "" ""
4992.399 607.01314 0.854 -3.821 7.724 0003Rb0225
4992.439 607.01314 0.854 -6.852 7.724 0003Qd0235
4992.468 26.1 7.268 -3.36 "" ""
4992.47 27.0 4.229 -3.23 "" ""
4992.476 106.00113 2.364 -6.088 3.464 AX52R345
4992.498 106.00112 1.568 -5.844 3.464 AX34P135
4992.514 20.0 5.177 -2.35 "" ""
4992.533 607.01214 1.585 -6.601 7.724 0104Qc0505
4992.556 607.01314 0.973 -4.788 7.724 0104Qc0005
4992.559 607.01314 0.973 -4.485 7.724 0104Pa0015
4992.581 24.0 3.419 -2.12 "" ""
4992.608 106.00112 2.01 -5.65 3.464 AX56R115
4992.62 607.01214 1.585 -2.835 7.724 0104Pa0515
4992.627 106.00112 2.01 -4.266 3.464 AX56Q115
4992.642 26.0 4.962 -2.35 "" ""
4992.666 24.0 4.446 -1.7 "" ""
4992.706 106.00113 2.364 -6.409 3.464 AX02Q345
4992.717 607.01314 1.186 -6.389 7.724 0104Qc0305
4992.733 607.01214 1.585 -2.846 7.724 0104Pb0505
4992.734 44.0 0.927 -1.63 "" ""
4992.739 68.1 1.35 -2.33 LAWLER ""
4992.769 607.01314 1.186 -3.071 7.724 0104Pa0315
4992.781 106.00112 2.01 -4.035 3.464 AX56Q125
4992.786 26.0 4.257 -2.35 "" ""
4992.801 106.00112 2.01 -7.332 3.464 AX56P125
4992.803 607.01214 1.07 -3.356 7.724 0104Ra0185
4992.84 607.01314 1.186 -3.087 7.724 0104Pb0305
4992.858 607.01214 1.07 -3.379 7.724 0104Rb0175
4992.871 23.0 2.503 -9.61 "" ""
4992.89 607.01214 1.07 -6.208 7.724 0104Qd0185
4992.93 106.00113 1.376 -5.73 3.464 AX23P155
4992.959 106.00113 2.364 -4.043 3.464 AX02R335
4992.967 24.0 5.284 -3.68 "" ""
4992.974 26.0 4.73 -4.29 "" ""
4992.981 23.0 1.798 -5.78 "" ""
4993.008 27.0 4.069 -1.12 "" ""
4993.01 106.00113 0.992 -5.687 3.464 AX12P135
4993.093 23.0 3.085 -2.15 "" ""
4993.249 26.0 2.829 -4.66 "" ""
4993.303 112.00124 0.744 0.434 1.340 00R233b24
4993.35 25.0 4.357 -4.01 "" ""
4993.358 26.1 2.807 -3.62 MELBAR ""
4993.369 607.01314 0.974 -5.186 7.724 0104Qc0015
4993.373 607.01314 0.974 -4.229 7.724 0104Pa0025
4993.376 607.01314 0.974 -4.485 7.724 0104Pb0015
4993.475 112.00124 0.744 -2.399 1.340 00Q133b24
4993.486 26.0 2.586 -5.69 "" ""
4993.52 607.01314 1.173 -6.376 7.724 0104Qc0295
4993.565 27.0 4.172 -2.99 "" ""
4993.57 607.01314 1.173 -3.087 7.724 0104Pa0305
4993.572 106.00112 2.234 -6.504 3.464 AX24R265
4993.64 607.01314 1.173 -3.103 7.724 0104Pb0295
4993.644 106.00113 1.501 -1.848 3.464 BX12R225
4993.68 26.0 4.206 -1.47 "" ""
4993.722 106.00113 1.501 -6.543 3.464 BX12Q235
4993.736 106.00112 2.01 -5.665 3.464 AX56R115
4993.751 26.0 4.183 -1.57 "" ""
4993.756 106.00112 2.01 -4.265 3.464 AX56Q115
4993.762 112.00124 0.744 0.446 1.340 00R133b24
4993.78 69.1 2.431 -1.08 LAWLER ""
4993.82 65.1 0.126 -1.18 LAWNOHFS ""
4993.835 20.0 5.041 -1.39 "" ""
4993.838 106.00112 2.01 -4.035 3.464 AX56Q125
4993.841 106.00113 1.851 -5.674 3.464 AX56P055
4993.848 22.0 2.287 -5.22 "" ""
4993.856 25.0 3.761 -4.54 "" ""
4993.858 106.00112 2.01 -7.318 3.464 AX56P125
4993.858 106.00113 1.501 -1.36 3.464 BX12R235
4993.861 57.0 0.0 -1.61 "" ""
4993.942 90.1 0.51 -3.01 Nils02/13 ""
4993.946 26.0 3.926 -3.55 "" ""
4993.985 71.1175 1.54 -2.25 L09gfL09hf ""
4994.001 106.00112 0.752 -6.583 3.464 BX02P065
4994.062 71.1175 1.54 -2.09 L09gfL09hf ""
4994.081 71.1175 1.54 -1.68 L09gfL09hf ""
4994.107 106.00113 1.851 -8.216 3.464 AX56Q055
4994.116 71.1175 1.54 -2.1 L09gfL09hf ""
4994.127 607.01314 0.975 -5.378 7.724 0104Qc0025
4994.13 106.00112 1.569 -5.885 3.464 AX34P135
4994.13 26.0 0.914 -2.97 OBR91 ""
4994.132 607.01314 0.975 -4.073 7.724 0104Pa0035
4994.133 71.1175 1.54 -2.07 L09gfL09hf ""
4994.137 607.01314 0.975 -4.229 7.724 0104Pb0025
4994.153 71.1175 1.54 -2.27 L09gfL09hf ""
4994.156 106.00112 2.166 -7.142 3.464 CX05P215
4994.161 106.00113 1.851 -5.674 3.464 AX56P055
4994.168 71.1175 1.54 -2.77 L09gfL09hf ""
4994.188 71.1175 1.54 -4.2 L09gfL09hf ""
4994.196 106.00112 2.166 -11.375 3.464 CX05Q205
4994.2 71.1175 1.54 -2.45 L09gfL09hf ""
4994.222 106.00112 1.961 -7.245 3.464 AX45Q165
4994.229 71.1175 1.54 -2.25 L09gfL09hf ""
4994.235 71.1175 1.54 -2.27 L09gfL09hf ""
4994.239 71.1175 1.54 -2.09 L09gfL09hf ""
4994.24 71.1175 1.54 -2.1 L09gfL09hf ""
4994.246 106.00112 1.65 -7.333 3.464 AX02R255
4994.251 25.0 3.38 -2.13 "" ""
4994.261 23.1 6.097 -4.51 "" ""
4994.268 607.01314 1.16 -6.362 7.724 0104Qc0285
4994.284 106.00113 1.851 -5.677 3.464 AX56P065
4994.295 106.00112 1.961 -4.0 3.464 AX45P165
4994.308 106.00113 2.125 -8.299 3.464 AX50Q375
4994.316 607.01314 1.16 -3.103 7.724 0104Pa0295
4994.337 106.00112 1.961 -4.132 3.464 AX45P175
4994.338 23.0 1.063 -3.9 "" ""
4994.345 106.00113 1.643 -7.333 3.464 AX02R255
4994.371 106.00112 2.166 -7.142 3.464 CX05P205
4994.384 607.01314 1.16 -3.12 7.724 0104Pb0285
