wavelength species excitation loggf disassociation_energy comment
3779.253 24.0 3.077 -3.35 "" ""
3779.274 106.00112 1.758 -7.069 3.464 CX35P125
3779.32 27.0 3.252 -5.1 "" ""
3779.381 106.00113 1.077 -6.93 3.464 AX53P075
3779.416 26.0 2.557 -2.04 BEL17 ""
3779.454 26.0 3.271 -1.17 "" ""
3779.46 42.0 2.596 -1.92 "" ""
3779.46 60.1 0.182 -0.56 LAWLER ""
3779.503 106.00112 0.466 -1.565 3.464 BX10Q155
3779.508 26.0 2.221 -2.26 "" ""
3779.518 106.00112 1.382 -4.008 3.464 AX53R165
3779.528 106.00112 0.466 -4.954 3.464 BX10P165
3779.541 106.00112 1.382 -4.25 3.464 AX53R155
3779.554 106.00112 0.466 -4.94 3.464 BX10R155
3779.56 62.1 0.659 -1.14 LAWLER ""
3779.563 106.00112 1.382 -7.358 3.464 AX53Q165
3779.569 106.00112 0.665 -6.123 3.464 CX02Q015
3779.576 26.1 2.542 -3.78 "" ""
3779.578 106.00112 0.665 -7.174 3.464 CX02P015
3779.579 106.00112 0.466 -1.562 3.464 BX10Q165
3779.607 24.0 2.542 -4.16 "" ""
3779.607 58.1 0.559 -0.63 BIEMONT ""
3779.618 24.1 5.315 -3.13 "" ""
3779.638 23.0 1.349 -0.84 "" ""
3779.657 24.0 4.486 -3.72 "" ""
3779.658 23.0 1.954 -5.26 "" ""
3779.699 22.0 2.101 -4.01 "" ""
3779.735 106.00113 1.078 -6.954 3.464 AX53P075
3779.746 23.0 2.113 -5.54 "" ""
3779.758 106.00113 0.894 -6.282 3.464 AX21R185
3779.761 23.0 1.944 -1.55 "" ""
3779.765 42.0 2.075 -0.94 "" ""
3779.805 23.0 1.929 -2.58 "" ""
3779.83 607.01214 3.045 -5.423 7.724 1413Qc0065
3779.834 607.01214 3.045 -3.557 7.724 1413Pb0065
3779.838 64.1 1.126 -0.65 "" ""
3779.849 607.01214 3.045 -3.484 7.724 1413Pa0075
3779.861 106.00113 1.077 -5.584 3.464 CX13P075
3779.947 23.0 1.948 -3.07 "" ""
3779.98 106.00113 1.077 -5.521 3.464 CX13P085
3779.995 24.0 2.706 -3.05 "" ""
3779.999 106.00113 1.077 -10.436 3.464 CX13Q075
3780.003 106.00113 1.25 -6.69 3.464 AX42Q185
3780.003 25.0 3.769 -6.65 "" ""
3780.003 25.0 3.769 -7.66 "" ""
3780.012 106.00113 0.156 -10.392 3.464 AX10R095
3780.053 106.00113 1.25 -4.065 3.464 AX42P185
3780.056 29.0 5.501 -1.9 "" ""
3780.071 106.00113 1.25 -4.067 3.464 AX42P195
3780.105 24.0 2.542 -4.05 "" ""
3780.15 62.1 0.104 -2.11 LAWLER ""
3780.193 106.00113 1.287 -7.432 3.464 CX24P035
3780.215 106.00113 1.364 -5.585 3.464 CX24P075
3780.235 27.0 3.565 -1.96 "" ""
3780.255 26.0 3.926 -3.03 "" ""
3780.308 66.0 1.488 0.4 "" ""
3780.31 106.00113 1.364 -5.516 3.464 CX24P085
3780.328 106.00113 1.364 -9.234 3.464 CX24Q075
3780.374 21.0 1.427 -8.44 "" ""
3780.38 60.1 0.471 -0.35 LAWLER ""
3780.384 22.0 1.429 -1.69 LAWLER ""
3780.385 106.00112 1.345 -9.296 3.464 CX24Q065
3780.392 106.00113 0.836 -6.395 3.464 AX21R175
3780.421 106.00112 1.345 -5.648 3.464 CX24P065
3780.421 21.0 1.985 -2.95 "" ""
3780.422 23.0 2.676 -6.43 "" ""
3780.446 22.0 2.159 -5.9 "" ""
3780.453 106.00113 1.288 -5.922 3.464 AX21R245
3780.461 106.00113 0.156 -10.361 3.464 AX10R095
3780.493 22.0 2.66 -1.93 "" ""
3780.495 607.01214 3.049 -5.46 7.724 1413Qc0075
3780.497 106.00113 1.359 -5.929 3.464 AX21R255
3780.498 607.01214 3.049 -3.484 7.724 1413Pb0075
3780.507 25.0 4.341 -3.33 "" ""
3780.516 28.0 3.191 -6.48 "" ""
3780.516 607.01214 3.049 -3.416 7.724 1413Pa0085
3780.52 106.00112 0.581 -4.974 3.464 BX10R185
3780.52 40.0 0.0 -0.73 "" ""
3780.551 21.0 1.985 -2.33 "" ""
3780.57 106.00112 1.345 -5.586 3.464 CX24P075
3780.578 106.00112 1.793 -7.04 3.464 CX35R125
3780.594 106.00112 1.056 -10.496 3.464 CX13Q065
3780.599 106.00112 1.579 -5.057 3.464 CX02P245
3780.625 106.00112 1.056 -5.657 3.464 CX13P065
3780.635 106.00112 0.841 -6.343 3.464 AX21R175
3780.642 106.00112 1.579 -10.405 3.464 CX02Q235
3780.655 106.00112 1.793 -3.614 3.464 CX35Q125
3780.664 57.1 0.708 -1.16 "" ""
3780.676 106.00112 1.793 -3.553 3.464 CX35Q135
3780.689 106.00112 1.294 -5.922 3.464 AX21R245
3780.695 26.0 4.1 -3.23 "" ""
3780.714 92.1 0.113 -1.1 "" ""
3780.75 106.00112 1.579 -5.032 3.464 CX02P235
3780.75 21.0 1.952 -2.26 "" ""
3780.753 106.00112 1.793 -7.088 3.464 CX35P135
3780.76 62.1 0.0 -0.99 LAWLER ""
3780.773 74.0 0.366 -1.25 "" ""
3780.788 26.0 3.045 -4.13 "" ""
3780.791 106.00112 1.056 -5.585 3.464 CX13P075
3780.83 28.0 3.696 -8.58 "" ""
3780.849 22.0 2.394 -5.06 "" ""
3780.87 23.1 5.791 -3.48 "" ""
3780.876 25.0 3.769 -6.81 "" ""
3780.876 25.0 3.769 -7.86 "" ""
3780.876 25.0 3.769 -9.74 "" ""
3780.9 25.1 6.568 -4.88 "" ""
3780.9 25.1 6.86 -3.48 "" ""
3780.923 62.1 0.378 -0.94 "" ""
3780.941 66.0 1.568 0.48 "" ""
3780.966 90.0 0.355 -1.24 "" ""
3781.0 106.00112 1.547 -9.321 3.464 CX35Q015
3781.009 106.00112 1.547 -4.54 3.464 CX35P015
3781.01 68.1 1.368 0.2 "" ""
3781.011 41.0 0.049 -0.57 "" ""
3781.012 68.1 0.669 -0.66 LAWLER ""
3781.068 22.0 2.235 -4.84 "" ""
3781.096 106.00112 1.576 -7.311 3.464 AX52P235
3781.1 58.1 0.634 -1.38 "" ""
3781.122 106.00112 0.663 -6.569 3.464 CX02Q005
3781.147 69.0 0.0 -1.75 "" ""
3781.169 44.0 2.485 0.65 "" ""
3781.184 25.0 4.341 -1.82 "" ""
3781.187 26.0 2.196 -1.94 OBR91 ""
3781.187 607.01214 3.052 -5.487 7.724 1413Qc0085
3781.191 607.01214 3.052 -3.416 7.724 1413Pb0085
3781.209 42.0 2.513 -1.54 "" ""
3781.211 607.01214 3.052 -3.35 7.724 1413Pa0095
3781.278 106.00113 0.663 -5.957 3.464 CX02P015
3781.281 22.0 1.738 -4.33 "" ""
3781.308 60.1 0.742 0.08 "" ""
3781.31 23.0 2.121 -4.15 "" ""
3781.316 27.1 5.051 -3.04 "" ""
3781.319 90.0 0.902 -1.0 "" ""
3781.354 24.0 4.204 -3.61 "" ""
3781.37 41.1 1.69 -0.47 Nilsson10 ""
3781.374 106.00112 1.366 -5.929 3.464 AX21R255
3781.378 23.0 1.929 -0.57 LAWNOHFS ""
3781.383 106.00113 1.105 -5.52 3.464 CX13P085
3781.412 23.0 0.0 -3.57 "" ""
3781.441 24.0 4.204 -3.02 "" ""
3781.458 106.00112 1.538 -6.357 3.464 AX53R195
3781.468 66.0 1.488 1.04 "" ""
3781.471 106.00113 1.105 -5.465 3.464 CX13P095
3781.509 26.1 4.491 -2.77 "" ""
3781.518 26.0 4.1 -4.1 "" ""
3781.54 106.00113 1.105 -10.41 3.464 CX13Q085
3781.552 106.00113 1.501 -5.033 3.464 CX02P235
3781.589 22.0 2.248 -5.73 "" ""
3781.591 42.0 1.38 -1.3 "" ""
3781.594 106.00113 1.541 -5.5 3.464 CX35P015
3781.606 26.0 3.394 -2.36 "" ""
3781.616 58.1 0.529 -0.26 LAWLER ""
3781.627 22.0 2.235 -5.88 "" ""
3781.649 23.0 2.893 -3.68 "" ""
3781.669 106.00113 1.502 -5.02 3.464 CX02P225
3781.673 106.00112 1.547 -4.543 3.464 CX35P025
3781.674 106.00113 1.251 -4.067 3.464 AX42P195
3781.69 106.00113 1.251 -6.722 3.464 AX42Q185
3781.732 23.0 1.871 -1.35 "" ""
3781.736 106.00113 1.251 -4.065 3.464 AX42P185
3781.744 92.0 0.947 0.11 "" ""
3781.788 106.00113 0.837 -6.343 3.464 AX21R175
3781.795 22.0 2.776 -3.04 "" ""
3781.803 106.00113 1.55 -4.531 3.464 CX35P025
3781.814 23.1 2.554 -4.69 "" ""
3781.831 106.00113 1.55 -8.333 3.464 CX35Q025
3781.883 106.00112 0.786 -6.456 3.464 AX21R165
3781.903 26.0 3.632 -2.64 "" ""
3781.905 59.1 0.977 -0.84 "" ""
3781.907 607.01214 3.057 -5.507 7.724 1413Qc0095
3781.911 607.01214 3.057 -3.351 7.724 1413Pb0095
3781.933 607.01214 3.057 -3.288 7.724 1413Pa0105
3781.94 26.0 3.637 -1.26 "" ""
3781.965 25.1 6.908 -5.23 "" ""
3781.994 22.0 2.425 -3.64 "" ""
3782.023 23.1 2.555 -6.38 "" ""
3782.08 42.1 4.094 -1.0 "" ""
3782.105 22.0 1.066 -1.71 LAWLER ""
3782.113 26.0 3.412 -1.55 "" ""
3782.155 24.0 4.204 -1.68 "" ""
3782.185 42.0 2.497 -1.26 "" ""
3782.188 24.0 3.32 -3.29 "" ""
3782.2 76.0 0.516 -1.08 Quinet06 ""
3782.216 106.00113 1.55 -4.484 3.464 CX35P035
3782.232 40.1 0.802 -1.84 Ljung06 ""
3782.242 106.00113 1.502 -10.376 3.464 CX02Q225
3782.247 23.0 1.944 -3.47 "" ""
3782.264 39.1 3.619 0.66 "" ""
3782.279 23.0 2.262 -3.67 "" ""
3782.34 64.1 1.275 0.23 LAWLER ""
3782.385 106.00112 1.081 -10.436 3.464 CX13Q075
3782.41 62.1 0.543 -1.42 "" ""
3782.418 106.00112 1.832 -7.054 3.464 CX35R135
3782.421 106.00112 1.081 -5.584 3.464 CX13P075
3782.436 72.0 0.684 -1.98 "" ""
3782.448 26.0 2.996 -1.73 "" ""
3782.489 28.0 3.696 -4.73 "" ""
3782.501 106.00112 1.832 -3.553 3.464 CX35Q135
3782.508 106.00112 1.832 -3.493 3.464 CX35Q145
3782.514 22.0 2.152 -2.91 "" ""
3782.514 23.1 5.808 -2.95 "" ""
3782.521 58.1 0.495 -0.22 BIEMONT ""
3782.533 106.00113 0.997 -7.602 3.464 CX13P035
3782.548 106.00112 1.081 -5.52 3.464 CX13P085
3782.548 23.0 1.375 -1.26 "" ""
3782.555 106.00113 1.39 -5.516 3.464 CX24P085
3782.563 22.0 2.675 -2.08 "" ""
3782.59 106.00112 1.832 -7.103 3.464 CX35P145
3782.609 26.0 3.069 -1.86 "" ""
3782.62 106.00113 1.39 -5.439 3.464 CX24P095
3782.646 106.00113 1.135 -5.464 3.464 CX13P095
3782.655 607.01214 3.061 -5.52 7.724 1413Qc0105
3782.66 607.01214 3.061 -3.288 7.724 1413Pb0105
3782.661 23.1 2.555 -4.4 "" ""
3782.675 42.0 3.154 -1.39 "" ""
3782.678 74.0 3.406 0.07 "" ""
3782.681 62.0 0.036 -0.87 "" ""
3782.682 24.0 4.398 -3.67 "" ""
3782.684 607.01214 3.061 -3.226 7.724 1413Pa0115
3782.685 106.00113 1.39 -9.173 3.464 CX24Q085
3782.692 23.1 5.835 -1.6 "" ""
3782.702 40.1 1.771 -1.3 "" ""
3782.707 106.00113 1.135 -5.417 3.464 CX13P105
3782.721 27.0 1.784 -3.19 "" ""
3782.735 44.0 3.381 1.34 "" ""
3782.738 21.0 2.612 -2.41 "" ""
3782.744 25.0 4.341 -4.34 "" ""
3782.776 22.0 1.878 -4.07 "" ""
3782.777 24.0 3.11 -9.84 "" ""
3782.781 72.1 1.495 -1.05 "" ""
3782.8 26.0 4.1 -4.06 "" ""
3782.807 106.00112 1.291 -7.431 3.464 CX24P035
3782.824 106.00113 1.135 -10.405 3.464 CX13Q095
3782.841 92.1 0.036 -0.48 "" ""
3782.857 106.00112 1.368 -9.233 3.464 CX24Q075
3782.87 66.1 0.59 -1.24 LAWLER ""
3782.898 106.00112 1.368 -5.585 3.464 CX24P075
3782.901 23.0 1.929 -1.18 "" ""
3782.909 24.0 4.096 -3.29 "" ""
3782.944 106.00112 1.255 -6.689 3.464 AX42Q185
3782.959 23.1 5.792 -4.13 "" ""
3782.967 26.0 4.1 -3.07 "" ""
3782.999 106.00112 1.255 -4.064 3.464 AX42P185
3783.01 106.00112 1.369 -5.516 3.464 CX24P085
3783.012 90.1 1.669 -0.28 "" ""
3783.019 106.00112 1.255 -4.066 3.464 AX42P195
3783.024 106.00112 1.539 -6.302 3.464 AX53R195
3783.029 58.1 0.896 -0.46 BIEMONT ""
3783.053 23.0 2.636 -1.84 "" ""
3783.06 62.1 0.248 -1.88 LAWLER ""
3783.06 64.0 0.124 0.26 "" ""
3783.064 26.0 3.957 -2.41 "" ""
3783.073 106.00113 0.782 -6.455 3.464 AX21R165
3783.089 22.0 1.501 -3.68 "" ""
3783.089 23.0 1.941 -2.72 "" ""
3783.133 24.0 2.87 -5.02 "" ""
3783.144 106.00113 1.362 -5.859 3.464 AX21R255
3783.147 106.00112 0.787 -6.406 3.464 AX21R165
3783.157 20.0 4.776 -1.5 "" ""
3783.179 42.1 4.12 -1.0 "" ""
3783.192 24.0 3.11 -9.17 "" ""
3783.193 27.0 3.051 -4.03 "" ""
3783.236 22.0 0.899 -2.91 LAWLER ""
3783.256 25.0 4.662 -3.68 "" ""
3783.294 23.0 2.682 -5.94 "" ""
3783.296 90.1 0.0 -1.44 Nils02/8 ""
3783.312 26.0 4.1 -2.66 "" ""
3783.347 26.1 2.275 -3.16 "" ""
3783.36 62.1 0.188 -1.49 LAWLER ""
3783.378 23.0 1.71 -1.91 "" ""
3783.392 25.1 5.563 -4.41 "" ""
3783.403 21.0 1.985 -3.49 "" ""
3783.43 58.1 0.232 -1.28 BIEMONT ""
3783.432 607.01214 3.066 -5.528 7.724 1413Qc0115
3783.437 607.01214 3.066 -3.226 7.724 1413Pb0115
3783.463 607.01214 3.066 -3.165 7.724 1413Pa0125
3783.481 106.00112 1.247 -7.172 3.464 AX53R125
3783.493 24.0 3.11 -9.29 "" ""
3783.498 25.1 7.376 -7.99 "" ""
3783.5 106.00112 1.247 -5.002 3.464 AX53Q125
3783.53 28.0 0.422 -1.4 LAWLER ""
3783.533 21.0 1.985 -1.26 "" ""
3783.535 106.00113 1.501 -6.498 3.464 AX42R225
3783.543 106.00113 1.589 -5.894 3.464 CX13P205
3783.557 69.1 1.11 -0.53 "" ""
3783.563 106.00112 1.579 -7.375 3.464 AX52P235
3783.567 58.1 0.536 -0.91 BIEMONT ""
3783.57 60.1 0.0 -1.69 LAWLER ""
3783.58 106.00113 1.501 -6.009 3.464 AX42Q235
3783.581 58.1 0.708 -0.4 "" ""
3783.593 66.1 1.412 -0.32 "" ""
3783.596 106.00112 1.248 -5.368 3.464 AX53Q135
3783.606 106.00113 1.501 -5.482 3.464 AX42Q225
3783.615 106.00112 1.248 -6.352 3.464 AX53P135
3783.632 106.00113 1.59 -5.658 3.464 CX13P195
3783.637 27.0 3.189 -5.55 "" ""
3783.652 106.00112 0.665 -5.956 3.464 CX02P015
3783.652 106.00113 1.501 -6.544 3.464 AX42P235
3783.657 106.00113 1.168 -5.417 3.464 CX13P105
3783.695 106.00113 1.168 -5.379 3.464 CX13P115
3783.706 25.0 5.345 -1.96 "" ""
3783.725 27.0 2.079 -1.87 LAWNHFS ""
3783.729 74.0 2.386 -0.46 "" ""
3783.735 64.1 1.674 -0.33 "" ""
3783.739 106.00113 0.669 -5.945 3.464 CX02P015
3783.752 25.0 4.662 -1.32 "" ""
3783.762 60.1 1.88 0.97 "" ""
3783.767 106.00113 0.669 -8.761 3.464 CX02Q015
3783.798 62.0 0.282 -1.15 "" ""
3783.828 41.0 1.353 -0.46 "" ""
3783.84 92.1 0.717 -0.45 "" ""
3783.848 106.00112 1.509 -5.032 3.464 CX02P235
3783.849 23.0 2.676 -6.67 "" ""
3783.856 106.00113 1.168 -10.417 3.464 CX13Q105
3783.86 106.00112 1.848 -5.707 3.464 CX13P245
3783.864 20.0 3.907 -4.37 "" ""
3783.866 68.1 2.211 0.23 "" ""
3783.884 106.00112 1.509 -10.376 3.464 CX02Q225
3783.901 106.00112 1.848 -9.494 3.464 CX13Q235
3783.904 106.00113 1.435 -5.865 3.464 AX21R265
3783.912 106.00112 1.108 -10.409 3.464 CX13Q085
3783.912 25.1 6.9 -5.07 "" ""
3783.938 66.0 1.25 0.36 "" ""
3783.953 106.00112 1.108 -5.519 3.464 CX13P085
3783.99 106.00112 1.509 -5.019 3.464 CX02P225
3783.995 24.0 3.553 -2.68 "" ""
3784.005 106.00112 1.368 -5.859 3.464 AX21R255
3784.013 106.00112 1.848 -6.481 3.464 CX13P235
3784.041 23.1 6.16 -2.36 "" ""
3784.048 106.00112 1.109 -5.464 3.464 CX13P095
3784.068 24.0 3.32 -3.23 "" ""
3784.069 106.00113 1.59 -11.127 3.464 CX13Q195
3784.097 26.0 3.639 -3.52 "" ""
3784.11 106.00113 1.532 -5.658 3.464 CX13P195
3784.19 106.00113 1.533 -5.514 3.464 CX13P185
3784.227 25.0 4.243 -1.76 "" ""
3784.237 607.01214 3.071 -5.531 7.724 1413Qc0125
3784.24 60.1 0.38 0.15 LAWLER ""
3784.243 607.01214 3.071 -3.165 7.724 1413Pb0125
3784.246 73.0 0.752 -2.22 "" ""
3784.261 24.0 3.373 -3.31 "" ""
3784.266 26.0 3.265 -4.5 "" ""
3784.271 607.01214 3.071 -3.105 7.724 1413Pa0135
3784.276 106.00112 1.547 -5.499 3.464 CX35P015
3784.286 106.00112 1.782 -6.482 3.464 CX13P235
3784.321 106.00112 1.782 -9.776 3.464 CX13Q225
3784.329 106.00113 0.783 -6.405 3.464 AX21R165
3784.34 106.00112 1.248 -7.188 3.464 AX53R125
3784.359 106.00112 1.248 -5.002 3.464 AX53Q125
3784.399 106.00112 1.248 -5.368 3.464 AX53Q135
3784.418 106.00112 1.248 -6.338 3.464 AX53P135
3784.423 106.00113 1.205 -5.379 3.464 CX13P115
3784.428 106.00112 1.782 -7.883 3.464 CX13P225
3784.442 106.00113 1.204 -5.351 3.464 CX13P125
3784.472 68.1 0.886 -2.5 LAWLER ""
3784.491 106.00112 1.555 -8.332 3.464 CX35Q025
3784.492 22.0 2.406 -0.59 "" ""
3784.506 106.00112 1.555 -4.531 3.464 CX35P025
3784.518 106.00113 0.669 -5.9 3.464 CX02P025
3784.568 24.1 4.771 -4.42 "" ""
3784.579 106.00113 1.435 -5.02 3.464 CX02P225
3784.595 106.00113 1.533 -12.55 3.464 CX13Q185
3784.607 106.00113 1.478 -5.515 3.464 CX13P185
3784.614 106.00112 1.139 -4.587 3.464 AX53P095
3784.624 25.1 7.376 -3.64 "" ""
3784.629 106.00112 1.139 -6.533 3.464 AX53Q095
3784.645 106.00113 1.205 -10.446 3.464 CX13Q115
3784.653 106.00112 1.256 -4.066 3.464 AX42P195
3784.657 106.00112 1.256 -6.721 3.464 AX42Q185
3784.669 23.0 0.04 -2.63 LAWNOHFS ""
3784.673 106.00112 1.872 -7.067 3.464 CX35R145
3784.676 106.00113 1.478 -5.424 3.464 CX13P175
3784.689 106.00113 1.435 -5.016 3.464 CX02P215
3784.707 106.00113 1.285 -6.782 3.464 AX53R135
3784.712 106.00112 1.256 -4.064 3.464 AX42P185
3784.713 106.00113 1.285 -5.371 3.464 AX53Q135
3784.714 60.1 1.561 0.61 "" ""
3784.725 23.0 1.711 -3.72 "" ""
3784.754 106.00112 1.872 -3.435 3.464 CX35Q155
3784.756 27.0 2.716 -3.76 "" ""
3784.76 106.00112 1.872 -3.493 3.464 CX35Q145
3784.785 106.00112 1.139 -4.563 3.464 AX53P105
3784.795 57.1 0.0 -1.74 "" ""
3784.799 106.00113 1.419 -5.438 3.464 CX24P095
3784.806 106.00113 1.285 -6.272 3.464 AX53Q145
3784.812 106.00113 1.285 -6.469 3.464 AX53P145
3784.812 22.1 5.212 -3.69 "" ""
3784.82 23.0 1.948 -1.04 LAWNOHFS ""
3784.832 106.00112 1.718 -7.883 3.464 CX13P225
3784.836 106.00113 1.419 -5.355 3.464 CX24P105
3784.84 60.1 0.064 -1.04 LAWLER ""
3784.842 106.00112 1.872 -7.115 3.464 CX35P155
3784.844 26.0 4.188 -2.68 "" ""
3784.861 106.00112 1.718 -10.108 3.464 CX13Q215
3784.875 24.0 3.32 -2.41 "" ""
3784.941 106.00112 1.556 -4.483 3.464 CX35P035
3784.946 106.00113 1.419 -9.111 3.464 CX24Q095
3784.957 106.00113 1.243 -5.333 3.464 CX13P135
3784.957 106.00113 1.244 -5.35 3.464 CX13P125
3784.957 24.0 2.887 -8.51 "" ""
3784.963 106.00112 1.718 -6.337 3.464 CX13P215
3784.998 106.00113 1.426 -5.425 3.464 CX13P175
3785.014 26.0 2.422 -3.9 "" ""
3785.023 106.00112 0.734 -6.517 3.464 AX21R155
3785.032 42.0 2.079 -1.27 "" ""
3785.046 106.00112 1.0 -7.601 3.464 CX13P035
3785.048 23.0 2.914 -3.82 "" ""
3785.052 106.00113 1.478 -11.823 3.464 CX13Q175
3785.055 106.00113 1.426 -5.369 3.464 CX13P165
3785.071 607.01214 3.077 -5.531 7.724 1413Qc0135
3785.078 607.01214 3.077 -3.105 7.724 1413Pb0135
3785.086 60.1 0.742 -0.46 "" ""
3785.108 607.01214 3.077 -3.046 7.724 1413Pa0145
3785.143 23.1 2.52 -3.04 "" ""
3785.152 106.00112 1.139 -4.587 3.464 AX53P095
3785.166 106.00112 1.139 -6.551 3.464 AX53Q095
3785.179 106.00112 1.139 -10.404 3.464 CX13Q095
3785.202 106.00113 1.244 -10.496 3.464 CX13Q125
3785.205 23.0 2.676 -6.3 "" ""
3785.208 24.0 2.706 -2.99 "" ""
3785.212 106.00112 1.395 -9.173 3.464 CX24Q085
3785.214 106.00113 1.562 -4.477 3.464 CX35P035
3785.224 106.00112 1.139 -5.463 3.464 CX13P095
3785.224 106.00113 1.435 -10.363 3.464 CX02Q215
3785.241 106.00112 0.126 -9.398 3.464 AX10R085
3785.253 106.00113 1.285 -5.329 3.464 CX13P145
3785.253 106.00113 1.376 -5.37 3.464 CX13P165
3785.254 106.00113 1.562 -8.039 3.464 CX35Q035
3785.258 106.00112 1.395 -5.515 3.464 CX24P085
3785.269 106.00113 1.285 -5.333 3.464 CX13P135
3785.278 106.00112 1.139 -4.563 3.464 AX53P105
3785.291 106.00112 1.139 -5.417 3.464 CX13P105
3785.294 23.1 4.732 -2.48 "" ""
3785.298 106.00113 1.377 -5.339 3.464 CX13P155
3785.339 106.00112 1.395 -5.439 3.464 CX24P095
3785.346 106.00113 1.329 -5.34 3.464 CX13P155
3785.376 106.00113 1.33 -5.328 3.464 CX13P145
3785.387 60.1 1.49 0.19 "" ""
3785.398 23.1 6.037 -2.13 "" ""
3785.403 106.00113 1.426 -11.165 3.464 CX13Q165
3785.41 66.1 1.17 -0.67 LAWLER ""
3785.434 25.0 3.85 -0.9 "" ""
3785.441 106.00112 1.656 -6.337 3.464 CX13P215
3785.461 72.0 0.566 -0.52 "" ""
3785.463 106.00112 1.656 -10.525 3.464 CX13Q205
3785.506 106.00113 1.562 -4.422 3.464 CX35P045
3785.51 25.1 6.86 -4.36 "" ""
3785.514 42.0 2.494 -1.25 "" ""
3785.538 106.00113 1.285 -10.571 3.464 CX13Q135
3785.56 106.00112 1.656 -5.893 3.464 CX13P205
3785.597 74.1 3.241 -1.4 "" ""
3785.6 90.1 0.764 -0.88 "" ""
3785.605 106.00112 0.126 -9.37 3.464 AX10R085
3785.618 106.00113 1.377 -10.863 3.464 CX13Q155
3785.639 106.00112 1.442 -5.865 3.464 AX21R265
3785.649 26.0 3.94 -2.67 "" ""
3785.671 106.00113 1.33 -10.685 3.464 CX13Q145
3785.687 106.00113 1.503 -6.01 3.464 AX42Q235
3785.706 26.0 3.234 -1.41 "" ""
3785.719 24.0 3.319 -3.03 "" ""
3785.728 106.00113 1.286 -6.799 3.464 AX53R135
3785.735 106.00113 1.286 -5.371 3.464 AX53Q135
3785.743 106.00113 1.503 -6.525 3.464 AX42R225
3785.764 22.0 2.316 -5.32 "" ""
3785.768 106.00113 1.503 -6.52 3.464 AX42P235
3785.771 21.0 1.432 -7.79 "" ""
3785.776 106.00113 1.286 -6.272 3.464 AX53Q145
3785.777 26.0 4.183 -1.75 "" ""
3785.78 26.0 3.329 -3.01 "" ""
3785.783 106.00113 1.286 -6.453 3.464 AX53P145
3785.788 26.0 3.414 -1.52 "" ""
3785.797 24.0 3.836 -3.07 "" ""
3785.804 23.1 1.684 -5.06 "" ""
3785.824 106.00113 1.503 -5.482 3.464 AX42Q225
3785.848 27.0 3.277 -5.08 "" ""
3785.89 23.0 2.246 -3.66 "" ""
3785.911 23.1 5.791 -3.64 "" ""
3785.914 90.1 2.202 -0.29 "" ""
3785.934 607.01214 3.083 -5.527 7.724 1413Qc0145
3785.942 607.01214 3.083 -3.046 7.724 1413Pb0145
3785.948 106.00113 1.087 -6.916 3.464 AX42P155
3785.948 26.0 2.431 -0.93 "" ""
3785.961 22.0 2.675 -1.75 "" ""
3785.974 607.01214 3.083 -2.986 7.724 1413Pa0155
3786.044 22.0 0.899 -0.19 LAWLER ""
3786.05 44.0 0.336 -0.4 "" ""
3786.061 106.00112 1.597 -5.894 3.464 CX13P205
3786.075 106.00112 1.597 -11.127 3.464 CX13Q195
3786.108 106.00112 0.671 -8.76 3.464 CX02Q015
3786.116 106.00112 0.671 -5.945 3.464 CX02P015
3786.149 26.0 2.829 -1.32 "" ""
3786.151 106.00112 0.735 -6.47 3.464 AX21R155
3786.159 23.1 6.097 -1.34 "" ""
3786.168 106.00112 1.597 -5.657 3.464 CX13P195
3786.175 42.0 2.062 -1.93 "" ""
3786.18 66.1 0.1 -0.4 LAWLER ""
3786.187 26.0 2.829 -0.9 "" ""
3786.192 106.00112 1.173 -10.417 3.464 CX13Q105
3786.216 24.0 2.707 -1.53 "" ""
3786.221 41.0 0.348 -1.46 "" ""
3786.223 106.00112 1.08 -6.928 3.464 AX53P075
3786.231 106.00113 0.731 -6.517 3.464 AX21R155
3786.242 106.00112 1.173 -5.416 3.464 CX13P105
3786.254 22.0 1.886 -1.48 "" ""
3786.284 106.00112 1.173 -5.378 3.464 CX13P115
3786.323 22.1 0.607 -2.6 LAWLER ""
3786.329 58.1 0.529 -0.46 BIEMONT ""
3786.37 26.1 2.34 -5.58 "" ""
3786.373 74.0 2.107 -0.91 "" ""
3786.379 42.1 3.98 -1.0 "" ""
3786.397 25.1 6.9 -4.56 "" ""
3786.413 22.0 1.732 -4.72 "" ""
3786.499 26.0 2.947 -8.41 "" ""
3786.545 20.0 5.685 -1.68 "" ""
3786.568 92.1 1.056 -0.67 "" ""
3786.581 15.1 9.51 1.28 "" ""
3786.582 106.00112 1.081 -6.952 3.464 AX53P075
3786.611 106.00113 1.302 -7.582 3.464 CX24P045
3786.624 106.00112 1.442 -6.967 3.464 AX31Q255
3786.63 23.0 2.682 -5.69 "" ""
3786.632 58.1 0.175 -0.36 LAWLER ""
3786.647 106.00112 1.539 -5.658 3.464 CX13P195
3786.654 106.00112 1.539 -12.55 3.464 CX13Q185
3786.661 22.0 2.66 -3.36 "" ""
3786.668 106.00113 0.125 -9.398 3.464 AX10R085
3786.676 106.00112 1.442 -4.016 3.464 AX31P265
3786.677 26.0 1.01 -2.19 OBR91 ""
3786.72 106.00113 1.438 -5.793 3.464 AX21R265
3786.725 106.00112 1.442 -4.006 3.464 AX31P255
3786.729 22.0 0.899 -2.74 "" ""
3786.732 22.0 2.173 -5.93 "" ""
3786.742 106.00112 1.539 -5.514 3.464 CX13P185
3786.743 26.0 3.428 -3.14 "" ""
3786.826 66.0 1.672 0.68 "" ""
3786.826 92.0 0.774 0.24 "" ""
3786.827 607.01214 3.09 -5.52 7.724 1413Qc0155
3786.828 25.0 4.602 -1.12 "" ""
3786.835 607.01214 3.09 -2.986 7.724 1413Pb0155
3786.836 68.1 0.0 -0.52 LAWLER ""
3786.869 607.01214 3.09 -2.927 7.724 1413Pa0165
3786.882 90.1 0.908 -1.42 "" ""
3786.904 106.00112 1.443 -5.02 3.464 CX02P225
3786.904 106.00113 1.223 -7.551 3.464 AX20P265
3786.915 106.00112 0.672 -5.899 3.464 CX02P025
3786.934 106.00112 1.443 -10.363 3.464 CX02Q215
3786.958 106.00112 1.209 -10.446 3.464 CX13Q115
3786.967 106.00113 1.451 -5.354 3.464 CX24P105
3786.98 106.00113 1.451 -5.264 3.464 CX24P115
3786.982 24.0 3.32 -2.63 "" ""
3787.013 106.00112 1.209 -5.378 3.464 CX13P115
3787.015 69.0 2.039 0.1 "" ""
3787.028 106.00113 0.125 -9.37 3.464 AX10R085
3787.031 106.00113 0.679 -5.896 3.464 CX02P025
3787.033 106.00112 1.209 -5.35 3.464 CX13P125
3787.037 106.00112 1.443 -5.016 3.464 CX02P215
3787.06 41.0 0.019 -0.37 "" ""
3787.077 106.00113 0.679 -9.574 3.464 CX02Q025
3787.091 106.00113 0.64 -4.935 3.464 BX10R195
3787.132 106.00113 1.451 -9.046 3.464 CX24Q105
3787.136 26.0 4.073 -1.46 "" ""
3787.138 23.0 1.871 -0.7 LAWNOHFS ""
3787.15 64.0 0.0 -1.04 "" ""
3787.151 23.1 6.141 -2.38 "" ""
3787.156 23.0 0.0 -3.8 "" ""
3787.158 106.00112 1.484 -11.822 3.464 CX13Q175
3787.16 106.00112 1.484 -5.514 3.464 CX13P185
3787.164 26.0 3.637 -0.96 "" ""
3787.186 106.00113 1.168 -4.556 3.464 AX53P105
3787.2 62.1 0.04 -1.58 LAWLER ""
3787.208 106.00113 1.168 -6.685 3.464 AX53Q105
3787.21 106.00113 1.088 -6.963 3.464 AX42P155
3787.222 25.0 4.265 -3.56 "" ""
3787.222 27.0 2.716 -3.44 "" ""
3787.226 607.01214 1.145 0.387 7.724 0000Rb0695
3787.235 27.0 3.229 -5.15 "" ""
3787.235 65.1 0.373 -0.09 "" ""
3787.235 92.1 0.652 -0.87 "" ""
3787.239 23.1 2.52 -0.59 LAWNOHFS ""
3787.241 106.00112 1.484 -5.424 3.464 CX13P175
3787.245 106.00113 0.577 -1.932 3.464 BX10R175
3787.258 66.1 1.652 -0.15 "" ""
3787.299 607.01214 1.145 -3.616 7.724 0000Qd0705
3787.327 106.00113 0.577 -7.224 3.464 BX10Q185
3787.341 27.0 2.628 -2.17 LAWNHFS ""
3787.345 106.00113 1.168 -4.549 3.464 AX53P115
3787.352 106.00113 0.732 -6.47 3.464 AX21R155
3787.373 72.0 2.277 -0.41 "" ""
3787.375 68.1 1.368 -0.71 LAWLER ""
3787.389 106.00113 0.577 -1.909 3.464 BX10R185
3787.392 106.00113 1.371 -5.017 3.464 CX02P215
3787.446 25.0 4.255 -2.03 "" ""
3787.458 58.1 1.455 -0.42 "" ""
3787.468 24.0 3.836 -3.61 "" ""
3787.469 106.00112 1.424 -9.111 3.464 CX24Q095
3787.476 41.0 0.267 -1.84 "" ""
3787.489 106.00112 1.248 -10.495 3.464 CX13Q125
3787.494 106.00113 1.371 -5.02 3.464 CX02P205
3787.521 106.00112 1.424 -5.438 3.464 CX24P095
3787.522 75.0 1.866 -1.03 "" ""
3787.538 106.00113 0.679 -5.812 3.464 CX02P035
3787.539 23.0 1.891 -2.55 "" ""
3787.548 106.00112 1.248 -5.333 3.464 CX13P135
3787.548 106.00112 1.248 -5.35 3.464 CX13P125
3787.552 106.00112 1.432 -11.164 3.464 CX13Q165
3787.564 106.00112 1.432 -5.424 3.464 CX13P175
3787.566 58.1 0.326 -1.08 "" ""
3787.57 64.1 0.492 -0.32 LAWLER ""
3787.57 65.1 0.641 -0.89 LAWNOHFS ""
3787.574 106.00112 1.424 -5.354 3.464 CX24P105
3787.626 22.0 0.021 -3.46 LAWLER ""
3787.631 106.00112 1.432 -5.369 3.464 CX13P165
3787.72 66.1 1.22 -1.15 LAWLER ""
3787.744 106.00112 1.091 -6.916 3.464 AX42P155
3787.749 607.01214 3.097 -5.511 7.724 1413Qc0165
3787.758 607.01214 3.097 -2.927 7.724 1413Pb0165
3787.779 23.1 4.732 -4.02 "" ""
3787.788 106.00113 0.669 -7.015 3.464 CX02P015
3787.79 24.0 3.32 -2.57 "" ""
3787.792 24.1 2.541 -4.07 "" ""
3787.794 607.01214 3.097 -2.868 7.724 1413Pa0175
3787.796 106.00112 1.29 -10.57 3.464 CX13Q135
3787.807 106.00112 1.382 -10.862 3.464 CX13Q155
3787.829 106.00112 1.382 -5.369 3.464 CX13P165
3787.831 26.0 3.94 -4.35 "" ""
3787.836 106.00113 1.169 -4.556 3.464 AX53P105
3787.842 106.00112 1.29 -5.328 3.464 CX13P145
3787.849 21.0 2.606 -1.83 "" ""
3787.858 106.00113 1.169 -6.704 3.464 AX53Q105
3787.86 106.00112 1.29 -5.332 3.464 CX13P135
3787.865 106.00112 1.23 -7.551 3.464 AX20P265
3787.866 68.1 2.211 1.16 "" ""
3787.871 23.0 1.349 -2.52 "" ""
3787.88 26.0 1.01 -0.84 OBR91 ""
3787.881 106.00112 1.382 -5.339 3.464 CX13P155
3787.896 106.00112 1.335 -10.684 3.464 CX13Q145
3787.896 26.1 1.963 -5.68 "" ""
3787.903 58.1 0.122 -0.98 LAWLER ""
3787.923 106.00112 1.567 -8.039 3.464 CX35Q035
3787.929 106.00112 1.335 -5.339 3.464 CX13P155
3787.935 26.0 4.073 -0.84 "" ""
3787.943 106.00112 1.567 -4.476 3.464 CX35P035
3787.953 106.00113 1.169 -4.549 3.464 AX53P115
3787.965 106.00112 1.335 -5.328 3.464 CX13P145
3787.974 26.0 4.073 -1.12 "" ""
3787.993 106.00113 1.371 -10.362 3.464 CX02Q205
3788.039 26.0 4.073 -0.66 "" ""
3788.044 22.0 2.406 -4.45 "" ""
3788.059 26.0 4.073 -0.33 "" ""
3788.089 24.0 4.204 -1.96 "" ""
3788.11 20.0 2.707 -2.77 "" ""
3788.12 62.1 0.248 -0.54 LAWLER ""
3788.161 92.0 0.742 0.11 "" ""
3788.177 24.0 4.204 -1.79 "" ""
3788.196 22.0 2.159 -7.12 "" ""
3788.203 26.0 3.879 -4.18 "" ""
3788.205 58.1 0.6 -1.16 "" ""
3788.254 42.0 3.245 -0.25 "" ""
3788.258 106.00112 1.567 -4.421 3.464 CX35P045
3788.261 106.00113 1.513 -5.8 3.464 AX21R275
3788.335 106.00113 1.55 -5.873 3.464 CX35P025
3788.359 90.1 0.556 -1.92 "" ""
3788.43 26.0 4.073 -0.56 "" ""
3788.431 106.00112 1.445 -5.793 3.464 AX21R265
3788.436 23.0 1.871 -2.32 "" ""
3788.44 66.1 0.1 -0.57 LAWLER ""
3788.452 21.0 1.427 -8.4 "" ""
3788.474 27.0 3.565 -3.83 "" ""
3788.475 45.0 0.701 -0.75 "" ""
3788.495 23.0 2.267 -3.41 "" ""
3788.56 22.0 1.732 -4.84 "" ""
3788.617 106.00112 0.686 -6.58 3.464 AX21R145
3788.622 106.00113 1.576 -4.418 3.464 CX35P045
3788.673 106.00113 1.576 -7.946 3.464 CX35Q045
3788.69 39.1 0.104 0.08 Biemont11 ""
3788.702 607.01214 3.104 -5.499 7.724 1413Qc0175
3788.71 607.01214 3.104 -2.868 7.724 1413Pb0175
3788.746 58.1 0.47 -0.3 LAWLER ""
3788.749 607.01214 3.104 -2.809 7.724 1413Pa0185
3788.759 63.1 3.358 0.08 "" ""
3788.799 22.0 0.048 -2.97 LAWLER ""
3788.811 28.0 3.703 -1.58 "" ""
3788.822 106.00112 1.15 -7.134 3.464 AX31P215
3788.834 106.00113 1.576 -4.362 3.464 CX35P055
3788.859 24.0 3.008 -0.48 "" ""
3788.929 106.00113 1.012 -7.7 3.464 CX13P045
3788.978 607.01214 1.113 0.386 7.724 0000Ra0695
3789.031 106.00112 1.092 -6.962 3.464 AX42P155
3789.045 607.01214 1.113 0.38 7.724 0000Rb0685
3789.07 23.0 1.892 -3.44 "" ""
3789.08 106.00113 1.486 -5.167 3.464 CX24P125
3789.08 24.0 2.542 -4.18 "" ""
3789.08 25.1 6.806 -5.39 "" ""
3789.081 27.0 3.252 -6.16 "" ""
3789.089 106.00113 1.486 -5.263 3.464 CX24P115
3789.091 106.00113 0.313 -4.728 3.464 BX10P125
3789.11 76.0 1.84 -1.19 "" ""
3789.117 607.01214 1.113 -3.61 7.724 0000Qd0695
3789.118 90.1 0.231 -1.26 Nils02/11 ""
3789.176 26.0 2.725 -1.33 BEL17 ""
