wavelength species excitation loggf disassociation_energy comment
4820.538 26.0 3.571 -7.05 "" ""
4820.556 106.00113 0.894 -2.762 3.464 AX01Q175
4820.568 106.00113 0.894 -5.044 3.464 AX01P185
4820.592 20.0 4.427 -3.12 "" ""
4820.605 25.1 5.832 -3.04 "" ""
4820.614 58.0 0.172 -0.87 "" ""
4820.641 106.00113 0.992 -5.014 3.464 AX12R135
4820.695 607.01314 2.296 -2.124 7.724 0609Ra0295
4820.698 106.00113 0.992 -2.699 3.464 AX12Q135
4820.702 21.0 3.099 -4.03 "" ""
4820.719 106.00113 1.244 -5.044 3.464 AX23R125
4820.728 607.01314 2.296 -2.137 7.724 0609Rb0285
4820.754 106.00113 1.14 -5.398 3.464 BX12P165
4820.766 607.01314 2.296 -5.361 7.724 0609Qd0295
4820.767 106.00113 1.244 -2.771 3.464 AX23Q125
4820.779 112.00124 0.384 -2.421 1.340 32P207b24
4820.796 20.0 5.041 -1.39 "" ""
4820.805 25.1 5.544 -4.83 "" ""
4820.816 106.00113 0.992 -2.681 3.464 AX12Q145
4820.819 106.00113 1.244 -2.759 3.464 AX23Q135
4820.833 112.00124 0.284 -1.107 1.340 21P212b24
4820.839 106.00113 1.31 -6.124 3.464 BX12P205
4820.867 106.00113 1.244 -4.771 3.464 AX23P135
4820.873 106.00113 0.992 -4.799 3.464 AX12P145
4820.879 22.0 0.835 -4.87 "" ""
4820.883 106.00113 1.311 -2.386 3.464 BX12Q195
4820.889 607.01314 2.674 -2.117 7.724 0811Ra0245
4820.928 23.0 1.948 -3.03 "" ""
4820.945 106.00113 1.31 -2.417 3.464 BX12Q205
4820.957 607.01314 2.674 -2.133 7.724 0811Rb0235
4820.972 106.00113 2.217 -5.016 3.464 AX55P215
4820.986 607.01314 2.674 -5.201 7.724 0811Qd0245
4820.989 106.00113 1.311 -6.052 3.464 BX12R195
4820.991 22.1 1.115 -6.83 "" ""
4820.998 25.0 4.723 -2.5 "" ""
4821.003 26.0 4.073 -2.38 "" ""
4821.016 106.00112 2.166 -4.93 3.464 AX55P205
4821.058 21.0 5.222 -2.72 "" ""
4821.06 106.00112 1.247 -5.027 3.464 AX23R125
4821.064 106.00113 0.692 -3.346 3.464 AX12R035
4821.1 106.00112 1.247 -2.771 3.464 AX23Q125
4821.118 28.0 4.15 -0.85 "" ""
4821.13 25.0 4.426 -2.19 "" ""
4821.142 27.0 3.968 -0.28 "" ""
4821.167 14.0 4.93 -1.86 NIST/D ""
4821.229 28.0 3.541 -3.83 "" ""
4821.234 106.00113 0.692 -3.346 3.464 AX12R035
4821.236 607.01314 2.156 -2.15 7.724 0508Rb0345
4821.242 23.0 1.71 -3.8 "" ""
4821.243 106.00113 1.789 -5.065 3.464 AX45R125
4821.246 106.00112 1.248 -2.758 3.464 AX23Q135
4821.247 112.00124 0.284 -2.86 1.340 21Q212b24
4821.268 106.00113 1.789 -6.128 3.464 AX45R135
4821.273 90.1 1.712 -1.77 "" ""
4821.275 22.0 2.159 -1.84 LAWLER ""
4821.284 607.01314 2.156 -5.528 7.724 0508Qd0355
4821.287 106.00112 1.248 -4.785 3.464 AX23P135
4821.303 106.00113 1.789 -6.02 3.464 AX45Q135
4821.318 112.00124 0.284 -1.06 1.340 21P112b24
4821.421 21.0 3.187 -0.87 "" ""
4821.457 22.0 3.11 -3.03 "" ""
4821.472 106.00112 1.265 -4.698 3.464 AX34R015
4821.474 106.00112 1.265 -4.691 3.464 AX34R015
4821.49 112.00124 0.525 -2.852 1.340 32Q216b24
4821.491 26.0 4.383 -3.04 "" ""
4821.506 106.00113 0.728 -6.615 3.464 BX02R065
4821.544 112.00124 0.525 -1.076 1.340 32P216b24
4821.576 112.00124 0.525 -0.995 1.340 32P116b24
4821.625 39.0 1.899 -0.68 "" ""
4821.658 21.0 3.187 -4.14 "" ""
4821.688 23.0 2.573 -1.55 "" ""
4821.7 64.0 0.213 -0.63 "" ""
4821.705 607.01314 2.459 -2.142 7.724 0710Ra0245
4821.73 24.0 3.548 -1.72 "" ""
4821.738 106.00113 0.692 -4.315 3.464 AX12Q045
4821.78 26.0 4.831 -3.47 "" ""
4821.836 106.00112 0.898 -5.346 3.464 AX01R175
4821.843 106.00112 0.898 -2.749 3.464 AX01Q185
4821.846 26.0 4.581 -3.51 "" ""
4821.847 112.00124 0.051 -1.593 1.340 10P208b24
4821.858 607.01314 2.459 -2.158 7.724 0710Rb0235
4821.873 106.00113 0.692 -3.26 3.464 AX12R045
4821.879 106.00113 0.692 -4.308 3.464 AX12Q045
4821.888 607.01314 2.459 -5.226 7.724 0710Qd0245
4821.911 24.0 3.963 -3.85 "" ""
4821.951 106.00112 0.898 -2.762 3.464 AX01Q175
4821.959 106.00112 0.898 -5.044 3.464 AX01P185
4821.99 112.00124 0.569 -0.763 1.340 32P218b24
4822.016 106.00113 0.692 -3.261 3.464 AX12R045
4822.065 24.0 3.077 -3.08 "" ""
4822.069 20.0 4.765 -4.13 "" ""
4822.091 106.00112 1.872 -5.653 3.464 AX45R145
4822.112 106.00113 2.004 -3.727 3.464 AX45R185
4822.119 39.0 1.899 0.02 "" ""
4822.132 106.00113 1.753 -4.651 3.464 AX45R115
4822.135 106.00112 0.995 -5.014 3.464 AX12R135
4822.135 106.00113 0.975 -3.593 3.464 AX23R015
4822.152 106.00112 1.872 -4.768 3.464 AX45R155
4822.18 112.00124 0.014 -2.663 1.340 10P204b24
4822.193 106.00113 0.975 -3.592 3.464 AX23R015
4822.194 106.00112 0.995 -2.699 3.464 AX12Q135
4822.196 106.00113 2.004 -7.255 3.464 AX45Q185
4822.221 106.00112 1.872 -6.624 3.464 AX45Q155
4822.224 106.00113 2.004 -3.983 3.464 AX45R175
4822.225 23.1 6.182 -4.37 "" ""
4822.265 106.00113 1.753 -5.061 3.464 AX45R125
4822.274 106.00113 0.992 -5.031 3.464 AX12R135
4822.274 25.0 4.723 -2.1 "" ""
4822.277 106.00113 1.204 -4.96 3.464 AX23R115
4822.291 106.00113 1.753 -5.852 3.464 AX45Q125
4822.305 106.00113 1.204 -2.79 3.464 AX23Q115
4822.314 106.00112 0.995 -2.681 3.464 AX12Q145
4822.328 26.0 4.73 -1.38 "" ""
4822.338 106.00113 0.992 -2.699 3.464 AX12Q135
4822.35 607.01314 2.664 -2.133 7.724 0811Ra0235
4822.354 106.00112 1.915 -4.77 3.464 AX45R155
4822.373 106.00112 0.995 -4.798 3.464 AX12P145
4822.373 106.00113 0.992 -2.682 3.464 AX12Q145
4822.394 106.00112 1.916 -4.304 3.464 AX45R165
4822.405 106.00113 0.992 -4.783 3.464 AX12P145
4822.416 112.00124 0.051 -2.993 1.340 10Q208b24
4822.417 42.0 2.513 -1.78 "" ""
4822.419 607.01314 2.664 -2.15 7.724 0811Rb0225
4822.446 607.01314 2.664 -5.182 7.724 0811Qd0235
4822.454 106.00112 1.248 -5.043 3.464 AX23R125
4822.468 112.00124 0.051 -1.514 1.340 10P108b24
4822.473 106.00112 1.916 -7.194 3.464 AX45Q165
4822.475 106.00113 1.204 -2.772 3.464 AX23Q125
4822.494 112.00124 0.301 -1.064 1.340 21P213b24
4822.495 106.00112 1.248 -2.771 3.464 AX23Q125
4822.503 106.00113 1.204 -4.748 3.464 AX23P125
4822.512 22.0 3.111 -2.1 "" ""
4822.541 106.00113 1.563 -5.775 3.464 AX45R045
4822.548 58.0 0.0 -0.44 "" ""
4822.551 106.00112 1.248 -2.758 3.464 AX23Q135
4822.559 26.0 4.151 -2.22 "" ""
4822.564 607.01314 2.284 -2.138 7.724 0609Ra0285
4822.583 106.00113 0.431 -3.352 3.464 AX01R065
4822.586 25.0 4.682 -1.14 "" ""
4822.591 106.00112 1.248 -4.771 3.464 AX23P135
4822.602 607.01314 2.284 -2.152 7.724 0609Rb0275
4822.611 106.00112 0.694 -3.346 3.464 AX12R035
4822.616 23.0 2.86 -2.35 "" ""
4822.638 607.01314 2.284 -5.347 7.724 0609Qd0285
4822.663 106.00113 1.563 -5.76 3.464 AX45R045
4822.668 26.0 3.271 -4.03 "" ""
4822.698 112.00124 0.569 -2.861 1.340 32Q218b24
4822.713 106.00112 1.832 -6.13 3.464 AX45R135
4822.787 106.00113 2.053 -3.517 3.464 AX45R195
4822.788 106.00112 0.694 -3.346 3.464 AX12R035
4822.793 112.00124 0.569 -0.746 1.340 32P118b24
4822.799 106.00112 1.832 -5.65 3.464 AX45R145
4822.812 23.1 2.034 -4.63 "" ""
4822.817 106.00113 2.053 -3.729 3.464 AX45R185
4822.837 26.0 4.47 -4.26 "" ""
4822.849 23.1 5.476 -1.97 "" ""
4822.855 90.0 0.615 -1.66 "" ""
4822.857 106.00112 1.832 -6.285 3.464 AX45Q145
4822.872 112.00124 0.301 -2.892 1.340 21Q213b24
4822.888 106.00113 2.053 -6.642 3.464 AX45Q195
4822.919 42.0 2.474 -2.15 "" ""
4822.948 112.00124 0.301 -1.022 1.340 21P113b24
4822.97 59.1 0.216 -1.15 "" ""
4822.988 106.00113 0.431 -4.744 3.464 AX01Q075
4823.022 106.00113 0.431 -3.306 3.464 AX01R075
4823.07 106.00113 0.431 -3.352 3.464 AX01R065
4823.13 22.0 2.235 -4.81 "" ""
4823.136 23.0 2.676 -5.83 "" ""
4823.154 23.0 1.944 -3.6 "" ""
4823.182 90.1 0.514 -2.31 Nils02/21 ""
4823.184 112.00124 0.206 -2.519 1.340 21P206b24
4823.198 27.0 4.229 -2.82 "" ""
4823.226 106.00113 1.753 -4.651 3.464 AX45R115
4823.228 26.0 3.881 -2.52 "" ""
4823.287 106.00113 1.754 -5.062 3.464 AX45R125
4823.294 106.00112 0.694 -4.315 3.464 AX12Q045
4823.3 39.1 0.992 -0.99 Biemont11 ""
4823.306 607.01314 2.449 -2.158 7.724 0710Ra0235
4823.31 106.00113 1.754 -5.832 3.464 AX45Q125
4823.319 14.0 4.93 -2.33 NIST/E ""
4823.337 607.01314 2.141 -2.15 7.724 0508Ra0345
4823.356 23.1 3.97 -1.87 "" ""
4823.389 106.00113 0.976 -4.042 3.464 AX23Q025
4823.389 23.0 1.05 -4.45 "" ""
4823.419 23.0 1.711 -2.21 LAWNOHFS ""
4823.421 106.00113 0.976 -4.038 3.464 AX23Q025
4823.423 106.00113 0.432 -4.733 3.464 AX01Q075
4823.428 106.00112 0.694 -3.26 3.464 AX12R045
4823.435 106.00112 0.694 -4.308 3.464 AX12Q045
4823.458 607.01314 2.449 -2.175 7.724 0710Rb0225
4823.464 106.00113 0.432 -3.307 3.464 AX01R075
4823.467 25.0055 2.317 -2.978 LAWHFS ""
4823.476 607.01314 2.141 -2.162 7.724 0508Rb0335
4823.484 25.0055 2.317 -2.641 LAWHFS ""
4823.487 607.01314 2.449 -5.208 7.724 0710Qd0235
4823.489 25.0055 2.317 -1.562 LAWHFS ""
4823.499 25.0055 2.317 -2.546 LAWHFS ""
4823.502 25.0055 2.317 -1.374 LAWHFS ""
4823.511 25.0055 2.317 -2.676 LAWHFS ""
4823.513 25.0055 2.317 -1.336 LAWHFS ""
4823.514 25.0055 2.317 -0.466 LAWHFS ""
4823.515 106.00113 1.205 -4.975 3.464 AX23R115
4823.521 25.0055 2.317 -1.391 LAWHFS ""
4823.523 25.0055 2.317 -0.57 LAWHFS ""
4823.524 607.01314 2.141 -5.516 7.724 0508Qd0345
4823.528 25.0055 2.317 -1.579 LAWHFS ""
4823.53 25.0055 2.317 -0.683 LAWHFS ""
4823.536 25.0055 2.317 -0.805 LAWHFS ""
4823.539 25.0055 2.317 -0.935 LAWHFS ""
4823.54 25.0055 2.317 -1.068 LAWHFS ""
4823.548 106.00113 1.205 -2.79 3.464 AX23Q115
4823.569 106.00112 0.694 -3.26 3.464 AX12R045
4823.607 90.0 0.788 -1.42 "" ""
4823.624 112.00124 0.593 -0.747 1.340 32P219b24
4823.626 26.0 4.412 -3.57 "" ""
4823.641 106.00113 1.205 -2.772 3.464 AX23Q125
4823.643 106.00113 0.976 -3.404 3.464 AX23R025
4823.657 106.00112 1.961 -4.307 3.464 AX45R165
4823.673 106.00113 1.205 -4.735 3.464 AX23P125
4823.675 106.00113 0.976 -3.405 3.464 AX23R025
4823.676 106.00112 1.961 -3.98 3.464 AX45R175
4823.703 106.00112 1.873 -4.768 3.464 AX45R155
4823.729 106.00112 1.873 -5.653 3.464 AX45R145
4823.758 106.00113 1.276 -3.623 3.464 AX34R025
4823.765 106.00112 1.961 -9.647 3.464 AX45Q175
4823.771 106.00112 1.873 -6.599 3.464 AX45Q155
4823.772 106.00112 0.978 -3.592 3.464 AX23R015
4823.787 607.01314 2.655 -2.15 7.724 0811Ra0225
4823.792 106.00112 0.996 -5.031 3.464 AX12R135
4823.794 23.0 2.573 -1.84 "" ""
4823.821 106.00112 0.978 -3.592 3.464 AX23R015
4823.851 106.00112 0.996 -2.699 3.464 AX12Q135
4823.853 106.00113 1.276 -3.623 3.464 AX34R025
4823.855 112.00124 0.064 -1.524 1.340 10P209b24
4823.856 607.01314 2.655 -2.168 7.724 0811Rb0215
4823.872 106.00112 0.996 -2.681 3.464 AX12Q145
4823.882 607.01314 2.655 -5.163 7.724 0811Qd0225
4823.929 24.0 4.528 -0.53 "" ""
4823.931 106.00112 0.996 -4.783 3.464 AX12P145
4823.982 24.0 2.706 -5.44 "" ""
4824.001 106.00112 1.208 -4.96 3.464 AX23R115
4824.029 106.00112 1.208 -2.79 3.464 AX23Q115
4824.037 57.1139 0.65 -1.25 Lawle01HFS ""
4824.056 57.1139 0.65 -1.347 Lawle01HFS ""
4824.061 22.0 3.212 -4.1 "" ""
4824.071 57.1139 0.65 -1.472 Lawle01HFS ""
4824.078 106.00112 0.433 -3.352 3.464 AX01R065
4824.095 20.0 4.44 -3.0 "" ""
4824.096 106.00112 1.793 -5.064 3.464 AX45R125
4824.131 106.00112 1.916 -4.305 3.464 AX45R165
4824.131 24.1 3.871 -0.92 Lawler17 ""
4824.136 112.00124 0.32 -1.025 1.340 21P214b24
4824.141 106.00113 1.371 -3.011 3.464 BX02R205
4824.165 26.0 3.632 -2.33 "" ""
4824.167 106.00112 1.832 -6.13 3.464 AX45R135
4824.167 60.1 0.559 -1.89 "" ""
4824.17 106.00112 1.832 -5.65 3.464 AX45R145
4824.172 112.00124 0.593 -2.883 1.340 32Q219b24
4824.185 106.00112 1.916 -4.77 3.464 AX45R155
4824.206 106.00112 1.208 -2.772 3.464 AX23Q125
4824.208 106.00112 1.793 -6.126 3.464 AX45R135
4824.21 106.00112 1.916 -7.167 3.464 AX45Q165
4824.217 21.0 3.099 -3.7 "" ""
4824.227 106.00112 1.832 -6.261 3.464 AX45Q145
4824.23 20.0 6.012 -2.97 "" ""
4824.231 106.00113 1.371 -7.465 3.464 BX02Q215
4824.234 106.00112 1.208 -4.748 3.464 AX23P125
4824.254 106.00112 1.793 -6.041 3.464 AX45Q135
4824.271 112.00124 0.593 -0.72 1.340 32P119b24
4824.271 25.0 4.27 -2.93 "" ""
4824.292 40.0 0.65 -1.05 "" ""
4824.348 106.00113 1.371 -2.916 3.464 BX02R215
4824.362 24.1 5.489 -3.92 "" ""
4824.371 112.00124 0.064 -3.041 1.340 10Q209b24
4824.404 607.01314 2.273 -2.152 7.724 0609Ra0275
4824.428 112.00124 0.064 -1.457 1.340 10P109b24
4824.446 607.01314 2.273 -2.167 7.724 0609Rb0265
4824.451 112.00124 0.32 -2.923 1.340 21Q214b24
4824.456 26.0 4.14 -2.99 "" ""
4824.481 607.01314 2.273 -5.332 7.724 0609Qd0275
4824.487 106.00112 0.433 -4.744 3.464 AX01Q075
4824.51 22.0 2.083 -4.94 "" ""
4824.52 106.00112 0.433 -3.306 3.464 AX01R075
4824.528 106.00113 2.277 -7.301 3.464 AX02R335
4824.53 28.0 4.086 -3.81 "" ""
4824.532 112.00124 0.32 -0.987 1.340 21P114b24
4824.552 106.00113 1.276 -4.338 3.464 AX34Q035
4824.581 106.00112 0.433 -3.352 3.464 AX01R065
4824.625 106.00113 1.276 -4.332 3.464 AX34Q035
4824.68 62.1 1.445 -1.51 LAWLER ""
4824.703 106.00112 0.73 -6.615 3.464 BX02R065
4824.716 25.0 4.432 -3.38 "" ""
4824.728 106.00113 1.276 -3.517 3.464 AX34R035
4824.799 106.00113 1.276 -3.518 3.464 AX34R035
4824.817 106.00113 1.72 -4.41 3.464 AX45R105
4824.838 106.00113 0.836 -5.283 3.464 AX01R165
4824.846 27.0 3.407 -2.36 "" ""
4824.862 26.0 3.045 -5.51 "" ""
4824.876 607.01314 2.44 -2.175 7.724 0710Ra0225
4824.928 106.00112 0.433 -4.732 3.464 AX01Q075
4824.937 106.00113 0.836 -2.779 3.464 AX01Q165
4824.965 66.0 2.287 0.76 "" ""
4824.97 106.00112 0.433 -3.306 3.464 AX01R075
4824.973 112.00124 0.618 -0.723 1.340 32P220b24
4824.976 106.00113 0.836 -2.763 3.464 AX01Q175
4824.979 24.1 3.824 -5.66 "" ""
4824.983 106.00113 1.72 -4.646 3.464 AX45R115
4824.997 106.00113 1.72 -5.695 3.464 AX45Q115
4825.016 23.0 1.944 -3.9 "" ""
4825.028 106.00112 0.979 -4.042 3.464 AX23Q025
4825.028 607.01314 2.44 -2.193 7.724 0710Rb0215
4825.055 607.01314 2.44 -5.189 7.724 0710Qd0225
4825.06 106.00112 0.979 -4.038 3.464 AX23Q025
4825.075 106.00113 0.836 -5.04 3.464 AX01P175
4825.112 106.00113 2.054 -3.517 3.464 AX45R195
4825.114 106.00113 1.168 -4.895 3.464 AX23R105
4825.127 106.00113 1.168 -2.815 3.464 AX23Q105
4825.199 607.01314 2.646 -2.168 7.724 0811Ra0215
4825.205 106.00113 2.054 -6.61 3.464 AX45Q195
4825.212 106.00112 1.209 -4.975 3.464 AX23R115
4825.24 106.00112 1.209 -2.79 3.464 AX23Q115
4825.243 106.00113 0.948 -4.961 3.464 AX12R125
4825.247 106.00113 2.054 -3.729 3.464 AX45R185
4825.257 112.00124 0.34 -1.079 1.340 21P215b24
4825.268 27.0 4.143 -2.19 "" ""
4825.268 607.01314 2.646 -2.186 7.724 0811Rb0205
4825.269 106.00112 2.597 -7.549 3.464 CX05P285
4825.28 112.00124 0.395 -2.47 1.340 32P208b24
4825.282 106.00112 0.979 -3.403 3.464 AX23R025
4825.287 106.00113 0.948 -2.722 3.464 AX12Q125
4825.293 607.01314 2.646 -5.144 7.724 0811Qd0215
4825.314 106.00113 0.663 -4.611 3.464 AX12R015
4825.315 106.00112 0.979 -3.404 3.464 AX23R025
4825.318 106.00113 0.663 -4.604 3.464 AX12R015
4825.334 106.00112 1.209 -2.772 3.464 AX23Q125
4825.335 106.00113 1.168 -2.791 3.464 AX23Q115
4825.348 106.00113 1.168 -4.71 3.464 AX23P115
4825.35 106.00113 0.358 -5.231 3.464 AX01R035
4825.362 106.00112 1.209 -4.735 3.464 AX23P125
4825.362 106.00112 2.597 -11.415 3.464 CX05Q275
4825.373 106.00112 1.794 -5.064 3.464 AX45R125
4825.407 106.00112 1.794 -6.127 3.464 AX45R135
4825.407 23.0 1.063 -4.02 "" ""
4825.411 24.0 4.529 -1.72 "" ""
4825.421 73.0 1.393 -1.39 "" ""
4825.432 106.00113 0.358 -5.218 3.464 AX01R035
4825.434 112.00124 0.618 -2.905 1.340 32Q220b24
4825.435 106.00113 0.948 -2.7 3.464 AX12Q135
4825.439 22.0 2.316 -0.98 "" ""
4825.447 106.00112 1.279 -3.623 3.464 AX34R025
4825.453 106.00112 1.794 -6.02 3.464 AX45Q135
4825.48 106.00113 0.948 -4.768 3.464 AX12P135
4825.48 60.1 0.182 -0.42 LAWLER ""
4825.515 24.0 3.085 -1.95 "" ""
4825.538 112.00124 0.619 -0.697 1.340 32P120b24
4825.542 106.00112 1.279 -3.623 3.464 AX34R025
4825.545 106.00112 2.597 -8.625 3.464 CX05P275
4825.55 607.01314 2.127 -2.162 7.724 0508Ra0335
4825.589 25.0 3.841 -1.37 "" ""
4825.607 106.00112 1.962 -3.98 3.464 AX45R175
4825.682 607.01314 2.127 -2.174 7.724 0508Rb0325
4825.686 106.00112 1.962 -4.307 3.464 AX45R165
4825.692 112.00124 0.34 -2.954 1.340 21Q215b24
4825.697 106.00112 1.962 -9.619 3.464 AX45Q175
4825.728 607.01314 2.127 -5.504 7.724 0508Qd0335
4825.736 26.1 2.635 -4.87 MELBAR ""
4825.754 106.00113 1.72 -4.41 3.464 AX45R105
4825.755 24.0 5.076 -1.98 "" ""
4825.766 112.00124 0.078 -1.464 1.340 10P210b24
4825.778 112.00124 0.34 -1.036 1.340 21P115b24
4825.853 106.00113 1.72 -4.647 3.464 AX45R115
4825.864 106.00113 1.72 -5.676 3.464 AX45Q115
4825.914 92.1 1.193 -1.39 Nils02/9 ""
4825.992 25.0 3.133 -7.62 "" ""
4826.04 22.0 2.66 -1.35 "" ""
4826.097 106.00113 0.968 -3.789 3.464 AX23R005
4826.098 106.00112 1.567 -5.774 3.464 AX45R045
4826.119 106.00113 0.968 -3.789 3.464 AX23R005
4826.132 106.00112 1.758 -4.65 3.464 AX45R115
4826.165 106.00113 1.169 -4.909 3.464 AX23R105
4826.181 106.00113 1.169 -2.815 3.464 AX23Q105
4826.185 106.00112 2.009 -3.725 3.464 AX45R185
4826.185 106.00112 2.009 -3.982 3.464 AX45R175
4826.19 24.0 3.365 -2.42 "" ""
4826.214 607.01314 2.262 -2.167 7.724 0609Ra0265
4826.223 106.00112 1.567 -5.759 3.464 AX45R045
4826.24 112.00124 0.078 -3.084 1.340 10Q210b24
4826.242 112.00124 0.645 -0.7 1.340 32P221b24
4826.246 106.00112 0.84 -5.283 3.464 AX01R165
4826.248 106.00112 1.279 -4.337 3.464 AX34Q035
4826.258 607.01314 2.262 -2.182 7.724 0609Rb0255
4826.274 106.00112 1.758 -5.061 3.464 AX45R125
4826.274 27.0 2.875 -3.02 "" ""
4826.284 106.00112 2.009 -7.283 3.464 AX45Q185
4826.288 22.0 3.421 -2.15 "" ""
4826.288 59.1 0.795 -1.62 "" ""
4826.293 607.01314 2.262 -5.316 7.724 0609Qd0265
4826.303 112.00124 0.078 -1.405 1.340 10P110b24
4826.308 106.00112 1.758 -5.851 3.464 AX45Q125
4826.319 106.00113 1.169 -2.791 3.464 AX23Q115
4826.32 106.00112 1.279 -4.332 3.464 AX34Q035
4826.322 59.1 0.795 -0.88 IVNOHFS ""
4826.336 106.00113 1.169 -4.698 3.464 AX23P115
4826.35 106.00112 0.84 -2.778 3.464 AX01Q165
4826.391 106.00112 0.84 -2.763 3.464 AX01Q175
4826.415 607.01314 2.431 -2.193 7.724 0710Ra0215
4826.424 106.00112 1.279 -3.517 3.464 AX34R035
4826.495 106.00112 0.84 -5.04 3.464 AX01P175
4826.497 106.00112 1.279 -3.517 3.464 AX34R035
4826.53 25.0 3.133 -9.09 "" ""
4826.565 23.0 2.893 -2.71 "" ""
4826.566 26.0 4.073 -2.65 "" ""
4826.567 607.01314 2.431 -2.212 7.724 0710Rb0205
4826.57 62.1 1.515 -1.43 LAWLER ""
4826.586 607.01314 2.638 -2.186 7.724 0811Ra0205
4826.593 607.01314 2.431 -5.17 7.724 0710Qd0215
4826.62 26.0 4.792 -2.04 "" ""
4826.624 112.00124 0.645 -2.927 1.340 32Q221b24
4826.655 607.01314 2.638 -2.206 7.724 0811Rb0195
4826.665 76.0 1.747 -2.5 Quinet06 ""
4826.679 607.01314 2.638 -5.123 7.724 0811Qd0205
4826.68 106.00113 0.949 -4.977 3.464 AX12R125
4826.703 59.1 0.422 -1.36 "" ""
4826.724 106.00113 0.949 -2.722 3.464 AX12Q125
4826.731 112.00124 0.645 -0.676 1.340 32P121b24
4826.756 90.0 1.622 -0.47 "" ""
4826.772 106.00113 2.105 -3.337 3.464 AX45R205
4826.774 106.00112 0.952 -4.961 3.464 AX12R125
4826.778 106.00113 0.949 -2.7 3.464 AX12Q135
4826.786 23.0 2.073 -4.98 "" ""
4826.796 6.0 7.482 -2.98 "" ""
4826.801 112.00124 0.361 -0.956 1.340 21P216b24
4826.808 106.00112 1.172 -4.894 3.464 AX23R105
4826.81 22.0 3.438 -2.32 "" ""
4826.82 106.00112 0.952 -2.722 3.464 AX12Q125
4826.82 106.00113 2.105 -3.519 3.464 AX45R195
4826.822 106.00112 1.172 -2.815 3.464 AX23Q105
4826.822 106.00113 0.949 -4.754 3.464 AX12P135
4826.857 24.0 4.172 -1.21 "" ""
4826.873 57.1 0.173 -2.26 "" ""
4826.882 106.00112 0.359 -5.231 3.464 AX01R035
4826.884 106.00113 2.105 -6.267 3.464 AX45Q205
4826.887 25.0 3.85 -1.42 "" ""
4826.895 106.00112 0.665 -4.604 3.464 AX12R015
4826.895 106.00112 0.665 -4.611 3.464 AX12R015
4826.906 106.00112 1.316 -5.607 3.464 BX12R205
4826.954 106.00113 2.211 -10.872 3.464 CX05P225
4826.966 106.00112 0.359 -5.218 3.464 AX01R035
4826.975 106.00112 0.952 -2.7 3.464 AX12Q135
4826.982 69.1 3.481 0.05 "" ""
4827.016 106.00112 0.952 -4.768 3.464 AX12P135
4827.036 106.00112 1.172 -2.791 3.464 AX23Q115
4827.049 106.00112 1.172 -4.71 3.464 AX23P115
4827.117 112.00124 0.021 -2.737 1.340 10P205b24
4827.145 24.1 7.381 -2.72 "" ""
4827.159 112.00124 0.361 -2.978 1.340 21Q216b24
4827.178 23.0 1.798 -6.42 "" ""
4827.213 106.00113 0.837 -5.303 3.464 AX01R165
4827.239 106.00113 0.837 -2.763 3.464 AX01Q175
4827.241 106.00112 1.758 -4.65 3.464 AX45R115
4827.251 112.00124 0.361 -0.923 1.340 21P116b24
4827.258 22.0 3.407 -3.45 "" ""
4827.278 21.0 2.138 -0.19 "" ""
4827.311 106.00112 1.758 -5.061 3.464 AX45R125
4827.312 106.00113 0.837 -2.779 3.464 AX01Q165
4827.339 106.00113 0.837 -5.022 3.464 AX01P175
4827.345 106.00112 1.758 -5.831 3.464 AX45Q125
4827.382 20.0 6.013 -4.02 "" ""
4827.405 23.0051 0.04 -3.054 LAWLER ""
4827.419 23.0051 0.04 -2.151 LAWLER ""
4827.427 23.0051 0.04 -2.85 LAWLER ""
4827.438 23.0051 0.04 -2.338 LAWLER ""
4827.445 23.0051 0.04 -2.786 LAWLER ""
4827.452 23.0051 0.04 -3.054 LAWLER ""
4827.455 23.0051 0.04 -2.557 LAWLER ""
4827.461 23.0051 0.04 -2.792 LAWLER ""
4827.467 23.0051 0.04 -2.85 LAWLER ""
4827.469 23.0051 0.04 -2.82 LAWLER ""
4827.474 23.0051 0.04 -2.858 LAWLER ""
4827.479 23.0051 0.04 -2.786 LAWLER ""
4827.48 23.0051 0.04 -3.151 LAWLER ""
4827.484 23.0051 0.04 -2.996 LAWLER ""
4827.488 23.0051 0.04 -2.792 LAWLER ""
4827.488 23.0051 0.04 -3.598 LAWLER ""
4827.492 23.0051 0.04 -3.276 LAWLER ""
4827.494 23.0051 0.04 -2.858 LAWLER ""
4827.494 23.0051 0.04 -4.297 LAWLER ""
4827.498 23.0051 0.04 -2.996 LAWLER ""
4827.498 23.0051 0.04 -3.276 LAWLER ""
4827.521 27.0 4.237 -3.3 "" ""
4827.524 24.0 4.398 -4.45 "" ""
4827.539 23.0 2.038 -5.97 "" ""
4827.548 22.0 3.059 -3.01 "" ""
4827.559 112.00124 0.672 -0.678 1.340 32P222b24
4827.572 22.0 2.304 -1.15 "" ""
4827.581 112.00124 0.093 -1.411 1.340 10P211b24
4827.644 20.0 5.045 -1.69 "" ""
4827.693 23.0 2.876 -3.38 "" ""
4827.726 607.01314 2.114 -2.174 7.724 0508Ra0325
4827.727 106.00113 2.211 -7.112 3.464 CX05Q215
4827.735 60.1 0.204 -2.0 "" ""
4827.77 106.00112 0.97 -3.788 3.464 AX23R005
4827.772 106.00113 1.135 -2.846 3.464 AX23Q095
4827.775 106.00113 1.135 -4.829 3.464 AX23R095
4827.793 106.00112 0.97 -3.788 3.464 AX23R005
4827.846 106.00112 1.173 -4.908 3.464 AX23R105
4827.852 607.01314 2.114 -2.187 7.724 0508Rb0315
4827.854 23.0 3.096 -3.19 "" ""
4827.86 106.00112 1.173 -2.814 3.464 AX23Q105
4827.869 112.00124 0.216 -2.576 1.340 21P207b24
4827.888 106.00113 2.211 -7.203 3.464 CX05Q225
4827.897 607.01314 2.114 -5.492 7.724 0508Qd0325
4827.922 607.01314 2.422 -2.212 7.724 0710Ra0205
4827.948 112.00124 0.672 -0.655 1.340 32P122b24
4827.948 607.01314 2.63 -2.206 7.724 0811Ra0195
4827.971 106.00113 1.689 -4.253 3.464 AX45R095
4827.992 607.01314 2.251 -2.182 7.724 0609Ra0255
4827.996 106.00112 1.173 -2.791 3.464 AX23Q115
4828.01 106.00112 1.173 -4.698 3.464 AX23P115
4828.016 607.01314 2.63 -2.226 7.724 0811Rb0185
4828.02 106.00113 1.135 -4.671 3.464 AX23P105
4828.023 106.00113 1.135 -2.816 3.464 AX23Q105
4828.023 112.00124 0.093 -3.123 1.340 10Q211b24
4828.039 607.01314 2.63 -5.102 7.724 0811Qd0195
4828.04 607.01314 2.251 -2.198 7.724 0609Rb0245
4828.041 40.0 0.622 -0.64 "" ""
4828.073 607.01314 2.251 -5.3 7.724 0609Qd0255
4828.076 607.01314 2.422 -2.232 7.724 0710Rb0195
4828.091 112.00124 0.093 -1.359 1.340 10P111b24
4828.101 607.01314 2.422 -5.15 7.724 0710Qd0205
4828.111 106.00112 1.144 -5.397 3.464 BX12P165
4828.14 112.00124 0.384 -0.925 1.340 21P217b24
4828.175 106.00113 1.689 -5.56 3.464 AX45Q105
4828.176 106.00113 1.689 -4.405 3.464 AX45R105
4828.231 106.00112 0.952 -4.977 3.464 AX12R125
4828.234 23.1 6.517 -3.19 "" ""
4828.236 23.1 5.463 -2.39 "" ""
4828.276 106.00112 0.952 -2.722 3.464 AX12Q125
4828.28 22.0 3.111 -3.5 "" ""
4828.317 106.00112 2.01 -3.726 3.464 AX45R185
4828.334 106.00112 0.952 -2.7 3.464 AX12Q135
4828.38 106.00112 0.952 -4.753 3.464 AX12P135
4828.416 106.00112 2.01 -7.254 3.464 AX45Q185
4828.42 106.00112 2.01 -3.982 3.464 AX45R175
4828.461 42.0 3.435 -0.67 "" ""
4828.467 112.00124 0.384 -3.003 1.340 21Q217b24
4828.563 112.00124 0.384 -0.894 1.340 21P117b24
4828.571 60.1 0.38 -1.56 "" ""
4828.653 106.00113 1.136 -2.846 3.464 AX23Q095
4828.653 106.00113 1.136 -4.842 3.464 AX23R095
4828.657 106.00112 0.841 -5.303 3.464 AX01R165
4828.661 106.00113 2.211 -11.446 3.464 CX05R215
4828.672 24.0 2.542 -2.96 "" ""
4828.681 106.00112 0.841 -2.763 3.464 AX01Q175
4828.683 22.0 3.125 -2.04 "" ""
4828.701 106.00113 0.679 -3.437 3.464 AX12R025
4828.734 106.00112 1.724 -4.409 3.464 AX45R105
4828.76 106.00112 0.841 -2.779 3.464 AX01Q165
4828.761 106.00113 1.69 -4.253 3.464 AX45R095
4828.785 106.00112 0.841 -5.022 3.464 AX01P175
4828.799 23.0 2.576 -0.96 "" ""
4828.807 106.00113 0.679 -3.436 3.464 AX12R025
4828.84 106.00113 1.136 -2.816 3.464 AX23Q105
4828.84 106.00113 1.136 -4.66 3.464 AX23P105
4828.887 24.1 5.315 -5.34 "" ""
4828.901 106.00113 1.69 -5.543 3.464 AX45Q105
4828.903 106.00113 1.69 -4.405 3.464 AX45R105
4828.903 607.01314 2.896 -2.127 7.724 0912Rb0245
4828.909 106.00112 1.724 -4.646 3.464 AX45R115
4828.93 106.00112 1.724 -5.694 3.464 AX45Q115
4828.945 607.01314 2.896 -5.226 7.724 0912Qd0255
4828.963 69.0 2.039 -0.55 "" ""
4829.016 28.0 3.539 -0.33 "" ""
4829.027 27.1 5.171 -2.53 "" ""
4829.029 23.0 1.08 -3.74 "" ""
4829.153 23.0 3.111 -1.35 "" ""
4829.159 106.00113 1.435 -5.927 3.464 BX02R225
4829.221 24.0 3.367 -2.42 "" ""
4829.281 63.0 1.943 -0.29 "" ""
4829.284 607.01314 2.622 -2.226 7.724 0811Ra0185
4829.286 41.0 2.222 -0.53 "" ""
4829.3 112.00124 0.11 -1.363 1.340 10P212b24
4829.308 24.0 2.543 -1.42 SOBECK ""
4829.312 106.00113 2.106 -3.338 3.464 AX45R205
4829.351 607.01314 2.622 -2.248 7.724 0811Rb0175
4829.372 24.0 2.543 -0.51 SOBECK ""
4829.373 607.01314 2.622 -5.079 7.724 0811Qd0185
4829.388 112.00124 0.408 -0.896 1.340 21P218b24
4829.398 607.01314 2.414 -2.232 7.724 0710Ra0195
4829.413 106.00113 2.106 -6.234 3.464 AX45Q205
4829.455 106.00112 1.139 -2.846 3.464 AX23Q095
4829.457 106.00112 1.139 -4.829 3.464 AX23R095
4829.461 20.0 5.485 -4.68 "" ""
4829.461 22.0 3.455 -3.84 "" ""
4829.468 106.00113 2.106 -3.519 3.464 AX45R195
4829.473 26.0 4.577 -3.51 "" ""
4829.475 25.0 3.132 -7.19 "" ""
4829.523 607.01314 2.886 -2.127 7.724 0912Ra0245
4829.526 68.0 0.954 -1.03 "" ""
4829.533 23.1 2.024 -3.68 "" ""
4829.538 25.0 5.195 -2.84 "" ""
4829.549 106.00113 1.267 -3.764 3.464 AX34R015
4829.554 607.01314 2.414 -2.253 7.724 0710Rb0185
4829.56 62.1 0.378 -1.28 LAWLER ""
4829.578 607.01314 2.414 -5.128 7.724 0710Qd0195
4829.585 106.00113 0.679 -4.2 3.464 AX12Q035
4829.593 106.00113 0.908 -4.907 3.464 AX12R115
4829.595 106.00113 1.267 -3.763 3.464 AX34R015
4829.612 24.0 3.886 -3.12 "" ""
4829.619 112.00124 0.701 -0.658 1.340 32P223b24
4829.623 106.00113 0.908 -2.749 3.464 AX12Q115
4829.629 28.1 6.641 -5.93 "" ""
4829.636 607.01314 2.886 -2.142 7.724 0912Rb0235
4829.652 25.0 5.21 -3.44 "" ""
4829.675 106.00113 0.679 -4.195 3.464 AX12Q035
4829.676 607.01314 2.886 -5.208 7.724 0912Qd0245
4829.682 26.0 4.14 -4.21 "" ""
4829.684 106.00112 1.725 -4.409 3.464 AX45R105
4829.69 112.00124 0.408 -3.027 1.340 21Q218b24
4829.69 112.00124 0.701 -0.636 1.340 32P123b24
4829.69 66.1 2.587 -0.02 "" ""
4829.693 106.00112 1.139 -2.816 3.464 AX23Q105
4829.7 112.00124 0.406 -2.514 1.340 32P209b24
4829.709 106.00112 1.139 -4.67 3.464 AX23P105
4829.715 112.00124 0.11 -3.159 1.340 10Q212b24
4829.739 607.01314 2.241 -2.198 7.724 0609Ra0245
4829.782 106.00113 0.679 -3.317 3.464 AX12R035
4829.788 607.01314 2.241 -2.215 7.724 0609Rb0235
4829.79 112.00124 0.11 -1.317 1.340 10P112b24
4829.791 112.00124 0.408 -0.867 1.340 21P118b24
4829.792 106.00112 1.725 -4.646 3.464 AX45R115
4829.807 106.00113 0.908 -2.723 3.464 AX12Q125
4829.813 106.00112 1.725 -5.675 3.464 AX45Q115
4829.82 607.01314 2.241 -5.283 7.724 0609Qd0245
4829.837 106.00113 0.908 -4.736 3.464 AX12P125
4829.861 106.00113 0.679 -3.317 3.464 AX12R035
4829.866 607.01314 2.1 -2.187 7.724 0508Ra0315
4829.898 24.0 4.532 -2.86 "" ""
4829.906 22.0 2.101 -3.38 "" ""
4829.926 42.0 2.494 -1.77 "" ""
4829.94 64.0 1.448 -0.26 "" ""
4829.949 26.0 4.298 -3.31 "" ""
4829.965 20.0 5.014 -4.6 "" ""
4829.987 607.01314 2.1 -2.2 7.724 0508Rb0305
4830.008 14.0 4.916 -2.91 "" ""
4830.03 607.01314 2.1 -5.479 7.724 0508Qd0315
4830.05 24.0 2.706 -7.27 "" ""
4830.061 25.1 6.172 -1.85 "" ""
4830.131 23.0 2.113 -1.5 "" ""
4830.15 106.00112 2.059 -3.515 3.464 AX45R195
4830.169 106.00112 2.059 -3.728 3.464 AX45R185
4830.211 106.00113 0.97 -3.84 3.464 AX23Q015
4830.215 106.00113 0.97 -3.838 3.464 AX23Q015
4830.223 106.00113 1.105 -2.884 3.464 AX23Q085
4830.245 106.00113 1.105 -4.763 3.464 AX23R085
4830.26 106.00112 2.059 -6.64 3.464 AX45Q195
4830.304 106.00112 0.681 -3.437 3.464 AX12R025
4830.331 106.00112 1.139 -2.846 3.464 AX23Q095
4830.333 106.00112 1.139 -4.842 3.464 AX23R095
4830.336 26.1 6.802 -4.48 "" ""
4830.341 63.0 2.148 0.11 "" ""
4830.399 22.1 5.563 -2.5 "" ""
4830.405 607.01314 2.876 -2.142 7.724 0912Ra0235
4830.41 106.00112 0.681 -3.436 3.464 AX12R025
4830.461 607.01314 2.876 -2.158 7.724 0912Rb0225
