wavelength species excitation loggf disassociation_energy comment
3558.185 64.1 1.059 0.14 "" ""
3558.204 106.00112 1.292 -7.111 3.464 AX41Q235
3558.205 26.0 2.607 -2.99 "" ""
3558.216 24.1 4.412 -6.33 "" ""
3558.22 42.0 2.274 -1.6 "" ""
3558.23 66.1 1.17 -0.34 LAWLER ""
3558.237 607.01314 0.711 -0.626 7.724 0302Ra0315
3558.244 26.0 3.632 -5.76 "" ""
3558.244 607.01314 1.244 -0.485 7.724 0504Rb0345
3558.253 607.01214 2.899 -1.081 7.724 1412Pa0195
3558.254 106.00112 1.292 -4.615 3.464 AX41P245
3558.274 607.01314 1.244 -3.882 7.724 0504Qd0355
3558.279 106.00112 1.292 -4.691 3.464 AX41P235
3558.28 28.0 3.304 -2.93 "" ""
3558.282 607.01314 0.71 -0.639 7.724 0302Rb0305
3558.295 607.01214 0.416 -0.828 7.724 0201Ra0265
3558.3 607.01214 0.864 -0.702 7.724 0403Ra0225
3558.309 607.01314 0.711 -3.934 7.724 0302Qd0315
3558.316 106.00112 1.255 -6.979 3.464 AX52R185
3558.329 607.01214 0.416 -0.843 7.724 0201Rb0255
3558.334 607.01214 0.864 -0.721 7.724 0403Rb0215
3558.353 607.01214 0.416 -3.99 7.724 0201Qd0265
3558.354 607.01214 0.864 -3.729 7.724 0403Qd0225
3558.366 106.00112 1.255 -4.219 3.464 AX52Q185
3558.381 106.00112 1.255 -4.198 3.464 AX52Q195
3558.392 24.0 3.889 -1.93 "" ""
3558.411 26.0 2.988 -3.0 "" ""
3558.418 607.01214 1.151 -0.616 7.724 0504Rb0255
3558.427 607.01214 1.151 -0.601 7.724 0504Ra0265
3558.432 106.00112 1.255 -6.488 3.464 AX52P195
3558.433 106.00113 0.341 -5.359 3.464 AX31Q015
3558.435 106.00113 0.341 -5.357 3.464 AX31Q015
3558.441 607.01214 1.151 -3.764 7.724 0504Qd0265
3558.446 26.0 3.926 -3.59 "" ""
3558.454 106.00112 0.58 -7.144 3.464 AX20R175
3558.454 607.01314 0.349 -0.907 7.724 0100Ra0395
3558.477 24.0 3.844 -1.56 "" ""
3558.48 64.1 0.601 -0.56 LAWLER ""
3558.488 106.00112 1.683 -10.763 3.464 CX01P285
3558.498 607.01314 0.349 -0.917 7.724 0100Rb0385
3558.503 106.00112 0.58 -4.465 3.464 AX20Q175
3558.515 26.0 0.989 -0.63 OBR91 ""
3558.517 21.1045 0.008 -2.05 LAWHFS ""
3558.518 21.1045 0.008 -1.75 LAWHFS ""
3558.518 21.1045 0.008 -1.83 LAWHFS ""
3558.521 21.1045 0.008 -1.63 LAWHFS ""
3558.522 21.1045 0.008 -1.57 LAWHFS ""
3558.523 21.1045 0.008 -1.92 LAWHFS ""
3558.526 21.1045 0.008 -1.36 LAWHFS ""
3558.528 21.1045 0.008 -1.51 LAWHFS ""
3558.53 106.00112 0.58 -4.43 3.464 AX20Q185
3558.53 21.1045 0.008 -2.07 LAWHFS ""
3558.533 607.01314 0.349 -4.405 7.724 0100Qd0395
3558.534 21.1045 0.008 -1.15 LAWHFS ""
3558.535 23.1 1.475 -3.85 "" ""
3558.536 21.1045 0.008 -1.54 LAWHFS ""
3558.538 21.1045 0.008 -2.3 LAWHFS ""
3558.54 607.01214 0.619 -0.771 7.724 0302Ra0225
3558.543 21.1045 0.008 -0.98 LAWHFS ""
3558.545 21.1045 0.008 -1.72 LAWHFS ""
3558.548 21.1045 0.008 -2.72 LAWHFS ""
3558.549 42.0 3.185 -1.43 "" ""
3558.577 106.00112 0.191 -5.138 3.464 AX20P095
3558.578 106.00112 0.58 -6.735 3.464 AX20P185
3558.581 607.01214 0.619 -0.789 7.724 0302Rb0215
3558.588 106.00112 0.191 -6.817 3.464 AX20Q095
3558.601 607.01214 0.619 -3.797 7.724 0302Qd0225
3558.62 24.0 3.123 0.38 "" ""
3558.62 25.1 6.795 -2.86 "" ""
3558.633 106.00113 0.341 -5.0 3.464 AX31R015
3558.635 106.00113 0.341 -5.001 3.464 AX31R015
3558.645 22.0 1.967 -2.41 "" ""
3558.668 23.0 2.576 -2.56 "" ""
3558.671 106.00112 0.735 -4.641 3.464 AX31R155
3558.676 106.00112 0.735 -4.625 3.464 AX31R145
3558.703 25.1 4.505 -5.27 "" ""
3558.703 58.1 0.708 -0.42 BIEMONT ""
3558.71 106.00112 0.735 -6.357 3.464 AX31Q155
3558.714 68.0 1.068 0.98 "" ""
3558.741 39.0 1.889 0.53 "" ""
3558.744 106.00112 0.191 -5.078 3.464 AX20P105
3558.755 27.0 3.168 -1.17 "" ""
3558.775 27.0 0.581 -1.97 LAWNHFS ""
3558.791 42.0 2.274 -1.59 "" ""
3558.8 607.01314 1.229 -0.485 7.724 0504Ra0345
3558.815 24.0 3.446 -1.86 "" ""
3558.838 607.01214 0.232 -1.008 7.724 0100Ra0315
3558.873 607.01314 1.229 -0.497 7.724 0504Rb0335
3558.878 28.0 3.594 -3.65 "" ""
3558.88 607.01214 0.232 -1.021 7.724 0100Rb0305
3558.886 106.00112 1.233 -8.666 3.464 AX30P265
3558.902 607.01314 1.229 -3.869 7.724 0504Qd0345
3558.909 607.01214 0.232 -4.315 7.724 0100Qd0315
3558.924 26.1 5.952 -3.93 "" ""
3558.929 23.0 1.944 -4.02 "" ""
3558.94 607.01214 0.854 -0.721 7.724 0403Ra0215
3558.94 75.0 1.456 -1.07 "" ""
3558.946 40.0 0.632 -0.56 "" ""
3558.97 607.01314 0.697 -0.639 7.724 0302Ra0305
3558.974 607.01214 0.854 -0.74 7.724 0403Rb0205
3558.993 607.01214 0.854 -3.709 7.724 0403Qd0215
3558.993 77.0 0.717 -1.67 "" ""
3559.014 607.01314 0.697 -0.652 7.724 0302Rb0295
3559.019 607.01214 1.139 -0.616 7.724 0504Ra0255
3559.028 70.0 2.229 -0.73 "" ""
3559.038 607.01214 1.139 -0.632 7.724 0504Rb0245
3559.04 607.01314 0.697 -3.92 7.724 0302Qd0305
3559.049 607.01314 0.937 -0.583 7.724 0403Rb0295
3559.05 607.01214 0.404 -0.843 7.724 0201Ra0255
3559.06 607.01214 1.139 -3.747 7.724 0504Qd0255
3559.075 607.01314 0.937 -3.851 7.724 0403Qd0305
3559.077 106.00113 0.731 -4.624 3.464 AX31R145
3559.083 607.01214 0.404 -0.859 7.724 0201Rb0245
3559.101 62.1 0.484 -0.63 "" ""
3559.106 607.01214 0.404 -3.974 7.724 0201Qd0255
3559.107 27.0 3.051 -6.66 "" ""
3559.111 106.00112 0.191 -5.137 3.464 AX20P095
3559.12 41.0 0.619 -1.43 "" ""
3559.122 106.00112 0.191 -6.834 3.464 AX20Q095
3559.137 607.01214 2.908 -3.977 7.724 1412Qc0195
3559.139 24.0 3.108 -0.15 "" ""
3559.145 106.00113 0.731 -4.64 3.464 AX31R155
3559.146 607.01214 2.908 -1.081 7.724 1412Pb0195
3559.166 58.1 0.32 -0.46 BIEMONT ""
3559.167 106.00113 0.731 -6.381 3.464 AX31Q155
3559.223 607.01214 0.609 -0.789 7.724 0302Ra0215
3559.231 22.0 2.295 -4.8 "" ""
3559.234 607.01214 2.908 -1.059 7.724 1412Pa0205
3559.235 106.00112 0.192 -5.078 3.464 AX20P105
3559.242 42.0 3.165 -0.85 "" ""
3559.263 607.01214 0.609 -0.809 7.724 0302Rb0205
3559.282 607.01214 0.609 -3.778 7.724 0302Qd0215
3559.29 66.1 1.22 -0.28 LAWLER ""
3559.34 60.1 0.38 -1.75 LAWLER ""
3559.344 24.0 0.968 -4.48 "" ""
3559.35 607.01314 0.331 -0.917 7.724 0100Ra0385
3559.356 106.00113 1.223 -8.593 3.464 AX30P265
3559.373 25.0 3.38 -3.52 "" ""
3559.384 20.0 2.519 -7.47 "" ""
3559.384 24.0 3.885 -4.31 "" ""
3559.393 607.01314 0.331 -0.928 7.724 0100Rb0375
3559.415 106.00112 1.143 -6.657 3.464 AX52Q165
3559.424 25.0 4.682 -1.44 "" ""
3559.427 607.01314 0.331 -4.393 7.724 0100Qd0385
3559.429 607.01314 1.214 -0.497 7.724 0504Ra0335
3559.438 21.1 7.138 -4.66 "" ""
3559.449 26.0 2.88 -2.39 "" ""
3559.45 106.00112 1.143 -4.529 3.464 AX52P165
3559.45 90.1 0.774 -0.55 "" ""
3559.47 25.0 3.37 -7.58 "" ""
3559.475 28.0 3.655 -4.02 "" ""
3559.491 106.00112 1.143 -4.476 3.464 AX52P175
3559.498 607.01314 1.214 -0.508 7.724 0504Rb0325
3559.504 26.0 3.069 -0.97 "" ""
3559.526 607.01314 1.214 -3.856 7.724 0504Qd0335
3559.543 607.01214 1.513 -0.49 7.724 0605Rb0345
3559.548 21.0 1.985 -0.5 "" ""
3559.548 24.0 4.102 -3.25 "" ""
3559.573 607.01214 1.513 -3.886 7.724 0605Qd0355
3559.575 607.01214 0.845 -0.74 7.724 0403Ra0205
3559.589 27.0 2.041 -2.6 "" ""
3559.606 607.01214 0.845 -0.76 7.724 0403Rb0195
3559.611 607.01214 1.128 -0.632 7.724 0504Ra0245
3559.625 607.01214 0.845 -3.688 7.724 0403Qd0205
3559.652 607.01214 1.128 -0.649 7.724 0504Rb0235
3559.664 21.0 1.985 -0.72 "" ""
3559.674 607.01214 1.128 -3.729 7.724 0504Qd0245
3559.676 607.01314 0.924 -0.583 7.724 0403Ra0295
3559.68 106.00113 0.577 -7.144 3.464 AX20R175
3559.683 607.01314 0.924 -0.597 7.724 0403Rb0285
3559.684 607.01214 0.217 -1.021 7.724 0100Ra0305
3559.695 607.01314 0.684 -0.652 7.724 0302Ra0295
3559.704 23.1 5.83 -2.46 "" ""
3559.708 607.01314 0.924 -3.836 7.724 0403Qd0295
3559.725 607.01214 0.217 -1.034 7.724 0100Rb0295
3559.733 106.00112 1.042 -7.394 3.464 AX52P145
3559.734 106.00113 0.577 -4.465 3.464 AX20Q175
3559.739 607.01314 0.684 -0.666 7.724 0302Rb0285
3559.751 106.00113 0.577 -4.43 3.464 AX20Q185
3559.753 607.01214 0.217 -4.301 7.724 0100Qd0305
3559.764 607.01314 0.684 -3.905 7.724 0302Qd0295
3559.778 24.0 2.87 -1.14 "" ""
3559.785 76.0 1.084 -0.97 Quinet06 ""
3559.796 607.01214 0.392 -0.859 7.724 0201Ra0245
3559.797 25.0 4.682 -0.63 "" ""
3559.801 26.0 3.879 -2.7 "" ""
3559.806 106.00113 0.577 -6.734 3.464 AX20P185
3559.827 106.00112 1.256 -4.198 3.464 AX52Q195
3559.828 607.01214 0.392 -0.876 7.724 0201Rb0235
3559.831 106.00112 1.256 -7.001 3.464 AX52R185
3559.85 607.01214 0.392 -3.957 7.724 0201Qd0245
3559.877 106.00112 1.256 -6.468 3.464 AX52P195
3559.878 22.0 2.493 -4.75 "" ""
3559.881 106.00112 1.256 -4.219 3.464 AX52Q185
3559.889 26.0 3.637 -6.31 "" ""
3559.894 23.0 2.038 -4.2 "" ""
3559.894 68.1 0.0 -0.69 LAWLER ""
3559.897 607.01214 0.599 -0.809 7.724 0302Ra0205
3559.901 26.0 3.298 -1.93 "" ""
3559.913 28.0 3.536 -0.57 "" ""
3559.936 607.01214 0.599 -0.829 7.724 0302Rb0195
3559.94 90.1 1.547 -0.08 "" ""
3559.953 106.00112 0.581 -7.165 3.464 AX20R175
3559.954 23.1 6.529 -4.21 "" ""
3559.955 607.01214 0.599 -3.757 7.724 0302Qd0205
3559.957 106.00112 0.581 -4.431 3.464 AX20Q185
3559.963 23.0 2.027 -6.25 "" ""
3559.983 25.1 6.653 -2.83 "" ""
3559.99 20.0 5.317 -3.75 "" ""
3559.993 106.00113 0.19 -5.137 3.464 AX20P095
3560.0 25.0 4.265 -2.9 "" ""
3560.001 106.00112 0.581 -4.465 3.464 AX20Q175
3560.003 106.00113 0.19 -6.816 3.464 AX20Q095
3560.005 106.00112 0.581 -6.716 3.464 AX20P185
3560.03 26.0 3.94 -2.77 "" ""
3560.051 23.0 1.941 -4.87 "" ""
3560.055 607.01314 1.2 -0.508 7.724 0504Ra0325
3560.06 607.01214 1.497 -0.49 7.724 0605Ra0345
3560.061 106.00113 1.369 -9.778 3.464 CX02R215
3560.068 26.0 2.863 -2.24 "" ""
3560.078 26.0 3.981 -3.05 "" ""
3560.093 25.1 6.663 -3.27 "" ""
3560.095 26.0 3.632 -5.62 "" ""
3560.096 607.01214 1.497 -0.501 7.724 0605Rb0335
3560.112 106.00113 0.732 -4.641 3.464 AX31R155
3560.116 42.0 2.521 -1.05 "" ""
3560.12 607.01314 1.2 -0.521 7.724 0504Rb0315
3560.125 607.01214 1.497 -3.873 7.724 0605Qd0345
3560.135 66.1 0.927 -0.39 "" ""
3560.141 106.00113 0.732 -4.624 3.464 AX31R145
3560.148 607.01314 1.2 -3.843 7.724 0504Qd0325
3560.159 106.00113 0.19 -5.078 3.464 AX20P105
3560.164 26.0 3.926 -4.52 "" ""
3560.17 25.1 6.666 -2.38 "" ""
3560.174 607.01214 2.916 -3.999 7.724 1412Qc0205
3560.175 106.00113 0.732 -6.357 3.464 AX31Q155
3560.18 26.0 3.637 -6.38 "" ""
3560.183 607.01214 2.916 -1.06 7.724 1412Pb0205
3560.2 607.01214 0.836 -0.76 7.724 0403Ra0195
3560.203 607.01214 1.117 -0.649 7.724 0504Ra0235
3560.234 607.01214 0.836 -0.781 7.724 0403Rb0185
3560.236 607.01314 0.314 -0.928 7.724 0100Ra0375
3560.25 607.01214 2.916 -1.039 7.724 1412Pa0215
3560.251 607.01214 0.836 -3.667 7.724 0403Qd0195
3560.26 607.01214 1.117 -0.666 7.724 0504Rb0225
3560.263 27.0059 1.881 -2.704 Lawle15HFS ""
3560.265 27.0059 1.881 -2.88 Lawle15HFS ""
3560.27 27.0059 1.881 -3.13 Lawle15HFS ""
3560.27 62.1 0.248 -1.63 LAWLER ""
3560.273 27.0059 1.881 -2.704 Lawle15HFS ""
3560.277 27.0059 1.881 -3.558 Lawle15HFS ""
3560.277 28.0 3.83 -2.78 "" ""
3560.279 27.0059 1.881 -2.54 Lawle15HFS ""
3560.279 607.01314 0.314 -0.939 7.724 0100Rb0365
3560.28 607.01214 1.117 -3.711 7.724 0504Qd0235
3560.281 106.00113 1.286 -13.214 3.464 AX31R245
3560.287 27.0059 1.881 -3.005 Lawle15HFS ""
3560.289 27.0059 1.881 -2.532 Lawle15HFS ""
3560.291 28.0 3.703 -2.56 "" ""
3560.295 26.1 4.077 -3.37 "" ""
3560.298 27.0059 1.881 -2.566 Lawle15HFS ""
3560.3 27.0059 1.881 -2.693 Lawle15HFS ""
3560.307 607.01314 0.911 -0.597 7.724 0403Ra0285
3560.308 92.0 0.742 0.13 "" ""
3560.312 607.01314 0.314 -4.382 7.724 0100Qd0375
3560.313 27.0059 1.881 -2.283 Lawle15HFS ""
3560.316 607.01314 0.911 -0.611 7.724 0403Rb0275
3560.327 70.1 2.654 -0.33 "" ""
3560.329 27.0059 1.881 -2.067 Lawle15HFS ""
3560.331 22.0 2.576 -4.58 "" ""
3560.341 607.01314 0.911 -3.821 7.724 0403Qd0285
3560.344 24.0 3.165 -0.04 "" ""
3560.355 76.1 1.637 -2.16 Quinet06 ""
3560.36 24.0 3.102 -4.19 "" ""
3560.413 607.01314 0.671 -0.666 7.724 0302Ra0285
3560.437 23.0 1.954 -4.12 "" ""
3560.442 92.1 0.217 -1.28 "" ""
3560.443 25.0 3.37 -3.19 "" ""
3560.445 106.00112 1.294 -4.616 3.464 AX41P245
3560.451 24.0 3.123 -0.37 "" ""
3560.456 607.01314 0.671 -0.68 7.724 0302Rb0275
3560.48 607.01314 0.671 -3.89 7.724 0302Qd0285
3560.481 106.00112 1.294 -7.148 3.464 AX41Q235
3560.519 607.01214 0.203 -1.034 7.724 0100Ra0295
3560.521 106.00113 0.19 -5.137 3.464 AX20P095
3560.532 106.00113 0.19 -6.834 3.464 AX20Q095
3560.532 607.01214 0.381 -0.876 7.724 0201Ra0235
3560.539 24.0 3.886 -3.32 "" ""
3560.551 26.1 2.028 -5.17 "" ""
3560.555 106.00112 1.294 -4.691 3.464 AX41P235
3560.559 607.01214 0.203 -1.048 7.724 0100Rb0285
3560.563 607.01214 0.59 -0.829 7.724 0302Ra0195
3560.564 607.01214 0.381 -0.894 7.724 0201Rb0225
3560.585 607.01214 0.381 -3.939 7.724 0201Qd0235
3560.586 607.01214 0.203 -4.287 7.724 0100Qd0295
3560.59 23.1 1.095 -1.4 LAWNOHFS ""
3560.602 607.01214 0.59 -0.85 7.724 0302Rb0185
3560.61 607.01214 1.482 -0.501 7.724 0605Ra0335
3560.619 607.01214 0.59 -3.736 7.724 0302Qd0195
3560.646 106.00113 0.19 -5.078 3.464 AX20P105
3560.648 607.01214 1.482 -0.513 7.724 0605Rb0325
3560.675 106.00112 1.144 -6.685 3.464 AX52Q165
3560.676 607.01214 1.482 -3.859 7.724 0605Qd0335
3560.676 607.01314 1.186 -0.521 7.724 0504Ra0315
3560.688 106.00112 1.144 -4.476 3.464 AX52P175
3560.697 26.0 3.249 -0.95 "" ""
3560.703 70.1 4.31 -0.3 "" ""
3560.71 106.00112 1.144 -4.529 3.464 AX52P165
3560.72 60.1 0.471 -0.5 LAWLER ""
3560.731 26.0 3.637 -7.49 "" ""
3560.739 607.01314 1.186 -0.533 7.724 0504Rb0305
3560.75 106.00112 1.043 -7.438 3.464 AX52P145
3560.762 106.00112 1.576 -9.8 3.464 CX12P235
3560.766 607.01314 1.186 -3.829 7.724 0504Qd0315
3560.791 22.0 1.442 -3.07 "" ""
3560.794 607.01214 1.107 -0.666 7.724 0504Ra0225
3560.802 58.1 0.676 0.29 LAWLER ""
3560.821 607.01214 0.827 -0.781 7.724 0403Ra0185
3560.854 607.01214 0.827 -0.803 7.724 0403Rb0175
3560.857 76.0 1.083 -0.6 "" ""
3560.862 607.01214 1.107 -0.684 7.724 0504Rb0215
3560.869 607.01214 0.827 -3.644 7.724 0403Qd0185
3560.88 27.0059 0.629 -1.837 Lawle15HFS ""
3560.881 607.01214 1.107 -3.692 7.724 0504Qd0225
3560.886 27.0059 0.629 -1.426 Lawle15HFS ""
3560.887 27.0059 0.629 -1.723 Lawle15HFS ""
3560.892 27.0059 0.629 -2.042 Lawle15HFS ""
3560.893 27.0059 0.629 -1.848 Lawle15HFS ""
3560.897 27.0059 0.629 -7.82 Lawle15HFS ""
3560.899 27.0059 0.629 -1.837 Lawle15HFS ""
3560.9 27.0059 0.629 -2.024 Lawle15HFS ""
3560.902 27.0059 0.629 -1.723 Lawle15HFS ""
3560.905 27.0059 0.629 -1.848 Lawle15HFS ""
3560.912 28.0 3.676 -1.86 "" ""
3560.917 69.0 2.316 1.33 "" ""
3560.938 607.01314 0.899 -0.611 7.724 0403Ra0275
3560.949 607.01314 0.899 -0.626 7.724 0403Rb0265
3560.951 26.0 3.637 -8.88 "" ""
3560.972 106.00112 1.376 -9.778 3.464 CX02R215
3560.973 607.01314 0.899 -3.806 7.724 0403Qd0275
3561.046 106.00112 1.483 -9.653 3.464 CX23P175
3561.047 24.0 3.123 -0.57 "" ""
3561.052 26.0 3.94 -3.46 "" ""
3561.08 25.0 4.824 -4.08 "" ""
3561.103 27.1 2.679 -1.67 "" ""
3561.113 607.01314 0.298 -0.939 7.724 0100Ra0365
3561.123 607.01314 0.659 -0.68 7.724 0302Ra0275
3561.146 20.0 2.521 -6.59 "" ""
3561.154 607.01314 0.298 -0.95 7.724 0100Rb0355
3561.157 106.00113 0.578 -7.165 3.464 AX20R175
3561.159 106.00113 0.578 -4.43 3.464 AX20Q185
3561.161 607.01214 1.468 -0.513 7.724 0605Ra0325
3561.163 42.0 2.258 -2.01 "" ""
3561.165 607.01314 0.659 -0.695 7.724 0302Rb0265
3561.187 607.01314 0.298 -4.37 7.724 0100Qd0365
3561.189 607.01314 0.659 -3.875 7.724 0302Qd0275
3561.2 607.01214 1.468 -0.524 7.724 0605Rb0315
3561.221 106.00113 0.578 -4.465 3.464 AX20Q175
3561.221 607.01214 0.581 -0.85 7.724 0302Ra0185
3561.222 106.00113 0.578 -6.716 3.464 AX20P185
3561.227 607.01214 1.468 -3.845 7.724 0605Qd0325
3561.25 607.01214 2.925 -4.019 7.724 1412Qc0215
3561.258 607.01214 0.581 -0.873 7.724 0302Rb0175
3561.259 607.01214 0.37 -0.894 7.724 0201Ra0225
3561.259 607.01214 2.925 -1.039 7.724 1412Pb0215
3561.275 607.01214 0.581 -3.714 7.724 0302Qd0185
3561.29 607.01214 0.37 -0.912 7.724 0201Rb0215
3561.294 607.01314 1.173 -0.533 7.724 0504Ra0305
3561.301 607.01214 2.925 -1.019 7.724 1412Pa0225
3561.307 106.00112 0.785 -4.644 3.464 AX31R155
3561.31 607.01214 0.37 -3.92 7.724 0201Qd0225
3561.343 607.01214 0.19 -1.048 7.724 0100Ra0285
3561.347 106.00112 0.786 -4.669 3.464 AX31R165
3561.355 607.01314 1.173 -0.546 7.724 0504Rb0295
3561.365 24.0 3.09 -4.05 "" ""
3561.371 27.0 2.54 -4.24 "" ""
3561.38 607.01314 1.173 -3.814 7.724 0504Qd0305
3561.382 607.01214 0.19 -1.063 7.724 0100Rb0275
3561.383 607.01214 1.097 -0.684 7.724 0504Ra0215
3561.392 106.00112 0.786 -6.414 3.464 AX31Q165
3561.4 26.0 3.637 -6.59 "" ""
3561.409 607.01214 0.19 -4.272 7.724 0100Qd0285
3561.411 92.0 0.471 0.19 "" ""
3561.435 607.01214 0.819 -0.804 7.724 0403Ra0175
3561.457 607.01214 1.097 -0.703 7.724 0504Rb0205
3561.464 607.01214 0.819 -0.827 7.724 0403Rb0165
3561.465 74.1 3.241 -1.35 "" ""
3561.476 607.01214 1.097 -3.672 7.724 0504Qd0215
3561.481 607.01214 0.819 -3.621 7.724 0403Qd0175
3561.544 26.0 3.637 -5.78 "" ""
3561.545 58.1 0.516 -1.12 "" ""
3561.557 20.0 2.519 -7.49 "" ""
3561.568 607.01314 0.887 -0.626 7.724 0403Ra0265
3561.57 607.01314 0.454 -0.775 7.724 0201Rb0295
3561.57 62.1 0.378 -1.14 LAWLER ""
3561.576 22.1 0.573 -2.04 LAWLER ""
3561.58 607.01314 0.887 -0.642 7.724 0403Rb0255
3561.595 60.1 0.064 -1.33 "" ""
3561.596 607.01314 0.454 -4.043 7.724 0201Qd0305
3561.603 607.01314 0.887 -3.79 7.724 0403Qd0265
3561.605 20.0 2.519 -6.35 "" ""
3561.64 20.0 2.519 -6.25 "" ""
3561.642 26.0 3.6 -3.35 "" ""
3561.653 42.0 2.913 -1.35 "" ""
3561.66 72.1 0.0 -0.87 LAWLER ""
3561.7 65.1 0.373 0.69 LAWNOHFS ""
3561.711 23.0 2.579 -2.9 "" ""
3561.711 607.01214 1.453 -0.524 7.724 0605Ra0315
3561.723 23.1 2.368 -5.62 "" ""
3561.731 25.0 4.791 -2.01 "" ""
3561.747 28.0 0.0 -2.3 "" ""
3561.75 26.0 3.881 -2.83 "" ""
3561.751 607.01214 1.453 -0.537 7.724 0605Rb0305
3561.778 607.01214 1.453 -3.831 7.724 0605Qd0315
3561.781 90.0 0.788 -0.55 "" ""
3561.784 24.0 4.093 -3.99 "" ""
3561.801 26.0 3.639 -6.79 "" ""
3561.804 92.0 0.0 0.3 "" ""
3561.825 607.01314 0.647 -0.695 7.724 0302Ra0265
3561.834 26.0 3.639 -6.4 "" ""
3561.84 62.1 0.04 -2.66 LAWLER ""
3561.866 607.01314 0.647 -0.711 7.724 0302Rb0255
3561.87 607.01214 0.573 -0.873 7.724 0302Ra0175
3561.889 607.01314 0.647 -3.859 7.724 0302Qd0265
3561.891 22.1 1.16 -2.31 "" ""
3561.906 607.01214 0.573 -0.896 7.724 0302Rb0165
3561.908 607.01314 1.16 -0.546 7.724 0504Ra0295
3561.91 64.1 1.232 -1.28 LAWLER ""
3561.922 607.01214 0.573 -3.69 7.724 0302Qd0175
3561.946 28.0 3.304 -6.77 "" ""
3561.962 106.00112 0.098 -7.633 3.464 AX20P065
3561.967 607.01314 1.16 -0.56 7.724 0504Rb0285
3561.971 607.01214 1.087 -0.703 7.724 0504Ra0205
3561.976 607.01214 0.36 -0.913 7.724 0201Ra0215
3561.979 607.01314 0.282 -0.95 7.724 0100Ra0355
3561.992 607.01314 1.16 -3.799 7.724 0504Qd0295
3562.006 607.01214 0.36 -0.932 7.724 0201Rb0205
3562.014 26.0 3.639 -7.31 "" ""
3562.021 607.01314 0.282 -0.962 7.724 0100Rb0345
3562.024 24.0 3.085 -3.24 "" ""
3562.026 607.01214 0.36 -3.901 7.724 0201Qd0215
3562.043 607.01214 0.811 -0.827 7.724 0403Ra0165
3562.047 607.01214 1.087 -0.723 7.724 0504Rb0195
3562.052 607.01314 0.282 -4.358 7.724 0100Qd0355
3562.054 106.00113 1.309 -7.09 3.464 AX52R195
3562.065 607.01214 1.087 -3.652 7.724 0504Qd0205
3562.071 607.01214 0.811 -0.852 7.724 0403Rb0155
3562.085 607.01214 0.811 -3.596 7.724 0403Qd0165
3562.087 106.00113 1.309 -4.205 3.464 AX52Q195
3562.091 26.0 3.639 -2.16 "" ""
3562.097 27.0 2.278 -0.9 LAWNHFS ""
3562.098 42.0 2.644 -0.89 "" ""
3562.099 58.1 0.521 -0.81 "" ""
3562.108 106.00113 1.309 -4.197 3.464 AX52Q205
3562.129 26.0 3.263 -6.57 "" ""
3562.136 23.0 2.364 -1.95 "" ""
3562.141 106.00113 1.309 -6.489 3.464 AX52P205
3562.158 607.01214 0.177 -1.063 7.724 0100Ra0275
3562.173 23.0 1.042 -2.79 "" ""
3562.175 26.0 3.637 -6.49 "" ""
3562.184 27.0 3.277 -2.92 "" ""
3562.195 607.01214 0.177 -1.078 7.724 0100Rb0265
3562.195 607.01314 0.876 -0.642 7.724 0403Ra0255
3562.208 22.0 1.979 -2.25 "" ""
3562.209 607.01314 0.876 -0.658 7.724 0403Rb0245
3562.215 106.00113 1.226 -8.665 3.464 AX30P265
3562.221 607.01214 0.177 -4.257 7.724 0100Qd0275
3562.221 62.0 0.282 -0.88 "" ""
3562.231 607.01314 0.876 -3.773 7.724 0403Qd0255
3562.235 23.1 5.979 -4.17 "" ""
3562.242 24.0 4.443 -0.2 "" ""
3562.243 106.00112 0.098 -7.655 3.464 AX20P065
3562.25 24.0 3.887 -2.9 "" ""
3562.259 26.0 3.249 -1.94 "" ""
3562.26 607.01214 1.44 -0.537 7.724 0605Ra0305
3562.266 24.0 4.452 0.3 "" ""
3562.302 25.0 4.265 -1.74 "" ""
3562.302 607.01214 1.44 -0.549 7.724 0605Rb0295
3562.328 607.01214 1.44 -3.816 7.724 0605Qd0305
3562.334 607.01314 0.441 -0.775 7.724 0201Ra0295
3562.338 76.0 1.083 -1.6 "" ""
3562.34 607.01314 0.441 -0.789 7.724 0201Rb0285
3562.365 607.01314 0.441 -4.028 7.724 0201Qd0295
3562.367 607.01214 2.935 -4.039 7.724 1412Qc0225
3562.377 607.01214 2.935 -1.019 7.724 1412Pb0225
3562.382 106.00113 1.288 -13.146 3.464 AX31R245
3562.389 607.01214 2.935 -1.0 7.724 1412Pa0235
3562.413 26.0 2.829 -5.07 "" ""
3562.459 24.0 4.096 -1.12 "" ""
3562.461 26.0 3.957 -3.91 "" ""
3562.468 106.00112 0.787 -4.67 3.464 AX31R165
3562.473 25.1 6.64 -3.51 "" ""
3562.49 106.00112 0.787 -4.644 3.464 AX31R155
3562.511 607.01214 0.565 -0.896 7.724 0302Ra0165
3562.513 106.00112 0.787 -6.388 3.464 AX31Q165
3562.519 607.01314 0.635 -0.711 7.724 0302Ra0255
3562.519 607.01314 1.148 -0.56 7.724 0504Ra0285
3562.545 607.01214 0.565 -0.922 7.724 0302Rb0155
3562.546 74.1 3.516 -1.16 "" ""
3562.552 607.01214 1.078 -0.723 7.724 0504Ra0195
3562.559 607.01314 0.635 -0.727 7.724 0302Rb0245
3562.56 607.01214 0.565 -3.665 7.724 0302Qd0165
3562.571 24.0 3.885 -3.24 "" ""
3562.575 607.01314 1.148 -0.574 7.724 0504Rb0275
3562.581 607.01314 0.635 -3.842 7.724 0302Qd0255
3562.594 26.0 2.557 -2.18 "" ""
3562.599 607.01314 1.148 -3.784 7.724 0504Qd0285
3562.632 607.01214 1.078 -0.744 7.724 0504Rb0185
3562.64 607.01214 0.804 -0.852 7.724 0403Ra0155
3562.643 26.0 3.639 -8.05 "" ""
3562.648 607.01214 1.078 -3.63 7.724 0504Qd0195
3562.666 106.00113 1.145 -7.906 3.464 AX41P215
3562.669 607.01214 0.804 -0.879 7.724 0403Rb0145
3562.683 607.01214 0.804 -3.569 7.724 0403Qd0155
3562.684 607.01214 0.35 -0.932 7.724 0201Ra0205
3562.713 607.01214 0.35 -0.952 7.724 0201Rb0195
3562.731 607.01214 0.35 -3.88 7.724 0201Qd0205
3562.752 26.0 3.428 -4.25 "" ""
3562.787 28.0 3.838 -2.44 "" ""
3562.81 42.0 2.289 -2.08 "" ""
3562.81 607.01214 1.426 -0.549 7.724 0605Ra0295
3562.82 607.01314 0.865 -0.658 7.724 0403Ra0245
3562.835 607.01314 0.865 -0.674 7.724 0403Rb0235
3562.836 607.01314 0.266 -0.962 7.724 0100Ra0345
3562.84 26.0 3.651 -4.02 "" ""
3562.852 607.01214 1.426 -0.562 7.724 0605Rb0285
3562.856 607.01314 0.865 -3.755 7.724 0403Qd0245
3562.857 106.00113 0.782 -4.644 3.464 AX31R155
3562.863 26.0 3.639 -5.06 "" ""
3562.877 607.01214 1.426 -3.801 7.724 0605Qd0295
3562.877 607.01314 0.266 -0.974 7.724 0100Rb0335
3562.881 106.00113 1.307 -5.837 3.464 AX20R285
3562.887 24.0 3.108 -1.13 "" ""
3562.889 26.0 2.938 -5.21 "" ""
3562.889 27.0059 1.881 -2.317 Lawle15HFS ""
3562.889 27.0059 1.881 -2.516 Lawle15HFS ""
3562.892 27.0059 1.881 -2.253 Lawle15HFS ""
3562.894 27.0059 1.881 -2.771 Lawle15HFS ""
3562.897 27.0059 1.881 -2.284 Lawle15HFS ""
3562.898 27.0059 1.881 -4.421 Lawle15HFS ""
3562.9 26.0 3.637 -4.58 "" ""
3562.903 27.0059 1.881 -2.465 Lawle15HFS ""
3562.904 27.0059 1.881 -2.516 Lawle15HFS ""
3562.904 27.0059 1.881 -3.181 Lawle15HFS ""
3562.908 607.01314 0.266 -4.346 7.724 0100Qd0345
3562.91 65.1 0.771 0.24 LAWNOHFS ""
3562.911 27.0059 1.881 -2.464 Lawle15HFS ""
3562.912 27.0059 1.881 -2.317 Lawle15HFS ""
3562.914 23.0 2.121 -1.44 "" ""
3562.914 42.0 3.209 -1.22 "" ""
3562.916 106.00113 0.782 -4.669 3.464 AX31R165
3562.92 27.0059 1.881 -2.058 Lawle15HFS ""
3562.922 27.0059 1.881 -2.253 Lawle15HFS ""
3562.927 21.0 2.336 -3.56 "" ""
3562.932 27.0059 1.881 -1.766 Lawle15HFS ""
3562.935 27.0059 1.881 -2.284 Lawle15HFS ""
3562.94 106.00113 0.782 -6.413 3.464 AX31Q165
3562.946 24.0 3.008 -4.93 "" ""
3562.946 24.0 3.008 -5.22 "" ""
3562.949 27.0059 1.881 -2.465 Lawle15HFS ""
3562.961 607.01214 0.164 -1.078 7.724 0100Ra0265
3562.991 106.00113 1.307 -5.493 3.464 AX20R275
3562.998 607.01214 0.164 -1.094 7.724 0100Rb0255
3563.007 26.0 3.684 -4.93 "" ""
3563.014 106.00112 0.348 -5.379 3.464 AX31Q015
3563.021 106.00113 1.307 -7.087 3.464 AX20Q285
3563.022 607.01214 0.164 -4.241 7.724 0100Qd0265
3563.023 24.0 3.446 -3.13 "" ""
3563.035 23.1 4.7 -4.75 "" ""
3563.041 21.0 1.952 -1.3 "" ""
3563.043 106.00112 0.348 -5.377 3.464 AX31Q015
3563.064 23.0 2.33 -3.14 "" ""
3563.096 607.01314 0.428 -0.789 7.724 0201Ra0285
3563.1 607.01314 0.428 -0.803 7.724 0201Rb0275
3563.104 23.0 1.944 -4.03 "" ""
3563.106 25.1 4.932 -2.1 "" ""
3563.124 607.01314 1.136 -0.574 7.724 0504Ra0275
3563.125 607.01314 0.428 -4.013 7.724 0201Qd0285
3563.127 607.01214 1.07 -0.744 7.724 0504Ra0185
3563.136 42.0 1.469 -0.9 "" ""
3563.142 607.01214 0.558 -0.922 7.724 0302Ra0155
3563.15 25.1 6.666 -2.81 "" ""
3563.15 66.1 0.1 -0.36 LAWLER ""
3563.158 23.1 4.241 -2.99 "" ""
3563.176 607.01214 0.558 -0.948 7.724 0302Rb0145
3563.178 22.1 5.008 -3.18 "" ""
3563.18 607.01314 1.136 -0.589 7.724 0504Rb0265
3563.189 28.0 3.765 -1.51 "" ""
3563.19 607.01214 0.558 -3.638 7.724 0302Qd0155
3563.197 24.0 4.444 -1.01 "" ""
3563.203 607.01314 1.136 -3.768 7.724 0504Qd0275
3563.205 607.01314 0.625 -0.727 7.724 0302Ra0245
3563.21 607.01214 1.07 -0.767 7.724 0504Rb0175
3563.214 106.00112 0.348 -5.587 3.464 AX31R015
3563.225 22.0 2.304 -5.0 "" ""
3563.226 607.01214 1.07 -3.607 7.724 0504Qd0185
3563.234 607.01214 0.797 -0.879 7.724 0403Ra0145
3563.244 106.00112 0.348 -5.59 3.464 AX31R015
3563.244 607.01314 0.624 -0.744 7.724 0302Rb0235
3563.26 607.01214 0.797 -0.907 7.724 0403Rb0135
3563.265 607.01314 0.625 -3.825 7.724 0302Qd0245
3563.273 607.01214 0.797 -3.541 7.724 0403Qd0145
3563.313 26.0 3.639 -7.49 "" ""
3563.322 20.0 2.521 -6.33 "" ""
3563.358 607.01214 1.413 -0.563 7.724 0605Ra0285
3563.37 20.0 2.521 -5.9 "" ""
3563.375 90.0 1.387 0.24 "" ""
3563.382 607.01214 0.341 -0.952 7.724 0201Ra0195
3563.395 23.0 2.129 -1.19 "" ""
3563.397 106.00113 0.097 -7.633 3.464 AX20P065
3563.4 607.01214 1.413 -0.576 7.724 0605Rb0275
3563.409 607.01214 0.341 -0.973 7.724 0201Rb0185
3563.424 607.01214 1.413 -3.785 7.724 0605Qd0285
3563.427 607.01214 0.341 -3.859 7.724 0201Qd0195
3563.441 607.01314 0.854 -0.674 7.724 0403Ra0235
3563.457 607.01314 0.854 -0.692 7.724 0403Rb0225
3563.47 106.00112 1.376 -5.224 3.464 AX52R215
3563.475 24.1 6.681 -4.08 "" ""
3563.477 106.00112 1.376 -5.001 3.464 AX52R205
3563.477 607.01314 0.854 -3.737 7.724 0403Qd0235
3563.478 24.0 3.009 -4.97 "" ""
3563.5 41.0 0.019 -0.93 "" ""
3563.517 607.01214 2.945 -0.982 7.724 1412Pa0245
3563.527 607.01214 2.945 -4.058 7.724 1412Qc0235
3563.535 106.00112 1.376 -6.743 3.464 AX52Q215
3563.538 607.01214 2.945 -1.0 7.724 1412Pb0235
3563.544 68.0 0.0 -0.89 "" ""
3563.563 26.0 2.756 -6.68 "" ""
3563.606 26.0 2.806 -3.64 "" ""
3563.62 41.0 0.049 -0.9 "" ""
3563.629 106.00113 1.31 -4.197 3.464 AX52Q205
3563.653 106.00113 1.311 -7.113 3.464 AX52R195
3563.656 26.0 2.725 -6.55 "" ""
3563.656 92.0 0.0 -0.19 "" ""
3563.664 106.00113 1.31 -6.467 3.464 AX52P205
3563.675 106.00113 0.097 -7.654 3.464 AX20P065
3563.684 607.01314 0.251 -0.974 7.724 0100Ra0335
3563.688 106.00113 1.311 -4.205 3.464 AX52Q195
3563.696 21.0 1.849 -3.1 "" ""
3563.696 607.01214 1.062 -0.767 7.724 0504Ra0175
3563.702 23.1 1.127 -2.08 "" ""
3563.71 23.1 5.826 -4.07 "" ""
3563.723 607.01314 0.251 -0.986 7.724 0100Rb0325
3563.726 607.01314 1.124 -0.589 7.724 0504Ra0265
3563.75 42.0 2.474 -1.06 "" ""
3563.753 607.01314 0.251 -4.333 7.724 0100Qd0335
3563.754 607.01214 0.152 -1.094 7.724 0100Ra0255
3563.755 23.0 2.113 -1.12 "" ""
3563.765 607.01214 0.551 -0.948 7.724 0302Ra0145
3563.772 106.00112 0.349 -5.763 3.464 AX31P025
3563.774 21.0 2.301 -0.89 "" ""
3563.78 42.0 2.913 -1.47 "" ""
3563.78 607.01314 1.124 -0.604 7.724 0504Rb0255
3563.783 607.01214 1.062 -0.79 7.724 0504Rb0165
3563.789 607.01214 0.152 -1.11 7.724 0100Rb0245
3563.792 106.00112 0.349 -5.761 3.464 AX31P025
3563.792 14.0 6.394 -3.69 "" ""
3563.797 607.01214 0.551 -0.977 7.724 0302Rb0135
3563.799 607.01214 1.062 -3.584 7.724 0504Qd0175
3563.802 607.01314 1.124 -3.752 7.724 0504Qd0265
3563.81 607.01214 0.551 -3.61 7.724 0302Qd0145
3563.813 607.01214 0.152 -4.224 7.724 0100Qd0255
3563.819 58.1 0.529 -0.72 "" ""
3563.819 607.01214 0.791 -0.908 7.724 0403Ra0135
3563.82 22.1 4.28 -4.25 "" ""
3563.844 607.01214 0.791 -0.938 7.724 0403Rb0125
3563.849 607.01314 0.416 -0.803 7.724 0201Ra0275
3563.851 607.01314 0.416 -0.818 7.724 0201Rb0265
3563.856 607.01214 0.791 -3.511 7.724 0403Qd0135
3563.871 69.0 0.0 -0.95 "" ""
3563.875 607.01314 0.416 -3.998 7.724 0201Qd0275
3563.883 607.01314 0.614 -0.744 7.724 0302Ra0235
3563.905 607.01214 1.401 -0.576 7.724 0605Ra0275
3563.907 24.1 7.381 -4.32 "" ""
3563.91 25.1 5.369 -3.58 "" ""
3563.912 24.1 4.934 -1.93 "" ""
3563.921 607.01314 0.614 -0.762 7.724 0302Rb0225
3563.94 70.1 3.911 -0.84 "" ""
3563.942 607.01314 0.614 -3.807 7.724 0302Qd0235
3563.948 607.01214 1.401 -0.591 7.724 0605Rb0265
3563.958 27.0 3.25 -3.28 "" ""
3563.971 607.01214 1.401 -3.769 7.724 0605Qd0275
3563.973 106.00112 0.349 -5.034 3.464 AX31Q025
3563.992 106.00112 0.349 -5.035 3.464 AX31Q025
3564.001 106.00113 0.783 -4.669 3.464 AX31R165
3564.008 23.0 1.08 -2.33 "" ""
3564.04 64.1 0.522 -0.95 LAWLER ""
3564.051 106.00113 0.783 -4.644 3.464 AX31R155
3564.058 607.01314 0.844 -0.692 7.724 0403Ra0225
3564.07 607.01214 0.332 -0.974 7.724 0201Ra0185
3564.075 106.00113 0.783 -6.388 3.464 AX31Q165
3564.075 607.01314 0.844 -0.71 7.724 0403Rb0215
3564.08 24.0 3.889 -3.78 "" ""
3564.094 607.01314 0.844 -3.719 7.724 0403Qd0225
3564.096 607.01214 0.332 -0.996 7.724 0201Rb0175
3564.101 42.0 2.834 -1.41 "" ""
3564.109 26.0 1.607 -2.89 "" ""
3564.113 607.01214 0.332 -3.837 7.724 0201Qd0185
3564.121 27.0 3.168 -0.29 "" ""
3564.135 45.0 1.782 0.0 "" ""
3564.147 27.0 3.189 -2.69 "" ""
3564.158 23.1 5.86 -2.39 "" ""
3564.173 92.0 0.077 -0.63 "" ""
3564.178 106.00112 0.642 -7.181 3.464 AX20R185
3564.182 25.0 4.255 -2.12 "" ""
3564.191 106.00112 0.359 -4.956 3.464 AX31Q025
3564.229 106.00112 0.642 -4.431 3.464 AX20Q185
3564.24 23.1 2.37 -4.36 "" ""
3564.243 42.0 2.521 -1.64 "" ""
3564.248 106.00112 0.642 -4.398 3.464 AX20Q195
3564.251 106.00112 0.359 -4.955 3.464 AX31Q025
3564.258 607.01214 1.054 -0.79 7.724 0504Ra0165
3564.271 22.1 5.055 -2.73 "" ""
3564.285 24.0 4.102 -0.79 "" ""
3564.288 42.0 2.497 -1.23 "" ""
3564.3 106.00112 0.642 -6.734 3.464 AX20P195
3564.31 72.0 0.0 -1.56 "" ""
3564.324 607.01314 1.113 -0.604 7.724 0504Ra0255
3564.325 106.00112 0.359 -5.748 3.464 AX31R025
3564.334 23.0 1.08 -4.74 "" ""
3564.352 607.01214 1.054 -0.815 7.724 0504Rb0155
3564.366 607.01214 1.054 -3.558 7.724 0504Qd0165
3564.376 607.01314 1.113 -0.62 7.724 0504Rb0245
3564.379 607.01214 0.545 -0.977 7.724 0302Ra0135
3564.383 20.0 2.519 -2.15 "" ""
3564.385 106.00112 0.359 -5.753 3.464 AX31R025
3564.391 106.00113 0.347 -5.378 3.464 AX31Q015
3564.395 24.0 4.096 -3.11 "" ""
3564.397 607.01214 0.785 -0.938 7.724 0403Ra0125
3564.398 607.01314 1.113 -3.735 7.724 0504Qd0255
3564.41 607.01214 0.545 -1.008 7.724 0302Rb0125
3564.414 23.0 1.71 -1.33 "" ""
3564.421 106.00113 0.347 -5.376 3.464 AX31Q015
3564.421 607.01214 0.785 -0.971 7.724 0403Rb0115
3564.422 607.01214 0.545 -3.58 7.724 0302Qd0135
3564.432 607.01214 0.785 -3.478 7.724 0403Qd0125
3564.437 607.01314 1.477 -0.474 7.724 0605Rb0345
3564.445 106.00112 1.528 -8.212 3.464 CX34P125
3564.451 607.01214 1.389 -0.591 7.724 0605Ra0265
3564.467 607.01314 1.477 -3.871 7.724 0605Qd0355
3564.477 21.1 7.138 -3.6 "" ""
3564.491 26.0 3.263 -4.55 "" ""
3564.494 607.01214 1.389 -0.606 7.724 0605Rb0255
3564.515 26.0 2.452 -2.28 "" ""
3564.516 607.01214 1.389 -3.752 7.724 0605Qd0265
3564.521 607.01314 0.236 -0.986 7.724 0100Ra0325
3564.531 26.1 4.146 -1.99 "" ""
3564.533 22.0 1.442 -1.89 LAWLER ""
3564.536 23.0 2.33 -3.14 "" ""
3564.536 607.01214 0.14 -1.11 7.724 0100Ra0245
3564.551 607.01314 0.604 -0.762 7.724 0302Ra0225
3564.557 26.0 2.452 -2.07 "" ""
3564.56 607.01314 0.236 -0.999 7.724 0100Rb0315
3564.563 44.0 1.124 -1.13 "" ""
3564.57 607.01214 0.14 -1.127 7.724 0100Rb0235
3564.571 106.00112 0.229 -5.069 3.464 AX20P105
3564.572 106.00112 0.229 -6.842 3.464 AX20Q105
3564.589 607.01314 0.236 -4.32 7.724 0100Qd0325
3564.59 607.01314 0.604 -0.78 7.724 0302Rb0215
3564.591 607.01314 0.404 -0.819 7.724 0201Ra0265
3564.592 106.00113 0.347 -5.586 3.464 AX31R015
3564.593 607.01214 0.14 -4.207 7.724 0100Qd0245
3564.593 607.01314 0.404 -0.834 7.724 0201Rb0255
3564.602 23.1 6.674 -1.91 "" ""
3564.609 607.01314 0.604 -3.788 7.724 0302Qd0225
3564.616 607.01314 0.404 -3.982 7.724 0201Qd0265
3564.622 106.00113 0.347 -5.59 3.464 AX31R015
3564.624 106.00113 1.147 -7.967 3.464 AX41P215
3564.631 64.1 1.446 -0.26 "" ""
3564.635 27.0 2.54 -1.93 LAWNHFS ""
3564.666 28.0 1.934 -2.72 "" ""
3564.67 607.01314 0.835 -0.71 7.724 0403Ra0215
3564.685 607.01214 2.955 -0.965 7.724 1412Pa0255
3564.688 607.01314 0.835 -0.729 7.724 0403Rb0205
3564.704 106.00112 0.359 -5.797 3.464 AX31P035
3564.707 607.01314 0.835 -3.699 7.724 0403Qd0215
3564.713 106.00112 0.229 -5.013 3.464 AX20P115
3564.732 75.0 1.954 -0.88 "" ""
3564.734 607.01214 2.955 -4.076 7.724 1412Qc0245
3564.744 607.01214 2.955 -0.982 7.724 1412Pb0245
3564.748 607.01214 0.324 -0.996 7.724 0201Ra0175
3564.75 106.00112 0.359 -5.794 3.464 AX31P035
3564.757 26.0 3.637 -4.99 "" ""
3564.774 607.01214 0.324 -1.02 7.724 0201Rb0165
3564.79 607.01214 0.324 -3.813 7.724 0201Qd0175
3564.793 73.0 1.357 -1.13 "" ""
3564.807 20.0 5.295 -2.75 "" ""
3564.81 607.01214 1.047 -0.815 7.724 0504Ra0155
3564.814 26.0 3.639 -4.3 "" ""
3564.838 106.00112 0.359 -4.784 3.464 AX31Q035
3564.861 23.0 1.941 -9.66 "" ""
3564.871 23.0 1.871 -5.09 "" ""
3564.88 92.1 1.184 -0.33 "" ""
3564.884 106.00112 0.359 -4.785 3.464 AX31Q035
3564.915 607.01214 1.047 -0.842 7.724 0504Rb0145
3564.917 607.01314 1.102 -0.62 7.724 0504Ra0245
3564.924 27.0059 0.581 -1.59 Lawle15HFS ""
3564.928 607.01214 1.047 -3.532 7.724 0504Qd0155
3564.937 27.0059 0.581 -1.731 Lawle15HFS ""
3564.938 24.0 4.446 -0.0 "" ""
3564.94 24.0 3.553 -2.31 "" ""
3564.949 27.0059 0.581 -1.895 Lawle15HFS ""
3564.952 27.0059 0.581 -2.43 Lawle15HFS ""
3564.956 25.1 7.376 -4.48 "" ""
3564.957 26.0 3.926 -3.86 "" ""
3564.959 27.0059 0.581 -2.093 Lawle15HFS ""
3564.959 607.01314 1.462 -0.485 7.724 0605Rb0335
3564.961 27.0059 0.581 -2.234 Lawle15HFS ""
3564.964 607.01314 1.462 -0.474 7.724 0605Ra0345
3564.967 27.0059 0.581 -2.348 Lawle15HFS ""
3564.968 27.0059 0.581 -2.18 Lawle15HFS ""
3564.968 607.01214 0.779 -0.971 7.724 0403Ra0115
3564.968 607.01314 1.102 -0.637 7.724 0504Rb0235
3564.974 27.0059 0.581 -2.202 Lawle15HFS ""
3564.974 27.0059 0.581 -2.736 Lawle15HFS ""
3564.975 27.0059 0.581 -3.545 Lawle15HFS ""
3564.977 23.0 0.069 -3.91 "" ""
3564.979 27.0059 0.581 -2.293 Lawle15HFS ""
3564.98 27.0059 0.581 -3.134 Lawle15HFS ""
3564.982 27.0059 0.581 -2.481 Lawle15HFS ""
3564.984 27.0059 0.581 -2.912 Lawle15HFS ""
3564.985 27.0059 0.581 -2.766 Lawle15HFS ""
3564.985 607.01214 0.539 -1.008 7.724 0302Ra0125
3564.986 27.0059 0.581 -2.736 Lawle15HFS ""
3564.986 27.0059 0.581 -2.787 Lawle15HFS ""
3564.988 607.01314 1.462 -3.857 7.724 0605Qd0345
3564.989 607.01314 1.102 -3.718 7.724 0504Qd0245
3564.99 607.01214 0.779 -1.007 7.724 0403Rb0105
3564.995 607.01214 1.377 -0.606 7.724 0605Ra0255
3565.0 607.01214 0.779 -3.443 7.724 0403Qd0115
3565.005 23.0 2.682 -1.32 "" ""
3565.005 27.1 5.118 -5.74 "" ""
3565.01 26.0 2.69 -5.84 "" ""
3565.013 607.01214 0.539 -1.041 7.724 0302Rb0115
3565.023 22.0 2.479 -3.33 "" ""
3565.024 607.01214 0.539 -3.548 7.724 0302Qd0125
3565.025 20.0 5.296 -2.26 "" ""
3565.038 607.01214 1.377 -0.621 7.724 0605Rb0245
3565.046 92.0 0.53 -0.08 "" ""
3565.06 607.01214 1.377 -3.735 7.724 0605Qd0255
3565.107 26.0 3.651 -6.46 "" ""
3565.13 24.0 4.204 -1.16 "" ""
3565.146 106.00113 0.348 -5.762 3.464 AX31P025
3565.156 24.0 2.542 -2.52 "" ""
3565.165 106.00113 0.348 -5.761 3.464 AX31P025
3565.169 24.0 3.011 -5.16 "" ""
3565.169 24.0 3.011 -5.79 "" ""
3565.172 68.0 1.158 0.84 "" ""
3565.18 106.00112 1.378 -5.224 3.464 AX52R215
3565.208 106.00112 0.229 -5.069 3.464 AX20P105
3565.209 106.00112 0.229 -6.861 3.464 AX20Q105
3565.21 607.01314 0.594 -0.78 7.724 0302Ra0215
3565.214 23.0 2.121 -1.21 "" ""
3565.245 106.00112 1.378 -6.71 3.464 AX52Q215
3565.247 607.01314 0.594 -0.799 7.724 0302Rb0205
3565.258 28.0 2.738 -1.88 "" ""
3565.263 106.00112 1.378 -5.001 3.464 AX52R205
3565.269 607.01314 0.594 -3.769 7.724 0302Qd0215
3565.282 607.01314 0.826 -0.73 7.724 0403Ra0205
3565.294 22.1 1.581 -1.62 LAWLER ""
3565.297 607.01314 0.826 -0.75 7.724 0403Rb0195
3565.303 106.00112 0.229 -5.013 3.464 AX20P115
3565.307 607.01214 0.129 -1.127 7.724 0100Ra0235
3565.314 607.01314 0.826 -3.679 7.724 0403Qd0205
3565.319 24.1 4.747 -1.87 "" ""
3565.324 607.01314 0.392 -0.834 7.724 0201Ra0255
3565.325 607.01314 0.392 -0.85 7.724 0201Rb0245
3565.327 25.0 4.341 -3.57 "" ""
3565.333 106.00113 0.638 -7.181 3.464 AX20R185
3565.341 607.01214 0.129 -1.145 7.724 0100Rb0225
3565.347 106.00113 0.348 -5.034 3.464 AX31Q025
3565.347 607.01314 0.392 -3.965 7.724 0201Qd0255
3565.348 607.01314 0.222 -0.999 7.724 0100Ra0315
3565.349 607.01214 1.04 -0.842 7.724 0504Ra0145
3565.353 21.1 7.13 -3.71 "" ""
3565.356 26.0 3.263 -2.52 "" ""
3565.362 607.01214 0.129 -4.189 7.724 0100Qd0235
3565.366 106.00113 0.348 -5.034 3.464 AX31Q025
3565.379 26.0 0.957 -0.13 OBR91 ""
3565.386 607.01314 0.222 -1.012 7.724 0100Rb0305
3565.394 106.00113 0.638 -4.431 3.464 AX20Q185
3565.398 90.1 1.144 -0.76 "" ""
3565.399 106.00113 0.638 -4.398 3.464 AX20Q195
3565.414 607.01314 0.222 -4.307 7.724 0100Qd0315
3565.415 40.1 1.664 -0.3 "" ""
3565.416 607.01214 0.316 -1.02 7.724 0201Ra0165
3565.417 42.0 2.985 -1.29 "" ""
3565.433 25.1 6.387 -3.93 "" ""
3565.44 27.0 3.064 -5.28 "" ""
3565.441 607.01214 0.316 -1.045 7.724 0201Rb0155
3565.442 24.0 3.887 -2.58 "" ""
3565.456 607.01214 0.316 -3.788 7.724 0201Qd0165
3565.459 106.00113 0.638 -6.734 3.464 AX20P195
3565.473 607.01214 1.04 -0.87 7.724 0504Rb0135
3565.484 607.01314 1.447 -0.485 7.724 0605Ra0335
3565.484 607.01314 1.447 -0.497 7.724 0605Rb0325
3565.485 607.01214 1.04 -3.503 7.724 0504Qd0145
3565.494 23.0 1.802 -6.43 "" ""
3565.503 24.0 2.543 -2.01 "" ""
3565.505 106.00112 1.647 -8.773 3.464 CX12P245
3565.505 607.01314 1.092 -0.637 7.724 0504Ra0235
3565.508 23.0 1.892 -1.9 "" ""
3565.508 26.0 3.94 -2.87 "" ""
3565.512 607.01314 1.447 -3.844 7.724 0605Qd0335
3565.515 26.0 3.045 -3.23 "" ""
3565.531 607.01214 0.774 -1.007 7.724 0403Ra0105
3565.537 24.0 2.543 -2.02 "" ""
3565.538 607.01214 1.366 -0.621 7.724 0605Ra0245
3565.552 607.01214 0.774 -1.046 7.724 0403Rb0095
3565.555 607.01314 1.092 -0.654 7.724 0504Rb0225
3565.557 24.0 4.093 -1.98 "" ""
3565.559 106.00113 0.357 -4.956 3.464 AX31Q025
3565.561 607.01214 0.774 -3.405 7.724 0403Qd0105
3565.574 26.0 2.863 -1.14 "" ""
3565.575 607.01314 1.092 -3.699 7.724 0504Qd0235
3565.577 106.00112 1.314 -5.837 3.464 AX20R285
3565.581 607.01214 0.533 -1.041 7.724 0302Ra0115
3565.581 607.01214 1.366 -0.637 7.724 0605Rb0235
3565.582 26.0 2.863 -0.48 "" ""
3565.587 106.00112 0.372 -4.759 3.464 AX31Q035
3565.597 106.00112 1.314 -5.492 3.464 AX20R275
3565.602 607.01214 1.366 -3.717 7.724 0605Qd0245
3565.608 607.01214 0.533 -1.077 7.724 0302Rb0105
3565.609 23.0 1.711 -6.49 "" ""
3565.618 106.00113 0.358 -4.955 3.464 AX31Q025
3565.618 607.01214 0.533 -3.513 7.724 0302Qd0115
3565.624 26.0 2.221 -4.75 "" ""
3565.64 106.00112 1.314 -7.086 3.464 AX20Q285
3565.642 106.00112 0.84 -4.672 3.464 AX31R165
3565.669 106.00112 0.84 -4.709 3.464 AX31R175
3565.683 106.00112 0.372 -5.874 3.464 AX31R035
3565.684 66.1 1.462 -0.37 "" ""
3565.685 24.0 3.011 -4.92 "" ""
3565.685 24.0 3.011 -5.46 "" ""
3565.685 24.0 3.011 -6.19 "" ""
3565.686 106.00112 0.372 -4.758 3.464 AX31Q035
3565.693 106.00113 0.357 -5.748 3.464 AX31R025
3565.702 22.0 1.967 -1.6 "" ""
3565.721 106.00112 0.84 -6.446 3.464 AX31Q175
3565.739 106.00113 1.309 -5.838 3.464 AX20R285
3565.74 65.1 0.796 0.33 LAWNOHFS ""
3565.753 106.00113 0.358 -5.753 3.464 AX31R025
3565.782 106.00112 0.372 -5.88 3.464 AX31R035
3565.817 106.00112 0.644 -4.399 3.464 AX20Q195
3565.823 106.00112 0.644 -7.203 3.464 AX20R185
3565.827 25.0 3.376 -8.06 "" ""
3565.827 26.0 3.263 -1.66 "" ""
3565.844 106.00113 1.309 -7.046 3.464 AX20Q285
3565.865 607.01214 1.034 -0.87 7.724 0504Ra0135
3565.865 607.01314 0.585 -0.799 7.724 0302Ra0205
3565.869 106.00112 0.644 -6.714 3.464 AX20P195
3565.874 106.00112 0.644 -4.431 3.464 AX20Q185
3565.882 607.01314 0.817 -0.75 7.724 0403Ra0195
3565.9 607.01314 0.585 -0.82 7.724 0302Rb0195
3565.9 607.01314 0.817 -0.771 7.724 0403Rb0185
3565.907 69.1 2.431 0.77 "" ""
3565.909 106.00113 1.31 -5.493 3.464 AX20R275
3565.916 607.01314 0.817 -3.657 7.724 0403Qd0195
3565.92 607.01314 0.585 -3.748 7.724 0302Qd0205
3565.944 106.00113 0.227 -5.069 3.464 AX20P105
3565.945 106.00113 0.227 -6.842 3.464 AX20Q105
3565.968 22.1 1.164 -1.83 "" ""
3565.969 21.1 7.154 -5.41 "" ""
3565.976 106.00112 0.372 -5.857 3.464 AX31P045
3565.98 20.0 2.521 -5.22 "" ""
3565.988 607.01214 2.966 -4.094 7.724 1412Qc0255
3566.0 607.01214 2.966 -0.965 7.724 1412Pb0255
3566.007 607.01314 1.433 -0.497 7.724 0605Ra0325
3566.011 607.01314 1.433 -0.509 7.724 0605Rb0315
3566.026 607.01214 1.034 -0.901 7.724 0504Rb0125
3566.036 607.01214 1.034 -3.473 7.724 0504Qd0135
3566.038 607.01314 1.433 -3.83 7.724 0605Qd0325
3566.047 607.01314 0.381 -0.851 7.724 0201Ra0245
3566.047 607.01314 0.381 -0.867 7.724 0201Rb0235
3566.049 22.1 4.997 -3.91 "" ""
3566.05 24.0 4.189 0.45 "" ""
3566.052 42.0 2.497 -0.34 "" ""
3566.057 106.00112 0.373 -5.853 3.464 AX31P045
3566.059 26.1 4.734 -2.56 "" ""
3566.068 607.01214 0.118 -1.145 7.724 0100Ra0225
3566.068 607.01314 0.381 -3.948 7.724 0201Qd0245
3566.07 106.00113 0.358 -5.796 3.464 AX31P035
3566.072 106.00112 0.372 -4.641 3.464 AX31Q045
3566.075 607.01214 0.309 -1.045 7.724 0201Ra0155
3566.08 607.01214 1.356 -0.638 7.724 0605Ra0235
3566.081 40.0 0.154 -0.18 "" ""
3566.085 106.00113 0.227 -5.012 3.464 AX20P115
3566.085 20.0 2.524 -5.61 "" ""
3566.085 28.0 3.304 -2.91 "" ""
3566.087 607.01214 0.77 -1.046 7.724 0403Ra0095
3566.089 607.01314 1.082 -0.654 7.724 0504Ra0225
3566.098 24.0 3.142 0.52 "" ""
3566.098 607.01214 0.309 -1.072 7.724 0201Rb0145
3566.1 607.01214 0.118 -1.163 7.724 0100Rb0215
3566.106 607.01214 0.77 -1.09 7.724 0403Rb0085
3566.112 607.01214 0.309 -3.762 7.724 0201Qd0155
3566.114 106.00113 0.358 -5.793 3.464 AX31P035
3566.115 607.01214 0.77 -3.363 7.724 0403Qd0095
3566.121 607.01214 0.118 -4.171 7.724 0100Qd0225
3566.122 607.01214 1.356 -0.655 7.724 0605Rb0225
3566.124 29.0065 3.783 -2.911 KURHFS ""
3566.124 29.0065 3.783 -3.61 KURHFS ""
3566.125 29.0063 3.783 -2.911 KURHFS ""
3566.125 29.0063 3.783 -3.61 KURHFS ""
3566.129 29.0063 3.783 -2.911 KURHFS ""
3566.129 29.0063 3.783 -2.911 KURHFS ""
3566.129 29.0065 3.783 -2.911 KURHFS ""
3566.129 29.0065 3.783 -2.911 KURHFS ""
3566.138 607.01314 1.082 -0.672 7.724 0504Rb0215
3566.14 20.0 2.521 -1.98 "" ""
3566.142 607.01214 1.356 -3.699 7.724 0605Qd0235
3566.143 26.0 1.556 -5.58 "" ""
3566.149 23.1051 1.07 -2.302 LAWLER ""
3566.15 20.0 2.521 -2.88 "" ""
3566.152 23.1051 1.07 -2.478 LAWLER ""
3566.152 26.1 4.491 -2.42 "" ""
3566.154 106.00112 0.373 -4.642 3.464 AX31Q045
3566.155 23.1051 1.07 -2.129 LAWLER ""
3566.157 607.01314 1.082 -3.681 7.724 0504Qd0225
3566.159 23.1051 1.07 -4.229 LAWLER ""
3566.162 23.1051 1.07 -2.302 LAWLER ""
3566.164 23.1051 1.07 -2.118 LAWLER ""
3566.165 607.01314 0.208 -1.012 7.724 0100Ra0305
3566.168 25.1 6.653 -4.12 "" ""
3566.168 607.01214 0.528 -1.077 7.724 0302Ra0105
3566.169 23.1051 1.07 -2.8 LAWLER ""
3566.17 23.0 1.063 -1.82 "" ""
3566.173 23.1051 1.07 -2.129 LAWLER ""
3566.176 23.1051 1.07 -2.276 LAWLER ""
3566.182 23.1051 1.07 -2.104 LAWLER ""
3566.187 23.1051 1.07 -2.118 LAWLER ""
3566.193 607.01214 0.528 -1.116 7.724 0302Rb0095
3566.198 23.1051 1.07 -1.706 LAWLER ""
3566.203 23.1051 1.07 -2.276 LAWLER ""
3566.203 607.01214 0.528 -3.475 7.724 0302Qd0105
3566.203 607.01314 0.208 -1.025 7.724 0100Rb0295
3566.204 106.00113 0.358 -4.784 3.464 AX31Q035
3566.23 607.01314 0.208 -4.293 7.724 0100Qd0305
3566.243 26.0 3.249 -2.33 "" ""
3566.249 106.00113 0.358 -4.784 3.464 AX31Q035
3566.308 42.0 3.209 -0.66 "" ""
3566.309 26.0 2.277 -1.78 "" ""
3566.316 607.01214 1.028 -0.901 7.724 0504Ra0125
3566.345 25.0 3.376 -2.77 "" ""
3566.37 24.1 4.407 -2.41 "" ""
3566.372 28.0 0.422 -0.24 LAWLER ""
3566.385 25.0 4.675 -2.04 "" ""
3566.388 23.0 2.579 -2.41 "" ""
3566.415 42.0 2.497 -1.37 "" ""
3566.435 26.0 3.957 -3.61 "" ""
3566.436 25.1 6.663 -5.59 "" ""
3566.455 24.0 3.319 -3.91 "" ""
3566.47 69.1 0.029 -1.08 LAWLER ""
3566.478 607.01314 0.809 -0.771 7.724 0403Ra0185
3566.497 607.01314 0.809 -0.793 7.724 0403Rb0175
3566.513 607.01314 0.576 -0.82 7.724 0302Ra0195
3566.513 607.01314 0.809 -3.635 7.724 0403Qd0185
3566.532 607.01314 1.42 -0.509 7.724 0605Ra0315
3566.537 27.0 3.064 -5.9 "" ""
3566.54 607.01314 1.42 -0.521 7.724 0605Rb0305
3566.544 106.00112 1.15 -7.905 3.464 AX41P215
3566.546 607.01314 0.576 -0.841 7.724 0302Rb0185
3566.563 607.01314 0.576 -3.727 7.724 0302Qd0195
3566.566 607.01314 1.42 -3.816 7.724 0605Qd0315
3566.573 106.00113 0.228 -5.068 3.464 AX20P105
3566.573 607.01214 1.028 -0.934 7.724 0504Rb0115
3566.575 106.00113 0.228 -6.86 3.464 AX20Q105
3566.577 25.0 3.132 -7.26 "" ""
3566.58 26.0 2.402 -2.27 "" ""
3566.583 607.01214 1.028 -3.441 7.724 0504Qd0125
3566.591 92.0 0.077 0.66 "" ""
3566.619 607.01214 1.345 -0.655 7.724 0605Ra0225
3566.621 106.00113 1.193 -6.669 3.464 AX52Q175
3566.635 607.01214 0.766 -1.09 7.724 0403Ra0085
3566.643 106.00113 1.193 -4.478 3.464 AX52P175
3566.653 607.01214 0.766 -1.138 7.724 0403Rb0075
3566.66 26.0 4.175 -2.51 "" ""
3566.66 607.01214 0.766 -3.317 7.724 0403Qd0085
3566.661 607.01214 1.345 -0.672 7.724 0605Rb0215
3566.668 106.00113 0.228 -5.012 3.464 AX20P115
3566.668 607.01314 1.072 -0.672 7.724 0504Ra0215
3566.681 607.01214 1.345 -3.68 7.724 0605Qd0225
3566.687 106.00113 1.193 -4.426 3.464 AX52P185
3566.715 73.0 0.749 -1.19 "" ""
3566.716 607.01314 1.072 -0.691 7.724 0504Rb0205
3566.723 607.01214 0.302 -1.072 7.724 0201Ra0145
3566.725 25.0 4.723 -0.78 "" ""
3566.734 607.01314 1.072 -3.661 7.724 0504Qd0215
3566.744 42.0 3.185 -0.72 "" ""
3566.745 607.01214 0.302 -1.1 7.724 0201Rb0135
3566.746 607.01214 0.524 -1.116 7.724 0302Ra0095
3566.758 607.01214 0.302 -3.734 7.724 0201Qd0145
3566.76 607.01314 0.37 -0.867 7.724 0201Ra0235
3566.76 607.01314 0.37 -0.885 7.724 0201Rb0225
3566.769 607.01214 0.523 -1.159 7.724 0302Rb0085
3566.778 607.01214 0.524 -3.433 7.724 0302Qd0095
3566.78 607.01314 0.37 -3.93 7.724 0201Qd0235
3566.782 20.0 4.128 -4.89 "" ""
3566.81 62.1 0.248 -1.22 LAWLER ""
3566.817 607.01214 0.108 -1.164 7.724 0100Ra0215
3566.818 24.0 4.437 -2.35 "" ""
3566.824 23.0 2.121 -1.16 "" ""
3566.848 26.0 3.6 -2.75 "" ""
3566.848 607.01214 0.108 -1.183 7.724 0100Rb0205
3566.868 607.01214 0.108 -4.152 7.724 0100Qd0215
3566.919 106.00112 0.841 -4.709 3.464 AX31R175
3566.921 21.0 2.008 0.11 "" ""
3566.942 106.00113 0.371 -4.758 3.464 AX31Q035
3566.947 106.00113 0.64 -4.398 3.464 AX20Q195
3566.952 106.00112 1.366 -8.892 3.464 AX31R255
3566.954 22.0 2.115 -4.43 "" ""
3566.955 106.00113 0.64 -7.202 3.464 AX20R185
3566.957 106.00112 0.841 -4.672 3.464 AX31R165
3566.959 27.1 2.727 -1.71 "" ""
3566.962 26.0 2.397 -6.94 "" ""
3566.963 27.0 3.277 -2.34 "" ""
3566.97 106.00112 0.841 -6.419 3.464 AX31Q175
3566.972 607.01314 0.195 -1.026 7.724 0100Ra0295
3567.008 27.0 3.25 -3.24 "" ""
3567.009 607.01314 0.195 -1.04 7.724 0100Rb0285
3567.017 106.00113 0.64 -6.714 3.464 AX20P195
3567.025 106.00113 0.64 -4.431 3.464 AX20Q185
3567.031 26.0 2.873 -1.06 "" ""
3567.035 607.01314 0.195 -4.278 7.724 0100Qd0295
3567.038 106.00113 0.371 -5.874 3.464 AX31R035
3567.04 20.0 4.776 -3.19 "" ""
3567.041 106.00113 0.371 -4.758 3.464 AX31Q035
3567.047 90.1 0.83 -1.38 "" ""
3567.059 607.01314 1.406 -0.521 7.724 0605Ra0305
3567.062 42.0 2.644 -1.11 "" ""
3567.067 20.0 5.449 -2.83 "" ""
3567.069 607.01314 0.801 -0.793 7.724 0403Ra0175
3567.071 607.01314 1.406 -0.534 7.724 0605Rb0295
3567.084 607.01214 1.022 -0.934 7.724 0504Ra0115
3567.087 607.01314 0.801 -0.817 7.724 0403Rb0165
3567.096 607.01314 1.406 -3.801 7.724 0605Qd0305
3567.103 607.01314 0.801 -3.611 7.724 0403Qd0175
3567.114 607.01214 1.022 -0.97 7.724 0504Rb0105
3567.124 607.01214 1.022 -3.406 7.724 0504Qd0115
3567.125 64.1 1.338 -0.28 "" ""
3567.137 106.00113 0.371 -5.88 3.464 AX31R035
3567.147 24.0 4.093 -3.48 "" ""
3567.149 44.0 1.732 -0.5 "" ""
3567.149 607.01314 0.568 -0.841 7.724 0302Ra0185
3567.157 607.01214 1.336 -0.673 7.724 0605Ra0215
3567.176 607.01214 0.762 -1.138 7.724 0403Ra0075
3567.178 607.01314 0.568 -0.863 7.724 0302Rb0175
3567.192 607.01214 0.762 -1.192 7.724 0403Rb0065
3567.198 607.01214 0.762 -3.266 7.724 0403Qd0075
3567.198 607.01214 1.336 -0.691 7.724 0605Rb0205
3567.198 607.01314 0.568 -3.705 7.724 0302Qd0185
3567.213 24.0 3.142 -0.45 "" ""
3567.217 607.01214 1.336 -3.66 7.724 0605Qd0215
3567.242 607.01314 1.063 -0.691 7.724 0504Ra0205
3567.26 25.0 4.35 -1.25 "" ""
3567.264 90.0 0.0 -0.95 "" ""
3567.276 106.00112 0.389 -4.629 3.464 AX31Q045
3567.289 607.01314 1.063 -0.711 7.724 0504Rb0195
3567.306 607.01314 1.063 -3.64 7.724 0504Qd0205
3567.314 65.1159 0.439 -1.87 LAWLER ""
3567.315 607.01214 0.519 -1.159 7.724 0302Ra0085
3567.316 65.1159 0.439 -0.33 LAWLER ""
3567.328 106.00113 0.836 -4.672 3.464 AX31R165
3567.33 106.00113 0.371 -5.857 3.464 AX31P045
3567.336 607.01214 0.519 -1.208 7.724 0302Rb0075
3567.343 65.1159 0.439 -0.41 LAWLER ""
3567.344 607.01214 0.519 -3.387 7.724 0302Qd0085
3567.344 65.1159 0.439 -1.74 LAWLER ""
3567.345 65.1159 0.439 -1.87 LAWLER ""
3567.347 106.00112 0.389 -5.977 3.464 AX31R045
3567.35 69.0 0.0 -1.1 "" ""
3567.36 72.0 0.814 -0.8 "" ""
3567.361 607.01214 0.295 -1.101 7.724 0201Ra0135
3567.368 26.0 2.452 -2.22 "" ""
3567.368 65.1159 0.439 -1.74 LAWLER ""
3567.369 65.1159 0.439 -0.49 LAWLER ""
3567.372 65.1159 0.439 -1.87 LAWLER ""
3567.377 106.00113 0.836 -4.708 3.464 AX31R175
3567.381 607.01214 0.295 -1.131 7.724 0201Rb0125
3567.389 65.1159 0.439 -1.87 LAWLER ""
3567.392 65.1159 0.439 -0.55 LAWLER ""
3567.394 607.01214 0.295 -3.704 7.724 0201Qd0135
3567.4 25.0 4.27 -3.72 "" ""
3567.403 106.00113 0.836 -6.446 3.464 AX31Q175
3567.409 106.00113 0.371 -5.853 3.464 AX31P045
3567.424 106.00112 0.389 -4.629 3.464 AX31Q045
3567.425 106.00113 0.371 -4.641 3.464 AX31Q045
3567.457 42.0 3.154 -1.24 "" ""
3567.463 607.01314 0.36 -0.885 7.724 0201Ra0225
3567.463 607.01314 0.36 -0.904 7.724 0201Rb0215
3567.483 607.01314 0.36 -3.912 7.724 0201Qd0225
3567.495 106.00112 0.389 -5.984 3.464 AX31R045
3567.506 106.00113 0.371 -4.641 3.464 AX31Q045
3567.544 24.0 3.123 -0.14 "" ""
3567.556 607.01214 0.098 -1.183 7.724 0100Ra0205
3567.575 24.0 3.32 -3.03 "" ""
3567.586 607.01214 0.098 -1.203 7.724 0100Rb0195
3567.588 607.01314 1.394 -0.534 7.724 0605Ra0295
3567.59 106.00112 0.389 -5.914 3.464 AX31P055
3567.601 23.0 1.948 -2.32 "" ""
3567.602 607.01314 1.394 -0.547 7.724 0605Rb0285
3567.605 607.01214 0.098 -4.131 7.724 0100Qd0205
3567.626 607.01314 1.394 -3.786 7.724 0605Qd0295
3567.647 64.1 0.499 -1.11 "" ""
3567.65 607.01214 1.017 -1.009 7.724 0504Rb0095
3567.653 607.01314 0.793 -0.817 7.724 0403Ra0165
3567.659 607.01214 1.017 -3.367 7.724 0504Qd0105
3567.661 106.00112 0.389 -4.539 3.464 AX31Q055
3567.672 607.01314 0.793 -0.842 7.724 0403Rb0155
3567.685 21.1045 0.0 -0.99 LAWHFS ""
3567.687 26.0 3.684 -4.91 "" ""
3567.687 607.01314 0.793 -3.586 7.724 0403Qd0165
3567.688 21.1045 0.0 -1.48 LAWHFS ""
3567.69 21.1045 0.0 -2.18 LAWHFS ""
3567.692 607.01214 1.326 -0.691 7.724 0605Ra0205
3567.697 21.1045 0.0 -1.29 LAWHFS ""
3567.7 21.1045 0.0 -1.37 LAWHFS ""
3567.702 21.1045 0.0 -1.74 LAWHFS ""
3567.702 90.1 1.598 -0.62 "" ""
3567.707 21.1045 0.0 -1.74 LAWHFS ""
3567.709 21.1045 0.0 -1.49 LAWHFS ""
3567.709 607.01214 0.759 -1.192 7.724 0403Ra0065
3567.71 21.1045 0.0 -1.47 LAWHFS ""
3567.716 106.00112 0.389 -5.909 3.464 AX31P055
3567.723 607.01214 0.759 -1.255 7.724 0403Rb0055
3567.729 607.01214 0.759 -3.207 7.724 0403Qd0065
3567.733 607.01214 1.326 -0.711 7.724 0605Rb0195
3567.735 42.0 1.53 -2.71 "" ""
3567.739 26.0 3.239 -1.56 "" ""
3567.75 607.01214 1.326 -3.639 7.724 0605Qd0205
3567.769 607.01314 0.182 -1.04 7.724 0100Ra0285
3567.778 607.01314 0.56 -0.863 7.724 0302Ra0175
3567.787 106.00112 0.389 -4.539 3.464 AX31Q055
3567.787 607.01214 1.017 -0.97 7.724 0504Ra0105
3567.788 21.0 1.983 -0.59 "" ""
3567.805 607.01314 0.182 -1.054 7.724 0100Rb0275
3567.81 607.01314 0.56 -0.887 7.724 0302Rb0165
3567.81 607.01314 1.055 -0.712 7.724 0504Ra0195
3567.823 607.01314 0.56 -3.681 7.724 0302Qd0175
3567.83 607.01314 0.182 -4.264 7.724 0100Qd0285
3567.847 71.0 0.0 -0.31 "" ""
3567.856 607.01314 1.055 -0.733 7.724 0504Rb0185
3567.874 607.01314 1.055 -3.619 7.724 0504Qd0195
3567.875 607.01214 0.516 -1.208 7.724 0302Ra0075
3567.894 607.01214 0.516 -1.262 7.724 0302Rb0065
3567.901 607.01214 0.516 -3.336 7.724 0302Qd0075
3567.928 28.0 3.603 -0.93 "" ""
3567.982 22.0 2.304 -4.37 "" ""
3567.989 607.01214 0.289 -1.131 7.724 0201Ra0125
3567.99 77.0 1.549 -1.51 "" ""
3567.991 106.00113 1.194 -4.427 3.464 AX52P185
3567.996 106.00113 1.194 -6.699 3.464 AX52Q175
3567.998 23.1 6.517 -3.95 "" ""
3568.008 607.01214 0.289 -1.164 7.724 0201Rb0115
3568.016 106.00113 1.194 -4.478 3.464 AX52P175
3568.019 607.01214 0.289 -3.671 7.724 0201Qd0125
3568.043 74.0 1.915 -0.28 "" ""
3568.071 24.0 3.963 -0.32 "" ""
3568.117 607.01314 1.381 -0.547 7.724 0605Ra0285
3568.127 58.1 1.194 -0.03 "" ""
3568.134 607.01314 1.381 -0.561 7.724 0605Rb0275
3568.137 40.1 0.802 -1.33 Ljung06 ""
