wavelength species excitation loggf disassociation_energy comment
3541.853 20.0 2.519 -7.54 "" ""
3541.855 21.0 1.942 -2.8 "" ""
3541.871 26.0 3.879 -1.47 "" ""
3541.882 73.1 0.128 -1.14 "" ""
3541.889 41.0 1.629 -0.12 "" ""
3541.901 607.01314 2.767 -2.549 7.724 1412Qc0005
3541.903 607.01314 2.767 -2.248 7.724 1412Pa0015
3541.905 45.0 1.364 -0.32 "" ""
3541.907 76.0 1.746 -1.2 "" ""
3541.931 607.01214 0.569 -0.825 7.724 0100Ra0495
3541.949 22.0 1.732 -4.14 "" ""
3541.968 26.1 4.15 -5.12 "" ""
3541.977 26.0 3.209 -3.52 "" ""
3541.987 607.01214 0.569 -0.833 7.724 0100Rb0485
3541.999 23.0 1.05 -4.54 "" ""
3542.002 106.00113 0.36 -7.019 3.464 AX20R135
3542.02 28.0 3.536 -0.98 "" ""
3542.032 106.00112 0.349 -6.4 3.464 AX31R025
3542.032 607.01214 0.569 -4.512 7.724 0100Qd0495
3542.035 106.00113 0.36 -4.618 3.464 AX20Q135
3542.042 42.0 2.258 -1.04 "" ""
3542.047 106.00113 0.36 -4.577 3.464 AX20Q145
3542.052 106.00112 0.349 -6.391 3.464 AX31R025
3542.075 26.0 2.863 0.1 "" ""
3542.081 106.00113 0.36 -6.704 3.464 AX20P145
3542.083 69.0 2.353 0.59 "" ""
3542.113 106.00112 0.098 -5.4 3.464 AX20P065
3542.142 63.1 1.229 -0.94 "" ""
3542.164 106.00112 0.098 -6.721 3.464 AX20Q065
3542.165 42.0 2.258 -0.33 "" ""
3542.244 26.0 2.277 -3.3 "" ""
3542.252 20.0 5.041 -1.66 "" ""
3542.269 607.01214 2.858 -1.246 7.724 1412Rb0125
3542.28 26.0 2.849 -3.22 "" ""
3542.284 607.01214 2.864 -1.215 7.724 1412Rb0135
3542.286 607.01214 2.853 -1.28 7.724 1412Rb0115
3542.298 22.0 2.091 -5.41 "" ""
3542.328 66.1 0.925 0.39 "" ""
3542.33 607.01214 2.87 -1.187 7.724 1412Rb0145
3542.334 607.01214 2.848 -1.316 7.724 1412Rb0105
3542.334 607.01314 2.768 -2.947 7.724 1412Qc0015
3542.335 607.01314 2.768 -1.992 7.724 1412Pa0025
3542.335 607.01314 2.768 -2.248 7.724 1412Pb0015
3542.355 23.0 1.941 -3.68 "" ""
3542.391 106.00112 0.098 -5.4 3.464 AX20P065
3542.392 106.00112 0.098 -5.321 3.464 AX20P075
3542.396 42.1 4.153 -1.0 "" ""
3542.41 607.01214 2.877 -1.16 7.724 1412Rb0155
3542.412 607.01214 2.843 -1.355 7.724 1412Rb0095
3542.418 607.01214 2.858 -1.215 7.724 1412Ra0135
3542.424 607.01214 2.858 -3.82 7.724 1412Qd0135
3542.432 607.01214 2.864 -1.187 7.724 1412Ra0145
3542.433 607.01214 2.853 -1.246 7.724 1412Ra0125
3542.439 607.01214 2.853 -3.788 7.724 1412Qd0125
3542.439 607.01214 2.864 -3.85 7.724 1412Qd0145
3542.442 106.00112 0.098 -6.734 3.464 AX20Q065
3542.45 62.1 0.484 -1.44 LAWLER ""
3542.476 607.01214 2.87 -1.16 7.724 1412Ra0155
3542.477 607.01214 2.848 -1.28 7.724 1412Ra0115
3542.483 23.1 2.599 -1.44 "" ""
3542.483 607.01214 2.848 -3.753 7.724 1412Qd0115
3542.483 607.01214 2.87 -3.878 7.724 1412Qd0155
3542.498 90.0 0.788 -0.54 "" ""
3542.501 27.0 3.213 -0.9 "" ""
3542.521 607.01214 2.839 -1.399 7.724 1412Rb0085
3542.523 607.01214 2.884 -1.134 7.724 1412Rb0165
3542.532 22.0 2.235 -0.7 LAWLER ""
3542.538 106.00112 1.091 -6.648 3.464 AX52Q155
3542.549 607.01214 2.877 -1.134 7.724 1412Ra0165
3542.55 607.01214 2.843 -1.316 7.724 1412Ra0105
3542.554 41.0 0.348 -1.69 "" ""
3542.555 607.01214 2.843 -3.715 7.724 1412Qd0105
3542.557 607.01214 2.877 -3.904 7.724 1412Qd0165
3542.56 26.0 2.863 -2.92 "" ""
3542.561 27.0 3.168 -2.78 "" ""
3542.566 24.0 3.085 -3.26 "" ""
3542.567 106.00112 1.091 -4.585 3.464 AX52P155
3542.57 92.0 0.53 0.26 "" ""
3542.576 24.0 4.13 -1.29 "" ""
3542.62 106.00112 1.091 -4.53 3.464 AX52P165
3542.621 26.0 3.692 -3.54 "" ""
3542.622 27.0 3.229 -4.04 "" ""
3542.63 24.1 6.681 -4.21 "" ""
3542.639 106.00112 0.098 -5.321 3.464 AX20P075
3542.639 40.1 1.758 0.44 "" ""
3542.645 23.0 1.05 -1.93 "" ""
3542.651 607.01214 2.839 -1.355 7.724 1412Ra0095
3542.654 607.01214 2.884 -1.111 7.724 1412Ra0175
3542.655 607.01214 2.839 -3.673 7.724 1412Qd0095
3542.66 106.00112 1.15 -7.233 3.464 CX01P215
3542.66 607.01214 2.835 -1.447 7.724 1412Rb0075
3542.662 607.01214 2.884 -3.929 7.724 1412Qd0175
3542.67 607.01214 2.891 -1.111 7.724 1412Rb0175
3542.704 25.0 2.886 -3.83 "" ""
3542.714 76.0 1.746 -0.66 "" ""
3542.77 64.1 0.662 -0.24 LAWLER ""
3542.773 42.0 2.596 -1.47 "" ""
3542.78 607.01214 2.835 -1.399 7.724 1412Ra0085
3542.784 607.01214 2.835 -3.627 7.724 1412Qd0085
3542.786 607.01314 2.769 -1.992 7.724 1412Pb0025
3542.787 24.0 4.189 -4.04 "" ""
3542.79 607.01214 2.891 -1.088 7.724 1412Ra0185
3542.792 607.01314 2.769 -3.139 7.724 1412Qc0025
3542.795 607.01314 2.769 -1.837 7.724 1412Pa0035
3542.798 607.01214 2.891 -3.953 7.724 1412Qd0185
3542.812 22.0 2.091 -4.79 "" ""
3542.828 607.01214 2.832 -1.502 7.724 1412Rb0065
3542.837 25.0 3.38 -5.6 "" ""
3542.84 24.1 4.771 -5.34 "" ""
3542.853 607.01214 2.899 -1.088 7.724 1412Rb0185
3542.862 26.0 4.151 -2.65 "" ""
3542.866 66.1 2.377 0.55 "" ""
3542.88 106.00112 1.314 -8.055 3.464 CX12P195
3542.884 23.0 1.954 -3.32 "" ""
3542.938 607.01214 2.832 -1.447 7.724 1412Ra0075
3542.942 607.01214 2.832 -3.576 7.724 1412Qd0075
3542.95 607.01214 0.547 -0.834 7.724 0100Ra0485
3542.958 607.01214 2.899 -1.067 7.724 1412Ra0195
3542.961 24.0 2.706 -3.83 "" ""
3542.967 607.01214 2.899 -3.975 7.724 1412Qd0195
3542.968 27.0 0.431 -3.58 LAWNHFS ""
3542.977 41.0 0.142 -1.63 "" ""
3542.996 26.0 3.879 -4.57 "" ""
3543.006 607.01214 0.547 -0.842 7.724 0100Rb0475
3543.017 68.1 1.614 -0.15 LAWLER ""
3543.025 21.0 1.985 -1.42 "" ""
3543.027 607.01214 2.829 -1.565 7.724 1412Rb0055
3543.05 607.01214 0.547 -4.503 7.724 0100Qd0485
3543.073 607.01214 2.908 -1.067 7.724 1412Rb0195
3543.079 26.0 3.881 -2.24 "" ""
3543.083 26.0 2.402 -4.69 "" ""
3543.094 106.00113 1.147 -8.454 3.464 AX31R225
3543.105 25.1 6.64 -3.27 "" ""
3543.105 26.0 3.637 -4.78 "" ""
3543.106 74.0 2.499 -0.65 "" ""
3543.108 42.0 1.38 -2.44 "" ""
3543.124 607.01214 2.829 -1.502 7.724 1412Ra0065
3543.127 607.01214 2.829 -3.518 7.724 1412Qd0065
3543.139 21.0 1.985 -1.29 "" ""
3543.143 26.0 3.879 -2.15 "" ""
3543.153 25.1 6.9 -3.01 "" ""
3543.157 92.1 0.652 -0.63 "" ""
3543.16 607.01214 2.908 -1.047 7.724 1412Ra0205
3543.166 23.1 4.241 -9.04 "" ""
3543.169 607.01214 2.908 -3.997 7.724 1412Qd0205
3543.182 22.0 2.248 -1.32 "" ""
3543.185 23.0 0.069 -4.17 "" ""
3543.244 27.0059 1.881 -1.868 Lawle15HFS ""
3543.244 27.0059 1.881 -2.256 Lawle15HFS ""
3543.246 27.0059 1.881 -1.613 Lawle15HFS ""
3543.25 27.0059 1.881 -1.415 Lawle15HFS ""
3543.25 27.0059 1.881 -2.001 Lawle15HFS ""
3543.253 27.0059 1.881 -1.813 Lawle15HFS ""
3543.253 27.0059 1.881 -2.286 Lawle15HFS ""
3543.254 607.01214 2.827 -1.638 7.724 1412Rb0045
3543.256 27.0059 1.881 -1.251 Lawle15HFS ""
3543.258 27.0059 1.881 -1.722 Lawle15HFS ""
3543.259 27.0059 1.881 -2.256 Lawle15HFS ""
3543.264 27.0059 1.881 -1.11 Lawle15HFS ""
3543.265 27.0059 1.881 -1.7 Lawle15HFS ""
3543.267 27.0059 1.881 -2.307 Lawle15HFS ""
3543.272 607.01314 2.77 -1.837 7.724 1412Pb0035
3543.274 27.0059 1.881 -1.754 Lawle15HFS ""
3543.277 27.0059 1.881 -2.432 Lawle15HFS ""
3543.278 607.01314 2.77 -3.269 7.724 1412Qc0035
3543.281 58.1 1.194 -0.14 "" ""
3543.282 607.01314 2.77 -1.724 7.724 1412Pa0045
3543.284 27.0059 1.881 -1.95 Lawle15HFS ""
3543.289 27.0059 1.881 -2.654 Lawle15HFS ""
3543.291 25.0 4.723 -2.18 "" ""
3543.302 27.0059 1.881 -3.065 Lawle15HFS ""
3543.33 607.01214 2.916 -1.047 7.724 1412Rb0205
3543.338 607.01214 2.827 -1.565 7.724 1412Ra0055
3543.34 60.1 0.0 -1.07 LAWLER ""
3543.341 607.01214 2.827 -3.45 7.724 1412Qd0055
3543.36 26.1 5.566 -2.58 "" ""
3543.382 27.0 3.25 -1.74 "" ""
3543.385 26.0 2.431 -2.2 "" ""
3543.396 607.01214 2.916 -1.028 7.724 1412Ra0215
3543.406 607.01214 2.916 -4.017 7.724 1412Qd0215
3543.418 106.00112 0.995 -7.402 3.464 AX52P135
3543.434 20.0 2.519 -8.8 "" ""
3543.442 26.1 4.728 -4.86 "" ""
3543.446 26.0 3.879 -3.75 "" ""
3543.46 20.0 2.519 -7.5 "" ""
3543.473 20.0 2.519 -7.31 "" ""
3543.494 23.0 1.182 -0.65 LAWNOHFS ""
3543.505 106.00113 0.348 -6.4 3.464 AX31R025
3543.511 607.01214 2.825 -1.727 7.724 1412Rb0035
3543.514 58.1 0.736 -0.89 "" ""
3543.523 106.00113 0.348 -6.39 3.464 AX31R025
3543.556 22.0 1.732 -2.85 "" ""
3543.561 25.1 6.663 -4.65 "" ""
3543.581 607.01214 2.825 -1.638 7.724 1412Ra0045
3543.584 607.01214 2.825 -3.369 7.724 1412Qd0045
3543.599 20.0 2.521 -6.61 "" ""
3543.614 23.0 2.576 -1.58 "" ""
3543.628 607.01214 2.925 -1.028 7.724 1412Rb0215
3543.638 24.0 3.432 -3.07 "" ""
3543.64 106.00113 0.097 -5.4 3.464 AX20P065
3543.664 106.00112 1.092 -6.675 3.464 AX52Q155
3543.668 607.01214 2.925 -1.009 7.724 1412Ra0225
3543.675 26.0 3.412 -0.77 "" ""
3543.679 607.01214 2.925 -4.037 7.724 1412Qd0225
3543.686 106.00112 1.092 -4.531 3.464 AX52P165
3543.691 106.00113 0.097 -6.721 3.464 AX20Q065
3543.693 106.00112 1.092 -4.585 3.464 AX52P155
3543.727 92.0 0.908 0.21 "" ""
3543.749 21.0 1.864 -0.63 "" ""
3543.757 106.00113 1.25 -6.982 3.464 AX52R185
3543.763 23.0 1.941 -2.97 "" ""
3543.772 106.00112 0.411 -7.039 3.464 AX20R145
3543.778 607.01314 2.772 -1.724 7.724 1412Pb0045
3543.783 106.00113 1.078 -7.945 3.464 AX41P205
3543.785 106.00113 1.25 -4.223 3.464 AX52Q185
3543.791 607.01314 2.772 -3.368 7.724 1412Qc0045
3543.794 607.01314 2.772 -1.635 7.724 1412Pa0055
3543.797 607.01214 2.823 -1.839 7.724 1412Rb0025
3543.801 26.0 3.881 -1.34 "" ""
3543.806 106.00112 0.411 -4.578 3.464 AX20Q145
3543.813 23.0 1.08 -3.27 "" ""
3543.816 106.00113 1.25 -4.202 3.464 AX52Q195
3543.843 24.0 2.707 -2.85 "" ""
3543.844 106.00113 1.25 -6.492 3.464 AX52P195
3543.852 607.01214 2.823 -1.727 7.724 1412Ra0035
3543.854 607.01214 2.823 -3.27 7.724 1412Qd0035
3543.868 106.00112 0.411 -4.538 3.464 AX20Q155
3543.9 65.1 0.0 -0.29 LAWNOHFS ""
3543.901 106.00112 0.411 -6.727 3.464 AX20P155
3543.909 25.0 4.675 -3.33 "" ""
3543.915 106.00113 0.097 -5.399 3.464 AX20P065
3543.919 106.00113 0.097 -5.32 3.464 AX20P075
3543.928 42.0 1.469 -2.91 "" ""
3543.93 25.0 3.376 -2.53 "" ""
3543.946 106.00113 1.213 -7.329 3.464 CX01P225
3543.946 45.0 0.701 -0.46 "" ""
3543.956 28.0 3.838 -3.72 "" ""
3543.961 607.01214 0.525 -0.842 7.724 0100Ra0475
3543.967 106.00113 0.097 -6.734 3.464 AX20Q065
3543.968 607.01214 2.935 -1.009 7.724 1412Rb0225
3543.978 39.1 3.409 -0.5 "" ""
3543.979 607.01214 2.935 -0.992 7.724 1412Ra0235
3543.99 607.01214 2.935 -4.056 7.724 1412Qd0235
3544.011 26.0 3.637 -3.13 "" ""
3544.012 25.0 4.191 -3.63 "" ""
3544.015 607.01214 0.524 -0.85 7.724 0100Rb0465
3544.018 90.0 1.09 0.17 "" ""
3544.021 41.0 0.0 -1.03 "" ""
3544.033 23.0 1.71 -3.06 "" ""
3544.058 607.01214 0.525 -4.494 7.724 0100Qd0475
3544.112 607.01214 2.822 -1.994 7.724 1412Rb0015
3544.152 607.01214 2.822 -1.839 7.724 1412Ra0025
3544.153 607.01214 2.822 -3.14 7.724 1412Qd0025
3544.164 106.00113 0.098 -5.321 3.464 AX20P075
3544.187 23.0 1.929 -5.21 "" ""
3544.203 66.1 1.223 0.05 "" ""
3544.206 92.1 0.778 -0.71 "" ""
3544.21 25.0 3.761 -2.48 "" ""
3544.21 25.0 3.761 -2.84 "" ""
3544.266 25.0 4.357 -3.5 "" ""
3544.312 106.00112 0.996 -7.443 3.464 AX52P135
3544.314 106.00112 1.612 -8.554 3.464 CX34Q145
3544.315 607.01314 2.775 -1.635 7.724 1412Pb0055
3544.329 607.01214 2.945 -0.975 7.724 1412Ra0245
3544.33 607.01314 2.775 -3.449 7.724 1412Qc0055
3544.336 607.01314 2.775 -1.561 7.724 1412Pa0065
3544.34 106.00112 1.612 -4.961 3.464 CX34P155
3544.341 607.01214 2.945 -4.074 7.724 1412Qd0245
3544.347 66.1 1.169 -0.0 "" ""
3544.351 607.01214 2.945 -0.992 7.724 1412Rb0235
3544.379 22.0 1.748 -3.64 "" ""
3544.386 106.00112 1.612 -5.129 3.464 CX34P145
3544.39 65.1 0.816 -0.43 LAWNOHFS ""
3544.43 28.0 3.83 -2.0 "" ""
3544.456 607.01214 2.821 -2.249 7.724 1412Rb0005
3544.48 607.01214 2.821 -1.994 7.724 1412Ra0015
3544.481 607.01214 2.821 -2.948 7.724 1412Qd0015
3544.494 24.0 3.099 -1.17 "" ""
3544.526 25.0 3.37 -5.07 "" ""
3544.595 26.0 2.448 -5.1 "" ""
3544.597 26.0 2.607 -4.08 "" ""
3544.606 42.0 2.075 -1.43 "" ""
3544.623 24.0 3.077 -4.08 "" ""
3544.63 26.0 2.607 -1.86 "" ""
3544.644 21.0 2.318 -3.0 "" ""
3544.648 41.0 0.739 -0.6 "" ""
3544.703 25.1 6.18 -3.73 "" ""
3544.728 22.0 2.479 -2.58 "" ""
3544.734 607.01214 2.955 -4.091 7.724 1412Qd0255
3544.748 22.0 2.493 -3.45 "" ""
3544.781 607.01214 2.955 -0.975 7.724 1412Rb0245
3544.836 607.01214 2.82 -2.249 7.724 1412Ra0005
3544.837 607.01214 2.82 -2.55 7.724 1412Qd0005
3544.861 106.00112 0.412 -7.056 3.464 AX20R145
3544.874 26.0 2.48 -5.4 "" ""
3544.878 607.01314 2.777 -1.561 7.724 1412Pb0065
3544.895 106.00112 0.412 -4.538 3.464 AX20Q155
3544.895 106.00112 0.412 -4.578 3.464 AX20Q145
3544.896 607.01314 2.777 -3.516 7.724 1412Qc0065
3544.903 607.01314 2.778 -1.498 7.724 1412Pa0075
3544.929 106.00112 0.412 -6.711 3.464 AX20P155
3544.957 29.0 5.417 -1.12 "" ""
3544.961 23.0 2.614 -3.05 "" ""
3544.962 607.01214 0.503 -0.85 7.724 0100Ra0465
3544.98 64.1 0.556 -1.11 LAWLER ""
3544.986 24.0 2.708 -2.84 "" ""
3544.994 90.1 1.165 -1.03 "" ""
3544.998 26.0 3.639 -5.36 "" ""
3545.011 23.1 5.808 -3.5 "" ""
3545.016 607.01214 0.503 -0.859 7.724 0100Rb0455
3545.029 27.1 2.202 -2.18 "" ""
3545.042 26.0 3.926 -2.17 "" ""
3545.058 607.01214 0.503 -4.485 7.724 0100Qd0465
3545.07 23.1 2.759 -2.33 "" ""
3545.074 26.0 3.881 -1.97 "" ""
3545.154 106.00113 0.409 -7.038 3.464 AX20R145
3545.161 28.0 1.949 -2.51 "" ""
3545.166 106.00113 1.142 -5.297 3.464 AX20R265
3545.177 24.0 3.319 -2.8 "" ""
3545.181 20.0 2.521 -7.57 "" ""
3545.181 90.1 1.641 -0.01 "" ""
3545.186 23.1051 1.095 -2.662 LAWLER ""
3545.189 23.1051 1.095 -2.244 LAWLER ""
3545.19 106.00113 0.409 -4.577 3.464 AX20Q145
3545.19 23.1051 1.095 -1.662 LAWLER ""
3545.193 23.1051 1.095 -1.48 LAWLER ""
3545.193 23.1051 1.095 -2.01 LAWLER ""
3545.195 23.1051 1.095 -0.922 LAWLER ""
3545.195 23.1051 1.095 -1.446 LAWLER ""
3545.195 23.1051 1.095 -1.864 LAWLER ""
3545.197 23.1051 1.095 -1.093 LAWLER ""
3545.197 23.1051 1.095 -1.505 LAWLER ""
3545.197 23.1051 1.095 -1.767 LAWLER ""
3545.198 23.1051 1.095 -1.3 LAWLER ""
3545.198 23.1051 1.095 -1.688 LAWLER ""
3545.2 23.1051 1.095 -1.571 LAWLER ""
3545.2 23.1051 1.095 -1.989 LAWLER ""
3545.203 106.00113 1.251 -4.202 3.464 AX52Q195
3545.207 20.0 2.521 -6.95 "" ""
3545.218 106.00113 1.251 -7.005 3.464 AX52R185
3545.225 74.0 0.0 -1.84 "" ""
3545.234 106.00113 1.251 -6.471 3.464 AX52P195
3545.236 25.1 4.494 -5.2 "" ""
3545.247 106.00113 0.409 -4.538 3.464 AX20Q155
3545.248 106.00113 1.251 -4.223 3.464 AX52Q185
3545.255 106.00113 1.142 -5.179 3.464 AX20R255
3545.283 106.00112 1.22 -7.329 3.464 CX01P225
3545.284 106.00113 0.409 -6.726 3.464 AX20P155
3545.285 90.1 0.189 -1.45 "" ""
3545.29 106.00113 1.142 -7.012 3.464 AX20Q265
3545.334 23.0 1.194 -0.64 LAWNOHFS ""
3545.349 23.0 1.852 -4.21 "" ""
3545.373 23.0 1.71 -0.98 "" ""
3545.377 23.0 1.944 -2.86 "" ""
3545.377 26.0 3.881 -3.86 "" ""
3545.417 23.0 2.573 -1.46 "" ""
3545.433 92.0 0.53 0.13 "" ""
3545.449 26.0 3.289 -4.81 "" ""
3545.467 607.01314 2.781 -1.498 7.724 1412Pb0075
3545.49 607.01314 2.781 -3.575 7.724 1412Qc0075
3545.491 76.1 1.935 -2.55 Quinet06 ""
3545.495 27.0 3.189 -1.8 "" ""
3545.499 607.01314 2.781 -1.443 7.724 1412Pa0085
3545.5 42.0 2.621 -1.54 "" ""
3545.505 26.0 3.271 -2.33 "" ""
3545.51 28.0 3.652 -1.82 "" ""
3545.525 24.1 7.38 -4.31 "" ""
3545.575 25.0 2.951 -5.01 "" ""
3545.584 106.00113 1.08 -8.004 3.464 AX41P205
3545.601 58.1 0.357 -0.71 BIEMONT ""
3545.619 106.00112 0.052 -7.671 3.464 AX20P045
3545.635 20.0 2.519 -2.3 "" ""
3545.635 27.0 3.229 -4.85 "" ""
3545.635 607.01214 2.821 -2.55 7.724 1412Qc0005
3545.64 26.0 2.849 -0.46 "" ""
3545.658 92.0 0.552 0.16 "" ""
3545.66 607.01214 2.821 -2.249 7.724 1412Pa0015
3545.676 42.0 3.263 -1.21 "" ""
3545.695 106.00112 1.22 -9.054 3.464 AX31R235
3545.707 24.0 3.108 -1.15 "" ""
3545.725 70.1 5.337 -0.82 "" ""
3545.729 23.1 5.792 -3.42 "" ""
3545.737 28.0 3.477 -4.57 "" ""
3545.742 58.1 1.212 -0.42 "" ""
3545.771 106.00112 0.052 -7.687 3.464 AX20P045
3545.783 58.1 0.326 -0.94 BIEMONT ""
3545.79 64.1 0.144 0.18 LAWLER ""
3545.822 106.00113 1.376 -9.882 3.464 CX23P155
3545.827 106.00113 1.37 -8.322 3.464 CX12P205
3545.83 26.0 3.045 -1.94 "" ""
3545.857 68.0 0.889 0.53 "" ""
3545.879 106.00112 1.148 -5.297 3.464 AX20R265
3545.897 106.00112 1.148 -5.179 3.464 AX20R255
3545.905 26.0 3.639 -2.91 "" ""
3545.909 58.1 0.932 -0.61 "" ""
3545.943 106.00112 1.148 -7.012 3.464 AX20Q265
3545.943 39.1 3.411 0.5 "" ""
3545.947 20.0 5.045 -2.34 "" ""
3545.954 607.01214 0.482 -0.859 7.724 0100Ra0455
3545.955 26.0 2.424 -5.57 "" ""
3546.007 607.01214 0.482 -0.868 7.724 0100Rb0445
3546.024 24.1 6.752 -3.6 "" ""
3546.049 607.01214 0.482 -4.475 7.724 0100Qd0455
3546.065 25.1 5.344 -4.17 "" ""
3546.077 607.01214 2.822 -2.948 7.724 1412Qc0015
3546.078 607.01214 2.822 -2.249 7.724 1412Pb0015
3546.083 607.01314 2.784 -1.443 7.724 1412Pb0085
3546.112 607.01314 2.784 -3.626 7.724 1412Qc0085
3546.118 607.01214 2.822 -1.993 7.724 1412Pa0025
3546.12 607.01314 2.784 -1.394 7.724 1412Pa0095
3546.134 24.1 4.916 -3.55 "" ""
3546.139 92.0 0.077 -0.31 "" ""
3546.153 26.0 3.881 -3.61 "" ""
3546.183 26.0 3.957 -3.84 "" ""
3546.189 58.1 0.232 -0.84 BIEMONT ""
3546.204 26.0 2.431 -2.23 "" ""
3546.229 106.00113 0.41 -7.056 3.464 AX20R145
3546.261 106.00113 0.41 -4.538 3.464 AX20Q155
3546.27 106.00113 0.41 -4.577 3.464 AX20Q145
3546.284 24.0 3.32 -2.57 "" ""
3546.299 24.0 3.108 -2.48 "" ""
3546.303 106.00113 0.41 -6.711 3.464 AX20P155
3546.34 60.1 0.38 -1.82 LAWLER ""
3546.377 26.0 3.637 -5.14 "" ""
3546.405 106.00113 1.284 -7.448 3.464 CX01P235
3546.436 29.0 5.565 -1.53 "" ""
3546.447 25.0 3.768 -3.41 "" ""
3546.53 6.0 8.634 -2.98 "" ""
3546.536 28.0 3.541 -2.5 "" ""
3546.548 607.01214 2.823 -3.14 7.724 1412Qc0025
3546.549 607.01214 2.823 -1.994 7.724 1412Pb0025
3546.555 23.0 1.711 -2.01 "" ""
3546.589 25.1 6.666 -3.33 "" ""
3546.605 607.01214 2.823 -1.838 7.724 1412Pa0035
3546.631 23.0 2.579 -2.76 "" ""
3546.633 22.1 5.028 -2.65 "" ""
3546.641 27.0 3.407 -4.15 "" ""
3546.65 58.1 0.327 -0.94 BIEMONT ""
3546.656 23.0 1.063 -3.33 "" ""
3546.667 27.0 2.041 -2.02 "" ""
3546.677 92.1 0.217 -1.07 "" ""
3546.691 27.0059 1.709 -3.678 Lawle15HFS ""
3546.695 27.0059 1.709 -2.813 Lawle15HFS ""
3546.699 27.0059 1.709 -2.187 Lawle15HFS ""
3546.701 27.0059 1.709 -3.25 Lawle15HFS ""
3546.704 27.0059 1.709 -2.652 Lawle15HFS ""
3546.708 27.0059 1.709 -2.403 Lawle15HFS ""
3546.709 27.0059 1.709 -3.0 Lawle15HFS ""
3546.712 27.0059 1.709 -2.66 Lawle15HFS ""
3546.715 27.0059 1.709 -2.686 Lawle15HFS ""
3546.716 27.0059 1.709 -2.824 Lawle15HFS ""
3546.717 27.0059 1.709 -2.824 Lawle15HFS ""
3546.719 24.0 3.319 -2.86 "" ""
3546.72 26.0 3.544 -5.31 "" ""
3546.72 27.0059 1.709 -3.125 Lawle15HFS ""
3546.724 106.00112 1.083 -7.944 3.464 AX41P205
3546.727 607.01314 2.788 -1.394 7.724 1412Pb0095
3546.744 25.1 6.387 -2.3 "" ""
3546.756 106.00112 0.459 -4.68 3.464 AX31R075
3546.763 607.01314 2.788 -3.672 7.724 1412Qc0095
3546.77 26.0 2.725 -5.15 "" ""
3546.772 607.01314 2.788 -1.35 7.724 1412Pa0105
3546.783 26.0 2.196 -3.43 "" ""
3546.788 23.0 1.944 -5.06 "" ""
3546.82 21.1 7.138 -6.11 "" ""
3546.83 66.1 0.1 -0.55 LAWLER ""
3546.91 106.00112 0.489 -4.654 3.464 AX31R085
3546.923 25.0 4.791 -3.25 "" ""
3546.937 607.01214 0.461 -0.868 7.724 0100Ra0445
3546.948 106.00112 0.459 -6.111 3.464 AX31Q085
3546.962 106.00112 0.459 -4.646 3.464 AX31R085
3546.963 26.0 3.544 -7.0 "" ""
3546.978 27.0 2.716 -2.55 "" ""
3546.979 23.0 1.063 -4.55 "" ""
3546.989 23.0 1.944 -3.25 "" ""
3546.99 607.01214 0.461 -0.877 7.724 0100Rb0435
3547.006 58.1 0.536 -0.88 BIEMONT ""
3547.01 106.00112 0.433 -4.713 3.464 AX31R065
3547.028 22.0 1.501 -0.46 LAWLER ""
3547.03 607.01214 0.461 -4.465 7.724 0100Qd0445
3547.048 607.01214 2.825 -3.27 7.724 1412Qc0035
3547.049 607.01214 2.825 -1.838 7.724 1412Pb0035
3547.05 24.0 3.099 -1.0 "" ""
3547.079 106.00112 0.489 -6.16 3.464 AX31Q095
3547.083 106.00112 0.489 -4.627 3.464 AX31R095
3547.085 23.1 2.368 -2.6 "" ""
3547.09 24.1 4.916 -2.75 "" ""
3547.098 106.00112 0.46 -4.68 3.464 AX31R075
3547.112 22.0 0.899 -1.63 "" ""
3547.12 607.01214 2.825 -1.726 7.724 1412Pa0045
3547.14 22.0 1.429 -4.63 "" ""
3547.144 106.00113 0.052 -7.671 3.464 AX20P045
3547.15 26.0 2.756 -6.01 "" ""
3547.153 25.1 6.64 -4.62 "" ""
3547.158 25.1 5.468 -2.71 "" ""
3547.16 26.0 3.298 -1.94 "" ""
3547.19 26.0 2.863 -3.63 "" ""
3547.191 92.1 0.217 -0.85 "" ""
3547.194 26.0 3.299 -0.92 "" ""
3547.222 26.0 2.806 -1.88 "" ""
3547.231 106.00112 0.433 -6.056 3.464 AX31Q075
3547.24 20.0 2.521 -5.32 "" ""
3547.255 106.00112 0.433 -4.67 3.464 AX31R075
3547.256 106.00112 0.46 -6.098 3.464 AX31Q085
3547.27 106.00112 0.46 -4.646 3.464 AX31R085
3547.274 106.00112 1.376 -8.322 3.464 CX12P205
3547.279 106.00112 0.433 -4.713 3.464 AX31R065
3547.295 106.00113 0.052 -7.687 3.464 AX20P045
3547.324 23.0 1.08 -4.06 "" ""
3547.332 106.00112 0.49 -4.654 3.464 AX31R085
3547.337 25.1 4.494 -7.42 "" ""
3547.337 90.0 0.457 -0.57 "" ""
3547.338 25.1 5.468 -2.94 "" ""
3547.354 106.00112 0.125 -5.3 3.464 AX20P075
3547.378 20.0 2.521 -2.13 "" ""
3547.383 20.0 2.521 -3.03 "" ""
3547.389 106.00112 0.125 -6.756 3.464 AX20Q075
3547.399 42.0 2.521 -1.12 "" ""
3547.405 607.01314 2.793 -1.35 7.724 1412Pb0105
3547.425 106.00112 1.381 -9.881 3.464 CX23P155
3547.438 25.0 3.769 -3.09 "" ""
3547.444 607.01314 2.793 -3.713 7.724 1412Qc0105
3547.454 607.01314 2.793 -1.31 7.724 1412Pa0115
3547.464 106.00112 0.49 -6.145 3.464 AX31Q095
3547.468 106.00112 0.49 -4.627 3.464 AX31R095
3547.47 106.00112 0.433 -6.044 3.464 AX31Q075
3547.478 23.0 1.941 -4.01 "" ""
3547.49 106.00112 0.522 -4.634 3.464 AX31R095
3547.494 106.00112 0.433 -4.671 3.464 AX31R075
3547.499 27.1 5.065 -2.19 "" ""
3547.501 68.0 1.432 1.07 "" ""
3547.512 25.0 3.769 -2.07 "" ""
3547.575 25.1 7.376 -5.61 "" ""
3547.576 607.01214 2.827 -3.37 7.724 1412Qc0045
3547.578 607.01214 2.827 -1.726 7.724 1412Pb0045
3547.588 106.00112 0.126 -5.229 3.464 AX20P085
3547.636 106.00112 0.522 -4.613 3.464 AX31R105
3547.64 106.00112 0.522 -6.204 3.464 AX31Q105
3547.654 106.00112 0.409 -4.752 3.464 AX31R055
3547.664 607.01214 2.827 -1.636 7.724 1412Pa0055
3547.679 40.0 0.071 -0.04 "" ""
3547.687 23.0 2.129 -2.7 "" ""
3547.706 106.00113 1.145 -5.298 3.464 AX20R265
3547.709 106.00112 0.126 -5.299 3.464 AX20P075
3547.713 25.0 3.769 -1.46 "" ""
3547.715 106.00112 0.342 -6.158 3.464 AX31R015
3547.717 106.00112 0.342 -6.151 3.464 AX31R015
3547.732 106.00112 1.222 -8.989 3.464 AX31R235
3547.744 106.00112 0.126 -6.771 3.464 AX20Q075
3547.752 106.00112 1.292 -7.448 3.464 CX01P235
3547.762 24.0 4.172 -0.73 "" ""
3547.765 26.0 3.544 -1.57 "" ""
3547.766 24.0 3.123 -1.52 "" ""
3547.785 23.1 4.513 -2.49 "" ""
3547.788 25.0055 2.296 -0.32 LAWHFS ""
3547.788 25.0055 2.296 -0.424 LAWHFS ""
3547.789 25.0055 2.296 -0.537 LAWHFS ""
3547.789 25.0055 2.296 -0.659 LAWHFS ""
3547.79 25.0055 2.296 -0.789 LAWHFS ""
3547.791 25.0055 2.296 -0.922 LAWHFS ""
3547.795 25.1 6.9 -4.26 "" ""
3547.796 25.0055 2.296 -1.433 LAWHFS ""
3547.797 25.0055 2.296 -1.245 LAWHFS ""
3547.798 25.0055 2.296 -1.19 LAWHFS ""
3547.8 25.0055 2.296 -1.228 LAWHFS ""
3547.802 25.0055 2.296 -1.416 LAWHFS ""
3547.803 106.00113 1.145 -6.973 3.464 AX20Q265
3547.803 25.0055 2.296 -2.53 LAWHFS ""
3547.806 25.0055 2.296 -2.4 LAWHFS ""
3547.81 25.0055 2.296 -2.495 LAWHFS ""
3547.812 26.0 2.452 -4.01 "" ""
3547.813 25.0055 2.296 -2.832 LAWHFS ""
3547.814 22.0 1.738 -5.15 "" ""
3547.827 24.0 3.32 -1.93 "" ""
3547.83 26.0 3.639 -2.09 "" ""
3547.857 106.00112 0.409 -4.752 3.464 AX31R055
3547.858 106.00113 1.145 -5.179 3.464 AX20R255
3547.899 26.0 2.873 -1.5 "" ""
3547.907 106.00112 0.126 -5.229 3.464 AX20P085
3547.91 607.01214 0.44 -0.877 7.724 0100Ra0435
3547.912 66.1 2.18 0.35 "" ""
3547.913 106.00112 0.409 -5.992 3.464 AX31Q065
3547.915 26.0 3.6 -3.82 "" ""
3547.916 20.0 2.524 -6.73 "" ""
3547.946 24.0 3.094 -0.29 "" ""
3547.949 106.00112 0.409 -4.7 3.464 AX31R065
3547.962 607.01214 0.44 -0.886 7.724 0100Rb0425
3547.963 66.0 0.0 -1.77 "" ""
3548.001 106.00112 0.523 -4.634 3.464 AX31R095
3548.002 607.01214 0.44 -4.455 7.724 0100Qd0435
3548.007 25.0055 2.296 -1.409 LAWHFS ""
3548.009 25.0055 2.296 -1.227 LAWHFS ""
3548.011 25.0055 2.296 -1.196 LAWHFS ""
3548.012 25.0055 2.296 -1.261 LAWHFS ""
3548.014 25.0055 2.296 -1.459 LAWHFS ""
3548.019 25.0055 2.296 -1.14 LAWHFS ""
3548.019 25.0055 2.296 -1.204 LAWHFS ""
3548.019 26.0 3.015 -1.26 "" ""
3548.02 25.0055 2.296 -0.588 LAWHFS ""
3548.02 25.0055 2.296 -0.773 LAWHFS ""
3548.02 25.0055 2.296 -0.965 LAWHFS ""
3548.021 25.0055 2.296 -0.417 LAWHFS ""
3548.024 25.0055 2.296 -1.459 LAWHFS ""
3548.026 25.0055 2.296 -1.261 LAWHFS ""
3548.029 25.0055 2.296 -1.196 LAWHFS ""
3548.031 25.0055 2.296 -1.227 LAWHFS ""
3548.034 25.0055 2.296 -1.409 LAWHFS ""
3548.038 26.1 5.565 -2.35 "" ""
3548.068 24.0 3.085 -4.29 "" ""
3548.087 27.0 3.252 -5.43 "" ""
3548.09 106.00112 0.41 -5.982 3.464 AX31Q065
3548.105 607.01314 2.797 -1.31 7.724 1412Pb0115
3548.106 106.00112 0.523 -4.613 3.464 AX31R105
3548.111 106.00112 0.523 -6.187 3.464 AX31Q105
3548.12 23.0 2.576 -2.77 "" ""
3548.127 106.00112 0.41 -4.701 3.464 AX31R065
3548.131 41.0 0.197 -1.54 "" ""
3548.134 607.01214 2.829 -3.45 7.724 1412Qc0055
3548.137 607.01214 2.829 -1.637 7.724 1412Pb0055
3548.144 106.00113 0.458 -4.68 3.464 AX31R075
3548.157 607.01314 2.797 -3.751 7.724 1412Qc0115
3548.159 25.0055 2.296 -2.874 LAWHFS ""
3548.165 25.0055 2.296 -2.522 LAWHFS ""
3548.165 28.0 0.275 -1.46 "" ""
3548.166 607.01314 2.797 -1.274 7.724 1412Pa0125
3548.17 25.0055 2.296 -2.396 LAWHFS ""
3548.171 25.0055 2.296 -1.656 LAWHFS ""
3548.174 25.0055 2.296 -1.48 LAWHFS ""
3548.179 25.0055 2.296 -1.521 LAWHFS ""
3548.181 25.0055 2.296 -1.697 LAWHFS ""
3548.183 28.0 0.212 -1.54 LAWLER ""
3548.184 25.0055 2.296 -0.738 LAWHFS ""
3548.184 25.0055 2.296 -1.727 LAWHFS ""
3548.185 25.0055 2.296 -1.442 LAWHFS ""
3548.186 25.0055 2.296 -0.878 LAWHFS ""
3548.186 25.0055 2.296 -1.22 LAWHFS ""
3548.187 25.0055 2.296 -1.036 LAWHFS ""
3548.188 25.0 3.38 -3.36 "" ""
3548.197 66.1 1.661 0.4 "" ""
3548.206 25.0 3.769 -2.92 "" ""
3548.235 607.01214 2.829 -1.563 7.724 1412Pa0065
3548.242 26.0 3.544 -6.29 "" ""
3548.263 68.1 0.636 -0.61 LAWLER ""
3548.278 106.00112 0.465 -7.074 3.464 AX20R155
3548.28 25.0 3.769 -3.12 "" ""
3548.282 106.00113 0.487 -4.654 3.464 AX31R085
3548.295 25.1 6.908 -4.71 "" ""
3548.317 106.00112 0.465 -4.538 3.464 AX20Q155
3548.328 23.0 1.929 -2.12 "" ""
3548.335 106.00113 0.458 -6.111 3.464 AX31Q085
3548.35 106.00113 0.458 -4.645 3.464 AX31R085
3548.365 106.00112 0.465 -4.5 3.464 AX20Q165
3548.383 25.0 4.35 -1.45 "" ""
3548.404 106.00112 0.465 -6.731 3.464 AX20P165
3548.412 106.00113 0.431 -4.713 3.464 AX31R065
3548.427 42.0 2.075 -1.61 "" ""
3548.432 106.00112 1.151 -5.298 3.464 AX20R265
3548.442 27.0 1.709 -1.27 LAWNHFS ""
3548.446 27.0 2.278 -2.07 "" ""
3548.45 106.00113 0.488 -6.16 3.464 AX31Q095
3548.457 106.00113 0.488 -4.626 3.464 AX31R095
3548.462 20.0 1.899 -6.68 LAWLER ""
3548.478 69.1 2.604 0.41 "" ""
3548.485 106.00113 0.458 -4.68 3.464 AX31R075
3548.49 23.0 1.892 -2.02 "" ""
3548.496 106.00112 1.151 -6.973 3.464 AX20Q265
3548.518 106.00112 0.559 -4.619 3.464 AX31R105
3548.528 26.0 3.544 -5.51 "" ""
3548.537 24.0 3.32 -2.16 "" ""
3548.542 106.00112 1.151 -5.179 3.464 AX20R255
3548.548 26.1 4.491 -4.18 "" ""
3548.565 106.00112 1.085 -8.003 3.464 AX41P205
3548.614 25.0 4.682 -3.59 "" ""
3548.614 92.0 0.53 -0.07 "" ""
3548.632 106.00113 0.431 -6.055 3.464 AX31Q075
3548.641 106.00112 0.559 -4.605 3.464 AX31R115
3548.642 106.00113 0.458 -6.097 3.464 AX31Q085
3548.648 25.0 4.675 -0.91 "" ""
3548.651 106.00113 0.458 -4.646 3.464 AX31R085
3548.653 106.00112 0.559 -6.244 3.464 AX31Q115
3548.657 106.00113 0.431 -4.67 3.464 AX31R075
3548.67 106.00112 0.389 -4.801 3.464 AX31R045
3548.671 23.0 2.129 -1.23 "" ""
3548.68 106.00113 0.431 -4.713 3.464 AX31R065
3548.705 106.00113 0.488 -4.654 3.464 AX31R085
3548.719 66.1 1.845 0.21 "" ""
3548.721 42.0 2.678 -1.44 "" ""
3548.721 607.01214 2.832 -3.518 7.724 1412Qc0065
3548.722 23.0 1.868 -2.93 "" ""
3548.723 23.0 2.027 -4.68 "" ""
3548.724 607.01214 2.832 -1.563 7.724 1412Pb0065
3548.727 106.00113 1.358 -7.601 3.464 CX01P245
3548.73 24.0 3.432 -1.79 "" ""
3548.736 24.0 2.707 -4.36 "" ""
3548.77 62.1 0.434 -2.04 LAWLER ""
3548.774 22.0 1.732 -3.24 "" ""
3548.801 21.1 1.356 -4.51 "" ""
3548.801 23.0 2.581 -5.06 "" ""
3548.81 60.1 0.0 -2.08 LAWLER ""
3548.817 106.00112 0.389 -4.8 3.464 AX31R045
3548.831 58.1 1.194 -0.28 "" ""
3548.833 106.00113 0.488 -4.627 3.464 AX31R095
3548.835 607.01214 2.832 -1.5 7.724 1412Pa0075
3548.836 106.00113 0.488 -6.145 3.464 AX31Q095
3548.843 607.01314 2.803 -1.274 7.724 1412Pb0125
3548.847 106.00113 0.125 -5.299 3.464 AX20P075
3548.848 106.00113 0.52 -4.633 3.464 AX31R095
3548.87 106.00113 0.432 -6.044 3.464 AX31Q075
3548.874 607.01214 0.421 -0.886 7.724 0100Ra0425
3548.882 106.00113 0.125 -6.756 3.464 AX20Q075
3548.89 106.00113 0.432 -4.67 3.464 AX31R075
3548.903 607.01314 2.803 -3.785 7.724 1412Qc0125
3548.915 22.0 2.47 -2.88 "" ""
3548.915 607.01314 2.803 -1.24 7.724 1412Pa0135
3548.926 607.01214 0.421 -0.896 7.724 0100Rb0415
3548.933 24.0 3.123 -1.51 "" ""
3548.965 607.01214 0.421 -4.445 7.724 0100Qd0425
3548.98 106.00112 0.389 -5.917 3.464 AX31Q055
3548.998 106.00113 0.52 -4.613 3.464 AX31R105
3548.998 106.00113 0.52 -6.204 3.464 AX31Q105
3549.0 39.1 0.13 -0.29 Biemont11 ""
3549.032 106.00112 0.389 -4.736 3.464 AX31R055
3549.036 23.1 2.489 -2.36 "" ""
3549.056 73.0 0.491 -1.51 "" ""
3549.06 74.1 2.055 -1.28 "" ""
3549.065 26.0 3.879 -2.18 "" ""
3549.067 106.00113 0.408 -4.752 3.464 AX31R055
3549.081 106.00113 0.125 -5.229 3.464 AX20P085
3549.082 25.1 5.468 -4.2 "" ""
3549.105 106.00112 0.389 -5.908 3.464 AX31Q055
3549.113 106.00112 1.456 -8.981 3.464 CX34P105
3549.125 106.00112 0.559 -4.619 3.464 AX31R105
3549.135 42.0 2.553 -1.94 "" ""
3549.156 106.00112 0.389 -4.737 3.464 AX31R055
3549.165 106.00113 0.341 -6.157 3.464 AX31R015
3549.167 106.00113 0.341 -6.151 3.464 AX31R015
3549.169 25.0 4.791 -2.72 "" ""
3549.183 23.0 1.042 -7.28 "" ""
3549.197 6.0 8.636 -4.43 "" ""
3549.198 106.00113 0.125 -5.299 3.464 AX20P075
3549.203 106.00112 0.559 -4.606 3.464 AX31R115
3549.206 24.0 3.099 0.01 "" ""
3549.215 106.00112 0.559 -6.226 3.464 AX31Q115
3549.225 25.0 3.37 -4.43 "" ""
3549.233 106.00113 0.125 -6.77 3.464 AX20Q075
3549.247 66.1 1.57 -0.1 "" ""
3549.26 41.0 1.661 -0.39 "" ""
3549.27 106.00113 0.408 -4.752 3.464 AX31R055
3549.299 26.0 3.209 -4.95 "" ""
3549.314 24.0 3.142 -0.97 "" ""
3549.325 106.00113 0.408 -5.992 3.464 AX31Q065
3549.338 607.01214 2.835 -3.577 7.724 1412Qc0075
3549.341 607.01214 2.835 -1.5 7.724 1412Pb0075
3549.36 64.1 0.24 0.29 LAWLER ""
3549.361 106.00113 0.521 -4.633 3.464 AX31R095
3549.362 106.00113 0.408 -4.7 3.464 AX31R065
3549.397 106.00113 0.125 -5.229 3.464 AX20P085
3549.405 25.0 3.761 -7.42 "" ""
3549.427 22.0 1.738 -3.36 "" ""
3549.456 106.00113 0.521 -4.613 3.464 AX31R105
3549.463 607.01214 2.835 -1.445 7.724 1412Pa0085
3549.469 106.00113 0.521 -6.187 3.464 AX31Q105
3549.498 106.00112 0.466 -7.092 3.464 AX20R155
3549.501 106.00113 0.408 -5.981 3.464 AX31Q065
3549.504 106.00113 1.286 -7.113 3.464 AX41Q235
3549.508 40.1 1.236 -0.72 Ljung06 ""
3549.521 106.00112 0.466 -4.501 3.464 AX20Q165
3549.532 106.00113 1.138 -6.659 3.464 AX52Q165
3549.535 106.00113 0.408 -4.7 3.464 AX31R065
3549.537 106.00112 0.466 -4.538 3.464 AX20Q155
3549.537 45.0 0.41 -0.6 "" ""
3549.541 106.00113 1.286 -4.618 3.464 AX41P245
3549.545 22.0 1.732 -7.46 "" ""
3549.548 106.00113 1.138 -4.531 3.464 AX52P165
3549.56 106.00112 0.466 -6.715 3.464 AX20P165
3549.57 21.1 7.138 -3.91 "" ""
3549.575 106.00113 1.286 -4.693 3.464 AX41P235
3549.596 90.0 1.005 0.06 "" ""
3549.603 106.00113 1.138 -4.478 3.464 AX52P175
3549.606 22.0 1.748 -3.79 "" ""
3549.613 106.00113 0.462 -7.073 3.464 AX20R155
3549.613 607.01314 2.808 -1.24 7.724 1412Pb0135
3549.618 68.0 0.891 0.42 "" ""
3549.656 106.00113 0.462 -4.538 3.464 AX20Q155
3549.657 39.0 0.066 -2.94 "" ""
3549.687 607.01314 2.808 -3.817 7.724 1412Qc0135
3549.698 106.00113 0.462 -4.5 3.464 AX20Q165
3549.702 607.01314 2.808 -1.208 7.724 1412Pa0145
3549.725 40.0 0.998 -0.04 "" ""
3549.741 106.00113 0.462 -6.731 3.464 AX20P165
3549.777 23.1 6.659 -3.11 "" ""
3549.798 23.0 1.871 -6.25 "" ""
3549.807 26.0 3.6 -2.25 "" ""
3549.823 70.1 4.095 -0.54 "" ""
3549.829 23.0 1.948 -3.5 "" ""
3549.829 607.01214 0.401 -0.896 7.724 0100Ra0415
3549.844 68.1 0.669 -0.29 LAWLER ""
3549.865 26.0 1.607 -2.54 "" ""
3549.867 106.00113 0.556 -4.619 3.464 AX31R105
3549.868 28.0 3.396 -4.63 "" ""
3549.88 607.01214 0.401 -0.906 7.724 0100Rb0405
3549.882 24.0 2.708 -3.51 "" ""
3549.886 75.0 1.456 -0.89 "" ""
3549.918 607.01214 0.401 -4.435 7.724 0100Qd0415
3549.941 26.0 3.544 -4.94 "" ""
3549.966 25.0 4.255 -1.57 "" ""
3549.979 20.0 2.524 -6.71 "" ""
3549.984 607.01214 2.839 -3.628 7.724 1412Qc0085
3549.987 607.01214 2.839 -1.445 7.724 1412Pb0085
3549.995 106.00113 0.556 -4.605 3.464 AX31R115
3550.001 106.00113 0.556 -6.244 3.464 AX31Q115
3550.017 106.00112 0.598 -4.611 3.464 AX31R115
3550.038 106.00112 0.372 -4.862 3.464 AX31R035
3550.04 106.00113 1.214 -9.053 3.464 AX31R235
3550.065 20.0 4.76 -2.59 "" ""
3550.08 23.0 1.944 -4.43 "" ""
3550.084 106.00112 1.366 -7.601 3.464 CX01P245
3550.091 106.00113 0.388 -4.8 3.464 AX31R045
3550.117 20.0 2.524 -1.97 "" ""
3550.117 20.0 2.524 -3.03 "" ""
3550.118 607.01214 2.839 -1.396 7.724 1412Pa0095
3550.119 106.00112 0.598 -4.604 3.464 AX31R125
3550.122 20.0 2.524 -4.58 "" ""
3550.137 106.00112 0.372 -4.862 3.464 AX31R035
3550.138 106.00112 0.598 -6.281 3.464 AX31Q125
3550.142 74.1 3.118 -1.67 "" ""
3550.155 69.1 3.419 0.31 "" ""
3550.172 92.0 0.714 0.11 "" ""
3550.173 27.0 3.168 -1.24 LAWNHFS ""
3550.21 62.0 0.185 -2.45 "" ""
3550.22 66.1 0.59 0.27 LAWLER ""
3550.237 106.00113 0.388 -4.8 3.464 AX31R045
3550.263 20.0 1.899 -8.58 LAWLER ""
3550.266 44.0 0.259 -1.86 "" ""
3550.292 90.1 1.547 -0.66 "" ""
3550.374 25.0 3.376 -3.92 "" ""
3550.4 106.00113 0.388 -5.916 3.464 AX31Q055
3550.407 28.0 3.844 -2.9 "" ""
3550.418 25.1 6.86 -6.54 "" ""
3550.424 106.00112 0.372 -5.826 3.464 AX31Q045
3550.439 607.01314 2.814 -1.208 7.724 1412Pb0145
3550.445 24.0 3.165 -0.52 "" ""
3550.446 41.0 0.049 -1.21 "" ""
3550.447 40.0 0.0 -0.56 "" ""
3550.451 106.00113 0.388 -4.736 3.464 AX31R055
3550.474 26.0 3.926 -2.29 "" ""
3550.476 106.00113 0.557 -4.619 3.464 AX31R105
3550.494 106.00112 0.372 -4.779 3.464 AX31R045
3550.505 106.00112 0.373 -5.819 3.464 AX31Q045
3550.509 23.0 1.944 -4.68 "" ""
3550.511 607.01314 2.814 -3.847 7.724 1412Qc0145
3550.524 106.00113 0.388 -5.908 3.464 AX31Q055
3550.525 607.01314 2.814 -1.179 7.724 1412Pa0155
3550.542 106.00113 0.557 -4.605 3.464 AX31R115
3550.543 25.0 4.682 -3.22 "" ""
3550.561 27.0 3.168 -1.0 "" ""
3550.566 106.00113 0.557 -6.225 3.464 AX31Q115
3550.573 106.00113 0.388 -4.736 3.464 AX31R055
3550.575 106.00112 0.373 -4.779 3.464 AX31R045
3550.577 27.0059 0.174 -2.794 Lawle15HFS ""
3550.577 27.0059 0.174 -2.97 Lawle15HFS ""
3550.577 27.0059 0.174 -3.22 Lawle15HFS ""
3550.579 27.0059 0.174 -3.648 Lawle15HFS ""
3550.582 27.0059 0.174 -2.794 Lawle15HFS ""
3550.584 27.0059 0.174 -2.63 Lawle15HFS ""
3550.587 27.0059 0.174 -2.622 Lawle15HFS ""
3550.59 27.0059 0.174 -3.095 Lawle15HFS ""
3550.591 27.0059 0.174 -2.783 Lawle15HFS ""
3550.593 26.0 3.879 -3.19 "" ""
3550.595 27.0059 0.174 -2.656 Lawle15HFS ""
3550.6 27.0059 0.174 -2.373 Lawle15HFS ""
3550.607 27.0059 0.174 -2.157 Lawle15HFS ""
3550.62 24.0 3.193 0.21 "" ""
3550.659 607.01214 2.843 -3.674 7.724 1412Qc0095
3550.663 607.01214 2.843 -1.396 7.724 1412Pb0095
3550.692 22.0 2.504 -1.58 "" ""
3550.712 27.1 2.983 -2.47 "" ""
3550.726 106.00112 0.599 -4.611 3.464 AX31R115
3550.771 106.00113 1.14 -6.687 3.464 AX52Q165
3550.774 607.01214 0.382 -0.906 7.724 0100Ra0405
3550.776 106.00113 1.14 -4.479 3.464 AX52P175
3550.78 106.00112 0.599 -4.604 3.464 AX31R125
3550.786 106.00113 1.14 -4.531 3.464 AX52P165
3550.8 106.00112 0.599 -6.261 3.464 AX31Q125
3550.802 607.01214 2.843 -1.352 7.724 1412Pa0105
3550.809 57.1 0.0 -1.9 "" ""
3550.817 106.00113 0.463 -7.092 3.464 AX20R155
3550.817 23.1 5.845 -3.04 "" ""
3550.822 92.1 0.0 -0.79 Nils02/9 ""
3550.824 607.01214 0.382 -0.916 7.724 0100Rb0395
3550.828 69.1 3.129 0.3 "" ""
3550.838 106.00113 0.463 -4.5 3.464 AX20Q165
3550.853 22.0 1.429 -4.12 "" ""
3550.861 607.01214 0.382 -4.424 7.724 0100Qd0405
3550.866 106.00113 0.463 -4.538 3.464 AX20Q155
3550.887 106.00113 0.463 -6.714 3.464 AX20P165
3550.917 106.00112 1.657 -8.541 3.464 CX34Q155
3550.919 22.1 5.055 -1.55 "" ""
3550.934 106.00112 1.657 -4.82 3.464 CX34P165
3550.994 106.00112 1.657 -4.961 3.464 CX34P155
3551.002 26.0 3.881 -2.69 "" ""
3551.043 92.1 0.036 -1.45 "" ""
3551.086 106.00112 1.441 -9.906 3.464 CX02R225
3551.109 26.0 2.849 -2.4 "" ""
3551.145 23.0 2.579 -2.48 "" ""
3551.219 26.0 3.263 -3.35 "" ""
3551.243 23.0 1.948 -3.75 "" ""
3551.297 607.01314 2.821 -1.179 7.724 1412Pb0155
3551.3 75.0 2.745 0.11 "" ""
3551.365 106.00113 0.596 -4.61 3.464 AX31R115
3551.365 607.01214 2.848 -3.716 7.724 1412Qc0105
3551.369 607.01214 2.848 -1.352 7.724 1412Pb0105
3551.38 607.01314 2.821 -3.875 7.724 1412Qc0155
3551.395 607.01314 2.821 -1.151 7.724 1412Pa0165
3551.402 90.0 0.355 -0.67 "" ""
3551.411 59.0 0.0 -0.77 "" ""
3551.428 58.1 0.322 -1.0 "" ""
3551.445 23.0 1.948 -3.46 "" ""
3551.463 106.00113 0.371 -4.862 3.464 AX31R035
3551.475 106.00113 0.596 -4.604 3.464 AX31R125
3551.486 106.00113 0.596 -6.281 3.464 AX31Q125
3551.514 607.01214 2.848 -1.312 7.724 1412Pa0115
3551.526 23.0 1.71 -1.68 "" ""
3551.532 28.0 0.165 -2.65 LAWLER ""
3551.561 106.00113 0.371 -4.861 3.464 AX31R035
3551.613 26.0 3.957 -3.01 "" ""
3551.62 66.1 0.59 0.02 LAWLER ""
3551.627 27.1 5.042 -5.22 "" ""
3551.658 27.0 1.954 -2.17 LAWNHFS ""
3551.66 58.1 0.459 -0.71 BIEMONT ""
3551.676 27.0 3.051 -7.37 "" ""
3551.693 106.00112 1.441 -8.736 3.464 CX12P215
3551.71 607.01214 0.364 -0.916 7.724 0100Ra0395
3551.729 106.00112 0.359 -4.947 3.464 AX31R025
3551.742 106.00113 1.288 -4.618 3.464 AX41P245
3551.759 607.01214 0.364 -0.926 7.724 0100Rb0385
3551.768 58.1 0.529 -0.86 BIEMONT ""
3551.77 106.00113 1.288 -7.151 3.464 AX41Q235
3551.788 106.00112 0.359 -4.946 3.464 AX31R025
3551.789 39.0 1.852 0.38 "" ""
3551.79 68.1 1.614 -0.44 LAWLER ""
3551.795 607.01214 0.364 -4.413 7.724 0100Qd0395
3551.798 20.0 4.621 -2.34 "" ""
