wavelength species excitation loggf disassociation_energy comment
3449.362 75.0 1.879 -0.19 "" ""
3449.363 607.01314 2.188 -4.431 7.724 1109Qc0175
3449.364 23.0 1.929 -4.73 "" ""
3449.369 106.00112 0.359 -8.053 3.464 CX01Q025
3449.375 607.01314 2.188 -1.618 7.724 1109Pa0185
3449.375 607.01314 2.188 -1.645 7.724 1109Pb0175
3449.381 106.00112 0.359 -4.704 3.464 CX01P025
3449.399 27.0059 0.431 -2.316 Lawle15HFS ""
3449.402 27.0059 0.431 -2.095 Lawle15HFS ""
3449.402 27.0059 0.431 -2.12 Lawle15HFS ""
3449.406 27.0059 0.431 -2.106 Lawle15HFS ""
3449.407 27.0059 0.431 -1.992 Lawle15HFS ""
3449.409 27.0059 0.431 -2.316 Lawle15HFS ""
3449.412 27.0059 0.431 -1.968 Lawle15HFS ""
3449.413 27.0059 0.431 -1.949 Lawle15HFS ""
3449.416 27.0059 0.431 -2.095 Lawle15HFS ""
3449.42 27.0059 0.431 -1.801 Lawle15HFS ""
3449.422 27.0059 0.431 -1.96 Lawle15HFS ""
3449.425 27.0059 0.431 -1.992 Lawle15HFS ""
3449.43 27.0059 0.431 -1.632 Lawle15HFS ""
3449.432 27.0059 0.431 -2.037 Lawle15HFS ""
3449.437 27.0059 0.431 -1.949 Lawle15HFS ""
3449.442 27.0059 0.431 -1.473 Lawle15HFS ""
3449.445 27.0059 0.431 -2.252 Lawle15HFS ""
3449.45 27.0059 0.431 -1.96 Lawle15HFS ""
3449.455 27.0059 0.431 -1.325 Lawle15HFS ""
3449.458 26.1 2.889 -3.81 "" ""
3449.465 27.0059 0.431 -2.037 Lawle15HFS ""
3449.471 27.0059 0.431 -1.189 Lawle15HFS ""
3449.472 25.1 5.369 -2.33 "" ""
3449.477 24.1 4.753 -7.31 "" ""
3449.481 42.0 1.334 -2.82 "" ""
3449.482 27.0059 0.431 -2.252 Lawle15HFS ""
3449.507 23.0 1.05 -3.09 "" ""
3449.523 106.00113 0.312 -7.843 3.464 AX20R135
3449.53 62.1 0.333 -1.88 LAWLER ""
3449.577 21.0 2.134 -3.07 "" ""
3449.59 24.0 2.985 -2.92 "" ""
3449.608 107.00114 1.307 -0.912 3.400 ""
3449.609 106.00112 0.348 -5.88 3.464 CX01P015
3449.613 106.00113 0.731 -8.097 3.464 AX41P145
3449.62 64.1 0.032 -0.96 LAWLER ""
3449.634 42.0 2.621 -1.12 "" ""
3449.645 90.1 1.31 -0.44 "" ""
3449.662 23.0 0.275 -6.29 "" ""
3449.666 106.00112 0.774 -8.152 3.464 AX20R215
3449.699 26.0 2.996 -6.4 "" ""
3449.701 21.0 1.427 -5.79 "" ""
3449.71 27.0 3.295 -3.14 "" ""
3449.718 106.00112 0.27 -7.803 3.464 AX20R125
3449.761 69.1 2.852 0.56 "" ""
3449.766 107.00114 0.181 -5.538 3.400 ""
3449.783 24.0 3.367 -4.68 "" ""
3449.797 107.00114 1.307 -2.643 3.400 ""
3449.82 107.00114 1.307 -0.891 3.400 ""
3449.836 106.00112 0.359 -4.607 3.464 CX01P035
3449.847 607.01214 2.259 -4.419 7.724 1109Qc0205
3449.853 42.0 2.513 -0.69 "" ""
3449.862 607.01214 2.259 -1.473 7.724 1109Pa0215
3449.866 22.0 0.818 -2.43 "" ""
3449.868 74.1 1.662 -1.58 "" ""
3449.881 607.01214 2.259 -1.497 7.724 1109Pb0205
3449.89 66.1 0.54 -0.75 LAWLER ""
3449.926 107.00114 1.377 -1.096 3.400 ""
3449.964 23.0 1.063 -4.71 "" ""
3449.979 26.0 3.069 -3.17 "" ""
3450.003 22.0 2.47 -3.12 "" ""
3450.022 107.00114 1.307 -0.864 3.400 ""
3450.027 607.01314 2.196 -4.45 7.724 1109Qc0185
3450.035 23.0 1.948 -3.19 "" ""
3450.04 106.00113 1.038 -4.767 3.464 AX52R145
3450.04 607.01314 2.196 -1.591 7.724 1109Pa0195
3450.04 607.01314 2.196 -1.618 7.724 1109Pb0185
3450.074 23.0 1.847 -5.97 "" ""
3450.08 23.0 2.676 -3.68 "" ""
3450.106 106.00113 1.038 -4.754 3.464 AX52R155
3450.122 106.00113 1.038 -6.593 3.464 AX52Q155
3450.131 26.0 2.586 -2.95 "" ""
3450.173 107.00114 1.307 -4.995 3.400 ""
3450.196 107.00114 1.307 -2.613 3.400 ""
3450.223 106.00112 0.734 -8.097 3.464 AX41P145
3450.268 106.00113 0.313 -7.801 3.464 AX20R135
3450.288 45.0 1.675 -0.34 "" ""
3450.305 107.00114 1.377 -2.503 3.400 ""
3450.31 107.00114 1.322 -0.672 3.400 ""
3450.31 107.00114 1.322 -0.689 3.400 ""
3450.31 107.00114 1.322 -0.704 3.400 ""
3450.316 106.00113 0.967 -5.655 3.464 CX23Q005
3450.327 25.0 2.113 -5.87 "" ""
3450.328 26.0 2.221 -0.96 "" ""
3450.334 106.00113 0.967 -6.102 3.464 CX23R005
3450.342 107.00114 1.322 -2.822 3.400 ""
3450.348 26.0 2.996 -8.34 "" ""
3450.356 107.00114 1.377 -1.07 3.400 ""
3450.359 106.00113 0.75 -7.392 3.464 AX52P065
3450.367 106.00112 0.27 -7.764 3.464 AX20R125
3450.38 64.1 0.492 0.16 LAWLER ""
3450.384 24.0 3.889 -3.19 "" ""
3450.4 106.00113 0.704 -8.045 3.464 AX20R205
3450.403 26.0 3.637 -3.07 "" ""
3450.42 106.00113 0.692 -5.323 3.464 CX12P035
3450.42 107.00114 1.203 -4.187 3.400 ""
3450.439 106.00113 0.77 -9.0 3.464 AX30P205
3450.456 24.0 3.963 -1.96 "" ""
3450.472 106.00113 0.692 -10.52 3.464 CX12Q035
3450.497 21.0 2.294 -1.65 "" ""
3450.498 107.00114 1.203 -3.028 3.400 ""
3450.51 23.0 0.04 -3.6 "" ""
3450.56 25.0 3.768 -3.62 "" ""
3450.566 107.00114 1.322 -2.802 3.400 ""
3450.589 106.00113 0.732 -8.141 3.464 AX41P145
3450.598 107.00114 1.322 -5.49 3.400 ""
3450.598 25.0 4.265 -0.8 "" ""
3450.6 106.00113 0.75 -7.413 3.464 AX52P065
3450.607 607.01214 2.268 -4.435 7.724 1109Qc0215
3450.618 24.0 2.998 -3.47 "" ""
3450.622 607.01214 2.268 -1.449 7.724 1109Pa0225
3450.639 21.0 2.292 -2.29 "" ""
3450.641 607.01214 2.268 -1.473 7.724 1109Pb0215
3450.661 22.0 1.872 -4.7 "" ""
3450.707 607.01314 2.204 -4.468 7.724 1109Qc0195
3450.721 106.00113 0.692 -5.17 3.464 CX12P045
3450.725 607.01314 2.204 -1.566 7.724 1109Pa0205
3450.725 607.01314 2.204 -1.591 7.724 1109Pb0195
3450.749 22.0 0.812 -2.59 "" ""
3450.751 24.0 3.077 -1.18 "" ""
3450.756 27.0 3.064 -4.28 "" ""
3450.76 41.1 1.82 -0.9 Nilsson10 ""
3450.768 20.0 4.128 -3.93 "" ""
3450.782 106.00112 0.776 -9.061 3.464 AX30P205
3450.79 24.0 3.885 -2.45 "" ""
3450.809 107.00114 1.377 -1.031 3.400 ""
3450.825 42.0 1.469 -2.37 "" ""
3450.863 24.1 4.29 -2.03 "" ""
3450.909 22.0 2.101 -3.0 "" ""
3450.914 26.0 2.607 -9.36 "" ""
3450.915 106.00112 0.873 -6.607 3.464 AX52R105
3450.915 23.0 2.364 -5.81 "" ""
3450.916 107.00114 1.377 -4.588 3.400 ""
3450.917 26.0 2.88 -5.95 "" ""
3450.918 106.00112 0.873 -4.55 3.464 AX52Q105
3450.927 26.0 2.424 -6.42 "" ""
3450.94 39.0 2.011 0.33 "" ""
3450.947 90.1 1.642 -0.31 "" ""
3450.967 107.00114 1.377 -2.463 3.400 ""
3450.978 106.00113 0.77 -8.151 3.464 AX20R215
3450.985 107.00114 1.32 -0.784 3.400 ""
3450.987 106.00113 1.039 -4.767 3.464 AX52R145
3450.995 27.0 3.064 -3.09 "" ""
3450.998 106.00113 1.039 -4.754 3.464 AX52R155
3451.013 106.00113 1.039 -6.568 3.464 AX52Q155
3451.03 106.00112 1.083 -7.343 3.464 AX41R205
3451.037 106.00112 0.873 -4.497 3.464 AX52Q115
3451.04 106.00112 0.873 -6.48 3.464 AX52P115
3451.045 23.1 2.508 -1.49 "" ""
3451.049 23.0 2.58 -5.74 "" ""
3451.062 106.00113 0.892 -7.235 3.464 AX41Q175
3451.064 24.1 4.981 -2.71 "" ""
3451.076 107.00114 1.32 -2.749 3.400 ""
3451.085 106.00112 1.083 -4.561 3.464 AX41Q215
3451.09 106.00112 1.083 -4.619 3.464 AX41Q205
3451.09 107.00114 1.32 -0.767 3.400 ""
3451.098 106.00113 0.892 -5.106 3.464 AX41P175
3451.098 107.00114 1.32 -0.747 3.400 ""
3451.108 26.0 3.544 -5.0 "" ""
3451.121 25.1 5.369 -2.38 "" ""
3451.126 106.00113 0.892 -5.042 3.464 AX41P185
3451.146 106.00112 1.083 -7.051 3.464 AX41P215
3451.147 45.0 0.41 -2.45 "" ""
3451.216 106.00112 0.735 -8.141 3.464 AX41P145
3451.22 26.1 6.802 -1.43 "" ""
3451.24 64.1 0.382 -0.25 LAWLER ""
3451.243 106.00113 0.371 -4.606 3.464 CX01P035
3451.262 107.00114 1.467 -3.038 3.400 ""
3451.297 106.00113 0.371 -8.527 3.464 CX01Q035
3451.307 24.1 4.94 -4.57 "" ""
3451.318 26.1 6.802 -1.52 "" ""
3451.331 107.00114 1.32 -5.289 3.400 ""
3451.338 26.0 2.988 -5.82 "" ""
3451.343 26.0 3.263 -2.31 "" ""
3451.345 107.00114 1.32 -2.726 3.400 ""
3451.386 607.01214 2.278 -4.45 7.724 1109Qc0225
3451.395 26.1 7.133 -2.55 "" ""
3451.402 607.01214 2.278 -1.426 7.724 1109Pa0235
3451.403 106.00112 0.776 -8.089 3.464 AX20R215
3451.405 607.01314 2.212 -4.485 7.724 1109Qc0205
3451.41 23.0 1.847 -5.79 "" ""
3451.416 607.01314 2.212 -1.566 7.724 1109Pb0205
3451.419 607.01214 2.278 -1.449 7.724 1109Pb0225
3451.419 607.01314 2.212 -1.541 7.724 1109Pa0215
3451.435 76.0 0.516 -2.7 Quinet06 ""
3451.457 106.00112 0.97 -6.101 3.464 CX23R005
3451.464 106.00112 0.97 -5.655 3.464 CX23Q005
3451.467 106.00112 0.874 -6.621 3.464 AX52R105
3451.47 106.00112 0.874 -4.55 3.464 AX52Q105
3451.473 26.0 3.209 -2.41 "" ""
3451.498 25.0 3.769 -1.21 "" ""
3451.529 21.0 2.301 -4.13 "" ""
3451.53 106.00112 0.694 -10.52 3.464 CX12Q035
3451.544 106.00112 0.694 -5.322 3.464 CX12P035
3451.546 26.1 6.802 -1.39 "" ""
3451.548 106.00112 0.874 -4.497 3.464 AX52Q115
3451.551 106.00112 0.874 -6.468 3.464 AX52P115
3451.557 106.00113 0.371 -4.513 3.464 CX01P045
3451.564 58.1 0.739 -0.61 "" ""
3451.567 25.1 4.82 -3.27 "" ""
3451.57 106.00113 0.268 -7.803 3.464 AX20R125
3451.6 23.0 1.847 -5.12 "" ""
3451.614 26.0 2.422 -1.56 "" ""
3451.63 106.00113 0.975 -5.204 3.464 CX23Q015
3451.654 107.00114 0.362 -3.458 3.400 ""
3451.655 26.0 2.557 -1.28 "" ""
3451.656 23.0 1.375 -2.11 "" ""
3451.66 106.00113 0.975 -6.816 3.464 CX23R015
3451.664 106.00113 0.804 -5.055 3.464 AX52P085
3451.699 106.00113 0.804 -6.55 3.464 AX52Q085
3451.716 26.0 3.639 -4.63 "" ""
3451.742 22.0 2.091 -2.54 "" ""
3451.774 106.00113 0.984 -4.99 3.464 CX23Q025
3451.816 106.00113 0.984 -6.833 3.464 CX23R025
3451.842 23.1 5.845 -4.05 "" ""
3451.849 106.00113 0.997 -4.837 3.464 CX23Q035
3451.851 106.00113 0.804 -4.987 3.464 AX52P095
3451.857 25.0 4.191 -2.46 "" ""
3451.863 106.00112 0.694 -5.17 3.464 CX12P045
3451.865 75.0 0.0 -0.89 "" ""
3451.875 24.0 3.886 -4.12 "" ""
3451.896 27.0 3.064 -6.52 "" ""
3451.904 106.00113 0.997 -6.835 3.464 CX23R035
3451.911 106.00113 1.012 -4.709 3.464 CX23Q045
3451.915 26.0 2.221 -1.0 "" ""
3451.935 27.1 2.377 -7.88 "" ""
3451.94 28.0 3.676 -1.8 "" ""
3451.967 26.0 3.544 -3.92 "" ""
3451.974 28.0 3.676 -2.4 "" ""
3451.978 23.0 2.58 -3.52 "" ""
3451.979 106.00113 1.012 -6.828 3.464 CX23R045
3451.982 106.00113 1.031 -4.597 3.464 CX23Q055
3452.025 21.0 2.294 -2.94 "" ""
3452.036 22.0 2.083 -2.47 "" ""
3452.045 106.00113 0.804 -5.054 3.464 AX52P085
3452.063 106.00113 1.031 -6.817 3.464 CX23R055
3452.08 106.00113 0.804 -6.565 3.464 AX52Q085
3452.081 106.00113 1.013 -7.932 3.464 CX23P055
3452.082 106.00113 1.052 -4.493 3.464 CX23Q065
3452.09 106.00113 1.031 -8.207 3.464 CX23P065
3452.102 106.00113 0.997 -7.657 3.464 CX23P045
3452.102 24.0 2.542 -5.36 "" ""
3452.119 107.00114 0.362 -5.021 3.400 ""
3452.12 607.01314 2.221 -4.501 7.724 1109Qc0215
3452.132 607.01314 2.221 -1.541 7.724 1109Pb0215
3452.135 607.01314 2.221 -1.517 7.724 1109Pa0225
3452.137 107.00114 0.362 -3.387 3.400 ""
3452.139 106.00113 1.052 -8.495 3.464 CX23P075
3452.149 106.00113 1.013 -4.597 3.464 CX23Q055
3452.15 106.00113 0.985 -7.365 3.464 CX23P035
3452.157 106.00113 0.997 -4.709 3.464 CX23Q045
3452.171 106.00113 1.031 -4.493 3.464 CX23Q065
3452.171 27.0 3.213 -0.74 "" ""
3452.176 106.00113 1.052 -6.803 3.464 CX23R065
3452.177 106.00112 0.229 -7.76 3.464 AX20R115
3452.184 57.1 0.173 -1.29 "" ""
3452.184 607.01214 2.288 -4.464 7.724 1109Qc0235
3452.192 106.00113 0.985 -4.836 3.464 CX23Q035
3452.198 106.00113 0.804 -4.987 3.464 AX52P095
3452.198 26.0 3.639 -2.12 "" ""
3452.2 607.01214 2.288 -1.404 7.724 1109Pa0245
3452.206 26.0 3.692 -4.5 "" ""
3452.212 107.00114 0.958 -3.291 3.400 ""
3452.214 106.00113 0.269 -7.763 3.464 AX20R125
3452.215 607.01214 2.288 -1.426 7.724 1109Pb0235
3452.225 25.0 3.769 -1.92 "" ""
3452.226 106.00113 1.077 -4.395 3.464 CX23Q075
3452.232 106.00113 0.976 -7.025 3.464 CX23P025
3452.233 106.00113 1.052 -4.395 3.464 CX23Q075
3452.24 106.00113 1.077 -8.809 3.464 CX23P085
3452.262 106.00113 0.772 -9.06 3.464 AX30P205
3452.262 106.00113 0.976 -4.989 3.464 CX23Q025
3452.266 106.00112 0.372 -8.527 3.464 CX01Q035
3452.275 26.0 0.957 -1.92 OBR91 ""
3452.283 106.00112 0.372 -4.606 3.464 CX01P035
3452.305 72.0 0.699 -1.28 "" ""
3452.32 26.1 3.964 -4.45 "" ""
3452.32 27.0 2.698 -1.27 "" ""
3452.324 27.0 3.295 0.29 "" ""
3452.335 106.00113 1.077 -6.787 3.464 CX23R075
3452.34 41.1 1.82 -0.7 Nilsson10 ""
3452.348 106.00113 1.077 -4.301 3.464 CX23Q085
3452.351 106.00112 1.291 -6.542 3.464 CX34R045
3452.393 106.00113 0.97 -6.539 3.464 CX23P015
3452.395 70.0 3.689 0.12 "" ""
3452.398 27.0 3.277 -2.83 "" ""
3452.407 106.00113 0.894 -7.265 3.464 AX41Q175
3452.41 106.00113 1.104 -9.168 3.464 CX23P095
3452.41 23.0 2.129 -2.87 "" ""
3452.411 106.00113 0.97 -5.199 3.464 CX23Q015
3452.412 6.0 7.482 -3.53 "" ""
3452.413 106.00113 0.894 -5.042 3.464 AX41P185
3452.43 21.0 1.968 -2.29 "" ""
3452.436 106.00113 1.104 -4.301 3.464 CX23Q085
3452.437 23.0 0.286 -5.63 "" ""
3452.44 106.00113 0.894 -5.106 3.464 AX41P175
3452.454 106.00112 0.896 -7.235 3.464 AX41Q175
3452.463 26.0 2.863 -4.12 "" ""
3452.465 22.1 2.046 -0.56 LAWLER ""
3452.467 25.0 2.886 -4.51 "" ""
3452.476 25.0 4.824 -2.72 "" ""
3452.494 106.00112 0.896 -5.105 3.464 AX41P175
3452.498 24.0 3.847 -2.3 "" ""
3452.522 106.00112 0.896 -5.041 3.464 AX41P185
3452.533 106.00113 1.104 -4.211 3.464 CX23Q095
3452.558 106.00113 1.104 -6.771 3.464 CX23R085
3452.593 23.0 1.802 -3.06 "" ""
3452.601 42.0 2.258 -0.51 "" ""
3452.605 24.0 3.119 -5.04 "" ""
3452.614 106.00112 0.373 -4.512 3.464 CX01P045
3452.617 28.0 1.934 -3.13 "" ""
3452.655 28.0 3.737 -0.92 "" ""
3452.656 20.1 7.499 -1.24 "" ""
3452.663 28.0 3.594 -1.66 "" ""
3452.673 106.00113 1.135 -9.607 3.464 CX23P105
3452.682 90.1 0.774 -0.78 "" ""
3452.704 106.00113 0.772 -8.089 3.464 AX20R215
3452.725 106.00112 0.844 -8.205 3.464 AX20R225
3452.729 106.00112 0.229 -7.723 3.464 AX20R115
3452.734 106.00113 1.135 -4.211 3.464 CX23Q095
3452.756 106.00112 1.085 -4.561 3.464 AX41Q215
3452.766 62.1 0.378 -1.44 "" ""
3452.768 106.00112 0.978 -6.816 3.464 CX23R015
3452.773 106.00112 1.085 -7.367 3.464 AX41R205
3452.78 106.00112 0.978 -5.204 3.464 CX23Q015
3452.809 106.00113 1.135 -4.124 3.464 CX23Q105
3452.812 42.1 4.552 -1.0 "" ""
3452.815 25.1 6.663 -3.17 "" ""
3452.816 106.00112 1.085 -7.029 3.464 AX41P215
3452.834 106.00112 1.085 -4.62 3.464 AX41Q205
3452.853 607.01314 2.231 -4.516 7.724 1109Qc0225
3452.866 607.01314 2.231 -1.517 7.724 1109Pb0225
3452.869 607.01314 2.231 -1.494 7.724 1109Pa0235
3452.871 106.00113 1.135 -6.755 3.464 CX23R095
3452.889 28.0 0.109 -0.9 LAWLER ""
3452.907 44.0 0.259 -1.95 "" ""
3452.91 106.00112 0.988 -6.833 3.464 CX23R025
3452.918 22.0 1.066 -0.59 "" ""
3452.925 106.00112 0.988 -4.99 3.464 CX23Q025
3452.936 20.0 5.041 -1.47 "" ""
3452.982 106.00112 1.0 -6.834 3.464 CX23R035
3452.983 107.00114 0.958 -4.631 3.400 ""
3452.99 107.00114 0.686 -3.393 3.400 ""
3452.99 23.0 1.941 -3.94 "" ""
3453.0 607.01214 2.299 -4.477 7.724 1109Qc0245
3453.003 106.00112 1.0 -4.836 3.464 CX23Q035
3453.017 607.01214 2.299 -1.382 7.724 1109Pa0255
3453.02 26.0 2.756 -1.14 "" ""
3453.02 62.1 0.277 -2.2 LAWLER ""
3453.021 69.0 2.316 0.8 "" ""
3453.03 607.01214 2.299 -1.404 7.724 1109Pb0245
3453.036 21.0 2.138 -3.22 "" ""
3453.039 67.1165 0.079 -0.727 LAWLER ""
3453.04 67.1165 0.079 -2.047 LAWLER ""
3453.04 67.1165 0.079 -3.685 LAWLER ""
3453.042 106.00112 1.016 -6.828 3.464 CX23R045
3453.047 107.00114 0.958 -3.2 3.400 ""
3453.053 106.00113 1.168 -10.218 3.464 CX23P115
3453.067 106.00112 1.016 -4.709 3.464 CX23Q045
3453.07 67.1165 0.079 -3.304 LAWLER ""
3453.071 67.1165 0.079 -0.792 LAWLER ""
3453.071 67.1165 0.079 -1.823 LAWLER ""
3453.076 23.1 2.554 -1.3 "" ""
3453.083 24.0 2.965 -2.92 "" ""
3453.097 67.1165 0.079 -3.125 LAWLER ""
3453.098 67.1165 0.079 -1.734 LAWLER ""
3453.099 67.1165 0.079 -0.859 LAWLER ""
3453.113 106.00112 1.034 -6.817 3.464 CX23R055
3453.115 26.0 3.684 -5.51 "" ""
3453.116 26.0 3.069 -3.21 "" ""
3453.12 67.1165 0.079 -3.063 LAWLER ""
3453.122 67.1165 0.079 -1.713 LAWLER ""
3453.123 67.1165 0.079 -0.93 LAWLER ""
3453.13 23.1 6.491 -1.12 "" ""
3453.14 67.1165 0.079 -3.116 LAWLER ""
3453.141 67.1165 0.079 -1.744 LAWLER ""
3453.142 106.00112 1.034 -4.596 3.464 CX23Q055
3453.143 67.1165 0.079 -1.003 LAWLER ""
3453.148 106.00113 1.168 -4.124 3.464 CX23Q105
3453.156 67.1165 0.079 -3.36 LAWLER ""
3453.157 67.1165 0.079 -1.837 LAWLER ""
3453.159 57.1 0.403 -1.03 "" ""
3453.159 67.1165 0.079 -1.079 LAWLER ""
3453.171 67.1165 0.079 -2.058 LAWLER ""
3453.172 67.1165 0.079 -1.155 LAWLER ""
3453.182 67.1165 0.079 -1.229 LAWLER ""
3453.205 106.00113 1.168 -4.039 3.464 CX23Q115
3453.212 106.00112 1.056 -6.802 3.464 CX23R065
3453.213 106.00113 0.708 -5.169 3.464 CX12P045
3453.219 24.0 3.548 -1.06 "" ""
3453.221 24.0 3.847 -1.11 "" ""
3453.246 106.00112 1.056 -4.492 3.464 CX23Q065
3453.28 106.00113 0.708 -11.495 3.464 CX12Q045
3453.281 75.0 1.954 -0.81 "" ""
3453.3 106.00113 1.168 -6.74 3.464 CX23R105
3453.309 106.00112 1.016 -4.596 3.464 CX23Q055
3453.314 106.00112 1.0 -4.709 3.464 CX23Q045
3453.324 23.0 2.682 -5.6 "" ""
3453.327 106.00113 0.967 -5.656 3.464 CX23Q005
3453.327 24.0 2.542 -0.15 "" ""
3453.334 106.00112 1.0 -7.657 3.464 CX23P045
3453.334 106.00112 1.016 -7.932 3.464 CX23P055
3453.335 106.00112 1.034 -4.492 3.464 CX23Q065
3453.346 106.00112 0.988 -4.836 3.464 CX23Q035
3453.355 26.1 5.507 -3.77 "" ""
3453.356 106.00112 1.08 -6.787 3.464 CX23R075
3453.362 106.00112 0.988 -7.365 3.464 CX23P035
3453.365 106.00112 1.034 -8.207 3.464 CX23P065
3453.366 24.0 3.077 -5.33 "" ""
3453.368 20.0 5.317 -4.73 "" ""
3453.371 42.0 2.913 -1.0 "" ""
3453.395 106.00112 1.08 -4.394 3.464 CX23Q075
3453.401 106.00112 1.056 -4.394 3.464 CX23Q075
3453.414 106.00112 0.979 -4.989 3.464 CX23Q025
3453.423 25.0 2.113 -3.38 "" ""
3453.425 106.00112 0.979 -7.025 3.464 CX23P025
3453.436 106.00112 1.056 -8.495 3.464 CX23P075
3453.438 106.00113 0.708 -5.04 3.464 CX12P055
3453.439 106.00113 0.908 -4.499 3.464 AX52Q115
3453.443 21.0 2.144 -3.08 "" ""
3453.444 106.00113 0.908 -6.648 3.464 AX52R115
3453.444 25.0 4.265 -3.96 "" ""
3453.469 28.0 3.655 -3.28 "" ""
3453.473 27.0059 0.431 -0.976 Lawle15HFS ""
3453.476 27.0059 0.431 -0.858 Lawle15HFS ""
3453.479 25.0 2.918 -6.76 "" ""
3453.48 27.0059 0.431 -1.427 Lawle15HFS ""
3453.482 27.0059 0.431 -0.74 Lawle15HFS ""
3453.483 24.0 3.887 -3.6 "" ""
3453.486 27.0059 0.431 -1.217 Lawle15HFS ""
3453.489 27.0059 0.431 -0.628 Lawle15HFS ""
3453.49 27.0059 0.431 -2.426 Lawle15HFS ""
3453.491 42.0 2.258 -1.39 "" ""
3453.493 75.0 1.811 -0.48 "" ""
3453.494 25.0 4.682 -2.33 "" ""
3453.495 27.0059 0.431 -1.121 Lawle15HFS ""
3453.498 27.0059 0.431 -0.524 Lawle15HFS ""
3453.5 27.0059 0.431 -2.222 Lawle15HFS ""
3453.506 27.0059 0.431 -1.085 Lawle15HFS ""
3453.51 27.0059 0.431 -0.428 Lawle15HFS ""
3453.511 27.0059 0.431 -2.194 Lawle15HFS ""
3453.512 90.0 1.919 0.83 "" ""
3453.518 27.0059 0.431 -1.101 Lawle15HFS ""
3453.521 106.00112 1.081 -4.301 3.464 CX23Q085
3453.523 27.0059 0.431 -0.338 Lawle15HFS ""
3453.525 27.0059 0.431 -2.274 Lawle15HFS ""
3453.533 27.0059 0.431 -1.183 Lawle15HFS ""
3453.539 27.0059 0.431 -0.254 Lawle15HFS ""
3453.541 27.0059 0.431 -2.464 Lawle15HFS ""
3453.548 106.00113 0.908 -6.492 3.464 AX52P125
3453.55 27.0059 0.431 -1.401 Lawle15HFS ""
3453.552 22.0 2.083 -1.68 "" ""
3453.554 106.00113 0.908 -4.449 3.464 AX52Q125
3453.558 107.00114 0.686 -4.878 3.400 ""
3453.559 27.0059 0.431 -2.851 Lawle15HFS ""
3453.56 106.00112 1.081 -8.809 3.464 CX23P085
3453.56 62.1 0.543 -1.03 LAWLER ""
3453.561 106.00112 0.973 -5.199 3.464 CX23Q015
3453.566 106.00112 1.108 -6.771 3.464 CX23R085
3453.568 106.00112 0.973 -6.539 3.464 CX23P015
3453.584 106.00113 1.204 -11.494 3.464 CX23P125
3453.592 26.0 3.366 -4.28 "" ""
3453.605 24.0 4.613 -0.4 "" ""
3453.606 107.00114 0.686 -3.315 3.400 ""
3453.606 607.01314 2.241 -4.529 7.724 1109Qc0235
3453.609 106.00112 1.108 -4.301 3.464 CX23Q085
3453.616 26.1 5.507 -1.9 "" ""
3453.618 607.01314 2.241 -1.494 7.724 1109Pb0235
3453.622 607.01314 2.241 -1.471 7.724 1109Pa0245
3453.626 107.00114 1.416 -0.656 3.400 ""
3453.652 22.0 0.812 -2.59 "" ""
3453.656 68.0 0.889 0.36 "" ""
3453.67 69.1 0.029 -0.37 LAWLER ""
3453.687 28.0 3.191 -5.13 "" ""
3453.704 107.00114 1.416 -0.672 3.400 ""
3453.704 107.00114 1.416 -0.686 3.400 ""
3453.711 106.00112 1.108 -4.21 3.464 CX23Q095
3453.711 106.00113 1.204 -4.039 3.464 CX23Q115
3453.723 107.00114 1.416 -2.831 3.400 ""
3453.742 24.0 2.542 -0.91 "" ""
3453.75 106.00113 1.204 -3.958 3.464 CX23Q125
3453.755 106.00112 1.108 -9.168 3.464 CX23P095
3453.759 106.00113 1.286 -8.648 3.464 AX51P235
3453.771 23.0 2.364 -6.21 "" ""
3453.772 22.0 1.732 -5.42 "" ""
3453.781 92.1 0.702 -0.73 "" ""
3453.783 23.1 2.555 -2.62 "" ""
3453.811 106.00112 0.898 -7.264 3.464 AX41Q175
3453.813 106.00113 0.839 -8.205 3.464 AX20R225
3453.815 106.00112 0.898 -5.042 3.464 AX41P185
3453.836 607.01214 2.31 -4.489 7.724 1109Qc0255
3453.837 24.1 4.494 -2.87 "" ""
3453.852 106.00112 0.898 -5.105 3.464 AX41P175
3453.853 25.0 4.255 -2.48 "" ""
3453.854 607.01214 2.31 -1.361 7.724 1109Pa0265
3453.865 106.00112 1.139 -6.755 3.464 CX23R095
3453.865 607.01214 2.31 -1.382 7.724 1109Pb0255
3453.874 106.00113 0.679 -6.955 3.464 CX12P025
3453.878 106.00113 1.204 -6.726 3.464 CX23R115
3453.894 107.00114 1.416 -2.812 3.400 ""
3453.911 25.1 4.82 -4.77 "" ""
3453.913 106.00112 1.139 -4.211 3.464 CX23Q095
3453.913 107.00114 1.416 -5.522 3.400 ""
3453.914 24.0 2.985 -3.21 "" ""
3453.931 107.00114 1.369 -0.884 3.400 ""
3453.95 106.00113 0.388 -4.512 3.464 CX01P045
3453.963 26.0 2.883 -5.19 "" ""
3453.974 26.0 3.571 -8.46 "" ""
3453.994 106.00112 1.139 -4.123 3.464 CX23Q105
3454.02 106.00113 0.388 -8.922 3.464 CX01Q045
3454.039 106.00113 0.227 -7.759 3.464 AX20R115
3454.042 106.00112 1.139 -9.606 3.464 CX23P105
3454.05 65.1 0.638 0.28 LAWNOHFS ""
3454.063 24.1 4.778 -4.72 "" ""
3454.071 70.1 3.315 0.11 "" ""
3454.076 106.00113 0.908 -4.499 3.464 AX52Q115
3454.08 25.0 4.662 -2.18 "" ""
3454.081 106.00113 0.908 -6.663 3.464 AX52R115
3454.083 25.1 6.489 -2.5 "" ""
3454.096 107.00114 1.369 -2.661 3.400 ""
3454.097 22.0 1.886 -4.52 "" ""
3454.1 21.0 2.301 -3.01 "" ""
3454.135 78.0 1.92 -2.46 DH05nohfs ""
3454.141 106.00113 0.908 -6.479 3.464 AX52P125
3454.145 26.0 3.394 -2.97 "" ""
3454.146 106.00113 0.908 -4.449 3.464 AX52Q125
3454.15 64.1 0.144 -0.67 LAWLER ""
3454.158 22.0 2.133 -0.99 "" ""
3454.164 28.1 2.948 -1.57 "" ""
3454.185 106.00113 0.388 -4.427 3.464 CX01P055
3454.189 24.1 4.984 -3.51 "" ""
3454.199 107.00114 1.369 -0.864 3.400 ""
3454.213 26.0 3.544 -5.34 "" ""
3454.222 42.0 2.068 -1.1 "" ""
3454.273 107.00114 1.369 -0.839 3.400 ""
3454.281 106.00112 1.172 -6.74 3.464 CX23R105
3454.303 106.00113 1.243 -11.166 3.464 CX23P135
3454.309 25.0 3.769 -2.29 "" ""
3454.31 107.00114 1.467 -3.594 3.400 ""
3454.32 66.1 0.1 -0.14 LAWLER ""
3454.329 22.0 2.504 -3.69 "" ""
3454.333 106.00112 1.172 -4.123 3.464 CX23Q105
3454.338 106.00112 0.71 -11.494 3.464 CX12Q045
3454.34 25.0 2.918 -6.66 "" ""
3454.356 106.00112 0.71 -5.169 3.464 CX12P045
3454.377 607.01314 2.251 -4.542 7.724 1109Qc0245
3454.39 607.01314 2.251 -1.471 7.724 1109Pb0245
3454.392 60.1 0.559 -0.92 "" ""
3454.394 607.01314 2.251 -1.449 7.724 1109Pa0255
3454.397 106.00112 1.172 -4.039 3.464 CX23Q115
3454.404 107.00114 1.467 -2.911 3.400 ""
3454.436 28.0 3.831 -4.34 "" ""
3454.441 107.00114 1.422 -1.055 3.400 ""
3454.444 107.00114 1.369 -5.054 3.400 ""
3454.449 106.00112 1.172 -10.217 3.464 CX23P115
3454.461 106.00113 1.243 -3.958 3.464 CX23Q125
3454.47 27.0 3.277 -1.27 "" ""
3454.477 106.00112 0.97 -5.656 3.464 CX23Q005
3454.478 24.1 4.771 -4.7 "" ""
3454.485 106.00113 1.243 -3.88 3.464 CX23Q135
3454.509 66.1 1.686 0.61 "" ""
3454.518 42.0 2.916 -1.36 "" ""
3454.527 23.0 1.847 -4.77 "" ""
3454.54 40.1 0.931 -1.34 "" ""
3454.547 107.00114 1.369 -2.633 3.400 ""
3454.569 26.0 2.863 -3.86 "" ""
3454.572 40.1 0.931 -1.33 Ljung06 ""
3454.588 106.00113 0.228 -7.722 3.464 AX20R115
3454.599 106.00112 0.71 -5.04 3.464 CX12P055
3454.6 106.00112 0.846 -8.141 3.464 AX20R225
3454.608 27.0 3.684 -2.21 "" ""
3454.626 23.0 1.375 -3.1 "" ""
3454.644 106.00113 1.243 -6.713 3.464 CX23R125
3454.686 23.0 1.891 -6.47 "" ""
3454.691 607.01214 2.321 -4.501 7.724 1109Qc0265
3454.696 22.0 2.091 -1.58 "" ""
3454.71 607.01214 2.321 -1.34 7.724 1109Pa0275
3454.718 607.01214 2.321 -1.361 7.724 1109Pb0265
3454.724 25.0 3.132 -5.22 "" ""
3454.777 107.00114 1.422 -2.53 3.400 ""
3454.793 24.0 3.842 -4.23 "" ""
3454.824 107.00114 1.422 -1.03 3.400 ""
3454.843 22.0 2.159 -1.32 "" ""
3454.846 106.00112 1.208 -6.726 3.464 CX23R115
3454.864 24.0 4.614 -1.66 "" ""
3454.871 23.0 2.357 -1.45 "" ""
3454.894 25.0 4.636 -2.99 "" ""
3454.9 23.0 2.364 -3.6 "" ""
3454.903 106.00112 1.208 -4.039 3.464 CX23Q115
3454.905 23.0 2.676 -0.66 "" ""
3454.91 64.1 0.032 -0.64 LAWLER ""
3454.915 21.0 2.301 -3.11 "" ""
3454.925 25.0 3.761 -4.28 "" ""
3454.943 23.0 2.121 -4.0 "" ""
3454.951 106.00112 1.208 -3.958 3.464 CX23Q125
3454.96 62.1 0.434 -1.3 LAWLER ""
3454.97 107.00114 1.4 -0.763 3.400 ""
3454.97 25.1 6.86 -4.1 "" ""
3454.971 24.1 4.934 -0.69 "" ""
3454.983 106.00112 0.681 -6.954 3.464 CX12P025
3454.986 106.00112 0.389 -8.921 3.464 CX01Q045
3455.004 25.0 4.191 -1.22 "" ""
3455.005 22.0 1.429 -4.73 "" ""
3455.008 106.00112 0.389 -4.512 3.464 CX01P045
3455.008 106.00112 1.208 -11.494 3.464 CX23P125
3455.019 24.1 6.479 -2.38 "" ""
3455.032 76.0 1.656 -1.23 "" ""
3455.037 25.0 3.769 -2.59 "" ""
3455.042 107.00114 1.4 -2.762 3.400 ""
3455.043 106.00112 0.191 -7.712 3.464 AX20R105
3455.056 107.00114 1.4 -0.747 3.400 ""
3455.065 107.00114 1.399 -0.727 3.400 ""
3455.084 106.00113 0.357 -6.198 3.464 CX01P025
3455.129 24.0 3.884 -2.8 "" ""
3455.137 106.00112 0.752 -7.391 3.464 AX52P065
3455.146 21.0 1.849 -2.69 "" ""
3455.169 607.01314 2.262 -4.554 7.724 1109Qc0255
3455.182 607.01314 2.262 -1.449 7.724 1109Pb0255
3455.183 4.0 5.273 -0.39 "" ""
3455.186 607.01314 2.262 -1.428 7.724 1109Pa0265
3455.197 23.0 2.576 -3.31 "" ""
3455.202 27.0 3.25 -2.32 "" ""
3455.207 23.0 2.357 -1.73 "" ""
3455.213 107.00114 1.422 -0.994 3.400 ""
3455.215 27.0059 0.224 -2.452 Lawle15HFS ""
3455.216 27.0059 0.224 -1.996 Lawle15HFS ""
3455.216 45.0 0.41 -1.26 "" ""
3455.228 27.0059 0.224 -1.975 Lawle15HFS ""
3455.231 27.0059 0.224 -1.975 Lawle15HFS ""
3455.244 27.0059 0.224 -2.121 Lawle15HFS ""
3455.25 23.0 2.682 -3.48 "" ""
3455.252 27.0059 0.224 -1.654 Lawle15HFS ""
3455.257 106.00113 1.284 -10.485 3.464 CX23P145
3455.26 106.00112 0.389 -4.427 3.464 CX01P055
3455.26 24.1 5.007 -5.78 "" ""
3455.262 107.00114 1.4 -5.33 3.400 ""
3455.275 24.0 2.542 -2.34 "" ""
3455.276 107.00114 1.4 -2.74 3.400 ""
3455.279 64.0 0.213 -0.27 "" ""
3455.33 107.00114 1.422 -4.678 3.400 ""
3455.357 22.0 2.115 -1.18 "" ""
3455.366 23.1 6.542 -2.63 "" ""
3455.377 107.00114 1.422 -2.492 3.400 ""
3455.381 106.00112 0.752 -7.412 3.464 AX52P065
3455.397 106.00113 0.97 -5.272 3.464 CX23P015
3455.418 45.0 1.483 -0.83 "" ""
3455.421 22.0 2.101 -1.39 "" ""
3455.446 106.00113 1.284 -3.88 3.464 CX23Q135
3455.454 106.00113 1.284 -3.805 3.464 CX23Q145
3455.472 24.0 3.885 -2.51 "" ""
3455.506 106.00112 0.192 -7.678 3.464 AX20R105
3455.529 25.1 6.663 -3.17 "" ""
3455.537 26.0 2.586 -5.18 "" ""
3455.566 607.01214 2.333 -4.511 7.724 1109Qc0275
3455.586 23.0 1.954 -7.43 "" ""
3455.586 607.01214 2.333 -1.32 7.724 1109Pa0285
3455.591 607.01214 2.333 -1.34 7.724 1109Pb0275
3455.596 607.01314 2.526 -1.082 7.724 1210Rb0295
3455.601 106.00112 1.247 -6.713 3.464 CX23R125
3455.601 24.0 2.543 -1.72 "" ""
3455.615 607.01314 2.526 -4.364 7.724 1210Qd0305
3455.633 24.0 2.543 -3.06 "" ""
3455.643 106.00113 1.284 -6.703 3.464 CX23R135
3455.662 106.00112 1.247 -3.958 3.464 CX23Q125
3455.677 106.00113 0.841 -8.14 3.464 AX20R225
3455.696 106.00112 1.248 -3.88 3.464 CX23Q135
3455.744 92.1 0.217 -1.01 "" ""
3455.751 22.0 0.818 -2.29 "" ""
3455.757 106.00112 1.248 -11.166 3.464 CX23P135
3455.776 23.0 1.798 -3.17 "" ""
3455.785 23.0 1.08 -4.85 "" ""
3455.861 106.00113 1.288 -8.712 3.464 AX51P235
3455.862 23.0 1.944 -3.08 "" ""
3455.898 106.00113 0.727 -5.039 3.464 CX12P055
3455.905 40.0 0.519 -0.48 "" ""
3455.913 67.1165 0.0 -0.374 LAWLER ""
3455.93 67.1165 0.0 -0.321 LAWLER ""
3455.948 67.1165 0.0 -1.517 LAWLER ""
3455.95 67.1165 0.0 -0.267 LAWLER ""
3455.969 106.00113 1.275 -6.535 3.464 CX34R035
3455.972 67.1165 0.0 -1.291 LAWLER ""
3455.973 67.1165 0.0 -0.213 LAWLER ""
3455.981 106.00113 0.727 -13.749 3.464 CX12Q055
3455.981 607.01314 2.273 -4.565 7.724 1109Qc0265
3455.99 67.1165 0.0 -3.097 LAWLER ""
3455.994 607.01314 2.273 -1.428 7.724 1109Pb0265
3455.998 67.1165 0.0 -1.197 LAWLER ""
3455.999 67.1165 0.0 -0.16 LAWLER ""
3456.0 607.01314 2.273 -1.406 7.724 1109Pa0275
3456.001 26.1 1.669 -4.58 "" ""
3456.02 67.1165 0.0 -2.828 LAWLER ""
3456.027 67.1165 0.0 -0.108 LAWLER ""
3456.027 67.1165 0.0 -1.168 LAWLER ""
3456.036 23.0 2.676 -3.5 "" ""
3456.052 67.1165 0.0 -2.757 LAWLER ""
3456.058 67.1165 0.0 -0.057 LAWLER ""
3456.058 67.1165 0.0 -1.193 LAWLER ""
3456.07 106.00113 0.727 -4.93 3.464 CX12P065
3456.08 60.1 0.0 -2.57 LAWLER ""
3456.086 67.1165 0.0 -2.805 LAWLER ""
3456.09 67.1165 0.0 -0.007 LAWLER ""
3456.092 67.1165 0.0 -1.285 LAWLER ""
3456.099 24.0 3.11 -5.5 "" ""
3456.109 106.00112 0.359 -6.198 3.464 CX01P025
3456.124 67.1165 0.0 -2.975 LAWLER ""
3456.128 67.1165 0.0 -1.513 LAWLER ""
3456.15 42.0 2.274 -0.49 "" ""
3456.163 67.1165 0.0 -3.342 LAWLER ""
3456.245 26.0 3.069 -2.46 "" ""
3456.27 25.0 4.265 -2.84 "" ""
3456.302 23.0 1.852 -6.47 "" ""
3456.342 24.0 4.102 -1.14 "" ""
3456.376 26.0 2.829 -2.65 "" ""
3456.384 22.1 2.06 -0.11 LAWLER ""
3456.386 42.0 0.0 -1.58 "" ""
3456.41 23.0 1.929 -4.84 "" ""
3456.425 27.0 3.213 -0.28 "" ""
3456.445 26.0 3.571 -7.7 "" ""
3456.446 107.00114 1.231 -3.178 3.400 ""
3456.448 20.0 5.045 -1.97 "" ""
3456.462 607.01214 2.346 -4.521 7.724 1109Qc0285
3456.482 607.01214 2.346 -1.3 7.724 1109Pa0295
3456.484 607.01214 2.346 -1.32 7.724 1109Pb0285
3456.493 106.00113 0.408 -4.427 3.464 CX01P055
3456.498 23.0 1.871 -7.69 "" ""
3456.512 27.0 2.698 -1.53 "" ""
3456.518 42.0 2.289 -0.8 "" ""
3456.538 41.0 1.156 -0.66 "" ""
3456.539 21.0 1.942 -1.91 "" ""
3456.539 23.1 5.009 -3.2 "" ""
3456.56 66.1 0.59 -0.11 LAWLER ""
3456.575 106.00112 0.973 -5.272 3.464 CX23P015
3456.579 106.00112 0.917 -8.269 3.464 AX20R235
3456.58 106.00113 0.408 -9.279 3.464 CX01Q055
3456.592 106.00112 1.289 -6.703 3.464 CX23R135
3456.619 44.0 1.865 -0.57 "" ""
3456.645 22.0 2.47 -2.98 "" ""
3456.648 22.0 1.501 -0.83 LAWLER ""
3456.658 106.00112 1.289 -3.88 3.464 CX23Q135
3456.661 23.0 1.868 -2.94 "" ""
3456.67 58.1 0.122 -1.44 "" ""
3456.671 106.00113 0.408 -4.35 3.464 CX01P065
3456.676 23.0 2.573 -2.77 "" ""
3456.678 106.00112 1.289 -3.805 3.464 CX23Q145
3456.744 106.00112 1.289 -10.484 3.464 CX23P145
3456.771 58.1 0.822 -0.47 BIEMONT ""
3456.79 23.0 1.063 -3.27 "" ""
3456.812 26.0 3.692 -4.71 "" ""
3456.815 607.01314 2.284 -4.575 7.724 1109Qc0275
3456.828 607.01314 2.284 -1.407 7.724 1109Pb0275
3456.833 24.0 3.548 -2.18 "" ""
3456.834 607.01314 2.284 -1.386 7.724 1109Pa0285
3456.839 25.0 3.769 -1.52 "" ""
3456.839 26.0 3.414 -4.07 "" ""
3456.842 20.0 4.128 -4.01 "" ""
3456.842 27.0 2.955 -4.48 "" ""
3456.882 26.0 3.637 -2.84 "" ""
3456.899 22.0 1.886 -6.41 "" ""
3456.907 23.0 1.891 -1.31 "" ""
3456.912 106.00113 0.19 -7.712 3.464 AX20R105
3456.914 28.0 3.676 -1.48 "" ""
3456.924 26.1 3.9 -2.28 "" ""
3456.928 27.0 0.101 -2.63 LAWNHFS ""
3456.934 21.0 1.985 -1.39 "" ""
3456.949 107.00114 1.178 -4.927 3.400 ""
3456.975 106.00112 1.069 -7.928 3.464 AX30Q245
3456.987 106.00112 0.806 -5.053 3.464 AX52P085
3456.994 24.0 2.985 -4.16 "" ""
3457.008 106.00112 0.806 -6.548 3.464 AX52Q085
3457.016 106.00112 1.292 -5.087 3.464 AX41R245
3457.021 106.00112 1.069 -5.458 3.464 AX30P255
3457.039 106.00112 0.73 -13.749 3.464 CX12Q055
3457.043 63.0 0.0 -1.89 "" ""
3457.048 106.00112 1.292 -5.053 3.464 AX41R235
3457.05 64.1 1.126 -0.52 LAWLER ""
3457.054 106.00112 1.069 -5.559 3.464 AX30P245
3457.061 106.00112 0.73 -5.039 3.464 CX12P055
3457.067 45.0 1.278 -0.56 "" ""
3457.086 26.0 3.6 -0.65 "" ""
3457.095 106.00112 1.292 -7.07 3.464 AX41Q245
3457.095 24.0 3.844 -4.35 "" ""
3457.103 23.0 0.286 -5.34 "" ""
3457.109 26.0 2.557 -7.8 "" ""
3457.151 23.1 2.599 -2.4 "" ""
3457.16 106.00112 1.279 -6.535 3.464 CX34R035
3457.162 106.00112 0.806 -4.986 3.464 AX52P095
3457.189 40.0 0.52 -0.73 "" ""
3457.25 106.00112 0.73 -4.93 3.464 CX12P065
3457.293 22.0 0.825 -2.23 LAWLER ""
3457.337 26.0 3.692 -3.52 "" ""
3457.348 24.0 4.096 -2.6 "" ""
3457.356 106.00113 0.911 -8.269 3.464 AX20R235
3457.364 42.0 2.595 -1.62 "" ""
3457.371 106.00113 0.19 -7.678 3.464 AX20R105
3457.373 106.00112 0.807 -5.053 3.464 AX52P085
3457.378 607.01214 2.358 -4.531 7.724 1109Qc0295
3457.394 106.00112 0.807 -6.564 3.464 AX52Q085
3457.396 24.0 3.963 -4.32 "" ""
3457.397 607.01214 2.358 -1.3 7.724 1109Pb0295
3457.398 607.01214 2.358 -1.28 7.724 1109Pa0305
3457.399 21.0 1.986 -1.71 "" ""
3457.42 107.00114 0.561 -5.464 3.400 ""
3457.437 21.0 2.008 0.23 "" ""
3457.49 22.0 0.848 -1.87 LAWLER ""
3457.5 28.0 3.191 -5.26 "" ""
3457.508 26.0 2.452 -3.28 "" ""
3457.514 106.00112 0.807 -4.986 3.464 AX52P095
3457.525 23.1 5.829 -4.27 "" ""
3457.543 106.00112 0.409 -9.279 3.464 CX01Q055
3457.548 40.1 0.558 -0.53 "" ""
3457.557 63.1 1.249 -1.37 "" ""
3457.562 107.00114 1.231 -4.34 3.400 ""
3457.569 106.00112 0.409 -4.426 3.464 CX01P055
3457.573 23.0 1.891 -7.66 "" ""
3457.609 24.1 4.934 -0.53 "" ""
3457.635 107.00114 1.231 -3.074 3.400 ""
3457.64 106.00113 0.975 -5.254 3.464 CX23P015
3457.658 106.00113 0.975 -8.143 3.464 CX23Q015
3457.672 607.01314 2.296 -4.585 7.724 1109Qc0285
3457.685 607.01314 2.296 -1.386 7.724 1109Pb0285
3457.692 607.01314 2.296 -1.365 7.724 1109Pa0295
3457.695 23.0 2.721 -5.16 "" ""
3457.712 92.1 0.685 -0.42 "" ""
3457.744 26.0 3.692 -3.52 "" ""
3457.764 106.00112 0.41 -4.35 3.464 CX01P065
3457.799 41.0 1.12 -0.61 "" ""
3457.801 25.1 5.376 -2.34 "" ""
3457.819 29.0065 1.388 -5.746 KURHFS ""
3457.821 29.0063 1.388 -5.746 KURHFS ""
3457.828 29.0065 1.388 -4.6 KURHFS ""
3457.829 29.0063 1.388 -4.6 KURHFS ""
3457.84 29.0065 1.388 -5.57 KURHFS ""
3457.841 29.0063 1.388 -5.57 KURHFS ""
3457.841 29.0065 1.388 -3.792 KURHFS ""
3457.842 29.0063 1.388 -3.792 KURHFS ""
3457.846 29.0063 1.388 -4.503 KURHFS ""
3457.846 29.0065 1.388 -4.503 KURHFS ""
3457.855 29.0063 1.388 -3.998 KURHFS ""
3457.855 29.0065 1.388 -3.998 KURHFS ""
3457.858 29.0063 1.388 -4.616 KURHFS ""
3457.858 29.0065 1.388 -4.616 KURHFS ""
3457.863 29.0063 1.388 -4.248 KURHFS ""
3457.864 29.0065 1.388 -4.248 KURHFS ""
3457.866 29.0063 1.388 -4.57 KURHFS ""
3457.867 29.0065 1.388 -4.57 KURHFS ""
3457.87 42.0 2.932 -1.58 "" ""
3457.873 106.00112 1.334 -6.695 3.464 CX23R145
3457.884 26.0 3.281 -2.52 "" ""
3457.9 28.0 3.304 -3.78 "" ""
3457.91 62.1 0.333 -1.74 LAWLER ""
3457.926 45.0 1.675 -0.06 "" ""
3457.943 106.00112 1.334 -3.805 3.464 CX23Q145
3457.952 106.00112 1.334 -3.734 3.464 CX23Q155
3457.963 23.0 2.706 -5.69 "" ""
3457.981 22.0 2.493 -3.22 "" ""
3457.986 607.01314 2.514 -1.101 7.724 1210Rb0285
3457.99 25.1 4.82 -4.38 "" ""
3458.003 22.0 0.835 -2.05 LAWLER ""
3458.005 607.01314 2.514 -4.354 7.724 1210Qd0295
3458.023 106.00112 1.334 -10.214 3.464 CX23P155
3458.029 27.0 2.079 -1.4 LAWNHFS ""
3458.048 21.0 2.294 -3.46 "" ""
3458.058 23.1 5.83 -4.63 "" ""
3458.066 23.0 2.579 -5.77 "" ""
3458.084 24.0 3.847 -0.69 "" ""
3458.112 106.00113 1.283 -7.07 3.464 AX41Q245
3458.122 26.1 1.963 -4.19 "" ""
3458.141 22.0 2.479 -2.42 "" ""
3458.152 42.0 2.521 -0.88 "" ""
3458.17 26.0 2.48 -6.58 "" ""
3458.17 92.0 0.471 0.13 "" ""
3458.206 26.0 3.692 -3.97 "" ""
3458.225 25.1 5.369 -3.27 "" ""
3458.234 24.0 3.847 -2.07 "" ""
3458.252 27.0 2.955 -6.99 "" ""
3458.253 106.00113 0.976 -5.373 3.464 CX23P025
3458.28 70.1 4.96 -0.28 "" ""
3458.299 106.00112 0.157 -7.66 3.464 AX20R095
3458.303 26.0 2.422 -1.28 "" ""
3458.314 607.01214 2.372 -4.539 7.724 1109Qc0305
3458.33 607.01214 2.372 -1.28 7.724 1109Pb0305
3458.336 607.01214 2.372 -1.26 7.724 1109Pa0315
3458.339 24.0 2.98 -1.83 "" ""
3458.351 24.0 3.085 -1.5 "" ""
3458.359 22.0 2.406 -1.52 "" ""
3458.408 107.00114 1.435 -0.857 3.400 ""
3458.409 25.1 6.666 -3.5 "" ""
3458.423 106.00113 1.283 -5.086 3.464 AX41R245
3458.428 76.0 1.84 -0.78 "" ""
3458.435 25.1 6.489 -2.96 "" ""
3458.449 20.0 4.128 -4.61 "" ""
3458.46 28.0 0.212 -0.21 LAWLER ""
3458.477 28.0 3.191 -4.02 "" ""
3458.482 106.00113 0.75 -4.93 3.464 CX12P065
3458.502 26.0 3.692 -3.33 "" ""
3458.503 6.0 7.482 -2.57 "" ""
3458.545 28.0 3.477 -1.84 "" ""
3458.552 107.00114 1.435 -2.678 3.400 ""
3458.552 607.01314 2.308 -4.594 7.724 1109Qc0295
3458.552 69.0 2.336 1.03 "" ""
3458.555 107.00114 1.484 -3.04 3.400 ""
3458.565 607.01314 2.308 -1.365 7.724 1109Pb0295
3458.57 107.00114 1.435 -0.839 3.400 ""
3458.572 607.01314 2.308 -1.345 7.724 1109Pa0305
3458.581 106.00113 0.75 -12.747 3.464 CX12Q065
3458.595 106.00112 0.919 -8.203 3.464 AX20R235
3458.599 23.0 2.741 -4.25 "" ""
3458.612 106.00113 0.75 -4.839 3.464 CX12P075
3458.677 106.00113 1.284 -5.053 3.464 AX41R235
3458.679 106.00112 0.157 -7.629 3.464 AX20R095
3458.685 26.0 3.639 -5.12 "" ""
3458.694 107.00114 1.434 -0.815 3.400 ""
3458.732 21.0 1.849 -1.2 "" ""
3458.811 106.00112 0.978 -8.143 3.464 CX23Q015
3458.818 106.00112 0.978 -5.254 3.464 CX23P015
3458.83 25.0 3.761 -1.78 "" ""
3458.85 107.00114 0.416 -3.482 3.400 ""
3458.875 107.00114 1.435 -5.109 3.400 ""
3458.877 106.00113 0.431 -4.35 3.464 CX01P065
3458.88 75.0 2.136 -0.32 "" ""
3458.886 26.1 5.906 -3.41 "" ""
3458.887 106.00112 1.042 -4.765 3.464 AX52R145
3458.893 107.00114 1.435 -2.651 3.400 ""
3458.903 22.1 4.28 -0.46 "" ""
3458.926 26.0 3.414 -5.44 "" ""
3458.932 40.1 0.959 -0.48 Ljung06 ""
3458.939 106.00112 1.042 -4.752 3.464 AX52R155
3458.95 41.0 0.739 -1.07 "" ""
3458.959 22.0 2.091 -3.54 "" ""
3458.971 106.00112 1.042 -6.591 3.464 AX52Q155
3458.981 106.00113 0.431 -9.628 3.464 CX01Q065
3458.985 66.1 0.927 -0.75 "" ""
3458.99 26.0 3.692 -2.95 "" ""
3459.012 106.00113 0.431 -4.282 3.464 CX01P075
3459.044 107.00114 1.482 -2.774 3.400 ""
3459.06 107.00114 1.482 -0.708 3.400 ""
3459.06 107.00114 1.482 -0.727 3.400 ""
3459.06 107.00114 1.482 -0.743 3.400 ""
3459.064 107.00114 1.469 -1.017 3.400 ""
3459.084 106.00112 1.294 -5.087 3.464 AX41R245
3459.142 24.0 3.119 -0.62 "" ""
3459.143 23.0 1.375 -3.18 "" ""
3459.16 24.0 3.884 -4.42 "" ""
3459.163 106.00112 1.294 -7.033 3.464 AX41Q245
3459.184 62.1 0.543 -0.98 "" ""
3459.197 106.00112 1.294 -5.053 3.464 AX41R235
3459.237 23.0 1.852 -3.71 "" ""
3459.245 23.0 2.576 -4.31 "" ""
3459.265 23.0 2.606 -2.94 "" ""
3459.266 24.1 4.916 -0.98 "" ""
3459.284 607.01214 2.385 -1.261 7.724 1109Pb0315
3459.285 26.0 3.281 -3.21 "" ""
3459.287 107.00114 0.416 -5.099 3.400 ""
3459.296 107.00114 1.482 -5.369 3.400 ""
3459.308 107.00114 0.416 -3.416 3.400 ""
3459.311 106.00112 1.071 -5.458 3.464 AX30P255
3459.313 107.00114 1.482 -2.752 3.400 ""
3459.317 23.0 2.357 -5.62 "" ""
