wavelength species excitation loggf disassociation_energy comment
3994.239 27.0 3.407 -4.3 "" ""
3994.241 106.00112 1.016 -3.351 3.464 AX43Q045
3994.246 106.00113 1.425 -4.649 3.464 AX43Q175
3994.247 24.1 6.28 -2.0 "" ""
3994.264 26.0 2.873 -5.16 "" ""
3994.291 92.1 0.036 -1.78 "" ""
3994.318 24.0 3.008 -2.95 "" ""
3994.326 106.00112 1.016 -4.499 3.464 AX43R045
3994.413 41.0 1.393 -1.19 "" ""
3994.427 106.00112 1.016 -4.763 3.464 AX43P055
3994.456 22.0 2.486 -2.51 "" ""
3994.501 106.00112 0.361 -1.361 3.464 BX00P135
3994.512 106.00112 1.016 -3.242 3.464 AX43Q055
3994.517 20.0 5.927 -1.72 "" ""
3994.526 24.1 7.381 -3.6 "" ""
3994.531 66.0 0.512 -0.72 "" ""
3994.535 27.0 0.629 -2.75 LAWNHFS ""
3994.541 22.0 2.101 -1.86 "" ""
3994.549 90.1 0.0 -1.54 "" ""
3994.553 106.00112 0.361 -7.282 3.464 BX00Q135
3994.555 607.01214 3.043 -2.885 7.724 1313Qc0055
3994.572 106.00112 1.016 -4.758 3.464 AX43P055
3994.574 607.01214 3.043 -1.0 7.724 1313Pa0065
3994.577 74.1 2.949 -1.72 "" ""
3994.58 58.1 0.703 -1.09 LAWLER ""
3994.583 607.01214 3.043 -1.074 7.724 1313Pb0055
3994.608 20.0 2.93 -1.61 "" ""
3994.626 42.0 3.731 -1.08 "" ""
3994.634 106.00112 1.723 -7.938 3.464 AX42P255
3994.643 23.0 2.364 -3.23 "" ""
3994.648 58.1 0.232 -2.02 LAWLER ""
3994.657 106.00112 1.016 -3.242 3.464 AX43Q055
3994.67 59.1141 0.055 -3.045 LI/LAW ""
3994.67 60.1 0.32 0.04 LAWLER ""
3994.673 106.00113 1.65 -8.64 3.464 CX14Q165
3994.675 22.0 2.091 -0.7 "" ""
3994.683 59.1141 0.055 -1.827 LI/LAW ""
3994.688 59.1141 0.055 -2.899 LI/LAW ""
3994.691 106.00112 0.361 -1.349 3.464 BX00P145
3994.691 26.0 3.981 -3.0 "" ""
3994.693 59.1141 0.055 -1.158 LI/LAW ""
3994.705 59.1141 0.055 -1.637 LI/LAW ""
3994.712 59.1141 0.055 -2.986 LI/LAW ""
3994.719 59.1141 0.055 -1.049 LI/LAW ""
3994.733 59.1141 0.055 -1.583 LI/LAW ""
3994.742 59.1141 0.055 -3.314 LI/LAW ""
3994.751 59.1141 0.055 -0.94 LI/LAW ""
3994.768 59.1141 0.055 -1.625 LI/LAW ""
3994.789 59.1141 0.055 -0.835 LI/LAW ""
3994.796 28.0 4.232 -0.73 "" ""
3994.809 59.1141 0.055 -1.815 LI/LAW ""
3994.834 59.1141 0.055 -0.736 LI/LAW ""
3994.842 22.1 1.179 -6.7 "" ""
3994.853 68.1 0.636 -1.93 LAWLER ""
3994.874 23.0 2.579 -0.97 "" ""
3994.885 59.1141 0.055 -0.643 LI/LAW ""
3994.933 76.0 2.639 -0.78 "" ""
3994.981 106.00112 1.597 -9.923 3.464 AX53P195
3995.054 106.00113 1.031 -3.236 3.464 AX43Q055
3995.056 106.00113 1.651 -5.115 3.464 CX14R155
3995.085 21.0 1.849 -4.53 "" ""
3995.091 106.00113 1.65 -5.022 3.464 CX14R165
3995.094 24.0 4.093 -3.44 "" ""
3995.112 25.0 4.675 -3.58 "" ""
3995.122 106.00113 1.031 -4.534 3.464 AX43R055
3995.138 20.0 2.93 -3.88 "" ""
3995.15 26.0 4.188 -2.77 "" ""
3995.175 20.0 2.93 -8.11 "" ""
3995.199 607.01214 3.045 -2.953 7.724 1313Qc0065
3995.205 26.0 4.1 -1.2 "" ""
3995.206 106.00112 2.01 -4.264 3.464 CX25R185
3995.215 26.0 3.265 -1.66 "" ""
3995.219 106.00113 1.142 -6.67 3.464 AX10Q255
3995.22 607.01214 3.045 -0.938 7.724 1313Pa0075
3995.233 26.0 3.632 -4.07 "" ""
3995.233 607.01214 3.045 -1.0 7.724 1313Pb0065
3995.24 60.1 0.38 -0.88 LAWLER ""
3995.252 106.00112 1.148 -6.67 3.464 AX10Q255
3995.261 68.1 1.68 -0.43 "" ""
3995.264 106.00113 1.142 -5.63 3.464 AX10P265
3995.286 106.00113 1.031 -3.236 3.464 AX43Q055
3995.304 27.0059 0.922 -0.853 Lawle15HFS ""
3995.304 27.0059 0.922 -0.958 Lawle15HFS ""
3995.305 27.0059 0.922 -1.074 Lawle15HFS ""
3995.305 27.0059 0.922 -1.203 Lawle15HFS ""
3995.305 27.0059 0.922 -1.349 Lawle15HFS ""
3995.306 27.0059 0.922 -1.519 Lawle15HFS ""
3995.307 27.0059 0.922 -1.723 Lawle15HFS ""
3995.308 27.0059 0.922 -1.986 Lawle15HFS ""
3995.31 106.00112 1.148 -5.63 3.464 AX10P265
3995.31 27.0059 0.922 -1.919 Lawle15HFS ""
3995.311 27.0059 0.922 -1.723 Lawle15HFS ""
3995.312 27.0059 0.922 -1.618 Lawle15HFS ""
3995.314 27.0059 0.922 -1.571 Lawle15HFS ""
3995.315 27.0059 0.922 -1.577 Lawle15HFS ""
3995.315 27.0059 0.922 -2.618 Lawle15HFS ""
3995.317 25.1 5.376 -2.44 "" ""
3995.317 27.0059 0.922 -1.65 Lawle15HFS ""
3995.318 27.0059 0.922 -2.463 Lawle15HFS ""
3995.319 27.0059 0.922 -1.861 Lawle15HFS ""
3995.321 27.0059 0.922 -2.463 Lawle15HFS ""
3995.324 27.0059 0.922 -2.56 Lawle15HFS ""
3995.325 106.00112 2.01 -7.885 3.464 CX25Q185
3995.326 106.00112 2.01 -4.331 3.464 CX25R175
3995.326 106.00113 1.142 -5.194 3.464 AX10P255
3995.328 26.0 4.28 -3.25 "" ""
3995.328 27.0059 0.922 -2.765 Lawle15HFS ""
3995.331 27.0059 0.922 -3.163 Lawle15HFS ""
3995.337 23.0 1.871 -6.5 "" ""
3995.349 106.00113 1.031 -4.82 3.464 AX43P065
3995.354 106.00113 1.031 -4.542 3.464 AX43R055
3995.358 26.0 3.651 -6.03 "" ""
3995.362 106.00112 1.148 -5.194 3.464 AX10P255
3995.417 106.00113 1.031 -3.142 3.464 AX43Q065
3995.425 58.1 0.459 -1.63 LAWLER ""
3995.476 42.0 2.595 -2.19 "" ""
3995.487 21.1 4.875 -3.32 "" ""
3995.499 23.0 2.121 -2.47 "" ""
3995.503 21.1 0.595 -4.08 "" ""
3995.525 42.0 3.393 -1.55 "" ""
3995.555 106.00113 1.032 -4.813 3.464 AX43P065
3995.58 69.1 0.029 -1.78 LAWLER ""
3995.602 45.0 1.278 -1.17 "" ""
3995.623 106.00113 1.032 -3.143 3.464 AX43Q065
3995.628 106.00113 1.772 -3.885 3.464 AX53P235
3995.652 56.0 1.189 -0.83 "" ""
3995.681 106.00113 1.772 -5.691 3.464 AX53Q225
3995.708 57.1139 0.173 -1.282 Lawle01HFS ""
3995.711 57.1139 0.173 -1.458 Lawle01HFS ""
3995.716 57.1139 0.173 -1.109 Lawle01HFS ""
3995.721 57.1139 0.173 -3.209 Lawle01HFS ""
3995.724 57.1139 0.173 -1.282 Lawle01HFS ""
3995.728 57.1139 0.173 -1.098 Lawle01HFS ""
3995.73 24.0 3.119 -8.72 "" ""
3995.732 106.00113 1.772 -4.252 3.464 AX53P225
3995.734 57.1139 0.173 -1.78 Lawle01HFS ""
3995.738 106.00113 1.478 -9.657 3.464 CX03Q185
3995.738 57.1139 0.173 -1.109 Lawle01HFS ""
3995.743 57.1139 0.173 -1.256 Lawle01HFS ""
3995.751 57.1139 0.173 -1.084 Lawle01HFS ""
3995.757 57.1139 0.173 -1.098 Lawle01HFS ""
3995.762 106.00112 1.984 -9.134 3.464 CX03R255
3995.771 57.1139 0.173 -0.686 Lawle01HFS ""
3995.778 57.1139 0.173 -1.256 Lawle01HFS ""
3995.793 106.00113 1.426 -2.355 3.464 AX43R175
3995.812 106.00112 1.984 -4.837 3.464 CX03Q265
3995.833 106.00113 1.426 -2.423 3.464 AX43R165
3995.845 106.00113 1.426 -4.621 3.464 AX43Q175
3995.845 28.0 4.164 -1.16 "" ""
3995.862 26.0 4.206 -0.38 "" ""
3995.863 607.01214 3.049 -3.012 7.724 1313Qc0075
3995.887 106.00112 1.984 -4.937 3.464 CX03Q255
3995.887 26.0 4.214 -3.3 "" ""
3995.887 607.01214 3.049 -0.883 7.724 1313Pa0085
3995.891 28.0 4.164 -2.46 "" ""
3995.902 607.01214 3.049 -0.938 7.724 1313Pb0075
3995.937 106.00112 1.984 -8.779 3.464 CX03P265
3995.937 58.1 0.7 -0.77 BIEMONT ""
3995.979 44.0 1.124 -1.01 "" ""
3995.983 26.0 2.725 -1.45 "" ""
3996.062 90.1 1.902 0.01 "" ""
3996.083 25.0 4.27 -1.23 "" ""
3996.111 28.0 4.15 -1.16 "" ""
3996.113 106.00112 1.694 -7.321 3.464 CX25R105
3996.114 22.1 5.028 -3.07 "" ""
3996.121 26.1 4.612 -6.29 "" ""
3996.142 23.0 2.357 -3.24 "" ""
3996.146 24.0 4.398 -2.52 "" ""
3996.149 45.0 1.483 -0.62 "" ""
3996.165 73.0 0.749 -1.31 "" ""
3996.234 106.00113 1.478 -6.004 3.464 CX03R175
3996.245 42.0 2.258 -2.23 "" ""
3996.254 106.00113 1.478 -5.94 3.464 CX03R185
3996.262 26.0 3.289 -2.35 DEN14 ""
3996.279 24.0 3.432 -1.55 "" ""
3996.279 26.0 2.988 -2.79 "" ""
3996.285 106.00113 1.759 -4.881 3.464 AX21R295
3996.304 106.00113 1.759 -2.29 3.464 AX21Q305
3996.31 64.1 1.126 -0.1 LAWLER ""
3996.345 26.1 5.952 -2.93 "" ""
3996.369 42.0 2.913 -2.09 "" ""
3996.373 106.00112 0.465 -7.388 3.464 AX10P155
3996.388 106.00112 1.034 -3.236 3.464 AX43Q055
3996.42 23.0 1.929 -2.21 "" ""
3996.421 106.00113 1.759 -2.395 3.464 AX21Q295
3996.44 106.00113 1.759 -5.567 3.464 AX21P305
3996.45 106.00112 1.034 -4.534 3.464 AX43R055
3996.475 58.1 0.529 -1.19 LAWLER ""
3996.494 26.0 3.684 -5.59 "" ""
3996.508 44.0 1.122 -2.06 "" ""
3996.51 69.1 0.0 -1.2 LAWLER ""
3996.547 607.01214 3.052 -3.064 7.724 1313Qc0085
3996.55 26.0 3.881 -4.24 "" ""
3996.568 78.0 1.92 -2.54 DH05nohfs ""
3996.574 607.01214 3.052 -0.835 7.724 1313Pa0095
3996.589 21.0045 0.0 -2.14 LAWHFS ""
3996.59 21.0045 0.0 -1.83 LAWHFS ""
3996.59 21.0045 0.0 -1.83 LAWHFS ""
3996.59 607.01214 3.052 -0.883 7.724 1313Pb0085
3996.593 21.0045 0.0 -1.7 LAWHFS ""
3996.594 21.0045 0.0 -1.67 LAWHFS ""
3996.594 21.0045 0.0 -2.01 LAWHFS ""
3996.598 21.0045 0.0 -1.41 LAWHFS ""
3996.599 21.0045 0.0 -1.66 LAWHFS ""
3996.6 21.0045 0.0 -2.26 LAWHFS ""
3996.604 21.0045 0.0 -1.2 LAWHFS ""
3996.605 21.0045 0.0 -1.82 LAWHFS ""
3996.606 21.0045 0.0 -2.69 LAWHFS ""
3996.626 106.00112 1.034 -3.236 3.464 AX43Q055
3996.635 22.0 2.101 -1.35 "" ""
3996.658 106.00113 0.462 -7.388 3.464 AX10P155
3996.686 106.00112 1.034 -4.82 3.464 AX43P065
3996.688 106.00112 1.034 -4.542 3.464 AX43R055
3996.69 66.1 0.59 -0.26 LAWLER ""
3996.748 106.00112 1.034 -3.142 3.464 AX43Q065
3996.785 26.0 4.151 -1.32 "" ""
3996.802 76.0 0.0 -3.46 "" ""
3996.853 24.0 4.183 -1.91 "" ""
3996.876 23.0 2.563 -5.6 "" ""
3996.893 106.00112 1.035 -4.813 3.464 AX43P065
3996.912 106.00112 1.018 -6.045 3.464 AX21Q195
3996.917 66.0 0.0 -1.69 "" ""
3996.955 106.00112 1.035 -3.142 3.464 AX43Q065
3996.962 24.0 4.436 -4.06 "" ""
3996.964 26.0 3.692 -0.84 "" ""
3996.975 27.0 3.565 -4.99 "" ""
3996.976 106.00113 1.013 -6.045 3.464 AX21Q195
3996.977 106.00112 1.018 -5.317 3.464 AX21P195
3996.992 106.00112 1.018 -4.988 3.464 AX21P205
3997.029 27.0 3.565 -1.03 "" ""
3997.04 59.1 0.371 -0.21 LINOHFS ""
3997.047 106.00113 1.013 -4.988 3.464 AX21P205
3997.065 106.00113 1.013 -5.317 3.464 AX21P195
3997.081 92.0 0.868 -0.07 "" ""
3997.11 23.1 1.475 -1.2 LAWNOHFS ""
3997.112 24.0 3.011 -3.41 "" ""
3997.127 74.0 2.351 -0.67 "" ""
3997.199 26.0 3.6 -4.77 "" ""
3997.24 26.0 3.6 -5.46 "" ""
3997.244 106.00112 1.376 -4.831 3.464 AX32R205
3997.251 607.01214 3.057 -3.11 7.724 1313Qc0095
3997.269 58.1 0.721 -1.64 LAWLER ""
3997.275 607.01214 3.057 -0.791 7.724 1313Pa0105
3997.299 607.01214 3.057 -0.835 7.724 1313Pb0095
3997.317 106.00112 1.376 -2.523 3.464 AX32Q215
3997.33 106.00112 1.376 -2.609 3.464 AX32Q205
3997.341 27.0 2.875 -2.56 "" ""
3997.392 26.0 2.725 -0.39 "" ""
3997.4 60.1 0.63 -0.8 LAWLER ""
3997.402 106.00112 1.376 -5.471 3.464 AX32P215
3997.453 106.00113 1.646 -8.504 3.464 AX53P205
3997.469 90.1 1.377 -1.16 "" ""
3997.473 26.0 3.239 -4.53 "" ""
3997.475 58.1 0.811 -0.72 BIEMONT ""
3997.483 26.0 3.239 -2.32 "" ""
3997.493 106.00112 0.776 -5.198 3.464 BX10P215
3997.522 106.00112 0.776 -1.526 3.464 BX10Q205
3997.567 106.00112 0.776 -1.373 3.464 BX10Q215
3997.596 106.00112 0.776 -4.917 3.464 BX10R205
3997.647 24.0 3.119 -5.74 "" ""
3997.667 24.0 4.443 -1.85 "" ""
3997.67 58.1 1.012 -0.4 BIEMONT ""
3997.713 58.1 1.041 -0.24 BIEMONT ""
3997.726 106.00113 1.053 -3.139 3.464 AX43Q065
3997.761 24.0 3.011 -2.68 "" ""
3997.763 25.0 4.243 -0.95 "" ""
3997.768 60.1 1.519 -0.12 "" ""
3997.77 64.1 1.059 -0.52 LAWLER ""
3997.777 106.00113 1.053 -4.564 3.464 AX43R065
3997.782 21.0 1.864 -4.24 "" ""
3997.803 6.0 7.482 -4.14 "" ""
3997.855 27.0 3.772 -2.71 "" ""
3997.863 27.0059 1.048 -2.646 Lawle15HFS ""
3997.866 90.1 1.204 -0.9 "" ""
3997.867 26.0 3.298 -2.76 "" ""
3997.867 27.0059 1.048 -2.391 Lawle15HFS ""
3997.868 27.0059 1.048 -2.258 Lawle15HFS ""
3997.869 27.0059 1.048 -2.676 Lawle15HFS ""
3997.875 27.0059 1.048 -2.203 Lawle15HFS ""
3997.878 27.0059 1.048 -2.003 Lawle15HFS ""
3997.879 27.0059 1.048 -2.646 Lawle15HFS ""
3997.886 27.0059 1.048 -2.112 Lawle15HFS ""
3997.892 27.0059 1.048 -1.805 Lawle15HFS ""
3997.893 27.0059 1.048 -2.697 Lawle15HFS ""
3997.902 27.0059 1.048 -2.09 Lawle15HFS ""
3997.909 27.0059 1.048 -1.641 Lawle15HFS ""
3997.91 27.0059 1.048 -2.822 Lawle15HFS ""
3997.919 24.0 2.706 -3.08 "" ""
3997.92 60.1 1.724 0.47 "" ""
3997.921 27.0059 1.048 -2.144 Lawle15HFS ""
3997.922 106.00112 0.466 -7.436 3.464 AX10P155
3997.93 27.0059 1.048 -1.5 Lawle15HFS ""
3997.931 27.0059 1.048 -3.044 Lawle15HFS ""
3997.936 24.0 4.437 -2.68 "" ""
3997.944 27.0059 1.048 -2.34 Lawle15HFS ""
3997.956 27.0059 1.048 -3.455 Lawle15HFS ""
3997.976 607.01214 3.061 -3.151 7.724 1313Qc0105
3997.978 106.00113 1.053 -4.868 3.464 AX43P075
3997.99 21.1 7.477 -2.54 "" ""
3998.008 607.01214 3.061 -0.752 7.724 1313Pa0115
3998.014 29.0 5.72 -2.13 "" ""
3998.027 607.01214 3.061 -0.792 7.724 1313Pb0105
3998.028 106.00113 1.053 -3.054 3.464 AX43Q075
3998.028 26.0 4.151 -2.13 "" ""
3998.035 106.00113 1.053 -3.139 3.464 AX43Q065
3998.052 26.0 2.69 -0.81 BEL17 ""
3998.06 66.1 0.1 -2.25 LAWLER ""
3998.063 106.00112 1.657 -5.022 3.464 CX14R165
3998.085 106.00113 1.053 -4.574 3.464 AX43R065
3998.134 106.00112 1.657 -5.114 3.464 CX14R155
3998.138 106.00112 0.708 -5.026 3.464 BX10P195
3998.156 106.00112 1.657 -8.639 3.464 CX14Q165
3998.166 74.0 2.658 -0.36 "" ""
3998.188 106.00113 0.463 -7.436 3.464 AX10P155
3998.224 106.00112 1.431 -2.422 3.464 AX43R165
3998.241 92.1 1.411 0.04 "" ""
3998.248 22.0 2.316 -3.92 "" ""
3998.255 106.00112 1.431 -2.354 3.464 AX43R175
3998.257 106.00113 1.053 -4.86 3.464 AX43P075
3998.275 24.0 3.548 -4.04 "" ""
3998.276 42.0 2.756 -1.42 "" ""
3998.307 106.00113 1.053 -3.055 3.464 AX43Q075
3998.316 106.00112 1.431 -4.648 3.464 AX43Q175
3998.321 106.00112 0.64 -8.599 3.464 AX21P125
3998.342 62.0 0.498 -0.18 "" ""
3998.358 26.0 3.94 -2.76 "" ""
3998.379 24.0 4.096 -3.54 "" ""
3998.386 23.0 3.111 -2.21 "" ""
3998.39 65.1 1.103 -0.29 LAWNOHFS ""
3998.391 23.0 2.357 -4.64 "" ""
3998.43 24.0 4.398 -4.47 "" ""
3998.459 26.0 3.299 -3.6 "" ""
3998.474 106.00113 1.145 -5.63 3.464 AX10P265
3998.542 106.00112 1.151 -5.63 3.464 AX10P265
3998.544 106.00113 1.145 -6.711 3.464 AX10Q255
3998.547 106.00113 0.638 -8.599 3.464 AX21P125
3998.548 27.0 1.048 -3.17 LAWNHFS ""
3998.601 106.00112 1.151 -6.711 3.464 AX10Q255
3998.636 22.0 0.048 0.02 LAWLER ""
3998.651 106.00113 1.145 -5.194 3.464 AX10P255
3998.66 27.0 4.143 -0.29 "" ""
3998.676 27.0 3.71 -1.38 "" ""
3998.692 27.0 3.407 -5.94 "" ""
3998.7 22.0 2.486 -2.67 "" ""
3998.713 106.00112 1.151 -5.194 3.464 AX10P255
3998.722 607.01214 3.066 -3.19 7.724 1313Qc0115
3998.723 23.0 1.866 0.42 LAWNOHFS ""
3998.756 74.0 2.351 -0.47 "" ""
3998.757 607.01214 3.066 -0.716 7.724 1313Pa0125
3998.761 106.00112 1.484 -5.94 3.464 CX03R185
3998.764 26.0 3.637 -5.24 "" ""
3998.774 106.00112 0.952 -5.51 3.464 AX32Q125
3998.775 23.0 2.372 -1.79 "" ""
3998.777 607.01214 3.066 -0.752 7.724 1313Pb0115
3998.789 106.00112 0.952 -4.177 3.464 AX32P125
3998.841 23.0 2.357 -4.15 "" ""
3998.868 106.00112 1.484 -6.003 3.464 CX03R175
3998.87 106.00112 1.484 -9.656 3.464 CX03Q185
3998.87 24.0 4.444 -0.31 "" ""
3998.909 106.00112 0.952 -4.088 3.464 AX32P135
3998.909 106.00113 0.948 -5.51 3.464 AX32Q125
3998.916 106.00113 0.948 -4.177 3.464 AX32P125
3998.933 76.0 2.465 -0.87 "" ""
3998.937 66.0 0.0 -1.92 "" ""
3998.941 24.1 2.704 -4.53 "" ""
3998.965 40.1 0.559 -0.52 Ljung06 ""
3998.968 22.0 2.133 -0.34 "" ""
3998.975 106.00112 1.716 -5.836 3.464 AX53Q215
3998.985 24.1 2.704 -4.95 "" ""
3999.028 28.0 3.676 -0.46 "" ""
3999.041 106.00112 1.716 -4.242 3.464 AX53P225
3999.041 106.00113 0.948 -4.088 3.464 AX32P135
3999.043 24.0 2.707 -3.85 "" ""
3999.05 106.00112 1.716 -4.737 3.464 AX53P215
3999.061 106.00112 1.02 -4.989 3.464 AX21P205
3999.067 68.0 1.068 -0.18 "" ""
3999.075 106.00112 1.02 -6.077 3.464 AX21Q195
3999.081 24.0 3.963 -2.31 "" ""
3999.098 27.0 3.663 -1.75 "" ""
3999.106 106.00113 1.015 -4.989 3.464 AX21P205
3999.116 106.00113 1.015 -6.077 3.464 AX21Q195
3999.119 106.00112 1.056 -3.139 3.464 AX43Q065
3999.122 106.00113 1.371 -4.83 3.464 AX32R205
3999.14 106.00112 1.02 -5.317 3.464 AX21P195
3999.151 106.00113 1.419 -8.091 3.464 CX14R105
3999.161 22.0 2.304 -4.94 "" ""
3999.164 106.00112 1.056 -4.564 3.464 AX43R065
3999.165 68.1 0.636 -1.24 "" ""
3999.167 27.0 3.71 -0.99 "" ""
3999.18 92.0 0.471 -0.46 "" ""
3999.181 41.0 1.629 -0.26 "" ""
3999.184 106.00113 1.371 -2.522 3.464 AX32Q215
3999.188 28.0 4.161 -2.96 "" ""
3999.192 106.00113 1.015 -5.317 3.464 AX21P195
3999.199 58.1 0.608 -0.89 BIEMONT ""
3999.202 23.1 3.755 -1.76 "" ""
3999.237 58.1 0.295 0.06 LAWLER ""
3999.271 106.00113 1.371 -2.609 3.464 AX32Q205
3999.28 73.0 0.752 -1.61 "" ""
3999.333 106.00113 1.371 -5.47 3.464 AX32P215
3999.342 22.0 2.504 -3.28 "" ""
3999.343 22.0 2.101 -0.48 "" ""
3999.359 106.00112 0.641 -8.638 3.464 AX21P125
3999.374 106.00112 1.056 -4.868 3.464 AX43P075
3999.384 106.00113 0.841 -4.915 3.464 BX00P225
3999.39 22.0 2.091 -2.77 "" ""
3999.419 106.00112 1.056 -3.054 3.464 AX43Q075
3999.423 106.00113 0.841 -1.206 3.464 BX00Q215
3999.434 106.00112 1.056 -3.138 3.464 AX43Q065
3999.464 106.00113 0.841 -1.263 3.464 BX00Q225
3999.468 106.00112 1.378 -2.523 3.464 AX32Q215
3999.479 106.00112 1.056 -4.574 3.464 AX43R065
3999.488 607.01214 3.071 -3.225 7.724 1313Qc0125
3999.491 106.00112 1.378 -4.856 3.464 AX32R205
3999.504 106.00113 0.841 -4.959 3.464 BX00R215
3999.513 24.0 3.11 -3.83 "" ""
3999.526 26.0 2.829 -5.22 "" ""
3999.527 607.01214 3.071 -0.683 7.724 1313Pa0135
3999.547 607.01214 3.071 -0.716 7.724 1313Pb0125
3999.554 106.00112 1.378 -5.448 3.464 AX32P215
3999.57 106.00113 0.638 -8.638 3.464 AX21P125
3999.575 25.0 4.255 -2.13 "" ""
3999.577 106.00112 1.378 -2.609 3.464 AX32Q205
3999.615 26.0 3.298 -3.65 "" ""
3999.654 106.00112 1.056 -4.86 3.464 AX43P075
3999.698 106.00112 1.056 -3.054 3.464 AX43Q075
3999.703 106.00112 1.432 -2.354 3.464 AX43R175
3999.723 28.0 4.085 -1.69 "" ""
3999.75 106.00112 1.432 -2.422 3.464 AX43R165
3999.764 106.00112 1.432 -4.62 3.464 AX43Q175
3999.773 106.00112 0.952 -5.533 3.464 AX32Q125
3999.788 106.00112 0.952 -4.177 3.464 AX32P125
3999.844 106.00112 0.952 -4.088 3.464 AX32P135
3999.858 24.0 3.695 -3.55 "" ""
3999.885 106.00113 0.949 -5.533 3.464 AX32Q125
3999.89 23.0 0.017 -2.96 "" ""
3999.905 106.00112 1.962 -4.331 3.464 CX25R175
3999.915 106.00113 0.949 -4.177 3.464 AX32P125
3999.942 106.00113 1.648 -8.562 3.464 AX53P205
3999.953 106.00113 0.949 -4.088 3.464 AX32P135
3999.957 106.00113 0.64 -4.655 3.464 BX00P195
3999.961 106.00113 0.432 -4.541 3.464 BX11R075
3999.967 106.00113 0.64 -1.108 3.464 BX00Q185
3999.968 20.0 3.907 -3.81 "" ""
4000.0 65.1 0.79 -0.44 LAWNOHFS ""
4000.009 106.00112 1.962 -4.399 3.464 CX25R165
4000.017 106.00112 1.962 -7.922 3.464 CX25Q175
4000.017 26.0 2.829 -3.15 "" ""
4000.021 106.00113 0.64 -1.123 3.464 BX00Q195
4000.031 106.00113 0.64 -4.675 3.464 BX00R185
4000.043 22.0 2.091 -2.09 "" ""
4000.044 23.0 1.182 -5.54 "" ""
4000.044 59.1141 0.204 -3.88 LI/LAW ""
4000.059 59.1141 0.204 -2.465 LI/LAW ""
4000.065 59.1141 0.204 -3.712 LI/LAW ""
4000.07 59.1141 0.204 -1.556 LI/LAW ""
4000.077 23.0 2.573 -1.04 "" ""
4000.083 59.1141 0.204 -2.27 LI/LAW ""
4000.091 59.1141 0.204 -3.784 LI/LAW ""
4000.098 26.0 4.183 -3.2 "" ""
4000.098 59.1141 0.204 -1.474 LI/LAW ""
4000.113 59.1141 0.204 -2.218 LI/LAW ""
4000.123 59.1141 0.204 -4.102 LI/LAW ""
4000.131 59.1141 0.204 -1.39 LI/LAW ""
4000.133 106.00113 1.762 -2.29 3.464 AX21Q305
4000.148 59.1141 0.204 -2.263 LI/LAW ""
4000.163 106.00113 0.408 -4.47 3.464 BX11R065
4000.17 59.1141 0.204 -1.307 LI/LAW ""
4000.176 106.00113 0.985 -4.63 3.464 AX43P025
4000.182 106.00113 1.762 -4.914 3.464 AX21R295
4000.183 64.0 0.841 -0.42 "" ""
4000.188 24.0 4.183 -2.54 "" ""
4000.189 59.1141 0.204 -2.458 LI/LAW ""
4000.213 59.1141 0.204 -1.228 LI/LAW ""
4000.235 26.0 3.299 -4.03 "" ""
4000.242 106.00113 0.985 -4.628 3.464 AX43P025
4000.248 26.0 4.28 -2.84 "" ""
4000.253 26.0 3.263 -1.62 "" ""
4000.263 59.1141 0.204 -1.152 LI/LAW ""
4000.276 607.01214 3.077 -3.257 7.724 1313Qc0135
4000.281 90.0 1.29 -0.38 "" ""
4000.317 607.01214 3.077 -0.652 7.724 1313Pa0145
4000.318 106.00113 1.762 -5.536 3.464 AX21P305
4000.322 24.0 3.977 -3.56 "" ""
4000.338 607.01214 3.077 -0.683 7.724 1313Pb0135
4000.367 106.00113 1.762 -2.396 3.464 AX21Q295
4000.377 42.0 2.595 -1.39 "" ""
4000.417 68.1 0.636 -2.18 LAWLER ""
4000.427 106.00113 0.985 -4.793 3.464 AX43Q025
4000.446 23.1 3.8 -4.25 "" ""
4000.45 66.1 0.1 0.04 LAWLER ""
4000.457 26.0 2.988 -1.63 "" ""
4000.479 24.0 4.398 -2.34 "" ""
4000.49 60.1 0.204 -0.84 LAWLER ""
4000.492 42.0 3.075 -0.48 "" ""
4000.494 106.00113 0.985 -4.799 3.464 AX43Q025
4000.512 20.0 4.621 -3.27 "" ""
4000.594 24.1 4.984 -4.91 "" ""
4000.595 24.0 4.204 -2.14 "" ""
4000.6 41.1 1.83 -1.03 Nilsson10 ""
4000.624 106.00112 0.433 -4.541 3.464 BX11R075
4000.67 24.0 3.077 -4.42 "" ""
4000.677 58.1 1.212 -1.08 "" ""
4000.693 24.0 4.204 -1.63 "" ""
4000.731 22.0 2.332 -5.65 "" ""
4000.753 106.00113 1.477 -2.358 3.464 AX43R175
4000.753 21.1 7.49 -5.37 "" ""
4000.756 27.0 3.629 -3.22 "" ""
4000.764 106.00113 1.477 -2.291 3.464 AX43R185
4000.801 58.1 0.674 -1.61 "" ""
4000.815 106.00112 0.41 -4.47 3.464 BX11R065
4000.826 106.00113 1.077 -3.052 3.464 AX43Q075
4000.827 106.00113 1.477 -4.625 3.464 AX43Q185
4000.86 106.00113 0.228 -4.108 3.464 BX00P105
4000.861 106.00113 1.077 -4.585 3.464 AX43R075
4000.949 22.0 0.848 -7.69 "" ""
4001.003 25.0 4.35 -1.45 "" ""
4001.009 106.00113 0.985 -4.397 3.464 AX43P035
4001.044 106.00113 1.077 -4.907 3.464 AX43P085
4001.047 58.1 0.708 -0.74 LAWLER ""
4001.048 25.0 3.769 -1.46 "" ""
4001.058 90.0 0.966 -0.4 "" ""
4001.061 106.00113 0.985 -4.397 3.464 AX43P035
4001.062 106.00112 0.644 -1.107 3.464 BX00Q185
4001.063 24.0 4.446 -2.78 "" ""
4001.08 106.00113 1.077 -2.972 3.464 AX43Q085
4001.084 607.01214 3.083 -3.287 7.724 1313Qc0145
4001.089 40.0 0.154 -2.09 "" ""
4001.099 106.00113 0.458 -4.612 3.464 BX11R085
4001.105 26.0 3.637 -2.76 "" ""
4001.116 23.1 5.533 -3.0 "" ""
4001.12 23.1 1.554 -6.1 "" ""
4001.13 607.01214 3.083 -0.624 7.724 1313Pa0155
4001.131 106.00112 0.644 -1.123 3.464 BX00Q195
4001.141 106.00112 0.644 -4.655 3.464 BX00P195
4001.142 41.0 1.531 -0.63 "" ""
4001.15 23.1 3.756 -3.22 "" ""
4001.15 607.01214 3.083 -0.652 7.724 1313Pb0145
4001.175 26.0 3.639 -4.01 "" ""
4001.217 106.00112 0.644 -4.674 3.464 BX00R185
4001.222 106.00113 1.078 -3.052 3.464 AX43Q075
4001.25 64.1 0.522 -0.78 LAWLER ""
4001.257 106.00113 1.078 -4.596 3.464 AX43R075
4001.265 106.00112 1.718 -4.242 3.464 AX53P225
4001.28 92.0 0.87 -0.07 "" ""
4001.294 106.00112 1.718 -5.872 3.464 AX53Q215
4001.327 106.00113 1.372 -2.523 3.464 AX32Q215
4001.36 106.00113 1.372 -5.448 3.464 AX32P215
4001.366 74.0 1.507 -1.25 "" ""
4001.369 106.00113 1.372 -4.855 3.464 AX32R205
4001.37 106.00112 1.718 -4.737 3.464 AX53P215
4001.401 106.00113 1.372 -2.609 3.464 AX32Q205
4001.407 106.00113 1.078 -4.899 3.464 AX43P085
4001.418 26.0 3.045 -5.75 "" ""
4001.437 24.0 3.887 0.26 "" ""
4001.442 106.00113 1.078 -2.973 3.464 AX43Q085
4001.448 106.00112 0.988 -4.63 3.464 AX43P025
4001.45 21.0 2.606 -3.4 "" ""
4001.49 6.0 7.679 -4.26 "" ""
4001.517 106.00112 0.988 -4.628 3.464 AX43P025
4001.563 58.1 0.621 -0.59 LAWLER ""
4001.58 106.00113 0.388 -4.397 3.464 BX11R055
4001.61 62.0 0.282 -2.09 "" ""
4001.661 23.0 1.194 -2.65 LAWNOHFS ""
4001.661 26.0 2.174 -1.9 OBR91 ""
4001.69 106.00112 0.988 -4.792 3.464 AX43Q025
4001.712 21.0 4.524 -2.42 "" ""
4001.713 106.00112 0.229 -4.108 3.464 BX00P105
4001.724 58.1 0.459 -0.83 LAWLER ""
4001.734 90.1 0.51 -1.86 Nils02/9 ""
4001.742 42.0 2.621 -2.28 "" ""
4001.759 106.00112 0.988 -4.799 3.464 AX43Q025
4001.783 106.00112 0.46 -4.612 3.464 BX11R085
4001.858 22.0 1.995 -4.92 "" ""
4001.883 106.00112 1.767 -4.88 3.464 AX21R295
4001.911 106.00113 1.204 -8.979 3.464 CX03R125
4001.915 607.01214 3.09 -3.316 7.724 1313Qc0155
4001.936 106.00112 1.767 -2.289 3.464 AX21Q305
4001.961 106.00112 1.767 -2.394 3.464 AX21Q295
4001.962 607.01214 3.09 -0.597 7.724 1313Pa0165
4001.983 607.01214 3.09 -0.624 7.724 1313Pb0155
4002.014 106.00112 1.767 -5.566 3.464 AX21P305
4002.02 26.0 3.651 -9.05 "" ""
4002.021 28.0 3.938 -3.04 "" ""
4002.025 25.0 3.769 -1.29 "" ""
4002.083 26.1 2.776 -3.47 "" ""
4002.138 27.0 3.407 -3.69 "" ""
4002.207 27.0 3.229 -6.49 "" ""
4002.226 106.00112 0.389 -4.397 3.464 BX11R055
4002.277 106.00112 0.988 -4.396 3.464 AX43P035
4002.29 24.0 3.077 -4.8 "" ""
4002.291 106.00112 1.08 -3.052 3.464 AX43Q075
4002.294 23.0 2.136 -3.88 "" ""
4002.298 106.00113 1.66 -7.321 3.464 CX25R095
4002.321 106.00112 1.08 -4.585 3.464 AX43R075
4002.329 106.00112 0.988 -4.397 3.464 AX43P035
4002.334 27.0 3.809 -1.26 "" ""
4002.339 92.1 0.583 -1.24 "" ""
4002.397 22.0 2.486 -2.76 "" ""
4002.471 22.0 2.115 -0.1 "" ""
4002.481 65.1159 0.641 -3.7 LAWLER ""
4002.483 24.1 5.315 -2.06 "" ""
4002.489 106.00113 1.223 -6.523 3.464 AX10Q265
4002.497 65.1159 0.641 -3.77 LAWLER ""
4002.501 65.1159 0.641 -1.89 LAWLER ""
4002.511 28.0 4.164 -1.26 "" ""
4002.513 106.00112 1.081 -4.907 3.464 AX43P085
4002.516 65.1159 0.641 -0.64 LAWLER ""
4002.524 65.1159 0.641 -1.76 LAWLER ""
4002.529 106.00113 1.223 -6.937 3.464 AX10P275
4002.543 106.00112 1.081 -2.972 3.464 AX43Q085
4002.543 26.1 5.952 -1.71 "" ""
4002.544 65.1159 0.641 -0.56 LAWLER ""
4002.551 65.1159 0.641 -1.88 LAWLER ""
4002.558 40.0 0.603 -1.35 "" ""
4002.563 25.0 4.357 -1.55 "" ""
4002.565 106.00113 1.478 -2.291 3.464 AX43R185
4002.578 65.1159 0.641 -0.49 LAWLER ""
4002.6 106.00113 1.223 -5.629 3.464 AX10P265
4002.619 65.1159 0.641 -0.41 LAWLER ""
4002.623 106.00113 1.478 -2.358 3.464 AX43R175
4002.623 106.00113 1.478 -4.595 3.464 AX43Q185
4002.634 26.0 2.88 -5.42 "" ""
4002.66 22.0 2.493 -2.04 "" ""
4002.661 26.0 3.249 -2.43 "" ""
4002.666 106.00112 1.23 -6.523 3.464 AX10Q265
4002.671 106.00112 1.424 -8.09 3.464 CX14R105
4002.693 106.00112 1.081 -3.052 3.464 AX43Q075
4002.698 106.00112 1.78 -5.086 3.464 AX43R235
4002.722 106.00112 1.081 -4.596 3.464 AX43R075
4002.722 106.00112 1.23 -6.937 3.464 AX10P275
4002.767 607.01214 3.097 -3.342 7.724 1313Qc0165
4002.781 106.00112 1.23 -5.629 3.464 AX10P265
4002.792 26.0 4.28 -1.5 "" ""
4002.803 23.1 1.554 -5.6 "" ""
4002.817 607.01214 3.097 -0.571 7.724 1313Pa0175
4002.822 58.1 0.904 -0.36 LAWLER ""
4002.837 607.01214 3.097 -0.597 7.724 1313Pb0165
4002.868 26.0 4.206 -2.32 "" ""
4002.875 106.00112 1.081 -4.898 3.464 AX43P085
4002.904 106.00112 1.081 -2.972 3.464 AX43Q085
4002.914 23.1051 1.427 -2.034 LAWLER ""
4002.914 23.1051 1.427 -2.23 LAWLER ""
4002.916 26.0 4.151 -1.4 "" ""
4002.932 23.1051 1.427 -2.23 LAWLER ""
4002.932 23.1051 1.427 -2.234 LAWLER ""
4002.932 23.1051 1.427 -3.416 LAWLER ""
4002.945 23.1051 1.427 -2.234 LAWLER ""
4002.945 23.1051 1.427 -2.489 LAWLER ""
4002.971 58.1 0.417 -1.09 LAWLER ""
4002.978 6.0 7.679 -3.06 "" ""
4002.994 25.0 2.886 -5.8 "" ""
4003.013 23.0 2.33 -3.06 "" ""
4003.017 44.1 3.604 0.0 "" ""
4003.02 29.0 5.684 -1.44 "" ""
4003.083 22.0 2.332 -1.94 "" ""
4003.103 40.0 1.365 -0.33 "" ""
4003.106 90.1 1.31 -0.93 "" ""
4003.124 23.0 2.357 -4.62 "" ""
4003.129 23.0 2.503 -9.64 "" ""
4003.161 106.00113 1.771 -5.085 3.464 AX43R235
4003.164 26.0 4.151 -2.83 "" ""
4003.164 58.1 0.621 -0.85 "" ""
4003.166 106.00112 0.806 -6.854 3.464 AX32P085
4003.167 23.0 2.576 -1.16 "" ""
4003.169 26.0 4.253 -1.51 "" ""
4003.178 26.0 4.28 -3.15 "" ""
4003.195 92.1 0.284 -1.54 "" ""
4003.26 25.0 4.636 -0.58 "" ""
4003.283 24.1 6.479 -0.6 "" ""
4003.306 106.00113 0.804 -6.854 3.464 AX32P085
4003.309 90.1 1.14 -0.76 "" ""
4003.313 24.1 5.315 -3.97 "" ""
4003.34 60.1 0.559 -1.49 LAWLER ""
4003.356 22.1 5.008 -2.33 "" ""
4003.44 62.1 0.248 -1.18 LAWLER ""
4003.448 42.0 2.678 -2.0 "" ""
4003.472 22.0 2.493 -2.72 "" ""
4003.488 76.0 1.907 -1.01 "" ""
4003.489 106.00112 1.761 -4.575 3.464 AX00R335
4003.518 23.0 2.576 -0.39 "" ""
4003.519 26.0 3.639 -3.19 "" ""
4003.546 25.0 4.682 -4.2 "" ""
4003.55 20.0 5.827 -3.93 "" ""
4003.552 20.0 5.014 -5.18 "" ""
4003.557 27.1 5.085 -4.07 "" ""
4003.597 27.0 2.628 -1.55 LAWNHFS ""
4003.6 20.0 5.485 -4.16 "" ""
4003.641 607.01214 3.104 -3.367 7.724 1313Qc0175
4003.684 106.00112 0.807 -6.881 3.464 AX32P085
4003.688 73.0 0.696 -1.89 "" ""
4003.694 607.01214 3.104 -0.548 7.724 1313Pa0185
4003.7 62.1 0.378 -1.53 LAWLER ""
4003.701 24.1 5.315 -3.34 "" ""
4003.714 607.01214 3.104 -0.572 7.724 1313Pb0175
4003.736 106.00113 0.488 -4.684 3.464 BX11R095
4003.74 65.1 1.103 -0.39 LAWNOHFS ""
4003.762 26.0 3.412 -1.29 "" ""
4003.767 58.1 0.932 0.29 LAWLER ""
4003.783 27.1 5.462 -4.77 "" ""
4003.788 24.0 4.385 -3.81 "" ""
4003.797 22.0 2.133 -0.05 "" ""
4003.798 20.0 2.93 -2.47 "" ""
4003.82 106.00113 0.804 -6.881 3.464 AX32P085
4003.84 64.1 1.424 -0.87 LAWLER ""
4003.878 24.0 4.529 -2.05 "" ""
4003.906 24.0 3.889 -0.67 "" ""
4003.911 22.0 2.504 -2.31 "" ""
4003.98 23.0 2.636 -5.43 "" ""
4004.0 60.1 0.064 -0.57 LAWLER ""
4004.025 76.0 1.41 -1.66 "" ""
4004.047 68.0 0.862 0.2 "" ""
4004.051 23.0 0.275 -6.54 "" ""
4004.064 92.1 0.217 -1.14 "" ""
4004.07 27.0 3.25 -3.93 "" ""
4004.083 58.1 0.232 -1.82 LAWLER ""
4004.117 106.00113 0.371 -4.32 3.464 BX11R045
4004.151 26.1 4.476 -3.07 "" ""
4004.156 20.0 5.828 -3.92 "" ""
4004.168 26.0 4.28 -2.55 "" ""
4004.175 106.00113 1.751 -4.574 3.464 AX00R335
