wavelength species excitation loggf disassociation_energy comment
4115.84 607.01314 1.394 -3.963 7.724 0405Qd0295
4115.87 106.00112 1.853 -2.927 3.464 AX21P315
4115.875 607.01214 1.88 -0.789 7.724 0607Rb0275
4115.875 72.0 2.277 -0.63 "" ""
4115.884 106.00113 1.839 -5.259 3.464 CX03P235
4115.884 26.0 3.639 -2.79 "" ""
4115.898 106.00112 1.853 -3.07 3.464 AX21P305
4115.905 607.01214 1.88 -4.001 7.724 0607Qd0285
4115.939 106.00113 1.302 -5.597 3.464 CX14Q055
4115.964 14.0 1.909 -2.47 NIST/D ""
4115.967 106.00113 0.986 -0.574 3.464 BX10R235
4115.97 28.0 4.15 -0.62 "" ""
4116.01 23.0 2.676 -1.92 "" ""
4116.012 106.00112 1.919 -4.509 3.464 CX14P215
4116.023 106.00113 0.986 -5.863 3.464 BX10Q245
4116.027 25.0 4.229 -2.5 "" ""
4116.039 106.00112 1.919 -8.786 3.464 CX14Q205
4116.039 106.00113 1.576 -5.106 3.464 CX25P045
4116.05 106.00113 1.243 -8.834 3.464 CX03P135
4116.095 20.0 5.817 -4.7 "" ""
4116.097 92.1 0.0 -1.04 "" ""
4116.1 607.01314 2.376 -0.803 7.724 0809Ra0355
4116.101 607.01314 1.775 -0.855 7.724 0607Ra0225
4116.101 607.01314 2.03 -0.854 7.724 0708Ra0255
4116.113 23.0 3.313 -3.08 "" ""
4116.117 106.00113 1.576 -8.698 3.464 CX25Q045
4116.117 607.01314 2.376 -0.813 7.724 0809Rb0345
4116.119 106.00113 0.986 -0.14 3.464 BX10R245
4116.137 607.01314 1.775 -0.873 7.724 0607Rb0215
4116.15 607.01314 2.376 -4.212 7.724 0809Qd0355
4116.154 106.00112 1.919 -4.576 3.464 CX14P205
4116.154 26.0 4.298 -3.31 "" ""
4116.16 607.01314 1.775 -3.884 7.724 0607Qd0225
4116.165 106.00112 0.521 -4.322 3.464 AX00R175
4116.18 60.1 0.471 -1.85 LAWLER ""
4116.198 607.01314 2.03 -0.869 7.724 0708Rb0245
4116.2 22.0 2.29 -3.62 "" ""
4116.217 23.0 1.871 -4.94 "" ""
4116.224 607.01314 2.03 -3.986 7.724 0708Qd0255
4116.274 23.1 5.533 -2.85 "" ""
4116.275 106.00113 1.243 -5.765 3.464 CX03Q125
4116.307 106.00113 1.576 -5.037 3.464 CX25P055
4116.315 106.00112 1.248 -5.904 3.464 AX43P125
4116.318 607.01314 1.244 -0.657 7.724 0304Rb0345
4116.319 60.1 1.528 -0.16 "" ""
4116.322 106.00112 1.432 -4.752 3.464 AX43Q165
4116.329 45.0 1.782 -0.8 "" ""
4116.335 106.00112 0.956 -4.37 3.464 AX11R195
4116.336 106.00112 1.432 -2.879 3.464 AX43P175
4116.341 20.0 5.041 -2.15 "" ""
4116.358 607.01314 1.244 -4.057 7.724 0304Qd0355
4116.362 68.0 1.196 0.62 "" ""
4116.371 106.00113 1.854 -4.577 3.464 CX14P205
4116.372 106.00112 1.432 -2.952 3.464 AX43P165
4116.385 106.00113 1.243 -5.714 3.464 CX03Q135
4116.44 62.1 0.333 -1.28 LAWLER ""
4116.443 106.00113 1.854 -4.646 3.464 CX14P195
4116.449 23.0051 0.275 -1.876 LAWLER ""
4116.449 23.0051 0.275 -2.131 LAWLER ""
4116.453 23.0051 0.275 -1.677 LAWLER ""
4116.453 23.0051 0.275 -1.876 LAWLER ""
4116.453 23.0051 0.275 -3.781 LAWLER ""
4116.459 23.0051 0.275 -1.613 LAWLER ""
4116.459 23.0051 0.275 -1.677 LAWLER ""
4116.459 23.0051 0.275 -2.541 LAWLER ""
4116.467 23.0051 0.275 -1.613 LAWLER ""
4116.467 23.0051 0.275 -1.644 LAWLER ""
4116.467 23.0051 0.275 -1.824 LAWLER ""
4116.477 23.0051 0.275 -1.418 LAWLER ""
4116.477 23.0051 0.275 -1.825 LAWLER ""
4116.478 23.0051 0.275 -1.644 LAWLER ""
4116.489 23.0051 0.275 -1.126 LAWLER ""
4116.49 23.0051 0.275 -1.825 LAWLER ""
4116.502 25.0 4.682 -0.75 "" ""
4116.507 23.0 0.069 -3.47 "" ""
4116.521 607.01214 1.648 -0.757 7.724 0506Rb0275
4116.523 26.0 4.383 -4.0 "" ""
4116.526 106.00113 1.25 -6.511 3.464 AX32P185
4116.553 607.01214 1.648 -3.97 7.724 0506Qd0285
4116.555 106.00112 1.255 -6.511 3.464 AX32P185
4116.565 106.00112 1.056 -6.632 3.464 CX03R065
4116.61 106.00113 1.243 -9.315 3.464 CX03R125
4116.612 106.00113 1.839 -9.81 3.464 CX03Q235
4116.632 26.0 3.412 -5.09 "" ""
4116.646 607.01214 1.648 -0.743 7.724 0506Ra0285
4116.654 24.1 5.658 -2.59 "" ""
4116.686 23.0 0.267 -1.83 LAWNOHFS ""
4116.707 26.0 3.412 -4.05 "" ""
4116.714 90.1 0.764 -0.52 "" ""
4116.741 106.00112 1.056 -6.562 3.464 CX03R075
4116.765 607.01314 1.557 -0.809 7.724 0506Ra0235
4116.768 60.1 0.064 -1.91 "" ""
4116.773 26.0 4.28 -4.25 "" ""
4116.774 106.00112 0.734 -2.311 3.464 BX11R145
4116.798 106.00112 1.056 -9.731 3.464 CX03Q075
4116.813 26.0 4.151 -3.47 "" ""
4116.833 607.01314 1.557 -0.827 7.724 0506Rb0225
4116.841 607.01214 1.065 -0.82 7.724 0001Ra0595
4116.858 607.01314 1.557 -3.874 7.724 0506Qd0235
4116.871 23.1 3.325 -5.45 "" ""
4116.878 92.0 0.479 -0.84 "" ""
4116.884 607.01214 1.868 -0.789 7.724 0607Ra0275
4116.888 41.0 0.0 -1.18 "" ""
4116.891 106.00113 1.286 -7.388 3.464 AX21P235
4116.897 106.00112 0.734 -6.956 3.464 BX11Q155
4116.92 607.01214 1.065 -0.827 7.724 0001Rb0585
4116.933 607.01314 2.362 -0.813 7.724 0809Ra0345
4116.943 607.01214 1.868 -0.804 7.724 0607Rb0265
4116.953 26.0 3.239 -2.61 "" ""
4116.954 607.01314 2.362 -0.823 7.724 0809Rb0335
4116.957 106.00112 0.734 -2.419 3.464 BX11R155
4116.96 106.00113 1.854 -8.865 3.464 CX14Q195
4116.965 106.00112 1.324 -8.425 3.464 CX14R055
4116.967 607.01314 1.381 -0.721 7.724 0405Ra0285
4116.97 26.1 7.483 -3.15 "" ""
4116.972 607.01214 1.868 -3.985 7.724 0607Qd0275
4116.98 607.01314 1.381 -0.736 7.724 0405Rb0275
4116.987 607.01314 2.362 -4.198 7.724 0809Qd0345
4116.99 23.0 2.357 -4.57 "" ""
4116.992 607.01214 1.065 -4.662 7.724 0001Qd0595
4116.997 607.01314 2.019 -0.869 7.724 0708Ra0245
4117.002 106.00112 1.324 -5.596 3.464 CX14Q055
4117.012 58.1 1.365 0.19 "" ""
4117.012 607.01314 1.381 -3.948 7.724 0405Qd0285
4117.046 607.01314 1.766 -0.873 7.724 0607Ra0215
4117.082 607.01314 1.766 -0.892 7.724 0607Rb0205
4117.101 607.01314 2.019 -0.885 7.724 0708Rb0235
4117.104 607.01314 1.766 -3.864 7.724 0607Qd0215
4117.125 607.01314 2.019 -3.968 7.724 0708Qd0245
4117.138 26.0 4.217 -4.12 "" ""
4117.145 106.00113 0.518 -4.321 3.464 AX00R175
4117.145 106.00113 0.952 -4.37 3.464 AX11R195
4117.192 23.0 2.573 -4.61 "" ""
4117.23 106.00113 1.31 -10.282 3.464 AX10P275
4117.239 26.0 4.368 -4.11 "" ""
4117.262 106.00112 1.324 -5.5 3.464 CX14Q065
4117.288 58.1 0.739 -0.45 LAWLER ""
4117.298 106.00112 1.324 -8.114 3.464 CX14P065
4117.435 26.0 4.317 -3.43 "" ""
4117.487 24.0 3.008 -3.48 "" ""
4117.541 27.1 5.171 -7.45 "" ""
4117.556 25.1 6.666 -4.22 "" ""
4117.587 58.1 0.811 -0.6 BIEMONT ""
4117.654 106.00112 1.292 -7.388 3.464 AX21P235
4117.669 607.01314 1.229 -0.657 7.724 0304Ra0345
4117.673 23.0 1.375 -5.24 "" ""
4117.678 106.00113 1.486 -2.266 3.464 AX54Q115
4117.683 25.1 5.468 -4.86 "" ""
4117.686 106.00113 1.486 -4.171 3.464 AX54R115
4117.708 607.01214 1.636 -0.772 7.724 0506Rb0265
4117.713 26.0 3.651 -3.61 "" ""
4117.732 607.01314 1.229 -0.669 7.724 0304Rb0335
4117.739 607.01214 1.636 -3.954 7.724 0506Qd0275
4117.765 607.01314 2.348 -0.823 7.724 0809Ra0335
4117.768 58.1 0.318 -2.23 LAWLER ""
4117.77 607.01214 1.636 -0.758 7.724 0506Ra0275
4117.771 607.01314 1.229 -4.044 7.724 0304Qd0345
4117.788 106.00112 1.306 -5.261 3.464 AX54P045
4117.79 607.01314 2.348 -0.834 7.724 0809Rb0325
4117.802 607.01314 1.547 -0.827 7.724 0506Ra0225
4117.812 106.00113 1.486 -4.398 3.464 AX54P125
4117.82 106.00113 1.486 -2.201 3.464 AX54Q125
4117.822 607.01314 2.348 -4.183 7.724 0809Qd0335
4117.823 58.1 0.708 -1.28 LAWLER ""
4117.852 26.0 3.414 -2.26 "" ""
4117.856 26.0 4.28 -1.71 "" ""
4117.86 106.00113 1.364 -3.073 3.464 AX54P075
4117.869 607.01314 1.547 -0.845 7.724 0506Rb0215
4117.88 21.0 2.0 -2.9 "" ""
4117.884 607.01314 2.009 -0.885 7.724 0708Ra0235
4117.889 22.0 2.406 -5.75 "" ""
4117.889 26.0 3.298 -6.59 "" ""
4117.893 607.01314 1.547 -3.855 7.724 0506Qd0225
4117.896 106.00112 0.522 -4.268 3.464 AX00R175
4117.897 23.0 2.576 -2.24 "" ""
4117.922 106.00113 1.287 -5.822 3.464 CX14Q035
4117.925 106.00113 1.364 -4.292 3.464 AX54Q075
4117.929 106.00112 1.567 -8.79 3.464 CX25Q035
4117.938 607.01214 1.856 -0.804 7.724 0607Ra0265
4117.952 106.00112 1.567 -5.178 3.464 CX25P035
4117.962 106.00112 1.306 -5.276 3.464 AX54P045
4117.967 23.0 1.948 -1.2 "" ""
4117.976 607.01314 1.757 -0.892 7.724 0607Ra0205
4117.98 60.1 0.63 -2.06 LAWLER ""
4117.985 58.1 0.74 -0.96 LAWLER ""
4117.993 607.01314 2.009 -0.902 7.724 0708Rb0225
4117.997 607.01214 1.856 -0.819 7.724 0607Rb0255
4118.007 24.0 4.436 -3.57 "" ""
4118.013 607.01314 1.757 -0.912 7.724 0607Rb0195
4118.016 607.01314 2.009 -3.95 7.724 0708Qd0235
4118.018 106.00113 1.287 -8.314 3.464 CX14R035
4118.026 607.01214 1.856 -3.969 7.724 0607Qd0265
4118.03 106.00112 1.317 -10.282 3.464 AX10P275
4118.034 607.01314 1.757 -3.843 7.724 0607Qd0205
4118.037 106.00113 0.52 -1.926 3.464 BX11P095
4118.046 24.0 3.119 -2.39 "" ""
4118.05 74.0 2.351 -0.19 "" ""
4118.073 106.00113 0.52 -7.422 3.464 BX11Q095
4118.097 26.0 4.073 -4.17 "" ""
4118.121 26.0 4.073 -4.48 "" ""
4118.125 607.01314 1.369 -0.736 7.724 0405Ra0275
4118.128 106.00112 1.265 -6.759 3.464 CX14R015
4118.131 24.0 2.913 -3.18 "" ""
4118.141 106.00113 1.364 -3.003 3.464 AX54P085
4118.141 26.1 4.476 -5.1 "" ""
4118.141 607.01314 1.369 -0.751 7.724 0405Rb0265
4118.142 106.00112 1.265 -7.95 3.464 CX14Q015
4118.143 58.1 0.696 0.13 LAWLER ""
4118.171 607.01314 1.369 -3.933 7.724 0405Qd0275
4118.177 23.0 1.948 -0.05 LAWNOHFS ""
4118.215 26.0 4.368 -1.97 "" ""
4118.238 106.00113 1.593 -5.034 3.464 CX25P055
4118.245 74.0 1.707 -1.02 "" ""
4118.25 23.0 1.929 -0.52 LAWNOHFS ""
4118.261 106.00113 1.287 -7.99 3.464 CX14P045
4118.262 106.00113 1.365 -3.072 3.464 AX54P075
4118.274 106.00113 0.52 -1.917 3.464 BX11P105
4118.289 26.0 4.412 -3.81 "" ""
4118.325 106.00112 1.567 -5.109 3.464 CX25P045
4118.325 25.1 5.394 -4.61 "" ""
4118.327 106.00113 1.365 -4.306 3.464 AX54Q075
4118.334 106.00113 1.593 -8.656 3.464 CX25Q055
4118.347 27.1 5.065 -1.97 "" ""
4118.354 106.00112 0.958 -4.312 3.464 AX11R195
4118.356 106.00113 1.287 -5.702 3.464 CX14Q045
4118.356 24.0 4.096 -3.49 "" ""
4118.356 59.1141 0.055 -1.711 LI/LAW ""
4118.371 59.1141 0.055 -0.933 LI/LAW ""
4118.376 59.1141 0.055 -1.515 LI/LAW ""
4118.394 59.1141 0.055 -0.882 LI/LAW ""
4118.401 59.1141 0.055 -1.461 LI/LAW ""
4118.409 59.1141 0.055 -1.711 LI/LAW ""
4118.424 59.1141 0.055 -0.792 LI/LAW ""
4118.434 59.1141 0.055 -1.503 LI/LAW ""
4118.442 106.00113 1.593 -4.966 3.464 CX25P065
4118.443 59.1141 0.055 -1.515 LI/LAW ""
4118.451 24.0 2.913 -3.73 "" ""
4118.461 59.1141 0.055 -0.686 LI/LAW ""
4118.463 22.0 2.235 -3.88 "" ""
4118.471 106.00112 1.806 -4.902 3.464 AX54R195
4118.473 59.1141 0.055 -1.696 LI/LAW ""
4118.484 59.1141 0.055 -1.461 LI/LAW ""
4118.489 90.0 1.647 -0.12 "" ""
4118.498 44.0 0.148 -2.52 "" ""
4118.504 106.00113 1.365 -3.003 3.464 AX54P085
4118.504 59.1141 0.055 -0.575 LI/LAW ""
4118.511 106.00113 1.487 -2.266 3.464 AX54Q115
4118.518 106.00113 1.487 -4.187 3.464 AX54R115
4118.531 59.1141 0.055 -1.503 LI/LAW ""
4118.532 25.0 5.083 -2.23 "" ""
4118.545 106.00113 1.251 -6.565 3.464 AX32P185
4118.545 26.0 3.571 0.27 BEL17 ""
4118.545 68.0 1.332 0.76 "" ""
4118.55 62.1 0.659 -0.07 LAWLER ""
4118.554 59.1141 0.055 -0.465 LI/LAW ""
4118.557 26.0 3.632 -3.35 "" ""
4118.562 106.00112 1.344 -3.166 3.464 AX54P065
4118.583 106.00112 1.256 -6.565 3.464 AX32P185
4118.583 72.0 1.305 -1.07 "" ""
4118.585 59.1141 0.055 -1.696 LI/LAW ""
4118.589 23.0 1.944 -1.31 "" ""
4118.59 106.00113 1.487 -4.384 3.464 AX54P125
4118.594 607.01314 2.334 -0.834 7.724 0809Ra0325
4118.597 106.00113 1.487 -2.201 3.464 AX54Q125
4118.624 607.01314 2.334 -0.845 7.724 0809Rb0315
4118.625 106.00112 1.344 -4.267 3.464 AX54Q065
4118.625 23.0 1.08 -0.76 LAWNOHFS ""
4118.655 607.01314 2.334 -4.169 7.724 0809Qd0325
4118.676 78.0 1.67 -1.29 DH05nohfs ""
4118.703 25.0 4.723 -1.51 "" ""
4118.763 27.0059 1.048 -1.415 Lawle15HFS ""
4118.764 27.0059 1.048 -1.11 Lawle15HFS ""
4118.764 27.0059 1.048 -1.251 Lawle15HFS ""
4118.764 27.0059 1.048 -1.613 Lawle15HFS ""
4118.765 607.01314 2.0 -0.902 7.724 0708Ra0225
4118.766 27.0059 1.048 -1.868 Lawle15HFS ""
4118.769 27.0059 1.048 -2.256 Lawle15HFS ""
4118.778 26.0 4.442 -3.82 "" ""
4118.779 27.0059 1.048 -2.001 Lawle15HFS ""
4118.781 27.0059 1.048 -1.813 Lawle15HFS ""
4118.784 27.0059 1.048 -2.286 Lawle15HFS ""
4118.785 27.0059 1.048 -1.722 Lawle15HFS ""
4118.789 27.0059 1.048 -1.7 Lawle15HFS ""
4118.792 27.0059 1.048 -2.256 Lawle15HFS ""
4118.795 27.0059 1.048 -1.754 Lawle15HFS ""
4118.8 27.0059 1.048 -2.307 Lawle15HFS ""
4118.801 27.0059 1.048 -1.95 Lawle15HFS ""
4118.81 27.0059 1.048 -2.432 Lawle15HFS ""
4118.821 27.0059 1.048 -2.654 Lawle15HFS ""
4118.822 607.01314 1.538 -0.845 7.724 0506Ra0215
4118.832 27.0059 1.048 -3.065 Lawle15HFS ""
4118.855 106.00113 0.519 -4.268 3.464 AX00R175
4118.871 607.01314 2.0 -0.92 7.724 0708Rb0215
4118.873 607.01214 1.624 -0.788 7.724 0506Rb0255
4118.878 23.0 3.281 -3.6 "" ""
4118.879 106.00112 1.345 -3.09 3.464 AX54P075
4118.881 106.00112 1.345 -3.166 3.464 AX54P065
4118.883 72.0 1.737 -0.86 "" ""
4118.885 607.01214 1.624 -0.772 7.724 0506Ra0265
4118.886 26.0 3.263 -1.51 "" ""
4118.887 607.01314 1.538 -0.864 7.724 0506Rb0205
4118.892 607.01314 1.749 -0.912 7.724 0607Ra0195
4118.896 607.01314 2.0 -3.93 7.724 0708Qd0225
4118.903 607.01214 1.624 -3.938 7.724 0506Qd0265
4118.91 607.01314 1.538 -3.836 7.724 0506Qd0215
4118.918 23.0 3.296 -3.63 "" ""
4118.93 607.01314 1.749 -0.933 7.724 0607Rb0185
4118.945 106.00112 1.345 -4.28 3.464 AX54Q065
4118.949 607.01314 1.749 -3.822 7.724 0607Qd0195
4118.958 42.0 2.068 -1.59 "" ""
4118.978 607.01214 1.845 -0.819 7.724 0607Ra0255
4118.993 106.00113 1.55 -6.59 3.464 CX25P025
4118.993 25.0 3.38 -2.24 "" ""
4119.008 58.1 0.553 -0.53 LAWLER ""
4119.019 22.0 2.316 -5.72 "" ""
4119.038 607.01214 1.845 -0.835 7.724 0607Rb0245
4119.063 607.01314 1.214 -0.669 7.724 0304Ra0335
4119.065 607.01214 1.845 -3.952 7.724 0607Qd0255
4119.087 23.0 1.941 -1.03 LAWNOHFS ""
4119.125 607.01314 1.214 -0.681 7.724 0304Rb0325
4119.132 607.01214 1.038 -0.827 7.724 0001Ra0585
4119.142 106.00113 0.953 -4.312 3.464 AX11R195
4119.163 106.00112 1.345 -3.09 3.464 AX54P075
4119.163 607.01314 1.214 -4.032 7.724 0304Qd0335
4119.19 22.0 2.425 -7.18 "" ""
4119.205 64.0 1.4 0.08 "" ""
4119.21 607.01214 1.038 -0.835 7.724 0001Rb0575
4119.211 607.01214 1.44 -0.718 7.724 0405Rb0295
4119.246 23.0 2.576 -2.16 "" ""
4119.246 607.01214 1.44 -3.988 7.724 0405Qd0305
4119.266 26.0 4.291 -4.11 "" ""
4119.27 607.01314 1.358 -0.751 7.724 0405Ra0265
4119.277 25.0 4.35 -1.41 "" ""
4119.281 607.01214 1.038 -4.656 7.724 0001Qd0585
4119.287 41.1 2.611 -0.04 "" ""
4119.288 607.01314 1.358 -0.766 7.724 0405Rb0255
4119.298 22.0 2.394 -4.67 "" ""
4119.31 66.1 1.17 -0.08 LAWLER ""
4119.318 607.01314 1.358 -3.917 7.724 0405Qd0265
4119.342 106.00112 1.848 -5.192 3.464 CX03P245
4119.375 64.1 1.446 -0.68 "" ""
4119.387 22.0 2.486 -4.41 "" ""
4119.391 106.00112 1.848 -9.81 3.464 CX03Q235
4119.393 106.00113 0.458 -4.34 3.464 BX11P075
4119.42 24.0 2.706 -3.46 "" ""
4119.422 607.01314 2.321 -0.845 7.724 0809Ra0315
4119.432 106.00112 0.522 -1.925 3.464 BX11P095
4119.443 23.0 1.063 -0.7 LAWNOHFS ""
4119.455 23.0 1.954 -1.05 "" ""
4119.455 607.01314 2.321 -0.856 7.724 0809Rb0305
4119.467 106.00112 0.522 -7.422 3.464 BX11Q095
4119.485 607.01314 2.321 -4.153 7.724 0809Qd0315
4119.518 106.00112 1.848 -5.258 3.464 CX03P235
4119.518 22.0 2.693 -3.51 "" ""
4119.524 26.1 2.542 -4.92 "" ""
4119.553 25.0 3.376 -3.81 "" ""
4119.558 24.0 4.204 -1.32 "" ""
4119.57 62.1 0.277 -1.43 LAWLER ""
4119.573 12.0 4.343 -3.13 "" ""
4119.576 24.0 4.528 -3.12 "" ""
4119.633 42.1 3.14 -1.27 "" ""
4119.634 607.01314 1.991 -0.92 7.724 0708Ra0215
4119.657 26.0 4.412 -4.18 "" ""
4119.658 26.0 2.863 -4.6 "" ""
4119.662 24.0 4.204 -1.02 "" ""
4119.669 106.00112 0.522 -1.917 3.464 BX11P105
4119.679 45.0 1.984 -0.38 "" ""
4119.731 106.00113 0.985 -8.613 3.464 CX03R035
4119.743 607.01314 1.991 -0.939 7.724 0708Rb0205
4119.747 106.00113 1.275 -5.969 3.464 CX14Q025
4119.764 607.01314 1.991 -3.91 7.724 0708Qd0215
4119.776 27.0 2.716 -9.03 "" ""
4119.781 58.1 1.087 0.06 BIEMONT ""
4119.795 607.01314 1.741 -0.934 7.724 0607Ra0185
4119.798 26.0 4.206 -1.97 "" ""
4119.803 106.00112 1.306 -8.377 3.464 CX14R045
4119.813 26.0 4.214 -2.03 "" ""
4119.821 106.00113 1.275 -8.232 3.464 CX14R025
4119.823 40.0 1.529 -0.33 "" ""
4119.824 106.00113 1.32 -5.238 3.464 AX54P055
4119.825 607.01314 1.529 -0.864 7.724 0506Ra0205
4119.831 607.01314 1.741 -0.956 7.724 0607Rb0175
4119.834 106.00112 1.306 -5.701 3.464 CX14Q045
4119.85 607.01314 1.741 -3.799 7.724 0607Qd0185
4119.861 22.0 2.133 -4.64 "" ""
4119.883 58.1 0.326 -0.42 LAWLER ""
4119.89 607.01314 1.529 -0.884 7.724 0506Rb0195
4119.895 106.00113 1.288 -7.454 3.464 AX21P235
4119.91 607.01314 1.529 -3.815 7.724 0506Qd0205
4119.928 26.0 4.1 -3.63 "" ""
4119.929 22.0 2.159 -4.21 "" ""
4119.934 26.0 4.368 -2.36 "" ""
4119.953 58.1 0.553 -1.23 LAWLER ""
4119.961 106.00112 1.456 -4.164 3.464 AX54R105
4119.965 106.00112 1.456 -2.331 3.464 AX54Q105
4119.971 106.00112 1.247 -9.314 3.464 CX03R125
4119.99 607.01214 1.613 -0.788 7.724 0506Ra0255
4120.005 607.01214 1.834 -0.835 7.724 0607Ra0245
4120.018 607.01214 1.613 -0.804 7.724 0506Rb0245
4120.027 106.00113 1.258 -6.626 3.464 CX14Q005
4120.028 26.0 3.571 -5.33 "" ""
4120.031 22.0 2.304 -1.1 "" ""
4120.042 106.00113 1.698 -2.113 3.464 AX54R165
4120.046 607.01214 1.613 -3.921 7.724 0506Qd0255
4120.051 106.00112 1.846 -6.902 3.464 AX53P235
4120.058 106.00112 1.247 -5.764 3.464 CX03Q125
4120.058 106.00113 1.258 -7.244 3.464 CX14R005
4120.059 106.00112 1.856 -2.928 3.464 AX21P315
4120.062 106.00113 1.32 -5.256 3.464 AX54P055
4120.064 607.01214 1.834 -0.851 7.724 0607Rb0235
4120.072 24.0 3.977 -4.36 "" ""
4120.09 106.00113 1.698 -2.064 3.464 AX54R175
4120.09 607.01214 1.834 -3.934 7.724 0607Qd0245
4120.091 106.00113 1.613 -4.964 3.464 CX25P065
4120.093 42.0 3.165 0.36 "" ""
4120.105 106.00112 1.248 -5.713 3.464 CX03Q135
4120.116 106.00112 1.456 -2.264 3.464 AX54Q115
4120.116 24.0 3.11 -2.39 "" ""
4120.12 106.00112 1.456 -4.387 3.464 AX54P115
4120.124 106.00113 1.698 -4.245 3.464 AX54Q175
4120.124 25.1 7.047 -3.26 "" ""
4120.136 106.00112 1.856 -5.174 3.464 AX21Q305
4120.16 106.00112 1.306 -5.596 3.464 CX14Q055
4120.165 24.0 4.385 -4.04 "" ""
4120.176 67.0 0.0 -0.22 "" ""
4120.186 22.0 2.504 -5.64 "" ""
4120.191 106.00112 1.306 -8.063 3.464 CX14P055
4120.193 106.00112 1.248 -8.833 3.464 CX03P135
4120.206 106.00113 1.613 -8.632 3.464 CX25Q065
4120.206 26.0 2.988 -1.23 BEL17 ""
4120.217 21.0 3.055 -3.13 "" ""
4120.218 106.00112 1.856 -3.07 3.464 AX21P305
4120.246 106.00113 1.613 -4.899 3.464 CX25P075
4120.247 607.01314 2.308 -0.856 7.724 0809Ra0305
4120.25 106.00112 1.807 -4.847 3.464 AX54R195
4120.25 106.00113 1.275 -7.88 3.464 CX14P035
4120.264 607.01214 1.084 -0.666 7.724 0102Rb0495
4120.283 607.01314 2.308 -0.868 7.724 0809Rb0295
4120.294 27.0 2.079 -6.67 "" ""
4120.312 607.01314 2.308 -4.138 7.724 0809Qd0305
4120.324 106.00113 1.275 -5.821 3.464 CX14Q035
4120.324 607.01214 1.084 -4.364 7.724 0102Qd0505
4120.349 26.0 3.265 -2.65 "" ""
4120.381 106.00112 1.862 -4.576 3.464 CX14P205
4120.399 106.00112 1.862 -8.864 3.464 CX14Q195
4120.402 607.01314 1.347 -0.767 7.724 0405Ra0255
4120.422 607.01314 1.347 -0.783 7.724 0405Rb0245
4120.436 607.01314 1.2 -0.682 7.724 0304Ra0325
4120.446 607.01214 1.426 -0.718 7.724 0405Ra0295
4120.45 607.01314 1.347 -3.9 7.724 0405Qd0255
4120.475 106.00113 1.799 -4.647 3.464 CX14P195
4120.491 607.01314 1.982 -0.939 7.724 0708Ra0205
4120.497 607.01214 1.426 -0.732 7.724 0405Rb0285
4120.498 607.01314 1.2 -0.694 7.724 0304Rb0315
4120.501 106.00112 1.581 -8.697 3.464 CX25Q045
4120.509 106.00112 1.862 -4.645 3.464 CX14P195
4120.513 23.1 6.104 -1.46 "" ""
4120.526 27.1 5.042 -5.6 "" ""
4120.527 23.0 1.05 -0.91 LAWNOHFS ""
4120.53 106.00112 1.581 -5.105 3.464 CX25P045
4120.531 607.01214 1.426 -3.973 7.724 0405Qd0295
4120.534 607.01314 1.2 -4.018 7.724 0304Qd0325
4120.537 106.00113 1.8 -4.717 3.464 CX14P185
4120.55 64.1 1.405 -1.69 LAWLER ""
4120.602 607.01314 1.982 -0.959 7.724 0708Rb0195
4120.613 24.0 2.707 -4.5 "" ""
4120.622 607.01314 1.982 -3.889 7.724 0708Qd0205
4120.637 20.0 6.022 -6.26 "" ""
4120.65 60.1 0.742 -0.76 LAWLER ""
4120.657 24.0 4.529 -3.39 "" ""
4120.674 24.0 4.385 -3.49 "" ""
4120.683 607.01314 1.733 -0.956 7.724 0607Ra0175
4120.685 106.00112 1.456 -4.178 3.464 AX54R105
4120.689 106.00112 1.456 -2.331 3.464 AX54Q105
4120.696 42.0 2.621 -2.36 "" ""
4120.703 106.00112 1.294 -7.454 3.464 AX21P235
4120.715 106.00112 1.716 -4.376 3.464 AX43R215
4120.718 607.01314 1.733 -0.979 7.724 0607Rb0165
4120.736 607.01314 1.733 -3.775 7.724 0607Qd0175
4120.758 106.00112 0.46 -4.339 3.464 BX11P075
4120.785 106.00112 1.716 -1.943 3.464 AX43Q225
4120.787 106.00112 1.456 -2.264 3.464 AX54Q115
4120.791 106.00112 1.456 -4.375 3.464 AX54P115
4120.798 24.0 2.913 -3.69 "" ""
4120.808 106.00112 1.716 -2.014 3.464 AX43Q215
4120.81 607.01314 1.52 -0.884 7.724 0506Ra0195
4120.811 106.00112 1.581 -5.036 3.464 CX25P055
4120.818 23.0 0.275 -2.34 "" ""
4120.827 58.1 0.32 -0.37 LAWLER ""
4120.837 23.0 2.576 -3.3 "" ""
4120.857 74.0 1.915 -0.81 "" ""
4120.872 607.01314 1.52 -0.906 7.724 0506Rb0185
4120.879 106.00112 1.716 -4.717 3.464 AX43P225
4120.883 23.0 2.614 -2.34 "" ""
4120.893 607.01314 1.52 -3.794 7.724 0506Qd0195
4120.919 21.1 4.846 -5.08 "" ""
4120.946 21.0 1.985 -4.24 "" ""
4120.954 23.0 2.136 -0.86 LAWNOHFS ""
4120.988 44.0 1.002 -1.33 "" ""
4120.997 106.00113 1.266 -6.179 3.464 CX14Q015
4121.018 106.00113 1.8 -8.941 3.464 CX14Q185
4121.018 607.01214 1.823 -0.851 7.724 0607Ra0235
4121.049 106.00113 1.266 -8.128 3.464 CX14R015
4121.068 607.01314 2.296 -0.868 7.724 0809Ra0295
4121.076 607.01214 1.823 -0.868 7.724 0607Rb0225
4121.085 607.01214 1.602 -0.804 7.724 0506Ra0245
4121.101 607.01214 1.823 -3.916 7.724 0607Qd0235
4121.107 607.01314 2.296 -0.881 7.724 0809Rb0285
4121.111 106.00113 1.031 -6.714 3.464 CX03R055
4121.122 44.0 1.316 -1.7 "" ""
4121.135 607.01314 2.296 -4.122 7.724 0809Qd0295
4121.141 607.01214 1.602 -0.82 7.724 0506Rb0235
4121.145 24.0 3.011 -2.88 "" ""
4121.169 607.01214 1.602 -3.903 7.724 0506Qd0245
4121.233 106.00113 1.031 -9.675 3.464 CX03Q065
4121.246 106.00113 1.77 -4.353 3.464 AX43R225
4121.266 58.1 0.7 -2.0 LAWLER ""
4121.27 27.1 5.051 -2.91 "" ""
4121.287 20.0 5.951 -4.46 "" ""
4121.29 106.00113 1.77 -1.878 3.464 AX43Q235
4121.301 27.0059 0.922 -1.003 Lawle15HFS ""
4121.308 27.0059 0.922 -1.108 Lawle15HFS ""
4121.314 27.0059 0.922 -1.224 Lawle15HFS ""
4121.32 27.0059 0.922 -1.353 Lawle15HFS ""
4121.323 27.0059 0.922 -2.011 Lawle15HFS ""
4121.325 27.0059 0.922 -1.499 Lawle15HFS ""
4121.328 27.0059 0.922 -1.8 Lawle15HFS ""
4121.329 27.0059 0.922 -1.669 Lawle15HFS ""
4121.33 20.0 5.574 -2.01 "" ""
4121.331 27.0059 0.922 -1.727 Lawle15HFS ""
4121.332 106.00113 1.77 -1.948 3.464 AX43Q225
4121.333 20.0 5.045 -3.11 "" ""
4121.333 27.0059 0.922 -1.873 Lawle15HFS ""
4121.334 27.0059 0.922 -1.721 Lawle15HFS ""
4121.336 27.0059 0.922 -1.768 Lawle15HFS ""
4121.336 607.01314 1.974 -0.959 7.724 0708Ra0195
4121.337 27.0059 0.922 -2.136 Lawle15HFS ""
4121.338 27.0059 0.922 -1.873 Lawle15HFS ""
4121.339 27.0059 0.922 -2.069 Lawle15HFS ""
4121.34 62.1 0.378 -0.92 LAWLER ""
4121.343 27.0059 0.922 -2.768 Lawle15HFS ""
4121.343 27.0059 0.922 -3.313 Lawle15HFS ""
4121.344 27.0059 0.922 -2.915 Lawle15HFS ""
4121.345 27.0059 0.922 -2.613 Lawle15HFS ""
4121.345 27.0059 0.922 -2.613 Lawle15HFS ""
4121.345 27.0059 0.922 -2.71 Lawle15HFS ""
4121.375 106.00113 1.77 -4.675 3.464 AX43P235
4121.399 607.01214 1.012 -0.835 7.724 0001Ra0575
4121.404 106.00113 1.031 -6.633 3.464 CX03R065
4121.449 40.0 0.542 -0.75 "" ""
4121.449 607.01314 1.974 -0.98 7.724 0708Rb0185
4121.468 607.01314 1.974 -3.868 7.724 0708Qd0195
4121.477 607.01214 1.012 -0.842 7.724 0001Rb0565
4121.488 24.0 4.201 -1.35 "" ""
4121.508 25.1 6.124 -5.47 "" ""
4121.518 607.01314 1.336 -0.783 7.724 0405Ra0245
4121.54 607.01314 1.336 -0.8 7.724 0405Rb0235
4121.54 62.1 0.04 -1.66 LAWLER ""
4121.546 607.01214 1.012 -4.649 7.724 0001Qd0575
4121.555 607.01314 1.726 -0.979 7.724 0607Ra0165
4121.561 106.00113 1.699 -2.064 3.464 AX54R175
4121.567 607.01314 1.336 -3.883 7.724 0405Qd0245
4121.568 20.0 5.951 -3.87 "" ""
4121.586 106.00113 1.699 -2.113 3.464 AX54R165
4121.59 607.01314 1.726 -1.004 7.724 0607Rb0155
4121.591 58.1 0.608 -1.11 LAWLER ""
4121.593 106.00113 1.699 -4.217 3.464 AX54Q175
4121.602 75.0 2.533 -0.21 "" ""
4121.607 607.01314 1.726 -3.75 7.724 0607Qd0165
4121.612 106.00113 1.635 -4.897 3.464 CX25P075
4121.634 22.0 1.066 -1.71 LAWLER ""
4121.683 45.0 0.965 -0.82 "" ""
4121.69 29.0 5.773 -1.54 "" ""
4121.713 607.01214 1.413 -0.732 7.724 0405Ra0285
4121.727 106.00113 1.635 -4.833 3.464 CX25P085
4121.727 25.0 4.255 -3.93 "" ""
4121.747 106.00113 1.635 -8.614 3.464 CX25Q075
4121.764 607.01214 1.413 -0.746 7.724 0405Rb0275
4121.772 83.0 2.684 -0.4 "" ""
4121.777 23.0 2.129 -1.78 LAWNOHFS ""
4121.777 607.01314 1.512 -0.906 7.724 0506Ra0185
4121.788 607.01314 1.186 -0.694 7.724 0304Ra0315
4121.796 607.01214 1.413 -3.958 7.724 0405Qd0285
4121.802 106.00113 1.266 -7.706 3.464 CX14P025
4121.802 26.0 2.829 -1.28 BEL17 ""
4121.81 20.0 5.916 -3.38 "" ""
4121.815 24.0 2.98 -0.99 "" ""
4121.834 23.0 2.377 -3.64 "" ""
4121.84 607.01314 1.512 -0.928 7.724 0506Rb0175
4121.849 607.01314 1.186 -0.707 7.724 0304Rb0305
4121.855 106.00113 1.266 -5.967 3.464 CX14Q025
4121.857 607.01314 1.512 -3.771 7.724 0506Qd0185
4121.885 607.01314 1.186 -4.005 7.724 0304Qd0315
4121.885 607.01314 2.284 -0.881 7.724 0809Ra0285
4121.906 27.0 0.224 -7.86 "" ""
4121.927 607.01314 2.284 -0.894 7.724 0809Rb0275
4121.931 60.1 1.751 0.14 "" ""
4121.953 607.01314 2.284 -4.106 7.724 0809Qd0285
4121.972 23.0 2.579 -1.26 "" ""
4121.98 28.0 3.655 -2.26 "" ""
4122.001 26.0 3.271 -8.57 "" ""
4122.006 26.0 3.544 -1.77 "" ""
4122.013 74.0 2.351 -0.65 "" ""
4122.016 607.01214 1.813 -0.868 7.724 0607Ra0225
4122.074 607.01214 1.813 -0.886 7.724 0607Rb0215
4122.086 20.0 5.792 -5.28 "" ""
4122.098 607.01214 1.813 -3.896 7.724 0607Qd0225
4122.145 22.0 2.66 -0.41 "" ""
4122.158 24.0 2.708 -3.25 "" ""
4122.159 106.00112 1.291 -8.313 3.464 CX14R035
4122.167 607.01214 1.591 -0.82 7.724 0506Ra0235
4122.169 607.01314 1.966 -0.98 7.724 0708Ra0185
4122.173 607.01214 1.061 -0.666 7.724 0102Ra0495
4122.185 106.00112 1.291 -5.821 3.464 CX14Q035
4122.245 607.01214 1.591 -0.838 7.724 0506Rb0225
4122.25 607.01214 1.061 -0.675 7.724 0102Rb0485
4122.271 27.0 2.698 -1.57 "" ""
4122.271 607.01214 1.591 -3.885 7.724 0506Qd0235
4122.285 607.01314 1.966 -1.002 7.724 0708Rb0175
4122.303 607.01314 1.966 -3.845 7.724 0708Qd0185
4122.309 607.01214 1.061 -4.355 7.724 0102Qd0495
4122.327 23.0 2.267 -1.21 "" ""
4122.34 66.1 0.92 -2.17 LAWLER ""
4122.349 42.1 4.552 -1.0 "" ""
4122.351 23.1 4.732 -3.5 "" ""
4122.361 25.0 4.357 -0.88 "" ""
4122.397 42.0 2.678 -1.93 "" ""
4122.413 607.01314 1.719 -1.004 7.724 0607Ra0155
4122.447 607.01314 1.719 -1.031 7.724 0607Rb0145
4122.463 607.01314 1.719 -3.723 7.724 0607Qd0155
4122.49 62.1 0.248 -1.25 LAWLER ""
4122.516 26.0 2.843 -1.4 BEL17 ""
4122.538 25.1 5.832 -6.0 "" ""
4122.55 23.1 6.329 -0.92 "" ""
4122.597 20.0 5.917 -6.25 "" ""
4122.603 106.00112 1.291 -5.701 3.464 CX14Q045
4122.62 607.01314 1.326 -0.8 7.724 0405Ra0235
4122.629 106.00112 1.291 -7.989 3.464 CX14P045
4122.636 26.0 2.938 -7.71 "" ""
4122.638 20.0 6.024 -3.24 "" ""
4122.643 607.01314 1.326 -0.817 7.724 0405Rb0225
4122.65 26.0 3.571 -4.13 "" ""
4122.661 27.0 3.729 -4.17 "" ""
4122.668 26.1 2.583 -3.26 MELBAR ""
4122.669 607.01314 1.326 -3.865 7.724 0405Qd0235
4122.683 22.0 2.675 -1.02 "" ""
4122.698 607.01314 2.273 -0.894 7.724 0809Ra0275
4122.704 106.00113 1.477 -4.697 3.464 AX43Q175
4122.71 106.00112 1.598 -8.656 3.464 CX25Q055
4122.727 607.01314 1.505 -0.928 7.724 0506Ra0175
4122.742 607.01314 2.273 -0.908 7.724 0809Rb0265
4122.745 106.00112 1.598 -5.033 3.464 CX25P055
4122.756 106.00113 1.477 -2.878 3.464 AX43P175
4122.763 25.0 4.341 -0.93 "" ""
4122.768 607.01314 2.273 -4.089 7.724 0809Qd0275
4122.78 23.0 1.05 -3.82 "" ""
4122.783 106.00113 1.477 -2.805 3.464 AX43P185
4122.785 607.01314 1.505 -0.952 7.724 0506Rb0165
4122.802 41.0 1.393 -0.64 "" ""
4122.804 607.01314 1.505 -3.747 7.724 0506Qd0175
4122.819 106.00113 1.66 -4.832 3.464 CX25P085
4122.86 106.00112 1.848 -6.966 3.464 AX53P235
4122.892 24.0 3.319 -1.83 "" ""
4122.898 106.00112 1.647 -4.929 3.464 AX32Q245
4122.9 106.00113 1.66 -4.769 3.464 CX25P095
4122.931 21.0 1.983 -1.88 "" ""
4122.96 106.00112 1.598 -4.965 3.464 CX25P065
4122.96 106.00112 1.648 -2.845 3.464 AX32P255
4122.96 607.01214 1.401 -0.746 7.724 0405Ra0275
4122.973 106.00113 1.66 -8.595 3.464 CX25Q085
4122.978 106.00113 1.261 -7.375 3.464 CX14P015
4122.988 24.0 3.446 -3.37 "" ""
4122.991 607.01314 1.958 -1.002 7.724 0708Ra0175
4123.0 607.01214 1.804 -0.887 7.724 0607Ra0215
4123.01 106.00112 1.647 -2.955 3.464 AX32P245
4123.01 106.00113 1.261 -6.172 3.464 CX14Q015
4123.011 607.01214 1.401 -0.761 7.724 0405Rb0265
4123.035 106.00113 1.204 -8.82 3.464 CX03P125
4123.042 607.01214 1.401 -3.942 7.724 0405Qd0275
4123.057 607.01214 1.804 -0.905 7.724 0607Rb0205
4123.057 74.0 1.915 -1.08 "" ""
4123.06 44.0 1.138 -1.41 "" ""
4123.08 607.01214 1.804 -3.877 7.724 0607Qd0215
4123.109 607.01314 1.958 -1.025 7.724 0708Rb0165
4123.119 607.01314 1.173 -0.708 7.724 0304Ra0305
4123.126 607.01314 1.958 -3.82 7.724 0708Qd0175
4123.134 607.01214 2.073 -0.886 7.724 0708Rb0245
4123.147 106.00112 1.718 -1.943 3.464 AX43Q225
4123.16 607.01214 2.073 -4.002 7.724 0708Qd0255
4123.175 23.0 1.944 -0.24 LAWNOHFS ""
4123.178 106.00112 1.718 -4.402 3.464 AX43R215
4123.18 607.01314 1.173 -0.721 7.724 0304Rb0295
4123.189 106.00113 0.638 -1.75 3.464 BX11Q125
4123.202 57.1139 0.321 -0.472 Lawle01HFS ""
4123.212 57.1139 0.321 -0.643 Lawle01HFS ""
4123.212 57.1139 0.321 -1.212 Lawle01HFS ""
4123.214 607.01314 1.173 -3.991 7.724 0304Qd0305
4123.217 106.00113 1.204 -5.819 3.464 CX03Q115
4123.22 57.1139 0.321 -0.85 Lawle01HFS ""
4123.22 57.1139 0.321 -1.03 Lawle01HFS ""
4123.22 57.1139 0.321 -2.212 Lawle01HFS ""
4123.22 58.1 0.721 -0.49 LAWLER ""
4123.227 57.1139 0.321 -0.996 Lawle01HFS ""
4123.227 57.1139 0.321 -1.121 Lawle01HFS ""
4123.227 57.1139 0.321 -1.794 Lawle01HFS ""
4123.232 57.1139 0.321 -1.055 Lawle01HFS ""
4123.232 57.1139 0.321 -1.56 Lawle01HFS ""
4123.233 57.1139 0.321 -1.539 Lawle01HFS ""
4123.234 23.0 3.284 -4.19 "" ""
4123.236 57.1139 0.321 -1.238 Lawle01HFS ""
4123.236 57.1139 0.321 -1.414 Lawle01HFS ""
4123.236 607.01214 1.581 -0.838 7.724 0506Ra0225
4123.237 27.1 5.051 -2.57 "" ""
4123.238 57.1139 0.321 -1.317 Lawle01HFS ""
4123.239 23.1 3.325 -4.79 "" ""
4123.24 106.00112 1.718 -4.692 3.464 AX43P225
4123.24 106.00113 0.638 -5.067 3.464 BX11R125
4123.24 58.1 0.634 -0.66 BIEMONT ""
4123.255 607.01314 1.713 -1.031 7.724 0607Ra0145
4123.268 106.00113 0.639 -4.932 3.464 BX11P135
4123.271 29.0 5.417 -1.32 "" ""
4123.272 106.00112 1.718 -2.014 3.464 AX43Q215
4123.281 25.0 4.35 -0.86 "" ""
4123.286 20.0 4.621 -5.04 "" ""
4123.287 22.0 2.776 0.09 "" ""
4123.288 607.01314 1.713 -1.06 7.724 0607Rb0135
4123.303 607.01314 1.713 -3.694 7.724 0607Qd0145
4123.319 106.00113 0.639 -1.777 3.464 BX11Q135
4123.328 607.01214 1.581 -0.856 7.724 0506Rb0215
4123.339 22.0 2.576 -3.96 "" ""
4123.341 106.00113 1.204 -5.766 3.464 CX03Q125
4123.353 607.01214 1.581 -3.866 7.724 0506Qd0225
4123.37 23.0 2.682 -5.36 "" ""
4123.38 22.0 2.295 -1.91 "" ""
4123.382 24.0 2.998 -0.87 "" ""
4123.459 106.00112 1.555 -6.589 3.464 CX25P025
4123.49 58.1 0.957 0.16 BIEMONT ""
4123.498 23.0 0.267 -0.32 LAWNOHFS ""
4123.506 607.01314 2.262 -0.908 7.724 0809Ra0265
4123.522 106.00113 1.204 -9.288 3.464 CX03R115
4123.531 90.1 1.066 -1.22 "" ""
4123.547 6.0 7.94 -4.1 "" ""
4123.55 25.0 4.682 -1.84 "" ""
4123.551 607.01314 2.262 -0.922 7.724 0809Rb0255
4123.56 22.0 2.675 -1.16 "" ""
4123.567 25.0 3.37 -1.41 "" ""
4123.577 607.01314 2.262 -4.072 7.724 0809Qd0265
4123.593 607.01214 2.429 -0.837 7.724 0809Rb0345
4123.627 607.01214 2.429 -4.235 7.724 0809Qd0355
4123.643 607.01214 0.986 -0.842 7.724 0001Ra0565
4123.647 42.0 2.513 -1.22 "" ""
4123.658 607.01314 1.498 -0.952 7.724 0506Ra0165
4123.677 24.0 3.836 -2.51 "" ""
4123.682 106.00113 1.773 -5.26 3.464 CX03P235
4123.704 607.01314 1.316 -0.818 7.724 0405Ra0225
4123.712 607.01314 1.498 -0.977 7.724 0506Rb0155
4123.72 607.01214 0.986 -0.85 7.724 0001Rb0555
4123.728 26.0 2.988 -1.86 "" ""
4123.729 607.01314 1.316 -0.836 7.724 0405Rb0215
4123.732 607.01314 1.498 -3.722 7.724 0506Qd0165
4123.733 106.00113 1.688 -4.768 3.464 CX25P095
4123.736 106.00112 0.988 -8.613 3.464 CX03R035
4123.753 607.01314 1.316 -3.846 7.724 0405Qd0225
4123.765 26.0 2.607 -2.39 "" ""
4123.768 23.0 2.357 -5.82 "" ""
4123.778 106.00113 1.774 -5.322 3.464 CX03P225
4123.783 28.0 4.15 -1.24 "" ""
4123.785 106.00113 1.688 -4.707 3.464 CX25P105
4123.789 607.01214 0.986 -4.641 7.724 0001Qd0565
4123.799 607.01314 1.951 -1.025 7.724 0708Ra0165
4123.803 44.0 2.006 -0.84 "" ""
4123.805 41.0 0.019 -0.03 "" ""
4123.869 58.1 0.857 0.39 LAWLER ""
4123.88 60.1 0.38 -0.51 LAWLER ""
4123.892 27.0 3.626 -1.83 "" ""
4123.907 106.00113 1.688 -8.575 3.464 CX25Q095
4123.921 607.01314 1.951 -1.05 7.724 0708Rb0155
4123.929 24.0 4.532 -1.1 "" ""
4123.937 607.01314 1.951 -3.795 7.724 0708Qd0165
4123.94 26.0 4.227 -1.69 "" ""
4123.95 62.1 0.484 -0.69 LAWLER ""
4123.969 607.01214 1.795 -0.905 7.724 0607Ra0205
4124.006 106.00112 1.279 -8.231 3.464 CX14R025
4124.018 27.0 2.868 -4.52 "" ""
4124.025 607.01214 1.795 -0.925 7.724 0607Rb0195
4124.026 106.00112 1.279 -5.968 3.464 CX14Q025
4124.026 607.01214 2.063 -0.886 7.724 0708Ra0245
4124.027 607.01214 2.063 -0.902 7.724 0708Rb0235
4124.039 106.00112 0.896 -4.348 3.464 AX11R185
4124.041 22.0 2.29 -1.34 "" ""
4124.047 607.01214 1.795 -3.856 7.724 0607Qd0205
4124.052 607.01214 2.063 -3.984 7.724 0708Qd0245
4124.061 23.0 1.217 -1.15 LAWNOHFS ""
4124.082 607.01314 1.707 -1.06 7.724 0607Ra0135
4124.083 106.00113 1.392 -9.228 3.464 AX10P285
4124.113 607.01314 1.707 -1.09 7.724 0607Rb0125
4124.114 106.00112 1.656 -2.157 3.464 AX54R155
4124.128 607.01314 1.707 -3.664 7.724 0607Qd0135
4124.137 607.01214 1.039 -0.675 7.724 0102Ra0485
4124.144 26.0 4.442 -4.43 "" ""
4124.159 106.00112 1.656 -2.105 3.464 AX54R165
4124.188 607.01214 1.389 -0.761 7.724 0405Ra0265
4124.198 28.1 6.628 -7.38 "" ""
4124.212 106.00112 1.656 -4.247 3.464 AX54Q165
4124.213 607.01214 1.039 -0.683 7.724 0102Rb0475
4124.239 607.01214 1.389 -0.777 7.724 0405Rb0255
4124.269 607.01214 1.389 -3.926 7.724 0405Qd0265
4124.271 607.01214 1.039 -4.347 7.724 0102Qd0485
4124.292 607.01214 1.571 -0.856 7.724 0506Ra0215
4124.309 607.01314 2.251 -0.922 7.724 0809Ra0255
4124.312 106.00112 1.263 -7.243 3.464 CX14R005
4124.321 106.00112 1.263 -6.625 3.464 CX14Q005
4124.332 106.00113 1.772 -1.878 3.464 AX43Q235
4124.335 106.00113 1.747 -4.717 3.464 CX14P185
4124.356 607.01314 2.251 -0.937 7.724 0809Rb0245
4124.377 28.0 4.161 -3.44 "" ""
4124.38 607.01314 2.251 -4.054 7.724 0809Qd0255
4124.381 106.00113 1.719 -4.706 3.464 CX25P105
4124.388 106.00113 1.748 -4.789 3.464 CX14P175
4124.388 106.00113 1.772 -4.381 3.464 AX43R225
4124.389 22.0 2.486 -7.1 "" ""
4124.39 24.0 3.32 -1.99 "" ""
4124.392 607.01214 1.571 -0.875 7.724 0506Rb0205
4124.407 106.00113 1.719 -4.646 3.464 CX25P115
4124.416 607.01214 1.571 -3.846 7.724 0506Qd0215
4124.418 24.0 3.836 -1.23 "" ""
4124.427 106.00113 1.772 -4.65 3.464 AX43P235
4124.43 607.01314 1.16 -0.721 7.724 0304Ra0295
4124.431 607.01214 2.414 -0.837 7.724 0809Ra0345
4124.457 607.01214 2.414 -0.847 7.724 0809Rb0335
4124.46 106.00113 1.774 -9.902 3.464 CX03Q225
4124.483 106.00113 1.772 -1.948 3.464 AX43Q225
4124.488 26.0 3.639 -2.24 "" ""
4124.489 607.01314 1.16 -0.735 7.724 0304Rb0285
4124.49 607.01214 2.414 -4.22 7.724 0809Qd0345
4124.523 607.01314 1.16 -3.977 7.724 0304Qd0295
4124.532 23.0 2.553 -5.02 "" ""
4124.542 42.0 3.075 -0.78 "" ""
4124.549 106.00112 1.807 -4.646 3.464 CX14P195
4124.558 106.00112 1.807 -8.94 3.464 CX14Q185
4124.569 24.0 2.985 -2.4 "" ""
4124.57 106.00112 1.618 -8.632 3.464 CX25Q065
4124.571 607.01314 1.491 -0.977 7.724 0506Ra0155
4124.576 106.00113 1.719 -8.551 3.464 CX25Q105
4124.588 23.0 1.871 -3.54 "" ""
4124.592 106.00112 1.279 -5.82 3.464 CX14Q035
4124.593 607.01314 1.945 -1.05 7.724 0708Ra0155
4124.598 23.0 1.948 -2.33 "" ""
4124.603 76.0 1.411 -2.03 Quinet06 ""
4124.611 106.00112 1.279 -7.879 3.464 CX14P035
4124.612 106.00112 1.618 -4.963 3.464 CX25P065
4124.626 607.01314 1.491 -1.004 7.724 0506Rb0145
4124.627 106.00113 1.258 -6.626 3.464 CX14Q005
4124.63 66.1 0.92 -0.66 LAWLER ""
4124.642 607.01314 1.491 -3.695 7.724 0506Qd0155
4124.663 106.00112 1.807 -4.716 3.464 CX14P185
4124.69 106.00113 1.478 -2.805 3.464 AX43P185
4124.69 106.00113 1.478 -4.727 3.464 AX43Q175
4124.69 21.0 1.994 -4.08 "" ""
4124.72 607.01314 1.945 -1.076 7.724 0708Rb0145
4124.724 71.0 0.926 0.39 "" ""
4124.728 92.1 0.217 -1.12 "" ""
4124.736 607.01314 1.945 -3.768 7.724 0708Qd0155
4124.738 106.00113 1.478 -2.878 3.464 AX43P175
4124.757 68.0 0.624 -0.3 "" ""
4124.772 607.01314 1.307 -0.836 7.724 0405Ra0215
4124.775 106.00112 1.618 -4.898 3.464 CX25P075
4124.787 26.1 2.542 -4.2 "" ""
4124.787 58.1 0.683 -0.1 LAWLER ""
4124.797 106.00113 1.752 -4.645 3.464 CX25P115
4124.797 607.01314 1.307 -0.855 7.724 0405Rb0205
4124.8 106.00113 1.752 -4.587 3.464 CX25P125
4124.821 607.01314 1.307 -3.826 7.724 0405Qd0215
4124.834 106.00113 1.748 -9.014 3.464 CX14Q175
4124.839 106.00113 0.892 -4.347 3.464 AX11R185
4124.894 607.01314 1.702 -1.09 7.724 0607Ra0125
4124.9 39.1 0.409 -1.38 Biemont11 ""
4124.904 23.0 2.581 -4.95 "" ""
4124.906 24.0 4.093 -2.42 "" ""
4124.911 607.01214 2.052 -0.902 7.724 0708Ra0235
4124.913 607.01214 2.052 -0.919 7.724 0708Rb0225
4124.918 106.00113 1.838 -1.145 3.464 AX00R345
4124.918 23.0 2.579 -2.64 "" ""
4124.923 607.01214 1.786 -0.925 7.724 0607Ra0195
4124.923 607.01314 1.702 -1.123 7.724 0607Rb0115
4124.937 607.01214 2.052 -3.966 7.724 0708Qd0235
4124.937 607.01314 1.702 -3.632 7.724 0607Qd0125
4124.954 106.00113 0.839 -1.403 3.464 BX00P215
4124.978 607.01214 1.786 -0.946 7.724 0607Rb0185
4124.981 21.0 1.985 -1.86 "" ""
4124.999 607.01214 1.786 -3.834 7.724 0607Qd0195
4125.003 106.00113 1.787 -4.529 3.464 CX25P135
4125.014 106.00112 1.034 -6.713 3.464 CX03R055
4125.014 106.00113 1.752 -8.524 3.464 CX25Q115
4125.016 106.00112 0.641 -1.75 3.464 BX11Q125
4125.023 106.00113 1.788 -4.586 3.464 CX25P125
4125.024 106.00113 0.839 -6.366 3.464 BX00Q215
4125.037 106.00112 1.4 -9.228 3.464 AX10P285
4125.053 106.00113 1.866 -4.417 3.464 CX25P155
4125.066 106.00112 0.641 -5.067 3.464 BX11R125
4125.068 106.00113 1.825 -4.472 3.464 CX25P145
4125.092 106.00113 0.839 -1.444 3.464 BX00P225
4125.095 106.00112 0.641 -4.932 3.464 BX11P135
4125.1 25.0 4.243 -2.02 "" ""
4125.108 607.01314 2.241 -0.937 7.724 0809Ra0245
4125.109 106.00113 1.826 -4.528 3.464 CX25P135
4125.115 106.00113 1.866 -4.471 3.464 CX25P145
4125.136 21.0 1.985 -1.26 "" ""
4125.145 106.00112 0.641 -1.777 3.464 BX11Q135
4125.151 23.1 6.641 -2.73 "" ""
4125.159 607.01314 2.241 -0.953 7.724 0809Rb0235
4125.178 607.01314 2.241 -4.036 7.724 0809Qd0245
4125.178 74.0 2.036 -0.69 "" ""
4125.224 26.0 2.452 -4.29 "" ""
4125.233 62.0 0.282 -1.07 "" ""
4125.236 41.0 1.353 -0.86 "" ""
4125.244 26.0 4.183 -3.36 "" ""
4125.248 106.00112 1.035 -6.632 3.464 CX03R065
4125.261 106.00113 1.788 -8.494 3.464 CX25Q125
4125.273 106.00112 1.27 -8.127 3.464 CX14R015
4125.283 26.0 3.684 -3.26 "" ""
4125.285 607.01214 2.399 -0.847 7.724 0809Ra0335
4125.288 106.00112 1.27 -6.178 3.464 CX14Q015
4125.299 106.00112 1.035 -9.674 3.464 CX03Q065
4125.319 607.01214 2.399 -0.857 7.724 0809Rb0325
4125.332 607.01214 1.562 -0.875 7.724 0506Ra0205
4125.348 24.0 3.32 -2.21 "" ""
4125.351 607.01214 2.399 -4.206 7.724 0809Qd0335
4125.368 106.00113 1.826 -8.46 3.464 CX25Q135
4125.385 607.01314 1.938 -1.076 7.724 0708Ra0145
4125.396 106.00113 1.866 -8.423 3.464 CX25Q145
4125.396 607.01214 1.377 -0.777 7.724 0405Ra0255
4125.401 25.0 2.918 -3.05 "" ""
4125.416 58.1 0.703 -1.51 LAWLER ""
4125.425 23.0 2.563 -2.13 "" ""
4125.436 607.01214 1.562 -0.895 7.724 0506Rb0195
4125.441 24.0 4.204 -0.79 "" ""
4125.446 607.01214 1.377 -0.793 7.724 0405Rb0245
4125.452 22.0 2.101 -6.22 "" ""
4125.459 607.01214 1.562 -3.826 7.724 0506Qd0205
4125.466 607.01314 1.484 -1.004 7.724 0506Ra0145
4125.475 607.01214 1.377 -3.91 7.724 0405Qd0255
4125.487 106.00112 1.657 -2.105 3.464 AX54R165
4125.487 24.0 3.008 -2.18 "" ""
4125.508 607.01314 1.938 -1.105 7.724 0708Rb0135
4125.514 24.0 3.108 -9.59 "" ""
4125.517 106.00112 1.657 -2.157 3.464 AX54R155
4125.518 607.01314 1.484 -1.032 7.724 0506Rb0135
4125.522 607.01314 1.938 -3.739 7.724 0708Qd0145
4125.534 607.01314 1.484 -3.667 7.724 0506Qd0145
4125.541 106.00112 1.657 -4.22 3.464 AX54Q165
4125.557 24.0 2.98 -2.29 "" ""
4125.561 20.0 4.677 -4.46 "" ""
4125.568 41.0 0.267 -1.86 "" ""
4125.62 26.0 4.217 -0.49 "" ""
4125.668 106.00113 1.285 -5.847 3.464 AX43P135
4125.689 607.01314 1.697 -1.123 7.724 0607Ra0115
4125.717 607.01314 1.697 -1.159 7.724 0607Rb0105
4125.719 607.01314 1.148 -0.735 7.724 0304Ra0285
4125.73 607.01314 1.697 -3.596 7.724 0607Qd0115
4125.745 22.0 2.248 -1.61 "" ""
4125.773 58.1 0.459 -1.17 LAWLER ""
4125.778 607.01314 1.148 -0.75 7.724 0304Rb0275
4125.79 607.01214 2.042 -0.919 7.724 0708Ra0225
4125.791 607.01214 2.042 -0.936 7.724 0708Rb0215
4125.81 607.01314 1.148 -3.962 7.724 0304Qd0285
4125.814 607.01214 2.042 -3.946 7.724 0708Qd0225
4125.815 25.0 5.083 -0.75 "" ""
