wavelength species excitation loggf disassociation_energy comment
4588.974 23.0 1.954 -2.27 "" ""
4588.98 26.1 4.79 -4.77 "" ""
4588.992 106.00112 0.806 -2.561 3.464 BX12P085
4588.997 22.1 1.581 -4.63 "" ""
4589.0 41.1 2.52 -1.46 Nilsson10 ""
4589.004 112.00124 0.486 -6.169 1.340 31P221b24
4589.031 106.00112 0.806 -7.16 3.464 BX12Q085
4589.056 607.01214 3.356 -1.35 7.724 1214Pb0225
4589.062 22.0 3.321 -3.94 "" ""
4589.122 90.1 1.547 -1.35 "" ""
4589.208 70.0 3.131 0.02 "" ""
4589.277 106.00113 1.275 -9.51 3.464 CX04R025
4589.281 607.01214 3.356 -4.371 7.724 1214Qc0225
4589.288 26.0 2.69 -4.72 "" ""
4589.301 106.00112 0.806 -2.527 3.464 BX12P095
4589.339 607.01214 3.356 -1.33 7.724 1214Pa0235
4589.347 106.00113 1.865 -4.58 3.464 AX22P275
4589.361 27.0 4.143 -2.01 "" ""
4589.361 66.0 0.0 -0.17 "" ""
4589.374 58.1 0.357 -1.97 LAWLER ""
4589.397 27.0 3.626 -1.81 "" ""
4589.401 26.0 5.029 -3.34 "" ""
4589.41 62.1 1.165 -1.08 LAWLER ""
4589.442 607.01214 0.996 -5.801 7.724 0002Qc0455
4589.468 22.0 1.967 -5.18 "" ""
4589.511 607.01214 0.996 -2.142 7.724 0002Pa0465
4589.514 26.0 4.577 -3.08 "" ""
4589.558 20.0 4.44 -5.18 "" ""
4589.593 607.01214 0.996 -2.153 7.724 0002Pb0455
4589.597 106.00113 0.75 -4.863 3.464 BX12P065
4589.653 26.0 4.581 -2.89 "" ""
4589.663 607.01214 0.519 -2.889 7.724 0002Ra0085
4589.67 106.00112 1.538 -6.408 3.464 AX23R195
4589.671 90.1 1.547 -1.47 "" ""
4589.68 23.0 0.267 -5.44 "" ""
4589.684 607.01214 0.519 -2.937 7.724 0002Rb0075
4589.697 106.00113 1.612 -9.228 3.464 CX15P065
4589.697 607.01214 0.519 -5.114 7.724 0002Qd0085
4589.715 21.0 5.025 -3.81 "" ""
4589.745 27.0 4.055 -4.48 "" ""
4589.874 20.0 5.881 -4.76 "" ""
4589.881 106.00113 1.275 -11.244 3.464 CX04Q035
4589.895 24.1 4.072 -2.47 Lawler17 ""
4589.904 106.00113 1.533 -6.352 3.464 AX23R195
4589.948 607.01214 3.366 -1.33 7.724 1214Pb0235
4589.958 22.1 1.236 -1.79 "" ""
4589.96 24.1 3.103 -4.28 "" ""
4590.005 106.00113 1.275 -9.346 3.464 CX04R035
4590.076 27.0 4.061 -3.85 "" ""
4590.08 24.0 4.486 -2.17 "" ""
4590.11 106.00113 0.894 -6.132 3.464 AX01R185
4590.135 40.0 1.442 -1.32 "" ""
4590.161 22.0 3.332 -3.15 "" ""
4590.173 106.00112 0.898 -6.132 3.464 AX01R185
4590.2 607.01214 3.366 -4.389 7.724 1214Qc0235
4590.253 106.00112 1.961 -3.974 3.464 AX55R165
4590.261 607.01214 3.366 -1.312 7.724 1214Pa0245
4590.305 24.0 3.889 -2.52 "" ""
4590.312 106.00113 1.77 -4.546 3.464 AX33P225
4590.316 106.00113 1.65 -7.083 3.464 CX04P165
4590.319 106.00112 1.961 -1.612 3.464 AX55Q165
4590.325 106.00113 1.651 -7.108 3.464 CX04P155
4590.351 106.00112 1.961 -1.631 3.464 AX55Q175
4590.417 106.00112 1.961 -3.906 3.464 AX55P175
4590.436 106.00112 1.604 -3.461 3.464 AX01R285
4590.483 21.0 2.292 -0.7 "" ""
4590.485 24.0 4.486 -0.86 "" ""
4590.499 23.1 3.793 -0.78 "" ""
4590.501 106.00112 2.465 -7.618 3.464 CX05R265
4590.528 106.00113 1.827 -3.772 3.464 AX55Q135
4590.529 106.00113 1.827 -1.956 3.464 AX55P135
4590.535 40.0 0.542 -1.35 "" ""
4590.626 607.01214 0.975 -5.792 7.724 0002Qc0445
4590.636 106.00112 1.604 -5.525 3.464 AX01Q285
4590.642 106.00113 1.827 -1.942 3.464 AX55P145
4590.658 28.0 3.539 -4.18 "" ""
4590.667 106.00112 2.465 -11.924 3.464 CX05Q265
4590.672 24.0 3.011 -5.01 "" ""
4590.694 607.01214 0.975 -2.153 7.724 0002Pa0455
4590.721 106.00112 1.604 -3.391 3.464 AX01R275
4590.723 25.1 5.563 -5.03 "" ""
4590.736 26.1 6.218 -3.99 "" ""
4590.74 106.00112 2.466 -8.571 3.464 CX05R255
4590.774 607.01214 0.975 -2.165 7.724 0002Pb0445
4590.789 26.0 4.383 -4.42 "" ""
4590.808 22.0 2.47 -1.8 "" ""
4590.814 106.00113 1.699 -4.533 3.464 AX44P165
4590.822 106.00113 1.651 -11.837 3.464 CX04Q155
4590.833 23.1 3.755 -5.12 "" ""
4590.834 607.01214 0.516 -2.938 7.724 0002Ra0075
4590.835 70.0 3.204 0.39 "" ""
4590.854 607.01214 0.516 -2.992 7.724 0002Rb0065
4590.859 607.01214 3.376 -1.312 7.724 1214Pb0245
4590.865 607.01214 0.516 -5.063 7.724 0002Qd0075
4590.869 22.0 2.504 -4.9 "" ""
4590.881 106.00113 1.596 -3.461 3.464 AX01R285
4590.957 24.0 3.008 -3.83 "" ""
4591.047 24.0 2.542 -4.06 "" ""
4591.056 106.00113 1.596 -5.525 3.464 AX01Q285
4591.069 112.00124 0.379 -6.428 1.340 20P223b24
4591.107 44.0 1.138 -1.59 "" ""
4591.113 27.0 4.206 -2.46 "" ""
4591.116 58.1 1.106 -0.41 LAWLER ""
4591.119 106.00113 1.596 -3.391 3.464 AX01R275
4591.129 24.0 4.398 -3.46 "" ""
4591.14 607.01214 3.376 -4.406 7.724 1214Qc0245
4591.204 607.01214 3.376 -1.294 7.724 1214Pa0255
4591.212 25.0 4.657 -1.85 "" ""
4591.216 23.0 2.372 -1.35 "" ""
4591.223 23.0 1.948 -2.27 "" ""
4591.238 26.1 2.52 -6.43 "" ""
4591.269 25.0 3.761 -5.05 "" ""
4591.335 26.0 4.577 -2.17 "" ""
4591.363 27.0 0.922 -4.7 LAWNHFS ""
4591.365 106.00112 1.598 -9.099 3.464 CX15P055
4591.391 24.0 0.968 -1.74 SOBECK ""
4591.44 62.1 0.543 -2.66 LAWLER ""
4591.444 27.0 4.11 -2.71 "" ""
4591.459 24.0 4.437 -1.93 "" ""
4591.48 24.0 3.419 -1.89 "" ""
4591.521 106.00112 1.872 -4.579 3.464 AX22P275
4591.538 26.0 2.756 -6.52 "" ""
4591.539 23.0 2.741 -2.16 "" ""
4591.57 65.1 1.114 -0.69 LAWNOHFS ""
4591.6 24.0 4.486 -3.99 "" ""
4591.601 22.0 2.406 -1.97 "" ""
4591.672 75.0 2.537 -1.25 "" ""
4591.713 24.0 3.11 -4.67 "" ""
4591.739 27.0 4.046 -2.49 "" ""
4591.767 607.01214 0.955 -5.784 7.724 0002Qc0435
4591.781 66.1 2.542 0.08 "" ""
4591.79 607.01214 3.386 -1.294 7.724 1214Pb0255
4591.806 62.1154 0.184 -1.12 Lawler ""
4591.812 62.1152 0.184 -1.12 Lawler ""
4591.814 106.00112 2.231 -11.767 3.464 CX04P255
4591.82 56.0 1.142 -1.59 "" ""
4591.82 62.1149 0.184 -2.704 Lawler ""
4591.823 62.1149 0.184 -2.5 Lawler ""
4591.824 62.1147 0.184 -2.704 Lawler ""
4591.825 62.1149 0.184 -2.435 Lawler ""
4591.825 62.115 0.184 -1.12 Lawler ""
4591.827 62.1147 0.184 -2.5 Lawler ""
4591.827 62.1149 0.184 -2.442 Lawler ""
4591.828 106.00113 2.001 -12.122 3.464 CX15P175
4591.829 62.1149 0.184 -2.508 Lawler ""
4591.83 62.1147 0.184 -2.435 Lawler ""
4591.83 62.1149 0.184 -1.801 Lawler ""
4591.831 62.1149 0.184 -1.988 Lawler ""
4591.831 62.1149 0.184 -2.646 Lawler ""
4591.832 106.00113 1.827 -1.955 3.464 AX55P135
4591.832 106.00113 1.827 -3.797 3.464 AX55Q135
4591.832 62.1147 0.184 -2.442 Lawler ""
4591.832 62.1149 0.184 -2.207 Lawler ""
4591.833 607.01214 0.955 -2.165 7.724 0002Pa0445
4591.833 62.1149 0.184 -2.47 Lawler ""
4591.833 62.1149 0.184 -2.801 Lawler ""
4591.833 62.1149 0.184 -2.926 Lawler ""
4591.834 62.1147 0.184 -2.508 Lawler ""
4591.834 62.1148 0.184 -1.12 Lawler ""
4591.834 62.1149 0.184 -3.248 Lawler ""
4591.834 62.1149 0.184 -3.947 Lawler ""
4591.836 62.1147 0.184 -1.801 Lawler ""
4591.836 62.1149 0.184 -2.926 Lawler ""
4591.837 62.1147 0.184 -1.988 Lawler ""
4591.837 62.1147 0.184 -2.646 Lawler ""
4591.837 62.1149 0.184 -2.646 Lawler ""
4591.838 62.1149 0.184 -2.508 Lawler ""
4591.839 62.1147 0.184 -2.207 Lawler ""
4591.839 62.1147 0.184 -2.47 Lawler ""
4591.839 62.1147 0.184 -2.926 Lawler ""
4591.839 62.1149 0.184 -2.442 Lawler ""
4591.84 62.1147 0.184 -2.801 Lawler ""
4591.84 62.1147 0.184 -3.248 Lawler ""
4591.84 62.1147 0.184 -3.947 Lawler ""
4591.84 62.1149 0.184 -2.435 Lawler ""
4591.841 62.1149 0.184 -2.5 Lawler ""
4591.841 62.1149 0.184 -2.704 Lawler ""
4591.842 62.1147 0.184 -2.926 Lawler ""
4591.844 62.1147 0.184 -2.646 Lawler ""
4591.845 62.1147 0.184 -2.508 Lawler ""
4591.847 62.1144 0.184 -1.12 Lawler ""
4591.847 62.1147 0.184 -2.442 Lawler ""
4591.848 62.1147 0.184 -2.435 Lawler ""
4591.849 62.1147 0.184 -2.5 Lawler ""
4591.85 62.1147 0.184 -2.704 Lawler ""
4591.867 106.00113 1.827 -1.942 3.464 AX55P145
4591.912 607.01214 0.955 -2.176 7.724 0002Pb0435
4591.948 106.00112 1.793 -3.723 3.464 AX55Q125
4591.959 21.0 1.983 -4.3 "" ""
4591.963 607.01214 0.512 -2.992 7.724 0002Ra0065
4591.965 106.00112 1.793 -1.976 3.464 AX55P125
4591.977 106.00112 1.539 -6.352 3.464 AX23R195
4591.98 607.01214 0.512 -3.054 7.724 0002Rb0055
4591.99 607.01214 0.512 -5.005 7.724 0002Qd0065
4591.993 24.0 3.319 -3.26 "" ""
4592.012 106.00113 1.145 -2.331 3.464 BX01P215
4592.023 26.0 5.008 -1.68 "" ""
4592.052 24.1 4.074 -1.3 Lawler17 ""
4592.079 23.0 1.929 -4.63 "" ""
4592.091 106.00112 1.962 -3.995 3.464 AX55R165
4592.092 106.00112 1.793 -1.956 3.464 AX55P135
4592.098 92.1 0.548 -2.24 Nils02/43 ""
4592.099 106.00113 1.145 -6.817 3.464 BX01Q215
4592.1 106.00112 1.962 -1.631 3.464 AX55Q175
4592.103 607.01214 3.386 -4.423 7.724 1214Qc0255
4592.128 106.00112 2.031 -6.436 3.464 AX12R305
4592.157 106.00112 1.962 -1.612 3.464 AX55Q165
4592.167 106.00112 1.962 -3.887 3.464 AX55P175
4592.176 106.00113 1.145 -2.295 3.464 BX01P225
4592.202 42.0 3.3 -0.9 "" ""
4592.227 13.0 3.14 -3.29 "" ""
4592.234 106.00112 2.031 -4.595 3.464 AX12R295
4592.259 106.00113 2.024 -4.693 3.464 AX11P325
4592.296 13.0 3.14 -3.59 "" ""
4592.302 106.00112 2.031 -5.99 3.464 AX12Q305
4592.372 22.0 3.106 -1.3 "" ""
4592.406 106.00112 2.116 -4.7 3.464 AX12R315
4592.406 74.0 2.434 -0.6 "" ""
4592.425 26.0 4.1 -2.48 "" ""
4592.463 23.0 1.944 -3.94 "" ""
4592.524 44.0 1.316 -1.31 "" ""
4592.526 28.0 3.541 -0.36 LAWLER ""
4592.531 24.0 4.452 -0.34 "" ""
4592.566 74.0 1.654 -1.5 "" ""
4592.568 26.0 4.309 -3.18 "" ""
4592.586 106.00112 2.116 -6.171 3.464 AX12Q315
4592.605 106.00112 0.752 -4.862 3.464 BX12P065
4592.636 23.0 1.349 -5.4 "" ""
4592.651 26.0 1.556 -2.46 OBR91 ""
4592.666 90.0 1.021 -0.91 "" ""
4592.68 106.00112 2.116 -6.437 3.464 AX12R305
4592.681 106.00113 2.109 -4.7 3.464 AX12R315
4592.774 106.00112 1.368 -11.526 3.464 CX04R075
4592.792 106.00113 2.024 -6.436 3.464 AX12R305
4592.846 106.00112 1.368 -7.921 3.464 CX04Q075
4592.85 106.00113 2.109 -6.171 3.464 AX12Q315
4592.864 607.01214 0.935 -5.775 7.724 0002Qc0425
4592.912 23.0 2.136 -4.69 "" ""
4592.929 607.01214 0.935 -2.176 7.724 0002Pa0435
4592.934 106.00113 2.024 -4.595 3.464 AX12R295
4592.935 21.0 2.294 -0.42 "" ""
4592.958 106.00113 2.024 -5.99 3.464 AX12Q305
4592.986 25.0 5.334 -3.1 "" ""
4593.007 607.01214 0.935 -2.188 7.724 0002Pb0425
4593.03 106.00113 2.109 -6.437 3.464 AX12R305
4593.049 106.00112 1.368 -7.804 3.464 CX04Q085
4593.049 607.01214 0.51 -3.054 7.724 0002Ra0055
4593.065 607.01214 0.51 -3.128 7.724 0002Rb0045
4593.073 607.01214 0.51 -4.937 7.724 0002Qd0055
4593.105 106.00112 1.794 -3.746 3.464 AX55Q125
4593.108 55.0 0.0 -2.0 "" ""
4593.12 106.00112 1.368 -10.363 3.464 CX04P085
4593.122 106.00112 1.794 -1.975 3.464 AX55P125
4593.178 106.00112 1.794 -1.957 3.464 AX55P135
4593.306 106.00112 2.032 -4.693 3.464 AX11P325
4593.336 23.0 2.682 -5.3 "" ""
4593.356 106.00113 1.34 -8.051 3.464 CX04Q065
4593.368 22.0 2.394 -2.43 "" ""
4593.373 26.0 4.603 -1.59 "" ""
4593.383 22.0 3.291 -3.7 "" ""
4593.4 23.1 3.756 -5.45 "" ""
4593.452 106.00113 1.34 -10.385 3.464 CX04P075
4593.524 62.1154 0.378 -0.83 Lawler ""
4593.525 106.00113 1.868 -4.654 3.464 AX22P275
4593.525 26.0 3.94 -2.06 "" ""
4593.527 106.00112 1.704 -4.484 3.464 AX44P165
4593.532 62.1152 0.378 -0.83 Lawler ""
4593.548 62.1149 0.378 -2.757 Lawler ""
4593.549 62.1149 0.378 -2.536 Lawler ""
4593.551 62.1149 0.378 -2.452 Lawler ""
4593.551 62.115 0.378 -0.83 Lawler ""
4593.552 62.1149 0.378 -2.434 Lawler ""
4593.553 62.1149 0.378 -2.469 Lawler ""
4593.554 62.1147 0.378 -2.757 Lawler ""
4593.555 62.1149 0.378 -2.566 Lawler ""
4593.556 62.1147 0.378 -2.536 Lawler ""
4593.556 62.1149 0.378 -2.787 Lawler ""
4593.557 62.1147 0.378 -2.452 Lawler ""
4593.559 62.1147 0.378 -2.434 Lawler ""
4593.56 62.1147 0.378 -2.469 Lawler ""
4593.56 62.1149 0.378 -1.56 Lawler ""
4593.56 62.1149 0.378 -1.667 Lawler ""
4593.56 62.1149 0.378 -1.778 Lawler ""
4593.56 62.1149 0.378 -1.892 Lawler ""
4593.56 62.1149 0.378 -2.005 Lawler ""
4593.56 62.1149 0.378 -2.11 Lawler ""
4593.56 62.1149 0.378 -2.191 Lawler ""
4593.56 62.1149 0.378 -2.217 Lawler ""
4593.562 62.1147 0.378 -2.566 Lawler ""
4593.563 62.1148 0.378 -0.83 Lawler ""
4593.564 62.1147 0.378 -2.787 Lawler ""
4593.564 62.1149 0.378 -2.787 Lawler ""
4593.565 62.1149 0.378 -2.566 Lawler ""
4593.567 62.1149 0.378 -2.469 Lawler ""
4593.568 62.1149 0.378 -2.434 Lawler ""
4593.569 106.00113 1.34 -11.505 3.464 CX04R065
4593.569 62.1147 0.378 -1.56 Lawler ""
4593.569 62.1147 0.378 -1.667 Lawler ""
4593.569 62.1147 0.378 -1.778 Lawler ""
4593.569 62.1147 0.378 -1.892 Lawler ""
4593.569 62.1147 0.378 -2.005 Lawler ""
4593.569 62.1147 0.378 -2.11 Lawler ""
4593.569 62.1147 0.378 -2.191 Lawler ""
4593.569 62.1147 0.378 -2.217 Lawler ""
4593.569 62.1149 0.378 -2.452 Lawler ""
4593.571 62.1149 0.378 -2.536 Lawler ""
4593.572 62.1149 0.378 -2.757 Lawler ""
4593.574 62.1147 0.378 -2.787 Lawler ""
4593.575 62.1147 0.378 -2.566 Lawler ""
4593.577 62.1147 0.378 -2.469 Lawler ""
4593.578 106.00112 2.059 -11.779 3.464 CX15P185
4593.579 62.1147 0.378 -2.434 Lawler ""
4593.58 62.1147 0.378 -2.452 Lawler ""
4593.582 62.1144 0.378 -0.83 Lawler ""
4593.582 62.1147 0.378 -2.536 Lawler ""
4593.583 62.1147 0.378 -2.757 Lawler ""
4593.618 112.00124 0.515 -6.184 1.340 31P222b24
4593.641 42.0 3.3 -1.38 "" ""
4593.644 90.0 1.622 -0.73 "" ""
4593.647 28.1 4.026 -4.05 "" ""
4593.665 106.00113 1.34 -7.923 3.464 CX04Q075
4593.689 21.0 2.301 -3.47 "" ""
4593.693 20.0 5.014 -6.83 "" ""
4593.717 106.00112 2.051 -4.94 3.464 AX50R365
4593.827 26.1 2.889 -4.92 "" ""
4593.851 24.0 3.32 -2.29 "" ""
4593.918 607.01214 0.916 -5.766 7.724 0002Qc0415
4593.926 58.1 0.696 0.07 LAWLER ""
4593.934 59.1 0.216 -1.93 "" ""
4593.935 106.00112 2.051 -8.74 3.464 AX50Q365
4593.959 27.0 3.968 -3.46 "" ""
4593.981 607.01214 0.916 -2.188 7.724 0002Pa0425
4594.031 27.0 3.968 -2.12 "" ""
4594.033 106.00112 2.051 -5.347 3.464 AX50R355
4594.035 63.0 0.0 0.68 "" ""
4594.058 607.01214 0.916 -2.2 7.724 0002Pb0415
4594.08 23.0051 0.069 -1.364 LAWLER ""
4594.093 607.01214 0.507 -3.128 7.724 0002Ra0045
4594.096 23.0051 0.069 -1.448 LAWLER ""
4594.106 607.01214 0.507 -3.216 7.724 0002Rb0035
4594.109 23.0051 0.069 -2.511 LAWLER ""
4594.11 23.0051 0.069 -1.538 LAWLER ""
4594.113 607.01214 0.507 -4.857 7.724 0002Qd0045
4594.121 23.0051 0.069 -2.293 LAWLER ""
4594.122 23.0051 0.069 -1.634 LAWLER ""
4594.132 23.0051 0.069 -2.211 LAWLER ""
4594.132 23.0 1.194 -5.03 "" ""
4594.133 23.0051 0.069 -1.738 LAWLER ""
4594.134 23.0051 0.069 -3.961 LAWLER ""
4594.141 23.0051 0.069 -2.195 LAWLER ""
4594.143 23.0051 0.069 -1.85 LAWLER ""
4594.143 23.0051 0.069 -3.574 LAWLER ""
4594.149 23.0051 0.069 -2.231 LAWLER ""
4594.151 23.0051 0.069 -1.968 LAWLER ""
4594.151 23.0051 0.069 -3.384 LAWLER ""
4594.155 23.0051 0.069 -2.327 LAWLER ""
4594.157 23.0051 0.069 -2.086 LAWLER ""
4594.157 23.0051 0.069 -3.304 LAWLER ""
4594.16 23.0051 0.069 -2.537 LAWLER ""
4594.162 23.0051 0.069 -3.332 LAWLER ""
4594.165 23.0051 0.069 -3.536 LAWLER ""
4594.236 27.0 4.146 -3.75 "" ""
4594.263 106.00113 1.635 -9.345 3.464 CX15P075
4594.276 25.0 4.426 -3.34 "" ""
4594.327 106.00113 1.772 -4.609 3.464 AX33P225
4594.335 27.0 0.581 -5.69 "" ""
4594.404 23.0 1.954 -1.07 "" ""
4594.45 60.1 0.204 -1.36 LAWLER ""
4594.488 22.0 2.343 -1.82 LAWLER ""
4594.502 21.0 1.985 -3.33 "" ""
4594.57 62.1 1.374 -0.89 LAWLER ""
4594.573 21.0 1.994 -2.54 "" ""
4594.626 27.0 3.629 -0.08 "" ""
4594.636 20.0 5.045 -4.45 "" ""
4594.664 21.0 4.429 -2.82 "" ""
4594.694 21.0 1.985 -2.6 "" ""
4594.705 106.00112 1.976 -3.89 3.464 AX44Q215
4594.786 106.00112 1.976 -1.681 3.464 AX44P225
4594.812 106.00112 1.976 -1.673 3.464 AX44P215
4594.929 607.01214 0.896 -5.756 7.724 0002Qc0405
4594.939 26.0 3.271 -7.38 "" ""
4594.981 23.0 2.86 -4.15 "" ""
4594.991 607.01214 0.896 -2.2 7.724 0002Pa0415
4595.04 24.0 3.32 -2.5 "" ""
4595.044 76.0 3.64 0.14 "" ""
4595.066 607.01214 0.896 -2.212 7.724 0002Pb0405
4595.084 28.0 3.396 -3.81 "" ""
4595.089 27.0 4.146 -3.35 "" ""
4595.094 607.01214 0.506 -3.216 7.724 0002Ra0035
4595.105 607.01214 0.506 -3.328 7.724 0002Rb0025
4595.11 24.0 3.446 -2.87 "" ""
4595.111 607.01214 0.506 -4.758 7.724 0002Qd0035
4595.155 42.0 1.38 -1.74 "" ""
4595.2 106.00112 1.694 -4.414 3.464 AX55P095
4595.207 26.0 3.632 -3.5 "" ""
4595.28 62.1154 0.484 -0.5 Lawler ""
4595.284 62.1152 0.484 -0.5 Lawler ""
4595.285 62.1149 0.484 -2.558 Lawler ""
4595.287 62.1147 0.484 -2.558 Lawler ""
4595.289 62.1149 0.484 -2.334 Lawler ""
4595.291 62.1147 0.484 -2.334 Lawler ""
4595.292 62.1149 0.484 -2.246 Lawler ""
4595.295 62.1147 0.484 -2.246 Lawler ""
4595.295 62.1149 0.484 -2.225 Lawler ""
4595.296 62.1149 0.484 -1.248 Lawler ""
4595.296 62.115 0.484 -0.5 Lawler ""
4595.298 62.1147 0.484 -2.225 Lawler ""
4595.298 62.1149 0.484 -1.335 Lawler ""
4595.298 62.1149 0.484 -2.257 Lawler ""
4595.3 62.1147 0.484 -1.248 Lawler ""
4595.3 62.1149 0.484 -2.352 Lawler ""
4595.301 62.1149 0.484 -1.424 Lawler ""
4595.302 62.1147 0.484 -1.335 Lawler ""
4595.302 62.1147 0.484 -2.257 Lawler ""
4595.302 62.1149 0.484 -1.513 Lawler ""
4595.302 62.1149 0.484 -2.575 Lawler ""
4595.303 62.1148 0.484 -0.5 Lawler ""
4595.304 62.1149 0.484 -1.598 Lawler ""
4595.305 62.1147 0.484 -1.424 Lawler ""
4595.305 62.1147 0.484 -2.352 Lawler ""
4595.306 62.1149 0.484 -1.676 Lawler ""
4595.307 62.1147 0.484 -1.513 Lawler ""
4595.307 62.1149 0.484 -1.737 Lawler ""
4595.308 62.1147 0.484 -2.575 Lawler ""
4595.308 62.1149 0.484 -1.767 Lawler ""
4595.309 62.1149 0.484 -2.558 Lawler ""
4595.31 62.1147 0.484 -1.598 Lawler ""
4595.31 62.1149 0.484 -2.334 Lawler ""
4595.311 62.1147 0.484 -1.676 Lawler ""
4595.311 62.1149 0.484 -2.225 Lawler ""
4595.311 62.1149 0.484 -2.246 Lawler ""
4595.312 62.1149 0.484 -2.257 Lawler ""
4595.312 62.1149 0.484 -2.352 Lawler ""
4595.312 62.1149 0.484 -2.575 Lawler ""
4595.313 62.1147 0.484 -1.737 Lawler ""
4595.314 112.00124 0.411 -6.213 1.340 20P224b24
4595.314 62.1144 0.484 -0.5 Lawler ""
4595.314 62.1147 0.484 -1.767 Lawler ""
4595.315 62.1147 0.484 -2.558 Lawler ""
4595.316 62.1147 0.484 -2.334 Lawler ""
4595.318 62.1147 0.484 -2.246 Lawler ""
4595.319 62.1147 0.484 -2.225 Lawler ""
4595.319 62.1147 0.484 -2.257 Lawler ""
4595.319 62.1147 0.484 -2.352 Lawler ""
4595.319 62.1147 0.484 -2.575 Lawler ""
4595.358 26.0 3.299 -1.73 BEL17 ""
4595.362 26.0 4.952 -2.48 "" ""
4595.421 90.0 0.457 -1.29 "" ""
4595.435 26.0 3.412 -4.06 "" ""
4595.448 22.1 5.008 -2.72 "" ""
4595.457 106.00112 1.705 -4.532 3.464 AX44P165
4595.503 27.0 4.107 -3.62 "" ""
4595.506 24.0 3.011 -3.61 "" ""
4595.542 106.00112 1.265 -10.72 3.464 CX04R015
4595.556 24.0 2.542 -8.28 "" ""
4595.59 24.0 4.183 0.29 "" ""
4595.682 21.0 2.292 -1.6 "" ""
4595.682 26.1 2.853 -4.25 "" ""
4595.683 106.00113 0.894 -5.559 3.464 BX01P175
4595.704 106.00112 1.15 -2.33 3.464 BX01P215
4595.736 20.0 5.041 -4.02 "" ""
4595.738 26.0 4.555 -2.23 "" ""
4595.793 106.00112 1.15 -6.816 3.464 BX01Q215
4595.829 106.00113 1.953 -11.078 3.464 CX15P165
4595.845 106.00113 2.111 -4.622 3.464 AX11P335
4595.875 59.1 0.633 -1.52 "" ""
4595.881 106.00112 1.15 -2.294 3.464 BX01P225
4595.897 607.01214 0.878 -5.746 7.724 0002Qc0395
4595.925 106.00112 1.694 -4.443 3.464 AX55P095
4595.942 28.0 3.417 -1.64 "" ""
4595.957 607.01214 0.878 -2.212 7.724 0002Pa0405
4595.991 106.00112 1.78 -4.545 3.464 AX33P225
4596.015 26.1 6.221 -1.84 "" ""
4596.023 106.00112 1.279 -9.509 3.464 CX04R025
4596.031 607.01214 0.878 -2.224 7.724 0002Pb0395
4596.042 106.00112 1.875 -4.653 3.464 AX22P275
4596.053 607.01214 0.504 -3.328 7.724 0002Ra0025
4596.06 26.0 3.6 -1.64 "" ""
4596.062 607.01214 0.504 -3.483 7.724 0002Rb0015
4596.065 607.01214 0.504 -4.627 7.724 0002Qd0025
4596.079 27.0 3.277 -3.27 "" ""
4596.099 22.0 2.479 -2.35 "" ""
4596.117 22.0 3.145 -3.49 "" ""
4596.132 24.0 2.543 -7.81 "" ""
4596.189 24.0 2.543 -6.8 "" ""
4596.225 23.0 1.948 -1.75 "" ""
4596.354 26.1 7.123 -4.23 "" ""
4596.371 24.0 4.096 -1.25 "" ""
4596.375 23.1 3.796 -1.55 "" ""
4596.383 28.0 4.086 -0.7 "" ""
4596.394 24.0 3.432 -1.86 "" ""
4596.415 26.0 3.651 -2.32 "" ""
4596.469 26.0 4.412 -4.13 "" ""
4596.527 39.0 2.121 -0.32 "" ""
4596.532 20.0 5.014 -7.34 "" ""
4596.561 24.0 4.436 -1.39 "" ""
4596.575 26.0 3.234 -3.9 "" ""
4596.626 69.0 2.182 0.2 "" ""
4596.682 25.0 5.345 -3.31 "" ""
4596.691 106.00112 1.279 -9.345 3.464 CX04R035
4596.728 44.0 2.906 -0.13 "" ""
4596.73 106.00112 1.279 -11.243 3.464 CX04Q035
4596.743 20.0 4.776 -2.93 "" ""
4596.743 62.0 0.036 -0.67 "" ""
4596.745 68.0 0.954 -0.64 "" ""
4596.746 106.00112 1.657 -11.836 3.464 CX04Q155
4596.775 106.00112 1.657 -7.081 3.464 CX04P165
4596.817 106.00112 1.618 -9.226 3.464 CX15P065
4596.821 607.01214 0.86 -5.736 7.724 0002Qc0385
4596.834 106.00113 1.72 -4.448 3.464 AX55P105
4596.849 23.0 2.503 -5.65 "" ""
4596.868 106.00112 1.657 -7.107 3.464 CX04P155
4596.88 607.01214 0.86 -2.225 7.724 0002Pa0395
4596.884 106.00112 2.034 -6.436 3.464 AX12R305
4596.891 27.0 3.629 -0.01 "" ""
4596.892 106.00112 2.119 -4.621 3.464 AX11P335
4596.9 26.0 4.581 -2.12 "" ""
4596.914 24.0 3.09 -5.77 "" ""
4596.918 26.0 4.383 -3.95 "" ""
4596.928 58.1 0.811 -1.53 LAWLER ""
4596.929 28.0 3.603 -3.65 "" ""
4596.935 59.1 1.478 -0.32 "" ""
4596.952 607.01214 0.86 -2.237 7.724 0002Pb0385
4596.968 607.01214 0.503 -3.483 7.724 0002Ra0015
4596.975 607.01214 0.503 -3.738 7.724 0002Rb0005
4596.977 607.01214 0.503 -4.436 7.724 0002Qd0015
4596.98 64.1 0.522 -0.99 LAWLER ""
4596.994 26.0 3.265 -3.5 "" ""
4597.01 60.1 0.204 -1.15 LAWLER ""
4597.018 106.00112 1.521 -3.391 3.464 AX01R275
4597.058 26.0 0.989 -4.81 "" ""
4597.061 106.00112 2.034 -5.945 3.464 AX12Q305
4597.062 106.00113 1.138 -6.028 3.464 AX12R175
4597.076 607.01214 3.592 -1.267 7.724 1315Rb0255
4597.081 106.00113 2.027 -6.436 3.464 AX12R305
4597.091 106.00113 1.216 -5.874 3.464 BX11P225
4597.137 106.00112 1.52 -3.336 3.464 AX01R265
4597.152 106.00112 2.034 -4.595 3.464 AX12R295
4597.157 76.0 1.411 -3.35 Quinet06 ""
4597.158 58.1 1.347 -0.65 "" ""
4597.211 106.00112 1.521 -5.517 3.464 AX01Q275
4597.235 106.00113 1.513 -3.391 3.464 AX01R275
4597.247 106.00113 2.027 -5.945 3.464 AX12Q305
4597.263 106.00112 1.143 -6.028 3.464 AX12R175
4597.269 22.0 3.348 -2.62 "" ""
4597.3 22.0 2.493 -2.83 "" ""
4597.327 607.01214 3.581 -1.268 7.724 1315Ra0255
4597.364 106.00113 1.513 -3.336 3.464 AX01R265
4597.382 26.0 4.555 -1.44 "" ""
4597.395 607.01214 3.581 -1.285 7.724 1315Rb0245
4597.407 106.00113 1.513 -5.517 3.464 AX01Q275
4597.414 607.01214 3.581 -4.401 7.724 1315Qd0255
4597.417 106.00113 2.027 -4.595 3.464 AX12R295
4597.448 26.0 4.635 -3.02 "" ""
4597.595 106.00112 1.978 -1.681 3.464 AX44P225
4597.6 26.0 2.69 -6.71 "" ""
4597.635 106.00112 1.978 -3.927 3.464 AX44Q215
4597.635 106.00113 1.288 -5.292 3.464 BX11P245
4597.646 28.0 3.396 -2.94 "" ""
4597.659 106.00113 1.266 -9.753 3.464 CX04R015
4597.661 607.01214 3.571 -1.285 7.724 1315Ra0245
4597.681 106.00113 1.288 -1.465 3.464 BX11Q235
4597.682 106.00113 1.72 -4.479 3.464 AX55P105
4597.682 27.0 4.055 -1.82 "" ""
4597.701 607.01214 0.842 -5.726 7.724 0002Qc0375
4597.706 106.00112 1.951 -4.594 3.464 AX12R295
4597.733 607.01214 3.571 -1.302 7.724 1315Rb0235
4597.743 106.00112 1.978 -1.673 3.464 AX44P215
4597.748 26.0 4.604 -4.12 "" ""
4597.751 106.00113 1.288 -0.897 3.464 BX11Q245
4597.751 607.01214 3.571 -4.384 7.724 1315Qd0245
4597.759 607.01214 0.842 -2.237 7.724 0002Pa0385
4597.79 25.1 5.563 -4.26 "" ""
4597.797 106.00113 1.288 -4.504 3.464 BX11R235
4597.798 26.0 4.581 -3.19 "" ""
4597.802 23.0 2.721 -3.13 "" ""
4597.807 106.00112 1.951 -4.099 3.464 AX12R285
4597.83 607.01214 0.842 -2.25 7.724 0002Pb0375
4597.841 607.01214 0.503 -3.738 7.724 0002Ra0005
4597.846 607.01214 0.503 -4.038 7.724 0002Qd0005
4597.849 24.0 4.437 -2.97 "" ""
4597.872 26.0 4.431 -3.07 "" ""
4597.876 106.00112 1.951 -5.824 3.464 AX12Q295
4597.879 42.0 3.731 -0.68 "" ""
4597.91 64.1 0.601 -0.83 LAWLER ""
4597.919 23.1 6.291 -4.36 "" ""
4597.939 26.1 5.566 -4.39 "" ""
4597.946 106.00113 1.66 -9.458 3.464 CX15P085
4598.014 607.01214 3.562 -1.302 7.724 1315Ra0235
4598.039 25.1 7.376 -3.68 "" ""
4598.065 58.1 1.106 -0.41 BIEMONT ""
4598.09 607.01214 3.562 -1.321 7.724 1315Rb0225
4598.107 607.01214 3.562 -4.367 7.724 1315Qd0235
4598.117 26.0 3.281 -1.57 "" ""
4598.118 68.0 0.889 -0.48 "" ""
4598.141 21.0 2.294 -2.53 "" ""
4598.163 22.0 2.493 -1.91 "" ""
4598.186 26.0 3.249 -5.74 "" ""
4598.207 106.00113 1.944 -4.594 3.464 AX12R295
4598.223 112.00124 0.544 -6.204 1.340 31P223b24
4598.225 42.0 3.452 -0.85 "" ""
4598.274 62.0 0.185 -1.34 "" ""
4598.324 26.0 0.957 -4.16 "" ""
4598.335 28.0 3.594 -2.8 "" ""
4598.341 106.00113 1.944 -4.099 3.464 AX12R285
4598.346 106.00113 1.477 -6.296 3.464 AX23R185
4598.35 62.1 0.333 -1.43 LAWLER ""
4598.356 70.1 3.962 -0.62 "" ""
4598.367 26.0 3.94 -4.03 "" ""
4598.37 106.00113 1.944 -5.824 3.464 AX12Q295
4598.386 607.01214 3.553 -1.321 7.724 1315Ra0225
4598.388 106.00113 0.949 -2.174 3.464 BX12Q125
4598.421 106.00112 2.009 -12.121 3.464 CX15P175
4598.432 24.0 3.11 -1.57 "" ""
4598.452 106.00113 0.949 -5.432 3.464 BX12R125
4598.454 21.0 1.849 -0.9 "" ""
4598.465 607.01214 3.553 -1.34 7.724 1315Rb0215
4598.477 106.00113 0.949 -5.47 3.464 BX12P135
4598.482 607.01214 3.553 -4.349 7.724 1315Qd0225
4598.487 23.1 3.325 -3.95 "" ""
4598.505 24.0 5.068 -0.99 "" ""
4598.511 21.0 4.429 -1.44 "" ""
4598.538 607.01214 0.825 -5.715 7.724 0002Qc0365
4598.541 106.00113 0.949 -2.155 3.464 BX12Q135
4598.594 607.01214 0.825 -2.25 7.724 0002Pa0375
4598.6 24.0 3.887 -2.63 "" ""
4598.648 106.00113 1.266 -11.07 3.464 CX04Q025
4598.663 607.01214 0.825 -2.263 7.724 0002Pb0365
4598.72 28.1 4.029 -4.0 "" ""
4598.727 26.0 4.581 -1.61 "" ""
4598.744 106.00113 1.266 -9.501 3.464 CX04R025
4598.745 26.0 3.651 -2.66 "" ""
4598.776 607.01214 3.544 -1.34 7.724 1315Ra0215
4598.803 72.0 0.0 -1.49 "" ""
4598.857 607.01214 3.544 -1.36 7.724 1315Rb0205
4598.873 607.01214 3.544 -4.33 7.724 1315Qd0215
4598.897 64.0 0.88 0.2 "" ""
4598.913 106.00113 1.606 -7.15 3.464 CX04P145
4598.918 106.00113 1.605 -7.11 3.464 CX04P155
