wavelength species excitation loggf disassociation_energy comment
4577.412 607.01214 0.886 -5.099 7.724 0103Qc0235
4577.448 607.01214 0.886 -2.015 7.724 0103Pa0245
4577.48 607.01214 0.797 -4.868 7.724 0103Qc0135
4577.499 607.01214 0.886 -2.034 7.724 0103Pb0235
4577.502 607.01214 0.797 -2.252 7.724 0103Pa0145
4577.531 607.01214 0.797 -2.284 7.724 0103Pb0135
4577.541 106.00113 1.932 -4.599 3.464 AX11P315
4577.561 106.00113 1.707 -4.527 3.464 AX33P215
4577.572 25.0 4.662 -3.03 "" ""
4577.593 112.00124 0.291 -6.173 1.340 20P220b24
4577.608 607.01214 0.875 -5.081 7.724 0103Qc0225
4577.609 24.0 4.385 -2.45 "" ""
4577.616 24.0 4.443 -1.63 "" ""
4577.642 607.01214 0.875 -2.034 7.724 0103Pa0235
4577.644 23.0 2.136 -1.79 "" ""
4577.663 607.01214 0.804 -4.898 7.724 0103Qc0145
4577.673 106.00113 1.038 -2.502 3.464 BX12R145
4577.674 26.0 4.412 -4.15 "" ""
4577.685 607.01214 0.804 -2.223 7.724 0103Pa0155
4577.69 62.1 0.248 -0.65 LAWLER ""
4577.692 607.01214 0.875 -2.054 7.724 0103Pb0225
4577.717 607.01214 0.804 -2.253 7.724 0103Pb0145
4577.759 21.0 3.187 -3.42 "" ""
4577.762 607.01214 0.864 -5.062 7.724 0103Qc0215
4577.772 42.0 2.258 -1.96 "" ""
4577.776 66.0 0.0 -0.83 "" ""
4577.791 26.1 3.195 -6.14 "" ""
4577.795 607.01214 0.864 -2.054 7.724 0103Pa0225
4577.803 607.01214 0.811 -4.926 7.724 0103Qc0155
4577.816 106.00113 1.038 -6.835 3.464 BX12Q155
4577.827 607.01214 0.811 -2.195 7.724 0103Pa0165
4577.829 106.00112 1.567 -8.777 3.464 CX15P035
4577.842 607.01214 0.864 -2.075 7.724 0103Pb0215
4577.856 607.01314 0.495 -3.199 7.724 0002Ra0035
4577.856 607.01314 0.495 -3.311 7.724 0002Rb0025
4577.861 607.01214 0.811 -2.223 7.724 0103Pb0155
4577.873 607.01314 0.495 -4.74 7.724 0002Qd0035
4577.874 607.01214 0.854 -5.042 7.724 0103Qc0205
4577.894 106.00113 1.038 -2.525 3.464 BX12R155
4577.896 26.0 3.881 -3.83 "" ""
4577.901 607.01214 0.819 -4.952 7.724 0103Qc0165
4577.905 607.01214 0.854 -2.075 7.724 0103Pa0215
4577.907 106.00112 1.917 -3.844 3.464 AX44Q205
4577.907 106.00113 1.789 -1.978 3.464 AX55P125
4577.916 106.00113 1.789 -3.726 3.464 AX55Q125
4577.927 607.01214 0.819 -2.168 7.724 0103Pa0175
4577.94 106.00113 1.576 -8.955 3.464 CX15P045
4577.944 607.01214 0.845 -5.022 7.724 0103Qc0195
4577.944 607.01214 3.262 -1.779 7.724 1214Pb0085
4577.95 607.01214 0.854 -2.097 7.724 0103Pb0205
4577.957 607.01214 0.827 -4.976 7.724 0103Qc0175
4577.963 607.01214 0.819 -2.195 7.724 0103Pb0165
4577.964 607.01314 0.87 -5.74 7.724 0002Qc0405
4577.971 607.01214 0.836 -5.0 7.724 0103Qc0185
4577.971 607.01214 3.262 -3.963 7.724 1214Qc0085
4577.974 20.0 5.045 -4.93 "" ""
4577.974 607.01214 0.845 -2.097 7.724 0103Pa0205
4577.984 607.01214 0.827 -2.143 7.724 0103Pa0185
4577.992 106.00112 1.917 -1.674 3.464 AX44P215
4577.994 607.01214 3.262 -1.73 7.724 1214Pa0095
4578.0 607.01214 0.836 -2.119 7.724 0103Pa0195
4578.005 106.00112 1.917 -1.672 3.464 AX44P205
4578.006 106.00112 1.152 -6.002 3.464 BX11P215
4578.016 607.01214 0.845 -2.119 7.724 0103Pb0195
4578.023 607.01214 0.827 -2.168 7.724 0103Pb0175
4578.023 607.01314 0.87 -2.185 7.724 0002Pa0415
4578.041 607.01214 0.836 -2.143 7.724 0103Pb0185
4578.043 106.00113 1.789 -1.959 3.464 AX55P135
4578.059 25.0 4.636 -1.05 "" ""
4578.092 106.00113 1.789 -4.566 3.464 AX22P265
4578.096 607.01314 0.87 -2.197 7.724 0002Pb0405
4578.131 106.00113 1.39 -10.344 3.464 CX04P095
4578.143 20.0 5.923 -3.82 "" ""
4578.17 59.1 0.371 -1.28 LINOHFS ""
4578.172 106.00113 1.39 -7.805 3.464 CX04Q085
4578.182 27.0 3.62 -4.42 "" ""
4578.206 22.0 3.111 -3.96 "" ""
4578.208 106.00112 2.3 -13.34 3.464 CX04P265
4578.317 24.0 3.847 -0.86 "" ""
4578.323 74.0 3.65 -0.03 "" ""
4578.405 106.00113 1.39 -7.7 3.464 CX04Q095
4578.407 23.0 2.372 -2.21 "" ""
4578.428 23.1 6.019 -1.02 "" ""
4578.433 607.01214 1.179 -5.861 7.724 0002Qc0535
4578.447 106.00113 1.39 -11.549 3.464 CX04R085
4578.475 42.0 2.595 -2.12 "" ""
4578.48 20.0 4.765 -2.98 "" ""
4578.513 607.01214 1.179 -2.059 7.724 0002Pa0545
4578.551 20.0 2.521 -0.7 LAWLER ""
4578.56 23.1 3.756 -7.07 "" ""
4578.596 23.0 1.871 -3.62 "" ""
4578.604 607.01214 1.179 -2.069 7.724 0002Pb0535
4578.677 607.01214 3.266 -1.73 7.724 1214Pb0095
4578.686 24.0 3.432 -4.37 "" ""
4578.693 106.00112 1.151 -4.048 3.464 BX10P255
4578.7 62.1 0.188 -1.92 LAWLER ""
4578.701 24.0 4.398 -2.52 "" ""
4578.709 607.01214 3.266 -4.009 7.724 1214Qc0095
4578.71 106.00112 1.94 -4.599 3.464 AX11P315
4578.71 65.1 0.439 -0.69 LAWNOHFS ""
4578.716 26.0 3.684 -4.25 "" ""
4578.728 23.0 1.941 0.11 "" ""
4578.733 26.0 4.545 -3.04 "" ""
4578.735 607.01214 3.267 -1.686 7.724 1214Pa0105
4578.778 58.1 1.614 -0.28 "" ""
4578.778 607.01314 0.494 -3.311 7.724 0002Ra0025
4578.778 607.01314 0.494 -3.465 7.724 0002Rb0015
4578.781 607.01314 0.494 -4.61 7.724 0002Qd0025
4578.782 607.01214 0.565 -2.624 7.724 0002Ra0165
4578.819 607.01214 0.565 -2.65 7.724 0002Rb0155
4578.822 25.0 3.769 -5.49 "" ""
4578.844 607.01214 0.565 -5.388 7.724 0002Qd0165
4578.872 607.01314 0.852 -5.73 7.724 0002Qc0395
4578.886 60.1 0.32 -1.06 "" ""
4578.909 106.00112 1.656 -4.459 3.464 AX44P155
4578.914 20.0 5.045 -3.92 "" ""
4578.929 607.01314 0.852 -2.197 7.724 0002Pa0405
4578.942 27.0 3.949 -2.47 "" ""
4578.964 106.00112 2.15 -4.71 3.464 AX00P365
4578.965 21.0 1.985 -1.69 "" ""
4578.969 21.0 4.419 -1.51 "" ""
4578.983 23.0 2.86 -3.24 "" ""
4579.001 607.01314 0.852 -2.209 7.724 0002Pb0395
4579.009 26.0 3.981 -3.38 "" ""
4579.04 62.1 1.075 -1.02 LAWLER ""
4579.042 76.0 2.465 -1.3 "" ""
4579.043 106.00113 1.789 -1.978 3.464 AX55P125
4579.053 106.00113 1.789 -3.748 3.464 AX55Q125
4579.061 22.0 2.493 -2.84 "" ""
4579.069 26.0 3.271 -3.3 "" ""
4579.107 106.00113 1.789 -1.959 3.464 AX55P135
4579.132 62.1 0.184 -2.19 "" ""
4579.153 21.0 2.612 -1.37 "" ""
4579.186 106.00112 2.15 -6.318 3.464 AX50P375
4579.19 23.0 1.948 -0.57 LAWNOHFS ""
4579.258 58.1 2.587 0.77 "" ""
4579.281 106.00112 2.15 -8.826 3.464 AX50Q365
4579.282 22.0 3.332 -2.44 "" ""
4579.308 26.0 3.692 -4.31 "" ""
4579.31 60.1 0.742 -0.48 LAWLER ""
4579.33 26.0 2.83 -3.67 "" ""
4579.363 27.0 3.949 -0.87 "" ""
4579.417 607.01214 3.271 -1.686 7.724 1214Pb0105
4579.432 106.00113 1.589 -6.481 3.464 AX23R205
4579.434 106.00112 0.841 -5.558 3.464 BX01P165
4579.44 41.1 1.7 -1.02 Nilsson10 ""
4579.441 20.0 5.923 -2.81 "" ""
4579.456 607.01214 3.271 -4.051 7.724 1214Qc0105
4579.485 607.01214 3.271 -1.646 7.724 1214Pa0115
4579.491 106.00112 2.15 -6.221 3.464 AX50P365
4579.527 26.1 6.221 -2.51 "" ""
4579.544 25.0 4.657 -2.89 "" ""
4579.588 24.0 3.847 -2.28 "" ""
4579.596 64.0 1.53 0.68 "" ""
4579.623 24.0 4.774 -0.34 "" ""
4579.635 56.0 1.674 0.45 "" ""
4579.638 106.00112 1.758 -3.678 3.464 AX55Q115
4579.643 106.00112 1.758 -2.005 3.464 AX55P115
4579.643 607.01314 0.493 -3.465 7.724 0002Ra0015
4579.643 607.01314 0.493 -3.72 7.724 0002Rb0005
4579.646 112.00124 0.433 -3.365 1.340 31P219b24
4579.648 607.01314 0.493 -4.418 7.724 0002Qd0015
4579.679 26.0 3.639 -3.04 "" ""
4579.71 106.00112 1.595 -6.539 3.464 AX23R205
4579.718 22.1 5.028 -1.95 "" ""
4579.718 42.0 2.068 -2.57 "" ""
4579.739 607.01314 0.835 -5.72 7.724 0002Qc0385
4579.795 607.01314 0.835 -2.209 7.724 0002Pa0395
4579.796 106.00112 1.758 -1.98 3.464 AX55P125
4579.799 106.00112 1.686 -3.549 3.464 AX01R295
4579.799 26.0 2.277 -4.83 "" ""
4579.821 26.0 3.069 -2.83 "" ""
4579.848 27.0 4.055 -4.33 "" ""
4579.865 607.01314 0.835 -2.221 7.724 0002Pb0385
4579.902 26.0 3.544 -6.08 "" ""
4579.944 106.00112 1.796 -4.565 3.464 AX22P265
4579.945 106.00113 1.287 -9.351 3.464 CX04R035
4579.958 607.01214 1.154 -5.854 7.724 0002Qc0525
4579.995 23.1 3.97 -3.42 "" ""
4580.005 106.00112 1.686 -5.58 3.464 AX01Q295
4580.037 607.01214 1.154 -2.069 7.724 0002Pa0535
4580.039 57.1139 0.708 -1.39 Lawle01HFS ""
4580.046 57.1139 0.708 -1.487 Lawle01HFS ""
4580.048 24.0 0.941 -1.66 SOBECK ""
4580.052 57.1139 0.708 -1.612 Lawle01HFS ""
4580.063 26.1 2.581 -3.73 "" ""
4580.072 44.0 1.456 -1.6 "" ""
4580.094 106.00112 1.686 -3.46 3.464 AX01R285
4580.126 607.01214 1.154 -2.079 7.724 0002Pb0525
4580.14 27.0 0.922 -3.01 LAWNHFS ""
4580.164 607.01214 3.276 -1.646 7.724 1214Pb0115
4580.181 62.0 0.185 -1.56 "" ""
4580.211 607.01214 3.276 -4.088 7.724 1214Qc0115
4580.242 607.01214 3.276 -1.609 7.724 1214Pa0125
4580.286 23.0 2.129 -2.41 "" ""
4580.288 607.01214 0.558 -2.65 7.724 0002Ra0155
4580.323 607.01214 0.558 -2.677 7.724 0002Rb0145
4580.337 106.00113 1.287 -11.335 3.464 CX04Q045
4580.346 607.01214 0.558 -5.362 7.724 0002Qd0155
4580.397 23.0 0.017 -0.93 LAWNOHFS ""
4580.416 106.00112 1.152 -4.697 3.464 BX11R225
4580.423 25.0 4.824 -3.9 "" ""
4580.431 27.0 3.62 -3.13 "" ""
4580.446 22.1 1.23 -2.79 "" ""
4580.456 23.0 2.764 -2.77 "" ""
4580.46 26.0 2.829 -4.96 "" ""
4580.469 607.01314 0.492 -3.72 7.724 0002Ra0005
4580.474 607.01314 0.492 -4.02 7.724 0002Qd0005
4580.481 106.00113 1.678 -3.549 3.464 AX01R295
4580.49 106.00113 1.287 -9.218 3.464 CX04R045
4580.496 27.0 3.684 -2.07 "" ""
4580.564 607.01314 0.818 -5.71 7.724 0002Qc0375
4580.577 26.0 3.651 -2.09 "" ""
4580.582 106.00112 1.919 -1.674 3.464 AX44P215
4580.596 26.0 4.555 -3.04 "" ""
4580.604 28.0 3.652 -1.91 "" ""
4580.613 106.00112 1.919 -3.879 3.464 AX44Q205
4580.619 607.01314 0.818 -2.222 7.724 0002Pa0385
4580.636 106.00112 1.758 -3.699 3.464 AX55Q115
4580.639 106.00112 1.657 -4.505 3.464 AX44P155
4580.642 106.00112 1.758 -2.005 3.464 AX55P115
4580.66 106.00113 1.678 -5.579 3.464 AX01Q295
4580.666 75.0 1.435 -1.65 "" ""
4580.672 26.0 2.947 -4.26 "" ""
4580.687 607.01314 0.818 -2.234 7.724 0002Pb0375
4580.693 73.0 1.202 -2.15 "" ""
4580.711 106.00112 1.919 -1.672 3.464 AX44P205
4580.724 106.00113 1.678 -3.46 3.464 AX01R285
4580.73 106.00112 1.758 -1.98 3.464 AX55P125
4580.805 23.0 2.721 -2.3 "" ""
4580.887 106.00113 1.698 -7.073 3.464 CX04P175
4580.91 106.00113 1.698 -7.081 3.464 CX04P165
4580.922 607.01214 3.281 -1.609 7.724 1214Pb0125
4580.95 27.0 3.949 -2.73 "" ""
4580.975 607.01214 3.281 -4.123 7.724 1214Qc0125
4581.015 607.01214 3.281 -1.575 7.724 1214Pa0135
4581.021 23.1 6.329 -2.89 "" ""
4581.036 24.0 3.085 -3.1 "" ""
4581.09 64.1 0.662 -1.23 LAWLER ""
4581.096 58.0 0.41 -0.47 "" ""
4581.104 24.0 3.009 -1.69 "" ""
4581.128 27.0 4.046 -2.42 "" ""
4581.129 22.0 2.675 -2.62 "" ""
4581.194 26.0 4.603 -2.56 "" ""
4581.219 106.00113 1.709 -4.588 3.464 AX33P215
4581.225 23.0 1.871 -1.41 LAWNOHFS ""
4581.23 90.1 2.095 -1.08 "" ""
4581.246 26.0 4.987 -2.85 "" ""
4581.264 26.1 6.212 -4.13 "" ""
4581.283 23.1 6.708 -3.73 "" ""
4581.295 64.0 0.124 -0.51 "" ""
4581.324 39.0 1.899 -0.72 "" ""
4581.349 607.01314 0.801 -5.699 7.724 0002Qc0365
4581.364 24.0 3.407 -4.68 "" ""
4581.374 27.0 3.131 -1.42 "" ""
4581.395 20.0 2.523 -0.5 LAWLER ""
4581.402 607.01314 0.801 -2.234 7.724 0002Pa0375
4581.407 106.00112 1.666 -4.384 3.464 AX55P085
4581.414 28.0 3.594 -2.57 "" ""
4581.44 607.01214 1.131 -5.847 7.724 0002Qc0515
4581.447 106.00113 1.698 -11.898 3.464 CX04Q165
4581.467 20.0 2.523 -1.4 LAWLER ""
4581.469 607.01314 0.801 -2.247 7.724 0002Pb0365
4581.487 27.0 3.772 -0.48 "" ""
4581.502 26.0 2.607 -7.86 "" ""
4581.508 26.0 3.241 -1.83 RUF14 ""
4581.518 607.01214 1.131 -2.079 7.724 0002Pa0525
4581.541 106.00112 1.271 -10.878 3.464 CX04R025
4581.582 90.1 1.888 -1.01 "" ""
4581.588 27.0 2.955 -0.15 "" ""
4581.588 62.0 0.101 -0.31 "" ""
4581.606 607.01214 1.131 -2.089 7.724 0002Pb0515
4581.619 41.0 1.549 -0.03 "" ""
4581.628 27.0 4.146 -3.33 "" ""
4581.638 26.0 3.692 -5.55 "" ""
4581.666 106.00113 2.102 -10.881 3.464 CX15P195
4581.694 607.01214 3.287 -1.575 7.724 1214Pb0135
4581.712 23.0 2.573 -4.58 "" ""
4581.717 92.1 1.056 -1.01 Nils02/9 ""
4581.733 20.0 4.438 -4.67 "" ""
4581.741 62.0 0.498 0.27 "" ""
4581.748 607.01214 3.287 -4.155 7.724 1214Qc0135
4581.752 607.01214 0.551 -2.677 7.724 0002Ra0145
4581.77 39.0 1.899 -0.94 "" ""
4581.786 607.01214 0.551 -2.706 7.724 0002Rb0135
4581.795 607.01214 3.287 -1.544 7.724 1214Pa0145
4581.808 607.01214 0.551 -5.334 7.724 0002Qd0145
4581.84 25.0 4.709 -1.22 "" ""
4581.844 106.00112 2.165 -10.412 3.464 CX15P205
4581.917 28.0 3.594 -4.92 "" ""
4581.957 21.0 2.294 -2.78 "" ""
4581.995 23.0 2.503 -6.0 "" ""
4582.002 106.00112 1.666 -4.41 3.464 AX55P085
4582.002 24.0 3.446 -2.49 "" ""
4582.005 607.01314 0.493 -4.021 7.724 0002Qc0005
4582.014 607.01314 0.493 -3.719 7.724 0002Pa0015
4582.029 21.0 1.864 -5.46 "" ""
4582.05 58.1 1.013 -2.0 LAWLER ""
4582.069 24.0 4.446 -2.42 "" ""
4582.092 106.00113 1.791 -4.638 3.464 AX22P265
4582.092 607.01314 0.785 -5.688 7.724 0002Qc0355
4582.1 22.1 5.424 -3.3 "" ""
4582.103 112.00124 0.319 -6.181 1.340 20P221b24
4582.117 26.1 2.542 -6.48 "" ""
4582.144 607.01314 0.785 -2.248 7.724 0002Pa0365
4582.174 24.0 3.963 -1.04 "" ""
4582.209 607.01314 0.785 -2.261 7.724 0002Pb0355
4582.211 106.00112 1.597 -6.48 3.464 AX23R205
4582.257 106.00112 1.716 -4.526 3.464 AX33P215
4582.262 22.0 2.479 -3.1 "" ""
4582.27 40.0 1.832 -0.24 "" ""
4582.272 41.0 0.739 -1.22 "" ""
4582.282 26.0 4.604 -2.81 "" ""
4582.29 26.0 4.577 -3.64 "" ""
4582.338 42.0 3.904 -0.72 "" ""
4582.358 70.0 2.229 -0.41 "" ""
4582.386 24.1 6.479 -2.84 "" ""
4582.39 64.1 1.25 -0.61 LAWLER ""
4582.406 58.1 0.808 -0.95 LAWLER ""
4582.422 24.0 4.102 -0.96 "" ""
4582.453 27.0 4.11 -4.12 "" ""
4582.476 27.0 4.146 -2.88 "" ""
4582.486 607.01214 3.293 -1.544 7.724 1214Pb0145
4582.491 42.0 2.621 -1.83 "" ""
4582.499 58.1 0.696 -0.35 LAWLER ""
4582.518 106.00113 0.908 -2.2 3.464 BX12Q115
4582.519 24.0 3.432 -2.78 "" ""
4582.531 607.01214 3.293 -4.185 7.724 1214Qc0145
4582.56 64.1 1.059 -0.58 LAWLER ""
4582.577 106.00113 0.908 -5.382 3.464 BX12R115
4582.605 607.01214 3.293 -1.514 7.724 1214Pa0155
4582.632 106.00113 0.908 -5.416 3.464 BX12P125
4582.688 106.00112 2.111 -2.206 3.464 AX55R205
4582.69 106.00113 0.908 -2.173 3.464 BX12Q125
4582.709 607.01314 0.494 -3.463 7.724 0002Pa0025
4582.709 607.01314 0.494 -3.719 7.724 0002Pb0015
4582.709 607.01314 0.494 -4.419 7.724 0002Qc0015
4582.713 106.00112 2.111 -2.105 3.464 AX55R195
4582.787 106.00112 2.111 -4.204 3.464 AX55Q205
4582.794 607.01314 0.769 -5.676 7.724 0002Qc0345
4582.827 106.00113 1.689 -4.416 3.464 AX55P095
4582.835 26.1 2.844 -3.18 MELBAR ""
4582.847 607.01314 0.769 -2.261 7.724 0002Pa0355
4582.881 607.01214 1.107 -5.84 7.724 0002Qc0505
4582.908 607.01314 0.769 -2.275 7.724 0002Pb0345
4582.918 22.0 3.348 -2.14 "" ""
4582.943 26.0 2.843 -4.07 "" ""
4582.957 607.01214 1.107 -2.089 7.724 0002Pa0515
4582.974 20.0 5.014 -7.46 "" ""
4583.04 15.0 7.17 -2.5 "" ""
4583.044 607.01214 1.107 -2.099 7.724 0002Pb0505
4583.081 64.0 0.927 0.25 "" ""
4583.086 58.0 0.0 -1.07 "" ""
4583.128 26.0 4.368 -4.02 "" ""
4583.157 73.0 1.146 -2.17 "" ""
4583.16 106.00113 1.935 -4.681 3.464 AX11P315
4583.175 607.01214 0.545 -2.706 7.724 0002Ra0135
4583.207 607.01214 0.545 -2.737 7.724 0002Rb0125
4583.227 607.01214 0.545 -5.305 7.724 0002Qd0135
4583.307 106.00113 1.193 -6.087 3.464 AX12R185
4583.319 27.0 3.927 -2.8 "" ""
4583.326 607.01214 3.299 -4.213 7.724 1214Qc0155
4583.343 607.01214 3.299 -1.514 7.724 1214Pb0155
4583.373 607.01314 0.495 -4.61 7.724 0002Qc0025
4583.381 607.01314 0.495 -3.307 7.724 0002Pa0035
4583.381 607.01314 0.495 -3.463 7.724 0002Pb0025
4583.409 22.1 1.164 -2.84 LAWLER ""
4583.43 106.00112 1.197 -6.087 3.464 AX12R185
4583.436 607.01214 3.299 -1.487 7.724 1214Pa0165
4583.455 607.01314 0.754 -5.665 7.724 0002Qc0335
4583.504 607.01314 0.754 -2.275 7.724 0002Pa0345
4583.537 106.00113 1.69 -4.445 3.464 AX55P095
4583.564 607.01314 0.754 -2.289 7.724 0002Pb0335
4583.619 21.0 4.193 -3.13 "" ""
4583.68 25.0 4.682 -3.41 "" ""
4583.716 21.0 2.318 -3.91 "" ""
4583.72 26.0 3.109 -2.63 "" ""
4583.779 23.0 1.944 -0.99 "" ""
4583.829 26.1 2.807 -1.94 LAWLER ""
4583.867 20.0 5.877 -1.17 "" ""
4583.898 24.0 3.011 -1.6 "" ""
4583.905 22.1 3.938 -5.0 "" ""
4583.948 68.1 1.56 -2.36 LAWLER ""
4583.995 607.01314 0.497 -4.741 7.724 0002Qc0035
4583.999 26.1 2.702 -4.22 "" ""
4584.005 607.01314 0.497 -3.194 7.724 0002Pa0045
4584.005 607.01314 0.497 -3.307 7.724 0002Pb0035
4584.03 607.01214 3.306 -1.487 7.724 1214Pb0165
4584.033 60.1 0.204 -1.88 "" ""
4584.074 607.01314 0.739 -5.652 7.724 0002Qc0325
4584.085 24.0 3.119 -1.14 "" ""
4584.122 607.01314 0.739 -2.289 7.724 0002Pa0335
4584.133 607.01214 3.306 -4.24 7.724 1214Qc0165
4584.15 26.0 4.603 -3.75 "" ""
4584.176 607.01214 3.306 -1.461 7.724 1214Pa0175
4584.184 607.01314 0.739 -2.303 7.724 0002Pb0325
4584.212 23.0 2.706 -3.39 "" ""
4584.227 106.00112 1.798 -4.638 3.464 AX22P265
4584.233 40.0 1.481 -0.69 "" ""
4584.253 106.00113 1.593 -9.1 3.464 CX15P055
4584.27 64.0 0.985 -0.38 "" ""
4584.278 607.01214 1.084 -5.832 7.724 0002Qc0495
4584.293 106.00112 1.943 -4.681 3.464 AX11P315
4584.304 23.0 2.503 -3.49 "" ""
4584.306 24.0 3.085 -4.5 "" ""
4584.353 607.01214 1.084 -2.1 7.724 0002Pa0505
4584.367 90.1 1.545 -1.47 "" ""
4584.38 112.00124 0.459 -6.158 1.340 31P220b24
4584.402 26.0 3.684 -4.43 "" ""
4584.44 607.01214 1.084 -2.11 7.724 0002Pb0495
4584.443 44.0 1.002 -0.42 "" ""
4584.557 607.01214 0.539 -2.737 7.724 0002Ra0125
4584.577 607.01314 0.499 -4.84 7.724 0002Qc0045
4584.586 607.01214 0.539 -2.77 7.724 0002Rb0115
4584.588 607.01314 0.499 -3.104 7.724 0002Pa0055
4584.588 607.01314 0.499 -3.194 7.724 0002Pb0045
4584.597 26.0 4.545 -0.43 "" ""
4584.605 607.01214 0.539 -5.273 7.724 0002Qd0125
4584.652 607.01314 0.724 -5.64 7.724 0002Qc0315
4584.663 106.00112 1.395 -11.548 3.464 CX04R085
4584.699 607.01314 0.725 -2.303 7.724 0002Pa0325
4584.716 26.0 3.6 -1.89 "" ""
4584.743 106.00112 1.395 -7.803 3.464 CX04Q085
4584.752 24.0 3.011 -1.93 "" ""
4584.76 607.01314 0.724 -2.318 7.724 0002Pb0315
4584.819 26.0 3.6 -2.77 "" ""
4584.83 62.1 0.434 -0.65 LAWLER ""
4584.834 607.01214 3.314 -1.461 7.724 1214Pb0175
4584.851 92.1 0.217 -2.15 "" ""
4584.904 106.00112 1.395 -7.699 3.464 CX04Q095
4584.915 22.0 3.303 -3.87 "" ""
4584.929 25.0 4.824 -1.01 "" ""
4584.934 24.0 3.373 -1.21 "" ""
4584.953 607.01214 3.314 -4.265 7.724 1214Qc0175
4584.978 106.00112 2.112 -2.206 3.464 AX55R205
4584.983 106.00112 1.395 -10.343 3.464 CX04P095
4584.999 607.01214 3.314 -1.436 7.724 1214Pa0185
4585.019 21.0 1.849 -2.08 "" ""
4585.033 106.00112 1.581 -8.954 3.464 CX15P045
4585.074 24.0 3.446 -1.03 "" ""
4585.077 106.00112 2.112 -4.171 3.464 AX55Q205
4585.103 106.00112 2.112 -2.105 3.464 AX55R195
4585.117 607.01314 0.502 -4.921 7.724 0002Qc0055
4585.129 607.01314 0.502 -3.03 7.724 0002Pa0065
4585.129 607.01314 0.502 -3.105 7.724 0002Pb0055
4585.188 607.01314 0.71 -5.627 7.724 0002Qc0305
4585.233 607.01314 0.711 -2.318 7.724 0002Pa0315
4585.243 20.0 4.44 -1.59 "" ""
4585.295 607.01314 0.71 -2.333 7.724 0002Pb0305
4585.303 106.00112 1.718 -4.587 3.464 AX33P215
4585.339 26.0 4.604 -0.87 "" ""
4585.345 24.1 6.573 -4.71 "" ""
4585.353 106.00113 1.97 -3.892 3.464 AX44Q215
4585.353 106.00113 2.003 -4.061 3.464 AX55R175
4585.393 106.00113 2.003 -1.636 3.464 AX55Q175
4585.42 106.00113 1.97 -1.683 3.464 AX44P225
4585.425 106.00113 2.003 -1.665 3.464 AX55Q185
4585.448 106.00113 1.194 -6.033 3.464 AX12R185
4585.454 106.00113 1.97 -1.675 3.464 AX44P215
4585.459 106.00112 1.042 -2.5 3.464 BX12R145
4585.461 24.0 4.851 -3.32 "" ""
4585.465 106.00113 2.003 -3.97 3.464 AX55P185
4585.476 27.0 4.146 -3.4 "" ""
4585.591 26.0 3.015 -4.1 "" ""
4585.606 106.00112 1.042 -6.833 3.464 BX12Q155
4585.617 607.01314 0.505 -4.988 7.724 0002Qc0065
4585.623 106.00112 1.199 -6.032 3.464 AX12R185
4585.629 607.01314 0.505 -2.967 7.724 0002Pa0075
4585.634 607.01214 1.061 -5.825 7.724 0002Qc0485
4585.638 607.01314 0.505 -3.03 7.724 0002Pb0065
4585.65 607.01214 3.321 -1.436 7.724 1214Pb0185
4585.681 106.00112 1.042 -2.524 3.464 BX12R155
4585.683 607.01314 0.697 -5.613 7.724 0002Qc0295
4585.695 106.00112 0.912 -2.199 3.464 BX12Q115
4585.707 607.01214 1.061 -2.11 7.724 0002Pa0495
4585.709 24.0 3.446 -2.88 "" ""
4585.728 607.01314 0.697 -2.333 7.724 0002Pa0305
4585.75 22.0 3.102 0.04 "" ""
4585.752 106.00112 0.912 -5.382 3.464 BX12R115
4585.781 607.01314 0.697 -2.349 7.724 0002Pb0295
4585.786 607.01214 3.321 -4.288 7.724 1214Qc0185
4585.792 607.01214 1.061 -2.121 7.724 0002Pb0485
4585.812 106.00112 0.912 -5.415 3.464 BX12P125
4585.835 607.01214 3.321 -1.413 7.724 1214Pa0195
4585.85 60.1 0.744 -1.84 LAWLER ""
4585.866 20.0 2.526 -0.34 LAWLER ""
4585.868 106.00112 0.912 -2.172 3.464 BX12Q125
4585.873 24.0 3.008 -1.79 "" ""
4585.895 106.00112 1.601 -3.46 3.464 AX01R285
4585.896 607.01214 0.533 -2.77 7.724 0002Ra0115
4585.924 607.01214 0.533 -2.806 7.724 0002Rb0105
4585.934 38.1 6.945 -2.39 "" ""
4585.941 607.01214 0.533 -5.239 7.724 0002Qd0115
4585.964 20.0 2.526 -1.4 LAWLER ""
4585.965 106.00113 0.804 -2.561 3.464 BX12P085
4585.966 23.0 1.349 -1.86 "" ""
4585.971 28.0 4.085 -1.8 "" ""
4585.997 24.1 3.734 -5.61 "" ""
4586.005 106.00113 0.804 -7.16 3.464 BX12Q085
4586.02 27.0 4.107 -1.98 "" ""
4586.022 106.00112 1.601 -3.391 3.464 AX01R275
4586.031 20.0 5.927 -3.64 "" ""
4586.036 20.0 2.526 -2.95 LAWLER ""
4586.057 42.0 3.209 -1.14 "" ""
4586.075 607.01314 0.508 -5.047 7.724 0002Qc0075
4586.089 607.01314 0.508 -2.911 7.724 0002Pa0085
4586.093 106.00112 1.601 -5.567 3.464 AX01Q285
4586.099 607.01314 0.508 -2.967 7.724 0002Pb0075
4586.135 24.0 3.11 -1.12 "" ""
4586.137 607.01314 0.684 -5.599 7.724 0002Qc0285
4586.173 607.01314 0.684 -2.349 7.724 0002Pa0295
4586.189 106.00113 1.363 -7.922 3.464 CX04Q075
4586.211 106.00113 1.364 -10.364 3.464 CX04P085
4586.223 26.0 3.015 -6.02 "" ""
4586.227 23.0 2.576 -6.03 "" ""
4586.231 26.0 4.368 -2.38 "" ""
4586.233 607.01314 0.684 -2.365 7.724 0002Pb0285
4586.24 72.1 1.869 -1.98 LAWLER ""
4586.248 25.0 4.657 -2.44 "" ""
4586.274 106.00113 0.804 -2.528 3.464 BX12P095
4586.29 106.00113 1.593 -3.46 3.464 AX01R285
4586.309 20.0 5.878 -3.25 "" ""
4586.342 23.0051 0.04 -1.463 LAWLER ""
4586.353 23.0051 0.04 -1.568 LAWLER ""
4586.363 23.0051 0.04 -1.684 LAWLER ""
4586.365 23.0051 0.04 -2.471 LAWLER ""
4586.371 23.0051 0.04 -1.813 LAWLER ""
4586.373 23.0051 0.04 -2.26 LAWLER ""
4586.378 106.00113 2.02 -4.61 3.464 AX11P325
4586.378 23.0051 0.04 -1.959 LAWLER ""
4586.38 23.0051 0.04 -2.187 LAWLER ""
4586.385 23.0051 0.04 -2.129 LAWLER ""
4586.385 23.0051 0.04 -2.181 LAWLER ""
4586.385 23.0051 0.04 -3.773 LAWLER ""
4586.39 23.0051 0.04 -2.228 LAWLER ""
4586.39 23.0051 0.04 -2.333 LAWLER ""
4586.39 23.0051 0.04 -3.375 LAWLER ""
4586.393 23.0051 0.04 -2.333 LAWLER ""
4586.394 23.0051 0.04 -2.596 LAWLER ""
4586.394 23.0051 0.04 -3.17 LAWLER ""
4586.395 23.0051 0.04 -2.529 LAWLER ""
4586.397 23.0051 0.04 -3.073 LAWLER ""
4586.398 23.0051 0.04 -3.073 LAWLER ""
4586.399 23.0051 0.04 -3.228 LAWLER ""
4586.428 106.00113 1.593 -3.391 3.464 AX01R275
4586.432 106.00113 1.363 -11.528 3.464 CX04R075
4586.435 23.0 1.375 -6.35 "" ""
4586.454 106.00113 1.364 -7.805 3.464 CX04Q085
4586.465 106.00113 1.593 -5.567 3.464 AX01Q285
4586.479 607.01214 3.329 -1.413 7.724 1214Pb0195
4586.492 607.01314 0.512 -5.098 7.724 0002Qc0085
4586.51 607.01314 0.512 -2.862 7.724 0002Pa0095
4586.52 607.01314 0.512 -2.911 7.724 0002Pb0085
4586.546 23.0 2.503 -3.02 "" ""
4586.549 607.01314 0.671 -5.584 7.724 0002Qc0275
4586.559 22.1 5.055 -1.82 "" ""
4586.575 42.0 2.756 -1.66 "" ""
4586.588 607.01314 0.671 -2.365 7.724 0002Pa0285
4586.595 112.00124 0.349 -6.19 1.340 20P222b24
4586.601 106.00112 1.291 -9.349 3.464 CX04R035
4586.62 60.0 0.456 0.22 "" ""
4586.635 607.01214 3.329 -4.31 7.724 1214Qc0195
4586.641 607.01314 0.671 -2.382 7.724 0002Pb0275
4586.666 27.0 4.107 -2.38 "" ""
4586.686 607.01214 3.329 -1.391 7.724 1214Pa0205
4586.715 25.0 4.422 -3.43 "" ""
4586.787 24.0 3.963 -4.43 "" ""
4586.789 42.0 3.3 -1.18 "" ""
4586.83 27.1 3.457 -3.85 "" ""
4586.835 74.0 1.18 -1.9 "" ""
4586.868 607.01314 0.517 -5.144 7.724 0002Qc0095
4586.88 607.01314 0.517 -2.818 7.724 0002Pa0105
4586.897 607.01314 0.517 -2.862 7.724 0002Pb0095
4586.918 22.0 2.425 -2.08 "" ""
4586.92 607.01314 0.659 -5.569 7.724 0002Qc0265
4586.938 27.0 0.513 -3.76 "" ""
4586.946 607.01214 1.039 -5.817 7.724 0002Qc0475
4586.953 29.0 5.098 -0.31 "" ""
4586.959 607.01314 0.659 -2.382 7.724 0002Pa0275
4586.983 24.0 3.009 -2.14 "" ""
4586.991 26.0 2.988 -3.51 "" ""
4586.994 64.0 1.494 0.4 "" ""
4587.01 607.01314 0.659 -2.399 7.724 0002Pb0265
4587.018 607.01214 1.039 -2.121 7.724 0002Pa0485
4587.077 106.00112 1.291 -9.217 3.464 CX04R045
4587.092 106.00113 2.05 -11.781 3.464 CX15P185
4587.094 23.0 1.871 -3.6 "" ""
4587.098 44.0 1.46 -1.78 "" ""
4587.102 607.01214 1.039 -2.131 7.724 0002Pb0475
4587.124 106.00112 1.291 -11.334 3.464 CX04Q045
4587.128 26.0 3.571 -1.78 "" ""
4587.194 607.01214 0.528 -2.806 7.724 0002Ra0105
4587.203 607.01314 0.522 -5.185 7.724 0002Qc0105
4587.216 106.00112 1.705 -11.897 3.464 CX04Q165
4587.218 106.00112 2.048 -4.939 3.464 AX50R365
4587.219 607.01314 0.522 -2.777 7.724 0002Pa0115
4587.22 607.01214 0.528 -2.846 7.724 0002Rb0095
4587.23 106.00112 1.705 -7.072 3.464 CX04P175
4587.235 607.01214 0.528 -5.201 7.724 0002Qd0105
4587.237 607.01314 0.522 -2.818 7.724 0002Pb0105
4587.249 607.01314 0.647 -5.553 7.724 0002Qc0255
4587.264 24.1 6.482 -1.65 "" ""
4587.28 106.00113 1.531 -6.409 3.464 AX23R195
4587.288 607.01314 0.647 -2.399 7.724 0002Pa0265
4587.305 106.00113 2.004 -1.666 3.464 AX55Q185
4587.323 607.01214 3.338 -1.391 7.724 1214Pb0205
4587.331 106.00113 2.004 -4.083 3.464 AX55R175
4587.336 607.01314 0.647 -2.417 7.724 0002Pb0255
4587.343 106.00112 1.705 -7.08 3.464 CX04P165
4587.348 106.00113 2.004 -3.95 3.464 AX55P185
4587.36 106.00112 2.048 -5.347 3.464 AX50R355
4587.374 106.00113 2.004 -1.636 3.464 AX55Q175
4587.392 23.0 1.941 -2.77 "" ""
4587.403 42.0 3.3 -1.61 "" ""
