wavelength species excitation loggf disassociation_energy comment
4402.279 106.00112 1.577 -3.764 3.464 AX00Q305
4402.283 68.1 0.886 -3.26 LAWLER ""
4402.317 106.00113 1.276 -3.032 3.464 AX44P035
4402.343 106.00112 1.577 -1.237 3.464 AX00P315
4402.344 106.00113 1.31 -3.765 3.464 AX00Q275
4402.369 26.0 4.555 -2.13 "" ""
4402.377 106.00113 1.276 -3.029 3.464 AX44P035
4402.395 106.00113 1.147 -1.391 3.464 AX11P225
4402.424 106.00113 1.147 -3.683 3.464 AX11Q215
4402.431 92.1 1.054 -1.16 "" ""
4402.462 60.0 0.293 -0.52 "" ""
4402.468 106.00112 1.577 -1.244 3.464 AX00P305
4402.481 24.0 3.11 -4.52 "" ""
4402.481 42.0 3.357 -0.8 "" ""
4402.496 106.00113 1.31 -1.273 3.464 AX00P275
4402.5 73.0 1.146 -1.13 "" ""
4402.509 42.0 3.441 -1.61 "" ""
4402.522 106.00113 1.276 -2.015 3.464 AX44Q035
4402.53 106.00113 1.147 -1.406 3.464 AX11P215
4402.535 56.0 1.566 0.01 "" ""
4402.55 20.0 4.765 -2.87 "" ""
4402.558 23.1 6.253 -1.57 "" ""
4402.574 106.00113 1.135 -1.875 3.464 AX33P095
4402.581 27.1 5.065 -3.23 "" ""
4402.582 106.00113 1.276 -2.016 3.464 AX44Q035
4402.598 106.00113 1.135 -3.403 3.464 AX33Q095
4402.601 57.0 1.12 -0.34 "" ""
4402.602 75.0 1.866 -1.35 "" ""
4402.607 106.00113 1.214 -3.666 3.464 AX11Q225
4402.609 106.00113 1.77 -3.76 3.464 AX33R225
4402.659 106.00113 1.77 -1.176 3.464 AX33Q235
4402.668 27.0 3.512 -0.65 "" ""
4402.67 106.00113 1.214 -1.375 3.464 AX11P235
4402.72 106.00113 1.214 -1.389 3.464 AX11P225
4402.746 76.0 3.51 0.32 "" ""
4402.752 106.00113 1.288 -1.991 3.464 AX44Q035
4402.77 106.00112 0.459 -2.941 3.464 BX01P075
4402.804 106.00113 1.135 -1.832 3.464 AX33P105
4402.81 106.00112 0.459 -9.836 3.464 BX01Q075
4402.815 106.00112 2.039 -2.087 3.464 AX54P235
4402.828 106.00113 1.77 -1.178 3.464 AX33Q225
4402.845 106.00112 1.317 -1.263 3.464 AX00P285
4402.86 106.00112 2.039 -4.288 3.464 AX54Q225
4402.877 26.1 6.133 -2.72 "" ""
4402.878 106.00113 1.77 -3.771 3.464 AX33P235
4402.883 106.00113 1.288 -1.99 3.464 AX44Q035
4402.898 42.0 3.031 -0.71 "" ""
4402.9 106.00113 1.288 -2.987 3.464 AX44R035
4402.926 106.00112 1.317 -3.764 3.464 AX00Q275
4402.927 90.0 0.355 -1.46 "" ""
4402.959 106.00112 2.039 -2.125 3.464 AX54P225
4402.963 40.0 0.52 -1.65 "" ""
4403.016 106.00113 2.05 -11.492 3.464 CX15P195
4403.031 106.00113 1.288 -2.993 3.464 AX44R035
4403.037 106.00113 1.659 -3.779 3.464 AX00Q315
4403.04 62.1 0.184 -1.69 LAWLER ""
4403.049 106.00112 1.152 -1.391 3.464 AX11P225
4403.067 106.00113 1.659 -1.231 3.464 AX00P325
4403.086 106.00112 1.152 -3.683 3.464 AX11Q215
4403.091 21.0 5.025 -2.74 "" ""
4403.097 106.00112 1.317 -1.272 3.464 AX00P275
4403.106 106.00112 0.459 -2.894 3.464 BX01P085
4403.13 62.0 0.282 0.13 "" ""
4403.133 64.0 0.985 0.47 "" ""
4403.135 26.0 4.581 -2.36 "" ""
4403.149 106.00112 1.27 -2.645 3.464 AX44Q015
4403.173 68.1 2.211 -0.61 LAWLER ""
4403.175 26.0 4.545 -1.94 "" ""
4403.187 106.00112 1.27 -2.643 3.464 AX44Q015
4403.197 106.00112 1.152 -1.406 3.464 AX11P215
4403.198 25.0 3.769 -3.19 "" ""
4403.206 106.00113 1.659 -1.237 3.464 AX00P315
4403.252 106.00113 1.288 -3.103 3.464 AX44P045
4403.254 25.0 2.886 -4.13 "" ""
4403.257 106.00112 1.22 -3.665 3.464 AX11Q225
4403.304 58.1 1.405 -0.53 "" ""
4403.311 106.00113 1.136 -1.874 3.464 AX33P095
4403.324 106.00113 1.136 -3.421 3.464 AX33Q095
4403.338 106.00112 1.22 -1.375 3.464 AX11P235
4403.338 40.1 1.184 -1.18 Ljung06 ""
4403.342 26.0 4.581 -1.47 "" ""
4403.353 20.0 5.957 -3.93 "" ""
4403.36 106.00113 1.288 -3.099 3.464 AX44P045
4403.37 24.0 3.008 -1.37 "" ""
4403.37 62.1 0.188 -1.06 LAWLER ""
4403.374 106.00112 1.22 -1.389 3.464 AX11P225
4403.401 106.00113 1.288 -1.872 3.464 AX44Q045
4403.408 26.0 4.214 -3.18 "" ""
4403.415 106.00112 1.139 -1.875 3.464 AX33P095
4403.423 106.00113 1.138 -3.57 3.464 AX22Q165
4403.436 106.00112 1.139 -3.403 3.464 AX33Q095
4403.442 106.00112 1.27 -2.71 3.464 AX44R015
4403.479 106.00113 1.136 -1.832 3.464 AX33P105
4403.48 106.00112 1.27 -2.714 3.464 AX44R015
4403.488 24.0 3.977 -4.31 "" ""
4403.498 106.00113 1.138 -1.56 3.464 AX22P165
4403.504 59.1141 0.629 -1.115 LI/LAW ""
4403.508 106.00113 1.288 -1.873 3.464 AX44Q045
4403.512 25.1 6.568 -1.8 "" ""
4403.514 106.00113 2.05 -6.626 3.464 CX15Q185
4403.533 106.00113 1.138 -1.537 3.464 AX22P175
4403.542 59.1141 0.629 -2.639 LI/LAW ""
4403.552 59.1141 0.629 -1.171 LI/LAW ""
4403.577 59.1141 0.629 -4.515 LI/LAW ""
4403.587 59.1141 0.629 -2.44 LI/LAW ""
4403.596 59.1141 0.629 -1.228 LI/LAW ""
4403.608 106.00113 2.05 -6.705 3.464 CX15Q195
4403.618 59.1141 0.629 -4.211 LI/LAW ""
4403.627 59.1141 0.629 -2.392 LI/LAW ""
4403.635 59.1141 0.629 -1.287 LI/LAW ""
4403.647 106.00112 1.139 -1.832 3.464 AX33P105
4403.651 106.00113 1.395 -1.254 3.464 AX00P295
4403.654 59.1141 0.629 -4.157 LI/LAW ""
4403.662 20.0 5.295 -4.91 "" ""
4403.662 59.1141 0.629 -2.443 LI/LAW ""
4403.668 23.0 1.866 -0.67 LAWNOHFS ""
4403.669 59.1141 0.629 -1.345 LI/LAW ""
4403.686 59.1141 0.629 -4.349 LI/LAW ""
4403.692 24.0 3.977 -3.9 "" ""
4403.693 59.1141 0.629 -2.642 LI/LAW ""
4403.699 59.1141 0.629 -1.403 LI/LAW ""
4403.706 106.00113 2.028 -1.218 3.464 AX00P365
4403.757 106.00113 1.395 -3.78 3.464 AX00Q285
4403.783 106.00112 1.668 -3.779 3.464 AX00Q315
4403.789 77.0 1.514 -1.95 "" ""
4403.793 27.0 3.663 -2.16 "" ""
4403.814 24.0 4.398 -2.98 "" ""
4403.847 106.00112 1.668 -1.231 3.464 AX00P325
4403.914 106.00113 1.395 -1.262 3.464 AX00P285
4403.945 74.0 2.107 -0.89 "" ""
4403.966 26.0 4.151 -2.11 "" ""
4403.979 106.00112 1.668 -1.237 3.464 AX00P315
4403.994 20.0 5.296 -4.68 "" ""
4404.028 24.0 3.887 -3.82 "" ""
4404.041 106.00112 1.853 -7.183 3.464 AX01R315
4404.058 106.00113 1.302 -1.861 3.464 AX44Q045
4404.082 20.0 4.776 -3.61 "" ""
4404.082 26.0 3.926 -2.46 "" ""
4404.106 106.00113 2.05 -9.938 3.464 CX15R185
4404.135 106.00112 1.271 -2.991 3.464 AX44P025
4404.142 106.00112 1.139 -1.874 3.464 AX33P095
4404.156 106.00112 1.279 -2.193 3.464 AX44Q025
4404.16 106.00112 1.271 -2.989 3.464 AX44P025
4404.163 106.00112 1.139 -3.421 3.464 AX33Q095
4404.169 106.00113 1.302 -3.08 3.464 AX44R045
4404.17 20.0 6.013 -1.89 "" ""
4404.172 106.00112 1.143 -3.569 3.464 AX22Q165
4404.177 26.0 2.69 -6.31 "" ""
4404.216 76.0 1.886 -1.6 "" ""
4404.218 21.0 2.507 -1.07 "" ""
4404.232 106.00112 1.143 -1.559 3.464 AX22P165
4404.235 106.00112 1.279 -2.192 3.464 AX44Q025
4404.255 106.00113 1.303 -1.861 3.464 AX44Q045
4404.255 27.0 2.54 -4.37 "" ""
4404.27 22.0 2.248 0.04 LAWLER ""
4404.281 106.00112 1.403 -1.254 3.464 AX00P295
4404.288 106.00112 1.143 -1.537 3.464 AX22P175
4404.289 22.0 2.248 -0.56 "" ""
4404.315 106.00112 1.139 -1.832 3.464 AX33P105
4404.352 106.00112 1.279 -2.87 3.464 AX44R025
4404.365 106.00113 1.303 -3.087 3.464 AX44R045
4404.366 106.00112 1.403 -3.78 3.464 AX00Q285
4404.389 22.0 1.052 -1.4 LAWLER ""
4404.428 106.00112 1.271 -2.267 3.464 AX44Q025
4404.431 106.00112 1.279 -2.875 3.464 AX44R025
4404.453 106.00112 1.271 -2.267 3.464 AX44Q025
4404.461 106.00113 1.303 -3.172 3.464 AX44P055
4404.507 22.0 2.776 -3.54 "" ""
4404.53 26.0 4.581 -2.13 "" ""
4404.543 42.0 2.075 -2.0 "" ""
4404.544 106.00112 1.403 -1.262 3.464 AX00P285
4404.571 106.00113 1.303 -1.772 3.464 AX44Q055
4404.628 106.00113 1.303 -3.166 3.464 AX44P055
4404.639 106.00113 1.751 -3.793 3.464 AX00Q325
4404.643 106.00113 1.031 -4.2 3.464 AX33P055
4404.666 106.00113 1.751 -1.225 3.464 AX00P335
4404.666 23.1 1.816 -2.17 "" ""
4404.73 40.1 1.827 -1.68 Ljung06 ""
4404.739 106.00113 1.303 -1.772 3.464 AX44Q055
4404.75 26.0 1.556 -0.15 OBR91 ""
4404.811 106.00113 1.751 -1.23 3.464 AX00P325
4404.814 44.0 2.112 -1.14 "" ""
4404.823 106.00112 1.279 -3.032 3.464 AX44P035
4404.849 26.0 4.581 -1.41 "" ""
4404.884 106.00112 1.279 -3.029 3.464 AX44P035
4404.896 22.0 1.878 -0.67 LAWLER ""
4404.917 24.0 3.09 -7.59 "" ""
4404.925 106.00113 1.031 -4.218 3.464 AX33P055
4404.93 27.0 2.628 -2.86 "" ""
4405.002 23.0 1.852 -0.92 "" ""
4405.012 23.0 0.275 -2.4 "" ""
4405.019 26.0 0.052 -5.22 OBR91 ""
4405.02 106.00112 1.279 -2.015 3.464 AX44Q035
4405.028 42.0 2.521 -2.16 "" ""
4405.062 25.1 7.376 -4.94 "" ""
4405.08 106.00112 1.279 -2.015 3.464 AX44Q035
4405.082 21.0 2.138 -2.56 "" ""
4405.097 106.00113 1.482 -1.245 3.464 AX00P305
4405.144 106.00113 0.732 -2.286 3.464 BX01Q145
4405.152 106.00113 0.52 -4.261 3.464 AX11P095
4405.192 56.1 6.196 -1.64 "" ""
4405.198 26.0 4.648 -3.32 "" ""
4405.206 106.00113 0.732 -5.71 3.464 BX01P155
4405.209 106.00113 1.482 -3.796 3.464 AX00Q295
4405.21 20.0 5.817 -2.48 "" ""
4405.223 106.00113 0.732 -5.555 3.464 BX01R145
4405.27 63.1 2.089 -1.54 "" ""
4405.276 106.00113 0.732 -2.236 3.464 BX01Q155
4405.277 106.00112 1.291 -1.991 3.464 AX44Q035
4405.287 24.0 2.706 -3.88 "" ""
4405.293 58.1 0.634 -1.47 LAWLER ""
4405.325 106.00113 1.14 -3.598 3.464 AX22Q165
4405.333 106.00113 1.14 -1.538 3.464 AX22P175
4405.37 106.00113 1.482 -1.253 3.464 AX00P295
4405.391 106.00113 1.14 -1.56 3.464 AX22P165
4405.402 26.0 3.926 -3.13 "" ""
4405.41 106.00112 1.291 -1.99 3.464 AX44Q035
4405.418 106.00112 1.291 -2.986 3.464 AX44R035
4405.435 106.00112 1.034 -4.2 3.464 AX33P055
4405.468 58.1 0.634 -1.04 LAWLER ""
4405.479 106.00112 1.761 -3.793 3.464 AX00Q325
4405.49 22.0 2.776 -4.24 "" ""
4405.544 106.00112 1.761 -1.225 3.464 AX00P335
4405.551 106.00112 1.291 -2.992 3.464 AX44R035
4405.623 106.00113 1.32 -1.766 3.464 AX44Q055
4405.639 106.00113 2.03 -3.838 3.464 AX00Q355
4405.64 62.1 0.434 -1.85 LAWLER ""
4405.668 106.00112 1.861 -1.656 3.464 AX44R205
4405.671 106.00112 1.78 -3.76 3.464 AX33R225
4405.681 106.00112 1.761 -1.23 3.464 AX00P325
4405.682 22.0 1.052 -1.92 LAWLER ""
4405.683 106.00112 1.86 -1.639 3.464 AX44R195
4405.701 59.1141 0.55 -2.309 LI/LAW ""
4405.706 106.00113 1.32 -3.157 3.464 AX44R055
4405.724 106.00112 1.034 -4.218 3.464 AX33P055
4405.726 59.1141 0.55 -1.013 LI/LAW ""
4405.727 59.1141 0.55 -2.109 LI/LAW ""
4405.728 25.0 3.768 -3.26 "" ""
4405.744 106.00113 1.845 -7.182 3.464 AX01R315
4405.747 106.00112 1.78 -1.176 3.464 AX33Q235
4405.756 59.1141 0.55 -0.973 LI/LAW ""
4405.757 59.1141 0.55 -2.058 LI/LAW ""
4405.761 23.0 2.706 -2.68 "" ""
4405.766 106.00112 1.49 -1.245 3.464 AX00P305
4405.767 106.00112 1.861 -3.81 3.464 AX44Q205
4405.767 23.0 2.579 -3.13 "" ""
4405.781 59.1141 0.55 -2.309 LI/LAW ""
4405.784 106.00112 1.291 -3.103 3.464 AX44P045
4405.79 59.1141 0.55 -0.923 LI/LAW ""
4405.791 106.00112 1.78 -1.177 3.464 AX33Q225
4405.792 59.1141 0.55 -2.106 LI/LAW ""
4405.794 106.00112 0.522 -4.261 3.464 AX11P095
4405.801 106.00113 1.216 -1.376 3.464 AX11P235
4405.818 24.0 3.09 -2.99 "" ""
4405.819 59.1141 0.55 -2.109 LI/LAW ""
4405.829 59.1141 0.55 -0.865 LI/LAW ""
4405.832 59.1141 0.55 -2.306 LI/LAW ""
4405.837 106.00113 1.216 -3.702 3.464 AX11Q225
4405.855 106.00112 1.49 -3.796 3.464 AX00Q295
4405.861 59.1141 0.55 -2.058 LI/LAW ""
4405.867 106.00112 1.78 -3.771 3.464 AX33P235
4405.87 106.00113 1.286 -3.683 3.464 AX11Q235
4405.872 59.1141 0.55 -0.803 LI/LAW ""
4405.876 27.0 3.949 -2.05 "" ""
4405.878 106.00113 1.911 -1.687 3.464 AX44R215
4405.893 106.00112 1.291 -3.098 3.464 AX44P045
4405.896 106.00113 1.32 -1.766 3.464 AX44Q055
4405.909 59.1141 0.55 -2.106 LI/LAW ""
4405.912 106.00113 1.911 -1.66 3.464 AX44R205
4405.92 59.1141 0.55 -0.74 LI/LAW ""
4405.925 106.00112 1.291 -1.872 3.464 AX44Q045
4405.927 106.00113 1.286 -1.362 3.464 AX11P245
4405.93 106.00113 0.521 -4.291 3.464 AX11P095
4405.947 24.0 3.099 -3.33 "" ""
4405.95 106.00113 1.216 -1.389 3.464 AX11P225
4405.955 24.1 6.817 -4.48 "" ""
4405.958 106.00113 1.32 -3.235 3.464 AX44P065
4405.961 59.1141 0.55 -2.306 LI/LAW ""
4405.968 14.0 4.926 -3.91 "" ""
4405.978 106.00113 1.32 -3.166 3.464 AX44R055
4405.979 106.00113 1.911 -3.862 3.464 AX44Q215
4405.989 106.00113 1.286 -1.374 3.464 AX11P235
4406.033 106.00112 1.291 -1.872 3.464 AX44Q045
4406.039 106.00112 1.49 -1.253 3.464 AX00P295
4406.041 106.00113 1.32 -1.695 3.464 AX44Q065
4406.056 24.0 3.099 -3.1 "" ""
4406.072 23.0 1.063 -1.0 "" ""
4406.072 25.0 3.768 -3.56 "" ""
4406.082 25.0 3.769 -3.06 "" ""
4406.084 27.0 3.527 -2.84 "" ""
4406.101 106.00112 1.144 -3.598 3.464 AX22Q165
4406.12 106.00112 1.144 -1.538 3.464 AX22P175
4406.122 26.0 3.926 -2.49 "" ""
4406.161 106.00112 1.144 -1.559 3.464 AX22P165
4406.161 23.0 1.892 -0.51 "" ""
4406.164 24.0 3.119 -4.02 "" ""
4406.169 24.0 3.09 -2.09 "" ""
4406.193 106.00113 0.804 -4.242 3.464 AX22P085
4406.197 106.00113 1.321 -3.228 3.464 AX44P065
4406.231 23.1 1.792 -4.58 "" ""
4406.259 106.00113 1.772 -1.177 3.464 AX33Q235
4406.269 24.0 3.085 -2.51 "" ""
4406.279 106.00113 1.321 -1.695 3.464 AX44Q065
4406.294 106.00113 1.772 -3.746 3.464 AX33P235
4406.324 106.00113 1.772 -3.788 3.464 AX33R225
4406.359 106.00113 1.772 -1.178 3.464 AX33Q225
4406.359 24.0 5.235 -2.31 "" ""
4406.46 75.0 2.02 -1.06 "" ""
4406.464 106.00113 1.845 -3.807 3.464 AX00Q335
4406.473 106.00112 1.222 -1.376 3.464 AX11P235
4406.489 106.00113 1.845 -1.221 3.464 AX00P345
4406.5 26.0 4.217 -2.33 "" ""
4406.52 106.00112 1.222 -3.702 3.464 AX11Q225
4406.532 41.0 0.739 -1.93 "" ""
4406.542 106.00112 1.292 -3.683 3.464 AX11Q235
4406.583 106.00112 0.523 -4.291 3.464 AX11P095
4406.595 23.0051 0.3 -1.89 LAWLER ""
4406.595 23.0051 0.3 -2.086 LAWLER ""
4406.599 23.0051 0.3 -1.865 LAWLER ""
4406.6 23.0051 0.3 -1.876 LAWLER ""
4406.601 23.0051 0.3 -2.086 LAWLER ""
4406.605 23.0051 0.3 -1.762 LAWLER ""
4406.606 23.0051 0.3 -1.738 LAWLER ""
4406.608 23.0051 0.3 -1.865 LAWLER ""
4406.613 23.0051 0.3 -1.719 LAWLER ""
4406.615 23.0051 0.3 -1.571 LAWLER ""
4406.617 23.0051 0.3 -1.762 LAWLER ""
4406.619 106.00112 1.292 -1.361 3.464 AX11P245
4406.619 106.00112 1.306 -1.861 3.464 AX44Q045
4406.621 106.00113 1.572 -1.238 3.464 AX00P315
4406.624 23.0051 0.3 -1.73 LAWLER ""
4406.627 23.0051 0.3 -1.402 LAWLER ""
4406.628 23.0051 0.3 -1.719 LAWLER ""
4406.637 106.00112 1.222 -1.389 3.464 AX11P225
4406.637 23.0051 0.3 -1.807 LAWLER ""
4406.639 106.00113 1.845 -1.225 3.464 AX00P335
4406.64 23.0051 0.3 -1.243 LAWLER ""
4406.642 23.0051 0.3 -1.73 LAWLER ""
4406.645 26.0 4.28 -4.09 "" ""
4406.652 23.0051 0.3 -2.022 LAWLER ""
4406.655 23.0051 0.3 -1.095 LAWLER ""
4406.658 23.0051 0.3 -1.807 LAWLER ""
4406.66 64.1 1.424 -0.05 LAWLER ""
4406.665 106.00112 1.292 -1.374 3.464 AX11P235
4406.673 23.0051 0.3 -0.959 LAWLER ""
4406.676 25.0 3.37 -3.91 "" ""
4406.677 23.0051 0.3 -2.022 LAWLER ""
4406.683 24.0 5.207 -0.3 "" ""
4406.7 24.0 4.183 -3.96 "" ""
4406.703 22.0 3.125 -4.17 "" ""
4406.723 106.00112 1.306 -3.079 3.464 AX44R045
4406.738 106.00113 1.572 -3.811 3.464 AX00Q305
4406.768 26.0 4.603 -2.36 "" ""
4406.782 26.0 3.94 -2.53 "" ""
4406.813 106.00113 0.804 -4.269 3.464 AX22P085
4406.817 14.0 7.059 -4.24 "" ""
4406.818 106.00112 1.306 -1.86 3.464 AX44Q045
4406.828 56.0 1.674 -0.83 "" ""
4406.863 42.0 3.714 -0.68 "" ""
4406.869 22.0 2.406 -1.42 "" ""
4406.899 106.00112 0.806 -4.241 3.464 AX22P085
4406.902 106.00112 1.794 -6.483 3.464 CX15R135
4406.903 106.00113 1.572 -1.244 3.464 AX00P305
4406.922 106.00112 1.306 -3.086 3.464 AX44R045
4406.927 106.00112 1.794 -6.525 3.464 CX15R125
4406.929 24.0 4.201 -2.77 "" ""
4406.939 26.0 4.14 -4.25 "" ""
4406.952 22.0 3.177 -1.65 "" ""
4406.99 26.0 2.557 -4.09 "" ""
4406.995 106.00112 1.794 -10.277 3.464 CX15Q135
4407.006 25.0 2.886 -2.84 "" ""
4407.019 24.0 3.889 -2.96 "" ""
4407.027 106.00112 1.306 -3.171 3.464 AX44P055
4407.068 23.1 1.475 -6.71 "" ""
4407.07 60.1 0.064 -1.48 "" ""
4407.131 106.00112 1.306 -1.771 3.464 AX44Q055
4407.196 106.00112 1.306 -3.166 3.464 AX44P055
4407.234 26.0 3.6 -3.08 "" ""
4407.248 106.00112 0.735 -2.286 3.464 BX01Q145
4407.257 25.0 3.769 -2.71 "" ""
4407.267 25.0 3.769 -3.06 "" ""
4407.272 58.1 0.7 -0.71 LAWLER ""
4407.298 106.00112 0.735 -5.71 3.464 BX01P155
4407.3 106.00112 1.306 -1.772 3.464 AX44Q055
4407.321 106.00112 0.735 -5.555 3.464 BX01R145
4407.325 106.00112 1.491 -11.324 3.464 CX04R125
4407.341 106.00112 1.58 -1.238 3.464 AX00P315
4407.354 20.0 5.96 -4.08 "" ""
4407.372 106.00112 0.735 -2.236 3.464 BX01Q155
4407.417 28.0 4.15 -3.75 "" ""
4407.426 106.00112 1.855 -3.807 3.464 AX00Q335
4407.432 106.00112 1.58 -3.811 3.464 AX00Q305
4407.436 24.0 5.222 -2.13 "" ""
4407.447 21.0 2.144 -3.44 "" ""
4407.478 106.00113 1.341 -1.691 3.464 AX44Q065
4407.486 62.1 0.248 -2.17 "" ""
4407.491 106.00112 1.855 -1.221 3.464 AX00P345
4407.526 106.00112 0.807 -4.269 3.464 AX22P085
4407.531 23.0 1.08 -4.68 "" ""
4407.539 106.00113 1.341 -3.224 3.464 AX44R065
4407.623 106.00112 1.58 -1.244 3.464 AX00P305
4407.633 106.00112 1.855 -1.225 3.464 AX00P335
4407.634 23.0 0.286 -0.07 LAWNOHFS ""
4407.657 26.0 3.015 -2.52 "" ""
4407.673 22.1 1.22 -2.61 LAWLER ""
4407.709 26.0 2.174 -1.97 OBR91 ""
4407.711 24.0 3.009 -2.14 "" ""
4407.763 106.00113 1.341 -3.291 3.464 AX44P075
4407.781 24.0 3.09 -2.41 "" ""
4407.824 106.00113 1.341 -1.632 3.464 AX44Q075
4407.839 106.00113 1.341 -1.691 3.464 AX44Q065
4407.883 23.0 2.364 -1.78 "" ""
4407.884 106.00112 1.862 -1.656 3.464 AX44R205
4407.897 24.0 3.102 -7.45 "" ""
4407.899 106.00113 1.341 -3.234 3.464 AX44R065
4407.937 4.0 5.273 -1.58 "" ""
4407.94 24.0 3.884 -2.65 "" ""
4407.96 20.0 5.987 -5.86 "" ""
4407.972 24.0 3.11 -5.02 "" ""
4407.983 106.00112 1.862 -3.777 3.464 AX44Q205
4407.984 23.0 2.096 -2.99 "" ""
4408.0 106.00113 1.967 -11.043 3.464 CX04P225
4408.003 106.00112 1.862 -1.639 3.464 AX44R195
4408.015 22.0 2.101 -2.89 "" ""
4408.04 66.1 0.59 -2.01 LAWLER ""
4408.085 106.00113 1.341 -3.283 3.464 AX44P075
4408.085 25.0 4.602 -0.92 "" ""
4408.145 23.0 1.868 -0.92 "" ""
4408.146 106.00113 1.341 -1.632 3.464 AX44Q075
4408.175 23.0051 0.275 -1.446 LAWLER ""
4408.176 23.0051 0.275 -1.701 LAWLER ""
4408.177 23.0051 0.275 -1.247 LAWLER ""
4408.179 23.0051 0.275 -3.351 LAWLER ""
4408.181 23.0051 0.275 -1.446 LAWLER ""
4408.182 23.0051 0.275 -1.183 LAWLER ""
4408.185 23.0051 0.275 -2.111 LAWLER ""
4408.187 23.0051 0.275 -1.247 LAWLER ""
4408.189 23.0051 0.275 -1.214 LAWLER ""
4408.192 23.0051 0.275 -1.394 LAWLER ""
4408.194 23.0051 0.275 -1.183 LAWLER ""
4408.195 27.0 4.069 -4.32 "" ""
4408.197 23.0051 0.275 -1.395 LAWLER ""
4408.201 23.0051 0.275 -0.988 LAWLER ""
4408.204 23.0051 0.275 -1.214 LAWLER ""
4408.211 23.0051 0.275 -0.696 LAWLER ""
4408.215 23.0051 0.275 -1.395 LAWLER ""
4408.229 106.00112 1.324 -1.766 3.464 AX44Q055
4408.24 26.0 3.015 -3.99 "" ""
4408.25 64.1 0.556 -0.75 LAWLER ""
4408.252 106.00113 1.168 -1.824 3.464 AX33P105
4408.253 106.00113 1.193 -3.592 3.464 AX22Q175
4408.258 25.0 4.341 -1.54 "" ""
4408.263 106.00113 1.168 -3.438 3.464 AX33Q105
4408.265 106.00113 1.662 -1.231 3.464 AX00P325
4408.283 74.0 3.305 0.7 "" ""
4408.287 106.00113 1.913 -1.687 3.464 AX44R215
4408.304 27.1 3.137 -5.76 "" ""
4408.305 106.00112 1.324 -3.157 3.464 AX44R055
4408.339 106.00113 1.193 -1.535 3.464 AX22P175
4408.343 26.0 4.188 -3.05 "" ""
4408.353 106.00113 1.193 -1.515 3.464 AX22P185
4408.378 106.00113 1.913 -3.827 3.464 AX44Q215
4408.386 106.00113 1.662 -3.826 3.464 AX00Q315
4408.414 26.0 2.196 -1.74 BEL17 ""
4408.415 106.00113 1.913 -1.66 3.464 AX44R205
4408.442 25.0 3.769 -3.59 "" ""
4408.448 106.00113 1.168 -1.786 3.464 AX33P115
4408.46 23.0 2.038 -3.57 "" ""
4408.461 106.00113 0.19 -4.257 3.464 AX00P095
4408.473 23.1 3.97 -1.02 "" ""
4408.498 20.0 4.776 -2.13 "" ""
4408.498 24.0 3.885 -1.97 "" ""
4408.505 106.00112 1.324 -1.765 3.464 AX44Q055
4408.512 23.0 0.267 -0.13 "" ""
4408.516 23.0 0.267 -0.15 LAWNOHFS ""
4408.556 106.00113 1.662 -1.237 3.464 AX00P315
4408.569 106.00112 1.324 -3.234 3.464 AX44P065
4408.573 106.00113 1.94 -3.822 3.464 AX00Q345
4408.581 106.00112 1.324 -3.165 3.464 AX44R055
4408.595 106.00113 1.94 -1.218 3.464 AX00P355
4408.64 106.00112 1.782 -1.176 3.464 AX33Q235
4408.645 106.00112 1.324 -1.694 3.464 AX44Q065
4408.672 23.0 1.71 -2.12 "" ""
4408.676 106.00113 1.968 -8.804 3.464 CX04Q215
4408.685 106.00112 1.782 -3.787 3.464 AX33R225
4408.685 27.0 4.107 -1.9 "" ""
4408.694 106.00112 2.059 -9.938 3.464 CX15R185
4408.721 26.0 4.635 -2.73 "" ""
4408.732 59.1141 0.0 -0.562 LI/LAW ""
4408.75 106.00113 1.94 -1.221 3.464 AX00P345
4408.759 22.1 5.688 -0.9 "" ""
4408.761 106.00112 1.782 -3.745 3.464 AX33P235
4408.77 59.1141 0.0 -1.734 LI/LAW ""
4408.772 106.00112 2.059 -6.704 3.464 CX15Q195
4408.779 106.00113 1.967 -7.8 3.464 CX04Q225
4408.78 59.1141 0.0 -0.655 LI/LAW ""
4408.786 25.0 3.769 -2.96 "" ""
4408.802 59.1141 0.0 -3.233 LI/LAW ""
4408.805 106.00112 1.782 -1.178 3.464 AX33Q225
4408.81 106.00112 1.324 -3.227 3.464 AX44P065
4408.812 42.0 2.274 -2.57 "" ""
4408.812 59.1141 0.0 -1.544 LI/LAW ""
4408.82 106.00112 2.059 -6.625 3.464 CX15Q185
4408.82 59.1141 0.0 -0.754 LI/LAW ""
4408.839 59.1141 0.0 -2.905 LI/LAW ""
4408.841 25.0 4.341 -3.29 "" ""
4408.847 106.00112 1.856 -7.102 3.464 AX01R315
4408.848 59.1141 0.0 -1.502 LI/LAW ""
4408.851 58.1 0.896 -0.96 "" ""
4408.855 59.1141 0.0 -0.859 LI/LAW ""
4408.87 59.1141 0.0 -2.818 LI/LAW ""
4408.877 59.1141 0.0 -1.556 LI/LAW ""
4408.882 59.1141 0.0 -0.968 LI/LAW ""
4408.883 90.0 0.457 -1.18 "" ""
4408.886 106.00112 1.324 -1.694 3.464 AX44Q065
4408.894 58.1 1.278 -0.86 "" ""
4408.895 59.1141 0.0 -2.964 LI/LAW ""
4408.898 106.00112 2.059 -11.491 3.464 CX15P195
4408.9 59.1141 0.0 -1.746 LI/LAW ""
4408.901 23.1 3.97 -1.05 "" ""
4408.904 59.1141 0.0 -1.077 LI/LAW ""
4409.028 106.00112 1.197 -3.592 3.464 AX22Q175
4409.028 23.0 2.606 -4.98 "" ""
4409.052 106.00112 1.671 -1.231 3.464 AX00P325
4409.093 106.00112 0.191 -4.256 3.464 AX00P095
4409.096 106.00112 1.197 -1.535 3.464 AX22P175
4409.117 23.0 2.581 -4.41 "" ""
4409.119 26.0 3.298 -2.23 "" ""
4409.126 22.0 2.316 -4.26 "" ""
4409.134 106.00113 1.169 -3.457 3.464 AX33Q105
4409.136 106.00112 1.197 -1.515 3.464 AX22P185
4409.138 106.00113 1.169 -1.823 3.464 AX33P105
4409.138 23.0 1.929 -5.7 "" ""
4409.145 106.00112 1.671 -3.826 3.464 AX00Q315
4409.153 106.00112 1.172 -1.823 3.464 AX33P105
4409.16 106.00112 1.172 -3.438 3.464 AX33Q105
4409.177 22.0 2.47 -1.97 "" ""
4409.194 22.0 2.343 -4.25 "" ""
4409.201 20.0 6.017 -1.94 "" ""
4409.219 106.00113 0.487 -2.895 3.464 BX01P085
4409.235 22.1 1.242 -2.78 LAWLER ""
4409.242 106.00113 1.359 -3.7 3.464 AX11Q245
4409.257 64.0 1.053 0.16 "" ""
4409.26 106.00113 0.487 -8.66 3.464 BX01Q085
4409.272 106.00113 0.19 -4.287 3.464 AX00P095
4409.276 106.00113 1.169 -1.786 3.464 AX33P115
4409.28 106.00113 1.288 -1.362 3.464 AX11P245
4409.293 106.00113 1.359 -1.349 3.464 AX11P255
4409.322 106.00113 1.288 -3.721 3.464 AX11Q235
4409.339 68.0 0.0 -0.74 "" ""
4409.34 28.0 4.161 -1.72 "" ""
4409.34 62.1 0.333 -0.89 LAWLER ""
4409.342 106.00112 1.671 -1.237 3.464 AX00P315
4409.35 106.00112 1.172 -1.786 3.464 AX33P115
4409.367 106.00113 1.359 -1.36 3.464 AX11P245
4409.38 66.1 0.0 -1.24 LAWLER ""
4409.441 42.0 3.161 -1.11 "" ""
4409.442 106.00113 1.288 -1.374 3.464 AX11P235
4409.455 106.00113 1.968 -10.931 3.464 CX04R215
4409.48 65.1 0.796 -0.69 LAWNOHFS ""
4409.518 22.1 1.23 -2.53 LAWLER ""
4409.518 28.0 4.15 -3.37 "" ""
4409.522 106.00113 0.488 -2.849 3.464 BX01P095
4409.539 24.0 5.213 -0.22 "" ""
4409.564 26.0 4.28 -3.22 "" ""
4409.654 106.00113 1.364 -1.63 3.464 AX44Q075
4409.68 106.00113 2.032 -1.218 3.464 AX00P365
4409.68 60.1 0.204 -2.44 LAWLER ""
4409.687 106.00113 0.408 -5.168 3.464 BX01P055
4409.689 106.00112 1.951 -3.821 3.464 AX00Q345
4409.697 106.00113 1.364 -3.284 3.464 AX44R075
4409.698 39.0 1.355 -2.32 "" ""
4409.756 106.00112 1.951 -1.218 3.464 AX00P355
4409.858 23.0 2.073 -2.98 "" ""
4409.901 106.00113 1.364 -3.343 3.464 AX44P085
4409.902 106.00112 1.951 -1.221 3.464 AX00P345
4409.914 106.00112 0.191 -4.287 3.464 AX00P095
4409.923 12.0 7.188 -2.0 "" ""
4409.937 106.00112 1.366 -3.7 3.464 AX11Q245
4409.94 62.1 0.659 -2.46 LAWLER ""
4409.944 106.00113 1.364 -1.58 3.464 AX44Q085
4409.944 42.0 3.731 -0.28 "" ""
4409.953 21.0 3.081 -1.58 "" ""
4409.97 106.00112 1.294 -1.362 3.464 AX11P245
4409.992 22.1 4.906 -4.15 "" ""
4410.006 27.0 3.729 -1.66 "" ""
4410.01 106.00112 1.366 -1.349 3.464 AX11P255
4410.011 22.0 2.295 -4.34 "" ""
4410.019 106.00112 1.173 -1.823 3.464 AX33P105
4410.025 106.00112 1.294 -3.721 3.464 AX11Q235
4410.025 44.0 1.138 -0.38 "" ""
4410.026 106.00112 1.173 -3.457 3.464 AX33Q105
4410.066 106.00112 1.366 -1.36 3.464 AX11P245
4410.077 106.00113 1.755 -1.226 3.464 AX00P335
4410.097 27.0 3.527 -2.06 "" ""
4410.114 106.00113 1.365 -1.63 3.464 AX44Q075
4410.119 23.0 2.053 -3.17 "" ""
4410.139 106.00112 1.344 -1.691 3.464 AX44Q065
4410.149 106.00112 1.294 -1.374 3.464 AX11P235
4410.151 106.00112 1.173 -1.786 3.464 AX33P115
4410.157 106.00113 1.365 -3.295 3.464 AX44R075
4410.164 22.0 3.152 -3.26 "" ""
4410.193 106.00112 1.344 -3.224 3.464 AX44R065
4410.2 20.0 6.017 -3.03 "" ""
4410.203 106.00113 1.755 -3.842 3.464 AX00Q325
4410.21 41.0 0.619 -0.66 "" ""
4410.216 27.0 4.061 -4.55 "" ""
4410.257 20.0 6.017 -2.77 "" ""
4410.269 24.0 3.886 -2.53 "" ""
4410.297 24.0 3.011 -1.01 "" ""
4410.317 27.0 3.927 -4.57 "" ""
4410.318 106.00113 1.365 -3.334 3.464 AX44P085
4410.339 106.00113 1.194 -1.515 3.464 AX22P185
4410.347 106.00113 1.194 -3.622 3.464 AX22Q175
4410.36 106.00113 1.365 -1.58 3.464 AX44Q085
4410.375 106.00113 1.755 -1.231 3.464 AX00P325
4410.419 24.0 3.419 -4.2 "" ""
4410.422 106.00113 1.194 -1.535 3.464 AX22P175
4410.43 106.00112 1.345 -3.291 3.464 AX44P075
4410.459 106.00113 1.834 -3.799 3.464 AX33R235
4410.484 106.00112 1.345 -1.631 3.464 AX44Q075
4410.488 90.1 2.14 -0.86 "" ""
4410.496 25.0 4.317 -1.9 "" ""
4410.5 23.0 1.711 -4.78 "" ""
4410.502 106.00113 1.834 -1.18 3.464 AX33Q245
4410.505 106.00112 1.345 -1.69 3.464 AX44Q065
4410.512 28.0 3.304 -1.08 "" ""
4410.552 26.0 4.28 -3.47 "" ""
4410.559 106.00112 1.345 -3.233 3.464 AX44R065
4410.637 58.1 1.347 0.21 "" ""
4410.651 106.00113 1.848 -7.101 3.464 AX01R315
4410.699 106.00113 1.834 -1.177 3.464 AX33Q235
4410.743 106.00113 1.834 -3.801 3.464 AX33P245
4410.745 22.0 2.394 -1.87 "" ""
4410.751 58.1 0.739 -0.69 BIEMONT ""
4410.755 106.00112 1.345 -3.283 3.464 AX44P075
4410.762 58.1 0.924 -0.21 "" ""
4410.809 106.00112 1.345 -1.632 3.464 AX44Q075
4410.843 20.0 4.128 -2.45 "" ""
4410.952 106.00112 1.764 -1.226 3.464 AX00P335
4410.961 24.0 2.98 -1.22 "" ""
4411.032 106.00113 2.037 -6.526 3.464 AX50Q355
4411.045 106.00112 1.764 -3.841 3.464 AX00Q325
4411.05 60.1 0.182 -0.6 LAWLER ""
4411.052 106.00113 2.037 -8.918 3.464 AX50P365
4411.073 22.1 3.092 -0.65 LAWLER ""
4411.087 24.0 3.011 -0.72 "" ""
4411.1 60.1 0.0 -1.62 LAWLER ""
4411.117 25.0 4.604 -2.29 "" ""
4411.123 28.0 4.164 -2.19 "" ""
4411.131 76.0 2.009 -1.64 "" ""
4411.155 64.0 0.066 -0.4 "" ""
4411.156 106.00112 1.199 -3.622 3.464 AX22Q175
4411.162 106.00112 1.199 -1.515 3.464 AX22P185
4411.21 57.1 3.534 0.59 "" ""
4411.212 106.00113 2.037 -1.218 3.464 AX00P355
4411.221 26.0 4.603 -2.6 "" ""
4411.224 106.00112 1.199 -1.535 3.464 AX22P175
4411.248 106.00112 1.764 -1.231 3.464 AX00P325
4411.265 106.00112 0.489 -2.894 3.464 BX01P085
4411.277 24.0 2.887 -5.21 "" ""
4411.311 106.00112 0.489 -8.659 3.464 BX01Q085
4411.422 26.1 6.133 -3.52 "" ""
4411.433 106.00113 1.933 -8.927 3.464 AX50R355
4411.446 28.0 3.304 -5.38 "" ""
4411.518 41.0 1.268 -0.95 "" ""
4411.565 42.0 2.079 -1.03 "" ""
4411.572 106.00112 0.489 -2.849 3.464 BX01P095
4411.58 62.0 0.185 -0.34 "" ""
4411.598 23.0 1.871 -1.4 "" ""
4411.668 21.0 2.008 -4.22 "" ""
4411.683 27.0 3.729 -1.79 "" ""
4411.695 42.0 2.079 -0.07 "" ""
4411.717 27.0 0.922 -6.5 "" ""
4411.73 62.1 0.434 -2.05 LAWLER ""
4411.738 26.0 4.188 -4.12 "" ""
4411.745 106.00112 0.409 -5.168 3.464 BX01P055
4411.775 20.0 5.989 -2.55 "" ""
4411.778 106.00113 2.034 -3.89 3.464 AX00Q355
4411.783 27.1 3.116 -6.41 "" ""
4411.835 62.1 0.277 -1.84 "" ""
4411.864 25.0 4.709 -0.12 "" ""
4411.927 106.00113 1.65 -11.45 3.464 CX04Q165
4411.93 22.1 1.223 -2.62 LAWLER ""
4411.943 20.0 4.551 -2.68 "" ""
4411.944 22.0 0.899 -2.86 "" ""
4411.96 23.0 2.377 -1.82 "" ""
4412.02 58.1 0.703 -0.84 LAWLER ""
4412.081 20.0 6.018 -4.7 "" ""
4412.112 106.00113 1.849 -1.222 3.464 AX00P345
4412.137 23.0 0.262 -1.58 LAWNOHFS ""
4412.15 59.1 0.371 -0.86 LINOHFS ""
4412.174 41.0 1.094 -1.73 "" ""
4412.183 106.00113 1.391 -1.578 3.464 AX44Q085
4412.185 26.0 4.281 -4.48 "" ""
4412.199 74.0 0.412 -2.41 "" ""
4412.202 24.0 1.029 -2.7 "" ""
4412.211 106.00113 1.391 -3.337 3.464 AX44R085
4412.229 26.0 4.604 -2.0 "" ""
4412.241 106.00113 1.849 -3.857 3.464 AX00Q335
4412.251 24.0 1.029 -2.67 SOBECK ""
4412.256 60.1 0.064 -1.42 "" ""
