wavelength species excitation loggf disassociation_energy comment
4067.966 23.0 0.04 -2.46 LAWNOHFS ""
4067.978 26.0 3.209 -0.53 DEN14 ""
4068.012 25.0 2.177 -1.86 "" ""
4068.026 106.00112 1.209 -6.331 3.464 CX03R115
4068.027 106.00112 1.209 -6.279 3.464 CX03R125
4068.037 106.00112 1.344 -2.713 3.464 AX54R065
4068.09 106.00112 1.279 -3.869 3.464 AX54Q035
4068.112 106.00112 1.209 -9.808 3.464 CX03Q125
4068.134 22.0 2.152 -1.19 "" ""
4068.141 106.00112 1.279 -3.864 3.464 AX54Q035
4068.203 21.0 2.336 -2.31 "" ""
4068.204 106.00112 1.279 -2.943 3.464 AX54R035
4068.251 41.0 1.353 -0.4 "" ""
4068.255 106.00112 1.279 -2.944 3.464 AX54R035
4068.271 27.0 2.04 -6.71 "" ""
4068.285 106.00112 1.345 -4.151 3.464 AX54Q075
4068.288 106.00112 1.108 -5.9 3.464 AX43P085
4068.315 106.00112 1.345 -2.632 3.464 AX54R075
4068.319 21.0 2.612 -3.53 "" ""
4068.32 62.1 0.434 -0.76 LAWLER ""
4068.342 64.0 0.92 0.53 "" ""
4068.349 106.00112 1.345 -2.712 3.464 AX54R065
4068.35 21.0 2.606 -4.23 "" ""
4068.365 44.0 1.821 0.07 "" ""
4068.4 27.0 3.62 -8.32 "" ""
4068.406 27.1 3.483 -2.63 "" ""
4068.416 106.00113 1.039 -6.79 3.464 AX32P145
4068.439 607.01314 3.389 -2.678 7.724 1515Qc0025
4068.445 58.1 0.902 -0.53 BIEMONT ""
4068.45 607.01314 3.389 -1.377 7.724 1515Pa0035
4068.45 607.01314 3.389 -1.531 7.724 1515Pb0025
4068.479 25.1 5.102 -3.76 "" ""
4068.503 106.00112 1.598 -5.275 3.464 CX25R055
4068.536 27.0059 1.954 -1.913 Lawle15HFS ""
4068.536 27.0059 1.954 -2.196 Lawle15HFS ""
4068.536 27.0059 1.954 -2.635 Lawle15HFS ""
4068.537 27.0059 1.954 -1.697 Lawle15HFS ""
4068.542 27.0059 1.954 -2.334 Lawle15HFS ""
4068.544 27.0059 1.954 -2.17 Lawle15HFS ""
4068.546 27.0059 1.954 -2.162 Lawle15HFS ""
4068.546 27.0059 1.954 -2.334 Lawle15HFS ""
4068.549 27.0059 1.954 -2.323 Lawle15HFS ""
4068.55 27.0059 1.954 -2.51 Lawle15HFS ""
4068.554 27.0059 1.954 -2.76 Lawle15HFS ""
4068.559 27.0059 1.954 -3.188 Lawle15HFS ""
4068.56 106.00112 1.484 -4.499 3.464 AX43R175
4068.562 106.00112 1.345 -4.139 3.464 AX54Q075
4068.564 106.00112 1.484 -2.222 3.464 AX43Q185
4068.567 24.1 4.94 -3.66 "" ""
4068.58 23.1 7.104 -3.53 "" ""
4068.592 106.00112 1.345 -2.632 3.464 AX54R075
4068.615 106.00113 1.604 -8.168 3.464 CX14P155
4068.624 106.00112 1.484 -2.292 3.464 AX43Q175
4068.627 106.00112 1.484 -4.84 3.464 AX43P185
4068.641 106.00112 1.043 -6.79 3.464 AX32P145
4068.654 22.0 2.287 -1.08 "" ""
4068.672 24.0 4.528 -2.25 "" ""
4068.7 106.00112 1.598 -5.172 3.464 CX25R065
4068.708 25.0 4.317 -2.15 "" ""
4068.708 40.0 1.349 -0.64 "" ""
4068.744 64.0 0.937 0.24 "" ""
4068.747 106.00112 1.598 -7.997 3.464 CX25Q065
4068.827 106.00112 1.601 -4.532 3.464 AX11R285
4068.836 58.1 0.703 -0.17 LAWLER ""
4068.85 106.00113 1.825 -7.695 3.464 CX25P145
4068.86 106.00112 0.372 -3.891 3.464 BX11P035
4068.89 60.1 0.0 -1.42 LAWLER ""
4068.901 106.00113 1.605 -4.823 3.464 CX14Q145
4068.923 106.00112 1.27 -3.275 3.464 AX54R015
4068.933 20.0 5.877 -1.63 "" ""
4068.955 106.00112 1.27 -3.274 3.464 AX54R015
4068.974 28.0 3.737 -1.05 "" ""
4068.983 106.00112 1.538 -9.382 3.464 CX03R185
4068.985 106.00113 1.604 -4.742 3.464 CX14Q155
4068.986 22.0 2.736 -0.27 "" ""
4068.999 106.00113 1.593 -4.532 3.464 AX11R285
4069.034 607.01314 3.391 -2.808 7.724 1515Qc0035
4069.044 607.01314 3.391 -1.264 7.724 1515Pa0045
4069.051 607.01314 3.391 -1.377 7.724 1515Pb0035
4069.062 106.00112 1.538 -5.397 3.464 CX03Q195
4069.066 26.0 3.281 -1.89 "" ""
4069.074 26.0 3.571 -3.36 "" ""
4069.083 106.00113 1.825 -4.282 3.464 CX25Q135
4069.095 106.00112 1.538 -5.453 3.464 CX03Q185
4069.101 106.00113 1.287 -8.01 3.464 CX14R045
4069.123 106.00113 1.825 -4.219 3.464 CX25Q145
4069.15 28.0 3.676 -0.79 "" ""
4069.175 106.00112 1.538 -8.876 3.464 CX03P195
4069.201 90.1 0.829 -0.52 "" ""
4069.224 106.00112 1.263 -3.487 3.464 AX54R005
4069.24 106.00112 1.263 -3.487 3.464 AX54R005
4069.253 26.0 3.412 -4.63 "" ""
4069.26 60.1 0.064 -0.57 LAWLER ""
4069.271 106.00113 1.605 -8.467 3.464 CX14R145
4069.314 106.00113 1.243 -4.813 3.464 AX43Q125
4069.321 25.1 5.433 -4.37 "" ""
4069.324 106.00113 1.243 -3.257 3.464 AX43P125
4069.357 106.00113 1.825 -7.858 3.464 CX25R135
4069.441 106.00113 1.243 -3.185 3.464 AX43P135
4069.531 29.0 4.834 -2.64 "" ""
4069.533 27.0 3.71 -2.7 "" ""
4069.541 25.0 4.602 -3.44 "" ""
4069.572 24.1 3.744 -5.1 "" ""
4069.579 106.00112 1.78 -1.992 3.464 AX43R235
4069.608 26.0 4.206 -1.8 "" ""
4069.617 106.00112 1.78 -2.049 3.464 AX43R225
4069.64 26.0 4.183 -3.88 "" ""
4069.657 607.01314 3.393 -2.908 7.724 1515Qc0045
4069.669 22.0 1.748 -4.03 "" ""
4069.672 607.01314 3.393 -1.176 7.724 1515Pa0055
4069.676 607.01314 3.393 -1.264 7.724 1515Pb0045
4069.682 106.00112 1.78 -4.462 3.464 AX43Q235
4069.682 26.0 4.1 -0.8 "" ""
4069.711 25.0 4.682 -1.3 "" ""
4069.736 106.00112 1.872 -7.86 3.464 CX25R145
4069.747 24.0 4.443 -3.35 "" ""
4069.761 90.1 0.231 -2.57 Nils02/9 ""
4069.765 106.00112 1.271 -3.738 3.464 AX54Q025
4069.766 62.0 0.185 -2.12 "" ""
4069.786 106.00112 1.271 -3.734 3.464 AX54Q025
4069.786 74.0 2.456 -0.09 "" ""
4069.794 106.00113 1.762 -4.488 3.464 AX11R305
4069.794 25.1 5.103 -4.46 "" ""
4069.83 106.00112 1.872 -4.156 3.464 CX25Q155
4069.834 106.00112 1.872 -4.217 3.464 CX25Q145
4069.881 42.0 2.079 -0.05 "" ""
4069.883 26.1 5.906 -2.75 "" ""
4069.9 28.1 3.602 -4.26 "" ""
4069.917 77.0 1.605 -1.15 "" ""
4069.923 106.00112 1.271 -3.051 3.464 AX54R025
4069.928 106.00112 1.872 -7.703 3.464 CX25P155
4069.945 106.00112 1.271 -3.052 3.464 AX54R025
4069.948 74.0 0.598 -1.48 "" ""
4069.959 26.0 4.368 -3.3 "" ""
4069.992 42.0 2.079 -0.88 "" ""
4070.001 106.00112 1.368 -2.641 3.464 AX54R075
4070.009 26.0 2.873 -3.48 "" ""
4070.026 21.0 4.681 -3.32 "" ""
4070.028 26.1 2.542 -5.22 "" ""
4070.06 24.0 3.008 -3.44 "" ""
4070.092 58.1 2.587 0.76 "" ""
4070.125 106.00112 1.77 -4.488 3.464 AX11R305
4070.167 26.0 4.604 -3.03 "" ""
4070.205 22.0 2.159 -3.82 "" ""
4070.205 26.0 4.188 -2.3 "" ""
4070.217 106.00112 1.368 -4.187 3.464 AX54Q085
4070.234 106.00112 1.368 -2.565 3.464 AX54R085
4070.249 106.00113 1.542 -7.057 3.464 CX25R025
4070.257 106.00113 1.576 -5.392 3.464 CX25R045
4070.262 25.0055 2.185 -2.072 LAWHFS ""
4070.27 64.1 0.556 -0.52 LAWLER ""
4070.275 25.0055 2.185 -1.528 LAWHFS ""
4070.276 25.0055 2.185 -1.528 LAWHFS ""
4070.29 25.0055 2.185 -1.625 LAWHFS ""
4070.308 607.01314 3.395 -2.989 7.724 1515Qc0055
4070.326 607.01314 3.395 -1.103 7.724 1515Pa0065
4070.33 60.1 0.32 -1.82 LAWLER ""
4070.333 607.01314 3.395 -1.176 7.724 1515Pb0055
4070.346 106.00113 1.244 -4.836 3.464 AX43Q125
4070.354 106.00112 0.844 -4.423 3.464 AX00R225
4070.354 106.00113 1.244 -3.257 3.464 AX43P125
4070.357 20.0 4.621 -5.41 "" ""
4070.38 64.1 0.425 -1.06 LAWLER ""
4070.399 106.00112 1.368 -2.641 3.464 AX54R075
4070.407 23.0 1.941 -2.53 "" ""
4070.418 106.00113 1.244 -3.185 3.464 AX43P135
4070.443 106.00113 1.576 -7.933 3.464 CX25Q055
4070.451 26.0 3.045 -3.38 "" ""
4070.474 23.1 6.291 -1.9 "" ""
4070.483 106.00112 1.368 -5.852 3.464 CX14R075
4070.508 106.00112 1.376 -5.154 3.464 AX32Q205
4070.545 106.00113 1.052 -8.854 3.464 CX03R075
4070.556 106.00113 1.576 -5.273 3.464 CX25R055
4070.575 106.00112 1.369 -4.173 3.464 AX54Q085
4070.582 106.00112 1.796 -4.563 3.464 AX32R265
4070.583 106.00112 1.376 -3.27 3.464 AX32P215
4070.59 106.00112 1.376 -3.372 3.464 AX32P205
4070.592 106.00112 1.369 -2.565 3.464 AX54R085
4070.598 74.0 0.207 -2.12 "" ""
4070.6 23.0 2.357 -2.68 "" ""
4070.607 106.00112 1.369 -5.757 3.464 CX14R085
4070.639 106.00112 1.796 -1.996 3.464 AX32Q275
4070.66 106.00112 1.369 -8.891 3.464 CX14Q085
4070.663 26.0 4.257 -2.4 "" ""
4070.673 77.0 1.466 -1.52 "" ""
4070.678 22.0 2.152 -1.28 "" ""
4070.681 25.0 4.341 -0.57 "" ""
4070.711 106.00112 1.796 -2.083 3.464 AX32Q265
4070.716 106.00113 1.013 -8.33 3.464 AX21P195
4070.738 22.0 1.878 -3.18 "" ""
4070.741 106.00113 1.678 -4.472 3.464 AX11R295
4070.759 23.0 0.069 -2.62 "" ""
4070.766 24.0 3.695 -2.42 "" ""
4070.766 26.0 3.692 -1.49 "" ""
4070.767 106.00112 1.796 -5.026 3.464 AX32P275
4070.771 26.0 3.239 -0.87 DEN14 ""
4070.782 106.00112 1.686 -4.472 3.464 AX11R295
4070.84 24.1 6.482 -0.75 "" ""
4070.846 58.1 1.532 -0.18 "" ""
4070.855 76.0 1.84 -0.88 "" ""
4070.857 20.0 5.878 -3.54 "" ""
4070.867 106.00113 1.452 -2.445 3.464 AX54R105
4070.951 23.1 5.476 -3.14 "" ""
4070.961 41.0 1.608 -0.34 "" ""
4070.972 6.0 7.482 -3.91 "" ""
4070.98 62.1 0.184 -2.04 LAWLER ""
4070.986 607.01314 3.398 -3.057 7.724 1515Qc0065
4070.993 24.0 4.444 -1.97 "" ""
4071.001 106.00112 1.018 -8.329 3.464 AX21P195
4071.001 24.0 4.446 -1.78 "" ""
4071.004 607.01314 3.398 -1.04 7.724 1515Pa0075
4071.007 28.1 4.029 -3.47 "" ""
4071.013 106.00113 1.452 -4.245 3.464 AX54Q115
4071.016 607.01314 3.398 -1.103 7.724 1515Pb0065
4071.019 23.0 2.377 -4.43 "" ""
4071.02 106.00113 1.452 -2.377 3.464 AX54R115
4071.072 58.1 0.674 -1.0 LAWLER ""
4071.08 60.1 0.204 -2.19 LAWLER ""
4071.089 40.1 0.999 -1.66 Ljung06 ""
4071.108 24.0 3.085 -3.36 "" ""
4071.129 26.0 3.637 -3.09 "" ""
4071.151 22.0 2.343 -4.31 "" ""
4071.159 106.00113 1.593 -5.381 3.464 AX21Q275
4071.188 106.00113 1.593 -3.369 3.464 AX21P285
4071.191 22.0 2.295 -0.83 "" ""
4071.198 24.0 4.528 -4.44 "" ""
4071.321 106.00113 1.267 -3.653 3.464 AX54Q015
4071.323 106.00113 1.593 -3.528 3.464 AX21P275
4071.353 106.00113 1.267 -3.65 3.464 AX54Q015
4071.399 44.0 1.691 -0.8 "" ""
4071.467 22.0 2.304 -0.74 "" ""
4071.481 60.1 1.519 0.0 "" ""
4071.486 106.00113 0.839 -4.423 3.464 AX00R225
4071.52 26.0 2.586 -2.02 "" ""
4071.53 106.00112 1.521 -4.516 3.464 AX11R275
4071.531 23.0 1.929 -0.19 "" ""
4071.565 76.0 1.84 -0.99 "" ""
4071.567 106.00113 1.452 -2.445 3.464 AX54R105
4071.578 24.0 4.437 -1.29 "" ""
4071.591 106.00113 1.267 -3.689 3.464 AX54R015
4071.624 106.00113 1.267 -3.693 3.464 AX54R015
4071.633 24.0 3.009 -3.42 "" ""
4071.647 106.00112 1.247 -4.812 3.464 AX43Q125
4071.662 106.00112 1.247 -3.257 3.464 AX43P125
4071.663 106.00113 1.452 -4.226 3.464 AX54Q115
4071.671 106.00113 1.452 -2.378 3.464 AX54R115
4071.693 607.01314 3.401 -3.116 7.724 1515Qc0075
4071.7 106.00113 1.371 -5.153 3.464 AX32Q205
4071.715 607.01314 3.401 -0.986 7.724 1515Pa0085
4071.729 607.01314 3.401 -1.04 7.724 1515Pb0075
4071.735 106.00113 1.371 -3.372 3.464 AX32P205
4071.738 26.0 1.607 -0.01 OBR91 ""
4071.746 26.0 4.217 -2.06 "" ""
4071.75 22.0 2.394 -5.27 "" ""
4071.751 90.0 1.021 -0.68 "" ""
4071.76 60.1 0.471 -1.09 LAWLER ""
4071.764 106.00113 1.371 -3.27 3.464 AX32P215
4071.775 58.1 0.326 -0.2 LAWLER ""
4071.78 106.00112 1.248 -3.185 3.464 AX43P135
4071.831 22.0 2.173 -2.8 "" ""
4071.89 106.00113 1.513 -4.516 3.464 AX11R275
4071.89 26.0 4.217 -2.59 "" ""
4071.923 74.0 1.915 -0.79 "" ""
4071.939 25.0 2.939 -2.95 "" ""
4071.947 106.00113 1.531 -4.455 3.464 AX43R185
4071.977 22.0 2.29 -1.02 "" ""
4072.007 106.00113 1.531 -2.224 3.464 AX43Q185
4072.016 106.00113 1.531 -2.153 3.464 AX43Q195
4072.017 24.0 3.886 -3.09 "" ""
4072.047 106.00112 1.782 -1.992 3.464 AX43R235
4072.055 41.1 1.693 -1.0 "" ""
4072.076 106.00113 1.531 -4.831 3.464 AX43P195
4072.079 20.0 5.879 -3.48 "" ""
4072.094 25.1 5.105 -5.83 "" ""
4072.097 27.1 3.116 -4.72 "" ""
4072.104 22.0 0.899 -4.03 "" ""
4072.129 23.0 1.217 -1.55 LAWNOHFS ""
4072.132 22.1 5.424 -3.9 "" ""
4072.137 106.00112 1.265 -3.553 3.464 AX54Q015
4072.138 106.00112 1.265 -3.551 3.464 AX54Q015
4072.151 106.00112 1.782 -4.425 3.464 AX43Q235
4072.156 106.00113 1.267 -4.019 3.464 AX54P025
4072.178 106.00113 1.267 -4.017 3.464 AX54P025
4072.189 106.00112 1.782 -2.049 3.464 AX43R225
4072.193 20.0 5.987 -8.2 "" ""
4072.254 24.0 4.529 -3.87 "" ""
4072.264 106.00113 1.787 -7.683 3.464 CX25P135
4072.335 22.0 2.425 -5.24 "" ""
4072.374 106.00112 1.265 -3.198 3.464 AX54R015
4072.376 106.00112 1.265 -3.199 3.464 AX54R015
4072.426 106.00112 1.604 -4.456 3.464 AX11R285
4072.427 106.00113 1.267 -3.265 3.464 AX54Q025
4072.427 607.01314 3.404 -3.168 7.724 1515Qc0085
4072.448 106.00113 1.267 -3.265 3.464 AX54Q025
4072.453 607.01314 3.404 -0.938 7.724 1515Pa0095
4072.459 106.00113 1.787 -4.346 3.464 CX25Q125
4072.467 607.01314 3.404 -0.986 7.724 1515Pb0085
4072.492 22.0 2.406 -3.8 "" ""
4072.502 26.0 3.428 -1.44 "" ""
4072.512 59.1 0.895 -0.24 "" ""
4072.516 106.00113 1.787 -4.282 3.464 CX25Q135
4072.556 24.1 3.714 -2.56 Lawler17 ""
4072.557 106.00113 0.986 -7.966 3.464 AX10P235
4072.568 106.00112 1.611 -8.467 3.464 CX14R145
4072.576 27.0 3.684 -4.71 "" ""
4072.61 66.1 2.111 0.06 "" ""
4072.613 106.00113 1.596 -4.456 3.464 AX11R285
4072.636 23.0 1.929 -2.91 "" ""
4072.641 106.00112 1.248 -4.835 3.464 AX43Q125
4072.653 106.00112 1.611 -4.822 3.464 CX14Q145
4072.656 106.00112 1.248 -3.256 3.464 AX43P125
4072.671 106.00112 1.611 -4.741 3.464 CX14Q155
4072.702 40.0 0.686 0.31 "" ""
4072.71 106.00112 1.248 -3.185 3.464 AX43P135
4072.712 106.00113 1.787 -7.853 3.464 CX25R125
4072.756 106.00112 1.611 -8.167 3.464 CX14P155
4072.763 24.0 3.11 -1.54 "" ""
4072.806 106.00112 0.992 -7.966 3.464 AX10P235
4072.81 106.00112 1.395 -2.573 3.464 AX54R085
4072.815 106.00112 1.378 -3.271 3.464 AX32P215
4072.838 106.00112 1.378 -5.188 3.464 AX32Q205
4072.856 28.0 3.844 -1.23 "" ""
4072.918 24.0 4.532 -1.34 "" ""
4072.918 58.1 0.327 -0.64 LAWLER ""
4072.92 106.00112 1.378 -3.372 3.464 AX32P205
4072.924 106.00113 1.015 -8.387 3.464 AX21P195
4072.962 106.00112 0.846 -4.358 3.464 AX00R225
4072.98 73.0 1.907 -1.08 "" ""
4072.999 22.0 0.825 -3.62 "" ""
4072.999 44.0 1.138 -1.26 "" ""
4073.0 106.00112 1.395 -4.213 3.464 AX54Q095
4073.006 106.00112 1.395 -2.5 3.464 AX54R095
4073.08 41.1 1.83 -1.36 Nilsson10 ""
4073.083 106.00112 1.832 -7.857 3.464 CX25R135
4073.099 106.00112 1.656 -4.91 3.464 AX54R165
4073.102 106.00112 1.291 -8.009 3.464 CX14R045
4073.12 66.1 0.54 -0.32 LAWLER ""
4073.146 23.0 1.954 -4.04 "" ""
4073.146 74.0 1.867 -0.93 "" ""
4073.174 106.00112 1.832 -4.281 3.464 CX25Q135
4073.186 106.00112 1.832 -4.218 3.464 CX25Q145
4073.19 607.01314 3.408 -3.215 7.724 1515Qc0095
4073.19 64.1 0.427 -0.85 LAWLER ""
4073.193 24.0 3.11 -2.82 "" ""
4073.197 29.0 4.97 -1.78 "" ""
4073.199 106.00113 1.276 -3.192 3.464 AX54Q025
4073.218 607.01314 3.408 -0.895 7.724 1515Pa0105
4073.234 607.01314 3.408 -0.938 7.724 1515Pb0095
4073.245 106.00112 1.02 -8.387 3.464 AX21P195
4073.266 106.00113 1.276 -3.191 3.464 AX54Q025
4073.266 24.0 4.446 -2.79 "" ""
4073.269 106.00113 0.408 -2.028 3.464 BX11P055
4073.278 106.00112 1.832 -7.694 3.464 CX25P145
4073.285 106.00113 0.408 -7.155 3.464 BX11Q055
4073.303 106.00112 1.395 -2.573 3.464 AX54R085
4073.344 24.0 2.985 -3.12 "" ""
4073.384 106.00113 1.276 -3.829 3.464 AX54R025
4073.449 106.00112 1.395 -4.198 3.464 AX54Q095
4073.451 106.00113 1.276 -3.834 3.464 AX54R025
4073.455 106.00112 1.395 -2.5 3.464 AX54R095
4073.464 6.0 7.482 -5.08 "" ""
4073.474 58.1 0.477 0.21 LAWLER ""
4073.497 106.00112 1.601 -5.381 3.464 AX21Q275
4073.506 41.0 1.913 -0.23 "" ""
4073.552 25.1 6.86 -4.4 "" ""
4073.553 106.00112 1.601 -3.369 3.464 AX21P285
4073.581 106.00112 1.601 -3.528 3.464 AX21P275
4073.624 106.00113 0.408 -1.99 3.464 BX11P065
4073.629 26.0 3.639 -4.59 "" ""
4073.666 20.0 5.881 -6.6 "" ""
4073.72 65.1 0.771 -0.83 LAWNOHFS ""
4073.734 58.1 1.047 -0.18 "" ""
4073.742 58.1 1.122 0.13 BIEMONT ""
4073.75 64.1 0.818 0.04 LAWLER ""
4073.762 26.0 3.263 -0.97 DEN14 ""
4073.765 106.00113 1.276 -4.057 3.464 AX54P035
4073.78 23.1 3.121 -0.92 "" ""
4073.806 27.0 4.229 -1.6 "" ""
4073.816 106.00113 1.276 -4.054 3.464 AX54P035
4073.84 24.0 3.011 -4.82 "" ""
4073.859 20.0 4.677 -4.77 "" ""
4073.876 106.00113 1.372 -3.271 3.464 AX32P215
4073.904 106.00112 1.798 -1.996 3.464 AX32Q275
4073.92 106.00113 1.372 -5.188 3.464 AX32Q205
4073.95 106.00113 1.276 -3.0 3.464 AX54Q035
4073.965 106.00112 1.798 -4.594 3.464 AX32R265
4073.98 607.01314 3.412 -3.258 7.724 1515Qc0105
4073.99 66.1 1.46 -0.99 LAWLER ""
4073.992 106.00113 0.488 -1.753 3.464 BX11Q085
4073.999 25.0 4.317 -1.24 "" ""
4074.001 106.00113 1.276 -3.001 3.464 AX54Q035
4074.003 68.1 1.56 -0.21 "" ""
4074.012 607.01314 3.412 -0.856 7.724 1515Pa0115
4074.027 106.00113 0.488 -4.713 3.464 BX11R085
4074.027 607.01314 3.412 -0.895 7.724 1515Pb0105
4074.033 106.00112 1.798 -4.997 3.464 AX32P275
4074.035 106.00112 0.735 -5.32 3.464 BX11R155
4074.058 106.00113 1.533 -2.154 3.464 AX43Q195
4074.059 106.00113 1.372 -3.372 3.464 AX32P205
4074.063 106.00113 0.841 -4.358 3.464 AX00R225
4074.07 106.00113 1.533 -4.478 3.464 AX43R185
4074.077 25.0 5.108 -1.15 "" ""
4074.094 106.00112 1.798 -2.084 3.464 AX32Q265
4074.119 26.1 5.906 -3.14 "" ""
4074.124 106.00113 1.533 -4.81 3.464 AX43P195
4074.136 106.00113 1.533 -2.224 3.464 AX43Q185
4074.164 106.00113 0.488 -4.592 3.464 BX11P095
4074.191 23.0 2.121 -0.37 "" ""
4074.199 106.00113 0.488 -1.736 3.464 BX11Q095
4074.231 106.00112 1.056 -8.853 3.464 CX03R075
4074.256 24.0 3.887 -3.74 "" ""
4074.32 106.00112 0.409 -2.028 3.464 BX11P055
4074.34 106.00112 0.409 -7.154 3.464 BX11Q055
4074.348 22.0 2.152 -3.76 "" ""
4074.351 22.0 2.316 -0.77 "" ""
4074.357 74.0 0.366 -0.71 "" ""
4074.358 24.0 3.077 -2.36 "" ""
4074.361 21.0 1.968 -2.06 "" ""
4074.375 28.0 3.737 -2.39 "" ""
4074.395 106.00112 1.657 -4.862 3.464 AX54R165
4074.399 23.0 1.944 -1.51 "" ""
4074.407 60.1 0.63 -0.73 "" ""
4074.413 106.00113 1.34 -5.951 3.464 CX14R065
4074.414 106.00112 1.581 -5.391 3.464 CX25R045
4074.429 24.0 3.09 -4.44 "" ""
4074.436 20.0 5.916 -3.7 "" ""
4074.454 106.00113 1.34 -8.876 3.464 CX14Q075
4074.468 20.0 4.677 -3.58 "" ""
4074.472 106.00112 1.547 -7.056 3.464 CX25R025
4074.485 92.1 0.217 -1.24 "" ""
4074.495 23.0 2.676 -3.62 "" ""
4074.587 21.0 1.986 -3.08 "" ""
4074.637 106.00113 1.34 -5.852 3.464 CX14R075
4074.644 58.1 0.175 -1.7 LAWLER ""
4074.673 26.0 4.206 -0.9 "" ""
4074.676 106.00112 1.581 -5.273 3.464 CX25R055
4074.676 76.0 1.84 -0.92 "" ""
4074.681 106.00112 0.409 -1.99 3.464 BX11P065
4074.683 27.0 2.716 -3.19 "" ""
4074.696 26.0 3.637 -2.73 "" ""
4074.717 106.00112 1.581 -7.932 3.464 CX25Q055
4074.751 24.0 3.102 -4.62 "" ""
4074.758 106.00113 1.477 -8.875 3.464 CX03P185
4074.786 26.0 3.045 -0.97 "" ""
4074.8 607.01314 3.417 -3.296 7.724 1515Qc0115
4074.824 106.00113 1.596 -3.37 3.464 AX21P285
4074.834 607.01314 3.417 -0.821 7.724 1515Pa0125
4074.846 106.00113 1.168 -9.813 3.464 CX03Q115
4074.851 607.01314 3.417 -0.856 7.724 1515Pb0115
4074.873 106.00113 1.596 -5.425 3.464 AX21Q275
4074.889 28.0 0.422 -4.8 "" ""
4074.891 24.0 4.452 -0.09 "" ""
4074.93 26.0 4.206 -2.43 "" ""
4074.934 106.00113 1.562 -8.179 3.464 CX14P145
4074.944 40.0 0.542 -0.84 "" ""
4074.955 106.00112 1.523 -4.441 3.464 AX11R275
4074.958 21.0045 1.986 -1.8 LAWHFS ""
4074.959 21.0045 1.986 -1.36 LAWHFS ""
4074.961 21.0045 1.986 -1.07 LAWHFS ""
4074.961 21.0045 1.986 -1.49 LAWHFS ""
4074.963 21.0045 1.986 -1.33 LAWHFS ""
4074.963 21.0045 1.986 -1.49 LAWHFS ""
4074.965 21.0045 1.986 -0.86 LAWHFS ""
4074.966 21.0045 1.986 -1.32 LAWHFS ""
4074.966 21.0045 1.986 -1.67 LAWHFS ""
4074.971 21.0045 1.986 -1.48 LAWHFS ""
4074.971 21.0045 1.986 -1.92 LAWHFS ""
4074.977 21.0045 1.986 -2.35 LAWHFS ""
4075.0 106.00113 1.596 -3.528 3.464 AX21P275
4075.032 106.00112 1.442 -4.499 3.464 AX11R265
4075.032 106.00113 1.168 -6.385 3.464 CX03R105
4075.035 23.0 3.236 -4.68 "" ""
4075.058 12.0 2.71 -5.05 "" ""
4075.11 60.1 0.204 -0.48 LAWLER ""
4075.112 106.00112 0.49 -1.753 3.464 BX11Q085
4075.115 21.0 1.985 -1.43 "" ""
4075.144 106.00113 1.168 -6.332 3.464 CX03R115
4075.144 26.0 2.83 -5.46 "" ""
4075.146 106.00112 0.49 -4.713 3.464 BX11R085
4075.181 106.00113 1.562 -4.905 3.464 CX14Q135
4075.19 106.00113 1.477 -5.508 3.464 CX03Q175
4075.19 22.0 2.736 -1.45 "" ""
4075.191 23.0 2.357 -2.94 "" ""
4075.205 20.0 5.917 -3.91 "" ""
4075.244 42.0 2.068 -1.22 "" ""
4075.251 25.0 4.329 -0.86 "" ""
4075.255 106.00113 1.477 -5.455 3.464 CX03Q185
4075.27 60.1 0.064 -0.76 LAWLER ""
4075.275 106.00113 1.562 -4.824 3.464 CX14Q145
4075.286 106.00112 0.49 -4.592 3.464 BX11P095
4075.319 106.00113 1.516 -4.441 3.464 AX11R275
4075.32 106.00112 0.49 -1.736 3.464 BX11Q095
4075.347 23.0 1.194 -4.2 "" ""
4075.449 20.0 5.989 -2.41 "" ""
4075.47 64.1 0.492 -1.86 LAWLER ""
4075.503 90.0 0.317 -1.38 "" ""
4075.512 26.0 4.28 -3.19 "" ""
4075.522 106.00113 1.562 -8.486 3.464 CX14R135
4075.523 106.00113 1.288 -2.976 3.464 AX54Q035
4075.536 106.00113 1.435 -4.499 3.464 AX11R265
4075.546 22.0 0.825 -3.18 "" ""
4075.546 58.1 0.708 -1.35 LAWLER ""
4075.578 29.0 5.773 -0.98 "" ""
4075.623 24.1 3.102 -3.47 "" ""
4075.627 106.00113 0.988 -8.033 3.464 AX10P235
4075.631 27.1 5.065 -3.11 "" ""
4075.635 106.00113 1.288 -2.976 3.464 AX54Q035
4075.648 607.01314 3.422 -3.332 7.724 1515Qc0125
4075.658 23.0 2.357 -2.21 "" ""
4075.66 106.00113 1.288 -3.924 3.464 AX54R035
4075.663 23.1 1.564 -2.91 "" ""
4075.673 106.00113 1.751 -7.67 3.464 CX25P125
4075.685 607.01314 3.422 -0.788 7.724 1515Pa0135
4075.688 106.00113 1.477 -9.385 3.464 CX03R175
4075.7 58.1 0.7 0.23 LAWLER ""
4075.702 607.01314 3.422 -0.821 7.724 1515Pb0125
4075.771 27.0 3.71 -2.98 "" ""
4075.772 106.00113 1.288 -3.93 3.464 AX54R035
4075.804 23.1 3.793 -3.79 "" ""
4075.83 106.00113 1.751 -4.412 3.464 CX25Q115
4075.83 62.1 0.543 -0.43 LAWLER ""
4075.847 58.1 0.608 0.16 LAWLER ""
4075.871 106.00113 1.562 -5.533 3.464 CX25R035
4075.905 106.00113 1.751 -4.347 3.464 CX25Q125
4075.912 24.0 2.706 -3.85 "" ""
4075.917 106.00112 0.994 -8.033 3.464 AX10P235
4075.932 42.0 2.593 -1.5 "" ""
4075.952 106.00113 1.288 -4.123 3.464 AX54P045
4075.954 26.1 2.542 -3.38 "" ""
4075.972 42.0 3.075 -1.83 "" ""
4076.044 106.00113 1.288 -4.119 3.464 AX54P045
4076.062 106.00113 1.751 -7.844 3.464 CX25R115
4076.071 24.0 4.096 -0.21 "" ""
4076.076 106.00113 1.486 -2.383 3.464 AX54R115
4076.082 41.0 0.348 -1.59 "" ""
4076.089 106.00113 1.288 -2.844 3.464 AX54Q045
4076.101 42.0 2.644 -2.09 "" ""
4076.125 27.0 0.581 -3.08 LAWNHFS ""
4076.127 24.0 4.528 -1.57 "" ""
4076.136 24.0 3.09 -3.73 "" ""
4076.163 106.00113 1.562 -7.839 3.464 CX25Q045
4076.181 106.00113 1.288 -2.844 3.464 AX54Q045
4076.191 42.0 2.985 -0.59 "" ""
4076.207 106.00113 1.486 -2.318 3.464 AX54R125
4076.207 26.1 4.728 -4.01 "" ""
4076.208 106.00113 1.486 -4.252 3.464 AX54Q125
4076.219 26.0 3.069 -2.03 "" ""
4076.239 58.1 0.807 -0.42 "" ""
4076.258 106.00113 1.562 -5.388 3.464 CX25R045
4076.36 26.0 3.684 -3.76 "" ""
4076.361 22.0 0.021 -2.88 "" ""
4076.414 22.1 5.203 -4.47 "" ""
4076.472 106.00113 1.789 -4.562 3.464 AX32R265
4076.49 26.0 2.607 -2.11 "" ""
4076.499 42.0 2.932 -1.47 "" ""
4076.5 106.00112 1.793 -7.852 3.464 CX25R125
4076.504 106.00113 1.789 -1.995 3.464 AX32Q275
4076.505 106.00113 0.841 -5.045 3.464 BX10P215
4076.525 40.0 0.519 -1.05 "" ""
4076.526 607.01314 3.427 -3.366 7.724 1515Qc0135
4076.529 42.0 3.779 -1.12 "" ""
4076.533 106.00112 1.424 -2.507 3.464 AX54R095
4076.559 27.0 3.684 -0.81 "" ""
4076.567 607.01314 3.427 -0.758 7.724 1515Pa0145
4076.582 607.01314 3.427 -0.788 7.724 1515Pb0135
4076.585 106.00112 1.793 -4.346 3.464 CX25Q125
4076.614 106.00112 1.793 -4.281 3.464 CX25Q135
4076.62 62.1 0.104 -1.33 LAWLER ""
4076.629 26.0 3.209 -0.59 DEN14 ""
4076.685 92.1 0.113 -1.3 "" ""
4076.692 57.1139 0.0 -3.429 Lawle01HFS ""
4076.693 25.0 4.255 -1.83 "" ""
4076.694 57.1139 0.0 -3.011 Lawle01HFS ""
4076.694 57.1139 0.0 -3.128 Lawle01HFS ""
4076.695 57.1139 0.0 -3.207 Lawle01HFS ""
4076.697 57.1139 0.0 -2.945 Lawle01HFS ""
4076.698 57.1139 0.0 -2.74 Lawle01HFS ""
4076.699 106.00112 1.424 -2.437 3.464 AX54R105
4076.7 106.00112 1.793 -7.683 3.464 CX25P135
4076.7 57.1139 0.0 -3.304 Lawle01HFS ""
4076.702 57.1139 0.0 -2.886 Lawle01HFS ""
4076.703 106.00112 1.424 -4.231 3.464 AX54Q105
4076.703 57.1139 0.0 -2.533 Lawle01HFS ""
4076.705 57.1139 0.0 -3.45 Lawle01HFS ""
4076.708 57.1139 0.0 -2.92 Lawle01HFS ""
4076.709 57.1139 0.0 -2.362 Lawle01HFS ""
4076.712 57.1139 0.0 -3.684 Lawle01HFS ""
4076.715 57.1139 0.0 -3.102 Lawle01HFS ""
4076.72 57.1139 0.0 -4.102 Lawle01HFS ""
4076.723 44.0 1.122 -0.58 "" ""
4076.735 106.00113 1.789 -2.082 3.464 AX32Q265
4076.767 106.00113 1.789 -5.024 3.464 AX32P275
4076.8 26.0 3.263 -1.18 "" ""
4076.85 62.1 0.04 -1.79 LAWLER ""
4076.855 24.1 3.103 -2.76 "" ""
4076.881 26.0 3.263 -1.39 "" ""
4076.898 106.00113 1.487 -2.383 3.464 AX54R115
4076.903 106.00113 1.748 -4.909 3.464 AX54R185
4076.905 26.0 4.281 -1.66 "" ""
4076.975 106.00113 1.487 -2.318 3.464 AX54R125
4076.975 106.00113 1.487 -4.232 3.464 AX54Q125
4077.008 106.00113 1.135 -5.882 3.464 AX43P095
4077.026 22.0 2.394 -4.89 "" ""
4077.046 40.1 0.959 -1.69 Ljung06 ""
4077.08 24.0 2.707 -1.7 "" ""
4077.081 41.0 1.915 -0.28 "" ""
4077.121 25.1 6.806 -5.21 "" ""
4077.131 106.00112 1.424 -2.507 3.464 AX54R095
4077.142 106.00112 1.604 -3.369 3.464 AX21P285
4077.147 22.0 2.159 -0.65 "" ""
4077.186 24.0 4.529 -1.06 "" ""
4077.192 22.0 2.101 -5.16 "" ""
4077.2 26.0 3.639 -2.68 "" ""
4077.209 106.00112 1.604 -5.424 3.464 AX21Q275
4077.239 26.0 4.309 -1.76 "" ""
4077.248 106.00112 1.424 -2.437 3.464 AX54R105
4077.252 106.00112 1.424 -4.214 3.464 AX54Q105
4077.254 27.0 3.626 -4.57 "" ""
4077.275 26.0 3.281 -3.01 "" ""
4077.277 70.1 4.75 -0.43 "" ""
4077.294 106.00112 1.604 -3.528 3.464 AX21P275
4077.309 23.0 2.377 -5.73 "" ""
4077.31 27.0 3.626 -1.15 "" ""
4077.31 57.1139 0.235 -0.583 Lawle01HFS ""
4077.318 57.1139 0.235 -1.072 Lawle01HFS ""
4077.324 57.1139 0.235 -1.771 Lawle01HFS ""
4077.346 57.1139 0.235 -0.876 Lawle01HFS ""
4077.352 57.1139 0.235 -0.956 Lawle01HFS ""
4077.357 57.1139 0.235 -1.331 Lawle01HFS ""
4077.36 39.0 0.0 0.22 "" ""
4077.374 57.1139 0.235 -1.331 Lawle01HFS ""
4077.379 57.1139 0.235 -1.076 Lawle01HFS ""
4077.383 57.1139 0.235 -1.06 Lawle01HFS ""
4077.393 27.0 3.512 -0.41 "" ""
4077.397 22.1 1.242 -6.65 "" ""
4077.432 607.01314 3.433 -3.397 7.724 1515Qc0145
4077.435 106.00113 0.463 -4.347 3.464 BX00P155
4077.443 24.0 4.436 -3.43 "" ""
4077.467 58.1 0.295 -0.44 BIEMONT ""
4077.477 607.01314 3.433 -0.73 7.724 1515Pa0155
4077.483 27.0 3.968 -2.86 "" ""
4077.49 607.01314 3.433 -0.758 7.724 1515Pb0145
4077.511 24.1 3.103 -2.78 "" ""
4077.544 106.00113 1.834 -6.911 3.464 AX53P235
4077.58 45.0 1.675 -1.19 "" ""
4077.586 27.0 3.407 -4.74 "" ""
4077.612 60.1 1.25 -0.04 "" ""
4077.635 106.00113 1.136 -5.911 3.464 AX43P095
4077.655 26.0 4.412 -2.65 "" ""
4077.678 42.0 3.387 -0.85 "" ""
4077.684 24.0 4.093 -0.19 "" ""
4077.714 106.00113 0.638 -2.19 3.464 BX11R125
4077.714 38.1 0.0 0.15 NIST/AA ""
4077.785 92.0 0.87 0.16 "" ""
4077.823 22.1 5.055 -2.88 "" ""
4077.827 80.0 4.883 -1.47 "" ""
4077.837 22.0 1.738 -6.55 "" ""
4077.858 106.00113 0.638 -6.772 3.464 BX11Q135
4077.882 68.0 0.624 0.19 "" ""
4077.912 106.00113 0.638 -2.235 3.464 BX11R135
