wavelength species excitation loggf disassociation_energy comment
3443.805 607.01214 2.193 -4.204 7.724 1109Qc0115
3443.813 607.01214 2.193 -1.734 7.724 1109Pa0125
3443.824 24.1 4.747 -4.93 "" ""
3443.828 26.1 2.275 -3.27 "" ""
3443.832 607.01214 2.193 -1.773 7.724 1109Pb0115
3443.836 106.00112 0.978 -5.538 3.464 CX23R015
3443.845 23.0 2.614 -1.57 "" ""
3443.846 6.0 7.477 -4.61 "" ""
3443.849 106.00113 0.776 -5.069 3.464 AX52P085
3443.877 26.0 0.087 -1.37 OBR91 ""
3443.902 107.00114 1.142 -2.779 3.400 ""
3443.912 107.00114 1.453 -3.111 3.400 ""
3443.934 107.00114 1.142 -5.418 3.400 ""
3443.958 26.0 3.544 -6.05 "" ""
3443.986 21.0 1.968 -0.39 "" ""
3443.999 106.00112 0.342 -4.776 3.464 CX01P015
3444.1 26.0 3.684 -7.14 "" ""
3444.102 607.01314 2.136 -4.155 7.724 1109Qc0085
3444.109 607.01314 2.136 -1.93 7.724 1109Pa0095
3444.109 607.01314 2.136 -1.98 7.724 1109Pb0085
3444.119 24.1 7.381 -2.79 "" ""
3444.143 26.0 3.544 -6.32 "" ""
3444.152 24.0 3.11 -4.61 "" ""
3444.173 23.1 2.508 -2.68 "" ""
3444.227 106.00112 0.521 -7.99 3.464 AX20R175
3444.23 25.0 4.191 -1.93 "" ""
3444.243 28.0 3.737 -2.97 "" ""
3444.25 66.1 1.169 -0.43 "" ""
3444.281 22.1 4.947 -3.32 "" ""
3444.284 23.0 1.375 -3.23 "" ""
3444.306 22.1 0.151 -0.78 LAWLER ""
3444.32 62.1 0.184 -2.28 LAWLER ""
3444.325 25.1 6.666 -1.61 "" ""
3444.34 106.00112 0.465 -7.954 3.464 AX20R165
3444.34 28.0 3.655 -4.57 "" ""
3444.351 24.1 4.753 -2.34 "" ""
3444.368 106.00113 0.967 -6.101 3.464 CX23R005
3444.375 107.00114 0.311 -3.433 3.400 ""
3444.396 25.1 4.797 -3.57 "" ""
3444.405 24.0 3.165 -3.57 "" ""
3444.407 22.0 1.429 -1.27 LAWLER ""
3444.407 607.01214 2.199 -4.237 7.724 1109Qc0125
3444.416 607.01214 2.199 -1.699 7.724 1109Pa0135
3444.424 23.0 2.357 -5.14 "" ""
3444.426 106.00113 0.669 -5.676 3.464 CX12P015
3444.435 607.01214 2.199 -1.735 7.724 1109Pb0125
3444.444 107.00114 1.467 -1.634 3.400 ""
3444.448 106.00113 0.669 -8.835 3.464 CX12Q015
3444.454 106.00112 0.979 -5.158 3.464 CX23R025
3444.462 107.00114 1.467 -3.357 3.400 ""
3444.462 76.0 1.84 -0.78 "" ""
3444.47 106.00112 0.979 -7.511 3.464 CX23Q025
3444.511 26.0 2.947 -2.07 "" ""
3444.519 25.1 6.181 -2.89 "" ""
3444.556 107.00114 1.467 -2.106 3.400 ""
3444.573 21.0045 0.0 -3.28 LAWHFS ""
3444.574 21.0045 0.0 -3.49 LAWHFS ""
3444.576 21.0045 0.0 -3.78 LAWHFS ""
3444.577 21.0045 0.0 -4.22 LAWHFS ""
3444.58 21.0045 0.0 -3.74 LAWHFS ""
3444.58 21.0045 0.0 -3.75 LAWHFS ""
3444.58 21.0045 0.0 -3.9 LAWHFS ""
3444.58 21.0045 0.0 -3.91 LAWHFS ""
3444.58 65.1 0.796 -0.04 LAWNOHFS ""
3444.582 21.0045 0.0 -3.91 LAWHFS ""
3444.583 21.0045 0.0 -4.09 LAWHFS ""
3444.584 21.0045 0.0 -4.34 LAWHFS ""
3444.585 21.0045 0.0 -4.77 LAWHFS ""
3444.605 23.0 1.05 -3.72 "" ""
3444.61 62.1 0.184 -1.63 LAWLER ""
3444.621 28.0 2.738 -2.42 "" ""
3444.626 607.01314 2.14 -4.199 7.724 1109Qc0095
3444.633 607.01314 2.14 -1.884 7.724 1109Pa0105
3444.633 607.01314 2.14 -1.93 7.724 1109Pb0095
3444.647 24.0 3.09 -5.46 "" ""
3444.664 106.00112 0.58 -8.026 3.464 AX20R185
3444.664 23.0 2.121 -2.13 "" ""
3444.671 26.1 6.725 -4.05 "" ""
3444.693 26.0 2.873 -4.11 "" ""
3444.705 26.0 3.015 -3.16 "" ""
3444.714 6.0 8.531 -0.94 "" ""
3444.753 25.0 4.265 -1.93 "" ""
3444.754 26.1 4.612 -2.59 "" ""
3444.758 23.0 2.357 -5.79 "" ""
3444.824 24.0 3.963 -3.45 "" ""
3444.841 107.00114 0.921 -3.26 3.400 ""
3444.858 24.0 3.884 -3.8 "" ""
3444.881 22.0 0.812 -3.44 "" ""
3444.885 106.00113 0.87 -4.551 3.464 AX52Q105
3444.885 22.0 1.066 -1.04 "" ""
3444.897 106.00113 0.87 -6.609 3.464 AX52R105
3444.903 107.00114 0.311 -4.935 3.400 ""
3444.948 107.00114 0.311 -3.356 3.400 ""
3444.972 106.00112 0.411 -7.918 3.464 AX20R155
3444.988 28.0 3.191 -5.93 "" ""
3445.006 106.00113 0.87 -6.481 3.464 AX52P115
3445.018 106.00113 0.87 -4.499 3.464 AX52Q115
3445.027 607.01214 2.205 -4.266 7.724 1109Qc0135
3445.034 24.1 4.747 -5.03 "" ""
3445.035 42.0 2.521 -0.61 "" ""
3445.037 607.01214 2.205 -1.665 7.724 1109Pa0145
3445.04 24.1 4.934 -3.96 "" ""
3445.056 607.01214 2.205 -1.699 7.724 1109Pb0135
3445.061 26.0 3.015 -3.48 "" ""
3445.07 106.00113 0.669 -5.505 3.464 CX12P025
3445.088 73.0 1.236 -1.24 "" ""
3445.098 24.0 2.542 -1.64 "" ""
3445.111 22.0 2.479 -2.95 "" ""
3445.123 107.00114 1.484 -1.637 3.400 ""
3445.141 21.0 1.942 -1.23 "" ""
3445.142 22.0 2.091 -1.82 "" ""
3445.149 26.0 2.196 -0.54 OBR91 ""
3445.16 62.1 0.277 -1.98 LAWLER ""
3445.165 607.01314 2.145 -4.238 7.724 1109Qc0105
3445.169 27.0 1.881 -1.96 LAWNHFS ""
3445.172 607.01314 2.145 -1.843 7.724 1109Pa0115
3445.172 607.01314 2.145 -1.884 7.724 1109Pb0105
3445.173 23.1 6.473 -0.93 "" ""
3445.173 24.1 4.924 -2.58 "" ""
3445.176 63.1 1.249 -1.36 "" ""
3445.199 24.0 3.885 -2.81 "" ""
3445.206 26.0 2.725 -5.12 "" ""
3445.21 28.0 3.539 -3.56 "" ""
3445.217 90.1 1.286 -0.39 "" ""
3445.218 22.0 2.486 -4.28 "" ""
3445.251 106.00113 0.347 -4.772 3.464 CX01P015
3445.257 42.0 2.068 -0.58 "" ""
3445.264 24.1 4.753 -3.06 "" ""
3445.274 106.00113 0.347 -7.401 3.464 CX01Q015
3445.309 107.00114 1.247 -0.942 3.400 ""
3445.392 90.1 1.545 -0.59 "" ""
3445.397 27.0 1.709 -7.04 "" ""
3445.4 26.0 2.467 -6.08 "" ""
3445.407 25.1 5.811 -5.48 "" ""
3445.429 106.00112 0.466 -7.904 3.464 AX20R165
3445.429 106.00113 0.871 -4.551 3.464 AX52Q105
3445.429 27.0 3.229 -0.56 "" ""
3445.438 106.00112 0.522 -7.937 3.464 AX20R175
3445.44 106.00113 0.871 -6.623 3.464 AX52R105
3445.45 23.0 2.372 -1.39 "" ""
3445.461 42.0 2.834 -1.32 "" ""
3445.487 106.00112 0.97 -6.101 3.464 CX23R005
3445.505 106.00112 0.671 -8.835 3.464 CX12Q015
3445.507 107.00114 1.336 -1.142 3.400 ""
3445.509 106.00113 0.871 -6.469 3.464 AX52P115
3445.511 106.00112 0.671 -5.675 3.464 CX12P015
3445.52 106.00113 0.871 -4.499 3.464 AX52Q115
3445.524 107.00114 1.247 -2.623 3.400 ""
3445.528 23.0 2.073 -2.26 "" ""
3445.549 22.0 0.835 -2.57 LAWLER ""
3445.549 76.0 1.84 -0.66 "" ""
3445.552 107.00114 1.247 -0.92 3.400 ""
3445.57 66.1 0.0 -0.15 LAWLER ""
3445.578 26.1 3.889 -3.07 "" ""
3445.582 24.0 2.543 -2.33 "" ""
3445.584 106.00113 0.988 -5.558 3.464 AX30P245
3445.591 22.0 2.425 -6.54 "" ""
3445.602 26.0 3.544 -7.71 "" ""
3445.615 24.0 2.543 -1.68 "" ""
3445.625 25.0 4.341 -3.9 "" ""
3445.626 106.00113 0.988 -8.025 3.464 AX30Q235
3445.642 25.1 6.653 -4.02 "" ""
3445.648 106.00112 0.729 -7.395 3.464 AX52P055
3445.651 20.0 4.128 -4.7 "" ""
3445.663 607.01214 2.211 -4.293 7.724 1109Qc0145
3445.673 607.01214 2.211 -1.634 7.724 1109Pa0155
3445.686 27.0 3.131 -1.98 "" ""
3445.688 106.00112 0.642 -8.064 3.464 AX20R195
3445.688 41.0 1.531 -0.19 "" ""
3445.693 607.01214 2.211 -1.666 7.724 1109Pb0145
3445.7 62.1 0.659 -1.54 LAWLER ""
3445.713 107.00114 0.64 -3.366 3.400 ""
3445.718 607.01314 2.149 -4.273 7.724 1109Qc0115
3445.72 25.1 6.531 -2.83 "" ""
3445.727 607.01314 2.149 -1.805 7.724 1109Pa0125
3445.727 607.01314 2.149 -1.843 7.724 1109Pb0115
3445.737 107.00114 0.921 -4.512 3.400 ""
3445.745 90.1 1.832 0.15 "" ""
3445.751 107.00114 1.247 -0.891 3.400 ""
3445.76 106.00113 0.988 -5.655 3.464 AX30P235
3445.764 26.0 3.651 -0.35 "" ""
3445.785 107.00114 0.921 -3.16 3.400 ""
3445.802 26.0 2.88 -4.51 "" ""
3445.805 42.0 2.985 -0.74 "" ""
3445.815 26.0 3.544 -7.63 "" ""
3445.83 23.0 1.944 -4.22 "" ""
3445.832 106.00112 0.73 -7.413 3.464 AX52P055
3445.872 25.1 7.047 -9.21 "" ""
3445.88 26.0 3.045 -2.26 "" ""
3445.926 106.00113 0.348 -4.706 3.464 CX01P025
3445.931 107.00114 1.247 -4.931 3.400 ""
3445.934 107.00114 1.336 -2.474 3.400 ""
3445.943 106.00112 0.412 -7.871 3.464 AX20R155
3445.947 26.0 3.651 -1.72 "" ""
3445.949 106.00113 0.518 -7.989 3.464 AX20R175
3445.958 25.1 5.366 -2.37 "" ""
3445.96 107.00114 1.247 -2.592 3.400 ""
3445.991 107.00114 1.336 -1.114 3.400 ""
3446.001 106.00112 0.581 -7.971 3.464 AX20R185
3446.036 26.0 3.632 -4.78 "" ""
3446.071 42.1 2.953 -0.37 "" ""
3446.089 27.0 3.213 0.54 "" ""
3446.095 106.00112 0.361 -7.882 3.464 AX20R145
3446.104 106.00113 0.462 -7.954 3.464 AX20R165
3446.109 22.1 4.965 -1.92 "" ""
3446.128 25.1 5.366 -2.33 "" ""
3446.173 106.00112 0.672 -5.505 3.464 CX12P025
3446.213 107.00114 1.484 -2.233 3.400 ""
3446.228 23.0 0.275 -6.29 "" ""
3446.243 27.0 2.955 -3.33 "" ""
3446.245 106.00112 0.348 -7.401 3.464 CX01Q015
3446.247 25.1 4.82 -3.59 "" ""
3446.252 106.00112 0.348 -4.771 3.464 CX01P015
3446.259 28.0 0.109 -0.38 LAWLER ""
3446.26 28.0 3.541 -1.24 "" ""
3446.276 42.0 2.834 -1.67 "" ""
3446.28 24.0 3.886 -2.36 "" ""
3446.287 607.01314 2.155 -4.306 7.724 1109Qc0125
3446.296 607.01314 2.155 -1.769 7.724 1109Pa0135
3446.296 607.01314 2.155 -1.805 7.724 1109Pb0125
3446.3 107.00114 1.484 -1.608 3.400 ""
3446.317 607.01214 2.218 -4.318 7.724 1109Qc0155
3446.323 107.00114 0.64 -4.783 3.400 ""
3446.327 607.01214 2.218 -1.604 7.724 1109Pa0165
3446.328 106.00113 0.577 -8.026 3.464 AX20R185
3446.346 107.00114 0.64 -3.281 3.400 ""
3446.348 607.01214 2.218 -1.634 7.724 1109Pb0155
3446.365 28.0 3.191 -4.15 "" ""
3446.372 19.0 0.0 -2.92 "" ""
3446.376 27.1 2.236 -1.33 Law18NOHFS ""
3446.428 106.00113 0.97 -7.101 3.464 CX23Q015
3446.458 106.00113 0.97 -5.52 3.464 CX23R015
3446.514 23.0 1.802 -2.02 "" ""
3446.518 107.00114 1.335 -1.071 3.400 ""
3446.52 25.0 3.761 -5.42 "" ""
3446.524 22.0 1.878 -2.97 "" ""
3446.546 69.0 2.162 0.65 "" ""
3446.548 25.1 6.523 -3.46 "" ""
3446.55 106.00112 1.22 -8.747 3.464 AX51P225
3446.565 23.0 0.286 -4.95 "" ""
3446.582 107.00114 0.526 -5.338 3.400 ""
3446.605 40.0 0.519 -0.5 "" ""
3446.614 107.00114 1.336 -4.49 3.400 ""
3446.621 22.1 4.891 -3.22 "" ""
3446.671 107.00114 1.336 -2.431 3.400 ""
3446.691 27.0 2.716 -1.96 "" ""
3446.719 58.1 0.318 -0.94 "" ""
3446.764 25.0 3.768 -2.63 "" ""
3446.768 106.00113 0.409 -7.918 3.464 AX20R155
3446.77 27.0 2.278 -1.94 "" ""
3446.786 26.0 2.607 -2.56 "" ""
3446.811 25.0 4.255 -1.24 "" ""
3446.851 73.1 1.574 0.24 "" ""
3446.871 607.01314 2.161 -4.335 7.724 1109Qc0135
3446.874 68.0 1.308 1.01 "" ""
3446.881 607.01314 2.161 -1.735 7.724 1109Pa0145
3446.881 607.01314 2.161 -1.769 7.724 1109Pb0135
3446.885 70.1 4.01 -1.03 "" ""
3446.892 21.0 2.292 -2.26 "" ""
3446.9 106.00113 1.078 -7.344 3.464 AX41R205
3446.906 106.00113 1.193 -7.774 3.464 AX52R185
3446.945 106.00112 0.349 -4.706 3.464 CX01P025
3446.946 24.0 3.886 -3.06 "" ""
3446.948 106.00113 1.078 -4.562 3.464 AX41Q215
3446.949 26.0 1.01 -3.79 "" ""
3446.951 106.00113 1.078 -4.62 3.464 AX41Q205
3446.953 106.00112 0.362 -7.837 3.464 AX20R145
3446.954 107.00114 1.157 -4.764 3.400 ""
3446.971 107.00114 1.231 -0.689 3.400 ""
3446.971 107.00114 1.231 -0.707 3.400 ""
3446.971 107.00114 1.231 -0.723 3.400 ""
3446.987 607.01214 2.225 -4.342 7.724 1109Qc0165
3446.99 107.00114 1.231 -2.811 3.400 ""
3446.997 607.01214 2.225 -1.576 7.724 1109Pa0175
3446.999 106.00113 1.078 -7.052 3.464 AX41P215
3447.0 66.1 0.92 -0.11 LAWLER ""
3447.015 24.0 2.542 -0.82 "" ""
3447.021 607.01214 2.225 -1.604 7.724 1109Pb0165
3447.058 107.00114 1.243 -0.806 3.400 ""
3447.091 23.0 2.136 -2.51 "" ""
3447.123 42.0 1.53 0.23 "" ""
3447.151 27.0 1.709 -5.47 "" ""
3447.152 106.00113 0.519 -7.936 3.464 AX20R175
3447.155 106.00112 0.644 -8.006 3.464 AX20R195
3447.157 27.0 3.295 -3.23 "" ""
3447.162 27.0 2.955 -7.17 "" ""
3447.181 107.00114 1.243 -2.736 3.400 ""
3447.186 106.00113 0.463 -7.903 3.464 AX20R165
3447.187 107.00114 1.243 -0.789 3.400 ""
3447.195 23.0 1.871 -5.05 "" ""
3447.202 20.0 5.177 -2.35 "" ""
3447.217 25.0 4.675 -3.75 "" ""
3447.228 107.00114 1.242 -0.767 3.400 ""
3447.23 107.00114 1.231 -2.791 3.400 ""
3447.249 107.00114 1.231 -5.455 3.400 ""
3447.249 21.0 2.138 -2.01 "" ""
3447.252 25.0 4.662 -3.04 "" ""
3447.258 69.1 1.11 -0.52 "" ""
3447.265 66.1 1.787 0.3 "" ""
3447.269 23.0 2.357 -7.14 "" ""
3447.271 106.00113 0.638 -8.064 3.464 AX20R195
3447.278 26.0 2.196 -1.02 OBR91 ""
3447.281 25.0 4.317 -3.71 "" ""
3447.289 42.0 2.834 -1.02 "" ""
3447.293 73.0 1.146 -1.03 "" ""
3447.294 27.0 3.277 -0.39 "" ""
3447.339 106.00112 0.707 -8.106 3.464 AX20R205
3447.351 69.0 1.625 0.42 "" ""
3447.352 40.0 0.0 -0.51 "" ""
3447.369 24.0 4.172 -1.18 "" ""
3447.375 19.0 0.0 -3.22 "" ""
3447.407 26.0 2.843 -3.78 "" ""
3447.429 24.0 2.542 -0.08 "" ""
3447.431 22.0 1.878 -2.22 "" ""
3447.443 107.00114 1.243 -5.244 3.400 ""
3447.45 107.00114 1.243 -2.711 3.400 ""
3447.463 21.0 2.294 -2.52 "" ""
3447.47 607.01314 2.167 -4.362 7.724 1109Qc0145
3447.481 607.01314 2.167 -1.704 7.724 1109Pa0155
3447.481 607.01314 2.167 -1.735 7.724 1109Pb0145
3447.489 25.0 4.636 -1.65 "" ""
3447.507 106.00113 0.679 -5.501 3.464 CX12P025
3447.516 68.1 0.886 -0.7 "" ""
3447.53 26.0 2.843 -3.44 "" ""
3447.535 26.1 6.798 -2.72 "" ""
3447.544 106.00113 0.679 -9.71 3.464 CX12Q025
3447.554 23.0 2.113 -2.14 "" ""
3447.563 106.00112 0.973 -5.52 3.464 CX23R015
3447.574 106.00112 0.973 -7.101 3.464 CX23Q015
3447.603 106.00113 0.669 -6.745 3.464 CX12P015
3447.603 23.0 2.357 -5.25 "" ""
3447.657 106.00113 0.578 -7.97 3.464 AX20R185
3447.676 607.01214 2.233 -4.363 7.724 1109Qc0175
3447.684 106.00112 0.314 -7.844 3.464 AX20R135
3447.687 607.01214 2.233 -1.548 7.724 1109Pa0185
3447.699 23.0 2.33 -3.06 "" ""
3447.699 25.0 3.769 -4.48 "" ""
3447.708 607.01214 2.233 -1.576 7.724 1109Pb0175
3447.727 22.0 1.995 -5.85 "" ""
3447.732 106.00113 0.41 -7.87 3.464 AX20R155
3447.732 66.1 1.845 0.36 "" ""
3447.734 45.0 0.965 -1.3 "" ""
3447.753 24.0 2.543 -0.74 "" ""
3447.763 106.00112 1.143 -7.696 3.464 AX52R175
3447.774 25.1 5.366 -3.12 "" ""
3447.79 22.0 2.083 -1.99 "" ""
3447.806 106.00112 1.306 -6.542 3.464 CX34R055
3447.915 106.00113 0.359 -7.881 3.464 AX20R145
3447.915 26.0 2.843 -4.84 "" ""
3447.926 106.00113 0.679 -5.325 3.464 CX12P035
3447.955 107.00114 1.483 -1.496 3.400 ""
3447.962 22.0 2.266 -2.29 "" ""
3447.986 107.00114 1.484 -3.584 3.400 ""
3448.003 26.0 3.239 -2.26 "" ""
3448.037 21.0 1.985 -0.72 "" ""
3448.053 25.0 4.682 -3.09 "" ""
3448.066 68.1 0.669 -0.85 LAWLER ""
3448.073 107.00114 1.484 -2.154 3.400 ""
3448.085 607.01314 2.173 -4.387 7.724 1109Qc0155
3448.096 607.01314 2.173 -1.674 7.724 1109Pa0165
3448.096 607.01314 2.173 -1.704 7.724 1109Pb0155
3448.106 106.00113 1.194 -7.721 3.464 AX52R185
3448.144 23.0 2.364 -5.55 "" ""
3448.16 22.0 2.115 -3.3 "" ""
3448.161 23.0 2.676 -7.48 "" ""
3448.188 26.0 2.402 -3.56 "" ""
3448.19 106.00112 0.995 -4.78 3.464 AX52R135
3448.21 74.0 2.969 -0.23 "" ""
3448.22 107.00114 1.453 -3.453 3.400 ""
3448.22 41.1 1.81 -1.06 Nilsson10 ""
3448.251 21.0 2.301 -2.21 "" ""
3448.252 22.0 0.825 -2.41 "" ""
3448.255 106.00112 0.995 -4.76 3.464 AX52R145
3448.275 21.0 2.294 -2.15 "" ""
3448.282 106.00112 0.995 -6.576 3.464 AX52Q145
3448.324 107.00114 1.453 -3.029 3.400 ""
3448.348 27.0 3.25 -1.15 "" ""
3448.36 106.00113 0.358 -4.704 3.464 CX01P025
3448.368 22.0 2.152 -2.47 "" ""
3448.382 607.01214 2.241 -4.383 7.724 1109Qc0185
3448.394 23.0 2.357 -3.76 "" ""
3448.395 607.01214 2.241 -1.522 7.724 1109Pa0195
3448.399 106.00113 0.358 -8.053 3.464 CX01Q025
3448.41 106.00112 0.778 -5.14 3.464 AX52P075
3448.415 24.0 4.172 -1.96 "" ""
3448.416 607.01214 2.241 -1.548 7.724 1109Pb0185
3448.425 25.0 3.769 -2.61 "" ""
3448.43 26.1 3.964 -3.07 "" ""
3448.435 106.00112 0.315 -7.801 3.464 AX20R135
3448.442 106.00112 0.778 -6.521 3.464 AX52Q075
3448.469 26.0 3.015 -4.67 "" ""
3448.5 21.0 1.986 -0.48 "" ""
3448.533 26.0 2.829 -5.33 "" ""
3448.537 27.0 3.131 -4.44 "" ""
3448.538 23.0 1.798 -3.78 "" ""
3448.552 106.00112 1.222 -8.81 3.464 AX51P225
3448.572 45.0 1.832 -0.48 "" ""
3448.586 106.00113 1.08 -4.562 3.464 AX41Q215
3448.586 26.0 2.829 -4.55 "" ""
3448.599 106.00113 1.08 -7.368 3.464 AX41R205
3448.602 106.00112 0.681 -9.709 3.464 CX12Q025
3448.607 106.00113 0.347 -5.88 3.464 CX01P015
3448.612 106.00112 0.681 -5.5 3.464 CX12P025
3448.615 106.00112 0.778 -5.068 3.464 AX52P085
3448.643 106.00113 1.08 -7.03 3.464 AX41P215
3448.656 106.00113 1.08 -4.621 3.464 AX41Q205
3448.659 27.0 2.079 -2.36 "" ""
3448.67 41.1 1.82 -1.09 Nilsson10 ""
3448.671 23.1 2.513 -3.39 "" ""
3448.69 106.00112 0.671 -6.745 3.464 CX12P015
3448.716 607.01314 2.18 -4.409 7.724 1109Qc0165
3448.72 106.00112 0.778 -5.14 3.464 AX52P075
3448.727 607.01314 2.18 -1.645 7.724 1109Pa0175
3448.727 607.01314 2.18 -1.674 7.724 1109Pb0165
3448.729 106.00113 0.64 -8.006 3.464 AX20R195
3448.752 106.00112 0.778 -6.535 3.464 AX52Q075
3448.767 106.00113 0.36 -7.836 3.464 AX20R145
3448.781 26.0 2.829 -3.21 "" ""
3448.786 92.0 0.0 -0.53 "" ""
3448.798 106.00113 0.358 -4.607 3.464 CX01P035
3448.8 39.1 0.409 -1.41 Biemont11 ""
3448.809 106.00113 0.703 -8.105 3.464 AX20R205
3448.831 24.0 3.373 -4.38 "" ""
3448.833 24.1 5.666 -4.07 "" ""
3448.833 74.0 1.915 -0.51 "" ""
3448.861 26.0 2.557 -2.73 "" ""
3448.885 106.00112 1.144 -7.645 3.464 AX52R175
3448.895 106.00112 0.778 -5.068 3.464 AX52P085
3448.939 106.00112 0.708 -8.045 3.464 AX20R205
3448.963 44.0 1.418 -0.65 "" ""
3448.966 42.0 2.474 -1.24 "" ""
3448.966 77.0 0.505 -1.72 "" ""
3448.971 106.00112 0.774 -9.001 3.464 AX30P205
3449.036 106.00112 0.996 -4.78 3.464 AX52R135
3449.036 107.00114 0.859 -5.135 3.400 ""
3449.039 25.0 3.761 -1.36 "" ""
3449.048 106.00112 0.681 -5.325 3.464 CX12P035
3449.05 106.00112 0.996 -4.761 3.464 AX52R145
3449.057 22.0 2.235 -4.54 "" ""
3449.058 26.0 2.947 -3.56 "" ""
3449.074 42.0 1.469 -0.61 "" ""
3449.077 106.00112 0.996 -6.553 3.464 AX52Q145
3449.08 107.00114 1.203 -3.145 3.400 ""
3449.101 26.0 3.239 -3.48 "" ""
3449.105 607.01214 2.25 -4.401 7.724 1109Qc0195
3449.113 21.0 2.292 -2.35 "" ""
3449.12 607.01214 2.25 -1.497 7.724 1109Pa0205
3449.14 607.01214 2.25 -1.522 7.724 1109Pb0195
3449.148 27.0059 0.581 -1.465 Lawle15HFS ""
3449.151 24.1 4.494 -2.75 "" ""
3449.155 27.0059 0.581 -1.284 Lawle15HFS ""
3449.161 27.0059 0.581 -0.766 Lawle15HFS ""
3449.162 27.0059 0.581 -1.253 Lawle15HFS ""
3449.167 27.0059 0.581 -1.058 Lawle15HFS ""
3449.169 27.0059 0.581 -1.317 Lawle15HFS ""
3449.171 27.0059 0.581 -1.464 Lawle15HFS ""
3449.174 27.0059 0.581 -1.516 Lawle15HFS ""
3449.175 27.0059 0.581 -2.181 Lawle15HFS ""
3449.178 27.0059 0.581 -3.421 Lawle15HFS ""
3449.18 27.0059 0.581 -1.465 Lawle15HFS ""
3449.18 27.0059 0.581 -1.771 Lawle15HFS ""
3449.183 27.0059 0.581 -1.284 Lawle15HFS ""
3449.184 27.0059 0.581 -1.253 Lawle15HFS ""
3449.185 27.0059 0.581 -1.317 Lawle15HFS ""
3449.185 27.0059 0.581 -1.516 Lawle15HFS ""
3449.201 76.0 1.411 -1.77 Quinet06 ""
3449.282 24.1 4.757 -2.5 "" ""
3449.287 90.1 2.873 0.46 "" ""
3449.362 75.0 1.879 -0.19 "" ""
3449.363 607.01314 2.188 -4.431 7.724 1109Qc0175
3449.364 23.0 1.929 -4.73 "" ""
3449.369 106.00112 0.359 -8.053 3.464 CX01Q025
3449.375 607.01314 2.188 -1.618 7.724 1109Pa0185
3449.375 607.01314 2.188 -1.645 7.724 1109Pb0175
3449.381 106.00112 0.359 -4.704 3.464 CX01P025
3449.399 27.0059 0.431 -2.316 Lawle15HFS ""
3449.402 27.0059 0.431 -2.095 Lawle15HFS ""
3449.402 27.0059 0.431 -2.12 Lawle15HFS ""
3449.406 27.0059 0.431 -2.106 Lawle15HFS ""
3449.407 27.0059 0.431 -1.992 Lawle15HFS ""
3449.409 27.0059 0.431 -2.316 Lawle15HFS ""
3449.412 27.0059 0.431 -1.968 Lawle15HFS ""
3449.413 27.0059 0.431 -1.949 Lawle15HFS ""
3449.416 27.0059 0.431 -2.095 Lawle15HFS ""
3449.42 27.0059 0.431 -1.801 Lawle15HFS ""
3449.422 27.0059 0.431 -1.96 Lawle15HFS ""
3449.425 27.0059 0.431 -1.992 Lawle15HFS ""
3449.43 27.0059 0.431 -1.632 Lawle15HFS ""
3449.432 27.0059 0.431 -2.037 Lawle15HFS ""
3449.437 27.0059 0.431 -1.949 Lawle15HFS ""
3449.442 27.0059 0.431 -1.473 Lawle15HFS ""
3449.445 27.0059 0.431 -2.252 Lawle15HFS ""
3449.45 27.0059 0.431 -1.96 Lawle15HFS ""
3449.455 27.0059 0.431 -1.325 Lawle15HFS ""
3449.458 26.1 2.889 -3.81 "" ""
3449.465 27.0059 0.431 -2.037 Lawle15HFS ""
3449.471 27.0059 0.431 -1.189 Lawle15HFS ""
3449.472 25.1 5.369 -2.33 "" ""
3449.477 24.1 4.753 -7.31 "" ""
3449.481 42.0 1.334 -2.82 "" ""
3449.482 27.0059 0.431 -2.252 Lawle15HFS ""
3449.507 23.0 1.05 -3.09 "" ""
3449.523 106.00113 0.312 -7.843 3.464 AX20R135
3449.53 62.1 0.333 -1.88 LAWLER ""
3449.577 21.0 2.134 -3.07 "" ""
3449.59 24.0 2.985 -2.92 "" ""
3449.608 107.00114 1.307 -0.912 3.400 ""
3449.609 106.00112 0.348 -5.88 3.464 CX01P015
3449.613 106.00113 0.731 -8.097 3.464 AX41P145
3449.62 64.1 0.032 -0.96 LAWLER ""
3449.634 42.0 2.621 -1.12 "" ""
3449.645 90.1 1.31 -0.44 "" ""
3449.662 23.0 0.275 -6.29 "" ""
3449.666 106.00112 0.774 -8.152 3.464 AX20R215
3449.699 26.0 2.996 -6.4 "" ""
3449.701 21.0 1.427 -5.79 "" ""
3449.71 27.0 3.295 -3.14 "" ""
3449.718 106.00112 0.27 -7.803 3.464 AX20R125
3449.761 69.1 2.852 0.56 "" ""
3449.766 107.00114 0.181 -5.538 3.400 ""
3449.783 24.0 3.367 -4.68 "" ""
3449.797 107.00114 1.307 -2.643 3.400 ""
3449.82 107.00114 1.307 -0.891 3.400 ""
3449.836 106.00112 0.359 -4.607 3.464 CX01P035
3449.847 607.01214 2.259 -4.419 7.724 1109Qc0205
3449.853 42.0 2.513 -0.69 "" ""
3449.862 607.01214 2.259 -1.473 7.724 1109Pa0215
3449.866 22.0 0.818 -2.43 "" ""
3449.868 74.1 1.662 -1.58 "" ""
3449.881 607.01214 2.259 -1.497 7.724 1109Pb0205
3449.89 66.1 0.54 -0.75 LAWLER ""
3449.926 107.00114 1.377 -1.096 3.400 ""
3449.964 23.0 1.063 -4.71 "" ""
3449.979 26.0 3.069 -3.17 "" ""
3450.003 22.0 2.47 -3.12 "" ""
3450.022 107.00114 1.307 -0.864 3.400 ""
3450.027 607.01314 2.196 -4.45 7.724 1109Qc0185
3450.035 23.0 1.948 -3.19 "" ""
3450.04 106.00113 1.038 -4.767 3.464 AX52R145
3450.04 607.01314 2.196 -1.591 7.724 1109Pa0195
3450.04 607.01314 2.196 -1.618 7.724 1109Pb0185
3450.074 23.0 1.847 -5.97 "" ""
3450.08 23.0 2.676 -3.68 "" ""
3450.106 106.00113 1.038 -4.754 3.464 AX52R155
3450.122 106.00113 1.038 -6.593 3.464 AX52Q155
3450.131 26.0 2.586 -2.95 "" ""
3450.173 107.00114 1.307 -4.995 3.400 ""
3450.196 107.00114 1.307 -2.613 3.400 ""
3450.223 106.00112 0.734 -8.097 3.464 AX41P145
3450.268 106.00113 0.313 -7.801 3.464 AX20R135
3450.288 45.0 1.675 -0.34 "" ""
3450.305 107.00114 1.377 -2.503 3.400 ""
3450.31 107.00114 1.322 -0.672 3.400 ""
3450.31 107.00114 1.322 -0.689 3.400 ""
3450.31 107.00114 1.322 -0.704 3.400 ""
3450.316 106.00113 0.967 -5.655 3.464 CX23Q005
3450.327 25.0 2.113 -5.87 "" ""
3450.328 26.0 2.221 -0.96 "" ""
3450.334 106.00113 0.967 -6.102 3.464 CX23R005
3450.342 107.00114 1.322 -2.822 3.400 ""
3450.348 26.0 2.996 -8.34 "" ""
3450.356 107.00114 1.377 -1.07 3.400 ""
3450.359 106.00113 0.75 -7.392 3.464 AX52P065
3450.367 106.00112 0.27 -7.764 3.464 AX20R125
3450.38 64.1 0.492 0.16 LAWLER ""
3450.384 24.0 3.889 -3.19 "" ""
3450.4 106.00113 0.704 -8.045 3.464 AX20R205
3450.403 26.0 3.637 -3.07 "" ""
3450.42 106.00113 0.692 -5.323 3.464 CX12P035
3450.42 107.00114 1.203 -4.187 3.400 ""
3450.439 106.00113 0.77 -9.0 3.464 AX30P205
3450.456 24.0 3.963 -1.96 "" ""
3450.472 106.00113 0.692 -10.52 3.464 CX12Q035
3450.497 21.0 2.294 -1.65 "" ""
3450.498 107.00114 1.203 -3.028 3.400 ""
3450.51 23.0 0.04 -3.6 "" ""
3450.56 25.0 3.768 -3.62 "" ""
3450.566 107.00114 1.322 -2.802 3.400 ""
3450.589 106.00113 0.732 -8.141 3.464 AX41P145
3450.598 107.00114 1.322 -5.49 3.400 ""
3450.598 25.0 4.265 -0.8 "" ""
3450.6 106.00113 0.75 -7.413 3.464 AX52P065
3450.607 607.01214 2.268 -4.435 7.724 1109Qc0215
3450.618 24.0 2.998 -3.47 "" ""
3450.622 607.01214 2.268 -1.449 7.724 1109Pa0225
3450.639 21.0 2.292 -2.29 "" ""
3450.641 607.01214 2.268 -1.473 7.724 1109Pb0215
3450.661 22.0 1.872 -4.7 "" ""
3450.707 607.01314 2.204 -4.468 7.724 1109Qc0195
3450.721 106.00113 0.692 -5.17 3.464 CX12P045
3450.725 607.01314 2.204 -1.566 7.724 1109Pa0205
3450.725 607.01314 2.204 -1.591 7.724 1109Pb0195
3450.749 22.0 0.812 -2.59 "" ""
3450.751 24.0 3.077 -1.18 "" ""
3450.756 27.0 3.064 -4.28 "" ""
3450.76 41.1 1.82 -0.9 Nilsson10 ""
3450.768 20.0 4.128 -3.93 "" ""
3450.782 106.00112 0.776 -9.061 3.464 AX30P205
3450.79 24.0 3.885 -2.45 "" ""
3450.809 107.00114 1.377 -1.031 3.400 ""
3450.825 42.0 1.469 -2.37 "" ""
3450.863 24.1 4.29 -2.03 "" ""
3450.909 22.0 2.101 -3.0 "" ""
3450.914 26.0 2.607 -9.36 "" ""
3450.915 106.00112 0.873 -6.607 3.464 AX52R105
3450.915 23.0 2.364 -5.81 "" ""
3450.916 107.00114 1.377 -4.588 3.400 ""
3450.917 26.0 2.88 -5.95 "" ""
3450.918 106.00112 0.873 -4.55 3.464 AX52Q105
3450.927 26.0 2.424 -6.42 "" ""
3450.94 39.0 2.011 0.33 "" ""
3450.947 90.1 1.642 -0.31 "" ""
3450.967 107.00114 1.377 -2.463 3.400 ""
3450.978 106.00113 0.77 -8.151 3.464 AX20R215
3450.985 107.00114 1.32 -0.784 3.400 ""
3450.987 106.00113 1.039 -4.767 3.464 AX52R145
3450.995 27.0 3.064 -3.09 "" ""
3450.998 106.00113 1.039 -4.754 3.464 AX52R155
3451.013 106.00113 1.039 -6.568 3.464 AX52Q155
3451.03 106.00112 1.083 -7.343 3.464 AX41R205
3451.037 106.00112 0.873 -4.497 3.464 AX52Q115
3451.04 106.00112 0.873 -6.48 3.464 AX52P115
3451.045 23.1 2.508 -1.49 "" ""
3451.049 23.0 2.58 -5.74 "" ""
3451.062 106.00113 0.892 -7.235 3.464 AX41Q175
3451.064 24.1 4.981 -2.71 "" ""
3451.076 107.00114 1.32 -2.749 3.400 ""
3451.085 106.00112 1.083 -4.561 3.464 AX41Q215
3451.09 106.00112 1.083 -4.619 3.464 AX41Q205
3451.09 107.00114 1.32 -0.767 3.400 ""
3451.098 106.00113 0.892 -5.106 3.464 AX41P175
3451.098 107.00114 1.32 -0.747 3.400 ""
3451.108 26.0 3.544 -5.0 "" ""
3451.121 25.1 5.369 -2.38 "" ""
3451.126 106.00113 0.892 -5.042 3.464 AX41P185
3451.146 106.00112 1.083 -7.051 3.464 AX41P215
3451.147 45.0 0.41 -2.45 "" ""
3451.216 106.00112 0.735 -8.141 3.464 AX41P145
3451.22 26.1 6.802 -1.43 "" ""
3451.24 64.1 0.382 -0.25 LAWLER ""
3451.243 106.00113 0.371 -4.606 3.464 CX01P035
3451.262 107.00114 1.467 -3.038 3.400 ""
3451.297 106.00113 0.371 -8.527 3.464 CX01Q035
3451.307 24.1 4.94 -4.57 "" ""
3451.318 26.1 6.802 -1.52 "" ""
3451.331 107.00114 1.32 -5.289 3.400 ""
3451.338 26.0 2.988 -5.82 "" ""
3451.343 26.0 3.263 -2.31 "" ""
3451.345 107.00114 1.32 -2.726 3.400 ""
3451.386 607.01214 2.278 -4.45 7.724 1109Qc0225
3451.395 26.1 7.133 -2.55 "" ""
3451.402 607.01214 2.278 -1.426 7.724 1109Pa0235
3451.403 106.00112 0.776 -8.089 3.464 AX20R215
3451.405 607.01314 2.212 -4.485 7.724 1109Qc0205
3451.41 23.0 1.847 -5.79 "" ""
3451.416 607.01314 2.212 -1.566 7.724 1109Pb0205
3451.419 607.01214 2.278 -1.449 7.724 1109Pb0225
3451.419 607.01314 2.212 -1.541 7.724 1109Pa0215
3451.435 76.0 0.516 -2.7 Quinet06 ""
3451.457 106.00112 0.97 -6.101 3.464 CX23R005
3451.464 106.00112 0.97 -5.655 3.464 CX23Q005
3451.467 106.00112 0.874 -6.621 3.464 AX52R105
3451.47 106.00112 0.874 -4.55 3.464 AX52Q105
3451.473 26.0 3.209 -2.41 "" ""
3451.498 25.0 3.769 -1.21 "" ""
3451.529 21.0 2.301 -4.13 "" ""
3451.53 106.00112 0.694 -10.52 3.464 CX12Q035
3451.544 106.00112 0.694 -5.322 3.464 CX12P035
3451.546 26.1 6.802 -1.39 "" ""
3451.548 106.00112 0.874 -4.497 3.464 AX52Q115
3451.551 106.00112 0.874 -6.468 3.464 AX52P115
3451.557 106.00113 0.371 -4.513 3.464 CX01P045
3451.564 58.1 0.739 -0.61 "" ""
3451.567 25.1 4.82 -3.27 "" ""
3451.57 106.00113 0.268 -7.803 3.464 AX20R125
3451.6 23.0 1.847 -5.12 "" ""
3451.614 26.0 2.422 -1.56 "" ""
3451.63 106.00113 0.975 -5.204 3.464 CX23Q015
3451.654 107.00114 0.362 -3.458 3.400 ""
3451.655 26.0 2.557 -1.28 "" ""
3451.656 23.0 1.375 -2.11 "" ""
3451.66 106.00113 0.975 -6.816 3.464 CX23R015
3451.664 106.00113 0.804 -5.055 3.464 AX52P085
3451.699 106.00113 0.804 -6.55 3.464 AX52Q085
3451.716 26.0 3.639 -4.63 "" ""
3451.742 22.0 2.091 -2.54 "" ""
3451.774 106.00113 0.984 -4.99 3.464 CX23Q025
3451.816 106.00113 0.984 -6.833 3.464 CX23R025
3451.842 23.1 5.845 -4.05 "" ""
3451.849 106.00113 0.997 -4.837 3.464 CX23Q035
3451.851 106.00113 0.804 -4.987 3.464 AX52P095
3451.857 25.0 4.191 -2.46 "" ""
3451.863 106.00112 0.694 -5.17 3.464 CX12P045
3451.865 75.0 0.0 -0.89 "" ""
3451.875 24.0 3.886 -4.12 "" ""
3451.896 27.0 3.064 -6.52 "" ""
3451.904 106.00113 0.997 -6.835 3.464 CX23R035
3451.911 106.00113 1.012 -4.709 3.464 CX23Q045
3451.915 26.0 2.221 -1.0 "" ""
3451.935 27.1 2.377 -7.88 "" ""
3451.94 28.0 3.676 -1.8 "" ""
3451.967 26.0 3.544 -3.92 "" ""
3451.974 28.0 3.676 -2.4 "" ""
3451.978 23.0 2.58 -3.52 "" ""
3451.979 106.00113 1.012 -6.828 3.464 CX23R045
3451.982 106.00113 1.031 -4.597 3.464 CX23Q055
3452.025 21.0 2.294 -2.94 "" ""
3452.036 22.0 2.083 -2.47 "" ""
3452.045 106.00113 0.804 -5.054 3.464 AX52P085
3452.063 106.00113 1.031 -6.817 3.464 CX23R055
3452.08 106.00113 0.804 -6.565 3.464 AX52Q085
3452.081 106.00113 1.013 -7.932 3.464 CX23P055
3452.082 106.00113 1.052 -4.493 3.464 CX23Q065
3452.09 106.00113 1.031 -8.207 3.464 CX23P065
3452.102 106.00113 0.997 -7.657 3.464 CX23P045
3452.102 24.0 2.542 -5.36 "" ""
3452.119 107.00114 0.362 -5.021 3.400 ""
3452.12 607.01314 2.221 -4.501 7.724 1109Qc0215
3452.132 607.01314 2.221 -1.541 7.724 1109Pb0215
3452.135 607.01314 2.221 -1.517 7.724 1109Pa0225
3452.137 107.00114 0.362 -3.387 3.400 ""
3452.139 106.00113 1.052 -8.495 3.464 CX23P075
3452.149 106.00113 1.013 -4.597 3.464 CX23Q055
3452.15 106.00113 0.985 -7.365 3.464 CX23P035
3452.157 106.00113 0.997 -4.709 3.464 CX23Q045
3452.171 106.00113 1.031 -4.493 3.464 CX23Q065
3452.171 27.0 3.213 -0.74 "" ""
3452.176 106.00113 1.052 -6.803 3.464 CX23R065
3452.177 106.00112 0.229 -7.76 3.464 AX20R115
3452.184 57.1 0.173 -1.29 "" ""
3452.184 607.01214 2.288 -4.464 7.724 1109Qc0235
3452.192 106.00113 0.985 -4.836 3.464 CX23Q035
3452.198 106.00113 0.804 -4.987 3.464 AX52P095
3452.198 26.0 3.639 -2.12 "" ""
3452.2 607.01214 2.288 -1.404 7.724 1109Pa0245
3452.206 26.0 3.692 -4.5 "" ""
3452.212 107.00114 0.958 -3.291 3.400 ""
3452.214 106.00113 0.269 -7.763 3.464 AX20R125
3452.215 607.01214 2.288 -1.426 7.724 1109Pb0235
3452.225 25.0 3.769 -1.92 "" ""
3452.226 106.00113 1.077 -4.395 3.464 CX23Q075
3452.232 106.00113 0.976 -7.025 3.464 CX23P025
3452.233 106.00113 1.052 -4.395 3.464 CX23Q075
3452.24 106.00113 1.077 -8.809 3.464 CX23P085
3452.262 106.00113 0.772 -9.06 3.464 AX30P205
3452.262 106.00113 0.976 -4.989 3.464 CX23Q025
3452.266 106.00112 0.372 -8.527 3.464 CX01Q035
3452.275 26.0 0.957 -1.92 OBR91 ""
3452.283 106.00112 0.372 -4.606 3.464 CX01P035
3452.305 72.0 0.699 -1.28 "" ""
3452.32 26.1 3.964 -4.45 "" ""
3452.32 27.0 2.698 -1.27 "" ""
3452.324 27.0 3.295 0.29 "" ""
3452.335 106.00113 1.077 -6.787 3.464 CX23R075
3452.34 41.1 1.82 -0.7 Nilsson10 ""
3452.348 106.00113 1.077 -4.301 3.464 CX23Q085
3452.351 106.00112 1.291 -6.542 3.464 CX34R045
3452.393 106.00113 0.97 -6.539 3.464 CX23P015
3452.395 70.0 3.689 0.12 "" ""
3452.398 27.0 3.277 -2.83 "" ""
3452.407 106.00113 0.894 -7.265 3.464 AX41Q175
3452.41 106.00113 1.104 -9.168 3.464 CX23P095
3452.41 23.0 2.129 -2.87 "" ""
3452.411 106.00113 0.97 -5.199 3.464 CX23Q015
3452.412 6.0 7.482 -3.53 "" ""
3452.413 106.00113 0.894 -5.042 3.464 AX41P185
3452.43 21.0 1.968 -2.29 "" ""
3452.436 106.00113 1.104 -4.301 3.464 CX23Q085
3452.437 23.0 0.286 -5.63 "" ""
3452.44 106.00113 0.894 -5.106 3.464 AX41P175
3452.454 106.00112 0.896 -7.235 3.464 AX41Q175
3452.463 26.0 2.863 -4.12 "" ""
3452.465 22.1 2.046 -0.56 LAWLER ""
3452.467 25.0 2.886 -4.51 "" ""
3452.476 25.0 4.824 -2.72 "" ""
3452.494 106.00112 0.896 -5.105 3.464 AX41P175
3452.498 24.0 3.847 -2.3 "" ""
3452.522 106.00112 0.896 -5.041 3.464 AX41P185
3452.533 106.00113 1.104 -4.211 3.464 CX23Q095
3452.558 106.00113 1.104 -6.771 3.464 CX23R085
3452.593 23.0 1.802 -3.06 "" ""
3452.601 42.0 2.258 -0.51 "" ""
3452.605 24.0 3.119 -5.04 "" ""
3452.614 106.00112 0.373 -4.512 3.464 CX01P045
3452.617 28.0 1.934 -3.13 "" ""
3452.655 28.0 3.737 -0.92 "" ""
3452.656 20.1 7.499 -1.24 "" ""
3452.663 28.0 3.594 -1.66 "" ""
3452.673 106.00113 1.135 -9.607 3.464 CX23P105
3452.682 90.1 0.774 -0.78 "" ""
3452.704 106.00113 0.772 -8.089 3.464 AX20R215
3452.725 106.00112 0.844 -8.205 3.464 AX20R225
3452.729 106.00112 0.229 -7.723 3.464 AX20R115
3452.734 106.00113 1.135 -4.211 3.464 CX23Q095
3452.756 106.00112 1.085 -4.561 3.464 AX41Q215
3452.766 62.1 0.378 -1.44 "" ""
3452.768 106.00112 0.978 -6.816 3.464 CX23R015
3452.773 106.00112 1.085 -7.367 3.464 AX41R205
3452.78 106.00112 0.978 -5.204 3.464 CX23Q015
3452.809 106.00113 1.135 -4.124 3.464 CX23Q105
3452.812 42.1 4.552 -1.0 "" ""
3452.815 25.1 6.663 -3.17 "" ""
3452.816 106.00112 1.085 -7.029 3.464 AX41P215
3452.834 106.00112 1.085 -4.62 3.464 AX41Q205
3452.853 607.01314 2.231 -4.516 7.724 1109Qc0225
3452.866 607.01314 2.231 -1.517 7.724 1109Pb0225
3452.869 607.01314 2.231 -1.494 7.724 1109Pa0235
3452.871 106.00113 1.135 -6.755 3.464 CX23R095
3452.889 28.0 0.109 -0.9 LAWLER ""
3452.907 44.0 0.259 -1.95 "" ""
3452.91 106.00112 0.988 -6.833 3.464 CX23R025
3452.918 22.0 1.066 -0.59 "" ""
3452.925 106.00112 0.988 -4.99 3.464 CX23Q025
3452.936 20.0 5.041 -1.47 "" ""
3452.982 106.00112 1.0 -6.834 3.464 CX23R035
3452.983 107.00114 0.958 -4.631 3.400 ""
3452.99 107.00114 0.686 -3.393 3.400 ""
3452.99 23.0 1.941 -3.94 "" ""
3453.0 607.01214 2.299 -4.477 7.724 1109Qc0245
3453.003 106.00112 1.0 -4.836 3.464 CX23Q035
3453.017 607.01214 2.299 -1.382 7.724 1109Pa0255
3453.02 26.0 2.756 -1.14 "" ""
3453.02 62.1 0.277 -2.2 LAWLER ""
3453.021 69.0 2.316 0.8 "" ""
3453.03 607.01214 2.299 -1.404 7.724 1109Pb0245
3453.036 21.0 2.138 -3.22 "" ""
3453.039 67.1165 0.079 -0.727 LAWLER ""
3453.04 67.1165 0.079 -2.047 LAWLER ""
3453.04 67.1165 0.079 -3.685 LAWLER ""
3453.042 106.00112 1.016 -6.828 3.464 CX23R045
3453.047 107.00114 0.958 -3.2 3.400 ""
3453.053 106.00113 1.168 -10.218 3.464 CX23P115
3453.067 106.00112 1.016 -4.709 3.464 CX23Q045
3453.07 67.1165 0.079 -3.304 LAWLER ""
3453.071 67.1165 0.079 -0.792 LAWLER ""
3453.071 67.1165 0.079 -1.823 LAWLER ""
3453.076 23.1 2.554 -1.3 "" ""
3453.083 24.0 2.965 -2.92 "" ""
3453.097 67.1165 0.079 -3.125 LAWLER ""
3453.098 67.1165 0.079 -1.734 LAWLER ""
3453.099 67.1165 0.079 -0.859 LAWLER ""
3453.113 106.00112 1.034 -6.817 3.464 CX23R055
3453.115 26.0 3.684 -5.51 "" ""
3453.116 26.0 3.069 -3.21 "" ""
3453.12 67.1165 0.079 -3.063 LAWLER ""
3453.122 67.1165 0.079 -1.713 LAWLER ""
3453.123 67.1165 0.079 -0.93 LAWLER ""
3453.13 23.1 6.491 -1.12 "" ""
3453.14 67.1165 0.079 -3.116 LAWLER ""
3453.141 67.1165 0.079 -1.744 LAWLER ""
3453.142 106.00112 1.034 -4.596 3.464 CX23Q055
3453.143 67.1165 0.079 -1.003 LAWLER ""
3453.148 106.00113 1.168 -4.124 3.464 CX23Q105
3453.156 67.1165 0.079 -3.36 LAWLER ""
3453.157 67.1165 0.079 -1.837 LAWLER ""
3453.159 57.1 0.403 -1.03 "" ""
3453.159 67.1165 0.079 -1.079 LAWLER ""
3453.171 67.1165 0.079 -2.058 LAWLER ""
3453.172 67.1165 0.079 -1.155 LAWLER ""
3453.182 67.1165 0.079 -1.229 LAWLER ""
3453.205 106.00113 1.168 -4.039 3.464 CX23Q115
3453.212 106.00112 1.056 -6.802 3.464 CX23R065
3453.213 106.00113 0.708 -5.169 3.464 CX12P045
3453.219 24.0 3.548 -1.06 "" ""
3453.221 24.0 3.847 -1.11 "" ""
3453.246 106.00112 1.056 -4.492 3.464 CX23Q065
3453.28 106.00113 0.708 -11.495 3.464 CX12Q045
3453.281 75.0 1.954 -0.81 "" ""
3453.3 106.00113 1.168 -6.74 3.464 CX23R105
3453.309 106.00112 1.016 -4.596 3.464 CX23Q055
3453.314 106.00112 1.0 -4.709 3.464 CX23Q045
3453.324 23.0 2.682 -5.6 "" ""
3453.327 106.00113 0.967 -5.656 3.464 CX23Q005
3453.327 24.0 2.542 -0.15 "" ""
3453.334 106.00112 1.0 -7.657 3.464 CX23P045
3453.334 106.00112 1.016 -7.932 3.464 CX23P055
3453.335 106.00112 1.034 -4.492 3.464 CX23Q065
3453.346 106.00112 0.988 -4.836 3.464 CX23Q035
3453.355 26.1 5.507 -3.77 "" ""
3453.356 106.00112 1.08 -6.787 3.464 CX23R075
3453.362 106.00112 0.988 -7.365 3.464 CX23P035
3453.365 106.00112 1.034 -8.207 3.464 CX23P065
3453.366 24.0 3.077 -5.33 "" ""
3453.368 20.0 5.317 -4.73 "" ""
3453.371 42.0 2.913 -1.0 "" ""
3453.395 106.00112 1.08 -4.394 3.464 CX23Q075
3453.401 106.00112 1.056 -4.394 3.464 CX23Q075
3453.414 106.00112 0.979 -4.989 3.464 CX23Q025
3453.423 25.0 2.113 -3.38 "" ""
3453.425 106.00112 0.979 -7.025 3.464 CX23P025
3453.436 106.00112 1.056 -8.495 3.464 CX23P075
3453.438 106.00113 0.708 -5.04 3.464 CX12P055
3453.439 106.00113 0.908 -4.499 3.464 AX52Q115
3453.443 21.0 2.144 -3.08 "" ""
3453.444 106.00113 0.908 -6.648 3.464 AX52R115
3453.444 25.0 4.265 -3.96 "" ""
3453.469 28.0 3.655 -3.28 "" ""
3453.473 27.0059 0.431 -0.976 Lawle15HFS ""
3453.476 27.0059 0.431 -0.858 Lawle15HFS ""
3453.479 25.0 2.918 -6.76 "" ""
3453.48 27.0059 0.431 -1.427 Lawle15HFS ""
3453.482 27.0059 0.431 -0.74 Lawle15HFS ""
3453.483 24.0 3.887 -3.6 "" ""
3453.486 27.0059 0.431 -1.217 Lawle15HFS ""
3453.489 27.0059 0.431 -0.628 Lawle15HFS ""
3453.49 27.0059 0.431 -2.426 Lawle15HFS ""
3453.491 42.0 2.258 -1.39 "" ""
3453.493 75.0 1.811 -0.48 "" ""
3453.494 25.0 4.682 -2.33 "" ""
3453.495 27.0059 0.431 -1.121 Lawle15HFS ""
3453.498 27.0059 0.431 -0.524 Lawle15HFS ""
3453.5 27.0059 0.431 -2.222 Lawle15HFS ""
3453.506 27.0059 0.431 -1.085 Lawle15HFS ""
3453.51 27.0059 0.431 -0.428 Lawle15HFS ""
3453.511 27.0059 0.431 -2.194 Lawle15HFS ""
3453.512 90.0 1.919 0.83 "" ""
3453.518 27.0059 0.431 -1.101 Lawle15HFS ""
3453.521 106.00112 1.081 -4.301 3.464 CX23Q085
3453.523 27.0059 0.431 -0.338 Lawle15HFS ""
3453.525 27.0059 0.431 -2.274 Lawle15HFS ""
3453.533 27.0059 0.431 -1.183 Lawle15HFS ""
3453.539 27.0059 0.431 -0.254 Lawle15HFS ""
3453.541 27.0059 0.431 -2.464 Lawle15HFS ""
3453.548 106.00113 0.908 -6.492 3.464 AX52P125
3453.55 27.0059 0.431 -1.401 Lawle15HFS ""
3453.552 22.0 2.083 -1.68 "" ""
3453.554 106.00113 0.908 -4.449 3.464 AX52Q125
3453.558 107.00114 0.686 -4.878 3.400 ""
3453.559 27.0059 0.431 -2.851 Lawle15HFS ""
3453.56 106.00112 1.081 -8.809 3.464 CX23P085
3453.56 62.1 0.543 -1.03 LAWLER ""
3453.561 106.00112 0.973 -5.199 3.464 CX23Q015
3453.566 106.00112 1.108 -6.771 3.464 CX23R085
3453.568 106.00112 0.973 -6.539 3.464 CX23P015
3453.584 106.00113 1.204 -11.494 3.464 CX23P125
3453.592 26.0 3.366 -4.28 "" ""
3453.605 24.0 4.613 -0.4 "" ""
3453.606 107.00114 0.686 -3.315 3.400 ""
3453.606 607.01314 2.241 -4.529 7.724 1109Qc0235
3453.609 106.00112 1.108 -4.301 3.464 CX23Q085
3453.616 26.1 5.507 -1.9 "" ""
3453.618 607.01314 2.241 -1.494 7.724 1109Pb0235
3453.622 607.01314 2.241 -1.471 7.724 1109Pa0245
3453.626 107.00114 1.416 -0.656 3.400 ""
3453.652 22.0 0.812 -2.59 "" ""
3453.656 68.0 0.889 0.36 "" ""
3453.67 69.1 0.029 -0.37 LAWLER ""
3453.687 28.0 3.191 -5.13 "" ""
3453.704 107.00114 1.416 -0.672 3.400 ""
3453.704 107.00114 1.416 -0.686 3.400 ""
3453.711 106.00112 1.108 -4.21 3.464 CX23Q095
3453.711 106.00113 1.204 -4.039 3.464 CX23Q115
3453.723 107.00114 1.416 -2.831 3.400 ""
3453.742 24.0 2.542 -0.91 "" ""
3453.75 106.00113 1.204 -3.958 3.464 CX23Q125
3453.755 106.00112 1.108 -9.168 3.464 CX23P095
3453.759 106.00113 1.286 -8.648 3.464 AX51P235
3453.771 23.0 2.364 -6.21 "" ""
3453.772 22.0 1.732 -5.42 "" ""
3453.781 92.1 0.702 -0.73 "" ""
3453.783 23.1 2.555 -2.62 "" ""
