wavelength species excitation loggf disassociation_energy comment
3596.927 607.01314 1.697 -0.973 7.724 0807Rb0105
3596.933 106.00113 1.038 -7.927 3.464 AX42R155
3596.935 23.0 2.682 -3.58 "" ""
3596.936 607.01314 1.697 -3.409 7.724 0807Qd0115
3596.948 24.0 3.365 -1.6 "" ""
3596.989 26.0 3.637 -3.62 "" ""
3597.005 106.00113 0.388 -7.083 3.464 AX31P045
3597.008 26.0 3.637 -4.29 "" ""
3597.015 27.0 2.868 -2.19 "" ""
3597.021 26.0 3.263 -1.0 "" ""
3597.047 21.0 1.985 -1.89 "" ""
3597.052 26.0 3.249 -1.1 "" ""
3597.146 45.0 0.41 -0.04 "" ""
3597.154 106.00113 0.388 -7.098 3.464 AX31P045
3597.165 21.0 1.985 -3.55 "" ""
3597.189 607.01314 1.498 -3.511 7.724 0706Qc0155
3597.209 607.01314 1.498 -0.784 7.724 0706Pa0165
3597.234 26.0 3.632 -3.09 "" ""
3597.242 106.00112 1.144 -7.421 3.464 AX52P165
3597.254 41.0 1.522 -0.56 "" ""
3597.262 21.1 7.138 -3.83 "" ""
3597.271 607.01214 1.591 -3.692 7.724 0706Qc0225
3597.282 607.01214 1.707 -1.315 7.724 0807Ra0045
3597.283 66.0 1.597 0.97 "" ""
3597.286 24.0 2.542 -4.41 "" ""
3597.289 607.01214 1.591 -0.669 7.724 0706Pb0225
3597.291 607.01214 1.591 -0.651 7.724 0706Pa0235
3597.3 607.01314 1.498 -0.811 7.724 0706Pb0155
3597.302 607.01214 1.707 -1.403 7.724 0807Rb0035
3597.306 607.01214 1.707 -3.045 7.724 0807Qd0045
3597.327 607.01314 1.692 -0.974 7.724 0807Ra0105
3597.328 23.1 6.037 -3.7 "" ""
3597.329 21.1 3.695 -0.97 "" ""
3597.342 24.0 4.2 -0.82 "" ""
3597.35 27.0 2.079 -2.61 "" ""
3597.352 607.01314 1.692 -1.012 7.724 0807Rb0095
3597.36 607.01314 1.692 -3.37 7.724 0807Qd0105
3597.384 42.0 2.916 -1.48 "" ""
3597.394 23.0 2.364 -3.2 "" ""
3597.394 72.1 1.89 -0.03 "" ""
3597.505 26.0 2.829 -7.28 "" ""
3597.507 24.0 4.102 -2.55 "" ""
3597.55 106.00112 0.229 -7.662 3.464 AX20P105
3597.553 25.0 4.723 -1.66 "" ""
3597.563 607.01214 3.071 -3.827 7.724 1513Qc0125
3597.565 24.1 7.326 -1.82 "" ""
3597.594 607.01214 3.071 -1.277 7.724 1513Pa0135
3597.602 106.00113 0.708 -6.62 3.464 AX42R055
3597.605 607.01314 1.505 -3.538 7.724 0706Qc0165
3597.619 607.01314 1.505 -0.759 7.724 0706Pa0175
3597.63 26.0 3.6 -2.87 "" ""
3597.643 607.01214 3.071 -1.309 7.724 1513Pb0125
3597.653 26.1 4.491 -2.64 "" ""
3597.657 21.0 1.985 -1.89 "" ""
3597.667 27.0 2.326 -0.68 "" ""
3597.699 106.00112 0.71 -6.62 3.464 AX42R055
3597.7 27.0 3.213 -1.96 "" ""
3597.703 28.0 0.212 -1.1 LAWLER ""
3597.714 607.01314 1.505 -0.784 7.724 0706Pb0165
3597.715 22.0 2.493 -3.04 "" ""
3597.724 106.00113 0.708 -6.602 3.464 AX42R055
3597.725 607.01214 1.602 -3.712 7.724 0706Qc0235
3597.733 607.01214 1.705 -1.403 7.724 0807Ra0035
3597.744 607.01214 1.602 -0.651 7.724 0706Pb0235
3597.746 607.01214 1.602 -0.633 7.724 0706Pa0245
3597.75 607.01214 1.705 -1.515 7.724 0807Rb0025
3597.753 607.01214 1.705 -2.945 7.724 0807Qd0035
3597.755 607.01314 1.688 -1.012 7.724 0807Ra0095
3597.778 607.01314 1.688 -1.055 7.724 0807Rb0085
3597.786 607.01314 1.688 -3.328 7.724 0807Qd0095
3597.801 24.0 3.977 -3.16 "" ""
3597.807 23.1 4.772 -3.36 "" ""
3597.814 24.0 2.543 -3.37 "" ""
3597.822 106.00112 0.71 -6.602 3.464 AX42R055
3597.845 26.0 3.6 -2.83 "" ""
3597.849 24.0 2.543 -2.9 "" ""
3597.892 106.00113 1.039 -7.881 3.464 AX42R155
3597.906 24.0 3.119 -3.45 "" ""
3597.938 66.1 1.75 -0.02 "" ""
3597.984 24.0 3.319 -3.41 "" ""
3598.004 29.0063 3.814 -3.394 KURHFS ""
3598.004 29.0065 3.814 -3.394 KURHFS ""
3598.005 29.0063 3.814 -2.996 KURHFS ""
3598.005 29.0063 3.814 -3.695 KURHFS ""
3598.005 29.0065 3.814 -2.996 KURHFS ""
3598.005 29.0065 3.814 -3.695 KURHFS ""
3598.007 29.0063 3.814 -2.996 KURHFS ""
3598.007 29.0063 3.814 -2.996 KURHFS ""
3598.007 29.0065 3.814 -2.996 KURHFS ""
3598.007 29.0065 3.814 -2.996 KURHFS ""
3598.009 29.0063 3.814 -2.549 KURHFS ""
3598.009 29.0065 3.814 -2.549 KURHFS ""
3598.02 60.1 0.064 -1.02 LAWLER ""
3598.02 607.01314 1.512 -3.564 7.724 0706Qc0175
3598.036 607.01314 1.512 -0.735 7.724 0706Pa0185
3598.051 25.1 4.82 -6.55 "" ""
3598.08 25.0 4.791 -2.6 "" ""
3598.091 106.00112 1.255 -6.679 3.464 AX52Q185
3598.097 23.0 1.954 -1.54 "" ""
3598.111 76.0 0.34 -1.66 "" ""
3598.12 90.0 0.0 -0.76 "" ""
3598.126 607.01314 1.512 -0.759 7.724 0706Pb0175
3598.137 106.00112 1.255 -4.423 3.464 AX52P185
3598.158 106.00112 1.255 -4.374 3.464 AX52P195
3598.182 607.01214 1.613 -3.731 7.724 0706Qc0245
3598.184 607.01314 1.684 -1.055 7.724 0807Ra0085
3598.185 22.0 2.015 -0.9 "" ""
3598.186 607.01214 1.704 -1.515 7.724 0807Ra0025
3598.192 58.1 0.295 -0.83 "" ""
3598.198 106.00112 0.229 -7.696 3.464 AX20P105
3598.201 607.01214 1.704 -1.669 7.724 0807Rb0015
3598.202 607.01214 1.613 -0.633 7.724 0706Pb0245
3598.202 607.01214 1.704 -2.815 7.724 0807Qd0025
3598.204 607.01214 1.613 -0.617 7.724 0706Pa0255
3598.206 607.01314 1.684 -1.103 7.724 0807Rb0075
3598.209 26.0 3.637 -4.87 "" ""
3598.213 607.01314 1.684 -3.282 7.724 0807Qd0085
3598.255 66.1 0.927 -0.83 "" ""
3598.275 28.0 3.633 -2.44 "" ""
3598.296 106.00112 1.042 -7.927 3.464 AX42R155
3598.31 22.1 5.028 -3.38 "" ""
3598.344 22.0 2.159 -3.03 "" ""
3598.352 41.0 0.0 -1.66 "" ""
3598.36 21.0 1.438 -4.75 "" ""
3598.361 27.1 5.085 -5.02 "" ""
3598.364 25.0 3.761 -4.08 "" ""
3598.367 26.0 3.639 -8.32 "" ""
3598.426 607.01214 3.077 -3.861 7.724 1513Qc0135
3598.433 607.01314 1.52 -3.588 7.724 0706Qc0185
3598.447 24.0 3.008 -2.39 "" ""
3598.449 607.01314 1.52 -0.712 7.724 0706Pa0195
3598.455 74.1 3.547 -1.17 "" ""
3598.459 607.01214 3.077 -1.246 7.724 1513Pa0145
3598.502 607.01214 3.077 -1.277 7.724 1513Pb0135
3598.537 607.01314 1.52 -0.735 7.724 0706Pb0185
3598.56 23.0 1.892 -3.14 "" ""
3598.607 26.0 3.639 -6.96 "" ""
3598.614 69.0 1.892 0.59 "" ""
3598.616 607.01314 1.681 -1.103 7.724 0807Ra0075
3598.632 24.0 3.367 -1.82 "" ""
3598.635 607.01314 1.681 -1.157 7.724 0807Rb0065
3598.641 607.01314 1.681 -3.23 7.724 0807Qd0075
3598.642 607.01214 1.624 -3.749 7.724 0706Qc0255
3598.642 607.01214 1.703 -1.67 7.724 0807Ra0015
3598.653 607.01214 1.703 -1.924 7.724 0807Rb0005
3598.653 607.01214 1.703 -2.623 7.724 0807Qd0015
3598.662 607.01214 1.624 -0.617 7.724 0706Pb0255
3598.664 607.01214 1.624 -0.601 7.724 0706Pa0265
3598.683 106.00112 0.465 -6.921 3.464 AX20Q155
3598.702 23.0 2.614 -6.41 "" ""
3598.714 22.0 0.899 -0.61 LAWLER ""
3598.716 24.0 2.706 -4.24 "" ""
3598.718 106.00112 0.465 -4.782 3.464 AX20P155
3598.718 26.0 3.249 -1.4 "" ""
3598.759 24.0 4.093 -2.61 "" ""
3598.767 75.0 2.869 -0.13 "" ""
3598.77 106.00113 0.227 -7.662 3.464 AX20P105
3598.773 106.00112 0.465 -4.733 3.464 AX20P165
3598.844 607.01314 1.529 -3.611 7.724 0706Qc0195
3598.851 23.0 1.941 -1.92 "" ""
3598.861 607.01314 1.529 -0.691 7.724 0706Pa0205
3598.875 106.00112 0.686 -6.574 3.464 AX31R135
3598.882 42.0 3.165 0.08 "" ""
3598.902 106.00112 0.686 -4.134 3.464 AX31Q135
3598.929 26.0 3.281 -2.69 "" ""
3598.94 26.0 3.639 -2.77 "" ""
3598.947 607.01314 1.529 -0.712 7.724 0706Pb0195
3598.959 26.0 3.639 -3.39 "" ""
3598.979 106.00112 0.686 -4.106 3.464 AX31Q145
3598.98 26.0 2.883 -1.66 "" ""
3599.003 27.0 2.079 -3.82 "" ""
3599.004 106.00112 1.704 -7.649 3.464 CX34P165
3599.006 106.00112 0.686 -6.186 3.464 AX31P145
3599.029 21.0 2.008 -1.2 "" ""
3599.035 26.0 3.639 -6.58 "" ""
3599.038 66.1 2.091 0.32 "" ""
3599.048 607.01314 1.678 -1.157 7.724 0807Ra0065
3599.066 607.01314 1.678 -1.219 7.724 0807Rb0055
3599.071 607.01314 1.678 -3.171 7.724 0807Qd0065
3599.101 607.01214 1.703 -1.924 7.724 0807Ra0005
3599.105 607.01214 1.703 -2.225 7.724 0807Qd0005
3599.125 607.01214 1.636 -0.601 7.724 0706Pb0265
3599.127 29.0 5.391 0.4 "" ""
3599.157 69.1 3.099 0.32 "" ""
3599.209 23.0 1.852 -6.79 "" ""
3599.254 607.01314 1.538 -3.633 7.724 0706Qc0205
3599.271 607.01314 1.538 -0.671 7.724 0706Pa0215
3599.276 41.0 1.629 0.02 "" ""
3599.277 106.00112 1.043 -7.88 3.464 AX42R155
3599.287 26.0 3.639 -7.25 "" ""
3599.297 106.00112 1.15 -5.363 3.464 AX31R225
3599.32 106.00112 1.15 -5.107 3.464 AX31R215
3599.325 607.01214 3.083 -3.892 7.724 1513Qc0145
3599.352 106.00112 0.459 -4.753 3.464 AX31P075
3599.355 26.0 3.015 -2.66 "" ""
3599.355 607.01314 1.538 -0.691 7.724 0706Pb0205
3599.361 607.01214 3.083 -1.218 7.724 1513Pa0155
3599.377 106.00112 1.15 -6.659 3.464 AX31Q225
3599.389 106.00112 0.459 -6.206 3.464 AX31Q075
3599.39 24.0 2.913 -1.07 "" ""
3599.395 607.01214 3.083 -1.246 7.724 1513Pb0145
3599.411 106.00113 0.228 -7.696 3.464 AX20P105
3599.482 607.01314 1.675 -1.219 7.724 0807Ra0055
3599.498 607.01314 1.675 -1.292 7.724 0807Rb0045
3599.501 68.1 1.401 0.15 LAWLER ""
3599.502 607.01314 1.675 -3.103 7.724 0807Qd0055
3599.503 25.0 4.229 -4.18 "" ""
3599.533 28.0 3.603 -1.2 "" ""
3599.559 66.1 2.736 0.91 "" ""
3599.587 106.00112 0.459 -4.684 3.464 AX31P085
3599.625 26.0 3.571 -0.5 "" ""
3599.634 41.0 0.197 -1.39 "" ""
3599.636 106.00112 1.256 -4.374 3.464 AX52P195
3599.64 106.00112 1.256 -6.71 3.464 AX52Q185
3599.642 22.0 2.015 -1.69 "" ""
3599.652 27.0 2.868 -2.44 "" ""
3599.663 607.01314 1.547 -3.654 7.724 0706Qc0215
3599.68 607.01314 1.547 -0.651 7.724 0706Pa0225
3599.686 106.00112 1.256 -4.423 3.464 AX52P185
3599.703 106.00112 0.46 -4.752 3.464 AX31P075
3599.738 106.00112 1.723 -7.905 3.464 CX02R265
3599.741 106.00112 0.46 -6.221 3.464 AX31Q075
3599.762 44.0 1.087 -0.16 "" ""
3599.763 607.01314 1.547 -0.671 7.724 0706Pb0215
3599.793 106.00113 0.462 -6.921 3.464 AX20Q155
3599.825 68.1 1.322 0.64 "" ""
3599.83 42.0 3.154 -1.02 "" ""
3599.833 106.00112 0.687 -6.591 3.464 AX31R135
3599.835 106.00113 0.462 -4.781 3.464 AX20P155
3599.84 106.00112 1.723 -10.18 3.464 CX02Q265
3599.86 106.00112 0.687 -4.134 3.464 AX31Q135
3599.866 72.0 2.077 0.73 "" ""
3599.88 106.00112 0.687 -4.106 3.464 AX31Q145
3599.881 106.00113 0.462 -4.733 3.464 AX20P165
3599.885 40.1 1.825 -0.44 "" ""
3599.888 106.00112 1.723 -7.311 3.464 CX02R255
3599.904 106.00112 0.46 -4.684 3.464 AX31P085
3599.907 106.00112 0.687 -6.171 3.464 AX31P145
3599.917 607.01314 1.673 -1.292 7.724 0807Ra0045
3599.931 607.01314 1.673 -1.38 7.724 0807Rb0035
3599.935 607.01314 1.673 -3.022 7.724 0807Qd0045
3599.938 106.00112 0.466 -6.948 3.464 AX20Q155
3599.962 106.00112 0.466 -4.734 3.464 AX20P165
3599.972 58.1 0.587 -0.72 BIEMONT ""
3599.973 106.00112 0.466 -4.782 3.464 AX20P155
3599.973 25.1 6.908 -8.16 "" ""
3600.008 106.00113 0.683 -6.574 3.464 AX31R135
3600.015 607.01214 1.703 -2.225 7.724 0807Qc0005
3600.016 607.01214 1.703 -1.923 7.724 0807Pa0015
3600.019 23.0 1.802 -1.02 "" ""
3600.025 24.0 3.373 -3.37 "" ""
3600.052 106.00113 0.683 -4.134 3.464 AX31Q135
3600.069 607.01314 1.557 -3.674 7.724 0706Qc0225
3600.087 607.01314 1.557 -0.633 7.724 0706Pa0235
3600.11 106.00113 0.683 -4.106 3.464 AX31Q145
3600.111 24.0 4.201 -1.88 "" ""
3600.125 27.0 3.014 -3.92 "" ""
3600.154 106.00113 0.683 -6.186 3.464 AX31P145
3600.161 26.0 3.639 -5.7 "" ""
3600.169 607.01314 1.557 -0.652 7.724 0706Pb0225
3600.201 42.0 2.621 -1.28 "" ""
3600.209 27.0 3.565 -4.44 "" ""
3600.25 66.1 1.17 -0.75 LAWLER ""
3600.26 607.01214 3.09 -3.922 7.724 1513Qc0155
3600.266 21.0 2.336 -2.49 "" ""
3600.282 42.0 2.068 -1.44 "" ""
3600.29 92.0 0.077 -0.55 "" ""
3600.298 607.01214 3.09 -1.192 7.724 1513Pa0165
3600.311 24.0 2.542 -6.95 "" ""
3600.321 607.01214 3.09 -1.218 7.724 1513Pb0155
3600.352 25.1 5.366 -2.72 "" ""
3600.352 26.1 4.728 -4.07 "" ""
3600.353 25.0 4.723 -2.28 "" ""
3600.354 607.01314 1.671 -1.38 7.724 0807Ra0035
3600.366 607.01314 1.671 -1.492 7.724 0807Rb0025
3600.368 607.01314 1.671 -2.923 7.724 0807Qd0035
3600.375 66.1 1.223 0.17 "" ""
3600.379 65.1159 0.641 -0.11 LAWLER ""
3600.386 24.0 3.885 -3.23 "" ""
3600.395 65.1159 0.641 -0.04 LAWLER ""
3600.396 24.1 5.658 -4.47 "" ""
3600.414 65.1159 0.641 0.02 LAWLER ""
3600.414 65.1159 0.641 -1.51 LAWLER ""
3600.435 65.1159 0.641 0.09 LAWLER ""
3600.439 65.1159 0.641 -1.39 LAWLER ""
3600.452 26.0 3.692 -5.25 "" ""
3600.458 65.1159 0.641 -3.46 LAWLER ""
3600.469 106.00113 1.138 -9.372 3.464 CX02R175
3600.469 65.1159 0.641 -1.51 LAWLER ""
3600.472 607.01214 1.704 -2.623 7.724 0807Qc0015
3600.474 26.0 3.109 -2.7 "" ""
3600.474 607.01214 1.704 -1.668 7.724 0807Pa0025
3600.474 607.01314 1.567 -3.694 7.724 0706Qc0235
3600.478 607.01214 1.704 -1.923 7.724 0807Pb0015
3600.494 65.1159 0.641 -3.53 LAWLER ""
3600.495 607.01314 1.567 -0.616 7.724 0706Pa0245
3600.506 106.00113 0.458 -4.752 3.464 AX31P075
3600.544 106.00113 0.458 -6.206 3.464 AX31Q075
3600.574 607.01314 1.567 -0.633 7.724 0706Pb0235
3600.582 58.1 0.792 -0.5 BIEMONT ""
3600.611 106.00112 0.992 -7.433 3.464 AX20R235
3600.653 24.1 4.916 -5.59 "" ""
3600.653 26.0 3.651 -4.19 "" ""
3600.663 106.00112 0.992 -4.28 3.464 AX20Q245
3600.665 24.0 2.543 -4.98 "" ""
3600.675 106.00112 0.992 -4.298 3.464 AX20Q235
3600.689 27.0 3.213 -2.36 "" ""
3600.7 24.0 2.543 -3.4 "" ""
3600.728 106.00112 0.992 -6.716 3.464 AX20P245
3600.73 39.1 0.18 0.34 Biemont11 ""
3600.732 42.0 3.44 -0.44 "" ""
3600.741 106.00113 0.458 -4.684 3.464 AX31P085
3600.79 68.1 0.636 -1.39 LAWLER ""
3600.792 607.01314 1.67 -1.493 7.724 0807Ra0025
3600.802 607.01314 1.67 -1.647 7.724 0807Rb0015
3600.803 607.01314 1.67 -2.792 7.724 0807Qd0025
3600.805 27.0 1.954 -1.86 LAWNHFS ""
3600.856 106.00113 0.458 -4.752 3.464 AX31P075
3600.878 607.01314 1.578 -3.712 7.724 0706Qc0245
3600.891 106.00113 0.458 -6.22 3.464 AX31Q075
3600.899 607.01314 1.578 -0.599 7.724 0706Pa0255
3600.9 60.1 0.32 -0.86 LAWLER ""
3600.912 21.0 1.942 -2.9 "" ""
3600.931 607.01214 1.705 -2.815 7.724 0807Qc0025
3600.934 607.01214 1.705 -1.513 7.724 0807Pa0035
3600.937 25.0 3.769 -0.85 "" ""
3600.937 25.0 3.769 -1.61 "" ""
3600.941 607.01214 1.705 -1.668 7.724 0807Pb0025
3600.963 64.1 1.101 0.15 "" ""
3600.967 106.00113 0.986 -7.433 3.464 AX20R235
3600.968 106.00113 0.684 -6.591 3.464 AX31R135
3600.979 607.01314 1.578 -0.616 7.724 0706Pb0245
3600.983 106.00113 0.684 -4.134 3.464 AX31Q135
3600.996 20.0 5.386 -3.87 "" ""
3601.01 106.00113 0.986 -4.28 3.464 AX20Q245
3601.015 106.00113 0.684 -4.106 3.464 AX31Q145
3601.03 106.00113 0.684 -6.171 3.464 AX31P145
3601.034 90.1 2.196 0.7 "" ""
3601.037 106.00113 0.463 -6.948 3.464 AX20Q155
3601.052 106.00113 0.458 -4.684 3.464 AX31P085
3601.053 106.00113 0.986 -4.297 3.464 AX20Q235
3601.054 57.1 0.321 -1.53 "" ""
3601.059 106.00113 0.463 -4.733 3.464 AX20P165
3601.074 106.00113 0.463 -4.781 3.464 AX20P155
3601.096 106.00113 0.986 -6.716 3.464 AX20P245
3601.155 106.00113 0.692 -6.497 3.464 AX42R045
3601.164 106.00113 1.087 -8.254 3.464 AX42R165
3601.173 40.0 0.154 0.47 "" ""
3601.201 92.0 1.006 0.07 "" ""
3601.232 607.01214 3.097 -3.95 7.724 1513Qc0165
3601.233 106.00113 0.692 -6.481 3.464 AX42R045
3601.233 607.01314 1.669 -1.647 7.724 0807Ra0015
3601.233 607.01314 1.669 -1.902 7.724 0807Rb0005
3601.234 106.00112 0.694 -6.497 3.464 AX42R045
3601.238 607.01314 1.669 -2.6 7.724 0807Qd0015
3601.241 24.0 3.011 -4.78 "" ""
3601.25 62.1 0.277 -2.0 LAWLER ""
3601.255 106.00112 1.152 -5.363 3.464 AX31R225
3601.264 25.0 4.709 -0.35 "" ""
3601.272 607.01214 3.097 -1.168 7.724 1513Pa0175
3601.28 607.01214 3.097 -1.192 7.724 1513Pb0165
3601.281 607.01314 1.588 -3.73 7.724 0706Qc0255
3601.304 607.01314 1.589 -0.583 7.724 0706Pa0265
3601.313 106.00112 0.694 -6.481 3.464 AX42R045
3601.335 106.00112 1.152 -6.625 3.464 AX31Q225
3601.348 22.0 1.967 -2.1 "" ""
3601.36 106.00112 1.152 -5.107 3.464 AX31R215
3601.383 607.01314 1.588 -0.599 7.724 0706Pb0255
3601.391 607.01214 1.707 -2.946 7.724 0807Qc0035
3601.395 607.01214 1.707 -1.4 7.724 0807Pa0045
3601.396 26.0 2.756 -6.93 "" ""
3601.408 607.01214 1.707 -1.513 7.724 0807Pb0035
3601.42 26.0 2.277 -3.24 "" ""
3601.424 24.0 4.096 -0.96 "" ""
3601.463 6.0 7.475 -4.11 "" ""
3601.567 24.0 3.886 -2.81 "" ""
3601.615 23.0 2.503 -8.2 "" ""
3601.635 21.0 2.0 -1.58 "" ""
3601.646 26.0 3.632 -3.7 "" ""
3601.654 21.0 1.942 -2.34 "" ""
3601.661 24.0 2.706 -0.05 "" ""
3601.67 27.0 3.213 -2.79 "" ""
3601.672 607.01314 1.669 -1.902 7.724 0807Ra0005
3601.675 607.01314 1.669 -2.202 7.724 0807Qd0005
3601.684 607.01314 1.6 -3.748 7.724 0706Qc0265
3601.69 62.1 0.184 -0.98 LAWLER ""
3601.707 607.01314 1.6 -0.567 7.724 0706Pa0275
3601.728 25.0 3.769 -1.85 "" ""
3601.744 106.00112 1.143 -9.372 3.464 CX02R175
3601.776 25.0 4.723 -1.69 "" ""
3601.783 25.0 2.918 -1.96 "" ""
3601.784 607.01314 1.6 -0.583 7.724 0706Pb0265
3601.793 25.0 3.761 -3.16 "" ""
3601.822 27.1 5.462 -3.38 "" ""
3601.832 76.0 1.259 -1.26 "" ""
3601.854 607.01214 1.709 -3.045 7.724 0807Qc0045
3601.858 607.01214 1.709 -1.311 7.724 0807Pa0055
3601.874 607.01214 1.709 -1.4 7.724 0807Pb0045
3601.877 42.0 3.441 -0.7 "" ""
3601.891 24.0 3.419 -0.88 "" ""
3601.906 106.00112 1.4 -8.427 3.464 AX30P285
3601.916 24.1 5.666 -3.1 "" ""
3601.92 39.1 0.104 -0.15 Biemont11 ""
3601.942 26.0 3.632 -2.04 "" ""
3601.956 26.1 7.483 -3.55 "" ""
3602.008 64.1 1.25 -0.43 "" ""
3602.023 29.0 5.391 0.4 "" ""
3602.041 23.0 2.721 -5.71 "" ""
3602.042 22.0 2.159 -4.32 "" ""
3602.05 23.0 2.741 -3.42 "" ""
3602.059 27.0059 0.224 -2.198 Lawle15HFS ""
3602.065 27.0059 0.224 -2.073 Lawle15HFS ""
3602.065 27.0059 0.224 -2.374 Lawle15HFS ""
3602.071 28.0 3.696 -1.11 "" ""
3602.073 27.0059 0.224 -8.17 Lawle15HFS ""
3602.074 27.0059 0.224 -2.187 Lawle15HFS ""
3602.078 27.0059 0.224 -2.198 Lawle15HFS ""
3602.082 26.0 2.88 -1.54 "" ""
3602.083 27.0059 0.224 -2.392 Lawle15HFS ""
3602.086 607.01314 1.612 -3.765 7.724 0706Qc0275
3602.091 27.0059 0.224 -2.073 Lawle15HFS ""
3602.097 27.0059 0.224 -1.776 Lawle15HFS ""
3602.106 27.0059 0.224 -2.187 Lawle15HFS ""
3602.112 607.01314 1.612 -0.553 7.724 0706Pa0285
3602.189 607.01314 1.612 -0.567 7.724 0706Pb0275
3602.206 106.00113 1.425 -8.993 3.464 CX13R175
3602.224 26.0 3.981 -1.95 "" ""
3602.239 106.00113 1.088 -8.205 3.464 AX42R165
3602.241 607.01214 3.104 -3.977 7.724 1513Qc0175
3602.274 607.01214 3.104 -1.168 7.724 1513Pb0175
3602.278 28.0 0.165 -2.17 LAWLER ""
3602.283 607.01214 3.104 -1.145 7.724 1513Pa0185
3602.317 607.01214 1.712 -3.126 7.724 0807Qc0055
3602.322 607.01214 1.712 -1.237 7.724 0807Pa0065
3602.324 26.0 3.6 -3.4 "" ""
3602.342 607.01214 1.712 -1.311 7.724 0807Pb0055
3602.437 26.0 3.692 -3.38 "" ""
3602.462 26.0 2.863 -0.86 "" ""
3602.465 42.0 2.678 -1.72 "" ""
3602.483 106.00113 1.145 -5.106 3.464 AX31R215
3602.483 92.0 0.471 -0.16 "" ""
3602.485 73.0 1.393 -1.11 "" ""
3602.49 607.01314 1.624 -3.781 7.724 0706Qc0285
3602.507 106.00113 1.145 -5.362 3.464 AX31R225
3602.514 607.01314 1.624 -0.538 7.724 0706Pa0295
3602.526 26.0 2.863 -0.69 "" ""
3602.53 106.00113 1.145 -6.658 3.464 AX31Q225
3602.548 26.0 2.938 -3.46 "" ""
3602.551 607.01314 1.669 -2.202 7.724 0807Qc0005
3602.552 607.01314 1.669 -1.901 7.724 0807Pa0015
3602.558 24.0 3.165 -1.5 "" ""
3602.565 41.0 0.086 -0.98 "" ""
3602.573 24.0 2.707 -1.77 "" ""
3602.589 607.01314 1.624 -0.553 7.724 0706Pb0285
3602.601 26.1 4.073 -3.41 "" ""
3602.602 26.0 3.651 -2.54 "" ""
3602.671 24.0 3.008 -2.63 "" ""
3602.698 26.0 2.938 -2.36 "" ""
3602.764 26.0 2.829 -2.55 "" ""
3602.782 607.01214 1.715 -3.194 7.724 0807Qc0065
3602.788 607.01214 1.715 -1.174 7.724 0807Pa0075
3602.812 607.01214 1.715 -1.237 7.724 0807Pb0065
3602.823 66.1 1.462 0.21 "" ""
3602.839 22.1 4.965 -2.32 "" ""
3602.877 24.0 3.432 -4.35 "" ""
3602.896 607.01314 1.637 -3.797 7.724 0706Qc0295
3602.921 607.01314 1.637 -0.525 7.724 0706Pa0305
3602.936 23.1 2.37 -1.87 "" ""
3602.937 42.0 2.513 -0.39 "" ""
3602.95 28.0 3.895 -2.16 "" ""
3602.973 106.00112 1.091 -8.254 3.464 AX42R165
3602.988 607.01314 1.637 -0.538 7.724 0706Pb0295
3602.991 607.01314 1.67 -2.6 7.724 0807Qc0015
3602.993 607.01314 1.67 -1.645 7.724 0807Pa0025
3602.993 607.01314 1.67 -1.901 7.724 0807Pb0015
3602.999 106.00112 0.994 -4.28 3.464 AX20Q245
3603.008 24.0 3.193 -0.55 "" ""
3603.035 24.0 4.385 -4.18 "" ""
3603.037 106.00112 0.994 -7.46 3.464 AX20R235
3603.064 106.00112 0.994 -6.692 3.464 AX20P245
3603.072 23.0 1.941 -5.13 "" ""
3603.087 27.1 5.118 -4.77 "" ""
3603.09 26.0 3.414 -2.27 "" ""
3603.094 21.0 1.447 -4.27 "" ""
3603.102 106.00112 0.994 -4.298 3.464 AX20Q235
3603.151 23.0 1.08 -5.2 "" ""
3603.161 66.1 0.927 -0.73 "" ""
3603.198 63.1 1.278 -0.93 "" ""
3603.203 26.0 2.69 -0.25 "" ""
3603.204 90.1 1.204 -0.34 "" ""
3603.215 24.1 6.798 -4.72 "" ""
3603.249 607.01214 1.718 -3.253 7.724 0807Qc0075
3603.256 607.01214 1.718 -1.12 7.724 0807Pa0085
3603.262 26.0 3.651 -3.37 "" ""
3603.283 607.01214 1.718 -1.174 7.724 0807Pb0075
3603.287 607.01214 3.112 -4.002 7.724 1513Qc0185
3603.3 22.0 2.493 -6.35 "" ""
3603.302 607.01214 3.112 -1.145 7.724 1513Pb0185
3603.305 607.01314 1.65 -3.813 7.724 0706Qc0305
3603.311 106.00113 0.988 -4.28 3.464 AX20Q245
3603.319 24.0 3.887 -4.46 "" ""
3603.331 607.01314 1.65 -0.512 7.724 0706Pa0315
3603.332 607.01214 3.112 -1.124 7.724 1513Pa0195
3603.357 106.00113 0.988 -7.46 3.464 AX20R235
3603.36 58.1 0.634 -0.87 "" ""
3603.362 92.0 0.0 -0.63 "" ""
3603.363 90.1 1.545 -0.69 "" ""
3603.369 27.0 3.014 -4.33 "" ""
3603.383 607.01314 1.65 -0.525 7.724 0706Pb0305
3603.395 24.0 3.844 -2.93 "" ""
3603.418 106.00113 0.988 -6.692 3.464 AX20P245
3603.431 607.01314 1.671 -2.792 7.724 0807Qc0025
3603.433 6.0 7.477 -4.48 "" ""
3603.436 607.01314 1.671 -1.49 7.724 0807Pa0035
3603.436 607.01314 1.671 -1.645 7.724 0807Pb0025
3603.464 106.00113 0.988 -4.298 3.464 AX20Q235
3603.528 6.0 7.482 -3.11 "" ""
3603.538 24.1 5.658 -5.45 "" ""
3603.567 26.0 2.431 -2.49 "" ""
3603.586 42.0 3.154 -1.13 "" ""
3603.593 106.00112 1.376 -7.245 3.464 AX52R205
3603.608 22.0 1.748 -5.86 "" ""
3603.615 24.1 2.706 -1.6 Lawler17 ""
3603.651 106.00112 1.376 -4.206 3.464 AX52Q215
3603.654 106.00112 1.376 -4.195 3.464 AX52Q205
3603.666 106.00112 1.431 -8.993 3.464 CX13R175
3603.678 25.1 4.82 -5.25 "" ""
3603.681 26.0 2.557 -2.1 BEL17 ""
3603.713 106.00112 1.376 -6.484 3.464 AX52P215
3603.718 607.01214 1.722 -3.305 7.724 0807Qc0085
3603.719 42.0 2.513 -1.46 "" ""
3603.719 607.01314 1.663 -3.828 7.724 0706Qc0315
3603.726 607.01214 1.722 -1.071 7.724 0807Pa0095
3603.744 92.0 0.53 -0.2 "" ""
3603.745 24.0 2.707 -0.41 "" ""
3603.746 607.01314 1.663 -0.499 7.724 0706Pa0325
3603.754 24.0 2.708 -0.81 "" ""
3603.755 607.01214 1.722 -1.12 7.724 0807Pb0085
3603.773 24.1 2.706 -1.51 Lawler17 ""
3603.775 607.01314 1.663 -0.512 7.724 0706Pb0315
3603.777 24.0 4.204 -3.34 "" ""
3603.805 106.00113 1.286 -7.814 3.464 AX41P235
3603.818 26.0 3.069 -1.01 "" ""
3603.827 24.1 2.706 -1.93 Lawler17 ""
3603.843 22.0 0.0 -3.38 "" ""
3603.851 106.00113 1.435 -7.511 3.464 AX52R215
3603.856 24.0 4.204 -1.41 "" ""
3603.859 25.0 3.769 -4.07 "" ""
3603.873 607.01314 1.673 -2.923 7.724 0807Qc0035
3603.879 607.01314 1.673 -1.377 7.724 0807Pa0045
3603.879 607.01314 1.673 -1.49 7.724 0807Pb0035
3603.892 106.00113 1.435 -4.216 3.464 AX52Q215
3603.896 106.00113 1.435 -4.259 3.464 AX52Q225
3603.937 106.00113 1.435 -6.497 3.464 AX52P225
3603.943 26.0 3.394 -2.03 "" ""
3603.955 6.0 7.477 -3.93 "" ""
3603.96 25.0 4.602 -3.1 "" ""
3604.002 25.1 5.369 -3.88 "" ""
3604.065 90.0 0.929 -0.43 "" ""
3604.069 42.0 3.221 -0.35 "" ""
3604.071 41.0 0.086 -1.98 "" ""
3604.075 106.00112 1.092 -8.204 3.464 AX42R165
3604.076 23.1 6.542 -4.48 "" ""
3604.088 23.1 5.898 -3.46 "" ""
3604.091 22.0 1.066 -3.1 "" ""
3604.094 106.00112 0.409 -7.051 3.464 AX31P055
3604.14 607.01314 1.677 -3.843 7.724 0706Qc0325
3604.161 607.01314 1.677 -0.499 7.724 0706Pb0325
3604.166 24.0 4.093 -2.77 "" ""
3604.167 607.01314 1.677 -0.487 7.724 0706Pa0335
3604.178 22.0 1.995 -3.69 "" ""
3604.183 24.1 5.658 -4.89 "" ""
3604.189 607.01214 1.727 -3.352 7.724 0807Qc0095
3604.195 58.1 0.122 -1.3 LAWLER ""
3604.197 607.01214 1.727 -1.028 7.724 0807Pa0105
3604.23 607.01214 1.727 -1.071 7.724 0807Pb0095
3604.25 25.1 5.05 -8.02 "" ""
3604.255 28.0 3.603 -1.12 "" ""
3604.259 23.0 1.929 -1.98 "" ""
3604.28 22.0 0.021 -2.29 LAWLER ""
3604.28 62.1 0.484 -0.03 LAWLER ""
3604.286 26.1 5.565 -3.0 "" ""
3604.304 106.00112 0.409 -7.069 3.464 AX31P055
3604.315 607.01314 1.675 -3.023 7.724 0807Qc0045
3604.32 607.01314 1.675 -1.288 7.724 0807Pa0055
3604.33 607.01314 1.675 -1.377 7.724 0807Pb0045
3604.361 25.0 4.35 -4.03 "" ""
3604.365 607.01214 3.12 -1.124 7.724 1513Pb0195
3604.371 607.01214 3.12 -4.027 7.724 1513Qc0195
3604.372 26.0 2.88 -1.59 DEN14 ""
3604.38 23.1 2.542 -1.88 "" ""
3604.389 75.0 2.778 -0.18 "" ""
3604.398 106.00113 1.147 -5.363 3.464 AX31R225
3604.418 607.01214 3.12 -1.104 7.724 1513Pa0205
3604.445 26.1 5.565 -4.05 "" ""
3604.467 27.0 2.784 -0.98 "" ""
3604.471 76.1 1.445 -1.33 Quinet06 ""
3604.54 607.01314 1.691 -0.487 7.724 0706Pb0335
3604.542 24.0 2.913 -1.39 "" ""
3604.545 106.00113 1.147 -6.624 3.464 AX31Q225
3604.545 42.0 3.499 -1.17 "" ""
3604.55 106.00112 0.734 -6.639 3.464 AX31R145
3604.564 106.00113 1.147 -5.106 3.464 AX31R215
3604.567 42.0 2.521 -1.39 "" ""
3604.57 607.01314 1.691 -3.857 7.724 0706Qc0335
3604.584 106.00112 0.734 -4.107 3.464 AX31Q145
3604.588 24.0 2.542 -2.42 "" ""
3604.593 21.0 4.183 -2.0 "" ""
3604.598 607.01314 1.691 -0.475 7.724 0706Pa0345
3604.646 106.00112 0.734 -4.082 3.464 AX31Q155
3604.647 22.0 1.429 -4.61 "" ""
3604.652 25.0 3.769 -3.39 "" ""
3604.661 607.01214 1.732 -3.394 7.724 0807Qc0105
3604.666 25.0 2.951 -2.09 "" ""
3604.67 607.01214 1.732 -0.988 7.724 0807Pa0115
3604.679 106.00112 0.734 -6.2 3.464 AX31P155
3604.681 90.0 0.479 -0.68 "" ""
3604.697 26.0 3.298 -1.43 "" ""
3604.706 607.01214 1.732 -1.028 7.724 0807Pb0105
3604.707 68.1 1.535 -0.27 LAWLER ""
3604.709 24.0 3.373 -3.21 "" ""
3604.717 26.0 3.94 -1.6 "" ""
3604.759 607.01314 1.678 -3.103 7.724 0807Qc0055
3604.764 607.01314 1.678 -1.215 7.724 0807Pa0065
3604.776 607.01314 1.678 -1.288 7.724 0807Pb0055
3604.809 607.01214 2.205 -0.64 7.724 0908Rb0345
3604.837 607.01214 2.205 -4.027 7.724 0908Qd0355
3604.879 64.0 0.213 0.1 "" ""
3604.896 24.0 2.706 -6.43 "" ""
3604.897 68.1 1.588 0.17 LAWLER ""
3604.9 25.0 4.329 -2.37 "" ""
3604.911 607.01314 1.706 -0.475 7.724 0706Pb0345
3604.927 24.0 2.708 -0.77 "" ""
3604.94 607.01214 2.19 -0.648 7.724 0908Rb0335
3604.944 24.0 3.011 -3.96 "" ""
3604.96 26.0 2.174 -3.29 "" ""
3604.967 607.01214 2.19 -4.011 7.724 0908Qd0345
3604.988 23.0 1.217 -3.86 "" ""
3604.991 106.00113 1.309 -6.701 3.464 AX52Q195
3605.007 607.01214 2.19 -0.64 7.724 0908Ra0345
3605.012 27.0 2.041 -1.19 LAWNHFS ""
3605.012 607.01314 1.706 -3.871 7.724 0706Qc0345
3605.022 106.00113 1.309 -4.378 3.464 AX52P195
3605.026 27.0 3.102 -4.33 "" ""
3605.04 24.0 2.542 -1.06 "" ""
3605.041 607.01314 1.706 -0.464 7.724 0706Pa0355
3605.046 106.00113 1.309 -4.332 3.464 AX52P205
3605.078 106.00112 1.403 -8.503 3.464 AX30P285
3605.091 607.01214 2.175 -0.656 7.724 0908Rb0325
3605.114 20.0 5.485 -2.74 "" ""
3605.117 24.0 2.887 -6.77 "" ""
3605.117 607.01214 2.175 -3.995 7.724 0908Qd0335
3605.135 607.01214 1.737 -3.433 7.724 0807Qc0115
3605.142 26.0 3.394 -2.98 "" ""
3605.145 607.01214 1.737 -0.952 7.724 0807Pa0125
3605.15 607.01214 2.175 -0.648 7.724 0908Ra0335
3605.174 28.0 1.949 -3.78 "" ""
3605.183 607.01214 1.737 -0.988 7.724 0807Pb0115
3605.194 90.0 1.632 0.26 "" ""
3605.201 26.0 3.299 -0.46 "" ""
3605.203 607.01314 1.681 -3.172 7.724 0807Qc0065
3605.209 607.01314 1.681 -1.152 7.724 0807Pa0075
3605.223 607.01314 1.681 -1.215 7.724 0807Pb0065
3605.243 106.00113 0.679 -6.348 3.464 AX42R035
3605.255 106.00113 0.408 -7.05 3.464 AX31P055
3605.259 607.01214 2.161 -0.665 7.724 0908Rb0315
3605.26 64.1 1.126 -0.27 LAWLER ""
3605.271 607.01314 1.721 -0.464 7.724 0706Pb0355
3605.275 92.0 0.0 -0.14 "" ""
3605.285 607.01214 2.161 -3.979 7.724 0908Qd0325
3605.287 106.00113 0.679 -6.336 3.464 AX42R035
3605.311 607.01214 2.161 -0.656 7.724 0908Ra0325
3605.314 106.00112 0.681 -6.348 3.464 AX42R035
3605.317 22.1 4.28 -2.0 "" ""
3605.345 24.0 0.0 0.17 SOBECK ""
3605.359 106.00112 0.681 -6.336 3.464 AX42R035
3605.371 27.0 0.513 -1.38 LAWNHFS ""
3605.377 22.0 1.738 -6.2 "" ""
3605.395 24.0 2.543 -0.37 "" ""
3605.4 106.00112 1.378 -4.207 3.464 AX52Q215
3605.419 106.00112 1.378 -7.269 3.464 AX52R205
3605.441 21.1 3.695 -2.09 "" ""
3605.445 607.01214 2.147 -0.675 7.724 0908Rb0305
3605.453 26.0 2.725 0.05 "" ""
3605.462 106.00112 1.378 -6.461 3.464 AX52P215
3605.462 607.01214 3.129 -1.104 7.724 1513Pb0205
3605.463 106.00113 0.408 -7.069 3.464 AX31P055
3605.464 26.0 3.94 -1.82 "" ""
3605.468 607.01314 1.721 -3.885 7.724 0706Qc0355
3605.47 607.01214 2.147 -3.962 7.724 0908Qd0315
3605.472 24.0 3.011 -3.5 "" ""
3605.48 106.00112 0.489 -4.669 3.464 AX31P085
3605.48 106.00112 1.378 -4.195 3.464 AX52Q205
3605.483 92.1 0.217 -1.4 "" ""
3605.489 607.01214 2.147 -0.665 7.724 0908Ra0315
3605.494 607.01214 3.129 -4.051 7.724 1513Qc0205
3605.5 26.0 2.806 -0.34 "" ""
3605.505 106.00112 0.489 -6.242 3.464 AX31Q085
3605.526 24.0 3.847 0.15 "" ""
3605.543 607.01214 3.129 -1.085 7.724 1513Pa0215
3605.546 27.0 2.326 -2.32 "" ""
3605.555 26.0 3.263 -4.01 "" ""
3605.588 27.0 3.064 -4.25 "" ""
3605.612 607.01214 1.742 -3.468 7.724 0807Qc0125
3605.619 24.0 1.029 -3.72 "" ""
3605.623 607.01214 1.743 -0.919 7.724 0807Pa0135
3605.635 106.00112 0.735 -6.657 3.464 AX31R145
3605.636 44.0 1.192 -1.06 "" ""
3605.647 607.01214 2.134 -0.685 7.724 0908Rb0295
3605.649 607.01314 1.684 -3.231 7.724 0807Qc0075
3605.653 106.00113 1.193 -7.361 3.464 AX52P175
3605.654 90.1 1.345 -0.69 "" ""
3605.656 607.01314 1.684 -1.097 7.724 0807Pa0085
3605.66 64.1 0.032 -1.21 LAWLER ""
3605.663 607.01214 1.742 -0.952 7.724 0807Pb0125
3605.668 106.00112 0.735 -4.107 3.464 AX31Q145
3605.669 106.00112 0.735 -4.083 3.464 AX31Q155
3605.67 25.1 5.516 -3.2 "" ""
3605.67 607.01214 2.134 -3.945 7.724 0908Qd0305
3605.672 607.01314 1.684 -1.152 7.724 0807Pb0075
3605.679 106.00112 0.489 -4.607 3.464 AX31P095
3605.685 607.01214 2.134 -0.675 7.724 0908Ra0305
3605.689 24.0 3.847 -1.44 "" ""
3605.69 25.0 2.939 -1.96 "" ""
3605.693 106.00113 1.437 -4.259 3.464 AX52Q225
3605.694 68.0 0.862 0.24 "" ""
3605.703 106.00112 0.735 -6.184 3.464 AX31P155
3605.704 106.00113 0.731 -6.639 3.464 AX31R145
3605.711 24.0 3.008 -3.51 "" ""
3605.714 24.0 3.009 -3.37 "" ""
3605.735 106.00113 1.437 -7.537 3.464 AX52R215
3605.737 106.00113 1.437 -6.474 3.464 AX52P225
3605.758 106.00113 0.731 -4.106 3.464 AX31Q145
3605.78 106.00113 1.437 -4.216 3.464 AX52Q215
3605.796 106.00113 0.731 -4.082 3.464 AX31Q155
3605.798 25.1 6.64 -2.53 "" ""
3605.851 106.00113 0.731 -6.2 3.464 AX31P155
3605.862 45.0 1.278 -0.71 "" ""
3605.863 607.01214 2.121 -0.696 7.724 0908Rb0285
3605.886 607.01214 2.121 -3.928 7.724 0908Qd0295
3605.895 607.01214 2.121 -0.685 7.724 0908Ra0295
3605.901 106.00113 1.392 -8.426 3.464 AX30P285
3605.904 23.0 1.858 -5.84 "" ""
3605.916 106.00112 0.49 -4.668 3.464 AX31P085
3605.932 26.0 3.428 -2.62 "" ""
3605.941 106.00112 0.49 -6.258 3.464 AX31Q085
3605.982 27.1 2.679 -1.5 "" ""
3606.034 22.0 1.979 -2.03 "" ""
3606.058 24.0 3.847 -1.71 "" ""
3606.07 74.0 0.207 -1.98 "" ""
3606.077 106.00112 0.49 -4.607 3.464 AX31P095
3606.082 23.0 2.503 -2.52 "" ""
3606.09 607.01214 1.749 -3.502 7.724 0807Qc0135
3606.092 106.00113 1.288 -7.88 3.464 AX41P235
3606.094 607.01214 2.108 -0.708 7.724 0908Rb0275
3606.096 607.01314 1.688 -3.283 7.724 0807Qc0085
3606.102 607.01214 1.749 -0.888 7.724 0807Pa0145
3606.103 607.01314 1.688 -1.049 7.724 0807Pa0095
3606.113 27.0 3.213 -2.73 "" ""
3606.116 607.01214 2.108 -3.91 7.724 0908Qd0285
3606.118 66.1 0.927 0.38 "" ""
3606.12 607.01214 2.108 -0.696 7.724 0908Ra0285
3606.121 607.01314 1.688 -1.097 7.724 0807Pb0085
3606.145 607.01214 1.749 -0.919 7.724 0807Pb0135
3606.16 65.1 1.026 0.02 LAWNOHFS ""
3606.172 26.1 5.566 -3.06 "" ""
3606.199 23.0 1.944 -4.0 "" ""
3606.261 26.0 3.571 -4.49 "" ""
3606.288 42.0 1.53 -2.64 "" ""
3606.325 92.1 0.578 -0.57 "" ""
3606.338 607.01214 2.096 -0.72 7.724 0908Rb0265
3606.348 22.0 2.152 -2.19 "" ""
3606.359 607.01214 2.096 -0.708 7.724 0908Ra0275
3606.359 607.01214 2.096 -3.892 7.724 0908Qd0275
3606.375 26.0 2.557 -2.52 "" ""
3606.376 106.00113 1.138 -8.83 3.464 AX42R175
3606.38 60.1 0.32 -1.71 LAWLER ""
3606.386 66.1 2.18 0.36 "" ""
3606.427 106.00112 0.521 -6.93 3.464 AX20Q165
3606.467 106.00112 0.521 -4.731 3.464 AX20P165
3606.477 70.1 4.15 -0.41 "" ""
3606.478 24.0 3.847 -4.06 "" ""
3606.51 106.00112 0.521 -4.684 3.464 AX20P175
3606.534 26.0 2.422 -1.73 "" ""
3606.543 607.01314 1.692 -3.329 7.724 0807Qc0095
3606.552 607.01314 1.692 -1.005 7.724 0807Pa0105
3606.558 25.0 4.341 -3.48 "" ""
3606.559 25.0 4.824 -2.99 "" ""
3606.571 607.01214 1.755 -3.533 7.724 0807Qc0145
3606.572 24.0 3.842 -1.77 "" ""
3606.572 607.01314 1.692 -1.049 7.724 0807Pb0095
3606.584 607.01214 1.755 -0.86 7.724 0807Pa0155
3606.589 106.00113 0.487 -4.669 3.464 AX31P085
3606.594 607.01214 2.085 -0.733 7.724 0908Rb0255
3606.594 607.01214 3.138 -1.085 7.724 1513Pb0215
3606.6 26.0 3.298 -1.25 "" ""
3606.611 607.01214 2.085 -0.72 7.724 0908Ra0265
3606.615 607.01214 2.085 -3.874 7.724 0908Qd0265
3606.616 106.00113 0.487 -6.242 3.464 AX31Q085
3606.628 607.01214 1.755 -0.888 7.724 0807Pb0145
3606.63 106.00113 1.31 -4.332 3.464 AX52P205
3606.654 106.00113 1.311 -6.734 3.464 AX52Q195
3606.655 607.01214 3.138 -4.073 7.724 1513Qc0215
3606.662 42.0 2.644 -1.09 "" ""
3606.679 26.0 2.69 0.32 "" ""
3606.684 106.00113 1.311 -4.378 3.464 AX52P195
3606.684 23.0 1.349 -1.21 "" ""
3606.686 27.0 2.872 -2.77 "" ""
3606.7 25.0 2.886 -4.16 "" ""
3606.707 607.01214 3.138 -1.067 7.724 1513Pa0225
3606.713 26.0 3.637 -1.51 "" ""
3606.715 22.0 2.406 -3.0 "" ""
3606.744 28.1 6.468 -6.6 "" ""
3606.745 26.0 3.684 -2.83 "" ""
3606.779 22.0 0.021 -2.36 "" ""
3606.782 26.0 3.94 -0.78 "" ""
3606.789 106.00113 0.488 -4.606 3.464 AX31P095
3606.791 106.00113 0.732 -6.657 3.464 AX31R145
3606.791 21.0 1.994 -3.4 "" ""
3606.808 26.0 2.829 -5.39 "" ""
3606.81 106.00113 0.732 -4.106 3.464 AX31Q145
3606.826 106.00113 0.732 -4.082 3.464 AX31Q155
3606.84 24.0 4.096 -2.26 "" ""
3606.842 28.0 3.603 -0.64 "" ""
3606.846 106.00113 0.732 -6.184 3.464 AX31P155
3606.855 20.0 2.93 -4.92 "" ""
3606.855 25.0 3.769 -3.41 "" ""
3606.865 28.0 3.83 -1.95 "" ""
3606.883 607.01214 2.073 -3.855 7.724 0908Qd0255
3606.892 607.01214 2.073 -0.733 7.724 0908Ra0255
3606.894 66.1 2.635 0.92 "" ""
3606.909 42.1 3.98 -1.0 "" ""
3606.917 607.01214 2.073 -0.746 7.724 0908Rb0245
