wavelength species excitation loggf disassociation_energy comment
4977.184 25.0 4.662 -3.48 "" ""
4977.188 106.00112 1.872 -6.347 3.464 AX45Q145
4977.188 607.01214 1.139 -3.223 7.724 0104Ra0255
4977.201 58.1 0.904 -1.0 LAWLER ""
4977.216 20.0 6.049 -2.99 "" ""
4977.227 106.00113 0.458 -5.778 3.464 AX01P075
4977.237 106.00112 1.872 -3.845 3.464 AX45P145
4977.259 607.01214 1.139 -3.239 7.724 0104Rb0245
4977.303 607.01214 1.139 -6.338 7.724 0104Qd0255
4977.31 15.0 6.98 -3.0 "" ""
4977.327 106.00112 1.872 -3.911 3.464 AX45P155
4977.337 22.0 3.548 -4.05 "" ""
4977.423 24.0 5.278 -2.07 "" ""
4977.53 106.00113 0.835 -4.137 3.464 BX02P095
4977.532 24.0 5.276 -0.75 "" ""
4977.545 39.0 2.294 -0.06 "" ""
4977.591 106.00113 0.835 -8.622 3.464 BX02Q095
4977.648 26.0 3.926 -2.17 "" ""
4977.69 42.0 2.595 -1.86 "" ""
4977.706 106.00112 1.914 -6.949 3.464 AX13R255
4977.728 22.0 2.015 -0.92 "" ""
4977.734 45.0 1.278 -1.84 "" ""
4977.817 607.01314 0.924 -3.707 7.724 0003Ra0295
4977.85 6.0 8.634 -3.47 "" ""
4977.873 106.00113 0.835 -4.06 3.464 BX02P105
4977.875 106.00113 1.513 -0.712 3.464 BX11P265
4977.887 607.01314 0.924 -3.722 7.724 0003Rb0285
4977.892 106.00113 0.458 -5.803 3.464 AX01P075
4977.915 20.0 6.05 -5.11 "" ""
4977.934 20.0 6.05 -4.33 "" ""
4977.936 607.01314 0.924 -6.943 7.724 0003Qd0295
4977.942 57.0 0.0 -1.91 "" ""
4977.981 106.00113 0.908 -5.646 3.464 AX12P115
4978.021 106.00113 1.513 -4.706 3.464 BX11Q265
4978.058 607.01214 1.239 -3.472 7.724 0205Ra0055
4978.072 106.00113 1.513 -0.246 3.464 BX11P275
4978.078 607.01214 1.239 -3.544 7.724 0205Rb0045
4978.087 607.01214 1.239 -5.352 7.724 0205Qd0055
4978.093 25.1 6.653 -3.18 "" ""
4978.099 22.0 2.173 -3.27 "" ""
4978.11 26.0 3.957 -3.96 "" ""
4978.12 23.0 3.077 -3.62 "" ""
4978.15 106.00113 1.285 -5.677 3.464 AX23P135
4978.15 15.0 6.93 -1.8 "" ""
4978.188 22.0 1.967 -0.39 "" ""
4978.208 24.0 4.443 -2.26 "" ""
4978.276 24.0 5.276 -1.8 "" ""
4978.357 26.0 4.831 -1.8 "" ""
4978.384 42.0 2.593 -2.27 "" ""
4978.47 106.00113 1.942 -8.815 3.464 AX56P105
4978.479 607.01314 0.996 -3.558 7.724 0104Ra0105
4978.511 607.01314 0.996 -3.598 7.724 0104Rb0095
4978.528 607.01314 0.996 -5.95 7.724 0104Qd0105
4978.541 11.0 2.101 -1.21 "" ""
4978.578 106.00113 1.942 -4.86 3.464 AX56Q095
4978.603 26.0 3.981 -0.93 "" ""
4978.609 106.00112 2.3 -6.544 3.464 AX24R275
4978.692 26.0 4.073 -0.46 "" ""
4978.734 112.00124 0.619 -2.158 1.340 22R120b24
4978.747 112.00124 0.829 0.454 1.340 00R235b24
4978.765 106.00113 1.942 -4.535 3.464 AX56Q105
4978.779 112.00124 0.896 0.201 1.340 11R133b24
4978.874 106.00113 1.942 -5.879 3.464 AX56R095
4978.876 106.00113 2.353 -4.003 3.464 AX02R345
4978.898 69.0 2.422 0.06 "" ""
4978.913 22.0 2.693 -3.27 "" ""
4978.922 112.00124 0.829 -2.428 1.340 00Q135b24
4978.933 106.00112 1.873 -6.373 3.464 AX45Q145
4978.978 106.00112 1.873 -3.912 3.464 AX45P155
4978.982 106.00112 1.873 -3.845 3.464 AX45P145
4979.062 607.01214 1.085 -3.618 7.724 0003Ra0385
4979.088 112.00124 0.896 0.174 1.340 11R233b24
4979.113 106.00113 2.24 -5.445 3.464 AX56Q185
4979.125 42.0 1.334 -1.59 "" ""
4979.147 22.0 3.177 -3.78 "" ""
4979.154 607.01214 1.085 -3.629 7.724 0003Rb0375
4979.164 45.0 1.483 -1.65 "" ""
4979.179 24.0 3.119 -4.0 "" ""
4979.192 112.00124 0.829 0.465 1.340 00R135b24
4979.217 106.00113 1.942 -8.803 3.464 AX56P105
4979.22 607.01214 1.085 -7.07 7.724 0003Qd0385
4979.248 112.00124 0.896 -2.476 1.340 11Q133b24
4979.259 22.0 2.173 -1.59 LAWLER ""
4979.289 607.01214 1.237 -3.545 7.724 0205Ra0045
4979.307 607.01214 1.237 -3.633 7.724 0205Rb0035
4979.309 106.00113 0.908 -5.682 3.464 AX12P115
4979.309 26.0 4.555 -4.1 "" ""
4979.314 607.01214 1.237 -5.272 7.724 0205Qd0045
4979.325 76.0 2.009 -1.79 "" ""
4979.348 23.0 2.377 -3.54 "" ""
4979.371 607.01214 1.862 -7.269 7.724 0003Qc0695
4979.386 106.00113 1.942 -4.86 3.464 AX56Q095
4979.457 106.00112 2.367 -4.001 3.464 AX02R345
4979.469 22.1 5.563 -4.23 "" ""
4979.491 607.01214 1.862 -3.212 7.724 0003Pa0705
4979.513 106.00113 1.942 -4.536 3.464 AX56Q105
4979.542 26.0 4.962 -3.99 "" ""
4979.582 607.01214 1.128 -3.239 7.724 0104Ra0245
4979.587 26.0 3.637 -2.58 "" ""
4979.603 106.00113 2.24 -3.105 3.464 AX56R185
4979.607 26.0 3.015 -6.54 "" ""
4979.609 106.00113 2.096 -3.765 3.464 AX34P245
4979.61 607.01214 1.862 -3.222 7.724 0003Pb0695
4979.633 106.00113 1.821 -5.982 3.464 AX56P035
4979.652 607.01214 1.128 -3.257 7.724 0104Rb0235
4979.653 106.00112 2.367 -4.043 3.464 AX02R335
4979.658 106.00113 2.24 -3.178 3.464 AX56R175
4979.676 26.0 4.253 -4.06 "" ""
4979.681 106.00113 1.942 -5.893 3.464 AX56R095
4979.688 106.00113 2.096 -7.386 3.464 AX34Q235
4979.693 607.01214 1.128 -6.322 7.724 0104Qd0245
4979.721 26.0 4.555 -2.85 "" ""
4979.735 106.00112 2.367 -6.46 3.464 AX02Q345
4979.754 106.00112 0.459 -5.778 3.464 AX01P075
4979.757 26.0 4.545 -3.82 "" ""
4979.785 106.00113 1.822 -5.981 3.464 AX56P035
4979.792 27.0 3.527 -5.27 "" ""
4979.803 106.00112 0.73 -6.521 3.464 BX02P055
4979.833 26.0 3.015 -3.97 "" ""
4979.841 74.0 2.265 -1.07 "" ""
4979.889 106.00112 1.666 -6.095 3.464 AX45P085
4979.923 106.00113 1.286 -5.719 3.464 AX23P135
4979.938 27.0 4.061 -0.4 "" ""
4979.951 607.01314 0.992 -3.598 7.724 0104Ra0095
4979.958 106.00113 1.821 -7.087 3.464 AX56Q035
4979.958 67.0 0.0 -1.02 "" ""
4979.968 106.00113 2.096 -3.589 3.464 AX34P235
4979.98 607.01314 0.992 -3.641 7.724 0104Rb0085
4979.991 42.0 3.904 -0.97 "" ""
4979.996 607.01314 0.992 -5.909 7.724 0104Qd0095
4980.024 106.00113 2.296 -6.472 3.464 AX24R275
4980.074 24.0 4.444 -2.32 "" ""
4980.079 106.00112 2.367 -6.186 3.464 AX52R345
4980.088 20.0 4.76 -4.28 "" ""
4980.109 106.00113 1.822 -7.094 3.464 AX56Q035
4980.122 27.1 5.118 -2.4 "" ""
4980.124 27.0 4.256 -2.46 "" ""
4980.173 28.0 3.603 0.07 LAWLER ""
4980.216 23.0 2.136 -7.95 "" ""
4980.283 26.0 4.175 -1.5 "" ""
4980.288 106.00113 1.523 -5.807 3.464 AX34P125
4980.315 24.0 3.011 -2.93 "" ""
4980.323 21.0045 2.109 -1.3 LAWHFS ""
4980.324 106.00113 1.91 -6.681 3.464 AX45Q155
4980.327 21.0045 2.109 -1.48 LAWHFS ""
4980.332 21.0045 2.109 -1.3 LAWHFS ""
4980.333 21.0045 2.109 -1.73 LAWHFS ""
4980.34 21.0045 2.109 -1.14 LAWHFS ""
4980.342 21.0045 2.109 -2.16 LAWHFS ""
4980.345 21.0045 2.109 -1.61 LAWHFS ""
4980.351 21.0045 2.109 -1.13 LAWHFS ""
4980.357 44.0 1.192 -0.7 "" ""
4980.358 21.0045 2.109 -1.17 LAWHFS ""
4980.365 21.0045 2.109 -1.29 LAWHFS ""
4980.37 607.01314 0.911 -3.722 7.724 0003Ra0285
4980.374 21.0045 2.109 -0.88 LAWHFS ""
4980.375 106.00113 1.822 -5.847 3.464 AX56P045
4980.377 106.00113 1.91 -3.909 3.464 AX45P155
4980.392 23.1 6.857 -1.35 "" ""
4980.393 21.0045 2.109 -0.67 LAWHFS ""
4980.4 607.01314 1.361 -2.931 7.724 0104Pb0415
4980.417 21.0 1.942 -3.58 "" ""
4980.427 106.00112 0.46 -5.802 3.464 AX01P075
4980.431 106.00113 1.91 -4.003 3.464 AX45P165
4980.438 607.01314 0.911 -3.737 7.724 0003Rb0275
4980.441 20.0 5.177 -3.59 "" ""
4980.465 607.01214 1.235 -3.633 7.724 0205Ra0035
4980.48 607.01214 1.235 -3.745 7.724 0205Rb0025
4980.486 607.01214 1.235 -5.173 7.724 0205Qd0035
4980.486 607.01314 0.911 -6.929 7.724 0003Qd0285
4980.501 106.00113 1.822 -5.847 3.464 AX56P045
4980.504 106.00112 0.911 -5.646 3.464 AX12P115
4980.54 26.0 4.183 -1.25 "" ""
4980.592 106.00112 1.666 -6.121 3.464 AX45P085
4980.648 27.0 4.143 -2.84 "" ""
4980.68 69.1 2.945 -0.35 "" ""
4980.714 106.00112 2.165 -8.189 3.464 AX34Q245
4980.779 106.00112 1.949 -4.86 3.464 AX56Q095
4980.788 106.00112 1.949 -5.879 3.464 AX56R095
4980.797 106.00112 2.165 -4.036 3.464 AX34P255
4980.878 106.00112 2.165 -3.765 3.464 AX34P245
4980.886 60.0 0.838 0.0 "" ""
4980.893 25.0 4.35 -2.9 "" ""
4980.951 90.1 0.829 -2.48 "" ""
4980.975 23.0 1.802 -4.56 "" ""
4980.98 112.00124 0.515 -2.164 1.340 11R122b24
4980.993 106.00112 1.949 -8.814 3.464 AX56P105
4981.002 106.00112 1.949 -4.535 3.464 AX56Q105
4981.033 106.00112 1.289 -5.677 3.464 AX23P135
4981.05 42.0 2.621 -2.53 "" ""
4981.061 24.0 4.609 -0.71 "" ""
4981.151 27.0 4.392 -3.64 "" ""
4981.272 26.0 4.291 -4.45 "" ""
4981.276 60.1 0.742 -0.94 "" ""
4981.278 106.00113 2.241 -5.415 3.464 AX56Q185
4981.322 24.0 3.011 -3.26 "" ""
4981.355 22.1 1.565 -3.16 "" ""
4981.369 24.0 5.276 -1.95 "" ""
4981.369 607.01314 0.988 -3.641 7.724 0104Ra0085
4981.396 607.01314 0.988 -3.689 7.724 0104Rb0075
4981.41 607.01314 0.988 -5.863 7.724 0104Qd0085
4981.586 607.01214 1.234 -3.745 7.724 0205Ra0025
4981.587 106.00112 1.949 -4.86 3.464 AX56Q095
4981.596 106.00112 1.949 -5.892 3.464 AX56R095
4981.598 607.01214 1.234 -3.899 7.724 0205Rb0015
4981.602 607.01214 1.234 -5.043 7.724 0205Qd0025
4981.633 24.0 5.278 0.14 "" ""
4981.635 24.0 5.176 -2.06 "" ""
4981.651 607.01314 1.343 -6.498 7.724 0104Qc0405
4981.672 106.00112 2.249 -3.105 3.464 AX56R185
4981.674 106.00112 2.249 -3.178 3.464 AX56R175
4981.709 106.00113 1.524 -5.845 3.464 AX34P125
4981.717 62.1 0.659 -2.05 "" ""
4981.718 112.00124 0.857 0.356 1.340 11R232b24
4981.719 607.01314 1.343 -2.931 7.724 0104Pa0415
4981.731 22.0 0.848 0.57 LAWLER ""
4981.742 106.00112 1.949 -8.803 3.464 AX56P105
4981.751 106.00112 1.949 -4.535 3.464 AX56Q105
4981.756 106.00112 1.828 -5.982 3.464 AX56P035
4981.769 106.00113 2.241 -3.106 3.464 AX56R185
4981.771 106.00112 2.249 -5.444 3.464 AX56Q185
4981.792 27.0 3.968 -1.17 "" ""
4981.805 607.01314 1.343 -2.944 7.724 0104Pb0405
4981.815 42.0 3.387 -1.38 "" ""
4981.834 106.00112 0.838 -4.136 3.464 BX02P095
4981.848 106.00112 0.912 -5.682 3.464 AX12P115
4981.877 112.00124 0.857 -2.409 1.340 11Q132b24
4981.892 42.0 2.474 -2.51 "" ""
4981.9 106.00112 0.838 -8.622 3.464 BX02Q095
4981.905 22.0 2.425 -3.64 "" ""
4981.908 106.00112 1.828 -5.98 3.464 AX56P035
4981.911 106.00112 1.916 -6.879 3.464 AX13R255
4981.923 607.01214 1.117 -3.257 7.724 0104Ra0235
4981.927 106.00113 2.242 -3.178 3.464 AX56R175
4981.966 39.0 1.982 -1.98 "" ""
4981.99 607.01214 1.117 -3.275 7.724 0104Rb0225
4981.994 106.00112 1.828 -7.086 3.464 AX56Q035
4982.018 112.00124 0.857 0.368 1.340 11R132b24
4982.03 607.01214 1.117 -6.305 7.724 0104Qd0235
4982.075 25.0 4.709 -1.74 "" ""
4982.127 25.0 4.341 -2.74 "" ""
4982.13 39.1 1.033 -1.32 Biemont11 ""
4982.146 106.00112 1.828 -7.094 3.464 AX56Q035
4982.183 106.00112 0.838 -4.059 3.464 BX02P105
4982.246 23.1 3.8 -2.46 "" ""
4982.261 106.00113 1.911 -6.709 3.464 AX45Q155
4982.261 607.01214 1.068 -3.63 7.724 0003Ra0375
4982.264 106.00113 1.911 -4.004 3.464 AX45P165
4982.31 106.00113 1.911 -3.909 3.464 AX45P155
4982.351 607.01214 1.068 -3.641 7.724 0003Rb0365
4982.365 26.0 4.952 -4.2 "" ""
4982.416 607.01214 1.068 -7.06 7.724 0003Qd0375
4982.499 26.0 4.1 0.16 "" ""
4982.537 26.0 4.28 -4.45 "" ""
4982.544 106.00112 1.828 -5.847 3.464 AX56P045
4982.586 74.0 0.0 -2.48 "" ""
4982.6 607.01214 1.831 -7.266 7.724 0003Qc0685
4982.652 607.01214 1.233 -3.899 7.724 0205Ra0015
4982.656 22.1 3.999 -4.57 "" ""
4982.66 607.01214 1.233 -4.154 7.724 0205Rb0005
4982.663 23.0 2.121 -3.59 "" ""
4982.663 607.01214 1.233 -4.851 7.724 0205Qd0015
4982.67 106.00112 1.828 -5.847 3.464 AX56P045
4982.718 23.0 3.096 -2.12 "" ""
4982.719 607.01214 1.831 -3.222 7.724 0003Pa0695
4982.729 106.00112 1.29 -5.718 3.464 AX23P135
4982.733 607.01314 0.985 -3.689 7.724 0104Ra0075
4982.757 607.01314 0.985 -3.743 7.724 0104Rb0065
4982.77 607.01314 0.985 -5.812 7.724 0104Qd0075
4982.809 11.0 2.103 -1.91 "" ""
4982.814 11.0 2.103 -0.95 "" ""
4982.838 607.01214 1.831 -3.231 7.724 0003Pb0685
4982.845 106.00112 1.528 -5.806 3.464 AX34P125
4982.87 607.01314 0.899 -3.737 7.724 0003Ra0275
4982.884 60.0 0.456 -0.17 "" ""
4982.936 607.01314 0.899 -3.753 7.724 0003Rb0265
4982.982 607.01314 0.899 -6.915 7.724 0003Qd0275
4983.004 607.01314 1.325 -6.489 7.724 0104Qc0395
4983.016 27.0 2.716 -3.07 "" ""
4983.023 27.0 4.237 -1.64 "" ""
4983.024 6.0 8.636 -3.52 "" ""
4983.067 106.00112 2.302 -6.471 3.464 AX24R275
4983.071 607.01314 1.325 -2.944 7.724 0104Pa0405
4983.106 6.0 8.636 -2.7 "" ""
4983.108 27.0 4.046 -2.5 "" ""
4983.143 25.0 4.723 -3.25 "" ""
4983.155 607.01314 1.325 -2.957 7.724 0104Pb0395
4983.236 112.00124 0.411 -2.173 1.340 00R124b24
4983.25 26.0 4.151 -0.11 "" ""
4983.327 26.0 3.639 -4.4 "" ""
4983.342 26.0 4.603 -2.04 "" ""
4983.414 21.0045 2.111 -1.05 LAWHFS ""
4983.423 21.0045 2.111 -1.46 LAWHFS ""
4983.426 21.0045 2.111 -1.46 LAWHFS ""
4983.433 62.1 1.745 -1.17 "" ""
4983.435 21.0045 2.111 -1.66 LAWHFS ""
4983.442 21.0045 2.111 -1.34 LAWHFS ""
4983.443 44.0 1.122 -1.99 "" ""
4983.445 21.0045 2.111 -1.34 LAWHFS ""
4983.452 21.0045 2.111 -9.0 LAWHFS ""
4983.454 42.0 2.596 -1.91 "" ""
4983.457 21.0045 2.111 -1.47 LAWHFS ""
4983.458 21.0045 2.111 -1.47 LAWHFS ""
4983.464 21.0045 2.111 -1.64 LAWHFS ""
4983.475 24.0 4.446 -3.26 "" ""
4983.565 106.00113 1.251 -6.71 3.464 BX02P195
4983.578 22.0 3.102 -1.84 "" ""
4983.594 106.00113 1.251 -2.991 3.464 BX02Q185
4983.617 24.0 3.426 -2.09 "" ""
4983.661 607.01214 1.233 -4.154 7.724 0205Ra0005
4983.665 106.00113 1.251 -2.892 3.464 BX02Q195
4983.668 607.01214 1.233 -4.453 7.724 0205Qd0005
4983.694 106.00113 1.251 -6.487 3.464 BX02R185
4983.718 112.00124 0.7 -2.132 1.340 33R117b24
4983.756 23.0 2.377 -3.03 "" ""
4983.759 112.00124 0.892 0.249 1.340 22R229b24
4983.84 106.00112 2.25 -3.105 3.464 AX56R185
4983.846 106.00113 1.971 -8.146 3.464 AX56P115
4983.853 26.0 4.1 -0.05 "" ""
4983.897 112.00124 0.892 0.262 1.340 22R129b24
4983.9 112.00124 0.892 -2.391 1.340 22Q129b24
4983.906 24.0 4.102 -3.25 "" ""
4983.938 106.00112 2.25 -5.414 3.464 AX56Q185
4983.946 106.00112 2.25 -3.178 3.464 AX56R175
4984.012 106.00113 1.971 -4.535 3.464 AX56Q105
4984.043 607.01314 0.982 -3.743 7.724 0104Ra0065
4984.065 607.01314 0.981 -3.806 7.724 0104Rb0055
4984.075 607.01314 0.982 -5.754 7.724 0104Qd0065
4984.112 28.0 3.793 0.35 "" ""
4984.16 106.00113 1.971 -4.266 3.464 AX56Q115
4984.209 607.01214 1.107 -3.275 7.724 0104Ra0225
4984.221 23.0 2.121 -3.56 "" ""
4984.272 106.00112 1.529 -5.845 3.464 AX34P125
4984.274 607.01214 1.107 -3.294 7.724 0104Rb0215
4984.303 607.01314 1.308 -6.479 7.724 0104Qc0385
4984.312 607.01214 1.107 -6.288 7.724 0104Qd0225
4984.326 106.00113 1.971 -5.757 3.464 AX56R105
4984.368 607.01314 1.308 -2.957 7.724 0104Pa0395
4984.431 24.0 4.096 -3.52 "" ""
4984.433 58.1 1.026 -1.02 LAWLER ""
4984.434 106.00112 2.339 -5.242 3.464 AX45R235
4984.451 607.01314 1.308 -2.97 7.724 0104Pb0385
4984.494 23.0 2.676 -1.6 "" ""
4984.497 106.00112 2.339 -2.926 3.464 AX45Q245
4984.571 58.1 0.976 -1.68 "" ""
4984.583 24.0 4.201 -3.89 "" ""
4984.59 106.00112 2.339 -3.086 3.464 AX45Q235
4984.605 26.0 4.603 -2.46 "" ""
4984.629 26.0 4.604 -3.93 "" ""
4984.653 106.00112 2.339 -6.182 3.464 AX45P245
4984.713 74.0 2.351 -1.39 "" ""
4984.728 20.0 4.873 -1.99 "" ""
4984.741 106.00113 1.971 -8.134 3.464 AX56P115
4984.783 23.0 3.071 -2.94 "" ""
4984.801 106.00112 2.167 -4.037 3.464 AX34P255
4984.875 106.00112 2.167 -8.23 3.464 AX34Q245
4984.894 22.1 3.999 -4.3 "" ""
4984.895 24.0 3.426 -1.94 "" ""
4984.9 64.1 1.133 -1.69 LAWLER ""
4984.927 26.0 3.069 -5.53 "" ""
4984.974 106.00113 1.972 -4.535 3.464 AX56Q105
4985.039 106.00112 2.167 -3.765 3.464 AX34P245
4985.056 106.00113 1.971 -4.266 3.464 AX56Q115
4985.064 106.00112 1.725 -10.345 3.464 CX05R105
4985.082 106.00112 1.725 -9.925 3.464 CX05R115
4985.203 106.00112 1.725 -12.554 3.464 CX05Q115
4985.253 26.0 3.926 -0.44 DEN14 ""
4985.274 24.0 4.385 -3.21 "" ""
4985.288 106.00113 1.972 -5.772 3.464 AX56R105
4985.296 64.1 1.25 -1.67 "" ""
4985.299 607.01314 0.979 -3.806 7.724 0104Ra0055
4985.318 607.01314 0.887 -3.753 7.724 0003Ra0265
4985.318 607.01314 0.979 -3.879 7.724 0104Rb0045
4985.327 607.01314 0.979 -5.687 7.724 0104Qd0055
4985.355 22.0 1.459 -5.14 "" ""
4985.372 90.0 0.457 -1.89 "" ""
4985.382 607.01314 0.887 -3.769 7.724 0003Rb0255
4985.383 607.01214 1.468 -2.737 7.724 0205Pb0315
4985.402 106.00112 1.915 -6.68 3.464 AX45Q155
4985.407 607.01214 1.051 -3.642 7.724 0003Ra0365
4985.416 24.1 3.906 -3.93 "" ""
4985.426 27.1 3.405 -6.18 "" ""
4985.426 607.01314 0.887 -6.9 7.724 0003Qd0265
4985.463 106.00112 1.915 -3.909 3.464 AX45P155
4985.473 24.0 3.426 -2.13 "" ""
4985.476 24.0 5.278 -0.81 "" ""
4985.495 607.01214 1.051 -3.654 7.724 0003Rb0355
4985.511 607.01214 1.233 -4.454 7.724 0205Qc0005
4985.513 607.01214 1.233 -4.151 7.724 0205Pa0015
4985.528 106.00112 1.916 -4.003 3.464 AX45P165
4985.547 26.0 2.863 -1.33 "" ""
4985.547 607.01314 1.292 -6.469 7.724 0104Qc0375
4985.558 607.01214 1.051 -7.05 7.724 0003Qd0365
4985.561 23.0 1.08 -3.04 "" ""
4985.563 24.0 4.443 -3.78 "" ""
4985.564 42.0 2.644 -1.58 "" ""
4985.61 607.01314 1.292 -2.97 7.724 0104Pa0385
4985.685 106.00113 2.157 -7.143 3.464 CX05P215
4985.693 607.01314 1.292 -2.984 7.724 0104Pb0375
4985.705 106.00113 2.157 -7.143 3.464 CX05P205
4985.729 26.0 3.692 -4.03 "" ""
4985.736 106.00113 1.329 -5.703 3.464 AX23P145
4985.738 106.00113 0.948 -5.667 3.464 AX12P125
4985.774 607.01214 1.801 -7.262 7.724 0003Qc0675
4985.81 22.0 3.567 -4.12 "" ""
4985.819 25.0 3.376 -1.4 "" ""
4985.891 607.01214 1.801 -3.232 7.724 0003Pa0685
4985.898 22.0 3.332 -3.47 "" ""
4985.911 20.0 4.874 -1.49 "" ""
4985.963 24.0 3.842 -1.07 "" ""
4985.977 106.00112 2.371 -4.002 3.464 AX02R345
4985.983 26.0 4.253 -1.9 "" ""
4985.993 75.0 2.147 -1.23 "" ""
4986.01 607.01214 1.801 -3.241 7.724 0003Pb0675
4986.036 112.00124 0.786 0.444 1.340 00R234b24
4986.038 27.1 3.116 -7.89 "" ""
4986.098 22.0 1.738 -4.12 "" ""
4986.109 607.01214 1.453 -6.055 7.724 0205Qc0305
4986.161 607.01214 1.453 -2.737 7.724 0205Pa0315
4986.209 112.00124 0.786 -2.414 1.340 00Q134b24
4986.219 24.0 3.446 -4.43 "" ""
4986.223 26.0 4.214 -1.39 "" ""
4986.232 607.01214 1.453 -2.753 7.724 0205Pb0305
4986.248 106.00112 1.978 -5.757 3.464 AX56R105
4986.254 106.00112 1.978 -4.535 3.464 AX56Q105
4986.258 106.00112 2.371 -6.41 3.464 AX02Q345
4986.348 607.01214 1.234 -4.852 7.724 0205Qc0015
4986.353 607.01214 1.234 -3.895 7.724 0205Pa0025
4986.355 607.01214 1.234 -4.151 7.724 0205Pb0015
4986.374 106.00112 2.371 -4.044 3.464 AX02R335
4986.385 58.1 1.026 -1.16 "" ""
4986.416 27.0059 2.716 -3.435 Lawle15HFS ""
4986.42 27.0059 2.716 -3.254 Lawle15HFS ""
4986.425 27.0059 2.716 -3.223 Lawle15HFS ""
4986.431 27.0059 2.716 -3.287 Lawle15HFS ""
4986.437 27.0059 2.716 -3.486 Lawle15HFS ""
4986.44 106.00112 1.978 -4.265 3.464 AX56Q115
4986.44 607.01214 1.097 -3.294 7.724 0104Ra0215
4986.443 27.0059 2.716 -3.028 Lawle15HFS ""
4986.443 27.0059 2.716 -3.434 Lawle15HFS ""
4986.444 27.0059 2.716 -4.151 Lawle15HFS ""
4986.445 27.0059 2.716 -2.736 Lawle15HFS ""
4986.445 27.0059 2.716 -5.391 Lawle15HFS ""
4986.445 58.0 0.773 -0.11 "" ""
4986.446 106.00112 1.978 -8.146 3.464 AX56P115
4986.446 27.0059 2.716 -3.741 Lawle15HFS ""
4986.454 27.0059 2.716 -3.486 Lawle15HFS ""
4986.455 106.00113 2.158 -8.188 3.464 AX34Q245
4986.457 27.0059 2.716 -3.287 Lawle15HFS ""
4986.461 27.0059 2.716 -3.223 Lawle15HFS ""
4986.466 27.0059 2.716 -3.254 Lawle15HFS ""
4986.473 27.0059 2.716 -3.435 Lawle15HFS ""
4986.49 112.00124 0.786 0.456 1.340 00R134b24
4986.495 106.00113 2.158 -3.764 3.464 AX34P245
4986.5 607.01314 0.977 -3.879 7.724 0104Ra0045
4986.503 607.01214 1.097 -3.314 7.724 0104Rb0205
4986.516 607.01314 0.977 -3.967 7.724 0104Rb0035
4986.519 106.00113 2.158 -4.035 3.464 AX34P255
4986.524 607.01314 0.977 -5.606 7.724 0104Qd0045
4986.539 607.01214 1.097 -6.269 7.724 0104Qd0215
4986.559 106.00113 1.835 -5.775 3.464 AX56P045
4986.569 106.00113 2.157 -11.376 3.464 CX05Q205
4986.573 27.0 4.046 -2.76 "" ""
4986.621 106.00112 2.371 -6.089 3.464 AX52R345
4986.649 112.00124 0.593 -2.166 1.340 22R119b24
4986.67 23.0 2.377 -3.52 "" ""
4986.723 106.00113 0.87 -4.06 3.464 BX02P105
4986.736 607.01314 1.275 -6.459 7.724 0104Qc0365
4986.765 57.1139 0.173 -2.3 Lawle01HFS ""
4986.771 57.1139 0.173 -2.571 Lawle01HFS ""
4986.783 57.1139 0.173 -3.011 Lawle01HFS ""
4986.784 57.1139 0.173 -2.316 Lawle01HFS ""
4986.788 106.00113 1.835 -5.774 3.464 AX56P045
4986.79 106.00113 0.87 -8.497 3.464 BX02Q105
4986.79 26.0 2.988 -5.14 "" ""
4986.798 607.01314 1.275 -2.984 7.724 0104Pa0375
4986.799 57.1139 0.173 -2.196 Lawle01HFS ""
4986.811 57.1139 0.173 -2.571 Lawle01HFS ""
4986.818 57.1139 0.173 -2.312 Lawle01HFS ""
4986.834 57.1139 0.173 -2.116 Lawle01HFS ""
4986.842 106.00113 1.835 -7.451 3.464 AX56Q045
4986.855 106.00113 1.689 -6.14 3.464 AX45P095
4986.862 57.1139 0.173 -1.823 Lawle01HFS ""
4986.866 27.0 2.868 -4.31 "" ""
4986.879 607.01314 1.275 -2.997 7.724 0104Pb0365
4986.894 92.1 0.113 -2.5 "" ""
4986.904 607.01214 1.44 -6.042 7.724 0205Qc0295
4986.905 26.0 4.253 -2.09 "" ""
4986.924 74.0 1.867 -1.39 "" ""
4986.938 26.0 4.256 -1.34 RUF14 ""
4986.955 607.01214 1.44 -2.753 7.724 0205Pa0305
4986.992 106.00113 0.487 -5.795 3.464 AX01P085
4987.024 607.01214 1.44 -2.769 7.724 0205Pb0295
4987.026 106.00113 1.865 -10.875 3.464 CX05P155
4987.034 33.0 6.554 -0.2 "" ""
4987.043 106.00113 0.87 -3.981 3.464 BX02P115
4987.06 25.0 2.918 -3.04 "" ""
4987.071 106.00113 1.835 -7.461 3.464 AX56Q045
4987.076 106.00113 2.361 -6.185 3.464 AX52R345
4987.103 23.0 3.111 -2.24 "" ""
4987.123 106.00113 1.835 -5.715 3.464 AX56P055
4987.125 106.00113 1.834 -6.942 3.464 AX13R245
4987.13 607.01214 1.235 -5.043 7.724 0205Qc0025
