wavelength species excitation loggf disassociation_energy comment
5082.44 607.01314 2.149 -2.983 7.724 1809Qc0115
5082.459 112.00126 0.742 0.59 1.340 11Q129h26
5082.46 607.01314 2.149 -2.823 7.724 1809Pa0125
5082.469 112.00124 0.291 0.247 1.340 00R220h24
5082.509 21.0 5.401 -2.93 "" ""
5082.566 112.00124 0.361 0.094 1.340 11R216h24
5082.582 106.00112 1.694 -12.228 3.464 CX05R095
5082.596 112.00124 0.291 -2.177 1.340 00Q120b24
5082.601 106.00112 0.988 -3.72 3.464 BX13Q025
5082.609 607.01214 2.832 -2.644 7.724 2212Qa0075
5082.62 106.00112 0.988 -5.847 3.464 BX13R025
5082.634 112.00125 0.29 0.247 1.340 00R220h25
5082.635 607.01214 2.825 -3.199 7.724 2212Qc0035
5082.668 112.00124 0.361 -2.109 1.340 11Q116b24
5082.688 26.0 3.109 -5.35 "" ""
5082.689 106.00112 1.694 -9.505 3.464 CX05Q095
5082.7 607.01214 1.571 -3.572 7.724 1406Pc0205
5082.709 112.00125 0.361 0.094 1.340 11R216h25
5082.718 26.0 3.045 -6.77 "" ""
5082.745 106.00113 1.501 -3.023 3.464 BX02P225
5082.754 27.0 4.172 -4.18 "" ""
5082.783 112.00126 0.29 0.247 1.340 00R220h26
5082.79 607.01214 2.825 -3.458 7.724 2212Pa0045
5082.801 64.0 2.048 0.36 "" ""
5082.826 106.00112 1.694 -10.277 3.464 CX05Q105
5082.838 112.00126 0.361 0.094 1.340 11R216h26
5082.842 607.01214 2.839 -2.935 7.724 2212Pb0085
5082.875 106.00113 1.501 -7.181 3.464 BX02Q225
5082.887 106.00113 2.038 -3.757 3.464 AX13R275
5082.91 26.0 4.635 -3.5 "" ""
5082.933 106.00112 1.694 -12.235 3.464 CX05P105
5082.937 112.00124 0.291 0.265 1.340 00R120h24
5082.956 106.00113 1.501 -2.928 3.464 BX02P235
5083.03 112.00124 0.361 0.116 1.340 11R116h24
5083.046 106.00113 2.038 -3.779 3.464 AX13R265
5083.078 106.00113 2.038 -6.029 3.464 AX13Q275
5083.089 607.01314 0.684 -5.032 7.724 0902Qc0285
5083.103 112.00125 0.29 0.265 1.340 00R120h25
5083.139 607.01214 2.823 -4.151 7.724 2212Pc0025
5083.141 607.01314 0.684 -3.198 7.724 0902Pa0295
5083.141 607.01314 2.188 -2.26 7.724 1809Qb0175
5083.163 27.0 1.709 -5.87 "" ""
5083.169 607.01314 2.188 -3.236 7.724 1809Pd0185
5083.174 112.00125 0.361 0.116 1.340 11R116h25
5083.228 607.01214 0.909 -2.885 7.724 1003Rb0255
5083.255 112.00126 0.29 0.265 1.340 00R120h26
5083.268 106.00112 2.339 -6.253 3.464 AX35R245
5083.276 607.01214 0.909 -3.629 7.724 1003Qd0265
5083.279 58.1 0.956 -1.64 LAWLER ""
5083.299 607.01314 2.173 -3.194 7.724 1809Rc0155
5083.302 112.00126 0.361 0.116 1.340 11R116h26
5083.312 607.01314 1.547 -2.554 7.724 1406Ra0225
5083.314 607.01214 0.916 -4.341 7.724 0902Rc0415
5083.323 607.01314 2.173 -2.292 7.724 1809Qa0165
5083.339 26.0 0.957 -2.84 OBR91 ""
5083.389 24.0 3.889 -4.54 "" ""
5083.391 607.01214 0.916 -2.727 7.724 0902Qa0425
5083.397 106.00112 1.954 -4.148 3.464 AX02R295
5083.476 24.0 4.436 -3.21 "" ""
5083.486 607.01314 1.491 -2.871 7.724 1406Pb0145
5083.521 106.00112 0.988 -5.65 3.464 BX13P035
5083.524 21.0 2.562 -1.0 "" ""
5083.541 106.00112 0.988 -3.577 3.464 BX13Q035
5083.547 58.0 0.588 -0.6 "" ""
5083.651 106.00112 1.954 -6.395 3.464 AX02Q295
5083.657 607.01314 2.284 -3.377 7.724 1809Rd0285
5083.659 25.0 4.824 -2.66 "" ""
5083.683 607.01214 2.835 -3.165 7.724 2212Rc0075
5083.684 33.0 6.583 0.0 "" ""
5083.706 21.0045 1.439 -1.53 LAWHFS ""
5083.707 21.0045 1.439 -1.25 LAWHFS ""
5083.708 21.0045 1.439 -1.53 LAWHFS ""
5083.708 21.0045 1.439 -2.55 LAWHFS ""
5083.709 21.0045 1.439 -1.11 LAWHFS ""
5083.711 21.0045 1.439 -1.85 LAWHFS ""
5083.712 21.0045 1.439 -1.25 LAWHFS ""
5083.713 21.0045 1.439 -1.04 LAWHFS ""
5083.716 21.0045 1.439 -1.4 LAWHFS ""
5083.717 21.0045 1.439 -1.11 LAWHFS ""
5083.719 21.0045 1.439 -1.04 LAWHFS ""
5083.722 21.0045 1.439 -1.07 LAWHFS ""
5083.724 21.0045 1.439 -1.04 LAWHFS ""
5083.726 21.0045 1.439 -1.1 LAWHFS ""
5083.73 21.0045 1.439 -0.81 LAWHFS ""
5083.733 21.0045 1.439 -1.04 LAWHFS ""
5083.735 21.0045 1.439 -1.3 LAWHFS ""
5083.736 22.1 5.424 -0.94 "" ""
5083.739 21.0045 1.439 -0.59 LAWHFS ""
5083.743 21.0045 1.439 -1.1 LAWHFS ""
5083.75 21.0045 1.439 -0.4 LAWHFS ""
5083.754 21.0045 1.439 -1.3 LAWHFS ""
5083.757 106.00112 1.954 -4.163 3.464 AX02R285
5083.759 607.01214 0.836 -3.813 7.724 1003Rc0185
5083.794 607.01214 0.836 -2.754 7.724 1003Qa0195
5083.799 607.01214 2.853 -2.419 7.724 2212Qb0115
5083.819 607.01314 2.212 -2.409 7.724 1809Ra0215
5083.847 106.00113 1.576 -8.568 3.464 CX05R045
5083.876 112.00124 0.535 -0.425 1.340 33R206b24
5083.9 607.01314 2.14 -3.424 7.724 1809Pc0095
5083.914 112.00124 0.535 -1.823 1.340 33Q106b24
5083.923 112.00124 0.375 -1.727 1.340 22R106b24
5083.933 607.01314 1.463 -3.606 7.724 1406Pc0095
5083.942 106.00112 1.441 -2.236 3.464 BX12R215
5083.944 607.01214 2.835 -2.58 7.724 2212Qa0085
5083.973 607.01314 2.753 -2.304 7.724 2111Pb0305
5083.995 607.01214 2.827 -3.121 7.724 2212Qc0045
5084.047 106.00112 1.441 -6.87 3.464 BX12Q225
5084.076 607.01214 2.858 -2.568 7.724 2212Ra0135
5084.079 607.01214 2.877 -2.529 7.724 2212Rb0155
5084.089 28.0 3.676 0.03 "" ""
5084.089 607.01214 1.004 -4.034 7.724 1003Rd0335
5084.115 607.01214 2.853 -3.184 7.724 2212Pd0125
5084.137 106.00113 1.576 -11.318 3.464 CX05Q055
5084.154 22.0 3.152 -3.06 "" ""
5084.17 58.0 0.59 -0.6 "" ""
5084.175 607.01214 2.827 -3.308 7.724 2212Pa0055
5084.178 106.00112 1.441 -1.785 3.464 BX12R225
5084.23 19.0 1.609 -2.57 "" ""
5084.24 607.01214 0.897 -2.874 7.724 1003Ra0255
5084.282 607.01314 2.167 -2.701 7.724 1809Pb0145
5084.304 607.01214 2.916 -3.284 7.724 2212Rd0215
5084.347 106.00112 2.402 -6.145 3.464 AX35R255
5084.36 106.00113 1.576 -8.563 3.464 CX05R055
5084.383 607.01214 2.877 -2.908 7.724 2212Qd0165
5084.4 607.01314 0.697 -3.206 7.724 0902Pb0295
5084.408 607.01314 1.505 -3.382 7.724 1406Rc0165
5084.438 607.01314 1.505 -2.43 7.724 1406Qa0175
5084.463 58.0 0.889 -0.39 "" ""
5084.464 607.01314 1.52 -2.4 7.724 1406Qb0185
5084.493 607.01314 1.52 -3.427 7.724 1406Pd0195
5084.502 24.0 5.207 -4.18 "" ""
5084.506 106.00113 1.377 -5.85 3.464 BX13R165
5084.506 28.0 4.534 -0.69 "" ""
5084.522 607.01314 1.567 -2.547 7.724 1406Rb0235
5084.538 106.00112 1.597 -6.814 3.464 AX13R205
5084.543 23.1 6.674 -3.6 "" ""
5084.544 26.0 3.692 -2.55 "" ""
5084.562 607.01314 1.567 -3.184 7.724 1406Qd0245
5084.579 112.00124 0.679 0.175 1.340 33Q216b24
5084.596 106.00113 1.946 -4.148 3.464 AX02R295
5084.62 607.01314 1.478 -3.161 7.724 1406Qc0125
5084.642 607.01314 1.478 -2.945 7.724 1406Pa0135
5084.651 112.00124 0.701 0.406 1.340 22Q223b24
5084.668 112.00124 0.679 -2.656 1.340 33P116b24
5084.668 42.0 3.357 -1.67 "" ""
5084.703 607.01214 2.25 -3.374 7.724 1809Pc0195
5084.711 106.00112 2.039 -6.515 3.464 AX34P225
5084.722 112.00124 0.535 -0.386 1.340 33R106b24
5084.763 106.00112 1.556 -10.227 3.464 CX05R035
5084.778 112.00124 0.701 -3.175 1.340 22P123b24
5084.8 607.01214 2.278 -3.03 7.724 1809Qc0225
5084.812 106.00113 1.25 -3.387 3.464 BX02P185
5084.816 106.00113 1.946 -6.395 3.464 AX02Q295
5084.834 607.01214 2.278 -2.464 7.724 1809Pa0235
5084.84 607.01214 2.288 -2.452 7.724 1809Pb0235
5084.843 112.00124 0.744 0.702 1.340 00Q233h24
5084.87 607.01214 0.842 -3.126 7.724 0902Pb0375
5084.892 112.00124 0.701 -3.174 1.340 22R223b24
5084.914 106.00113 1.25 -7.614 3.464 BX02Q185
5084.945 607.01214 2.825 -3.846 7.724 2212Pc0035
5084.968 607.01214 0.887 -3.491 7.724 0801Pb0515
5085.006 112.00125 0.743 0.702 1.340 00Q233h25
5085.01 106.00113 1.946 -4.163 3.464 AX02R285
5085.011 607.01214 0.854 -2.727 7.724 1003Qb0205
5085.019 112.00124 0.701 0.424 1.340 22Q123b24
5085.02 112.00124 0.744 -3.034 1.340 00R233b24
5085.021 112.00124 0.744 -3.012 1.340 00P133b24
5085.035 106.00113 1.25 -3.293 3.464 BX02P195
5085.043 112.00124 0.679 -2.5 1.340 33R216b24
5085.05 607.01214 0.854 -3.863 7.724 1003Pd0215
5085.051 24.0 4.437 -2.99 "" ""
5085.066 607.01314 2.231 -2.402 7.724 1809Rb0225
5085.088 22.0 2.493 -1.93 "" ""
5085.093 69.0 2.447 -0.09 "" ""
5085.103 607.01314 2.231 -2.989 7.724 1809Qd0235
5085.133 112.00124 0.679 0.2 1.340 33Q116b24
5085.138 22.0 3.405 -3.37 "" ""
5085.149 607.01214 0.804 -3.574 7.724 1003Qc0145
5085.15 112.00126 0.742 0.702 1.340 00Q233h26
5085.177 607.01214 0.804 -3.242 7.724 1003Pa0155
5085.177 607.01314 2.155 -2.977 7.724 1809Qc0125
5085.198 112.00124 0.744 0.715 1.340 00Q133h24
5085.2 607.01214 2.839 -3.154 7.724 2212Rc0085
5085.202 607.01314 2.155 -2.776 7.724 1809Pa0135
5085.216 58.1 1.013 -2.1 LAWLER ""
5085.221 23.0 1.194 -5.48 "" ""
5085.227 24.0 4.096 -3.39 "" ""
5085.228 40.0 1.832 -0.47 "" ""
5085.238 106.00113 1.013 -3.464 3.464 BX13Q045
5085.252 607.01314 2.792 -3.285 7.724 2111Rc0335
5085.27 106.00113 1.013 -5.967 3.464 BX13R045
5085.289 26.0 2.947 -4.63 "" ""
5085.297 607.01314 2.792 -1.915 7.724 2111Qa0345
5085.33 28.0 3.676 -1.66 "" ""
5085.335 22.0 1.429 -1.54 LAWLER ""
5085.36 112.00125 0.743 0.715 1.340 00Q133h25
5085.383 112.00124 0.434 -0.122 1.340 22R211b24
5085.391 23.1 2.52 -8.94 "" ""
5085.452 112.00124 0.434 -1.993 1.340 22Q111b24
5085.457 607.01214 1.661 -3.492 7.724 1406Rc0285
5085.458 607.01214 0.785 -3.98 7.724 1003Pc0115
5085.463 22.0 3.152 -2.92 "" ""
5085.474 28.0 3.655 -1.48 "" ""
5085.482 607.01214 2.839 -2.522 7.724 2212Qa0095
5085.495 25.0 3.761 -4.02 "" ""
5085.503 607.01214 1.039 -2.935 7.724 0902Rb0475
5085.506 112.00126 0.742 0.715 1.340 00Q133h26
5085.507 607.01214 1.661 -2.178 7.724 1406Qa0295
5085.509 607.01214 0.819 -3.182 7.724 1003Pb0165
5085.526 607.01214 0.863 -4.914 7.724 0801Qc0505
5085.533 21.0045 1.433 -1.01 LAWHFS ""
5085.533 21.0045 1.433 -1.04 LAWHFS ""
5085.533 21.0045 1.433 -1.08 LAWHFS ""
5085.533 21.0045 1.433 -1.23 LAWHFS ""
5085.534 21.0045 1.433 -1.28 LAWHFS ""
5085.536 21.0045 1.433 -1.53 LAWHFS ""
5085.537 21.0045 1.433 -1.94 LAWHFS ""
5085.537 21.0045 1.433 -3.18 LAWHFS ""
5085.538 21.0045 1.433 -1.22 LAWHFS ""
5085.539 21.0045 1.433 -1.28 LAWHFS ""
5085.539 23.0 1.182 -5.11 "" ""
5085.54 21.0045 1.433 -0.82 LAWHFS ""
5085.541 21.0045 1.433 -0.53 LAWHFS ""
5085.541 21.0045 1.433 -1.08 LAWHFS ""
5085.543 21.0045 1.433 -1.01 LAWHFS ""
5085.545 21.0045 1.433 -1.04 LAWHFS ""
5085.548 21.0045 1.433 -1.23 LAWHFS ""
5085.556 607.01214 2.829 -3.065 7.724 2212Qc0055
5085.574 106.00113 2.111 -4.532 3.464 AX56P155
5085.576 106.00113 2.111 -4.815 3.464 AX56P145
5085.586 24.0 4.528 -3.62 "" ""
5085.591 607.01214 1.039 -4.14 7.724 0902Qd0485
5085.603 112.00124 0.239 -1.824 1.340 11R109b24
5085.619 607.01214 2.843 -2.874 7.724 2212Pb0095
5085.622 607.01214 0.863 -3.468 7.724 0801Pa0515
5085.658 24.1 5.867 -2.24 "" ""
5085.676 26.0 4.175 -2.61 "" ""
5085.702 106.00112 1.208 -3.209 3.464 BX13R115
5085.712 27.0 0.629 -4.34 "" ""
5085.767 607.01214 2.829 -3.189 7.724 2212Pa0065
5085.775 106.00113 1.013 -5.884 3.464 BX13P055
5085.807 106.00113 1.013 -3.365 3.464 BX13Q055
5085.824 48.0 3.943 -0.23 "" ""
5085.838 26.0 3.881 -4.04 "" ""
5085.848 92.1 0.113 -2.58 "" ""
5085.872 112.00124 0.434 -0.094 1.340 22R111b24
5085.885 106.00112 0.973 -3.813 3.464 BX13P015
5085.912 106.00112 1.0 -3.578 3.464 BX13Q035
5085.928 106.00112 1.208 -7.12 3.464 BX13Q125
5085.933 26.0 3.94 -3.15 "" ""
5085.937 106.00112 1.0 -5.915 3.464 BX13R035
5085.952 607.01214 2.864 -2.536 7.724 2212Ra0145
5085.963 27.0 4.022 -2.73 "" ""
5085.972 106.00113 2.111 -5.839 3.464 AX56Q145
5086.004 106.00112 1.208 -3.141 3.464 BX13R125
5086.031 112.00124 0.11 -1.895 1.340 00R112b24
5086.071 607.01314 2.18 -3.197 7.724 1809Rc0165
5086.097 607.01314 2.18 -2.262 7.724 1809Qa0175
5086.116 23.0 2.136 -4.43 "" ""
5086.143 607.01214 1.613 -3.238 7.724 1406Qc0245
5086.157 607.01214 1.179 -4.512 7.724 0902Rd0545
5086.169 106.00112 0.952 -6.654 3.464 BX02P125
5086.186 24.0 3.373 -3.82 "" ""
5086.186 607.01214 1.613 -2.594 7.724 1406Pa0255
5086.206 607.01314 1.557 -2.534 7.724 1406Ra0235
5086.223 106.00113 1.66 -15.115 3.464 CX05P095
5086.231 26.0 3.94 -4.24 "" ""
5086.234 106.00113 2.033 -6.514 3.464 AX34P225
5086.241 607.01214 2.321 -3.287 7.724 1809Rc0265
5086.251 26.0 4.984 -1.52 "" ""
5086.271 106.00113 1.66 -8.828 3.464 CX05Q085
5086.28 607.01214 2.321 -2.04 7.724 1809Qa0275
5086.328 23.0 1.948 -2.9 "" ""
5086.436 607.01214 2.858 -2.376 7.724 2212Qb0125
5086.476 607.01314 2.196 -2.231 7.724 1809Qb0185
5086.489 106.00113 2.003 -6.915 3.464 AX45P175
5086.507 607.01314 2.196 -3.24 7.724 1809Pd0195
5086.522 22.0 3.152 -4.04 "" ""
5086.533 23.0 3.071 -3.28 "" ""
5086.561 106.00113 1.66 -9.507 3.464 CX05Q095
5086.585 607.01214 1.674 -2.176 7.724 1406Qb0295
5086.597 106.00112 1.0 -5.785 3.464 BX13P045
5086.603 26.0 3.412 -3.79 "" ""
5086.604 607.01214 1.624 -2.584 7.724 1406Pb0255
5086.61 106.00113 1.66 -11.74 3.464 CX05R085
5086.621 106.00112 2.206 -6.567 3.464 AX23P285
5086.622 106.00112 1.0 -3.463 3.464 BX13Q045
5086.633 112.00124 0.708 0.562 1.340 11Q228h24
5086.637 607.01214 1.674 -3.541 7.724 1406Pd0305
5086.645 106.00113 0.975 -3.796 3.464 BX13P015
5086.653 106.00113 0.975 -6.929 3.464 BX13Q015
5086.68 106.00112 1.916 -11.751 3.464 CX05Q155
5086.693 21.0 2.108 -1.23 "" ""
5086.694 112.00124 0.659 0.024 1.340 33Q215b24
5086.705 112.00124 0.512 -1.484 1.340 33R102b24
5086.71 106.00112 1.916 -7.444 3.464 CX05P165
5086.743 26.0 4.151 -2.4 "" ""
5086.755 607.01214 2.858 -3.179 7.724 2212Pd0135
5086.771 112.00125 0.707 0.562 1.340 11Q228h25
5086.779 112.00124 0.659 -1.5 1.340 33P115b24
5086.783 607.01214 2.884 -2.498 7.724 2212Rb0165
5086.787 112.00124 0.708 -3.273 1.340 11P128b24
5086.797 607.01214 0.921 -2.866 7.724 1003Rb0265
5086.806 607.01314 2.221 -2.388 7.724 1809Ra0225
5086.829 106.00112 1.916 -7.587 3.464 CX05P155
5086.83 23.0 1.798 -2.54 "" ""
5086.83 25.0 3.376 -1.51 "" ""
5086.832 607.01214 0.845 -3.82 7.724 1003Rc0195
5086.835 22.0 2.235 -3.38 "" ""
5086.841 112.00124 0.708 -3.273 1.340 11R228b24
5086.846 607.01214 0.921 -3.636 7.724 1003Qd0275
5086.869 23.0 1.929 -1.69 "" ""
5086.869 607.01214 0.845 -2.729 7.724 1003Qa0205
5086.883 24.0 4.156 -2.9 "" ""
5086.893 112.00126 0.706 0.562 1.340 11Q228h26
5086.913 607.01314 1.498 -2.835 7.724 1406Pb0155
5086.919 21.0045 1.428 -0.6 LAWHFS ""
5086.926 21.0045 1.428 -1.01 LAWHFS ""
5086.929 607.01214 2.843 -3.146 7.724 2212Rc0095
5086.931 21.0045 1.428 -1.01 LAWHFS ""
5086.938 21.0045 1.428 -1.21 LAWHFS ""
5086.941 607.01314 1.468 -3.583 7.724 1406Pc0105
5086.944 21.0045 1.428 -0.89 LAWHFS ""
5086.948 21.0045 1.428 -0.89 LAWHFS ""
5086.952 607.01314 2.145 -3.4 7.724 1809Pc0105
5086.953 21.0045 1.428 -4.99 LAWHFS ""
5086.957 21.0045 1.428 -1.02 LAWHFS ""
5086.96 21.0045 1.428 -1.02 LAWHFS ""
5086.961 607.01214 2.827 -3.68 7.724 2212Pc0045
5086.964 21.0045 1.428 -1.19 LAWHFS ""
5086.988 26.1 3.384 -5.87 "" ""
5086.995 112.00124 0.708 0.578 1.340 11Q128h24
5087.009 106.00112 2.34 -6.188 3.464 AX35R245
5087.03 24.0 3.32 -2.66 "" ""
5087.058 22.0 1.429 -0.88 LAWLER ""
5087.061 26.0 4.291 -2.21 "" ""
5087.07 607.01214 2.884 -2.91 7.724 2212Qd0175
5087.07 62.1 0.248 -2.1 LAWLER ""
5087.08 607.01214 2.333 -2.039 7.724 1809Qb0275
5087.099 23.0 0.286 -5.11 "" ""
5087.107 59.0 0.353 0.4 "" ""
5087.121 607.01214 2.333 -3.329 7.724 1809Pd0285
5087.129 112.00125 0.707 0.578 1.340 11Q128h25
5087.136 21.0 2.144 0.06 "" ""
5087.171 22.0 1.738 -4.74 "" ""
5087.171 24.0 3.553 -2.0 "" ""
5087.177 607.01314 1.512 -3.387 7.724 1406Rc0175
5087.211 607.01314 1.512 -2.402 7.724 1406Qa0185
5087.219 106.00113 2.112 -4.532 3.464 AX56P155
5087.219 607.01314 0.647 -4.571 7.724 0902Pc0255
5087.222 607.01214 2.843 -2.47 7.724 2212Qa0105
5087.234 24.0 4.529 -3.71 "" ""
5087.253 112.00126 0.706 0.578 1.340 11Q128h26
5087.254 24.0 4.398 -4.07 "" ""
5087.266 607.01214 2.925 -3.291 7.724 2212Rd0225
5087.28 24.0 3.548 -2.82 "" ""
5087.296 607.01314 2.296 -3.384 7.724 1809Rd0295
5087.313 106.00113 2.112 -4.815 3.464 AX56P145
5087.328 607.01214 0.935 -2.727 7.724 0902Qb0425
5087.331 607.01214 2.832 -3.023 7.724 2212Qc0065
5087.371 73.0 1.393 -1.71 "" ""
5087.377 106.00113 1.371 -7.345 3.464 AX02R215
5087.408 607.01214 0.935 -4.403 7.724 0902Pd0435
5087.42 39.1 1.084 -0.16 Biemont11 ""
5087.432 607.01314 1.484 -3.158 7.724 1406Qc0135
5087.459 607.01314 1.484 -2.902 7.724 1406Pa0145
5087.529 607.01214 0.909 -2.856 7.724 1003Ra0265
5087.563 607.01214 2.832 -3.091 7.724 2212Pa0075
5087.583 24.0 5.27 -2.37 "" ""
5087.622 62.1 1.412 -1.52 "" ""
5087.63 112.00124 0.527 -0.489 1.340 33R205b24
5087.654 106.00112 2.279 -10.185 3.464 CX05P225
5087.661 112.00124 0.527 -1.771 1.340 33Q105b24
5087.676 112.00124 0.659 -2.711 1.340 33R215b24
5087.709 106.00113 2.112 -5.865 3.464 AX56Q145
5087.758 607.01314 2.717 -3.357 7.724 2111Pc0275
5087.761 112.00124 0.659 0.175 1.340 33Q115b24
5087.764 42.0 3.396 -1.91 "" ""
5087.764 607.01314 1.529 -2.373 7.724 1406Qb0195
5087.797 607.01314 1.529 -3.433 7.724 1406Pd0205
5087.803 607.01214 1.581 -3.576 7.724 1406Pc0215
5087.815 106.00113 1.971 -9.658 3.464 AX56P105
5087.829 607.01314 2.173 -2.665 7.724 1809Pb0155
5087.842 21.0 1.985 -2.9 "" ""
5087.853 27.0 4.022 -0.85 "" ""
5087.879 23.0 2.121 -4.43 "" ""
5087.883 607.01314 1.578 -2.526 7.724 1406Rb0245
5087.891 24.0 3.553 -2.35 "" ""
5087.897 20.0 5.295 -6.34 "" ""
5087.925 607.01314 1.578 -3.191 7.724 1406Qd0255
5087.972 21.0 1.994 -1.77 "" ""
5087.982 607.01214 1.019 -4.041 7.724 1003Rd0345
5088.003 607.01314 2.806 -1.914 7.724 2111Qb0345
5088.034 607.01214 2.87 -2.505 7.724 2212Ra0155
5088.044 106.00113 0.976 -3.784 3.464 BX13P025
5088.05 607.01314 2.806 -3.326 7.724 2111Pd0355
5088.078 21.0 1.985 -2.01 "" ""
5088.078 607.01314 2.753 -3.032 7.724 2111Qc0305
5088.083 21.0 4.69 -2.73 "" ""
5088.091 23.0 2.576 -3.9 "" ""
5088.103 607.01314 2.161 -2.973 7.724 1809Qc0135
5088.119 607.01314 2.753 -2.295 7.724 2111Pa0315
5088.124 112.00124 0.34 0.069 1.340 11R215h24
5088.126 607.01314 2.161 -2.733 7.724 1809Pa0145
5088.153 26.0 4.151 -1.78 "" ""
5088.159 607.01214 0.842 -4.099 7.724 0902Qc0375
5088.185 607.01214 1.039 -2.92 7.724 0902Ra0485
5088.189 607.01214 0.775 -4.426 7.724 0902Pc0335
5088.195 106.00112 1.376 -7.345 3.464 AX02R215
5088.202 39.0 2.357 -0.62 "" ""
5088.22 112.00124 0.34 -2.084 1.340 11Q115b24
5088.229 607.01214 0.842 -3.117 7.724 0902Pa0385
5088.258 112.00125 0.34 0.069 1.340 11R215h25
5088.286 92.0 0.0 -2.02 "" ""
5088.319 62.0 0.101 -1.21 "" ""
5088.341 20.0 5.296 -6.54 "" ""
5088.344 607.01214 0.811 -3.577 7.724 1003Qc0155
5088.373 607.01214 0.811 -3.206 7.724 1003Pa0165
5088.38 112.00126 0.339 0.069 1.340 11R215h26
5088.437 607.01314 0.697 -5.171 7.724 0902Qc0295
5088.457 106.00112 2.279 -6.285 3.464 AX35R235
5088.461 112.00124 0.672 0.389 1.340 22Q222b24
5088.478 106.00112 2.119 -5.838 3.464 AX56Q145
5088.485 112.00124 0.672 -3.153 1.340 22R222b24
5088.488 24.0 3.32 -3.35 "" ""
5088.49 607.01314 0.697 -3.182 7.724 0902Pa0305
5088.501 607.01314 0.75 -3.912 7.724 1003Rd0085
5088.525 106.00112 2.119 -4.814 3.464 AX56P145
5088.531 607.01314 0.754 -3.899 7.724 1003Rd0095
5088.532 28.0 3.844 -0.98 "" ""
5088.544 23.0 2.121 -3.19 "" ""
5088.552 607.01314 2.241 -2.38 7.724 1809Rb0235
5088.577 607.01214 2.848 -2.819 7.724 2212Pb0105
5088.584 112.00124 0.527 -0.446 1.340 33R105b24
5088.585 112.00124 0.672 -3.154 1.340 22P122b24
5088.588 607.01314 2.241 -2.995 7.724 1809Qd0245
5088.59 607.01214 0.864 -2.703 7.724 1003Qb0215
5088.595 112.00124 0.34 0.092 1.340 11R115h24
5088.608 112.00124 0.672 0.408 1.340 22Q122b24
5088.608 607.01314 0.746 -3.93 7.724 1003Rd0075
5088.612 106.00112 2.119 -4.532 3.464 AX56P155
5088.631 607.01214 0.864 -3.87 7.724 1003Pd0225
5088.7 607.01314 0.758 -3.889 7.724 1003Rd0105
5088.715 23.0 2.113 -3.33 "" ""
5088.715 25.0 3.769 -6.08 "" ""
5088.729 112.00125 0.34 0.092 1.340 11R115h25
5088.737 112.00124 0.264 0.227 1.340 00R219h24
5088.749 24.0 3.842 -3.16 "" ""
5088.818 106.00113 1.972 -9.689 3.464 AX56P105
5088.851 112.00126 0.339 0.092 1.340 11R115h26
5088.852 607.01314 0.743 -3.954 7.724 1003Rd0065
5088.856 607.01214 2.848 -3.141 7.724 2212Rc0105
5088.86 112.00124 0.264 -2.156 1.340 00Q119b24
5088.877 106.00112 2.339 -5.651 3.464 AX45Q235
5088.89 106.00112 2.129 -3.725 3.464 AX13R285
5088.893 112.00125 0.263 0.227 1.340 00R219h25
5088.921 607.01214 0.791 -3.969 7.724 1003Pc0125
5088.928 106.00113 2.004 -6.965 3.464 AX45P175
5088.942 106.00112 2.339 -3.924 3.464 AX45P245
5088.953 28.0 3.676 -1.34 "" ""
5088.964 62.1 1.585 -1.47 "" ""
5088.969 23.0 2.503 -4.41 "" ""
5089.007 607.01314 0.763 -3.883 7.724 1003Rd0115
5089.008 106.00112 2.129 -3.753 3.464 AX13R275
5089.023 607.01314 2.188 -3.201 7.724 1809Rc0175
5089.029 106.00112 2.339 -4.308 3.464 AX45P235
5089.034 112.00126 0.263 0.227 1.340 00R219h26
5089.048 607.01314 2.188 -2.233 7.724 1809Qa0185
5089.057 27.0 3.25 -4.88 "" ""
5089.094 106.00112 2.129 -6.032 3.464 AX13Q285
5089.163 607.01214 2.848 -2.422 7.724 2212Qa0115
5089.169 23.0 2.636 -0.47 "" ""
5089.169 27.0 2.868 -5.09 "" ""
5089.186 607.01214 2.829 -3.573 7.724 2212Pc0055
5089.206 112.00124 0.264 0.246 1.340 00R119h24
5089.23 607.01314 0.741 -3.987 7.724 1003Rd0055
5089.231 24.0 4.436 -2.32 "" ""
5089.253 607.01214 2.864 -2.336 7.724 2212Qb0135
5089.268 607.01314 1.567 -2.514 7.724 1406Ra0245
5089.279 607.01214 0.827 -3.15 7.724 1003Pb0175
5089.302 92.1 1.055 -1.92 Nils02/46 ""
5089.306 607.01214 2.835 -2.992 7.724 2212Qc0075
5089.316 106.00113 2.041 -3.757 3.464 AX13R275
5089.347 106.00112 2.28 -6.678 3.464 AX23P295
5089.361 112.00125 0.263 0.246 1.340 00R119h25
5089.365 23.0 1.871 -6.0 "" ""
5089.455 607.01314 0.768 -3.88 7.724 1003Rd0125
5089.487 58.1 1.078 -1.9 LAWLER ""
5089.505 112.00126 0.263 0.246 1.340 00R119h26
5089.507 106.00113 2.041 -5.986 3.464 AX13Q275
5089.54 20.0 5.317 -1.84 "" ""
5089.566 607.01214 2.835 -3.008 7.724 2212Pa0085
5089.577 607.01214 2.864 -3.177 7.724 2212Pd0145
5089.617 58.0 0.849 -0.16 "" ""
5089.637 6.0 8.531 -3.95 "" ""
5089.643 25.0 4.657 -2.85 "" ""
5089.648 106.00112 1.441 -2.679 3.464 BX12P215
5089.654 106.00113 2.041 -3.779 3.464 AX13R265
5089.681 607.01214 2.891 -2.469 7.724 2212Rb0175
5089.741 607.01214 2.288 -3.037 7.724 1809Qc0235
5089.743 607.01314 0.738 -4.03 7.724 1003Rd0045
5089.758 20.0 5.177 -1.38 "" ""
5089.768 106.00112 1.441 -6.917 3.464 BX12Q215
5089.777 607.01214 2.288 -2.442 7.724 1809Pa0245
5089.788 607.01214 2.259 -3.377 7.724 1809Pc0205
5089.812 112.00124 0.641 0.121 1.340 33Q214b24
5089.832 60.1 0.204 -1.16 "" ""
5089.873 106.00112 1.441 -2.607 3.464 BX12P225
5089.886 23.0 3.242 -3.23 "" ""
5089.892 112.00124 0.641 -2.952 1.340 33P114b24
5089.899 21.0 2.109 -0.06 "" ""
5089.946 607.01214 2.891 -2.913 7.724 2212Qd0185
5089.971 607.01314 2.231 -2.367 7.724 1809Ra0235
5089.984 607.01314 2.204 -2.204 7.724 1809Qb0195
5089.986 106.00112 1.255 -3.386 3.464 BX02P185
5090.005 106.00113 2.395 -5.522 3.464 AX45Q245
5090.014 607.01314 2.204 -3.245 7.724 1809Pd0205
5090.039 23.0 2.129 -3.65 "" ""
5090.044 106.00113 2.395 -3.652 3.464 AX45P255
5090.044 607.01314 0.774 -3.879 7.724 1003Rd0135
5090.048 112.00124 0.42 -0.159 1.340 22R210b24
5090.049 106.00112 1.016 -3.463 3.464 BX13Q045
5090.065 607.01314 0.71 -3.19 7.724 0902Pb0305
5090.074 607.01214 0.854 -3.827 7.724 1003Rc0205
5090.08 106.00112 1.016 -5.966 3.464 BX13R045
5090.091 607.01214 0.935 -4.347 7.724 0902Rc0425
5090.093 106.00112 1.255 -7.613 3.464 BX02Q185
5090.112 112.00124 0.42 -1.958 1.340 22Q110b24
5090.113 607.01214 0.854 -2.704 7.724 1003Qa0215
5090.115 607.01214 2.299 -2.43 7.724 1809Pb0245
5090.116 607.01314 1.52 -3.392 7.724 1406Rc0185
5090.125 607.01314 1.473 -3.565 7.724 1406Pc0115
5090.131 22.0 2.425 -6.48 "" ""
5090.152 607.01314 1.52 -2.375 7.724 1406Qa0195
5090.16 106.00113 2.395 -3.928 3.464 AX45P245
5090.171 607.01214 0.935 -2.716 7.724 0902Qa0435
5090.183 112.00124 0.641 -2.951 1.340 33R214b24
5090.19 607.01314 2.149 -3.381 7.724 1809Pc0115
5090.217 106.00112 2.12 -5.864 3.464 AX56Q145
5090.224 106.00112 1.255 -3.292 3.464 BX02P195
5090.248 106.00113 1.031 -3.366 3.464 BX13Q055
5090.249 23.1 6.291 -2.11 "" ""
5090.259 106.00112 2.12 -4.532 3.464 AX56P155
5090.263 112.00124 0.641 0.151 1.340 33Q114b24
5090.264 106.00112 2.12 -4.814 3.464 AX56P145
5090.285 106.00113 1.031 -6.006 3.464 BX13R055
5090.285 23.1 4.241 -5.92 "" ""
5090.312 607.01214 2.877 -2.476 7.724 2212Ra0165
5090.342 24.1 5.869 -3.1 "" ""
5090.36 607.01214 0.795 -4.725 7.724 0801Pc0475
5090.38 112.00124 0.703 0.691 1.340 00Q232h24
5090.386 66.1 0.103 -2.33 "" ""
5090.389 607.01314 0.737 -4.09 7.724 1003Rd0035
5090.422 607.01314 1.491 -3.156 7.724 1406Qc0145
5090.431 607.01214 2.935 -3.297 7.724 2212Rd0235
5090.445 607.01314 1.491 -2.863 7.724 1406Pa0155
5090.452 106.00112 1.978 -9.658 3.464 AX56P105
5090.454 26.0 3.069 -4.5 "" ""
5090.454 607.01314 2.766 -2.288 7.724 2111Pb0315
5090.459 607.01214 1.674 -3.499 7.724 1406Rc0295
5090.492 607.01314 1.505 -2.801 7.724 1406Pb0165
5090.495 26.0 4.648 -4.22 "" ""
5090.511 607.01214 1.674 -2.161 7.724 1406Qa0305
5090.526 607.01214 0.934 -2.848 7.724 1003Rb0275
5090.537 112.00125 0.702 0.691 1.340 00Q232h25
5090.555 112.00124 0.703 -3.349 1.340 00P132b24
5090.561 112.00124 0.703 -3.349 1.340 00R232b24
5090.573 112.00124 0.42 -0.129 1.340 22R110b24
5090.578 607.01214 0.934 -3.644 7.724 1003Qd0285
5090.587 106.00112 1.016 -5.883 3.464 BX13P055
5090.605 42.0 2.521 -2.0 "" ""
5090.618 106.00112 1.016 -3.365 3.464 BX13Q055
5090.64 45.0 1.142 -1.93 "" ""
5090.646 20.0 5.317 -4.03 "" ""
5090.674 112.00126 0.701 0.691 1.340 00Q232h26
5090.684 106.00113 1.032 -5.96 3.464 BX13P065
5090.721 106.00113 1.032 -3.278 3.464 BX13Q065
5090.721 112.00124 0.367 -1.671 1.340 22R105b24
5090.723 27.0 1.739 -4.06 "" ""
5090.729 73.0 1.202 -1.58 "" ""
5090.736 112.00124 0.703 0.704 1.340 00Q132h24
5090.754 106.00113 1.372 -7.283 3.464 AX02R215
5090.773 26.0 4.253 -0.4 "" ""
5090.775 607.01314 0.78 -3.879 7.724 1003Rd0145
5090.791 25.1 6.489 -6.12 "" ""
5090.81 24.0 4.437 -2.47 "" ""
5090.858 22.0 0.899 -3.6 "" ""
5090.885 58.1 1.692 -0.63 "" ""
5090.891 112.00125 0.702 0.704 1.340 00Q132h25
5090.916 42.0 3.221 -1.6 "" ""
5090.971 42.0 3.199 -1.2 "" ""
5090.985 607.01214 0.921 -2.838 7.724 1003Ra0275
5090.992 607.01214 2.853 -3.138 7.724 2212Rc0115
5091.006 25.0 5.083 -0.93 "" ""
5091.017 24.0 3.085 -5.83 "" ""
5091.03 112.00126 0.702 0.704 1.340 00Q132h26
5091.123 24.1 6.798 -2.06 "" ""
5091.145 26.0 4.981 -3.43 "" ""
5091.168 607.01314 0.735 -4.174 7.724 1003Rd0025
5091.207 607.01214 2.333 -3.294 7.724 1809Rc0275
5091.209 607.01314 2.167 -2.971 7.724 1809Qc0145
5091.21 607.01214 1.624 -3.246 7.724 1406Qc0255
5091.214 112.00124 0.521 -0.563 1.340 33R204b24
5091.224 607.01314 1.538 -2.347 7.724 1406Qb0205
5091.232 607.01314 2.167 -2.693 7.724 1809Pa0155
5091.241 112.00124 0.521 -1.714 1.340 33Q104b24
5091.249 607.01214 2.333 -2.023 7.724 1809Qa0285
5091.255 607.01214 1.624 -2.574 7.724 1406Pa0265
5091.26 607.01314 1.538 -3.438 7.724 1406Pd0215
5091.286 27.0 0.581 -4.26 "" ""
5091.307 112.00124 0.673 0.549 1.340 11Q227h24
5091.308 607.01214 2.853 -2.379 7.724 2212Qa0125
5091.334 42.0 2.593 -1.82 "" ""
5091.406 607.01314 1.588 -2.507 7.724 1406Rb0255
5091.429 106.00112 0.978 -3.795 3.464 BX13P015
5091.437 106.00112 0.978 -6.929 3.464 BX13Q015
5091.439 112.00125 0.672 0.549 1.340 11Q227h25
5091.45 607.01314 1.589 -3.198 7.724 1406Qd0265
5091.455 106.00112 1.979 -9.689 3.464 AX56P105
5091.458 112.00124 0.673 -3.256 1.340 11P127b24
5091.497 607.01214 2.839 -2.969 7.724 2212Qc0085
5091.518 112.00124 0.673 -3.256 1.340 11R227b24
5091.533 22.0 2.479 -2.04 "" ""
5091.535 607.01314 2.806 -3.292 7.724 2111Rc0345
5091.545 607.01314 2.18 -2.631 7.724 1809Pb0165
5091.551 42.0 3.441 -1.67 "" ""
5091.555 112.00126 0.671 0.549 1.340 11Q227h26
5091.582 607.01314 2.806 -1.901 7.724 2111Qa0355
5091.596 24.0 4.201 -4.09 "" ""
5091.61 22.1 5.659 -4.45 "" ""
5091.621 607.01214 2.832 -3.497 7.724 2212Pc0065
5091.649 607.01314 0.786 -3.881 7.724 1003Rd0155
5091.664 24.0 3.844 -2.96 "" ""
5091.669 112.00124 0.673 0.565 1.340 11Q127h24
5091.685 106.00112 1.378 -7.283 3.464 AX02R215
5091.71 607.01214 0.819 -3.58 7.724 1003Qc0165
5091.717 26.0 4.291 -3.49 "" ""
5091.723 607.01214 2.853 -2.769 7.724 2212Pb0115
5091.726 26.0 3.544 -3.79 "" ""
5091.727 26.0 3.412 -4.32 "" ""
5091.731 58.0 0.172 -0.72 "" ""
5091.734 58.0 0.826 -0.08 "" ""
5091.742 607.01214 0.819 -3.172 7.724 1003Pa0175
5091.774 607.01214 2.839 -2.936 7.724 2212Pa0095
5091.778 106.00113 1.866 -7.767 3.464 CX05P145
5091.798 112.00125 0.672 0.565 1.340 11Q127h25
5091.808 20.0 5.317 -4.23 "" ""
5091.815 106.00113 1.866 -7.591 3.464 CX05P155
5091.831 23.0 3.085 -4.43 "" ""
5091.866 607.01214 1.688 -2.16 7.724 1406Qb0305
5091.867 607.01214 0.86 -3.113 7.724 0902Pb0385
5091.884 24.0 1.003 -3.04 "" ""
5091.917 112.00126 0.672 0.565 1.340 11Q127h26
5091.919 607.01214 1.688 -3.549 7.724 1406Pd0315
5091.975 106.00112 2.28 -6.222 3.464 AX35R235
5091.977 607.01214 1.636 -2.565 7.724 1406Pb0265
5091.988 22.0 2.736 -4.04 "" ""
5092.04 607.01214 1.035 -4.047 7.724 1003Rd0355
5092.066 22.0 2.343 -2.34 "" ""
5092.078 607.01314 0.734 -4.301 7.724 1003Rd0015
5092.123 112.00124 0.645 0.371 1.340 22Q221b24
5092.126 112.00124 0.623 0.09 1.340 33Q213b24
5092.151 42.0 3.901 -0.67 "" ""
5092.156 607.01314 2.196 -3.206 7.724 1809Rc0185
5092.186 607.01314 2.196 -2.206 7.724 1809Qa0195
5092.199 106.00112 2.009 -6.914 3.464 AX45P175
5092.201 112.00124 0.623 -2.921 1.340 33P113b24
5092.208 607.01314 2.251 -2.36 7.724 1809Rb0245
5092.218 24.0 4.446 -4.11 "" ""
5092.243 112.00124 0.645 -2.823 1.340 22P121b24
5092.244 607.01314 2.251 -3.002 7.724 1809Qd0255
5092.247 22.0 1.738 -5.88 "" ""
5092.248 42.0 3.779 -1.09 "" ""
5092.25 64.1 1.725 -0.23 LAWLER ""
5092.267 607.01214 2.87 -2.299 7.724 2212Qb0145
5092.277 106.00112 2.1 -6.599 3.464 AX34P235
5092.314 112.00124 0.521 -0.516 1.340 33R104b24
5092.327 607.01214 0.875 -2.68 7.724 1003Qb0225
5092.331 27.0 3.407 -3.09 "" ""
5092.338 106.00113 1.866 -11.931 3.464 CX05Q145
5092.347 607.01214 2.346 -2.021 7.724 1809Qb0285
5092.37 607.01214 0.875 -3.878 7.724 1003Pd0235
5092.39 607.01214 2.346 -3.337 7.724 1809Pd0295
5092.415 112.00124 0.645 -2.846 1.340 22R221b24
