a line list in the range:    4215.00   4225.00
  4215.000       8.0     7.000     -9.69                                        
  4215.020      64.1     0.427     -0.44                                 LAWLER 
  4215.023 606.01212     1.587    -5.129                6.24            96oP2341
  4215.032 607.01214     0.468    -4.378               7.724          0001Qc0295
  4215.053 606.01212     1.587    -5.031                6.24            96oP1242
  4215.064 607.01214     2.835    -1.795               7.724          1112Pa0085
  4215.069 106.00113     1.845    -6.349               3.464            AX21P305
  4215.069 606.01212     1.489    -4.288                6.24           107pQ1217
  4215.071 607.01214     0.468    -1.107               7.724          0001Pa0305
  4215.076      22.0     2.493     -7.47                                        
  4215.099 606.01212     1.456    -4.968                6.24           107oP1211
  4215.119 607.01214     0.468    -1.122               7.724          0001Pb0295
  4215.134 607.01214     0.309    -4.079               7.724          0001Qc0145
  4215.154 106.00113     1.061    -1.698               3.464            BX00P255
  4215.157 607.01214     0.309    -1.408               7.724          0001Pa0155
  4215.158      23.1     5.845     -2.94                                        
  4215.160      66.0     0.000     -1.08                                        
  4215.160      76.0     1.746     -1.42                                        
  4215.162      66.0     0.512      0.73                                        
  4215.164 606.01212     1.587    -8.325                6.24            96oQ1341
  4215.173 606.01212     1.495    -1.688                6.24           107pP1e19
  4215.174      21.0     4.681     -2.54                                        
  4215.179 607.01214     0.309    -1.437               7.724          0001Pb0145
  4215.214 606.01212     1.457    -5.098                6.24           107oP2310
  4215.237 106.00113     1.837    -2.339               3.464            AX43P245
  4215.253 607.01214     0.454    -4.364               7.724          0001Qc0285
  4215.291 607.01214     0.454    -1.122               7.724          0001Pa0295
  4215.298      24.0     4.614     -4.32                                        
  4215.304 606.01212     1.489    -4.279                6.24           107pQ2316
  4215.307 106.00113     1.837    -4.530               3.464            AX43Q235
  4215.324      21.0     3.055     -3.65                                        
  4215.338 607.01214     0.454    -1.137               7.724          0001Pb0285
  4215.342 607.01214     0.316    -4.107               7.724          0001Qc0155
  4215.349      20.0     5.983     -3.00                                        
  4215.363 607.01214     0.316    -1.380               7.724          0001Pa0165
  4215.377      74.0     2.420     -0.31                                        
  4215.379 106.00112     0.459    -3.999               3.464            AX11R085
  4215.389 607.01214     0.316    -1.408               7.724          0001Pb0155
  4215.390      60.1     0.742     -1.84                                 LAWLER 
  4215.396 106.00113     1.837    -2.419               3.464            AX43P235
  4215.423      26.0     2.988     -1.76                                        
  4215.427 606.01212     1.496    -1.712                6.24           107pP2f18
  4215.444 607.01214     0.441    -4.348               7.724          0001Qc0275
  4215.459      22.0     1.738     -4.60                                        
  4215.460      26.0     2.756     -4.02                                        
  4215.481 607.01214     0.441    -1.137               7.724          0001Pa0285
  4215.482      26.0     2.988     -3.52                                        
  4215.502      22.0     2.173     -4.69                                        
  4215.509 607.01214     2.839    -3.982               7.724          1112Qc0085
  4215.519      37.0     0.000     -1.88                                        
  4215.519 607.01214     0.324    -4.133               7.724          0001Qc0165
  4215.524      38.1     0.000     -0.17                              NIST/A    
  4215.526 607.01214     0.441    -1.153               7.724          0001Pb0275
  4215.538 607.01214     2.839    -1.795               7.724          1112Pb0085
  4215.538 607.01314     2.951    -4.519               7.724          1112Qc0295
  4215.541 607.01214     0.324    -1.354               7.724          0001Pa0175
  4215.545 606.01212     1.446    -6.561                6.24           107nP1307
  4215.555      23.0     2.682     -1.93                                        
  4215.557 607.01314     2.951    -1.253               7.724          1112Pb0295
  4215.569 607.01214     0.324    -1.380               7.724          0001Pb0165
  4215.576 607.01314     2.951    -1.242               7.724          1112Pa0305
  4215.591 606.01212     1.496    -1.735                6.24           107pP3e17
  4215.604 607.01214     0.428    -4.333               7.724          0001Qc0265
  4215.639 607.01214     0.428    -1.153               7.724          0001Pa0275
  4215.659      26.0     3.036     -7.47                                        
  4215.663 606.01212     1.489    -7.812                6.24           107pR1316
  4215.665 607.01214     0.332    -4.158               7.724          0001Qc0175
  4215.678 606.01212     1.460    -7.749                6.24            96nP1332
  4215.683 607.01214     0.428    -1.170               7.724          0001Pb0265
  4215.689 607.01214     0.332    -1.329               7.724          0001Pa0185
  4215.698 607.01214     2.839    -1.747               7.724          1112Pa0095
  4215.715      23.1     1.671     -4.11                                        
  4215.718 607.01214     0.332    -1.354               7.724          0001Pb0175
  4215.734 607.01214     0.416    -4.317               7.724          0001Qc0255
  4215.735      24.0     3.367     -2.27                                        
  4215.743      24.1     3.104     -2.93                               Lawler17 
  4215.767 607.01214     0.416    -1.170               7.724          0001Pa0265
  4215.781 607.01214     0.341    -4.181               7.724          0001Qc0185
  4215.803 606.01212     1.496    -4.300                6.24           107pQ2317
  4215.803 606.01212     1.628    -5.423                6.24           107qP2133
  4215.806 607.01214     0.341    -1.306               7.724          0001Pa0195
  4215.809 607.01214     0.416    -1.187               7.724          0001Pb0255
  4215.814 106.00112     0.460    -3.971               3.464            AX11R085
  4215.820 106.00113     0.458    -3.999               3.464            AX11R085
  4215.821 606.01212     1.496    -4.347                6.24           107pQ1218
  4215.832 607.01214     0.404    -4.300               7.724          0001Qc0245
  4215.834      25.0     4.265     -2.47                                        
  4215.837 607.01214     0.341    -1.329               7.724          0001Pb0185
  4215.848      23.0     3.222     -4.60                                        
  4215.855 606.01212     1.617    -4.337                6.24           107qP2132
  4215.865 607.01214     0.404    -1.187               7.724          0001Pa0255
  4215.866 607.01214     0.350    -4.203               7.724          0001Qc0195
  4215.892 607.01214     0.350    -1.284               7.724          0001Pa0205
  4215.894 606.01212     1.617    -4.484                6.24           107qP3231
  4215.901 607.01214     0.392    -4.282               7.724          0001Qc0235
  4215.902 106.00112     0.896    -2.779               3.464            BX11R175
  4215.905 607.01214     0.404    -1.205               7.724          0001Pb0245
  4215.907 606.01212     1.457    -6.974                6.24           107oQ1310
  4215.921 607.01214     0.360    -4.225               7.724          0001Qc0205
  4215.925 607.01214     0.350    -1.306               7.724          0001Pb0195
  4215.932 607.01214     0.392    -1.205               7.724          0001Pa0245
  4215.938 607.01214     0.381    -4.264               7.724          0001Qc0225
  4215.945 607.01214     0.370    -4.245               7.724          0001Qc0215
  4215.948 607.01214     0.360    -1.263               7.724          0001Pa0215
  4215.953 606.01212     1.603    -5.210                6.24            96oP1243
  4215.961 606.01212     1.617    -4.157                6.24           107qQ2e31
  4215.968      26.0     2.690     -3.17                                        
  4215.968 607.01214     0.381    -1.223               7.724          0001Pa0235
  4215.969 606.01212     1.628    -4.065                6.24           107qQ1e33
  4215.971 607.01214     0.392    -1.223               7.724          0001Pb0235
  4215.973 607.01214     0.370    -1.243               7.724          0001Pa0225
  4215.977 106.00112     1.069    -1.590               3.464            BX00P245
  4215.982 607.01214     0.360    -1.284               7.724          0001Pb0205
  4216.002 106.00112     0.896    -7.430               3.464            BX11Q185
  4216.005 607.01214     0.381    -1.243               7.724          0001Pb0225
  4216.009 607.01214     0.370    -1.263               7.724          0001Pb0215
  4216.029      26.0     4.100     -3.01                                        
  4216.039 606.01212     1.628    -5.339                6.24           107qP3232
  4216.050 106.00112     1.069    -6.468               3.464            BX00Q245
  4216.057      11.0     2.103     -2.35                                        
  4216.069   21.0045     1.985    -1.060                                 LAWHFS 
  4216.074 606.01212     1.617    -4.035                6.24           107qQ1f32
  4216.077 106.00112     0.896    -2.978               3.464            BX11R185
  4216.077   21.0045     1.985    -1.380                                 LAWHFS 
  4216.084   21.0045     1.985    -1.860                                 LAWHFS 
  4216.089   21.0045     1.985    -1.530                                 LAWHFS 
  4216.096   21.0045     1.985    -1.380                                 LAWHFS 
  4216.100 106.00113     1.061    -6.468               3.464            BX00Q245
  4216.102   21.0045     1.985    -1.410                                 LAWHFS 
  4216.111 606.01212     1.603    -5.231                6.24            96oP2342
  4216.112 106.00112     1.069    -1.698               3.464            BX00P255
  4216.113      56.1     6.119     -1.21                                        
  4216.137 607.01214     2.843    -4.030               7.724          1112Qc0095
  4216.139      26.0     4.151     -2.48                                        
  4216.143      28.1     6.468     -5.32                                        
  4216.147      26.0     4.590     -3.36                                        
  4216.172 607.01214     2.843    -1.747               7.724          1112Pb0095
  4216.181 606.01212     1.617    -4.860                6.24           107qR1231
  4216.184      26.0     0.000     -3.36                                  OBR91 
  4216.196 606.01212     1.496    -6.449                6.24           107pR1317
  4216.219      26.0     2.452     -4.97                                        
  4216.230      41.1     1.690     -1.45                              Nilsson10 
  4216.249 106.00113     0.458    -3.971               3.464            AX11R085
  4216.250 606.01212     1.628    -4.198                6.24           107qQ2f32
  4216.256 606.01212     1.617    -4.300                6.24           107qQ3f30
  4216.270 606.01212     1.628    -4.322                6.24           107qQ3e31
  4216.273      22.0     2.394     -3.81                                        
  4216.289 606.01212     1.603    -8.332                6.24            96oQ1342
  4216.308 607.01314     2.964    -4.538               7.724          1112Qc0305
  4216.321      20.0     6.018     -3.77                                        
  4216.323 606.01212     1.617    -4.831                6.24           107qR2330
  4216.326 607.01314     2.964    -1.242               7.724          1112Pb0305
  4216.338 106.00112     0.838    -4.104               3.464            AX22R105
  4216.338 607.01214     2.843    -1.704               7.724          1112Pa0105
  4216.346      23.0     0.286     -3.04                               LAWNOHFS 
  4216.348 606.01212     1.461    -4.808                6.24           107oP2311
  4216.358      24.0     3.011     -0.80                                        
  4216.364      23.0     0.275     -2.92                                        
  4216.394 606.01212     1.461    -4.480                6.24           107oP1212
  4216.417 606.01212     1.628    -4.141                6.24           107qR1232
  4216.475      26.0     4.309     -0.97                                        
  4216.481 606.01212     1.628    -4.270                6.24           107qR2331
  4216.575 106.00112     0.840    -1.364               3.464            AX11R165
  4216.604      26.0     4.188     -2.81                                        
  4216.606 106.00112     0.840    -1.343               3.464            AX11R175
  4216.656 106.00113     0.835    -4.103               3.464            AX22R105
  4216.686 106.00112     0.840    -3.513               3.464            AX11Q175
  4216.704      22.0     2.248     -3.92                                        
  4216.705 606.01212     1.503    -1.666                6.24           107pP1f20
  4216.733 606.01212     1.503    -1.688                6.24           107pP2e19
  4216.770 607.01214     2.848    -4.073               7.724          1112Qc0105
  4216.786      26.0     4.431     -1.28                                        
  4216.807      26.0     4.368     -1.67                                        
  4216.809 607.01214     2.848    -1.704               7.724          1112Pb0105
  4216.841 106.00112     1.595    -4.460               3.464            AX33R205
  4216.843 106.00112     1.917   -10.268               3.464            CX04R215
  4216.927 606.01212     1.461    -6.789                6.24           107oQ1311
  4216.940 106.00113     0.836    -1.364               3.464            AX11R165
  4216.944 606.01212     1.503    -1.710                6.24           107pP3f18
  4216.964      24.0     4.407     -4.23                                        
  4216.968 106.00113     0.836    -1.343               3.464            AX11R175
  4216.976 106.00112     0.839    -4.070               3.464            AX22R105
  4216.980 607.01214     2.848    -1.666               7.724          1112Pa0115
  4217.049 106.00113     0.836    -3.513               3.464            AX11Q175
  4217.049 606.01212     1.503    -4.321                6.24           107pQ1219
  4217.056      24.1     3.103     -2.81                                        
  4217.079      22.0     2.248     -1.97                                        
  4217.082      23.0     2.576     -3.82                                        
  4217.164      24.0     2.965     -5.20                                        
  4217.171 606.01212     1.510    -1.644                6.24           107pP1e21
  4217.178      27.1     5.042     -4.66                                        
  4217.186      25.0     4.709     -2.31                                        
  4217.190      64.1     0.662     -0.39                                 LAWLER 
  4217.191 106.00112     0.411    -1.365               3.464            AX00R145
  4217.225      90.1     0.764     -1.86                                        
  4217.239      22.0     3.106     -1.20                                        
  4217.258 106.00112     0.411    -1.341               3.464            AX00R155
  4217.266      44.0     0.811     -0.82                                        
  4217.270      60.1     0.380     -1.27                                 LAWLER 
  4217.279 606.01212     1.503    -4.316                6.24           107pQ2318
  4217.280 606.01212     1.449    -7.951                6.24           107nP1308
  4217.285      21.0     4.187     -2.77                                        
  4217.287 106.00112     1.538    -4.430               3.464            AX33R195
  4217.289 106.00113     0.836    -4.070               3.464            AX22R105
  4217.323 106.00112     1.846    -8.374               3.464            CX03P235
  4217.323      22.1     2.060     -3.76                                        
  4217.328 106.00112     0.411    -3.434               3.464            AX00Q155
  4217.333 106.00113     1.588    -4.460               3.464            AX33R205
  4217.382 106.00113     1.589    -5.713               3.464            AX43P195
  4217.410 607.01214     2.853    -4.113               7.724          1112Qc0115
  4217.416 606.01212     1.510    -1.666                6.24           107pP2f20
  4217.444 606.01212     1.472    -7.303                6.24            96nP1333
  4217.451 607.01214     2.853    -1.666               7.724          1112Pb0115
  4217.488      23.0     2.580     -1.79                                        
  4217.515      24.1     6.636     -3.88                                        
  4217.540 106.00112     1.654    -4.492               3.464            AX33R215
  4217.543      57.1     1.945      0.01                                        
  4217.546      26.0     3.428     -0.51                                        
  4217.578 606.01212     1.510    -1.687                6.24           107pP3e19
  4217.587      58.1     1.057     -0.12                                BIEMONT 
  4217.596 606.01212     1.503    -7.825                6.24           107pR1318
  4217.608      24.0     3.008     -1.43                                        
  4217.611      23.1     6.529     -4.68                                        
  4217.626 607.01214     2.853    -1.631               7.724          1112Pa0125
  4217.652      23.0     3.242     -3.20                                        
  4217.666 606.01212     1.466    -4.954                6.24           107oP1213
  4217.669 106.00113     0.409    -1.365               3.464            AX00R145
  4217.675      23.0     1.217     -3.90                                        
  4217.712      27.1     5.118     -6.26                                        
  4217.731 106.00113     0.409    -1.341               3.464            AX00R155
  4217.748      21.0     2.108     -1.50                                        
  4217.755      77.0     1.995     -1.69                                        
  4217.759 606.01212     1.510    -4.338                6.24           107pQ2319
  4217.771 606.01212     1.510    -4.378                6.24           107pQ1220
  4217.775      28.0     3.539     -3.15                                        
  4217.798 106.00113     0.409    -3.434               3.464            AX00Q155
  4217.798      39.0     1.304     -0.35                                        
  4217.805 606.01212     1.466    -5.039                6.24           107oP2312
  4217.818      24.0     2.965     -4.84                                        
  4217.821 106.00113     1.531    -4.430               3.464            AX33R195
  4217.861 606.01212     1.653    -5.450                6.24           107qP2135
  4217.882 106.00113     1.646    -4.492               3.464            AX33R215
  4217.899      23.0     2.357     -7.81                                        
  4217.907      24.0     3.977     -2.22                                        
  4217.945      41.0     0.086     -1.10                                        
  4217.958 606.01212     1.641    -4.326                6.24           107qP2134
  4217.963      23.0     2.579     -0.81                                        
  4217.975      28.0     3.844     -2.85                                        
  4217.984      24.0     3.695     -4.51                                        
  4217.985 606.01212     1.641    -4.466                6.24           107qP3233
  4218.006      27.0     2.540     -3.68                                        
  4218.016      26.0     3.265     -7.24                                        
  4218.016 606.01212     1.653    -4.097                6.24           107qQ1e35
  4218.021      24.0     4.172     -4.25                                        
  4218.040 606.01212     1.641    -4.183                6.24           107qQ2e33
  4218.056      23.0     1.847     -3.35                                        
  4218.056 607.01214     2.858    -4.149               7.724          1112Qc0125
  4218.070      24.0     4.528     -1.34                                        
  4218.089      23.1     6.461     -2.73                                        
  4218.094 606.01212     1.653    -5.362                6.24           107qP3234
  4218.097      66.0     0.512      0.76                                        
  4218.100 607.01214     2.858    -1.631               7.724          1112Pb0125
  4218.114 606.01212     1.510    -6.482                6.24           107pR1319
  4218.121      26.0     0.989     -6.55                                        
  4218.164 606.01212     1.641    -4.068                6.24           107qQ1f34
  4218.171      22.1     1.115     -4.40                                        
  4218.186      90.1     1.453     -1.18                                        
  4218.205      26.0     2.431     -3.70                                        
  4218.218   21.0045     1.986    -1.630                                 LAWHFS 
  4218.219   21.0045     1.986    -1.510                                 LAWHFS 
  4218.220   21.0045     1.986    -1.640                                 LAWHFS 
  4218.225   21.0045     1.986    -1.810                                 LAWHFS 
  4218.226   21.0045     1.986    -9.000                                 LAWHFS 
  4218.227   21.0045     1.986    -1.830                                 LAWHFS 
  4218.229   21.0045     1.986    -1.220                                 LAWHFS 
  4218.231   21.0045     1.986    -1.640                                 LAWHFS 
  4218.234   21.0045     1.986    -1.510                                 LAWHFS 
  4218.237   21.0045     1.986    -1.630                                 LAWHFS 
  4218.246 606.01212     1.641    -4.910                6.24           107qR1233
  4218.268      24.0     3.665     -3.67                                        
  4218.276 607.01214     2.858    -1.599               7.724          1112Pa0135
  4218.296 606.01212     1.653    -4.223                6.24           107qQ2f34
  4218.315 606.01212     1.653    -4.340                6.24           107qQ3e33
  4218.327 606.01212     1.641    -4.317                6.24           107qQ3f32
  4218.359 106.00112     0.841    -1.343               3.464            AX11R175
  4218.359      24.0     3.963     -1.92                                        
  4218.380      25.1     6.908     -1.99                                        
  4218.381 606.01212     1.641    -4.876                6.24           107qR2332
  4218.388      21.0     1.985     -2.14                                        
  4218.388 606.01212     1.466    -7.084                6.24           107oQ1312
  4218.412 106.00112     0.841    -1.364               3.464            AX11R165
  4218.419      25.0     4.723     -1.56                                        
  4218.429      40.0     0.632     -1.21                                        
  4218.431 106.00112     0.841    -3.485               3.464            AX11Q175
  4218.451 606.01212     1.653    -4.146                6.24           107qR1234
  4218.483      23.0     1.948     -1.18                                        
  4218.517 606.01212     1.653    -4.270                6.24           107qR2333
  4218.542      60.1     1.456     -0.27                                        
  4218.542      90.1     1.310     -1.32                                        
  4218.550      22.0     2.266     -7.87                                        
  4218.552      74.0     2.265     -0.77                                        
  4218.564 106.00113     1.772    -8.411               3.464            CX03P225
  4218.565      70.1     4.648     -0.14                                        
  4218.579      23.1     6.097     -4.45                                        
  4218.580      66.1     0.930     -1.58                                 LAWLER 
  4218.604      28.1     6.645     -6.32                                        
  4218.632      62.0     0.498     -0.26                                        
  4218.638      23.0     2.276     -3.43                                        
  4218.669      24.0     3.432     -2.97                                        
  4218.698      70.0     3.067      0.32                                        
  4218.699 106.00113     0.837    -1.343               3.464            AX11R175
  4218.702      23.0     0.300     -2.13                                        
  4218.705      23.0     1.710     -1.41                                        
  4218.709 607.01214     2.864    -4.184               7.724          1112Qc0135
  4218.711 106.00112     0.412    -1.341               3.464            AX00R155
  4218.716 606.01212     1.453    -6.510                6.24           107nP1309
  4218.735 106.00112     0.412    -1.365               3.464            AX00R145
  4218.745 106.00112     1.483    -4.399               3.464            AX33R185
  4218.752      23.0     1.802     -6.12                                        
  4218.754 607.01214     2.864    -1.599               7.724          1112Pb0135
  4218.761 106.00113     0.837    -1.364               3.464            AX11R165
  4218.779 106.00113     0.837    -3.485               3.464            AX11Q175
  4218.783 106.00112     0.412    -3.410               3.464            AX00Q155
  4218.833 606.01212     1.620    -5.126                6.24            96oP2343
  4218.837      24.0     4.609     -2.88                                        
  4218.866 606.01212     1.619    -5.031                6.24            96oP1244
  4218.869      25.0     4.270     -3.87                                        
  4218.880 606.01212     1.518    -1.624                6.24           107pP1f22
  4218.886 606.01212     1.518    -1.645                6.24           107pP2e21
  4218.918      22.0     2.736     -3.24                                        
  4218.929 607.01214     2.864    -1.569               7.724          1112Pa0145
  4218.942      26.0     4.431     -2.73                                        
  4218.961 106.00112     1.597    -4.402               3.464            AX33R205
  4218.967 606.01212     1.620    -8.364                6.24            96oQ1343
  4218.974 606.01212     1.471    -4.709                6.24           107oP2313
  4218.990 606.01212     1.471    -4.425                6.24           107oP1214
  4218.996      23.0     2.573     -3.11                                        
  4219.013 106.00112     1.056    -8.396               3.464            CX03P065
  4219.018      42.0     3.736     -0.94                                        
  4219.032      24.0     3.090     -2.63                                        
  4219.084 606.01212     1.518    -1.665                6.24           107pP3f20
  4219.105      24.0     3.665     -4.21                                        
  4219.112      26.0     3.366     -2.54                                        
  4219.168 606.01212     1.518    -4.353                6.24           107pQ1221
  4219.169 106.00113     0.410    -1.341               3.464            AX00R155
  4219.174      23.0     1.929     -4.51                                        
  4219.191 106.00113     0.410    -1.365               3.464            AX00R145
  4219.204      24.0     4.529     -1.46                                        
  4219.230      60.1     0.380     -2.29                                 LAWLER 
  4219.235 106.00112     1.539    -4.373               3.464            AX33R195
  4219.237 106.00113     0.410    -3.410               3.464            AX00Q155
  4219.254 106.00113     1.477    -4.399               3.464            AX33R185
  4219.288 606.01212     1.526    -1.604                6.24           107pP1e23
  4219.307      62.0     0.036     -1.40                                        
  4219.330      26.0     4.291     -4.30                                        
  4219.348      28.0     3.541     -3.82                                        
  4219.360      26.0     3.571      0.12                                        
  4219.370 607.01214     2.870    -4.216               7.724          1112Qc0145
  4219.375      74.0     0.771     -1.80                                        
  4219.392      42.0     2.289     -1.85                                        
  4219.392 606.01212     1.518    -4.350                6.24           107pQ2320
  4219.414      26.0     2.988     -1.90                                        
  4219.415 607.01214     2.870    -1.569               7.724          1112Pb0145
  4219.437      25.1     5.986     -5.69                                        
  4219.458 606.01212     1.471    -6.853                6.24           107oQ1313
  4219.469      25.0     4.357     -4.29                                        
  4219.471      24.0     2.985     -3.01                                        
  4219.492      23.0     0.286     -2.59                               LAWNOHFS 
  4219.527 606.01212     1.526    -1.625                6.24           107pP2f22
  4219.543 106.00112     1.716    -4.525               3.464            AX33R225
  4219.560      60.1     0.380     -1.60                                 LAWLER 
  4219.564      26.0     3.926     -3.18                                        
  4219.573 106.00113     1.707    -4.525               3.464            AX33R225
  4219.590 607.01214     2.870    -1.542               7.724          1112Pa0155
  4219.591      26.0     3.544     -3.01                                        
  4219.606      22.1     4.891     -1.12                                        
  4219.609 106.00113     1.848    -6.428               3.464            AX21P305
  4219.609      24.0     3.008     -2.73                                        
  4219.663      21.0     2.008     -2.14                                        
  4219.674 606.01212     1.518    -7.844                6.24           107pR1320
  4219.687 606.01212     1.526    -1.644                6.24           107pP3e21
  4219.700 106.00113     1.589    -4.401               3.464            AX33R205
  4219.704      21.0     1.983     -1.02                                        
  4219.723      26.0     3.651     -4.80                                        
  4219.741 106.00113     1.077    -8.439               3.464            CX03P075
  4219.748 606.01212     1.636    -5.213                6.24            96oP1245
  4219.836 106.00112     1.656    -4.431               3.464            AX33R215
  4219.843 606.01212     1.526    -4.373                6.24           107pQ2321
  4219.850 606.01212     1.526    -4.408                6.24           107pQ1222
  4219.882      25.0     4.682     -2.49                                        
  4219.907 606.01212     1.636    -5.231                6.24            96oP2344
  4219.938 606.01212     1.485    -7.771                6.24            96nP1334
  4219.952      21.0     2.109     -2.62                                        
  4219.952      26.0     4.412     -2.33                                        
  4219.963 106.00113     1.533    -4.373               3.464            AX33R195
  4219.963      92.0     0.530     -0.73                                        
  4219.982      42.0     3.209     -1.68                                        
  4219.996      25.0     5.108     -3.31                                        
  4220.035      20.0     4.765     -3.17                                        
  4220.040 607.01214     2.877    -4.247               7.724          1112Qc0155
  4220.049      26.0     3.926     -1.66                                        
  4220.065      90.0     0.689     -1.07                                        
  4220.073      23.1     1.674     -2.67                                        
  4220.076 606.01212     1.636    -8.375                6.24            96oQ1344
  4220.082 607.01214     2.877    -1.542               7.724          1112Pb0155
  4220.090      65.1     0.771     -0.87                               LAWNOHFS 
  4220.107 606.01212     1.679    -5.475                6.24           107qP2137
  4220.127      24.0     3.419     -3.39                                        
  4220.129 106.00112     1.853    -6.348               3.464            AX21P305
  4220.150      62.1     0.434     -1.17                                 LAWLER 
  4220.166 606.01212     1.526    -6.515                6.24           107pR1321
  4220.250      60.1     0.320     -0.80                                 LAWLER 
  4220.250 607.01214     2.877    -1.517               7.724          1112Pa0165
  4220.251 606.01212     1.667    -4.315                6.24           107qP2136
  4220.253 606.01212     1.679    -4.128                6.24           107qQ1e37
  4220.267 606.01212     1.667    -4.449                6.24           107qP3235
  4220.276      27.0     2.872     -1.74                                LAWNHFS 
  4220.310 606.01212     1.667    -4.207                6.24           107qQ2e35
  4220.333      28.0     3.838     -3.85                                        
  4220.337 606.01212     1.679    -5.384                6.24           107qP3236
  4220.341      26.0     3.069     -1.29                                        
  4220.346 106.00112     1.917    -1.937               3.464            AX54R215
  4220.365 106.00112     1.917    -1.958               3.464            AX54R205
  4220.377 606.01212     1.477    -4.968                6.24           107oP1215
  4220.392      22.0     3.125     -3.20                                        
  4220.435      27.0     3.407     -3.18                                        
  4220.437 106.00112     1.917    -4.219               3.464            AX54Q215
  4220.443      24.0     2.965     -1.77                                        
  4220.444 606.01212     1.667    -4.100                6.24           107qQ1f36
  4220.487 106.00113     1.648    -4.431               3.464            AX33R215
  4220.504 606.01212     1.667    -4.957                6.24           107qR1235
  4220.523 106.00112     1.484    -4.345               3.464            AX33R185
  4220.526      21.0     4.187     -1.77                                        
  4220.527 606.01212     1.477    -5.023                6.24           107oP2314
  4220.531 606.01212     1.679    -4.247                6.24           107qQ2f36
  4220.550 606.01212     1.680    -4.356                6.24           107qQ3e35
  4220.550      62.1     0.040     -2.29                                 LAWLER 
  4220.582 606.01212     1.457    -8.153                6.24           107nP1310
  4220.590 606.01212     1.667    -4.334                6.24           107qQ3f34
  4220.609      25.0     4.191     -0.78                                        
  4220.623 106.00112     0.841    -2.005               3.464            BX11Q165
  4220.628      39.0     1.852      0.28                                        
  4220.631      40.0     0.622     -1.72                                        
  4220.633 606.01212     1.667    -4.918                6.24           107qR2334
  4220.640 106.00112     0.841    -5.437               3.464            BX11P175
  4220.660      62.1     0.543     -0.44                                 LAWLER 
  4220.676 606.01212     1.679    -4.150                6.24           107qR1236
  4220.681      44.0     1.732     -0.45                                        
  4220.690 106.00112     0.841    -5.706               3.464            BX11R165
  4220.690      62.1     0.184     -2.29                                 LAWLER 
  4220.707 106.00112     0.841    -2.148               3.464            BX11Q175
  4220.718 607.01214     2.884    -4.276               7.724          1112Qc0165
  4220.739      20.0     5.987     -4.87                                        
  4220.744 606.01212     1.680    -4.269                6.24           107qR2335
  4220.767 607.01214     2.884    -1.517               7.724          1112Pb0165
  4220.793      20.0     4.776     -6.09                                        
  4220.800      77.0     3.266     -0.85                                        
  4220.916 607.01214     2.884    -1.493               7.724          1112Pa0175
  4220.987      68.0     0.862      0.05                                        
  4221.030 606.01212     1.477    -7.203                6.24           107oQ1314
  4221.033      23.0     2.581     -0.80                                        
  4221.055      23.0     2.503     -8.00                                        
  4221.073      27.0     3.809     -1.30                                        
  4221.074      75.0     1.435     -0.80                                        
  4221.099 106.00112     1.431    -4.369               3.464            AX33R175
  4221.114      66.0     0.512      0.84                                        
  4221.130      60.1     0.559     -1.01                                 LAWLER 
  4221.169      58.1     0.875     -0.99                                        
  4221.176 606.01212     1.535    -1.605                6.24           107pP2e23
  4221.182 106.00113     1.478    -4.345               3.464            AX33R185
  4221.189 606.01212     1.535    -1.587                6.24           107pP1f24
  4221.197      25.0     3.376     -3.48                                        
  4221.230 106.00113     1.065    -3.099               3.464            BX10R255
  4221.251 106.00112     0.098    -3.939               3.464            AX00R075
  4221.279      27.0     3.565     -2.40                                        
  4221.288      23.1     6.104     -3.97                                        
  4221.331 106.00112     1.528    -5.264               3.464            AX54P125
  4221.361 606.01212     1.535    -1.623                6.24           107pP3f22
  4221.377      24.0     4.093     -2.74                                        
  4221.393      26.0     4.442     -2.61                                        
  4221.396      26.1     6.133     -3.07                                        
  4221.408 607.01214     2.891    -4.304               7.724          1112Qc0175
  4221.431 606.01212     1.535    -4.383                6.24           107pQ1223
  4221.445 106.00112     0.785    -1.384               3.464            AX11R155
  4221.457 607.01214     2.891    -1.493               7.724          1112Pb0175
  4221.489      22.0     2.576     -5.80                                        
  4221.490 106.00112     0.786    -1.362               3.464            AX11R165
  4221.533 606.01212     1.543    -1.568                6.24           107pP1e25
  4221.547 106.00113     1.425    -4.369               3.464            AX33R175
  4221.555      24.0     3.077     -4.99                                        
  4221.561 106.00112     0.786    -3.486               3.464            AX11Q165
  4221.567      24.0     3.847     -0.35                                        
  4221.590 607.01214     2.891    -1.471               7.724          1112Pa0185
  4221.602 106.00112     0.098    -3.914               3.464            AX00R075
  4221.646 606.01212     1.535    -4.383                6.24           107pQ2322
  4221.688      28.0     3.304     -2.09                                 LAWLER 
  4221.716 606.01212     1.482    -4.392                6.24           107oP1216
  4221.717 106.00113     0.097    -3.939               3.464            AX00R075
  4221.720 606.01212     1.483    -4.644                6.24           107oP2315
  4221.722      26.1     6.133     -3.79                                        
  4221.723 606.01212     1.499    -7.324                6.24            96nP1335
  4221.767 606.01212     1.544    -1.587                6.24           107pP2f24
  4221.789      28.0     3.838     -2.67                                        
  4221.797 106.00113     0.782    -1.384               3.464            AX11R155
  4221.801      20.0     4.677     -4.68                                        
  4221.811      22.0     1.995     -4.81                                        
  4221.825      25.0     4.682     -1.38                                        
  4221.843 106.00113     0.782    -1.362               3.464            AX11R165
  4221.852      21.0     1.985     -1.03                                        
  4221.860      62.1     0.659     -1.80                                 LAWLER 
  4221.866      20.0     4.760     -5.17                                        
  4221.901 606.01212     1.535    -7.866                6.24           107pR1322
  4221.912 106.00113     0.782    -3.486               3.464            AX11Q165
  4221.918      20.0     6.022     -4.57                                        
  4221.927 606.01212     1.544    -1.604                6.24           107pP3e23
  4221.935      24.0     2.985     -3.02                                        
  4221.936 106.00112     1.595    -5.655               3.464            AX43P195
  4221.996      24.1     5.658     -1.93                                        
  4222.018 106.00112     1.718    -4.462               3.464            AX33R225
  4222.034      66.1     0.538     -1.68                                        
  4222.050      74.0     1.867     -0.86                                        
  4222.060 606.01212     1.544    -4.406                6.24           107pQ2323
  4222.064 106.00113     0.098    -3.914               3.464            AX00R075
  4222.064 606.01212     1.544    -4.437                6.24           107pQ1224
  4222.089 606.01212     1.461    -6.509                6.24           107nP1311
  4222.108 607.01214     2.899    -4.330               7.724          1112Qc0185
  4222.133 606.01212     1.483    -6.922                6.24           107oQ1315
  4222.148      25.1     5.988     -3.81                                        
  4222.159 607.01214     2.899    -1.472               7.724          1112Pb0185
  4222.199      23.0     2.136     -1.95                                        
  4222.210      66.0     1.141      0.61                                        
  4222.213      26.0     2.448     -0.97                                        
  4222.246      27.0     3.102     -2.24                                        
  4222.270 607.01214     2.899    -1.451               7.724          1112Pa0195
  4222.276      22.0     1.459     -3.35                                        
  4222.319      23.1     6.517     -4.57                                        
  4222.338      23.0     1.929     -1.21                               LAWNOHFS 
  4222.345      26.0     2.586     -8.22                                        
  4222.355 106.00112     1.529    -5.302               3.464            AX54P125
  4222.357 606.01212     1.544    -6.547                6.24           107pR1323
  4222.368      92.0     0.471     -0.09                                        
  4222.381      40.1     1.207     -0.90                                        
  4222.409      42.0     2.289     -1.80                                        
  4222.427 106.00113     1.709    -4.462               3.464            AX33R225
  4222.440      23.0     2.284     -4.01                                        
  4222.456      20.0     4.677     -2.81                                        
  4222.457 106.00112     1.780    -8.410               3.464            CX03P225
  4222.460      23.1     6.096     -3.88                                        
  4222.479      27.0     3.629     -3.76                                        
  4222.516 106.00113     1.770    -4.561               3.464            AX33R235
  4222.548 106.00112     1.919    -1.937               3.464            AX54R215
  4222.553 606.01212     1.707    -5.497                6.24           107qP2139
  4222.566      26.0     3.299     -7.20                                        
  4222.574      23.0     2.330     -1.67                                        
  4222.597      58.1     0.122     -0.15                                 LAWLER 
  4222.602      23.1     5.791     -3.62                                        
  4222.620      20.0     4.621     -1.36                                        
  4222.639 106.00112     1.919    -4.185               3.464            AX54Q215
  4222.665 106.00112     1.919    -1.958               3.464            AX54R205
  4222.673      69.0     1.087     -0.15                                        
  4222.674      41.0     1.156     -1.39                                        
  4222.690 606.01212     1.707    -4.157                6.24           107qQ1e39
  4222.711      23.0     3.236     -4.73                                        
  4222.713 106.00112     1.432    -4.318               3.464            AX33R175
  4222.727      24.0     3.011     -0.98                                        
  4222.733      22.0     2.266     -4.41                                        
  4222.745 606.01212     1.694    -4.305                6.24           107qP2138
  4222.751 606.01212     1.694    -4.433                6.24           107qP3237
  4222.781 606.01212     1.707    -5.404                6.24           107qP3238
  4222.784 606.01212     1.694    -4.230                6.24           107qQ2e37
  4222.787 606.01212     1.653    -5.121                6.24            96oP2345
  4222.823 606.01212     1.653    -5.031                6.24            96oP1246
  4222.823 607.01214     2.908    -4.356               7.724          1112Qc0195
  4222.829      24.0     4.437     -3.55                                        
  4222.861   59.1141     0.055    -0.806                                 LI/LAW 
  4222.873 607.01214     2.908    -1.451               7.724          1112Pb0195
  4222.879   59.1141     0.055    -0.724                                 LI/LAW 
  4222.901   59.1141     0.055    -1.715                                 LI/LAW 
  4222.903   59.1141     0.055    -0.640                                 LI/LAW 
  4222.915 606.01212     1.653    -8.400                6.24            96oQ1345
  4222.927 606.01212     1.694    -4.129                6.24           107qQ1f38
  4222.930   59.1141     0.055    -1.520                                 LI/LAW 
  4222.934   59.1141     0.055    -0.557                                 LI/LAW 
  4222.952   59.1141     0.055    -3.130                                 LI/LAW 
  4222.960      42.0     3.196     -1.17                                        
  4222.960 607.01214     2.908    -1.432               7.724          1112Pa0205
  4222.965   59.1141     0.055    -1.468                                 LI/LAW 
  4222.966 606.01212     1.694    -5.000                6.24           107qR1237
  4222.967 606.01212     1.707    -4.270                6.24           107qQ2f38
  4222.971   59.1141     0.055    -0.478                                 LI/LAW 
  4222.972      23.0     2.314     -1.00                                        
  4222.987 606.01212     1.707    -4.372                6.24           107qQ3e37
  4222.992   59.1141     0.055    -2.962                                 LI/LAW 
  4223.007   59.1141     0.055    -1.513                                 LI/LAW 
  4223.015   59.1141     0.055    -0.402                                 LI/LAW 
  4223.017      64.1     1.526     -0.80                                        
  4223.036 106.00112     1.780    -4.561               3.464            AX33R235
  4223.039   59.1141     0.055    -3.034                                 LI/LAW 
  4223.040      22.0     2.316     -3.04                                        
  4223.047      22.0     1.732     -6.15                                        
  4223.055      23.0     2.503     -7.72                                        
  4223.056   59.1141     0.055    -1.708                                 LI/LAW 
  4223.056 606.01212     1.694    -4.350                6.24           107qQ3f36
  4223.061 106.00112     0.787    -1.362               3.464            AX11R165
  4223.068 106.00113     1.708    -8.440               3.464            CX03P215
  4223.089 606.01212     1.694    -4.957                6.24           107qR2336
  4223.093   59.1141     0.055    -3.352                                 LI/LAW 
  4223.103 106.00112     0.787    -1.384               3.464            AX11R155
  4223.104 606.01212     1.707    -4.152                6.24           107qR1238
  4223.134 106.00112     0.787    -3.460               3.464            AX11Q165
  4223.173 606.01212     1.707    -4.267                6.24           107qR2337
  4223.184      25.1     5.544     -4.05                                        
  4223.189      20.0     4.776     -3.99                                        
  4223.200      60.1     0.380     -1.27                                 LAWLER 
  4223.226 606.01212     1.489    -4.997                6.24           107oP1217
  4223.234      26.0     2.452     -4.02                                        
  4223.243      25.1     5.832     -4.52                                        
  4223.257      24.0     4.851     -0.56                                        
  4223.273 106.00113     1.426    -4.317               3.464            AX33R175
  4223.340      26.0     4.298     -1.88                                        
  4223.341      23.0     2.503     -5.80                                        
  4223.380 606.01212     1.489    -5.029                6.24           107oP2316
  4223.401 106.00113     0.783    -1.362               3.464            AX11R165
  4223.437 106.00113     0.783    -1.384               3.464            AX11R155
  4223.452      24.0     3.011     -2.00                                        
  4223.470 106.00113     0.783    -3.460               3.464            AX11Q165
  4223.479 106.00112     0.361    -1.389               3.464            AX00R135
  4223.516      27.1     5.171     -3.59                                        
  4223.552 607.01214     2.916    -4.380               7.724          1112Qc0205
  4223.568 106.00112     0.361    -1.363               3.464            AX00R145
  4223.603 607.01214     2.916    -1.432               7.724          1112Pb0205
  4223.610 606.01212     1.553    -1.569                6.24           107pP2e25
  4223.614      25.1     5.369     -4.52                                        
  4223.630 106.00112     0.361    -3.404               3.464            AX00Q145
  4223.640 606.01212     1.553    -1.552                6.24           107pP1f26
  4223.659 607.01214     2.916    -1.414               7.724          1112Pa0215
  4223.684      24.0     2.542     -6.71                                        
  4223.688 606.01212     1.670    -5.214                6.24            96oP1247
  4223.710      62.1     0.333     -1.27                                 LAWLER 
  4223.729      26.0     2.947     -2.91                                        
  4223.773      27.0     2.955     -2.51                                        
  4223.780      28.0     3.844     -1.80                                        
  4223.783 606.01212     1.553    -1.586                6.24           107pP3f24
  4223.823 606.01212     1.489    -7.323                6.24           107oQ1316
  4223.841 606.01212     1.553    -4.413                6.24           107pQ1225
  4223.848 606.01212     1.671    -5.230                6.24            96oP2346
  4223.881      58.1     0.529     -0.92                                 LAWLER 
  4223.913 606.01212     1.562    -1.535                6.24           107pP1e27
  4223.917      42.0     2.913     -1.95                                        
  4223.924 106.00113     0.359    -1.389               3.464            AX00R135
  4223.935      21.0     3.055     -4.21                                        
  4224.008 606.01212     1.671    -8.415                6.24            96oQ1346
  4224.010      28.1     3.602     -5.08                                        
  4224.013 106.00113     0.359    -1.363               3.464            AX00R145
  4224.019      20.0     6.024     -3.05                                        
  4224.036      20.0     4.760     -2.31                                        
  4224.049 606.01212     1.553    -4.413                6.24           107pQ2324
  4224.069 106.00113     0.359    -3.404               3.464            AX00Q145
  4224.078      24.0     3.373     -2.81                                        
  4224.082 606.01212     1.466    -8.321                6.24           107nP1312
  4224.087      24.1     3.855     -3.53                                        
  4224.094      23.1     6.097     -3.43                                        
  4224.103      23.0     3.236     -3.63                                        
  4224.130      23.0     1.948     -0.57                               LAWNOHFS 
  4224.144 606.01212     1.562    -1.552                6.24           107pP2f26
  4224.162 106.00112     1.597    -5.711               3.464            AX43P195
  4224.171      26.0     3.366     -0.41                                        
  4224.193      26.0     2.938     -7.27                                        
  4224.203 106.00112     1.080    -8.438               3.464            CX03P075
  4224.223      42.0     1.334     -3.60                                        
  4224.226      26.0     4.442     -2.42                                        
  4224.237      20.0     5.989     -2.59                                        
  4224.240      62.1     0.434     -1.81                                 LAWLER 
  4224.241      90.1     0.189     -2.13                               Nils02/11
  4224.253 106.00112     1.381    -4.339               3.464            AX33R165
  4224.262      64.0     0.927     -0.43                                        
  4224.264      40.1     0.758     -1.88                                Ljung06 
  4224.274 106.00113     1.104    -8.470               3.464            CX03P085
  4224.281 606.01212     1.553    -7.888                6.24           107pR1324
  4224.293      26.0     4.100     -1.59                                        
  4224.297      26.0     4.280     -1.72                                        
  4224.299      40.1     0.757     -1.40                                        
  4224.299 607.01214     2.925    -4.404               7.724          1112Qc0215
  4224.305 606.01212     1.563    -1.568                6.24           107pP3e25
  4224.306      24.0     2.542     -5.58                                        
  4224.306 606.01212     1.513    -7.791                6.24            96nP1336
  4224.324      25.0     4.723     -1.61                                        
  4224.349 607.01214     2.925    -1.414               7.724          1112Pb0215
  4224.371 607.01214     2.925    -1.397               7.724          1112Pa0225
  4224.390      22.0     1.979     -4.88                                        
  4224.418 606.01212     1.562    -4.464                6.24           107pQ1226
  4224.418 606.01212     1.563    -4.437                6.24           107pQ2325
  4224.428      23.1     2.898     -4.07                                        
  4224.464      27.0     2.875     -3.11                                        
  4224.511      24.0     4.609     -1.01                                        
  4224.513      26.0     3.428     -1.02                                        
  4224.515      24.0     3.085     -0.79                                        
  4224.521      23.1     1.684     -2.65                                        
  4224.521      27.1     5.042     -4.74                                        
  4224.560      58.1     1.140     -0.87                                        
  4224.569 606.01212     1.496    -4.371                6.24           107oP1218
  4224.586 606.01212     1.496    -4.599                6.24           107oP2317
  4224.587      23.0     2.294     -2.35                                        
  4224.622 106.00113     1.376    -4.339               3.464            AX33R165
  4224.627      26.0     2.756     -4.23                                        
  4224.656      26.0     4.442     -3.89                                        
  4224.672 106.00112     1.856    -6.427               3.464            AX21P305
  4224.692 606.01212     1.563    -6.579                6.24           107pR1325
  4224.753      42.0     2.834     -2.01                                        
  4224.753      74.0     2.965     -0.08                                        
  4224.777 106.00112     2.059    -9.282               3.464            CX15R195
  4224.784      22.0     2.776      0.05                                        
  4224.822      27.0     3.407     -3.29                                        
  4224.840      60.1     0.630     -0.90                                 LAWLER 
  4224.855 106.00112     0.362    -1.363               3.464            AX00R145
  4224.855 106.00112     0.362    -1.389               3.464            AX00R135
  4224.860      24.1     5.326     -1.73                                        
  4224.880      24.0     2.980     -8.39                                        
  4224.918 106.00112     0.362    -3.381               3.464            AX00Q145
  4224.922 106.00112     0.806    -4.057               3.464            AX22R095
  4224.923      42.0     3.185     -1.77                                        
  4224.940      23.1     1.678     -3.37                                        
  4224.946 606.01212     1.496    -6.993                6.24           107oQ1317
  4224.961      26.0     4.140     -3.07                                        
