wavelength species excitation loggf disassociation_energy comment
3425.535 107.00114 0.998 -1.063 3.400 ""
3425.563 26.1 6.133 -3.36 "" ""
3425.575 26.1 1.669 -3.73 "" ""
3425.592 23.0 2.372 -4.37 "" ""
3425.592 24.0 2.965 -3.62 "" ""
3425.62 69.1 0.0 -0.98 LAWLER ""
3425.622 106.00113 0.985 -6.582 3.464 CX23R035
3425.648 23.0 1.858 -5.64 "" ""
3425.677 107.00114 0.998 -4.517 3.400 ""
3425.689 607.01214 2.085 -1.709 7.724 1008Pb0255
3425.704 107.00114 0.998 -2.453 3.400 ""
3425.707 42.0 2.593 -10.0 "" ""
3425.734 106.00113 0.679 -9.117 3.464 CX12Q035
3425.785 607.01214 2.085 -4.805 7.724 1008Qc0255
3425.8 106.00113 0.679 -6.434 3.464 CX12R035
3425.802 106.00112 1.491 -6.495 3.464 CX34R125
3425.804 607.01214 2.085 -1.686 7.724 1008Pa0265
3425.828 21.0 2.109 -3.12 "" ""
3425.846 41.0 1.612 0.06 "" ""
3425.86 23.0 2.129 -3.79 "" ""
3425.862 106.00112 0.359 -5.543 3.464 CX01R025
3425.93 64.1 0.382 -0.6 LAWLER ""
3425.936 25.0 3.769 -1.77 "" ""
3425.942 58.1 0.956 -0.44 "" ""
3425.944 23.1 6.453 -0.74 "" ""
3425.944 90.1 1.165 -0.69 "" ""
3425.962 24.0 3.085 -2.22 "" ""
3425.974 106.00112 0.686 -8.093 3.464 CX01R135
3425.982 106.00113 0.782 -7.256 3.464 AX41Q155
3426.001 42.0 2.258 -0.81 "" ""
3426.005 23.0 1.71 -5.21 "" ""
3426.007 106.00113 0.782 -5.236 3.464 AX41P155
3426.033 607.01314 2.0 -4.857 7.724 1008Qc0215
3426.039 106.00112 0.686 -4.642 3.464 CX01Q135
3426.048 607.01314 2.0 -1.882 7.724 1008Pa0225
3426.058 106.00113 0.782 -5.172 3.464 AX41P165
3426.068 106.00112 0.686 -4.75 3.464 CX01Q145
3426.086 26.0 3.109 -3.46 "" ""
3426.091 607.01314 2.0 -1.907 7.724 1008Pb0215
3426.132 106.00112 0.686 -7.0 3.464 CX01P145
3426.144 24.1 4.741 -1.86 Gurell10 ""
3426.189 75.0 2.147 0.1 "" ""
3426.205 58.1 0.122 -0.66 LAWLER ""
3426.206 62.1 0.659 -0.85 "" ""
3426.24 64.1 0.382 -1.49 LAWLER ""
3426.241 15.1 9.518 -2.27 "" ""
3426.29 23.0 0.275 -5.64 "" ""
3426.302 106.00112 0.359 -5.473 3.464 CX01R035
3426.302 23.0 1.858 -3.55 "" ""
3426.304 25.1 6.64 -3.55 "" ""
3426.323 106.00112 0.359 -7.984 3.464 CX01Q035
3426.324 607.01214 2.096 -1.686 7.724 1008Pb0265
3426.325 26.0 2.277 -1.62 "" ""
3426.337 106.00112 0.681 -7.296 3.464 CX12R025
3426.343 64.1 1.133 -0.44 "" ""
3426.356 24.0 3.123 -3.28 "" ""
3426.382 26.0 0.989 -1.91 OBR91 ""
3426.388 26.0 2.174 -2.58 "" ""
3426.399 27.0 3.114 -5.74 "" ""
3426.438 26.0 3.428 -6.66 "" ""
3426.442 63.1 1.229 -1.37 "" ""
3426.45 27.0 3.131 -0.2 "" ""
3426.478 22.0 1.872 -3.92 "" ""
3426.501 106.00113 1.077 -8.078 3.464 CX23Q085
3426.506 25.1 6.568 -3.04 "" ""
3426.514 25.1 5.344 -3.3 "" ""
3426.517 106.00113 1.077 -4.219 3.464 CX23R075
3426.53 41.1 1.31 -0.78 Nilsson10 ""
3426.535 106.00113 1.214 -5.052 3.464 AX41R235
3426.539 106.00113 1.248 -8.351 3.464 CX12P195
3426.542 22.0 2.266 -3.3 "" ""
3426.542 26.0 3.414 -2.73 "" ""
3426.567 106.00113 1.214 -5.048 3.464 AX41R225
3426.57 41.1 1.18 -0.5 Nilsson10 ""
3426.58 58.1 0.318 -1.22 BIEMONT ""
3426.605 106.00113 1.214 -7.087 3.464 AX41Q235
3426.62 107.00114 1.443 -1.892 3.400 ""
3426.622 106.00113 1.077 -4.092 3.464 CX23R085
3426.626 607.01214 2.096 -4.814 7.724 1008Qc0265
3426.628 26.0 2.196 -0.99 OBR91 ""
3426.645 607.01214 2.096 -1.663 7.724 1008Pa0275
3426.652 25.0 3.769 -1.76 "" ""
3426.666 26.0 3.265 -0.68 "" ""
3426.672 607.01314 2.009 -4.869 7.724 1008Qc0225
3426.677 106.00113 1.214 -8.752 3.464 AX51P225
3426.682 28.0 3.539 -3.16 "" ""
3426.684 106.00112 0.988 -6.582 3.464 CX23R035
3426.689 607.01314 2.009 -1.857 7.724 1008Pa0235
3426.698 107.00114 1.178 -1.372 3.400 ""
3426.7 24.0 3.963 -2.74 "" ""
3426.724 73.0 0.752 -1.4 "" ""
3426.725 23.0 1.063 -3.02 "" ""
3426.731 607.01314 2.009 -1.882 7.724 1008Pb0225
3426.735 106.00112 0.785 -7.256 3.464 AX41Q155
3426.74 107.00114 1.443 -2.044 3.400 ""
3426.742 107.00114 1.178 -3.801 3.400 ""
3426.758 106.00113 0.637 -6.957 3.464 CX01P135
3426.76 106.00112 0.681 -6.434 3.464 CX12R035
3426.764 106.00112 0.785 -5.236 3.464 AX41P155
3426.778 106.00112 0.681 -9.116 3.464 CX12Q035
3426.788 42.0 1.469 -1.3 "" ""
3426.807 25.0 4.675 -3.13 "" ""
3426.814 106.00112 0.786 -5.172 3.464 AX41P165
3426.82 23.1 5.836 -2.23 "" ""
3426.821 26.1 4.077 -3.79 "" ""
3426.825 107.00114 1.178 -2.218 3.400 ""
3426.895 106.00113 1.249 -3.826 3.464 CX12Q185
3426.898 106.00113 1.248 -3.689 3.464 CX12Q195
3426.909 107.00114 0.74 -0.854 3.400 ""
3426.915 607.01214 2.108 -1.663 7.724 1008Pb0275
3426.934 40.0 0.998 -0.89 "" ""
3426.935 106.00113 0.638 -4.567 3.464 CX01Q125
3426.987 26.0 0.989 -2.6 OBR91 ""
3426.99 106.00113 0.637 -4.643 3.464 CX01Q135
3427.02 22.0 2.039 -3.69 "" ""
3427.038 26.0 2.448 -6.58 "" ""
3427.039 107.00114 0.74 -2.728 3.400 ""
3427.041 107.00114 0.74 -0.834 3.400 ""
3427.044 27.0 3.626 -2.43 "" ""
3427.066 106.00113 0.783 -7.283 3.464 AX41Q155
3427.076 107.00114 1.139 -3.083 3.400 ""
3427.081 23.0 2.053 -3.69 "" ""
3427.088 106.00112 0.71 -5.521 3.464 AX52P045
3427.089 106.00113 0.783 -5.173 3.464 AX41P165
3427.09 106.00113 0.783 -5.236 3.464 AX41P155
3427.095 106.00112 1.376 -6.683 3.464 CX12R205
3427.105 106.00112 1.441 -6.659 3.464 CX12R215
3427.109 23.0 1.711 -3.63 "" ""
3427.12 26.0 2.174 -0.07 BEL17 ""
3427.126 106.00113 1.192 -8.143 3.464 CX12P185
3427.13 107.00114 0.74 -0.811 3.400 ""
3427.147 106.00112 1.376 -3.446 3.464 CX12Q215
3427.153 106.00112 1.441 -3.339 3.464 CX12Q225
3427.161 26.0 3.366 -2.2 "" ""
3427.167 106.00113 0.638 -8.361 3.464 CX01R125
3427.169 106.00112 0.71 -6.421 3.464 AX52Q045
3427.18 106.00112 1.376 -3.563 3.464 CX12Q205
3427.192 20.0 3.907 -3.42 "" ""
3427.193 106.00112 1.441 -3.446 3.464 CX12Q215
3427.196 26.0 2.947 -1.95 "" ""
3427.22 106.00112 0.71 -5.52 3.464 AX52P045
3427.231 106.00112 1.376 -9.067 3.464 CX12P215
3427.24 106.00112 1.441 -9.968 3.464 CX12P225
3427.253 106.00113 1.249 -6.746 3.464 CX12R185
3427.301 106.00112 0.71 -6.43 3.464 AX52Q045
3427.324 106.00112 1.314 -6.712 3.464 CX12R195
3427.325 607.01314 2.019 -4.881 7.724 1008Qc0235
3427.342 607.01314 2.019 -1.832 7.724 1008Pa0245
3427.343 20.0 5.014 -2.74 "" ""
3427.345 24.0 3.844 -3.73 "" ""
3427.348 107.00114 0.74 -5.189 3.400 ""
3427.351 107.00114 0.74 -2.702 3.400 ""
3427.379 106.00112 1.314 -3.563 3.464 CX12Q205
3427.384 607.01314 2.019 -1.857 7.724 1008Pb0235
3427.401 106.00112 1.507 -6.64 3.464 CX12R225
3427.404 106.00112 1.314 -3.689 3.464 CX12Q195
3427.43 24.1 4.934 -4.57 "" ""
3427.434 72.0 1.113 -0.69 "" ""
3427.444 607.01214 2.121 -1.64 7.724 1008Pb0285
3427.444 76.0 2.889 -0.22 "" ""
3427.446 106.00112 0.71 -5.407 3.464 AX52P055
3427.446 106.00112 1.508 -3.24 3.464 CX12Q235
3427.446 41.0 0.348 -0.95 "" ""
3427.449 106.00113 1.192 -3.975 3.464 CX12Q175
3427.458 106.00113 1.192 -3.826 3.464 CX12Q185
3427.459 106.00112 1.314 -8.635 3.464 CX12P205
3427.467 23.0 1.71 -2.36 "" ""
3427.468 26.1 6.204 -4.83 "" ""
3427.483 106.00112 0.919 -5.656 3.464 AX30P235
3427.488 23.0 2.357 -6.21 "" ""
3427.493 106.00112 1.507 -3.339 3.464 CX12Q225
3427.498 42.0 2.834 -1.17 "" ""
3427.513 106.00112 0.919 -8.081 3.464 AX30Q225
3427.513 26.0 3.414 -3.91 "" ""
3427.523 106.00112 1.081 -4.219 3.464 CX23R075
3427.534 607.01214 2.108 -4.823 7.724 1008Qc0275
3427.538 106.00112 1.508 -10.171 3.464 CX12P235
3427.554 26.0 3.298 -3.81 "" ""
3427.554 607.01214 2.108 -1.64 7.724 1008Pa0285
3427.558 106.00112 0.71 -5.407 3.464 AX52P055
3427.581 106.00112 0.919 -5.748 3.464 AX30P225
3427.584 107.00114 1.436 -1.919 3.400 ""
3427.587 22.0 2.406 -4.15 "" ""
3427.592 107.00114 0.113 -5.266 3.400 ""
3427.615 106.00112 1.081 -4.092 3.464 CX23R085
3427.615 22.1 4.906 -3.53 "" ""
3427.621 75.0 1.866 -0.31 "" ""
3427.632 106.00112 1.456 -6.501 3.464 CX34R115
3427.651 25.1 5.544 -4.68 "" ""
3427.657 106.00112 1.081 -8.078 3.464 CX23Q085
3427.669 21.0 1.942 -3.39 "" ""
3427.674 76.0 1.084 -1.36 Quinet06 ""
3427.687 107.00114 1.436 -2.109 3.400 ""
3427.716 74.0 1.654 -0.47 "" ""
3427.72 28.0 3.541 -1.73 "" ""
3427.746 106.00112 1.255 -6.745 3.464 CX12R185
3427.76 106.00112 0.64 -8.361 3.464 CX01R125
3427.774 107.00114 1.436 -2.598 3.400 ""
3427.777 27.0 3.189 -0.57 "" ""
3427.782 106.00113 1.192 -6.783 3.464 CX12R175
3427.805 106.00112 1.255 -3.689 3.464 CX12Q195
3427.821 106.00112 0.64 -4.567 3.464 CX01Q125
3427.822 106.00112 1.255 -3.826 3.464 CX12Q185
3427.83 106.00112 0.787 -7.283 3.464 AX41Q155
3427.832 106.00113 1.138 -7.981 3.464 CX12P175
3427.833 107.00114 1.453 -1.54 3.400 ""
3427.852 106.00112 0.787 -5.172 3.464 AX41P165
3427.859 106.00112 0.787 -5.236 3.464 AX41P155
3427.863 106.00112 0.64 -4.643 3.464 CX01Q135
3427.87 25.0 2.939 -3.06 "" ""
3427.87 25.0 2.939 -3.6 "" ""
3427.882 106.00112 1.255 -8.351 3.464 CX12P195
3427.885 26.0 2.557 -7.32 "" ""
3427.889 607.01214 2.134 -1.618 7.724 1008Pb0295
3427.9 42.0 3.435 -0.03 "" ""
3427.923 106.00112 0.64 -6.957 3.464 CX01P135
3427.927 26.0 2.843 -4.02 "" ""
3427.927 78.0 1.67 -1.9 DH05nohfs ""
3427.935 107.00114 0.901 -0.939 3.400 ""
3427.936 107.00114 1.453 -2.078 3.400 ""
3427.939 27.0 2.925 -5.1 "" ""
3427.944 106.00113 0.911 -8.044 3.464 AX30Q225
3427.951 25.0 2.939 -3.56 "" ""
3427.965 76.1 2.478 -2.37 Quinet06 ""
3427.967 106.00113 0.911 -5.747 3.464 AX30P225
3427.97 62.1 0.184 -1.9 LAWLER ""
3427.976 27.0 1.739 -3.94 "" ""
3427.987 106.00113 0.911 -5.655 3.464 AX30P235
3427.989 26.0 3.637 -4.47 "" ""
3427.99 607.01314 2.03 -4.891 7.724 1008Qc0245
3428.008 607.01314 2.03 -1.808 7.724 1008Pa0255
3428.01 26.0 3.299 -1.8 "" ""
3428.024 24.0 3.885 -3.87 "" ""
3428.05 607.01314 2.03 -1.832 7.724 1008Pb0245
3428.106 22.0 1.052 -1.6 "" ""
3428.124 106.00113 1.138 -4.137 3.464 CX12Q165
3428.141 106.00113 1.138 -3.975 3.464 CX12Q175
3428.145 107.00114 0.901 -2.648 3.400 ""
3428.147 25.1 5.516 -1.46 "" ""
3428.174 107.00114 0.901 -0.917 3.400 ""
3428.193 26.0 2.196 -0.82 OBR91 ""
3428.216 27.0 3.051 0.07 "" ""
3428.222 607.01214 2.147 -1.597 7.724 1008Pb0305
3428.227 26.1 5.48 -2.2 "" ""
3428.255 20.0 4.128 -4.18 "" ""
3428.256 27.0 3.051 -1.71 "" ""
3428.257 25.1 4.689 -3.35 "" ""
3428.275 26.0 3.414 -2.88 "" ""
3428.318 44.0 0.0 -0.34 "" ""
3428.322 106.00112 1.197 -6.783 3.464 CX12R175
3428.345 107.00114 0.811 -4.812 3.400 ""
3428.37 72.1 0.0 -1.69 LAWLER ""
3428.382 24.1 4.984 -4.47 "" ""
3428.386 106.00112 1.197 -3.826 3.464 CX12Q185
3428.388 68.1 0.891 -0.28 "" ""
3428.39 107.00114 0.901 -0.888 3.400 ""
3428.395 106.00112 1.197 -3.974 3.464 CX12Q175
3428.406 28.0 3.696 -3.48 "" ""
3428.408 26.0 2.756 -1.74 "" ""
3428.409 607.01214 2.161 -1.575 7.724 1008Pb0315
3428.425 24.1 4.916 -4.25 "" ""
3428.432 106.00113 1.138 -6.825 3.464 CX12R165
3428.434 23.0 1.798 -7.44 "" ""
3428.458 106.00113 1.216 -5.052 3.464 AX41R235
3428.459 106.00112 1.197 -8.143 3.464 CX12P185
3428.463 70.1 4.31 -0.68 "" ""
3428.465 106.00113 0.595 -6.916 3.464 CX01P125
3428.469 22.0 0.899 -4.17 "" ""
3428.47 64.1 1.25 0.02 "" ""
3428.478 107.00114 1.443 -2.004 3.400 ""
3428.483 25.0 2.951 -7.17 "" ""
3428.49 23.0 0.017 -4.29 "" ""
3428.501 107.00114 1.443 -2.01 3.400 ""
3428.519 106.00113 0.347 -5.729 3.464 CX01R015
3428.521 106.00113 1.216 -7.052 3.464 AX41Q235
3428.528 607.01214 2.121 -4.831 7.724 1008Qc0285
3428.543 106.00113 1.216 -5.048 3.464 AX41R225
3428.549 607.01214 2.121 -1.618 7.724 1008Pa0295
3428.572 23.0 1.711 -2.87 "" ""
3428.576 106.00113 0.669 -9.369 3.464 CX12R015
3428.582 107.00114 0.901 -4.966 3.400 ""
3428.598 107.00114 1.443 -1.8 3.400 ""
3428.601 107.00114 1.203 -1.397 3.400 ""
3428.605 107.00114 1.041 -1.088 3.400 ""
3428.608 106.00113 0.595 -4.516 3.464 CX01Q115
3428.611 107.00114 0.901 -2.617 3.400 ""
3428.613 69.1 2.677 0.55 "" ""
3428.618 106.00113 1.216 -8.815 3.464 AX51P225
3428.628 106.00113 1.086 -7.851 3.464 CX12P165
3428.63 44.0 0.148 -1.92 "" ""
3428.633 26.1 3.964 -2.8 "" ""
3428.639 21.0 1.432 -5.52 "" ""
3428.644 25.1 4.689 -4.78 "" ""
3428.669 607.01314 2.04 -4.901 7.724 1008Qc0255
3428.677 106.00113 0.595 -4.568 3.464 CX01Q125
3428.687 607.01314 2.04 -1.785 7.724 1008Pa0265
3428.703 22.0 0.848 -6.7 "" ""
3428.725 107.00114 1.433 -1.628 3.400 ""
3428.728 607.01314 2.04 -1.808 7.724 1008Pb0255
3428.73 106.00112 0.694 -7.556 3.464 AX52P035
3428.736 23.1 4.98 -2.9 "" ""
3428.749 26.0 3.6 -0.66 "" ""
3428.767 27.0 3.189 -0.53 "" ""
3428.771 27.0 3.252 -0.04 "" ""
3428.777 41.0 1.353 -0.7 "" ""
3428.778 25.0 3.768 -1.73 "" ""
3428.818 106.00112 0.694 -7.568 3.464 AX52P035
3428.82 106.00113 0.595 -8.763 3.464 CX01R115
3428.879 106.00113 0.727 -5.363 3.464 AX52P055
3428.886 25.0 2.951 -5.81 "" ""
3428.888 106.00113 1.086 -4.314 3.464 CX12Q155
3428.893 107.00114 1.467 -1.343 3.400 ""
3428.913 106.00113 1.086 -4.137 3.464 CX12Q165
3428.921 60.1 0.204 -0.73 "" ""
3428.925 24.1 4.473 -1.5 "" ""
3428.938 23.0 1.852 -4.12 "" ""
3428.948 22.0 1.886 -1.02 "" ""
3428.953 106.00113 0.727 -6.457 3.464 AX52Q055
3428.959 107.00114 1.041 -2.527 3.400 ""
3428.987 107.00114 1.467 -2.132 3.400 ""
3428.99 66.1 2.107 0.44 "" ""
3428.999 90.0 0.317 -0.47 "" ""
3429.014 107.00114 1.041 -1.061 3.400 ""
3429.017 106.00112 1.143 -6.825 3.464 CX12R165
3429.043 25.1 6.663 -1.82 "" ""
3429.046 106.00113 1.053 -4.358 3.464 CX23R065
3429.054 41.0 0.739 -0.8 "" ""
3429.059 106.00113 0.727 -5.363 3.464 AX52P055
3429.077 106.00113 1.053 -8.067 3.464 CX23Q075
3429.086 106.00112 1.143 -4.136 3.464 CX12Q165
3429.087 106.00112 1.143 -3.975 3.464 CX12Q175
3429.095 24.0 3.886 -2.99 "" ""
3429.133 106.00113 0.727 -6.468 3.464 AX52Q055
3429.153 25.0 4.636 -0.97 "" ""
3429.155 106.00112 1.143 -7.981 3.464 CX12P175
3429.164 106.00113 0.348 -7.657 3.464 CX01Q025
3429.173 106.00113 1.086 -6.872 3.464 CX12R155
3429.182 106.00113 0.727 -5.271 3.464 AX52P065
3429.184 106.00113 1.053 -4.218 3.464 CX23R075
3429.193 106.00113 0.669 -8.741 3.464 CX12Q025
3429.198 21.0 1.952 0.13 "" ""
3429.21 25.0 4.662 -1.0 "" ""
3429.218 106.00113 0.348 -5.541 3.464 CX01R025
3429.244 106.00113 0.669 -7.292 3.464 CX12R025
3429.27 107.00114 1.453 -2.033 3.400 ""
3429.271 107.00114 1.453 -2.065 3.400 ""
3429.327 107.00114 1.203 -2.333 3.400 ""
3429.329 69.0 2.039 1.14 "" ""
3429.34 106.00113 0.728 -5.271 3.464 AX52P065
3429.343 25.1 6.828 -5.11 "" ""
3429.36 607.01314 2.052 -4.909 7.724 1008Qc0265
3429.374 107.00114 1.453 -1.48 3.400 ""
3429.375 24.0 3.119 -5.67 "" ""
3429.379 607.01314 2.052 -1.761 7.724 1008Pa0275
3429.389 90.1 1.144 -0.78 "" ""
3429.404 107.00114 1.203 -1.363 3.400 ""
3429.42 607.01314 2.052 -1.785 7.724 1008Pb0265
3429.43 106.00112 0.348 -5.729 3.464 CX01R015
3429.443 66.1 1.223 0.15 "" ""
3429.45 106.00112 0.598 -8.763 3.464 CX01R115
3429.456 106.00112 0.778 -4.731 3.464 AX52Q075
3429.457 20.0 3.907 -2.8 "" ""
3429.461 107.00114 1.041 -1.022 3.400 ""
3429.474 21.0 1.942 0.03 "" ""
3429.477 106.00112 0.778 -6.474 3.464 AX52R075
3429.485 106.00113 1.037 -7.744 3.464 CX12P155
3429.507 106.00112 0.598 -4.516 3.464 CX01Q115
3429.553 44.0 1.316 -0.66 "" ""
3429.56 25.0 4.229 -2.38 "" ""
3429.563 106.00112 0.598 -4.567 3.464 CX01Q125
3429.577 106.00112 0.671 -9.368 3.464 CX12R015
3429.587 74.0 2.42 0.42 "" ""
3429.599 25.0 4.791 -2.8 "" ""
3429.604 107.00114 1.041 -4.615 3.400 ""
3429.62 106.00112 0.598 -6.916 3.464 CX01P125
3429.627 607.01214 2.134 -4.838 7.724 1008Qc0295
3429.628 106.00112 0.778 -6.416 3.464 AX52P085
3429.649 106.00112 0.778 -4.666 3.464 AX52Q085
3429.649 607.01214 2.134 -1.597 7.724 1008Pa0305
3429.66 107.00114 1.041 -2.486 3.400 ""
3429.665 22.0 1.886 -4.08 "" ""
3429.668 22.0 1.872 -2.35 "" ""
3429.699 27.0 3.277 -3.53 "" ""
3429.703 107.00114 0.22 -3.375 3.400 ""
3429.714 106.00113 1.037 -4.511 3.464 CX12Q145
3429.721 28.0 3.652 -1.69 "" ""
3429.744 25.0 4.636 -1.44 "" ""
3429.747 106.00113 1.037 -4.314 3.464 CX12Q155
3429.75 62.1 0.104 -1.71 LAWLER ""
3429.763 106.00112 0.778 -4.73 3.464 AX52Q075
3429.784 106.00112 0.778 -6.484 3.464 AX52R075
3429.799 106.00112 1.091 -6.872 3.464 CX12R155
3429.802 26.0 2.607 -3.36 "" ""
3429.818 23.1 6.551 -3.98 "" ""
3429.864 106.00112 1.091 -4.314 3.464 CX12Q155
3429.875 106.00112 1.091 -4.136 3.464 CX12Q165
3429.88 68.1 1.368 -0.47 "" ""
3429.899 24.1 4.494 -2.74 "" ""
3429.9 106.00113 0.914 -5.655 3.464 AX30P235
3429.905 106.00112 0.778 -6.407 3.464 AX52P085
3429.905 90.1 0.556 -1.29 "" ""
3429.911 23.1 6.537 -0.47 "" ""
3429.925 106.00112 0.778 -4.666 3.464 AX52Q085
3429.935 106.00113 0.914 -8.08 3.464 AX30Q225
3429.939 106.00112 1.091 -7.851 3.464 CX12P165
3429.963 107.00114 1.484 -1.209 3.400 ""
3429.963 23.0 1.349 -2.75 "" ""
3429.97 69.1 1.086 -0.16 LAWLER ""
3429.971 106.00112 1.424 -6.509 3.464 CX34R105
3429.977 106.00113 1.037 -6.923 3.464 CX12R145
3430.012 107.00114 1.139 -3.621 3.400 ""
3430.033 24.0 3.11 -5.22 "" ""
3430.049 107.00114 1.484 -2.187 3.400 ""
3430.056 106.00113 0.914 -5.748 3.464 AX30P225
3430.065 107.00114 1.467 -2.086 3.400 ""
3430.066 607.01314 2.063 -4.917 7.724 1008Qc0275
3430.068 106.00112 1.056 -4.358 3.464 CX23R065
3430.071 106.00113 0.556 -6.877 3.464 CX01P115
3430.083 107.00114 1.467 -2.127 3.400 ""
3430.085 607.01314 2.063 -1.738 7.724 1008Pa0285
3430.092 23.1 2.219 -3.93 "" ""
3430.106 106.00112 0.349 -5.541 3.464 CX01R025
3430.109 107.00114 1.139 -2.933 3.400 ""
3430.111 22.0 2.316 -5.44 "" ""
3430.123 106.00112 0.349 -7.657 3.464 CX01Q025
3430.125 607.01314 2.063 -1.762 7.724 1008Pb0275
3430.142 26.1 3.941 -3.38 "" ""
3430.145 107.00114 0.859 -3.192 3.400 ""
3430.163 23.0 1.858 -4.04 "" ""
3430.174 92.0 0.479 -0.52 "" ""
3430.176 107.00114 1.467 -1.291 3.400 ""
3430.179 106.00113 0.556 -4.484 3.464 CX01Q105
3430.184 23.1 4.956 -3.29 "" ""
3430.192 106.00112 1.056 -4.218 3.464 CX23R075
3430.222 42.0 2.497 -1.55 "" ""
3430.226 106.00112 0.672 -7.292 3.464 CX12R025
3430.23 106.00112 1.056 -8.067 3.464 CX23Q075
3430.239 64.1 1.317 -0.22 "" ""
3430.24 106.00112 0.672 -8.741 3.464 CX12Q025
3430.263 106.00113 0.556 -4.516 3.464 CX01Q115
3430.277 107.00114 0.814 -0.829 3.400 ""
3430.286 27.1 5.118 -5.37 "" ""
3430.295 40.0 0.154 -1.33 "" ""
3430.315 58.1 0.875 -0.62 BIEMONT ""
3430.371 106.00113 0.556 -9.581 3.464 CX01R105
3430.379 106.00113 0.991 -7.656 3.464 CX12P145
3430.39 107.00114 0.814 -0.811 3.400 ""
3430.39 107.00114 0.814 -2.744 3.400 ""
3430.398 106.00113 0.804 -4.667 3.464 AX52Q085
3430.411 107.00114 0.22 -4.733 3.400 ""
3430.422 25.0 3.769 -1.77 "" ""
3430.424 106.00113 0.804 -6.523 3.464 AX52R085
3430.424 24.1 4.294 -2.38 "" ""
3430.432 107.00114 1.203 -1.291 3.400 ""
3430.445 107.00114 0.814 -0.788 3.400 ""
3430.468 107.00114 0.22 -3.283 3.400 ""
3430.486 107.00114 1.203 -3.974 3.400 ""
3430.527 40.1 0.466 -0.16 Ljung06 ""
3430.534 22.0 1.066 -1.43 "" ""
3430.538 26.0 3.6 -2.35 "" ""
3430.548 106.00113 0.804 -6.445 3.464 AX52P095
3430.564 107.00114 1.203 -2.269 3.400 ""
3430.574 106.00113 0.804 -4.607 3.464 AX52Q095
3430.577 106.00113 0.991 -4.732 3.464 CX12Q135
3430.608 26.0 3.069 -4.06 "" ""
3430.616 106.00113 0.661 -7.895 3.464 CX12R005
3430.617 23.1 2.219 -6.68 "" ""
3430.62 106.00113 0.991 -4.511 3.464 CX12Q145
3430.641 106.00112 1.042 -6.923 3.464 CX12R145
3430.671 24.0 4.183 -1.86 "" ""
3430.682 24.0 3.887 -2.63 "" ""
3430.688 26.0 3.544 -5.4 "" ""
3430.7 107.00114 0.814 -2.72 3.400 ""
3430.7 107.00114 0.814 -5.241 3.400 ""
3430.702 106.00112 1.042 -4.511 3.464 CX12Q145
3430.724 106.00112 1.042 -4.314 3.464 CX12Q155
3430.725 106.00112 0.911 -4.824 3.464 AX52R115
3430.736 24.0 2.965 -4.92 "" ""
3430.765 44.0 0.336 -1.19 "" ""
3430.773 106.00113 0.804 -4.667 3.464 AX52Q085
3430.776 24.0 3.886 -4.43 "" ""
3430.784 106.00112 1.042 -7.744 3.464 CX12P155
3430.785 607.01314 2.075 -4.924 7.724 1008Qc0285
3430.799 106.00113 0.804 -6.535 3.464 AX52R085
3430.804 23.0 2.676 -4.01 "" ""
3430.805 607.01314 2.075 -1.716 7.724 1008Pa0295
3430.815 27.0 3.252 -1.38 "" ""
3430.815 27.1 5.085 -1.69 "" ""
3430.818 106.00112 0.911 -4.795 3.464 AX52R125
3430.818 106.00113 0.991 -6.979 3.464 CX12R135
3430.834 106.00112 0.911 -6.541 3.464 AX52Q125
3430.844 607.01314 2.075 -1.739 7.724 1008Pb0285
3430.858 607.01214 2.147 -4.844 7.724 1008Qc0305
3430.868 106.00113 0.339 -6.125 3.464 CX01R005
3430.872 26.0 3.544 -6.45 "" ""
3430.873 22.0 1.429 -1.95 LAWLER ""
3430.878 26.0 3.265 -5.23 "" ""
3430.88 607.01214 2.147 -1.575 7.724 1008Pa0315
3430.89 106.00113 0.804 -6.435 3.464 AX52P095
3430.909 26.0 3.544 -5.92 "" ""
3430.91 27.0 1.784 -2.41 "" ""
3430.916 106.00113 0.804 -4.607 3.464 AX52Q095
3430.942 25.1 6.64 -5.36 "" ""
3430.95 107.00114 1.483 -2.145 3.400 ""
3430.979 64.1 1.126 -0.27 "" ""
3430.98 107.00114 1.484 -2.185 3.400 ""
3431.031 107.00114 0.561 -3.304 3.400 ""
3431.036 106.00112 0.559 -9.581 3.464 CX01R105
3431.061 68.0 1.158 0.58 "" ""
3431.067 107.00114 1.484 -1.162 3.400 ""
3431.069 22.0 1.501 -2.53 "" ""
3431.069 23.0 2.357 -2.89 "" ""
3431.089 106.00112 0.559 -4.483 3.464 CX01Q105
3431.096 26.0 3.544 -4.53 "" ""
3431.125 22.0 2.248 -5.71 "" ""
3431.133 92.0 0.53 0.0 "" ""
3431.146 26.1 7.113 -3.31 "" ""
3431.162 106.00112 0.559 -4.516 3.464 CX01Q115
3431.188 25.1 6.663 -3.06 "" ""
3431.189 69.1 1.11 -0.12 "" ""
3431.194 24.0 3.963 -2.67 "" ""
3431.212 24.0 3.885 -3.4 "" ""
3431.215 106.00112 0.559 -6.876 3.464 CX01P115
3431.251 28.0 3.536 -3.4 "" ""
3431.279 24.0 2.542 -1.61 "" ""
3431.289 106.00113 0.948 -7.581 3.464 CX12P135
3431.312 22.0 2.394 -3.66 "" ""
3431.318 28.0 1.675 -6.35 "" ""
3431.352 21.0 1.968 0.32 "" ""
3431.362 106.00112 0.912 -4.824 3.464 AX52R115
3431.375 24.1 6.479 -3.8 "" ""
3431.412 106.00112 0.912 -4.795 3.464 AX52R125
3431.428 106.00112 0.912 -6.521 3.464 AX52Q125
3431.428 26.0 2.586 -7.5 "" ""
3431.431 107.00114 1.443 -2.579 3.400 ""
3431.455 106.00113 0.948 -4.987 3.464 CX12Q125
3431.46 107.00114 0.859 -4.226 3.400 ""
3431.466 24.1 2.541 -5.22 "" ""
3431.493 58.1 0.608 -0.79 "" ""
3431.5 23.0 1.847 -4.94 "" ""
3431.502 107.00114 1.453 -1.243 3.400 ""
3431.508 106.00113 0.976 -6.582 3.464 CX23R025
3431.509 107.00114 1.443 -1.409 3.400 ""
3431.51 106.00113 0.948 -4.732 3.464 CX12Q135
3431.511 107.00114 0.859 -3.068 3.400 ""
3431.518 607.01314 2.088 -4.931 7.724 1008Qc0295
3431.519 106.00112 0.995 -6.979 3.464 CX12R135
3431.539 607.01314 2.088 -1.693 7.724 1008Pa0305
3431.556 27.0059 0.101 -3.485 Lawle15HFS ""
3431.558 92.1 0.717 -0.7 "" ""
3431.56 26.1 7.113 -3.44 "" ""
3431.563 27.0059 0.101 -3.074 Lawle15HFS ""
3431.568 106.00113 0.52 -6.838 3.464 CX01P105
3431.568 27.0059 0.101 -2.37 Lawle15HFS ""
3431.569 27.0059 0.101 -2.852 Lawle15HFS ""
3431.571 26.0 3.109 -3.37 "" ""
3431.571 40.1 0.959 -0.95 Ljung06 ""
3431.572 27.0059 0.101 -2.174 Lawle15HFS ""
3431.574 27.0059 0.101 -2.727 Lawle15HFS ""
3431.575 106.00112 0.995 -4.732 3.464 CX12Q135
3431.577 27.0059 0.101 -2.12 Lawle15HFS ""
3431.577 607.01314 2.088 -1.716 7.724 1008Pb0295
3431.579 27.0059 0.101 -2.676 Lawle15HFS ""
3431.58 27.0059 0.101 -2.142 Lawle15HFS ""
3431.581 27.0059 0.101 -1.53 Lawle15HFS ""
3431.582 27.0059 0.101 -2.233 Lawle15HFS ""
3431.582 27.0059 0.101 -2.706 Lawle15HFS ""
3431.584 24.0 2.542 -2.24 "" ""
3431.584 27.0059 0.101 -1.671 Lawle15HFS ""
3431.584 27.0059 0.101 -2.421 Lawle15HFS ""
3431.586 27.0059 0.101 -1.835 Lawle15HFS ""
3431.587 27.0059 0.101 -2.033 Lawle15HFS ""
3431.588 27.0059 0.101 -2.288 Lawle15HFS ""
3431.588 27.0059 0.101 -2.676 Lawle15HFS ""
3431.606 107.00114 1.443 -1.871 3.400 ""
3431.607 107.00114 1.453 -1.966 3.400 ""
3431.609 106.00112 0.995 -4.511 3.464 CX12Q145
3431.624 28.0 1.675 -3.17 "" ""
3431.637 106.00112 0.663 -7.895 3.464 CX12R005
3431.64 106.00113 0.52 -4.467 3.464 CX01Q095
3431.665 26.0 2.756 -3.59 "" ""
3431.666 106.00112 0.995 -7.655 3.464 CX12P145
3431.67 106.00113 0.948 -4.802 3.464 AX52R125
3431.676 106.00113 0.948 -7.041 3.464 CX12R125
3431.68 106.00113 1.031 -4.513 3.464 CX23R055
3431.689 24.0 2.542 -1.7 "" ""
3431.696 23.1 6.517 -0.91 "" ""
3431.72 107.00114 0.963 -0.909 3.400 ""
3431.741 106.00113 0.52 -4.484 3.464 CX01Q105
3431.756 76.1 2.138 -2.75 Quinet06 ""
3431.762 106.00113 0.948 -4.777 3.464 AX52R135
3431.765 106.00113 1.031 -8.036 3.464 CX23Q065
3431.768 106.00113 0.948 -6.562 3.464 AX52Q135
3431.772 22.1 4.861 -1.75 "" ""
3431.788 66.1 1.686 0.41 "" ""
3431.802 106.00112 0.34 -6.124 3.464 CX01R005
3431.81 107.00114 1.467 -1.127 3.400 ""
3431.81 90.1 2.497 0.62 "" ""
3431.812 106.00113 0.52 -9.979 3.464 CX01R095
3431.812 26.0 2.829 -1.17 "" ""
3431.845 26.0 3.298 -1.44 "" ""
3431.858 106.00113 1.031 -4.357 3.464 CX23R065
3431.863 107.00114 0.561 -4.559 3.400 ""
3431.874 27.0 2.326 -2.67 "" ""
3431.878 25.1 6.666 -2.77 "" ""
3431.897 62.0 0.185 -1.03 "" ""
3431.908 107.00114 0.561 -3.202 3.400 ""
3431.92 107.00114 0.963 -2.668 3.400 ""
3431.921 107.00114 1.467 -2.049 3.400 ""
3431.938 107.00114 0.963 -0.888 3.400 ""
3431.954 107.00114 1.436 -1.697 3.400 ""
3431.994 24.0 2.542 -1.64 "" ""
3432.003 28.0 3.655 -2.47 "" ""
3432.008 23.0 1.929 -3.39 "" ""
3432.013 26.0 2.856 -2.38 "" ""
3432.042 107.00114 1.436 -1.765 3.400 ""
3432.104 107.00114 0.963 -0.861 3.400 ""
3432.146 24.1 2.542 -3.59 "" ""
3432.186 23.0 2.053 -2.4 "" ""
3432.196 106.00113 0.907 -7.518 3.464 CX12P125
3432.206 22.0 1.878 -4.87 "" ""
3432.206 25.1 6.523 -3.4 "" ""
3432.207 44.0 1.124 -1.19 "" ""
3432.224 42.1 4.163 -1.0 "" ""
3432.226 27.0 3.277 -3.18 "" ""
3432.265 607.01314 2.1 -4.936 7.724 1008Qc0305
3432.273 107.00114 0.963 -5.03 3.400 ""
3432.284 23.0 2.121 -3.91 "" ""
3432.285 24.0 3.886 -3.39 "" ""
3432.286 22.0 1.979 -6.59 "" ""
3432.286 607.01314 2.1 -1.671 7.724 1008Pa0315
3432.292 107.00114 0.963 -2.639 3.400 ""
3432.305 25.0 3.761 -2.64 "" ""
3432.315 24.0 2.543 -1.52 "" ""
3432.319 27.0 2.079 -1.4 LAWNHFS ""
3432.323 24.1 2.542 -2.65 "" ""
3432.324 607.01314 2.1 -1.694 7.724 1008Pb0305
3432.33 106.00113 0.907 -5.29 3.464 CX12Q115
3432.33 20.0 4.128 -3.91 "" ""
3432.354 25.1 4.797 -4.64 "" ""
3432.36 22.0 2.238 -3.97 "" ""
3432.37 107.00114 1.483 -1.038 3.400 ""
3432.398 106.00113 0.907 -4.987 3.464 CX12Q125
3432.4 106.00113 0.949 -4.802 3.464 AX52R125
3432.404 40.1 0.931 -0.72 Ljung06 ""
3432.41 106.00112 0.952 -7.041 3.464 CX12R125
3432.415 41.0 1.042 -1.01 "" ""
3432.432 22.0 1.872 -3.57 "" ""
3432.442 23.0 1.802 -5.72 "" ""
3432.445 106.00113 0.949 -4.777 3.464 AX52R135
3432.45 106.00113 0.949 -6.54 3.464 AX52Q135
3432.451 106.00113 0.708 -7.428 3.464 AX52P045
3432.463 106.00112 0.952 -4.987 3.464 CX12Q125
3432.466 25.0 4.265 -3.23 "" ""
3432.487 107.00114 1.484 -2.122 3.400 ""
3432.493 20.0 5.295 -3.4 "" ""
3432.509 106.00112 0.952 -4.732 3.464 CX12Q135
3432.511 106.00112 0.522 -9.979 3.464 CX01R095
3432.518 63.0 0.0 -2.32 "" ""
3432.531 106.00113 0.907 -7.109 3.464 CX12R115
3432.534 21.0 1.427 -5.96 "" ""
3432.56 106.00112 0.522 -4.467 3.464 CX01Q095
3432.562 106.00112 0.952 -7.581 3.464 CX12P135
3432.58 66.1 0.54 -1.13 LAWLER ""
3432.581 106.00113 0.708 -7.443 3.464 AX52P045
3432.588 106.00112 0.979 -6.581 3.464 CX23R025
3432.609 25.0 4.243 -3.08 "" ""
3432.614 106.00112 1.23 -8.005 3.464 AX30R265
3432.62 24.1 4.741 -3.07 "" ""
3432.652 106.00112 0.522 -4.483 3.464 CX01Q105
3432.655 106.00112 1.23 -4.952 3.464 AX30Q275
3432.672 106.00113 0.663 -8.218 3.464 CX12Q015
3432.684 27.0 3.295 -3.28 "" ""
3432.695 20.0 5.296 -2.83 "" ""
3432.697 107.00114 1.088 -1.047 3.400 ""
3432.7 106.00112 0.522 -6.838 3.464 CX01P105
3432.703 41.1 2.009 0.12 "" ""
3432.705 106.00112 1.23 -5.038 3.464 AX30Q265
3432.708 106.00113 0.663 -9.358 3.464 CX12R015
3432.718 106.00112 1.034 -4.513 3.464 CX23R055
3432.732 107.00114 1.231 -1.318 3.400 ""
3432.732 23.0 1.798 -5.67 "" ""
3432.733 23.1 5.784 -4.43 "" ""
3432.747 106.00112 1.23 -7.682 3.464 AX30P275
3432.758 44.0 1.13 -0.62 "" ""
3432.767 21.0 4.183 -2.5 "" ""
3432.773 106.00112 1.395 -6.517 3.464 CX34R095
3432.829 27.0 2.698 -1.85 "" ""
3432.859 66.1 1.412 -0.18 "" ""
3432.869 42.0 2.075 -1.1 "" ""
3432.882 106.00112 1.035 -4.357 3.464 CX23R065
3432.883 22.0 1.979 -5.62 "" ""
3432.902 26.0 3.394 -4.47 "" ""
3432.915 106.00112 1.035 -8.036 3.464 CX23Q065
3432.919 23.0 2.136 -1.95 "" ""
3432.931 106.00113 0.341 -7.141 3.464 CX01Q015
3432.944 23.0 1.866 -3.3 "" ""
3432.952 106.00113 0.487 -6.799 3.464 CX01P095
3432.969 106.00113 0.341 -5.725 3.464 CX01R015
3432.978 607.01214 2.268 -1.4 7.724 1109Ra0225
3432.979 607.01214 2.278 -1.377 7.724 1109Ra0235
3432.983 106.00113 0.487 -4.465 3.464 CX01Q085
3432.994 607.01214 2.268 -1.424 7.724 1109Rb0215
3432.994 607.01214 2.278 -1.4 7.724 1109Rb0225
3432.995 607.01214 2.259 -1.424 7.724 1109Ra0215
3432.997 64.1 0.354 -0.38 "" ""
3433.001 607.01214 2.288 -1.354 7.724 1109Ra0245
3433.009 607.01214 2.268 -4.447 7.724 1109Qd0225
3433.009 607.01214 2.278 -4.461 7.724 1109Qd0235
3433.01 25.0 4.682 -4.25 "" ""
3433.013 607.01214 2.259 -1.448 7.724 1109Rb0205
3433.013 607.01214 2.288 -1.377 7.724 1109Rb0235
3433.015 27.0059 0.629 -1.197 Lawle15HFS ""
3433.021 27.0059 0.629 -0.786 Lawle15HFS ""
3433.024 106.00113 1.013 -7.335 3.464 AX41R195
3433.026 607.01314 2.114 -4.941 7.724 1008Qc0315
3433.027 607.01214 2.259 -4.433 7.724 1109Qd0215
3433.029 607.01214 2.288 -4.474 7.724 1109Qd0245
3433.032 60.1 0.742 -0.43 "" ""
3433.032 607.01214 2.25 -1.448 7.724 1109Ra0205
3433.033 27.0059 0.629 -1.083 Lawle15HFS ""
3433.038 27.0059 0.629 -1.402 Lawle15HFS ""
3433.042 607.01214 2.299 -1.332 7.724 1109Ra0255
3433.044 27.0059 0.629 -1.197 Lawle15HFS ""
3433.048 107.00114 1.088 -2.554 3.400 ""
3433.048 27.0059 0.629 -1.208 Lawle15HFS ""
3433.048 607.01314 2.114 -1.649 7.724 1008Pa0325
3433.051 607.01214 2.25 -1.473 7.724 1109Rb0195
3433.052 27.0059 0.629 -7.18 Lawle15HFS ""
3433.052 607.01214 2.299 -1.354 7.724 1109Rb0245
3433.057 27.0059 0.629 -1.083 Lawle15HFS ""
3433.063 27.0059 0.629 -1.384 Lawle15HFS ""
3433.065 607.01214 2.25 -4.417 7.724 1109Qd0205
3433.066 27.0059 0.629 -1.208 Lawle15HFS ""
3433.068 607.01214 2.299 -4.487 7.724 1109Qd0255
3433.071 106.00113 1.013 -4.677 3.464 AX41Q195
3433.077 106.00113 1.013 -4.618 3.464 AX41Q205
3433.079 107.00114 1.088 -1.021 3.400 ""
3433.08 58.1 1.273 0.31 "" ""
3433.085 106.00113 0.87 -7.465 3.464 CX12P115
3433.085 607.01314 2.114 -1.671 7.724 1008Pb0315
3433.087 607.01214 2.241 -1.473 7.724 1109Ra0195
3433.088 24.0 4.156 -2.66 "" ""
3433.095 41.0 1.156 -0.64 "" ""
3433.103 607.01214 2.31 -1.311 7.724 1109Ra0265
3433.106 106.00113 0.487 -4.467 3.464 CX01Q095
3433.108 607.01214 2.241 -1.499 7.724 1109Rb0185
3433.11 607.01214 2.31 -1.332 7.724 1109Rb0255
3433.121 25.0 4.27 -1.14 "" ""
3433.121 607.01214 2.241 -4.399 7.724 1109Qd0195
3433.124 106.00113 1.013 -7.082 3.464 AX41P205
3433.128 607.01214 2.31 -4.498 7.724 1109Qd0265
3433.128 68.1 0.0 -1.28 LAWLER ""
3433.138 106.00113 0.487 -8.838 3.464 CX01R085
3433.16 607.01214 2.233 -1.499 7.724 1109Ra0185
3433.183 607.01214 2.233 -1.527 7.724 1109Rb0175
3433.185 106.00113 0.87 -5.672 3.464 CX12Q105
3433.185 607.01214 2.321 -1.29 7.724 1109Ra0275
3433.189 607.01214 2.321 -1.311 7.724 1109Rb0265
3433.195 607.01214 2.233 -4.381 7.724 1109Qd0185
3433.207 607.01214 2.321 -4.508 7.724 1109Qd0275
3433.223 27.1 5.171 -5.34 "" ""
3433.253 607.01214 2.225 -1.527 7.724 1109Ra0175
3433.259 44.0 1.316 -0.66 "" ""
3433.267 106.00113 0.87 -5.29 3.464 CX12Q115
3433.275 607.01214 2.225 -1.555 7.724 1109Rb0165
3433.28 65.1 0.638 0.23 LAWNOHFS ""
3433.287 607.01214 2.225 -4.361 7.724 1109Qd0175
3433.288 607.01214 2.333 -1.269 7.724 1109Ra0285
3433.288 607.01214 2.333 -1.29 7.724 1109Rb0275
3433.297 106.00112 0.911 -7.109 3.464 CX12R115
3433.307 607.01214 2.333 -4.518 7.724 1109Qd0285
3433.309 24.1 2.434 -0.68 Lawler17 ""
3433.344 25.0 4.675 -2.67 "" ""
3433.346 106.00112 0.911 -5.29 3.464 CX12Q115
3433.358 25.1 4.685 -5.27 "" ""
3433.362 107.00114 1.231 -2.372 3.400 ""
3433.363 607.01214 2.218 -1.555 7.724 1109Ra0165
3433.368 106.00113 0.87 -7.185 3.464 CX12R105
3433.368 24.1 4.741 -3.45 "" ""
3433.375 42.0 2.521 -1.32 "" ""
3433.386 607.01214 2.218 -1.584 7.724 1109Rb0155
3433.397 607.01214 2.218 -4.34 7.724 1109Qd0165
3433.407 106.00112 0.911 -4.987 3.464 CX12Q125
3433.407 23.0 2.096 -2.33 "" ""
3433.408 607.01214 2.346 -1.269 7.724 1109Rb0285
3433.41 107.00114 1.088 -0.985 3.400 ""
3433.412 607.01214 2.346 -1.249 7.724 1109Ra0295
3433.427 607.01214 2.346 -4.528 7.724 1109Qd0295
3433.429 8.0 9.514 -3.74 "" ""
3433.429 8.0 9.514 -3.96 "" ""
3433.429 8.0 9.514 -4.44 "" ""
3433.432 46.0 1.452 0.24 "" ""
3433.433 107.00114 1.231 -1.286 3.400 ""
3433.456 106.00112 0.911 -7.518 3.464 CX12P125
3433.474 25.0 4.329 -4.01 "" ""
3433.481 24.0 3.142 -3.23 "" ""
3433.49 23.0 1.847 -5.14 "" ""
3433.491 607.01214 2.211 -1.584 7.724 1109Ra0155
3433.492 106.00112 0.729 -5.362 3.464 AX52P055
3433.51 23.0 0.3 -6.18 "" ""
3433.515 607.01214 2.211 -1.615 7.724 1109Rb0145
3433.517 25.1 5.344 -4.61 "" ""
3433.524 607.01214 2.211 -4.317 7.724 1109Qd0155
3433.533 24.0 2.98 -6.33 "" ""
3433.536 107.00114 1.088 -4.705 3.400 ""
3433.536 25.0 3.768 -1.78 "" ""
3433.548 607.01214 2.358 -1.249 7.724 1109Rb0295
3433.551 106.00112 0.729 -6.456 3.464 AX52Q055
3433.556 28.0 0.025 -0.67 LAWLER ""
3433.557 24.1 4.473 -3.74 "" ""
3433.562 25.0 3.761 -1.11 "" ""
3433.567 107.00114 1.088 -2.516 3.400 ""
3433.568 23.0 2.357 -0.1 "" ""
3433.568 26.0 2.756 -1.42 "" ""
3433.569 607.01214 2.358 -4.536 7.724 1109Qd0305
3433.596 24.0 2.542 0.31 "" ""
3433.598 25.0 3.768 -1.76 "" ""
3433.62 107.00114 0.892 -0.806 3.400 ""
3433.622 25.1 6.64 -6.87 "" ""
3433.627 26.0 2.947 -4.59 "" ""
3433.632 24.1 4.94 -4.17 "" ""
3433.638 607.01214 2.205 -1.615 7.724 1109Ra0145
3433.662 607.01214 2.205 -1.648 7.724 1109Rb0135
3433.669 607.01214 2.205 -4.292 7.724 1109Qd0145
3433.675 106.00112 0.73 -5.362 3.464 AX52P055
3433.68 62.1 0.277 -1.34 LAWLER ""
3433.708 107.00114 0.892 -2.76 3.400 ""
3433.711 106.00112 0.665 -9.357 3.464 CX12R015
3433.714 107.00114 0.892 -0.788 3.400 ""
3433.721 106.00112 0.665 -8.218 3.464 CX12Q015
3433.734 106.00112 0.73 -6.467 3.464 AX52Q055
3433.743 107.00114 0.892 -0.766 3.400 ""
3433.752 22.0 1.872 -4.04 "" ""
3433.753 23.1 2.554 -1.02 "" ""
3433.762 27.0 3.168 -3.12 "" ""
3433.783 106.00112 0.73 -5.269 3.464 AX52P065
3433.795 25.0 4.255 -1.94 "" ""
3433.802 607.01214 2.199 -1.648 7.724 1109Ra0135
3433.802 607.01314 2.127 -4.946 7.724 1008Qc0325
3433.818 21.1 3.818 -2.04 "" ""
3433.823 607.01214 2.199 -1.682 7.724 1109Rb0125
3433.825 607.01314 2.127 -1.627 7.724 1008Pa0335
3433.832 607.01214 2.199 -4.265 7.724 1109Qd0135
3433.833 26.0 2.607 -9.51 "" ""
3433.861 607.01314 2.127 -1.649 7.724 1008Pb0325
3433.869 106.00112 0.489 -8.838 3.464 CX01R085
3433.875 24.0 3.887 -2.58 "" ""
3433.882 106.00112 0.342 -5.724 3.464 CX01R015
3433.894 106.00112 0.342 -7.141 3.464 CX01Q015
3433.899 23.0 2.357 -0.97 "" ""
3433.902 92.0 0.947 0.41 "" ""
3433.905 25.0 4.243 -1.95 "" ""
3433.91 40.1 0.999 -0.89 Ljung06 ""
3433.913 106.00112 0.489 -4.465 3.464 CX01Q085
3433.942 106.00113 0.835 -7.419 3.464 CX12P105
3433.943 106.00112 0.73 -5.27 3.464 AX52P065
3433.954 29.0065 3.783 -3.915 KURHFS ""
3433.954 29.0065 3.783 -4.614 KURHFS ""
3433.955 29.0063 3.783 -3.915 KURHFS ""
3433.955 29.0063 3.783 -4.614 KURHFS ""
3433.959 29.0063 3.783 -3.915 KURHFS ""
3433.959 29.0063 3.783 -3.915 KURHFS ""
3433.959 29.0065 3.783 -3.915 KURHFS ""
3433.959 29.0065 3.783 -3.915 KURHFS ""
3433.967 28.1 3.666 -2.4 "" ""
3433.977 107.00114 0.892 -5.29 3.400 ""
3433.983 107.00114 0.892 -2.736 3.400 ""
3433.983 607.01214 2.193 -1.682 7.724 1109Ra0125
3433.999 90.1 0.231 -0.54 Nils02/8 ""
3434.003 607.01214 2.193 -1.719 7.724 1109Rb0115
3434.007 106.00113 0.835 -6.212 3.464 CX12Q095
3434.011 607.01214 2.193 -4.235 7.724 1109Qd0125
3434.02 23.1 2.489 -2.09 "" ""
3434.027 106.00112 0.489 -4.467 3.464 CX01Q095
3434.03 26.0 2.756 -3.9 "" ""
3434.048 42.0 1.419 -1.75 "" ""
3434.049 24.0 3.165 -2.81 "" ""
3434.071 106.00112 0.489 -6.799 3.464 CX01P095
3434.091 27.0 2.868 -4.7 "" ""
3434.095 24.1 4.494 -1.24 "" ""
3434.106 106.00113 0.835 -5.672 3.464 CX12Q105
3434.109 24.0 2.543 -0.75 "" ""
3434.11 24.1 6.482 -2.9 "" ""
3434.12 107.00114 1.443 -2.198 3.400 ""
3434.143 92.1 0.217 -0.94 "" ""
3434.164 106.00112 0.873 -7.184 3.464 CX12R105
3434.171 106.00113 0.835 -7.27 3.464 CX12R095
3434.18 607.01214 2.188 -1.719 7.724 1109Ra0115
3434.2 607.01214 2.188 -1.758 7.724 1109Rb0105
3434.205 106.00113 0.458 -4.477 3.464 CX01Q075
3434.206 23.1 6.542 -3.27 "" ""
3434.208 607.01214 2.188 -4.203 7.724 1109Qd0115
3434.209 106.00112 0.873 -5.672 3.464 CX12Q105
3434.214 106.00112 0.707 -9.048 3.464 AX30P195
3434.215 106.00113 0.458 -6.758 3.464 CX01P085
3434.241 107.00114 1.443 -2.598 3.400 ""
3434.285 106.00112 0.873 -5.29 3.464 CX12Q115
3434.289 107.00114 1.231 -1.224 3.400 ""
3434.305 26.1 4.728 -3.53 "" ""
3434.317 24.0 2.706 -3.04 "" ""
3434.322 26.0 3.639 -4.72 "" ""
3434.33 106.00112 0.873 -7.464 3.464 CX12P115
3434.341 106.00113 0.458 -8.338 3.464 CX01R075
3434.352 106.00113 0.458 -4.465 3.464 CX01Q085
3434.354 107.00114 1.231 -4.126 3.400 ""
3434.37 66.1 0.0 -0.45 LAWLER ""
3434.395 106.00113 1.012 -4.691 3.464 CX23R045
3434.395 607.01214 2.183 -1.758 7.724 1109Ra0105
3434.414 607.01214 2.183 -1.801 7.724 1109Rb0095
3434.415 23.0 1.349 -4.45 "" ""
3434.421 607.01214 2.183 -4.168 7.724 1109Qd0105
3434.426 107.00114 1.231 -2.315 3.400 ""
3434.441 107.00114 1.157 -3.087 3.400 ""
3434.451 23.1 2.555 -2.39 "" ""
3434.464 25.0 3.769 -3.92 "" ""
3434.499 42.0 2.289 -1.13 "" ""
3434.504 73.0 1.202 -1.04 "" ""
3434.509 45.1 3.399 -2.0 "" ""
3434.545 106.00113 1.013 -7.98 3.464 CX23Q055
3434.557 26.0 2.829 -7.75 "" ""
3434.563 23.0 1.349 -4.16 "" ""
3434.577 106.00113 1.015 -4.619 3.464 AX41Q205
3434.584 106.00113 1.015 -7.358 3.464 AX41R195
3434.592 25.0 4.662 -2.24 "" ""
3434.592 607.01314 2.141 -4.95 7.724 1008Qc0335
3434.597 106.00113 1.138 -7.699 3.464 AX52R175
3434.598 28.0 3.652 -2.65 "" ""
3434.605 92.0 0.0 -0.62 "" ""
3434.607 70.1 2.845 -0.95 "" ""
3434.616 607.01314 2.141 -1.606 7.724 1008Pa0345
3434.625 106.00113 1.013 -4.512 3.464 CX23R055
3434.627 607.01214 2.179 -1.801 7.724 1109Ra0095
3434.628 106.00113 1.015 -7.061 3.464 AX41P205
3434.634 68.1 1.35 -0.09 "" ""
3434.635 106.00113 1.015 -4.677 3.464 AX41Q195
3434.645 607.01214 2.179 -1.847 7.724 1109Rb0085
3434.651 607.01214 2.179 -4.128 7.724 1109Qd0095
3434.652 607.01314 2.141 -1.628 7.724 1008Pb0335
3434.676 22.0 2.101 -2.54 "" ""
3434.679 26.0 2.829 -3.44 "" ""
3434.727 90.0 1.29 0.3 "" ""
3434.755 106.00113 0.803 -7.38 3.464 CX12P095
3434.764 25.1 7.047 -5.17 "" ""
3434.783 106.00113 0.804 -7.273 3.464 CX12Q085
3434.787 42.0 1.469 -0.67 "" ""
3434.813 27.0 3.277 -1.69 "" ""
3434.824 25.0 4.255 -2.61 "" ""
3434.834 28.0 1.984 -2.5 "" ""
3434.835 21.0 1.438 -4.58 "" ""
3434.866 24.1 5.489 -6.95 "" ""
3434.875 607.01214 2.175 -1.847 7.724 1109Ra0085
3434.885 45.0 0.0 0.45 "" ""
3434.892 607.01214 2.175 -1.898 7.724 1109Rb0075
3434.895 106.00112 1.091 -7.639 3.464 AX52R165
3434.897 607.01214 2.175 -4.084 7.724 1109Qd0085
3434.901 69.1 2.949 0.07 "" ""
3434.902 106.00113 0.803 -6.212 3.464 CX12Q095
3434.918 24.0 4.156 -1.8 "" ""
3434.93 106.00113 0.804 -7.366 3.464 CX12R085
3434.954 26.0 3.544 -2.38 "" ""
3434.967 28.0 3.703 -0.74 "" ""
3434.996 106.00112 0.838 -7.269 3.464 CX12R095
3435.037 106.00112 0.838 -6.211 3.464 CX12Q095
3435.102 106.00112 0.459 -8.338 3.464 CX01R075
3435.123 607.01314 2.231 -1.464 7.724 1109Rb0225
3435.126 607.01314 2.231 -1.44 7.724 1109Ra0235
3435.13 607.01314 2.241 -1.44 7.724 1109Rb0235
3435.131 106.00112 0.838 -5.672 3.464 CX12Q105
3435.134 607.01314 2.241 -1.417 7.724 1109Ra0245
3435.135 607.01314 2.221 -1.488 7.724 1109Rb0215
3435.137 607.01314 2.221 -1.464 7.724 1109Ra0225
3435.138 607.01314 2.231 -4.527 7.724 1109Qd0235
3435.139 607.01214 2.172 -1.898 7.724 1109Ra0075
3435.143 106.00112 0.459 -4.477 3.464 CX01Q075
3435.144 27.0 3.229 -1.14 "" ""
3435.146 24.0 2.707 -2.67 "" ""
3435.146 607.01314 2.241 -4.54 7.724 1109Qd0245
3435.15 607.01314 2.221 -4.513 7.724 1109Qd0225
3435.156 607.01214 2.172 -1.955 7.724 1109Rb0065
3435.159 607.01314 2.251 -1.417 7.724 1109Rb0245
3435.16 25.0 4.636 -2.74 "" ""
3435.16 607.01214 2.172 -4.034 7.724 1109Qd0075
3435.163 607.01314 2.251 -1.395 7.724 1109Ra0255
3435.167 607.01314 2.212 -1.513 7.724 1109Rb0205
3435.169 607.01314 2.212 -1.488 7.724 1109Ra0215
3435.172 106.00112 0.838 -7.419 3.464 CX12P105
3435.176 607.01314 2.251 -4.551 7.724 1109Qd0255
3435.181 607.01314 2.212 -4.499 7.724 1109Qd0215
3435.182 106.00112 1.233 -4.953 3.464 AX30Q275
3435.184 25.0 3.769 -1.64 "" ""
3435.186 44.0 0.385 -1.63 "" ""
3435.19 92.0 0.471 -0.06 "" ""
3435.206 58.1 1.078 -0.7 "" ""
3435.21 607.01314 2.262 -1.395 7.724 1109Rb0255
3435.215 607.01314 2.262 -1.373 7.724 1109Ra0265
3435.218 607.01314 2.204 -1.538 7.724 1109Rb0195
3435.219 607.01314 2.204 -1.513 7.724 1109Ra0205
3435.227 607.01314 2.262 -4.562 7.724 1109Qd0265
3435.228 106.00112 1.233 -8.035 3.464 AX30R265
3435.231 607.01314 2.204 -4.483 7.724 1109Qd0205
3435.244 58.1 0.721 -1.15 "" ""
3435.247 25.0 3.769 -5.71 "" ""
3435.254 66.1 1.223 -0.53 "" ""
3435.258 76.0 1.583 -1.29 "" ""
3435.273 106.00112 1.233 -7.655 3.464 AX30P275
3435.277 62.1 0.659 -1.3 "" ""
3435.282 106.00112 0.459 -4.465 3.464 CX01Q085
3435.284 607.01314 2.273 -1.373 7.724 1109Rb0265
3435.287 607.01314 2.196 -1.565 7.724 1109Rb0185
3435.288 607.01314 2.196 -1.538 7.724 1109Ra0195
3435.289 607.01314 2.273 -1.351 7.724 1109Ra0275
3435.297 106.00113 0.431 -4.502 3.464 CX01Q065
3435.298 24.1 4.924 -9.09 "" ""
3435.3 607.01314 2.196 -4.466 7.724 1109Qd0195
3435.302 607.01314 2.273 -4.573 7.724 1109Qd0275
3435.32 106.00112 1.233 -5.038 3.464 AX30Q265
3435.323 106.00112 0.459 -6.758 3.464 CX01P085
3435.329 23.1 5.875 -1.39 "" ""
3435.345 26.1 6.212 -4.78 "" ""
3435.346 69.0 2.039 0.89 "" ""
3435.355 23.1 2.555 -2.21 "" ""
3435.356 106.00113 0.431 -6.715 3.464 CX01P075
3435.358 25.0 4.255 -0.72 "" ""
3435.374 607.01314 2.188 -1.592 7.724 1109Rb0175
3435.375 607.01314 2.188 -1.565 7.724 1109Ra0185
3435.376 42.1 3.765 -1.0 "" ""
3435.381 607.01314 2.284 -1.351 7.724 1109Rb0275
3435.386 607.01314 2.188 -4.448 7.724 1109Qd0185
3435.387 607.01314 2.284 -1.33 7.724 1109Ra0285
3435.398 607.01314 2.156 -4.953 7.724 1008Qc0345
3435.399 607.01314 2.284 -4.582 7.724 1109Qd0285
3435.406 22.0 1.878 -1.11 "" ""
3435.416 106.00113 0.431 -8.001 3.464 CX01R065
3435.422 607.01214 2.169 -1.955 7.724 1109Ra0065
3435.423 607.01314 2.156 -1.584 7.724 1008Pa0355
3435.425 23.0 2.503 -4.42 "" ""
3435.43 60.1 0.182 -1.71 LAWLER ""
3435.436 607.01214 2.169 -2.02 7.724 1109Rb0055
3435.44 607.01214 2.169 -3.978 7.724 1109Qd0065
3435.447 42.0 3.176 0.6 "" ""
3435.448 106.00112 1.016 -4.691 3.464 CX23R045
3435.448 25.0 4.675 -1.08 "" ""
3435.452 24.1 5.489 -5.27 "" ""
3435.458 607.01314 2.156 -1.606 7.724 1008Pb0345
3435.475 106.00113 0.431 -4.477 3.464 CX01Q075
3435.477 28.0 1.675 -2.13 "" ""
3435.479 607.01314 2.18 -1.592 7.724 1109Ra0175
3435.479 607.01314 2.18 -1.621 7.724 1109Rb0165
3435.481 24.0 2.542 -2.0 "" ""
3435.49 607.01314 2.18 -4.429 7.724 1109Qd0175
3435.491 92.0 0.0 0.06 "" ""
3435.502 106.00113 0.775 -7.364 3.464 CX12Q075
3435.503 607.01314 2.296 -1.33 7.724 1109Rb0285
3435.504 107.00114 1.029 -0.881 3.400 ""
3435.51 607.01314 2.296 -1.309 7.724 1109Ra0295
3435.515 106.00113 0.775 -7.347 3.464 CX12P085
3435.522 607.01314 2.296 -4.591 7.724 1109Qd0295
