wavelength species excitation loggf disassociation_energy comment
3531.961 25.0 4.27 -2.66 "" ""
3531.973 25.0055 2.28 -1.282 LAWHFS ""
3531.976 24.0 0.941 -6.21 "" ""
3531.979 25.0055 2.28 -1.119 LAWHFS ""
3531.984 25.0055 2.28 -1.114 LAWHFS ""
3531.985 25.0055 2.28 -0.504 LAWHFS ""
3531.988 25.0055 2.28 -0.767 LAWHFS ""
3531.988 25.0055 2.28 -1.216 LAWHFS ""
3531.991 25.0055 2.28 -1.098 LAWHFS ""
3531.991 25.0055 2.28 -1.478 LAWHFS ""
3531.993 106.00112 0.372 -6.708 3.464 AX31R045
3531.993 25.0055 2.28 -1.545 LAWHFS ""
3531.994 25.0055 2.28 -2.244 LAWHFS ""
3531.997 25.0055 2.28 -1.478 LAWHFS ""
3531.999 25.0055 2.28 -1.216 LAWHFS ""
3532.0 25.0055 2.28 -1.114 LAWHFS ""
3532.0 25.0055 2.28 -1.119 LAWHFS ""
3532.0 25.0055 2.28 -1.282 LAWHFS ""
3532.048 26.0 2.725 -5.07 "" ""
3532.073 106.00112 0.373 -6.692 3.464 AX31R045
3532.081 25.0055 2.28 -2.067 LAWHFS ""
3532.091 25.0055 2.28 -1.112 LAWHFS ""
3532.094 25.0055 2.28 -1.686 LAWHFS ""
3532.101 25.0055 2.28 -0.966 LAWHFS ""
3532.103 25.0055 2.28 -0.423 LAWHFS ""
3532.103 25.0055 2.28 -1.51 LAWHFS ""
3532.108 25.0055 2.28 -0.987 LAWHFS ""
3532.11 25.0055 2.28 -0.635 LAWHFS ""
3532.11 25.0055 2.28 -1.464 LAWHFS ""
3532.112 24.0 3.553 -4.18 "" ""
3532.113 25.0055 2.28 -1.142 LAWHFS ""
3532.115 25.0055 2.28 -0.908 LAWHFS ""
3532.117 25.0055 2.28 -1.318 LAWHFS ""
3532.146 23.0 1.929 -3.38 "" ""
3532.167 106.00112 1.085 -8.168 3.464 AX31R215
3532.203 73.0 1.357 -1.25 "" ""
3532.216 25.0 2.162 -4.17 "" ""
3532.226 63.1 3.377 0.24 "" ""
3532.275 23.0 1.948 -1.77 "" ""
3532.277 23.1 3.325 -0.85 "" ""
3532.296 27.0 3.102 -5.75 "" ""
3532.327 106.00113 1.216 -4.692 3.464 AX41P235
3532.342 106.00112 0.052 -5.681 3.464 AX20P045
3532.346 23.0 1.929 -1.71 "" ""
3532.347 106.00112 0.27 -6.925 3.464 AX20R115
3532.35 106.00113 1.216 -7.172 3.464 AX41Q225
3532.362 106.00112 0.27 -4.706 3.464 AX20Q115
3532.376 106.00112 1.368 -4.376 3.464 AX41Q255
3532.408 106.00113 1.216 -4.767 3.464 AX41P225
3532.416 106.00112 1.368 -7.511 3.464 AX41R245
3532.438 106.00112 1.529 -8.578 3.464 CX34Q125
3532.439 106.00112 0.052 -6.648 3.464 AX20Q045
3532.454 106.00113 0.951 -7.031 3.464 CX01P185
3532.454 27.0 2.955 -6.28 "" ""
3532.459 106.00112 1.368 -6.872 3.464 AX41P255
3532.472 106.00112 0.27 -4.661 3.464 AX20Q125
3532.485 106.00112 1.529 -5.331 3.464 CX34P135
3532.487 106.00112 0.27 -6.696 3.464 AX20P125
3532.493 106.00112 0.052 -5.68 3.464 AX20P045
3532.499 106.00112 1.368 -4.41 3.464 AX41Q245
3532.499 106.00112 1.529 -5.588 3.464 CX34P125
3532.52 62.1 0.378 -1.18 LAWLER ""
3532.569 26.0 3.271 -0.96 "" ""
3532.59 106.00112 0.052 -6.658 3.464 AX20Q045
3532.597 106.00112 0.994 -5.097 3.464 AX20R245
3532.606 58.1 0.899 -0.4 BIEMONT ""
3532.629 23.0 1.944 -3.24 "" ""
3532.636 106.00113 1.192 -7.716 3.464 CX12P175
3532.66 106.00112 0.994 -6.933 3.464 AX20Q245
3532.664 28.0 3.676 -0.92 "" ""
3532.677 22.0 2.238 -1.38 "" ""
3532.681 26.1 4.476 -3.38 "" ""
3532.682 26.1 3.886 -3.32 "" ""
3532.69 65.1 0.891 -0.17 LAWNOHFS ""
3532.697 106.00112 0.994 -5.046 3.464 AX20R235
3532.712 26.0 3.632 -6.68 "" ""
3532.75 60.1 0.0 -1.88 LAWLER ""
3532.759 106.00112 0.053 -5.569 3.464 AX20P055
3532.763 25.0 4.723 -3.24 "" ""
3532.764 25.0 3.37 -5.51 "" ""
3532.783 25.0 3.37 -6.46 "" ""
3532.794 26.1 7.264 -1.93 "" ""
3532.794 76.0 0.515 -1.88 "" ""
3532.81 44.0 1.821 -0.12 "" ""
3532.814 25.0 3.37 -5.35 "" ""
3532.844 106.00113 1.359 -6.872 3.464 AX41P255
3532.856 24.0 3.886 -4.21 "" ""
3532.861 24.0 3.367 -1.87 "" ""
3532.866 26.0 2.849 -4.42 "" ""
3532.875 58.1 0.0 -1.34 BIEMONT ""
3532.887 106.00112 0.053 -5.569 3.464 AX20P055
3532.889 25.0 4.27 -3.47 "" ""
3532.936 26.0 3.632 -9.67 "" ""
3532.963 106.00113 0.988 -5.097 3.464 AX20R245
3532.995 23.1 6.473 -4.07 "" ""
3533.007 26.0 2.883 -0.37 DEN14 ""
3533.051 106.00113 0.988 -6.933 3.464 AX20Q245
3533.076 27.0 2.278 -1.37 "" ""
3533.077 106.00112 0.27 -6.94 3.464 AX20R115
3533.092 106.00112 0.27 -4.706 3.464 AX20Q115
3533.095 106.00113 0.988 -5.046 3.464 AX20R235
3533.126 25.0 2.939 -4.31 "" ""
3533.127 24.0 3.108 -1.69 "" ""
3533.134 106.00113 1.284 -10.859 3.464 CX23P135
3533.143 23.1 5.86 -2.31 "" ""
3533.152 106.00112 0.27 -4.661 3.464 AX20Q125
3533.167 106.00112 0.27 -6.683 3.464 AX20P125
3533.168 106.00113 1.359 -4.376 3.464 AX41Q255
3533.183 26.1 3.886 -4.26 "" ""
3533.198 26.0 2.88 -0.11 "" ""
3533.207 23.0 1.941 -4.78 "" ""
3533.228 40.0 0.154 -0.55 "" ""
3533.306 25.1 6.666 -2.46 "" ""
3533.34 27.0059 0.224 -2.535 Lawle15HFS ""
3533.344 27.0059 0.224 -2.234 Lawle15HFS ""
3533.346 27.0059 0.224 -2.096 Lawle15HFS ""
3533.348 27.0059 0.224 -2.234 Lawle15HFS ""
3533.352 27.0059 0.224 -2.07 Lawle15HFS ""
3533.355 27.0059 0.224 -1.813 Lawle15HFS ""
3533.357 27.0059 0.224 -2.41 Lawle15HFS ""
3533.363 27.0059 0.224 -2.062 Lawle15HFS ""
3533.367 27.0059 0.224 -1.597 Lawle15HFS ""
3533.37 27.0059 0.224 -2.66 Lawle15HFS ""
3533.377 27.0059 0.224 -2.223 Lawle15HFS ""
3533.385 27.0059 0.224 -3.088 Lawle15HFS ""
3533.411 76.0 1.886 -0.79 "" ""
3533.497 106.00113 0.371 -6.707 3.464 AX31R045
3533.508 42.0 2.913 -1.47 "" ""
3533.561 106.00113 1.36 -4.409 3.464 AX41Q245
3533.562 25.0 3.37 -5.89 "" ""
3533.564 26.0 3.94 -3.29 "" ""
3533.566 92.1 0.113 -0.74 "" ""
3533.574 106.00113 0.371 -6.691 3.464 AX31R045
3533.59 60.1 0.471 -0.95 LAWLER ""
3533.666 41.0 0.019 -1.71 "" ""
3533.673 23.0051 1.217 -0.66 LAWLER ""
3533.674 23.0051 1.217 -0.801 LAWLER ""
3533.675 23.0051 1.217 -0.965 LAWLER ""
3533.676 15.1 9.628 -2.77 "" ""
3533.676 23.0051 1.217 -1.163 LAWLER ""
3533.677 23.0051 1.217 -1.304 LAWLER ""
3533.677 23.0051 1.217 -1.418 LAWLER ""
3533.677 23.0051 1.217 -1.5 LAWLER ""
3533.678 23.0051 1.217 -1.25 LAWLER ""
3533.678 23.0051 1.217 -1.806 LAWLER ""
3533.679 23.0051 1.217 -1.272 LAWLER ""
3533.679 23.0051 1.217 -1.363 LAWLER ""
3533.679 23.0051 1.217 -1.551 LAWLER ""
3533.68 23.0051 1.217 -1.806 LAWLER ""
3533.68 23.0051 1.217 -1.836 LAWLER ""
3533.68 23.0051 1.217 -1.857 LAWLER ""
3533.68 23.0051 1.217 -2.204 LAWLER ""
3533.68 23.0051 1.217 -2.615 LAWLER ""
3533.681 23.0051 1.217 -1.982 LAWLER ""
3533.699 25.0 3.37 -4.84 "" ""
3533.702 106.00113 1.087 -6.65 3.464 AX52Q155
3533.714 106.00113 1.087 -4.587 3.464 AX52P155
3533.722 26.0 3.632 -6.63 "" ""
3533.737 29.0 5.417 -0.62 "" ""
3533.746 106.00112 0.956 -7.031 3.464 CX01P185
3533.747 23.0051 1.182 -1.144 LAWLER ""
3533.747 23.0 1.375 -2.88 "" ""
3533.751 23.0051 1.182 -1.465 LAWLER ""
3533.755 23.0051 1.182 -1.942 LAWLER ""
3533.757 23.0051 1.182 -1.611 LAWLER ""
3533.757 25.0 3.37 -9.86 "" ""
3533.761 23.0051 1.182 -1.465 LAWLER ""
3533.764 23.0051 1.182 -1.486 LAWLER ""
3533.78 106.00113 1.087 -4.533 3.464 AX52P165
3533.804 25.0 3.37 -9.38 "" ""
3533.829 23.1 5.83 -2.48 "" ""
3533.83 23.0 1.05 -4.49 "" ""
3533.846 106.00113 0.268 -6.925 3.464 AX20R115
3533.854 22.1 2.06 -1.31 LAWLER ""
3533.857 106.00113 1.078 -8.228 3.464 AX31R215
3533.861 106.00113 0.268 -4.705 3.464 AX20Q115
3533.885 106.00113 1.36 -7.511 3.464 AX41R245
3533.904 20.0 2.524 -5.17 "" ""
3533.909 23.0 1.71 -2.98 "" ""
3533.914 27.1 5.051 -3.2 "" ""
3533.93 106.00113 0.052 -5.681 3.464 AX20P045
3533.97 106.00113 0.268 -4.661 3.464 AX20Q125
3533.985 106.00113 0.268 -6.696 3.464 AX20P125
3534.027 106.00113 0.052 -6.648 3.464 AX20Q045
3534.041 106.00112 1.197 -7.716 3.464 CX12P175
3534.045 58.1 0.521 -0.14 LAWLER ""
3534.064 22.0 1.732 -2.91 "" ""
3534.079 106.00113 0.052 -5.68 3.464 AX20P045
3534.119 41.0 0.739 -1.3 "" ""
3534.126 58.1 0.295 -0.71 BIEMONT ""
3534.136 25.0 4.657 -3.85 "" ""
3534.151 23.0 1.05 -5.54 "" ""
3534.151 23.1 1.475 -2.96 "" ""
3534.176 106.00113 0.052 -6.657 3.464 AX20Q045
3534.189 24.1 4.753 -6.04 "" ""
3534.238 64.1 1.232 -0.41 "" ""
3534.29 22.1 5.055 -0.61 "" ""
3534.335 92.0 0.0 -0.26 "" ""
3534.345 106.00113 0.052 -5.569 3.464 AX20P055
3534.353 26.0 3.637 -5.73 "" ""
3534.423 26.0 3.651 -4.23 "" ""
3534.439 58.1 0.932 -0.17 "" ""
3534.451 66.1 2.015 0.39 "" ""
3534.472 106.00113 0.052 -5.569 3.464 AX20P055
3534.494 74.1 3.103 -1.13 "" ""
3534.525 26.0 3.571 -1.41 "" ""
3534.526 26.0 3.637 -2.13 "" ""
3534.541 24.0 3.887 -4.57 "" ""
3534.567 106.00113 0.269 -6.939 3.464 AX20R115
3534.582 26.0 3.544 -5.2 "" ""
3534.584 106.00113 0.269 -4.705 3.464 AX20Q115
3534.591 24.0 3.077 -3.33 "" ""
3534.622 42.0 3.161 -0.76 "" ""
3534.629 22.0 2.133 -5.75 "" ""
3534.631 25.0 4.675 -2.59 "" ""
3534.641 106.00113 0.269 -4.661 3.464 AX20Q125
3534.655 106.00112 1.289 -10.858 3.464 CX23P135
3534.659 106.00113 0.269 -6.683 3.464 AX20P125
3534.678 26.0 2.174 -2.95 "" ""
3534.704 22.0 1.738 -3.42 "" ""
3534.715 106.00112 1.395 -9.205 3.464 CX34P085
3534.725 23.0 1.042 -1.89 "" ""
3534.73 27.0 3.25 -1.75 "" ""
3534.761 27.0059 2.278 -2.715 Lawle15HFS ""
3534.763 27.0059 2.278 -2.276 Lawle15HFS ""
3534.763 27.0059 2.278 -2.414 Lawle15HFS ""
3534.765 27.0059 2.278 -1.993 Lawle15HFS ""
3534.765 27.0059 2.278 -2.25 Lawle15HFS ""
3534.765 27.0059 2.278 -2.414 Lawle15HFS ""
3534.767 27.0059 2.278 -2.59 Lawle15HFS ""
3534.768 27.0059 2.278 -1.777 Lawle15HFS ""
3534.768 27.0059 2.278 -2.242 Lawle15HFS ""
3534.771 27.0059 2.278 -2.84 Lawle15HFS ""
3534.772 27.0059 2.278 -2.403 Lawle15HFS ""
3534.775 27.0059 2.278 -3.268 Lawle15HFS ""
3534.786 26.0 3.926 -3.57 "" ""
3534.811 106.00113 1.088 -6.677 3.464 AX52Q155
3534.821 106.00113 1.088 -4.587 3.464 AX52P155
3534.824 75.0 2.059 -0.58 "" ""
3534.826 106.00113 1.088 -4.533 3.464 AX52P165
3534.843 69.1 2.419 0.49 "" ""
3534.905 26.0 1.556 -2.86 "" ""
3534.916 24.0 3.887 -3.46 "" ""
3534.92 62.1 0.659 -1.74 LAWLER ""
3534.923 26.0 1.484 -4.68 "" ""
3534.96 66.1 0.1 -0.04 LAWLER ""
3534.999 25.0 4.35 -2.51 "" ""
3535.004 26.0 3.94 -4.4 "" ""
3535.018 21.1 7.13 -5.6 "" ""
3535.038 22.0 2.083 -5.49 "" ""
3535.072 28.0 3.541 -3.28 "" ""
3535.084 23.0 1.711 -2.01 "" ""
3535.103 26.0 2.448 -5.36 "" ""
3535.129 20.0 4.128 -5.71 "" ""
3535.16 40.0 0.998 -0.03 "" ""
3535.183 23.1 1.07 -5.74 "" ""
3535.223 26.0 2.422 -4.29 "" ""
3535.261 42.0 2.494 -1.27 "" ""
3535.27 25.0 4.662 -0.5 "" ""
3535.276 41.0 0.0 -0.43 "" ""
3535.318 26.0 3.957 -2.82 "" ""
3535.383 44.0 0.148 -2.03 "" ""
3535.407 22.1 2.06 0.01 LAWLER ""
3535.411 23.0 1.929 -3.91 "" ""
3535.474 106.00112 1.148 -8.675 3.464 AX30P255
3535.52 69.1 0.0 -0.81 LAWLER ""
3535.536 106.00113 1.08 -8.167 3.464 AX31R215
3535.543 22.0 2.343 -4.66 "" ""
3535.545 74.0 1.649 -0.52 "" ""
3535.549 22.0 2.083 -5.02 "" ""
3535.55 72.1 0.608 -0.65 LAWLER ""
3535.567 58.1 0.357 -0.96 BIEMONT ""
3535.569 26.0 3.637 -6.73 "" ""
3535.598 106.00113 1.013 -7.088 3.464 CX01P195
3535.619 26.1 3.889 -2.84 "" ""
3535.633 62.1 0.434 -0.94 "" ""
3535.71 21.1045 0.315 -2.17 LAWHFS ""
3535.711 21.1045 0.315 -1.73 LAWHFS ""
3535.712 21.1045 0.315 -1.47 LAWHFS ""
3535.713 21.1045 0.315 -1.36 LAWHFS ""
3535.713 21.1045 0.315 -1.46 LAWHFS ""
3535.714 21.1045 0.315 -1.48 LAWHFS ""
3535.714 24.0 3.085 -3.27 "" ""
3535.715 21.1045 0.315 -0.98 LAWHFS ""
3535.716 21.1045 0.315 -1.28 LAWHFS ""
3535.716 21.1045 0.315 -1.73 LAWHFS ""
3535.73 24.0 4.183 -2.42 "" ""
3535.764 26.0 3.637 -6.07 "" ""
3535.803 24.1 6.742 -4.36 "" ""
3535.824 106.00112 0.314 -6.965 3.464 AX20R125
3535.831 92.0 0.077 -0.81 "" ""
3535.836 23.0 1.929 -4.63 "" ""
3535.838 44.0 1.124 -1.08 "" ""
3535.846 106.00112 0.314 -4.661 3.464 AX20Q125
3535.882 27.1 3.024 -2.19 "" ""
3535.938 106.00112 0.314 -4.618 3.464 AX20Q135
3535.959 106.00112 0.314 -6.709 3.464 AX20P135
3535.978 25.1 6.663 -3.09 "" ""
3536.009 22.0 0.899 -6.22 "" ""
3536.02 66.1 0.54 0.53 LAWLER ""
3536.038 23.0 0.04 -4.02 "" ""
3536.056 26.0 3.263 -4.76 "" ""
3536.2 22.0 1.748 -2.95 "" ""
3536.202 26.0 3.94 -2.39 "" ""
3536.205 106.00113 0.992 -7.404 3.464 AX52P135
3536.21 69.1 2.053 0.42 "" ""
3536.214 23.0 1.944 -3.74 "" ""
3536.237 26.0 3.639 -6.98 "" ""
3536.294 73.0 1.146 -1.16 "" ""
3536.304 23.0 2.364 -2.87 "" ""
3536.319 25.1 6.663 -4.35 "" ""
3536.362 23.0 0.3 -7.02 "" ""
3536.382 26.0 3.639 -6.33 "" ""
3536.41 26.0 3.639 -6.2 "" ""
3536.434 24.1 6.681 -4.69 "" ""
3536.437 24.0 3.099 -1.8 "" ""
3536.452 25.0 4.317 -2.41 "" ""
3536.531 26.0 3.281 -4.69 "" ""
3536.539 24.0 3.142 -2.64 "" ""
3536.556 26.0 2.873 0.01 "" ""
3536.57 69.1 0.0 -1.04 LAWLER ""
3536.581 66.1 1.528 0.22 "" ""
3536.601 106.00112 1.22 -7.134 3.464 AX41Q225
3536.633 72.0 0.0 -1.03 "" ""
3536.653 106.00112 1.22 -4.69 3.464 AX41P235
3536.666 28.0 3.655 -4.55 "" ""
3536.667 106.00112 0.314 -6.98 3.464 AX20R125
3536.67 106.00112 1.22 -4.765 3.464 AX41P225
3536.689 106.00112 0.314 -4.661 3.464 AX20Q125
3536.696 58.1 1.273 0.03 "" ""
3536.704 24.0 2.542 0.41 "" ""
3536.717 26.0 3.544 -4.38 "" ""
3536.727 106.00112 0.315 -4.619 3.464 AX20Q135
3536.749 106.00112 0.315 -6.696 3.464 AX20P135
3536.761 22.0 2.425 -4.42 "" ""
3536.771 27.0 2.784 -4.49 "" ""
3536.805 106.00112 0.359 -6.573 3.464 AX31R035
3536.819 28.0 3.633 -1.53 "" ""
3536.843 24.0 3.889 -2.74 "" ""
3536.851 106.00112 0.359 -6.56 3.464 AX31R035
3536.86 27.0 2.955 -5.99 "" ""
3536.882 23.0 1.858 -4.23 "" ""
3536.902 106.00112 1.018 -7.088 3.464 CX01P195
3536.93 22.1 5.028 -1.44 "" ""
3536.943 40.1 0.359 -1.41 Ljung06 ""
3536.963 20.0 1.886 -7.04 LAWLER ""
3536.984 26.0 3.239 -4.26 "" ""
3537.049 23.0 1.948 -2.33 "" ""
3537.057 106.00113 1.249 -7.863 3.464 CX12P185
3537.079 24.0 4.141 -1.16 "" ""
3537.082 106.00113 0.992 -7.445 3.464 AX52P135
3537.112 106.00112 0.073 -5.522 3.464 AX20P055
3537.135 26.1 7.268 -3.79 "" ""
3537.147 58.1 0.811 -0.65 "" ""
3537.147 64.1 1.275 -0.19 "" ""
3537.16 90.1 1.14 -0.6 "" ""
3537.182 106.00112 0.073 -6.684 3.464 AX20Q055
3537.204 27.0 2.784 -3.98 "" ""
3537.214 24.0 2.543 -2.21 "" ""
3537.22 20.0 3.907 -4.12 "" ""
3537.237 28.0 3.652 -1.03 "" ""
3537.248 24.0 2.543 -0.69 "" ""
3537.287 106.00113 0.312 -6.964 3.464 AX20R125
3537.288 92.0 0.0 -0.38 "" ""
3537.302 26.0 3.637 -7.54 "" ""
3537.309 106.00113 0.312 -4.661 3.464 AX20Q125
3537.322 106.00112 0.073 -5.522 3.464 AX20P055
3537.376 24.0 2.706 -2.51 "" ""
3537.392 106.00112 0.073 -6.695 3.464 AX20Q055
3537.398 106.00112 1.15 -8.518 3.464 AX31R225
3537.399 106.00113 0.312 -4.618 3.464 AX20Q135
3537.416 26.0 3.209 -4.55 "" ""
3537.422 106.00113 0.312 -6.709 3.464 AX20P135
3537.444 58.1 0.708 -0.53 "" ""
3537.449 106.00112 0.074 -5.43 3.464 AX20P065
3537.452 74.0 1.915 -0.31 "" ""
3537.454 26.0 3.639 -7.75 "" ""
3537.461 75.0 1.435 -0.78 "" ""
3537.461 92.1 1.056 -0.43 "" ""
3537.476 41.0 0.049 -0.58 "" ""
3537.492 26.0 2.586 -1.66 "" ""
3537.526 26.0 3.637 -7.34 "" ""
3537.566 106.00113 1.063 -5.176 3.464 AX20R255
3537.608 26.1 4.146 -3.55 "" ""
3537.615 26.1 5.566 -3.74 "" ""
3537.617 28.0 3.536 -1.11 "" ""
3537.62 41.1 0.9 -0.96 Nilsson10 ""
3537.625 42.0 3.357 -0.96 "" ""
3537.632 106.00112 0.074 -5.43 3.464 AX20P065
3537.644 106.00113 1.063 -5.099 3.464 AX20R245
3537.645 25.1 6.828 -6.93 "" ""
3537.649 26.0 3.639 -7.11 "" ""
3537.65 106.00112 1.069 -5.176 3.464 AX20R255
3537.659 26.0 2.863 -3.06 "" ""
3537.662 66.1 1.223 -0.08 "" ""
3537.666 106.00112 1.069 -5.099 3.464 AX20R245
3537.675 25.1 5.344 -4.75 "" ""
3537.683 106.00113 1.063 -6.988 3.464 AX20Q255
3537.706 27.0 2.006 -2.87 "" ""
3537.714 106.00112 1.069 -6.988 3.464 AX20Q255
3537.729 26.0 2.607 -1.22 "" ""
3537.773 27.0 2.955 -4.75 "" ""
3537.809 106.00112 0.035 -7.801 3.464 AX20P035
3537.81 20.0 5.295 -3.77 "" ""
3537.816 106.00113 1.371 -5.007 3.464 AX52R205
3537.821 106.00113 1.371 -5.23 3.464 AX52R215
3537.853 24.0 2.707 -3.57 "" ""
3537.864 106.00113 1.371 -6.749 3.464 AX52Q215
3537.895 26.0 2.83 -0.76 "" ""
3537.897 27.1 5.204 -4.45 "" ""
3537.91 65.1 0.771 0.25 LAWNOHFS ""
3537.911 106.00112 0.035 -7.813 3.464 AX20P035
3537.946 44.0 0.259 -1.39 "" ""
3537.948 24.1 6.787 -3.5 "" ""
3537.974 25.0 4.662 -1.04 "" ""
3537.985 25.0 4.35 -3.25 "" ""
3537.998 22.1 4.965 -4.02 "" ""
3538.025 20.0 5.296 -3.33 "" ""
3538.069 63.1 3.243 0.34 "" ""
3538.094 23.0 1.954 -2.82 "" ""
3538.104 106.00112 1.151 -8.746 3.464 AX30P255
3538.117 24.1 6.768 -4.13 "" ""
3538.12 106.00113 0.313 -6.98 3.464 AX20R125
3538.139 45.0 0.705 -0.73 "" ""
3538.145 106.00113 0.313 -4.661 3.464 AX20Q125
3538.17 106.00112 1.569 -8.566 3.464 CX34Q135
3538.179 106.00113 0.313 -4.618 3.464 AX20Q135
3538.204 106.00113 0.313 -6.695 3.464 AX20P135
3538.207 106.00112 1.569 -5.128 3.464 CX34P145
3538.235 92.0 0.077 -0.61 "" ""
3538.237 106.00112 1.569 -5.331 3.464 CX34P135
3538.239 23.1 1.127 -1.63 LAWNOHFS ""
3538.252 26.0 2.843 -2.19 "" ""
3538.255 24.0 2.707 -2.26 "" ""
3538.296 106.00113 0.358 -6.573 3.464 AX31R035
3538.306 26.0 3.544 -1.0 "" ""
3538.34 106.00113 0.358 -6.56 3.464 AX31R035
3538.35 106.00113 1.142 -8.675 3.464 AX30P255
3538.417 24.1 4.757 -3.59 "" ""
3538.421 28.0 4.161 -1.04 "" ""
3538.435 27.0 2.54 -2.93 "" ""
3538.477 106.00112 1.255 -7.863 3.464 CX12P185
3538.5 26.0 3.632 -6.3 "" ""
3538.518 28.0 3.539 -5.47 "" ""
3538.52 66.1 0.0 -0.02 LAWLER ""
3538.555 106.00113 1.077 -7.155 3.464 CX01P205
3538.555 26.0 2.482 -3.27 "" ""
3538.574 25.0 3.376 -5.05 "" ""
3538.592 25.0 3.376 -5.46 "" ""
3538.667 42.0 2.513 -2.16 "" ""
3538.669 22.0 2.504 -4.09 "" ""
3538.671 106.00113 0.073 -5.522 3.464 AX20P055
3538.68 106.00112 1.222 -4.69 3.464 AX41P235
3538.687 26.0 3.6 -5.08 "" ""
3538.701 607.01314 2.797 -1.275 7.724 1412Rb0115
3538.706 607.01314 2.803 -1.242 7.724 1412Rb0125
3538.71 106.00112 1.222 -7.17 3.464 AX41Q225
3538.712 607.01314 2.797 -3.784 7.724 1412Qd0125
3538.717 24.0 3.373 -2.74 "" ""
3538.718 607.01314 2.803 -3.816 7.724 1412Qd0135
3538.733 607.01314 2.793 -1.312 7.724 1412Rb0105
3538.741 106.00113 0.073 -6.684 3.464 AX20Q055
3538.745 607.01314 2.793 -3.75 7.724 1412Qd0115
3538.755 607.01314 2.808 -1.21 7.724 1412Rb0135
3538.757 58.1 1.205 -0.53 "" ""
3538.768 607.01314 2.808 -3.846 7.724 1412Qd0145
3538.774 607.01314 2.797 -1.242 7.724 1412Ra0125
3538.779 106.00112 1.222 -4.765 3.464 AX41P225
3538.785 26.0 3.571 -1.73 "" ""
3538.79 607.01314 2.803 -1.21 7.724 1412Ra0135
3538.797 26.0 3.639 -5.72 "" ""
3538.801 607.01314 2.788 -1.352 7.724 1412Rb0095
3538.801 607.01314 2.793 -1.275 7.724 1412Ra0115
3538.803 58.1 0.807 -1.04 "" ""
3538.804 25.0 4.191 -3.96 "" ""
3538.81 24.1 6.636 -3.85 "" ""
3538.815 607.01314 2.788 -3.712 7.724 1412Qd0105
3538.851 607.01314 2.808 -1.181 7.724 1412Ra0145
3538.854 607.01314 2.814 -1.181 7.724 1412Rb0145
3538.86 607.01314 2.788 -1.312 7.724 1412Ra0105
3538.862 25.0 2.886 -3.58 "" ""
3538.868 607.01314 2.814 -3.874 7.724 1412Qd0155
3538.878 106.00113 0.073 -5.521 3.464 AX20P055
3538.908 607.01314 2.784 -1.395 7.724 1412Rb0085
3538.917 607.01314 2.784 -3.671 7.724 1412Qd0095
3538.919 42.0 3.435 -0.33 "" ""
3538.927 26.0 3.879 -2.73 "" ""
3538.949 106.00113 0.073 -6.695 3.464 AX20Q055
3538.956 607.01314 2.784 -1.352 7.724 1412Ra0095
3538.962 607.01314 2.814 -1.154 7.724 1412Ra0155
3538.97 21.1 7.13 -4.16 "" ""
3538.988 24.1 4.984 -1.94 "" ""
3538.992 24.0 2.708 -3.61 "" ""
3539.007 106.00113 0.073 -5.43 3.464 AX20P065
3539.01 607.01314 2.821 -1.154 7.724 1412Rb0155
3539.022 40.1 1.664 -0.85 "" ""
3539.024 607.01314 2.821 -3.9 7.724 1412Qd0165
3539.044 607.01314 2.781 -1.444 7.724 1412Rb0075
3539.051 607.01314 2.781 -3.625 7.724 1412Qd0085
3539.077 24.0 2.985 -7.64 "" ""
3539.077 24.0 2.985 -8.17 "" ""
3539.079 58.1 0.32 -0.27 LAWLER ""
3539.085 607.01314 2.781 -1.395 7.724 1412Ra0085
3539.109 42.0 2.644 -1.46 "" ""
3539.13 25.1 6.387 -2.78 "" ""
3539.131 607.01314 2.821 -1.128 7.724 1412Ra0165
3539.136 25.0 4.341 -0.84 "" ""
3539.188 106.00113 0.073 -5.43 3.464 AX20P065
3539.189 26.0 3.639 -8.41 "" ""
3539.208 607.01314 2.777 -1.499 7.724 1412Rb0065
3539.214 607.01314 2.778 -3.574 7.724 1412Qd0075
3539.218 26.0 3.881 -3.27 "" ""
3539.23 607.01314 2.827 -1.128 7.724 1412Rb0165
3539.241 607.01314 2.778 -1.444 7.724 1412Ra0075
3539.246 607.01314 2.827 -3.924 7.724 1412Qd0175
3539.25 62.1 0.04 -2.2 LAWLER ""
3539.274 23.1 5.898 -1.42 "" ""
3539.289 106.00112 1.152 -8.454 3.464 AX31R225
3539.298 25.0 3.761 -1.27 "" ""
3539.322 90.1 0.556 -0.94 "" ""
3539.325 106.00112 1.197 -6.903 3.464 AX52R175
3539.327 75.0 2.411 -0.12 "" ""
3539.335 25.1 6.666 -3.08 "" ""
3539.348 25.0 4.662 -2.07 "" ""
3539.367 607.01314 2.827 -1.104 7.724 1412Ra0175
3539.368 44.0 0.336 -1.02 "" ""
3539.369 106.00112 1.197 -4.246 3.464 AX52Q175
3539.369 66.1 0.589 -0.57 "" ""
3539.374 25.0 3.376 -5.36 "" ""
3539.376 106.00113 0.035 -7.801 3.464 AX20P035
3539.394 106.00112 1.197 -4.217 3.464 AX52Q185
3539.4 607.01314 2.775 -1.562 7.724 1412Rb0055
3539.401 106.00113 1.329 -10.165 3.464 CX23P145
3539.405 607.01314 2.775 -3.516 7.724 1412Qd0065
3539.428 607.01314 2.775 -1.499 7.724 1412Ra0065
3539.436 27.0 3.25 -1.12 "" ""
3539.439 106.00112 1.197 -6.493 3.464 AX52P185
3539.464 42.0 2.678 -1.22 "" ""
3539.471 68.1 1.949 0.62 "" ""
3539.474 106.00113 1.372 -5.23 3.464 AX52R215
3539.477 106.00113 0.035 -7.813 3.464 AX20P035
3539.498 25.0 3.761 -1.04 "" ""
3539.508 23.0 2.121 -3.66 "" ""
3539.514 106.00113 1.372 -6.716 3.464 AX52Q215
3539.515 26.0 3.571 -3.69 "" ""
3539.516 21.0 1.849 -0.81 "" ""
3539.526 607.01314 2.835 -1.104 7.724 1412Rb0175
3539.527 23.0 1.063 -5.44 "" ""
3539.531 24.0 3.094 -1.06 "" ""
3539.542 607.01314 2.835 -3.947 7.724 1412Qd0185
3539.547 106.00113 1.372 -5.008 3.464 AX52R205
3539.586 68.0 1.473 1.29 "" ""
3539.587 90.1 0.0 -0.54 Nils02/13 ""
3539.617 25.0 3.376 -9.3 "" ""
3539.621 607.01314 2.772 -1.636 7.724 1412Rb0045
3539.623 607.01314 2.772 -3.448 7.724 1412Qd0055
3539.625 28.0 3.541 -3.97 "" ""
3539.627 106.00112 0.361 -7.002 3.464 AX20R135
3539.629 41.0 1.12 -0.62 "" ""
3539.642 607.01314 2.772 -1.562 7.724 1412Ra0055
3539.651 92.0 0.471 0.08 "" ""
3539.655 106.00112 0.361 -4.619 3.464 AX20Q135
3539.678 607.01314 2.835 -1.081 7.724 1412Ra0185
3539.705 106.00112 1.314 -4.877 3.464 AX52R195
3539.706 106.00112 1.314 -4.996 3.464 AX52R205
3539.731 106.00112 0.361 -4.577 3.464 AX20Q145
3539.759 106.00112 0.361 -6.719 3.464 AX20P145
3539.765 106.00112 1.314 -6.693 3.464 AX52Q205
3539.775 28.0 4.161 -0.98 "" ""
3539.856 27.0 1.881 -1.48 "" ""
3539.865 607.01314 2.77 -1.725 7.724 1412Rb0035
3539.869 607.01314 2.77 -3.368 7.724 1412Qd0045
3539.871 106.00112 1.083 -7.154 3.464 CX01P205
3539.885 607.01314 2.77 -1.636 7.724 1412Ra0045
3539.889 26.0 3.684 -2.29 "" ""
3539.903 22.0 1.738 -2.75 "" ""
3539.907 607.01314 2.842 -1.081 7.724 1412Rb0185
3539.914 23.0 1.375 -5.73 "" ""
3539.921 24.0 3.432 -2.48 "" ""
3539.924 607.01314 2.842 -3.969 7.724 1412Qd0195
3539.943 75.0 2.745 -0.31 "" ""
3539.947 25.0 4.791 -3.62 "" ""
3539.949 26.0 3.957 -4.3 "" ""
3539.952 106.00113 1.065 -5.177 3.464 AX20R255
3539.963 27.0 3.407 -3.89 "" ""
3539.993 23.0 2.038 -4.32 "" ""
3540.003 26.1 5.906 -2.24 "" ""
3540.009 42.0 2.289 -1.58 "" ""
3540.021 23.0 2.096 -3.5 "" ""
3540.044 106.00113 1.065 -6.95 3.464 AX20Q255
3540.048 106.00112 1.071 -5.177 3.464 AX20R255
3540.068 24.0 3.077 -3.84 "" ""
3540.078 607.01314 2.842 -1.059 7.724 1412Ra0195
3540.093 106.00113 1.065 -5.099 3.464 AX20R245
3540.112 106.00112 1.071 -6.95 3.464 AX20Q255
3540.121 26.0 2.863 -0.71 DEN14 ""
3540.138 607.01314 2.769 -1.837 7.724 1412Rb0025
3540.141 607.01314 2.769 -3.268 7.724 1412Qd0035
3540.143 27.0 2.955 -4.89 "" ""
3540.152 607.01314 2.769 -1.725 7.724 1412Ra0035
3540.154 106.00112 1.071 -5.099 3.464 AX20R245
3540.165 26.0 3.239 -4.3 "" ""
3540.267 24.1 4.412 -3.27 "" ""
3540.317 42.0 2.756 -1.7 "" ""
3540.32 26.0 2.196 -4.2 "" ""
3540.342 28.0 3.765 -1.85 "" ""
3540.389 607.01314 2.85 -1.059 7.724 1412Rb0195
3540.398 27.0 3.064 -5.07 "" ""
3540.402 23.0 1.847 -5.7 "" ""
3540.407 607.01314 2.85 -3.99 7.724 1412Qd0205
3540.438 607.01314 2.768 -1.992 7.724 1412Rb0015
3540.44 607.01314 2.768 -3.138 7.724 1412Qd0025
3540.447 23.1 2.52 -3.51 "" ""
3540.448 607.01314 2.768 -1.838 7.724 1412Ra0025
3540.452 42.0 2.913 -1.01 "" ""
3540.465 92.1 0.708 -0.23 "" ""
3540.469 25.1 6.9 -5.52 "" ""
3540.489 27.0 3.051 -5.03 "" ""
3540.535 23.0 1.063 -1.89 "" ""
3540.539 25.0 4.723 -3.05 "" ""
3540.566 42.0 3.263 -0.6 "" ""
3540.59 106.00112 0.362 -7.019 3.464 AX20R135
3540.619 106.00112 0.362 -4.619 3.464 AX20Q135
3540.63 26.0 3.239 -3.47 "" ""
3540.637 106.00112 0.362 -4.578 3.464 AX20Q145
3540.643 23.0 1.948 -4.49 "" ""
3540.665 106.00112 0.362 -6.705 3.464 AX20P145
3540.689 66.1 1.462 -0.11 "" ""
3540.696 106.00112 1.199 -6.924 3.464 AX52R175
3540.699 106.00112 1.199 -4.217 3.464 AX52Q185
3540.703 26.0 3.6 -3.12 "" ""
3540.71 26.0 0.914 -2.49 OBR91 ""
3540.74 106.00112 1.199 -4.246 3.464 AX52Q175
3540.744 106.00112 1.199 -6.473 3.464 AX52P185
3540.746 26.0 3.692 -7.45 "" ""
3540.763 607.01314 2.767 -2.248 7.724 1412Rb0005
3540.765 26.0 2.586 -4.28 "" ""
3540.765 607.01314 2.767 -2.946 7.724 1412Qd0015
3540.771 607.01314 2.767 -1.992 7.724 1412Ra0015
3540.8 26.0 2.431 -2.4 "" ""
3540.816 23.0 2.377 -0.66 "" ""
3540.825 25.0 2.886 -4.2 "" ""
3540.841 23.1 5.835 -3.81 "" ""
3540.859 23.0 1.892 -1.14 "" ""
3540.959 607.01214 0.592 -0.825 7.724 0100Rb0495
3540.96 41.1 1.03 -0.43 Nilsson10 ""
3540.961 106.00112 1.334 -10.165 3.464 CX23P145
3541.005 607.01214 0.592 -4.521 7.724 0100Qd0505
3541.023 106.00113 1.145 -8.745 3.464 AX30P255
3541.025 26.0 3.045 -3.28 "" ""
3541.051 106.00113 0.359 -7.002 3.464 AX20R135
3541.081 106.00113 0.359 -4.618 3.464 AX20Q135
3541.083 26.0 2.849 0.11 "" ""
3541.114 21.0 1.952 -2.9 "" ""
3541.117 607.01314 2.766 -2.549 7.724 1412Qd0005
3541.121 607.01314 2.766 -2.248 7.724 1412Ra0005
3541.147 23.0 0.017 -4.57 "" ""
3541.15 26.0 3.879 -2.71 "" ""
3541.15 60.1 0.182 -1.95 LAWLER ""
3541.153 106.00113 0.359 -4.577 3.464 AX20Q145
3541.171 23.1 6.491 -2.77 "" ""
3541.183 106.00113 0.359 -6.719 3.464 AX20P145
3541.212 26.0 1.484 -6.16 "" ""
3541.231 25.0 4.682 -1.4 "" ""
3541.234 23.0 1.868 -3.21 "" ""
3541.25 41.1 1.67 -0.85 Nilsson10 ""
3541.264 106.00112 1.316 -4.997 3.464 AX52R205
3541.278 106.00113 1.145 -8.517 3.464 AX31R225
3541.323 106.00112 1.316 -6.661 3.464 AX52Q205
3541.323 26.0 3.94 -3.89 "" ""
3541.334 106.00113 1.144 -7.233 3.464 CX01P215
3541.334 23.1 2.599 -1.27 "" ""
3541.335 106.00112 1.316 -4.877 3.464 AX52R195
3541.382 106.00112 1.508 -10.06 3.464 CX02R235
3541.445 106.00113 1.308 -8.055 3.464 CX12P195
3541.458 27.0 3.051 -6.12 "" ""
3541.506 24.0 3.373 -3.51 "" ""
3541.539 26.1 5.565 -2.8 "" ""
3541.605 27.0 2.784 -3.35 "" ""
3541.61 60.1 0.32 -1.3 LAWLER ""
3541.616 90.1 1.048 -0.84 "" ""
3541.63 44.0 0.811 -1.04 "" ""
3541.652 58.1 0.459 -1.16 "" ""
3541.663 22.0 2.091 -5.82 "" ""
3541.708 21.1 7.13 -4.69 "" ""
3541.735 20.0 4.128 -5.03 "" ""
3541.764 26.0 3.632 -4.66 "" ""
3541.811 106.00112 1.424 -10.527 3.464 CX34P095
3541.853 20.0 2.519 -7.54 "" ""
3541.855 21.0 1.942 -2.8 "" ""
3541.871 26.0 3.879 -1.47 "" ""
3541.882 73.1 0.128 -1.14 "" ""
3541.889 41.0 1.629 -0.12 "" ""
3541.901 607.01314 2.767 -2.549 7.724 1412Qc0005
3541.903 607.01314 2.767 -2.248 7.724 1412Pa0015
3541.905 45.0 1.364 -0.32 "" ""
3541.907 76.0 1.746 -1.2 "" ""
3541.931 607.01214 0.569 -0.825 7.724 0100Ra0495
