wavelength species excitation loggf disassociation_energy comment
4435.457 63.1151 0.207 -0.696 LAWLER ""
4435.465 63.1151 0.207 -1.708 LAWLER ""
4435.472 63.1151 0.207 -3.034 LAWLER ""
4435.485 106.00112 0.911 -4.315 3.464 AX22P115
4435.525 63.1151 0.207 -0.816 LAWLER ""
4435.533 63.1151 0.207 -1.525 LAWLER ""
4435.539 63.1151 0.207 -2.689 LAWLER ""
4435.54 42.0 2.834 -2.02 "" ""
4435.54 63.1153 0.207 -0.696 LAWLER ""
4435.541 63.1153 0.207 -1.708 LAWLER ""
4435.544 63.1153 0.207 -3.028 LAWLER ""
4435.568 63.1153 0.207 -0.816 LAWLER ""
4435.571 63.1153 0.207 -1.525 LAWLER ""
4435.575 63.1153 0.207 -2.688 LAWLER ""
4435.582 63.1151 0.207 -0.947 LAWLER ""
4435.589 63.1151 0.207 -1.491 LAWLER ""
4435.593 63.1153 0.207 -0.947 LAWLER ""
4435.594 63.1151 0.207 -2.577 LAWLER ""
4435.597 63.1153 0.207 -1.491 LAWLER ""
4435.6 63.1153 0.207 -2.577 LAWLER ""
4435.613 106.00112 1.085 -5.271 3.464 BX11R215
4435.614 63.1153 0.207 -1.093 LAWLER ""
4435.618 63.1153 0.207 -1.55 LAWLER ""
4435.621 63.1153 0.207 -2.688 LAWLER ""
4435.627 63.1151 0.207 -1.093 LAWLER ""
4435.63 63.1153 0.207 -1.256 LAWLER ""
4435.633 63.1151 0.207 -1.55 LAWLER ""
4435.633 63.1153 0.207 -1.733 LAWLER ""
4435.637 63.1151 0.207 -2.689 LAWLER ""
4435.64 63.1153 0.207 -1.432 LAWLER ""
4435.649 106.00113 0.908 -4.351 3.464 AX22P115
4435.65 106.00112 1.853 -3.801 3.464 AX11Q305
4435.66 63.1151 0.207 -1.256 LAWLER ""
4435.664 63.1151 0.207 -1.733 LAWLER ""
4435.679 20.0 1.886 -0.53 LAWLER ""
4435.681 63.1151 0.207 -1.432 LAWLER ""
4435.714 106.00112 1.853 -1.299 3.464 AX11P315
4435.741 25.1 5.468 -2.58 "" ""
4435.749 23.1 5.784 -2.63 "" ""
4435.782 106.00112 1.108 -4.253 3.464 AX33P085
4435.799 607.01314 1.933 -1.268 7.724 0507Rb0345
4435.806 607.01314 2.593 -1.169 7.724 0810Ra0355
4435.809 106.00112 1.853 -1.304 3.464 AX11P305
4435.826 57.1139 0.0 -4.039 Lawle01HFS ""
4435.827 607.01314 2.593 -1.18 7.724 0810Rb0345
4435.828 57.1139 0.0 -3.738 Lawle01HFS ""
4435.829 57.1139 0.0 -3.817 Lawle01HFS ""
4435.83 57.1139 0.0 -3.621 Lawle01HFS ""
4435.832 57.1139 0.0 -3.555 Lawle01HFS ""
4435.834 57.1139 0.0 -3.914 Lawle01HFS ""
4435.836 57.1139 0.0 -3.35 Lawle01HFS ""
4435.839 57.1139 0.0 -3.496 Lawle01HFS ""
4435.841 607.01314 1.933 -4.659 7.724 0507Qd0355
4435.842 57.1139 0.0 -4.06 Lawle01HFS ""
4435.844 57.1139 0.0 -3.143 Lawle01HFS ""
4435.848 57.1139 0.0 -3.53 Lawle01HFS ""
4435.851 57.1139 0.0 -4.294 Lawle01HFS ""
4435.854 57.1139 0.0 -2.972 Lawle01HFS ""
4435.859 57.1139 0.0 -3.712 Lawle01HFS ""
4435.862 57.1139 0.0 -4.712 Lawle01HFS ""
4435.864 607.01314 2.593 -4.574 7.724 0810Qd0355
4435.889 26.0 4.28 -4.42 "" ""
4435.922 22.0 2.406 -2.61 "" ""
4435.978 106.00113 0.313 -4.366 3.464 AX00P125
4435.991 106.00112 1.507 -3.697 3.464 AX22Q225
4435.999 24.1 6.863 -4.51 "" ""
4436.044 23.1 3.75 -2.45 "" ""
4436.048 90.1 1.322 -1.78 "" ""
4436.071 106.00112 1.508 -1.43 3.464 AX22P235
4436.081 26.1 6.133 -4.3 "" ""
4436.084 106.00112 1.507 -1.442 3.464 AX22P225
4436.096 64.0 0.213 -0.74 "" ""
4436.117 23.0051 0.262 -1.736 LAWLER ""
4436.119 23.0051 0.262 -1.715 LAWLER ""
4436.121 23.0051 0.262 -1.861 LAWLER ""
4436.139 23.0051 0.262 -2.192 LAWLER ""
4436.141 23.0051 0.262 -1.715 LAWLER ""
4436.144 23.0051 0.262 -1.394 LAWLER ""
4436.162 27.0 4.055 -3.58 "" ""
4436.187 26.0 4.188 -2.92 "" ""
4436.191 27.0 2.868 -2.11 LAWNHFS ""
4436.209 58.1 0.899 -1.4 LAWLER ""
4436.213 64.1 1.725 0.05 "" ""
4436.23 106.00112 1.569 -3.575 3.464 AX44R135
4436.248 607.01314 2.1 -1.259 7.724 0608Ra0315
4436.257 22.0 3.212 -1.39 "" ""
4436.264 607.01314 2.1 -1.271 7.724 0608Rb0305
4436.269 106.00112 1.569 -1.409 3.464 AX44Q135
4436.285 90.1 1.144 -1.85 "" ""
4436.288 106.00112 1.569 -1.388 3.464 AX44Q145
4436.301 607.01314 2.1 -4.562 7.724 0608Qd0315
4436.309 26.0 4.555 -2.74 "" ""
4436.31 76.0 0.34 -2.42 "" ""
4436.327 106.00112 1.569 -3.57 3.464 AX44P145
4436.343 25.0 4.824 -0.09 "" ""
4436.357 25.0 2.918 -0.29 "" ""
4436.392 106.00112 1.108 -4.28 3.464 AX33P085
4436.404 23.1 6.291 -1.39 "" ""
4436.424 24.0 3.319 -1.54 "" ""
4436.426 25.0 5.108 -3.82 "" ""
4436.426 27.0 1.709 -2.76 "" ""
4436.446 27.0 3.968 -2.86 "" ""
4436.459 24.0 3.889 -3.61 "" ""
4436.551 106.00112 0.912 -4.35 3.464 AX22P115
4436.551 90.1 1.769 -1.08 "" ""
4436.556 607.01314 2.308 -1.244 7.724 0709Ra0305
4436.586 22.0 1.878 -0.75 LAWLER ""
4436.592 24.0 3.11 -5.32 "" ""
4436.608 607.01314 2.308 -1.257 7.724 0709Rb0295
4436.641 607.01314 2.308 -4.521 7.724 0709Qd0305
4436.664 106.00113 0.894 -2.14 3.464 BX01Q175
4436.666 106.00112 2.372 -7.999 3.464 CX04P285
4436.674 106.00113 0.894 -5.755 3.464 BX01P185
4436.674 22.0 2.425 -0.7 "" ""
4436.677 106.00112 1.984 -3.889 3.464 AX33R255
4436.706 106.00112 1.291 -4.361 3.464 AX44P035
4436.742 106.00113 0.894 -5.578 3.464 BX01R175
4436.745 106.00112 1.984 -1.201 3.464 AX33Q265
4436.746 106.00112 2.372 -10.71 3.464 CX04Q275
4436.749 21.0 2.567 -1.13 "" ""
4436.752 106.00113 0.894 -2.093 3.464 BX01Q185
4436.774 106.00112 0.314 -4.366 3.464 AX00P125
4436.783 26.0 4.206 -3.6 "" ""
4436.791 24.0 2.706 -4.64 "" ""
4436.822 106.00112 1.984 -1.188 3.464 AX33Q255
4436.823 106.00113 1.147 -5.825 3.464 BX01P225
4436.825 24.0 3.842 -2.29 "" ""
4436.841 106.00112 1.291 -4.373 3.464 AX44P035
4436.852 106.00113 1.147 -1.996 3.464 BX01Q215
4436.859 23.0 2.682 -2.47 "" ""
4436.871 42.0 2.289 -1.42 "" ""
4436.891 106.00112 1.984 -3.865 3.464 AX33P265
4436.897 23.1 6.542 -3.67 "" ""
4436.901 106.00112 2.372 -8.455 3.464 CX04P275
4436.921 26.0 3.045 -2.11 "" ""
4436.922 106.00113 1.147 -1.971 3.464 BX01Q225
4436.951 106.00113 1.147 -5.663 3.464 BX01R215
4436.954 74.0 2.6 -0.04 "" ""
4436.966 28.0 3.495 -1.42 "" ""
4437.007 607.01314 2.579 -1.18 7.724 0810Ra0345
4437.024 106.00113 1.606 -3.598 3.464 AX44R145
4437.034 607.01314 2.579 -1.192 7.724 0810Rb0335
4437.036 27.1 3.137 -4.28 "" ""
4437.053 22.0 3.196 -2.5 "" ""
4437.062 106.00113 1.606 -1.389 3.464 AX44Q145
4437.07 607.01314 2.579 -4.561 7.724 0810Qd0345
4437.078 24.0 3.119 -7.81 "" ""
4437.092 28.1 6.99 -4.65 "" ""
4437.094 76.0 1.907 -1.64 "" ""
4437.14 106.00113 1.606 -1.371 3.464 AX44Q155
4437.143 42.0 1.334 -2.71 "" ""
4437.157 26.0 4.28 -2.47 "" ""
4437.178 106.00113 1.606 -3.621 3.464 AX44P155
4437.267 79.0 5.721 -0.64 "" ""
4437.273 22.0 3.282 -4.15 "" ""
4437.277 106.00113 1.563 -3.852 3.464 AX55R045
4437.315 24.0 3.11 -4.57 "" ""
4437.336 23.1 6.659 -4.67 "" ""
4437.34 39.0 1.373 -0.82 "" ""
4437.341 106.00112 0.46 -5.319 3.464 BX01P075
4437.348 607.01314 1.918 -1.268 7.724 0507Ra0345
4437.363 25.0 3.761 -4.35 "" ""
4437.38 106.00113 1.563 -3.837 3.464 AX55R045
4437.393 69.1 2.764 -0.24 "" ""
4437.409 23.0 1.858 -3.34 "" ""
4437.45 64.1 1.371 -1.46 LAWLER ""
4437.464 607.01314 1.918 -1.28 7.724 0507Rb0335
4437.505 607.01314 1.918 -4.647 7.724 0507Qd0345
4437.537 20.0 5.979 -3.8 "" ""
4437.563 28.0 3.676 -1.24 "" ""
4437.608 58.1 0.822 -0.82 "" ""
4437.639 20.0 6.035 -3.62 "" ""
4437.643 20.0 5.979 -3.22 "" ""
4437.652 106.00113 0.596 -2.763 3.464 BX01P115
4437.663 68.0 1.332 0.18 "" ""
4437.676 607.01314 2.088 -1.272 7.724 0608Ra0305
4437.684 26.0 2.69 -3.42 "" ""
4437.697 607.01314 2.088 -1.285 7.724 0608Rb0295
4437.718 106.00113 0.596 -7.786 3.464 BX01Q115
4437.733 607.01314 2.088 -4.548 7.724 0608Qd0305
4437.801 23.0051 0.286 -2.516 LAWLER ""
4437.802 23.0051 0.286 -2.236 LAWLER ""
4437.804 23.0051 0.286 -2.516 LAWLER ""
4437.804 23.0051 0.286 -3.537 LAWLER ""
4437.805 23.0051 0.286 -2.098 LAWLER ""
4437.807 23.0051 0.286 -2.838 LAWLER ""
4437.809 23.0051 0.286 -2.236 LAWLER ""
4437.81 23.0051 0.286 -2.032 LAWLER ""
4437.813 23.0051 0.286 -2.391 LAWLER ""
4437.815 23.0051 0.286 -2.098 LAWLER ""
4437.816 23.0051 0.286 -2.026 LAWLER ""
4437.82 23.0051 0.286 -2.06 LAWLER ""
4437.823 23.0051 0.286 -2.032 LAWLER ""
4437.825 23.0051 0.286 -2.09 LAWLER ""
4437.829 23.0051 0.286 -1.797 LAWLER ""
4437.833 23.0051 0.286 -2.026 LAWLER ""
4437.835 23.0051 0.286 -2.294 LAWLER ""
4437.84 23.0051 0.286 -1.578 LAWLER ""
4437.844 23.0051 0.286 -2.09 LAWLER ""
4437.846 607.01314 2.296 -1.257 7.724 0709Ra0295
4437.853 23.0051 0.286 -1.391 LAWLER ""
4437.858 23.0051 0.286 -2.294 LAWLER ""
4437.874 27.0 3.772 -1.39 "" ""
4437.9 106.00113 0.596 -2.72 3.464 BX01P125
4437.915 41.0 2.165 -0.67 "" ""
4437.932 607.01314 2.296 -1.271 7.724 0709Rb0285
4437.952 106.00112 1.598 -4.041 3.464 AX55R065
4437.964 607.01314 2.296 -4.507 7.724 0709Qd0295
4438.029 106.00113 1.503 -1.43 3.464 AX22P235
4438.035 40.0 0.542 -1.52 "" ""
4438.039 38.0 1.846 -0.96 "" ""
4438.041 72.0 0.684 -1.25 "" ""
4438.049 106.00112 1.832 -4.562 3.464 AX55R145
4438.079 20.0 5.317 -1.68 "" ""
4438.08 24.0 3.823 -3.14 "" ""
4438.106 106.00113 1.503 -3.735 3.464 AX22Q225
4438.118 23.0 1.852 -2.2 "" ""
4438.158 24.0 3.32 -1.7 "" ""
4438.175 24.0 2.707 -4.37 "" ""
4438.183 106.00113 1.341 -2.161 3.464 AX44P065
4438.186 106.00112 1.598 -4.021 3.464 AX55R065
4438.201 607.01314 2.565 -1.192 7.724 0810Ra0335
4438.222 22.0 2.248 -0.84 LAWLER ""
4438.222 22.0 3.145 -2.92 "" ""
4438.223 106.00113 1.503 -1.443 3.464 AX22P225
4438.229 24.0 3.11 -2.35 "" ""
4438.232 607.01314 2.565 -1.204 7.724 0810Rb0325
4438.25 64.1 0.662 -0.82 LAWLER ""
4438.267 106.00113 1.341 -3.332 3.464 AX44Q065
4438.267 607.01314 2.565 -4.548 7.724 0810Qd0335
4438.281 74.0 2.351 -0.84 "" ""
4438.286 26.0 4.309 -3.52 "" ""
4438.343 26.0 3.684 -1.63 "" ""
4438.452 106.00113 1.607 -3.617 3.464 AX44R145
4438.489 106.00113 1.607 -1.371 3.464 AX44Q155
4438.494 106.00113 1.607 -1.388 3.464 AX44Q145
4438.516 26.0 3.879 -1.96 "" ""
4438.531 106.00113 1.607 -3.604 3.464 AX44P155
4438.55 106.00113 1.341 -2.161 3.464 AX44P065
4438.557 106.00113 1.341 -2.095 3.464 AX44P075
4438.609 68.1 1.368 -2.7 LAWLER ""
4438.629 26.0 4.28 -3.33 "" ""
4438.634 106.00113 1.341 -3.345 3.464 AX44Q065
4438.652 106.00113 1.908 -11.628 3.464 CX15P165
4438.809 26.0 4.281 -3.53 "" ""
4438.884 106.00113 1.341 -2.096 3.464 AX44P075
4438.936 23.0 1.948 -2.14 "" ""
4438.937 26.0 4.298 -3.6 "" ""
4438.94 65.1 1.149 -0.56 LAWNOHFS ""
4438.942 21.0 3.099 -2.5 "" ""
4438.955 42.0 3.387 -0.73 "" ""
4438.965 24.0 3.854 -2.58 "" ""
4438.989 23.0 2.364 -0.4 "" ""
4438.99 60.1 0.182 -1.35 LAWLER ""
4438.995 607.01314 1.904 -1.28 7.724 0507Ra0335
4439.02 106.00113 1.908 -6.524 3.464 CX15Q155
4439.086 607.01314 2.075 -1.285 7.724 0608Ra0295
4439.106 607.01314 1.904 -1.292 7.724 0507Rb0325
4439.112 607.01314 2.075 -1.299 7.724 0608Rb0285
4439.124 90.1 1.377 -0.93 "" ""
4439.125 607.01314 2.284 -1.271 7.724 0709Ra0285
4439.127 106.00113 1.376 -3.583 3.464 AX33Q155
4439.13 106.00113 1.908 -6.544 3.464 CX15Q165
4439.132 106.00112 1.509 -1.43 3.464 AX22P235
4439.134 26.1 2.69 -5.27 "" ""
4439.146 607.01314 1.904 -4.634 7.724 0507Qd0335
4439.146 607.01314 2.075 -4.534 7.724 0608Qd0295
4439.147 106.00112 0.898 -2.14 3.464 BX01Q175
4439.151 106.00112 0.898 -5.754 3.464 BX01P185
4439.151 22.1 4.965 -2.96 "" ""
4439.157 106.00113 1.376 -1.642 3.464 AX33P155
4439.177 106.00112 1.509 -3.734 3.464 AX22Q225
4439.196 70.0 2.142 -0.11 "" ""
4439.209 106.00112 1.832 -4.52 3.464 AX55R145
4439.228 106.00112 0.898 -5.577 3.464 BX01R175
4439.232 106.00112 0.898 -2.093 3.464 BX01Q185
4439.233 607.01314 2.284 -1.286 7.724 0709Rb0275
4439.239 106.00113 1.376 -1.619 3.464 AX33P165
4439.24 58.1 1.365 -0.4 "" ""
4439.257 23.0 2.576 -0.62 "" ""
4439.264 607.01314 2.284 -4.492 7.724 0709Qd0285
4439.268 24.0 3.32 -1.92 "" ""
4439.271 106.00112 1.509 -1.442 3.464 AX22P225
4439.388 607.01314 2.551 -1.204 7.724 0810Ra0325
4439.421 607.01314 2.551 -1.216 7.724 0810Rb0315
4439.428 23.1 2.219 -4.18 "" ""
4439.452 20.0 6.036 -3.62 "" ""
4439.455 607.01314 2.551 -4.535 7.724 0810Qd0325
4439.456 27.1 3.007 -5.01 "" ""
4439.498 106.00113 1.908 -9.804 3.464 CX15R155
4439.634 26.0 3.045 -2.84 "" ""
4439.634 26.0 4.545 -2.58 "" ""
4439.643 76.0 1.907 -1.34 "" ""
4439.737 106.00113 1.848 -1.3 3.464 AX11P315
4439.764 44.0 1.32 -0.8 "" ""
4439.797 106.00113 1.848 -3.848 3.464 AX11Q305
4439.825 27.0 4.018 -3.62 "" ""
4439.841 25.0 5.083 -1.22 "" ""
4439.882 26.0 2.277 -3.0 "" ""
4439.893 106.00112 0.598 -2.763 3.464 BX01P115
4439.902 20.0 6.007 -5.74 "" ""
4439.949 106.00113 1.848 -1.304 3.464 AX11P305
4439.956 106.00112 1.085 -6.261 3.464 BX11P215
4439.962 106.00112 0.598 -7.786 3.464 BX01Q115
4439.988 106.00112 1.085 -2.663 3.464 BX11Q205
4440.047 106.00112 1.085 -2.467 3.464 BX11Q215
4440.079 106.00112 1.085 -6.048 3.464 BX11R205
4440.083 25.0 3.761 -4.61 "" ""
4440.107 23.0 2.357 -3.15 "" ""
4440.109 23.1 6.576 -2.87 "" ""
4440.11 58.1 0.721 -1.89 LAWLER ""
4440.115 25.0 4.657 -0.93 "" ""
4440.144 25.0 4.317 -4.36 "" ""
4440.158 106.00112 0.598 -2.72 3.464 BX01P125
4440.221 24.0 3.11 -2.15 "" ""
4440.266 106.00112 1.986 -1.201 3.464 AX33Q265
4440.324 23.0 2.372 -1.21 "" ""
4440.331 106.00112 1.986 -3.919 3.464 AX33R255
4440.343 22.0 1.872 -0.39 LAWLER ""
4440.391 25.1 7.376 -4.87 "" ""
4440.391 607.01314 2.273 -1.286 7.724 0709Ra0275
4440.408 23.1 4.002 -1.62 "" ""
4440.412 106.00112 1.986 -3.837 3.464 AX33P265
4440.417 106.00112 1.601 -6.766 3.464 AX01R285
4440.43 26.1 6.698 -2.9 "" ""
4440.432 41.0 1.608 -1.32 "" ""
4440.448 75.0 2.147 -1.21 "" ""
4440.453 40.1 1.208 -1.04 Ljung06 ""
4440.457 26.0 4.648 -4.25 "" ""
4440.459 106.00113 0.683 -4.353 3.464 AX11P135
4440.476 106.00112 1.986 -1.188 3.464 AX33Q255
4440.479 26.0 3.6 -2.07 "" ""
4440.479 607.01314 2.063 -1.299 7.724 0608Ra0285
4440.507 106.00112 1.381 -3.583 3.464 AX33Q155
4440.509 607.01314 2.063 -1.313 7.724 0608Rb0275
4440.512 607.01314 2.273 -1.3 7.724 0709Rb0265
4440.542 607.01314 2.063 -4.519 7.724 0608Qd0285
4440.542 607.01314 2.273 -4.476 7.724 0709Qd0275
4440.554 106.00113 1.932 -3.82 3.464 AX11Q315
4440.555 106.00112 1.856 -1.3 3.464 AX11P315
4440.558 106.00112 1.381 -1.642 3.464 AX33P155
4440.566 607.01314 2.538 -1.217 7.724 0810Ra0315
4440.568 22.0 0.899 -3.71 "" ""
4440.569 106.00113 1.932 -1.297 3.464 AX11P325
4440.574 90.1 0.0 -2.83 "" ""
4440.578 23.0 1.08 -3.92 "" ""
4440.579 106.00113 1.688 -10.163 3.464 CX15Q105
4440.601 607.01314 2.538 -1.229 7.724 0810Rb0305
4440.618 607.01314 1.89 -1.292 7.724 0507Ra0325
4440.622 24.0 3.844 -2.27 "" ""
4440.629 106.00112 1.381 -1.619 3.464 AX33P165
4440.634 607.01314 2.538 -4.521 7.724 0810Qd0315
4440.644 106.00112 1.856 -3.848 3.464 AX11Q305
4440.649 106.00113 1.852 -10.693 3.464 CX04P205
4440.689 106.00113 2.038 -3.947 3.464 AX33R265
4440.71 106.00113 1.932 -1.299 3.464 AX11P315
4440.711 106.00112 1.611 -3.598 3.464 AX44R145
4440.714 106.00113 2.038 -1.226 3.464 AX33Q275
4440.721 106.00113 1.688 -6.69 3.464 CX15R095
4440.724 607.01314 1.89 -1.305 7.724 0507Rb0315
4440.731 607.01214 1.626 -1.986 7.724 0002Rb0695
4440.737 92.0 0.471 -1.1 "" ""
4440.76 106.00112 1.611 -1.388 3.464 AX44Q145
4440.763 607.01314 1.89 -4.621 7.724 0507Qd0325
4440.798 26.0 4.175 -3.36 "" ""
4440.806 106.00112 1.856 -1.304 3.464 AX11P305
4440.825 26.0 3.957 -1.6 "" ""
4440.828 607.01214 1.626 -5.944 7.724 0002Qd0705
4440.835 106.00112 1.611 -1.37 3.464 AX44Q155
4440.835 22.0 2.332 -4.83 "" ""
4440.861 106.00113 1.419 -11.19 3.464 CX04R105
4440.866 90.1 1.049 -0.92 Nils02/8 ""
4440.881 58.1 0.807 -0.76 "" ""
4440.884 106.00112 1.611 -3.62 3.464 AX44P155
4440.885 106.00113 1.688 -6.629 3.464 CX15R105
4440.926 106.00113 1.377 -3.61 3.464 AX33Q155
4440.952 106.00113 1.956 -4.788 3.464 AX55R175
4440.956 106.00113 1.377 -1.619 3.464 AX33P165
4440.959 27.0 3.71 -1.43 "" ""
4440.969 26.0 3.298 -2.15 "" ""
4440.999 106.00112 1.344 -2.161 3.464 AX44P065
4440.999 24.0 3.119 -2.29 "" ""
4441.0 27.0 4.046 -2.24 "" ""
4441.001 106.00113 2.038 -1.204 3.464 AX33Q265
4441.003 26.0 4.217 -2.33 "" ""
4441.009 106.00113 1.377 -1.642 3.464 AX33P155
4441.026 106.00113 2.038 -3.904 3.464 AX33P275
4441.038 73.0 1.236 -1.53 "" ""
4441.076 106.00112 1.344 -3.331 3.464 AX44Q065
4441.2 106.00113 1.57 -3.718 3.464 AX22Q235
4441.213 68.1 0.636 -2.19 LAWLER ""
4441.231 106.00113 1.853 -8.095 3.464 CX04Q195
4441.256 106.00113 1.57 -1.418 3.464 AX22P245
4441.266 22.0 1.872 -0.8 LAWLER ""
4441.288 25.0 4.35 -3.38 "" ""
4441.307 106.00112 0.686 -4.352 3.464 AX11P135
4441.324 21.0 3.081 -2.71 "" ""
4441.334 106.00113 1.852 -8.985 3.464 CX04Q205
4441.352 106.00113 1.57 -1.429 3.464 AX22P235
4441.37 106.00112 1.345 -2.16 3.464 AX44P065
4441.371 106.00112 1.345 -2.095 3.464 AX44P075
4441.417 106.00113 1.593 -6.766 3.464 AX01R285
4441.439 22.0 3.184 -1.79 "" ""
4441.444 28.0 3.304 -2.23 LAWLER ""
4441.447 106.00112 1.345 -3.344 3.464 AX44Q065
4441.462 20.0 4.765 -3.6 "" ""
4441.526 106.00112 1.94 -3.82 3.464 AX11Q315
4441.538 26.0 4.28 -2.23 "" ""
4441.547 26.0 3.881 -1.9 "" ""
4441.549 25.0 4.35 -1.62 "" ""
4441.59 106.00112 1.94 -1.296 3.464 AX11P325
4441.643 607.01314 2.262 -1.301 7.724 0709Ra0265
4441.652 26.0 3.632 -6.38 "" ""
4441.68 23.0 0.275 -0.62 LAWNOHFS ""
4441.689 106.00112 1.94 -1.299 3.464 AX11P315
4441.701 106.00112 1.345 -2.095 3.464 AX44P075
4441.73 73.0 1.324 -1.41 "" ""
4441.732 607.01314 2.526 -1.229 7.724 0810Ra0305
4441.734 22.1 1.179 -2.41 "" ""
4441.734 26.0 3.299 -3.55 "" ""
4441.739 26.0 3.632 -5.13 "" ""
4441.766 26.0 4.412 -3.48 "" ""
4441.77 607.01314 2.262 -1.316 7.724 0709Rb0255
4441.77 607.01314 2.526 -1.243 7.724 0810Rb0295
4441.793 41.0 1.177 -1.27 "" ""
4441.799 607.01314 2.262 -4.46 7.724 0709Qd0265
4441.802 607.01314 2.526 -4.507 7.724 0810Qd0305
4441.807 74.0 2.119 -0.87 "" ""
4441.811 26.0 4.442 -3.06 "" ""
4441.815 62.0 0.185 0.08 "" ""
4441.849 27.0 3.663 -2.26 "" ""
4441.853 607.01314 2.052 -1.314 7.724 0608Ra0275
4441.857 24.0 3.432 -4.49 "" ""
4441.886 607.01314 2.052 -1.328 7.724 0608Rb0265
4441.898 106.00113 0.684 -4.395 3.464 AX11P135
4441.917 106.00113 1.853 -11.468 3.464 CX04R195
4441.918 607.01314 2.052 -4.504 7.724 0608Qd0275
4441.947 27.0 0.922 -4.29 LAWNHFS ""
4441.991 25.1 5.468 -2.35 "" ""
4442.111 22.1 4.915 -4.52 "" ""
4442.167 106.00112 1.612 -3.617 3.464 AX44R145
4442.202 42.0 2.079 -0.89 "" ""
4442.203 24.0 3.419 -3.97 "" ""
4442.205 106.00112 1.382 -3.61 3.464 AX33Q155
4442.209 106.00112 1.612 -1.371 3.464 AX44Q155
4442.216 106.00112 1.612 -1.388 3.464 AX44Q145
4442.217 607.01314 1.877 -1.305 7.724 0507Ra0315
4442.236 106.00112 1.382 -1.619 3.464 AX33P165
4442.256 106.00112 1.382 -1.642 3.464 AX33P155
4442.258 106.00112 1.612 -3.603 3.464 AX44P155
4442.267 24.0 2.998 -1.21 "" ""
4442.267 62.0 0.101 -0.08 "" ""
4442.277 106.00112 1.576 -3.717 3.464 AX22Q235
4442.318 607.01314 1.877 -1.318 7.724 0507Rb0305
4442.339 26.0 2.196 -1.23 OBR91 ""
4442.353 106.00112 1.576 -1.418 3.464 AX22P245
4442.356 607.01314 1.877 -4.608 7.724 0507Qd0315
4442.36 25.0 4.602 -2.46 "" ""
4442.374 106.00112 1.576 -1.429 3.464 AX22P235
4442.421 28.0 3.495 -1.06 "" ""
4442.423 20.0 4.621 -2.36 "" ""
4442.428 26.0 4.431 -2.52 "" ""
4442.456 106.00112 1.581 -3.953 3.464 AX55R055
4442.47 62.1 0.484 -1.39 LAWLER ""
4442.5 40.1 0.999 -1.94 Ljung06 ""
4442.548 78.0 1.25 -1.88 DH05nohfs ""
4442.549 106.00113 1.957 -4.739 3.464 AX55R175
4442.62 106.00112 1.581 -3.935 3.464 AX55R055
4442.734 69.0 2.074 0.07 "" ""
4442.768 106.00112 0.687 -4.394 3.464 AX11P135
4442.811 26.0 4.604 -3.38 "" ""
4442.83 20.0 6.009 -2.75 "" ""
4442.832 26.0 2.174 -2.83 OBR91 ""
4442.879 607.01314 2.251 -1.316 7.724 0709Ra0255
4442.886 607.01314 2.514 -1.243 7.724 0810Ra0295
4442.903 23.0 2.676 -3.17 "" ""
4442.911 106.00113 0.359 -4.348 3.464 AX00P135
4442.923 25.0 3.132 -6.08 "" ""
4442.927 607.01314 2.514 -1.256 7.724 0810Rb0285
4442.959 607.01314 2.514 -4.492 7.724 0810Qd0295
4442.992 40.1 1.486 -0.42 Ljung06 ""
4443.003 22.0 1.979 -5.33 "" ""
4443.007 607.01314 2.251 -1.332 7.724 0709Rb0245
4443.019 25.1 6.172 -4.55 "" ""
4443.035 607.01314 2.251 -4.444 7.724 0709Qd0255
4443.062 607.01214 2.205 -1.24 7.724 0608Rb0345
4443.069 42.0 1.419 -1.88 "" ""
4443.083 72.0 2.277 -0.52 "" ""
4443.087 90.1 1.038 -1.71 "" ""
4443.104 607.01214 2.205 -4.631 7.724 0608Qd0355
4443.108 22.0 1.979 -4.41 "" ""
4443.153 22.0 2.394 -1.43 "" ""
4443.156 26.0 3.412 -3.08 "" ""
4443.173 23.0 1.891 -1.98 "" ""
4443.194 26.0 2.856 -1.02 "" ""
4443.195 21.0 3.099 -1.45 "" ""
4443.196 26.0 3.069 -2.91 "" ""
4443.207 607.01314 2.04 -1.329 7.724 0608Ra0265
4443.231 23.1 3.75 -3.25 "" ""
4443.243 607.01314 2.04 -1.344 7.724 0608Rb0255
4443.249 106.00113 1.212 -6.984 3.464 BX01Q235
4443.259 106.00113 1.651 -3.639 3.464 AX44R155
4443.266 62.0 0.282 -0.85 "" ""
4443.274 607.01314 2.04 -4.488 7.724 0608Qd0265
4443.306 106.00113 1.651 -1.372 3.464 AX44Q155
4443.335 23.0 2.682 0.33 "" ""
4443.364 106.00113 1.651 -1.358 3.464 AX44Q165
4443.393 106.00113 1.552 -3.726 3.464 AX55R035
4443.411 106.00113 1.651 -3.656 3.464 AX44P165
4443.429 42.0 3.185 -1.65 "" ""
4443.448 23.0 2.573 -1.73 "" ""
4443.45 20.0 5.792 -5.75 "" ""
4443.451 106.00113 1.552 -3.714 3.464 AX55R035
4443.453 24.0 3.123 -3.3 "" ""
4443.596 106.00113 1.593 -9.023 3.464 CX15R065
4443.627 106.00112 1.069 -1.072 3.464 BX10P245
4443.627 22.0 3.152 -4.19 "" ""
4443.65 39.0 1.429 -0.6 "" ""
4443.707 24.0 3.553 -0.88 "" ""
4443.732 106.00112 1.069 -5.421 3.464 BX10Q245
4443.735 106.00112 0.361 -4.347 3.464 AX00P135
4443.747 58.1 0.674 -0.73 LAWLER ""
4443.79 607.01314 1.864 -1.318 7.724 0507Ra0305
4443.8 106.00112 1.069 -0.678 3.464 BX10P255
4443.801 22.1 1.079 -0.71 LAWLER ""
4443.879 26.0 4.545 -2.8 "" ""
4443.888 607.01314 1.864 -1.332 7.724 0507Rb0295
4443.912 24.0 3.123 -2.64 "" ""
4443.913 26.0 2.557 -6.14 "" ""
4443.924 607.01314 1.864 -4.594 7.724 0507Qd0305
4443.946 106.00113 0.948 -4.338 3.464 AX22P125
4443.958 20.0 5.983 -4.89 "" ""
4443.99 42.0 3.205 -0.89 "" ""
4443.993 23.0 2.579 -0.87 "" ""
4444.023 607.01314 2.502 -1.257 7.724 0810Ra0285
4444.064 22.0 2.406 -1.64 "" ""
4444.073 607.01314 2.502 -1.271 7.724 0810Rb0275
4444.074 74.0 2.6 -1.04 "" ""
4444.097 607.01314 2.241 -1.332 7.724 0709Ra0245
4444.105 607.01314 2.502 -4.477 7.724 0810Qd0285
4444.108 607.01214 1.595 -1.986 7.724 0002Ra0695
4444.11 60.1 0.32 -2.03 LAWLER ""
4444.116 14.0 4.95 -2.03 "" ""
4444.123 106.00113 1.213 -2.253 3.464 BX01R225
4444.135 106.00113 1.302 -4.246 3.464 AX44P045
4444.151 28.1 4.029 -4.76 "" ""
4444.183 23.0051 0.267 -1.964 LAWLER ""
4444.185 23.0051 0.267 -1.788 LAWLER ""
4444.191 23.0051 0.267 -1.788 LAWLER ""
4444.193 23.0051 0.267 -9.76 LAWLER ""
4444.196 23.0051 0.267 -1.663 LAWLER ""
4444.203 607.01214 1.595 -1.993 7.724 0002Rb0685
4444.204 23.0051 0.267 -1.663 LAWLER ""
4444.207 23.0051 0.267 -1.982 LAWLER ""
4444.208 23.1 1.816 -4.07 "" ""
4444.21 23.0051 0.267 -1.777 LAWLER ""
4444.211 24.0 3.123 -2.84 "" ""
4444.22 23.0051 0.267 -1.777 LAWLER ""
4444.223 23.0051 0.267 -1.366 LAWLER ""
4444.225 607.01314 2.241 -1.349 7.724 0709Rb0235
4444.24 42.0 3.209 -1.78 "" ""
4444.252 607.01314 2.241 -4.427 7.724 0709Qd0245
4444.258 22.0 2.238 -0.75 LAWLER ""
4444.27 62.1 0.543 -0.47 LAWLER ""
4444.296 60.1 0.38 -1.72 "" ""
4444.299 26.1 6.214 -3.7 "" ""
4444.299 607.01214 1.595 -5.94 7.724 0002Qd0695
4444.303 106.00112 1.22 -2.253 3.464 BX01R225
4444.329 40.0 1.481 -1.1 "" ""
4444.334 106.00113 1.303 -4.261 3.464 AX44P045
4444.38 106.00112 1.22 -6.984 3.464 BX01Q235
4444.39 58.1 0.924 -0.07 BIEMONT ""
4444.392 106.00113 1.572 -1.419 3.464 AX22P245
4444.411 106.00113 0.36 -4.39 3.464 AX00P135
4444.434 42.0 2.985 -1.9 "" ""
4444.461 106.00112 1.22 -2.263 3.464 BX01R235
4444.482 106.00113 1.572 -3.757 3.464 AX22Q235
4444.485 25.0 3.132 -6.08 "" ""
4444.49 22.0 2.304 -4.25 "" ""
4444.493 25.1 6.135 -2.92 "" ""
4444.498 106.00113 1.212 -2.263 3.464 BX01R235
4444.507 44.0 0.997 -1.64 "" ""
4444.539 26.1 6.214 -2.54 "" ""
4444.541 607.01314 2.03 -1.344 7.724 0608Ra0255
4444.544 21.0 3.099 -4.06 "" ""
4444.549 28.0 3.304 -3.13 "" ""
4444.55 106.00112 1.872 -4.629 3.464 AX55R155
4444.554 22.1 1.115 -2.2 LAWLER ""
4444.576 66.0 1.597 0.43 "" ""
4444.58 607.01314 2.03 -1.36 7.724 0608Rb0245
4444.602 607.01214 2.19 -1.24 7.724 0608Ra0345
4444.607 106.00113 1.572 -1.429 3.464 AX22P235
4444.609 607.01314 2.03 -4.471 7.724 0608Qd0255
4444.616 26.0 4.14 -2.48 "" ""
4444.623 106.00113 1.364 -2.076 3.464 AX44P075
4444.623 67.0 1.874 0.64 "" ""
4444.662 607.01214 2.19 -1.252 7.724 0608Rb0335
4444.668 24.0 3.847 -4.12 "" ""
4444.681 106.00112 1.915 -9.803 3.464 CX15R155
4444.684 106.00113 1.364 -3.376 3.464 AX44Q075
4444.689 106.00112 1.604 -6.69 3.464 AX01R285
4444.699 58.1 1.057 0.13 BIEMONT ""
4444.703 607.01214 2.19 -4.619 7.724 0608Qd0345
4444.714 24.0 3.814 -3.81 "" ""
4444.783 106.00112 1.916 -6.543 3.464 CX15Q165
4444.789 106.00112 1.915 -6.523 3.464 CX15Q155
4444.858 106.00113 1.652 -3.659 3.464 AX44R155
4444.88 106.00113 1.652 -1.358 3.464 AX44Q165
4444.891 106.00112 1.916 -11.626 3.464 CX15P165
4444.897 106.00112 0.952 -4.337 3.464 AX22P125
4444.91 106.00113 1.652 -1.372 3.464 AX44Q155
4444.931 106.00113 1.652 -3.637 3.464 AX44P165
4444.936 106.00113 1.364 -2.021 3.464 AX44P085
4444.972 106.00113 1.135 -4.279 3.464 AX33P095
4444.979 64.0 1.673 -0.11 "" ""
4444.981 60.0 0.0 -0.67 "" ""
4445.0 106.00112 1.02 -5.647 3.464 BX11P195
4445.018 24.0 4.407 -1.73 "" ""
4445.034 90.0 1.336 -0.8 "" ""
4445.042 27.0 3.565 -0.9 "" ""
4445.091 106.00113 1.365 -2.076 3.464 AX44P075
4445.149 74.0 1.855 -1.03 "" ""
4445.153 106.00113 1.365 -3.39 3.464 AX44Q075
4445.155 62.0 0.387 0.31 "" ""
4445.157 607.01314 2.491 -1.271 7.724 0810Ra0275
4445.159 27.0 4.055 -2.78 "" ""
4445.163 106.00113 0.949 -4.376 3.464 AX22P125
4445.209 106.00112 2.037 -1.785 3.464 AX44R235
4445.21 607.01314 2.491 -1.286 7.724 0810Rb0265
4445.239 607.01314 2.491 -4.462 7.724 0810Qd0275
4445.252 26.1 2.028 -7.67 "" ""
4445.253 106.00112 0.362 -4.39 3.464 AX00P135
4445.261 106.00112 2.037 -1.729 3.464 AX44R225
4445.296 607.01314 2.231 -1.349 7.724 0709Ra0235
4445.333 106.00112 2.037 -3.98 3.464 AX44Q235
4445.339 607.01314 1.851 -1.332 7.724 0507Ra0295
4445.353 25.0 3.133 -4.23 "" ""
4445.36 106.00113 1.365 -2.021 3.464 AX44P085
4445.366 21.0 2.562 -1.41 "" ""
4445.424 607.01314 2.231 -1.367 7.724 0709Rb0225
4445.433 607.01314 1.851 -1.346 7.724 0507Rb0285
4445.44 25.0 4.604 -2.72 "" ""
4445.449 607.01314 2.231 -4.409 7.724 0709Qd0235
