wavelength species excitation loggf disassociation_energy comment
4506.835 607.01314 1.209 -2.611 7.724 0305Rb0015
4506.838 24.0 4.183 -0.05 "" ""
4506.838 607.01314 1.209 -3.756 7.724 0305Qd0025
4506.851 607.01214 1.061 -2.151 7.724 0002Ra0495
4506.939 607.01214 1.061 -2.16 7.724 0002Rb0485
4506.941 64.1 0.425 -1.9 "" ""
4506.989 607.01214 2.668 -1.477 7.724 0911Pa0175
4507.004 607.01314 0.926 -2.183 7.724 0002Ra0445
4507.01 607.01214 1.061 -5.825 7.724 0002Qd0495
4507.019 607.01214 2.843 -4.063 7.724 1012Qd0105
4507.022 75.0 3.575 0.35 "" ""
4507.027 607.01214 2.668 -4.258 7.724 0911Qc0165
4507.038 26.0 4.635 -1.88 "" ""
4507.04 23.0 1.871 -2.04 "" ""
4507.083 24.1 4.039 -5.3 "" ""
4507.085 607.01314 0.926 -2.193 7.724 0002Rb0435
4507.106 607.01214 2.668 -1.503 7.724 0911Pb0165
4507.109 607.01214 1.103 -1.817 7.724 0103Ra0395
4507.111 26.0 4.368 -4.36 "" ""
4507.113 40.0 0.542 -0.43 "" ""
4507.117 607.01314 2.858 -4.33 7.724 1012Qc0205
4507.119 23.0 1.798 -2.76 "" ""
4507.126 607.01214 1.175 -1.707 7.724 0204Ra0285
4507.13 106.00113 0.638 -5.514 3.464 BX01P125
4507.146 607.01314 0.926 -5.77 7.724 0002Qd0445
4507.147 607.01314 2.858 -1.367 7.724 1012Pa0215
4507.184 607.01214 1.175 -1.722 7.724 0204Rb0275
4507.19 607.01214 1.103 -1.828 7.724 0103Rb0385
4507.196 23.0 1.929 -4.4 "" ""
4507.204 24.1 3.103 -4.08 "" ""
4507.215 26.0 3.109 -2.47 "" ""
4507.216 607.01314 2.858 -1.388 7.724 1012Pb0205
4507.224 607.01214 1.175 -4.925 7.724 0204Qd0285
4507.246 607.01214 1.103 -5.305 7.724 0103Qd0395
4507.274 23.0 2.576 -3.23 "" ""
4507.298 23.0 1.858 -2.82 "" ""
4507.312 25.1 5.986 -5.2 "" ""
4507.329 112.00124 0.186 -6.836 1.340 31P203b24
4507.39 62.1 0.543 -2.37 LAWLER ""
4507.394 607.01214 1.286 -1.795 7.724 0305Ra0155
4507.397 106.00112 1.576 -6.567 3.464 AX12R245
4507.407 20.0 2.521 -2.24 LAWLER ""
4507.408 29.0 5.57 -0.34 "" ""
4507.423 106.00113 1.419 -11.335 3.464 CX04Q105
4507.438 607.01214 2.675 -1.453 7.724 0911Pa0185
4507.448 607.01214 1.286 -1.822 7.724 0305Rb0145
4507.47 607.01214 1.286 -4.508 7.724 0305Qd0155
4507.488 607.01214 2.675 -4.283 7.724 0911Qc0175
4507.489 607.01214 1.47 -3.072 7.724 0406Qc0005
4507.49 607.01214 1.47 -2.77 7.724 0406Pa0015
4507.541 106.00112 1.152 -4.55 3.464 AX11P215
4507.549 607.01214 2.675 -1.477 7.724 0911Pb0175
4507.565 607.01214 2.839 -1.705 7.724 1012Ra0095
4507.565 607.01214 2.839 -1.749 7.724 1012Rb0085
4507.579 106.00113 1.419 -8.726 3.464 CX04R095
4507.59 607.01314 2.867 -4.35 7.724 1012Qc0215
4507.593 22.0 2.248 -3.1 "" ""
4507.622 607.01314 2.867 -1.347 7.724 1012Pa0225
4507.636 607.01314 1.208 -2.611 7.724 0305Ra0015
4507.636 607.01314 1.208 -2.866 7.724 0305Rb0005
4507.644 607.01314 1.208 -3.564 7.724 0305Qd0015
4507.652 106.00113 1.957 -1.973 3.464 AX55R175
4507.691 106.00113 1.957 -3.919 3.464 AX55Q175
4507.691 607.01314 2.867 -1.367 7.724 1012Pb0215
4507.703 106.00113 1.957 -1.936 3.464 AX55R165
4507.71 24.0 3.854 -3.91 "" ""
4507.735 106.00112 0.663 -3.434 3.464 BX12Q005
4507.74 106.00113 1.57 -6.567 3.464 AX12R245
4507.742 106.00112 0.663 -4.031 3.464 BX12R005
4507.754 106.00113 1.419 -8.675 3.464 CX04R105
4507.79 607.01214 2.839 -4.022 7.724 1012Qd0095
4507.845 20.0 2.523 -2.35 LAWLER ""
4507.861 20.0 6.022 -6.02 "" ""
4507.872 607.01214 2.683 -1.43 7.724 0911Pa0195
4507.883 112.00124 0.206 -6.088 1.340 31P206b24
4507.915 20.0 5.881 -4.13 "" ""
4507.927 24.0 3.886 -0.62 "" ""
4507.936 607.01214 2.683 -4.307 7.724 0911Qc0185
4507.939 607.01314 1.055 -1.849 7.724 0204Ra0195
4507.94 607.01314 1.055 -1.87 7.724 0204Rb0185
4507.962 24.0 4.532 -3.18 "" ""
4507.967 607.01314 1.055 -4.752 7.724 0204Qd0195
4507.981 607.01214 2.683 -1.453 7.724 0911Pb0185
4507.982 112.00124 0.064 -5.008 1.340 20P209b24
4508.003 75.0 3.575 -0.03 "" ""
4508.056 607.01314 2.876 -4.37 7.724 1012Qc0225
4508.059 106.00113 1.376 -4.414 3.464 AX33P155
4508.07 24.0 4.528 -2.85 "" ""
4508.079 58.1 0.621 -1.08 LAWLER ""
4508.089 607.01314 2.876 -1.328 7.724 1012Pa0235
4508.097 28.0 3.541 -2.97 "" ""
4508.158 607.01314 2.876 -1.347 7.724 1012Pb0225
4508.178 607.01214 1.471 -3.47 7.724 0406Qc0015
4508.182 607.01214 1.471 -2.514 7.724 0406Pa0025
4508.182 607.01214 1.471 -2.77 7.724 0406Pb0015
4508.198 42.0 2.916 -1.82 "" ""
4508.24 28.0 3.539 -3.0 "" ""
4508.267 22.0 2.173 -1.57 LAWLER ""
4508.281 26.1 2.855 -2.42 LAWLER ""
4508.289 607.01214 2.691 -1.408 7.724 0911Pa0205
4508.315 607.01214 2.835 -1.749 7.724 1012Ra0085
4508.339 607.01214 2.835 -1.797 7.724 1012Rb0075
4508.369 106.00112 1.152 -5.811 3.464 BX01P225
4508.37 607.01214 2.691 -4.329 7.724 0911Qc0195
4508.405 607.01214 2.691 -1.43 7.724 0911Pb0195
4508.408 41.0 1.608 -0.95 "" ""
4508.412 607.01314 1.208 -2.866 7.724 0305Ra0005
4508.413 106.00112 1.152 -1.982 3.464 BX01Q215
4508.415 607.01314 1.208 -3.166 7.724 0305Qd0005
4508.456 106.00112 1.152 -1.957 3.464 BX01Q225
4508.457 112.00124 0.021 -6.118 1.340 20P205b24
4508.457 112.00124 0.064 -6.482 1.340 20Q209b24
4508.499 106.00112 1.152 -5.65 3.464 BX01R215
4508.507 112.00124 0.064 -4.94 1.340 20P109b24
4508.516 607.01314 2.886 -4.389 7.724 1012Qc0235
4508.524 74.1 3.241 -0.84 "" ""
4508.532 20.0 6.049 -1.5 "" ""
4508.542 106.00112 1.567 -2.76 3.464 AX55P035
4508.55 607.01214 2.835 -3.976 7.724 1012Qd0085
4508.551 607.01314 2.886 -1.31 7.724 1012Pa0245
4508.599 607.01314 0.964 -1.885 7.724 0103Ra0325
4508.602 106.00113 1.309 -4.467 3.464 AX22P195
4508.613 106.00113 2.029 -7.64 3.464 CX04P235
4508.619 607.01314 2.886 -1.328 7.724 1012Pb0235
4508.641 106.00113 0.914 -4.558 3.464 AX00P225
4508.663 607.01314 0.964 -1.898 7.724 0103Rb0315
4508.67 27.0 3.809 -2.24 "" ""
4508.674 106.00112 1.567 -2.759 3.464 AX55P035
4508.679 106.00113 2.03 -7.419 3.464 CX04P225
4508.684 607.01214 2.7 -1.387 7.724 0911Pa0215
4508.685 26.0 4.28 -2.33 "" ""
4508.687 24.0 5.27 -2.47 "" ""
4508.707 607.01314 0.964 -5.212 7.724 0103Qd0325
4508.713 607.01214 1.279 -1.822 7.724 0305Ra0145
4508.721 58.1 0.435 -1.59 LAWLER ""
4508.724 112.00124 0.206 -7.104 1.340 31Q206b24
4508.737 106.00112 1.567 -3.314 3.464 AX55Q035
4508.757 112.00124 0.206 -5.963 1.340 31P106b24
4508.759 24.0 4.614 -2.62 "" ""
4508.765 607.01214 1.279 -1.851 7.724 0305Rb0135
4508.785 607.01214 1.279 -4.48 7.724 0305Qd0145
4508.789 607.01214 2.7 -4.351 7.724 0911Qc0205
4508.816 607.01214 2.7 -1.408 7.724 0911Pb0205
4508.832 607.01214 1.472 -3.662 7.724 0406Qc0025
4508.838 607.01214 1.472 -2.359 7.724 0406Pa0035
4508.838 607.01214 1.472 -2.515 7.724 0406Pb0025
4508.869 106.00112 1.567 -3.322 3.464 AX55Q035
4508.909 106.00113 0.663 -4.101 3.464 BX12P015
4508.916 106.00113 0.663 -2.989 3.464 BX12Q015
4508.945 27.0 4.055 -2.72 "" ""
4508.968 607.01214 1.163 -1.722 7.724 0204Ra0275
4508.969 607.01314 2.896 -4.407 7.724 1012Qc0245
4509.006 607.01314 2.896 -1.293 7.724 1012Pa0255
4509.012 27.0 2.698 -4.01 "" ""
4509.025 607.01214 1.163 -1.738 7.724 0204Rb0265
4509.056 607.01214 2.832 -1.797 7.724 1012Ra0075
4509.061 28.0 4.415 -2.6 "" ""
4509.063 607.01214 1.163 -4.91 7.724 0204Qd0275
4509.069 607.01214 2.709 -1.367 7.724 0911Pa0225
4509.073 607.01314 2.896 -1.31 7.724 1012Pb0245
4509.087 23.1 5.845 -2.61 "" ""
4509.09 64.1 1.25 -1.13 LAWLER ""
4509.105 20.0 6.05 -4.69 "" ""
4509.105 607.01214 2.832 -1.851 7.724 1012Rb0065
4509.117 58.1 0.879 -1.28 "" ""
4509.122 20.0 6.05 -5.62 "" ""
4509.124 26.0 2.607 -7.05 "" ""
4509.134 106.00113 0.669 -2.992 3.464 BX12Q015
4509.146 106.00113 0.669 -4.779 3.464 BX12R015
4509.17 58.1 1.347 -0.92 "" ""
4509.191 607.01214 2.709 -4.371 7.724 0911Qc0215
4509.217 25.1 5.376 -3.6 "" ""
4509.219 26.0 4.981 -1.83 "" ""
4509.221 607.01214 2.709 -1.387 7.724 0911Pb0215
4509.234 106.00112 1.567 -2.615 3.464 AX55P045
4509.255 58.1 0.957 -1.07 LAWLER ""
4509.267 26.0 3.045 -3.77 "" ""
4509.272 28.1 6.759 -2.19 "" ""
4509.281 23.0 1.941 -1.16 LAWNOHFS ""
4509.298 607.01214 2.832 -3.924 7.724 1012Qd0075
4509.302 26.0 3.692 -2.46 "" ""
4509.343 106.00112 1.567 -2.615 3.464 AX55P045
4509.347 24.1 5.326 -5.38 "" ""
4509.369 29.0 5.241 -0.74 "" ""
4509.382 607.01314 1.046 -1.871 7.724 0204Ra0185
4509.382 607.01314 1.046 -1.893 7.724 0204Rb0175
4509.398 42.0 3.185 -2.16 "" ""
4509.407 607.01314 1.046 -4.73 7.724 0204Qd0185
4509.417 607.01314 2.906 -4.424 7.724 1012Qc0255
4509.431 607.01214 2.719 -1.349 7.724 0911Pa0235
4509.432 106.00112 0.996 -5.309 3.464 BX12R145
4509.433 607.01214 1.085 -1.828 7.724 0103Ra0385
4509.447 20.0 2.523 -1.89 LAWLER ""
4509.452 607.01214 1.474 -3.792 7.724 0406Qc0035
4509.455 607.01314 2.906 -1.276 7.724 1012Pa0265
4509.457 607.01214 1.474 -2.246 7.724 0406Pa0045
4509.462 607.01214 1.474 -2.359 7.724 0406Pb0035
4509.473 607.01314 0.907 -2.193 7.724 0002Ra0435
4509.494 106.00113 2.03 -12.25 3.464 CX04Q225
4509.514 607.01214 1.085 -1.84 7.724 0103Rb0375
4509.52 607.01314 2.906 -1.293 7.724 1012Pb0255
4509.552 607.01314 0.907 -2.204 7.724 0002Rb0425
4509.568 607.01214 1.085 -5.295 7.724 0103Qd0385
4509.576 607.01214 2.719 -4.391 7.724 0911Qc0225
4509.603 607.01214 2.719 -1.368 7.724 0911Pb0225
4509.612 607.01314 0.907 -5.761 7.724 0002Qd0435
4509.622 23.0 2.579 -2.84 "" ""
4509.624 56.1 6.007 -1.65 "" ""
4509.634 607.01214 1.039 -2.161 7.724 0002Ra0485
4509.653 106.00113 2.112 -6.856 3.464 AX23R285
4509.665 106.00113 1.651 -3.661 3.464 AX44Q155
4509.689 27.0 4.061 -3.32 "" ""
4509.708 106.00113 1.651 -1.733 3.464 AX44P155
4509.72 607.01214 1.039 -2.17 7.724 0002Rb0475
4509.735 26.0 4.217 -1.69 "" ""
4509.771 607.01214 2.729 -1.33 7.724 0911Pa0245
4509.774 106.00113 1.651 -1.715 3.464 AX44P165
4509.79 607.01214 1.039 -5.818 7.724 0002Qd0485
4509.791 607.01214 2.829 -1.851 7.724 1012Ra0065
4509.801 23.1 6.037 -2.3 "" ""
4509.807 106.00112 0.919 -4.558 3.464 AX00P225
4509.815 106.00113 0.661 -3.435 3.464 BX12Q005
4509.85 106.00112 0.641 -5.514 3.464 BX01P125
4509.853 607.01314 1.208 -3.166 7.724 0305Qc0005
4509.854 607.01314 1.208 -2.865 7.724 0305Pa0015
4509.859 607.01314 2.917 -4.441 7.724 1012Qc0265
4509.862 607.01214 2.829 -1.914 7.724 1012Rb0055
4509.87 20.0 4.765 -2.75 "" ""
4509.896 106.00112 1.314 -4.467 3.464 AX22P195
4509.898 607.01314 2.917 -1.26 7.724 1012Pa0275
4509.93 26.0 2.725 -5.71 "" ""
4509.935 22.0 2.504 -3.11 "" ""
4509.935 22.0 2.66 -4.04 "" ""
4509.942 607.01214 2.729 -4.41 7.724 0911Qc0235
4509.962 106.00113 1.377 -4.461 3.464 AX33P155
4509.962 607.01314 2.917 -1.276 7.724 1012Pb0265
4509.966 607.01214 2.729 -1.349 7.724 0911Pb0235
4509.972 106.00112 1.381 -4.414 3.464 AX33P155
4509.997 607.01214 1.273 -1.851 7.724 0305Ra0135
4510.008 24.0 4.529 -2.43 "" ""
4510.033 607.01214 2.829 -3.866 7.724 1012Qd0065
4510.038 607.01214 1.476 -3.892 7.724 0406Qc0045
4510.039 106.00113 1.837 -1.51 3.464 AX33P245
4510.044 607.01214 1.476 -2.157 7.724 0406Pa0055
4510.046 607.01214 1.273 -1.881 7.724 0305Rb0125
4510.051 607.01214 1.476 -2.246 7.724 0406Pb0045
4510.056 59.1141 0.422 -0.66 LI/LAW ""
4510.065 607.01214 1.273 -4.451 7.724 0305Qd0135
4510.088 607.01214 2.739 -1.313 7.724 0911Pa0255
4510.092 44.0 1.002 -1.62 "" ""
4510.1 59.1141 0.422 -2.083 LI/LAW ""
4510.109 59.1141 0.422 -0.725 LI/LAW ""
4510.118 106.00113 1.837 -3.833 3.464 AX33Q235
4510.14 59.1141 0.422 -3.849 LI/LAW ""
4510.149 59.1141 0.422 -1.885 LI/LAW ""
4510.156 59.1141 0.422 -0.791 LI/LAW ""
4510.159 58.1 1.519 -0.46 "" ""
4510.168 58.1 0.969 -1.0 "" ""
4510.184 59.1141 0.422 -3.54 LI/LAW ""
4510.19 106.00113 1.452 -4.336 3.464 AX44P105
4510.191 59.1141 0.422 -1.838 LI/LAW ""
4510.198 59.1141 0.422 -0.859 LI/LAW ""
4510.222 26.0 2.756 -5.39 "" ""
4510.222 59.1141 0.422 -3.478 LI/LAW ""
4510.228 59.1141 0.422 -1.889 LI/LAW ""
4510.234 59.1141 0.422 -0.928 LI/LAW ""
4510.254 59.1141 0.422 -3.661 LI/LAW ""
4510.257 20.0 6.024 -5.22 "" ""
4510.26 59.1141 0.422 -2.087 LI/LAW ""
4510.264 59.1141 0.422 -0.996 LI/LAW ""
4510.273 106.00113 0.67 -4.467 3.464 BX12P025
4510.284 106.00113 0.67 -2.796 3.464 BX12Q025
4510.286 106.00113 0.835 -2.608 3.464 BX12R095
4510.287 607.01214 2.739 -4.428 7.724 0911Qc0245
4510.295 607.01314 2.928 -4.457 7.724 1012Qc0275
4510.308 607.01214 2.739 -1.33 7.724 0911Pb0245
4510.31 112.00124 0.216 -5.909 1.340 31P207b24
4510.314 27.0 4.061 -3.57 "" ""
4510.316 25.1 5.516 -5.95 "" ""
4510.317 92.1 0.0 -2.24 "" ""
4510.322 25.0 5.108 -2.55 "" ""
4510.336 607.01314 2.928 -1.244 7.724 1012Pa0285
4510.348 106.00113 1.837 -1.513 3.464 AX33P235
4510.38 607.01214 2.75 -1.296 7.724 0911Pa0265
4510.388 112.00124 0.078 -4.936 1.340 20P210b24
4510.39 106.00113 1.214 -4.501 3.464 AX11P225
4510.398 607.01314 2.928 -1.26 7.724 1012Pb0275
4510.405 23.0 2.614 -5.56 "" ""
4510.405 25.1 5.988 -3.93 "" ""
4510.41 20.0 5.792 -3.53 "" ""
4510.413 26.0 4.577 -4.23 "" ""
4510.499 106.00112 1.22 -6.417 3.464 AX01R235
4510.513 26.1 6.218 -2.92 "" ""
4510.516 28.0 3.536 -4.59 "" ""
4510.517 106.00113 0.835 -6.635 3.464 BX12Q105
4510.517 607.01214 2.827 -1.914 7.724 1012Ra0055
4510.519 607.01314 1.209 -3.564 7.724 0305Qc0015
4510.523 607.01314 1.209 -2.609 7.724 0305Pa0025
4510.523 607.01314 1.209 -2.865 7.724 0305Pb0015
4510.526 90.1 1.31 -0.71 "" ""
4510.554 112.00124 0.191 -3.499 1.340 31P204b24
4510.564 607.01314 0.95 -1.899 7.724 0103Ra0315
4510.569 106.00113 0.835 -2.565 3.464 BX12R105
4510.589 607.01214 1.479 -3.972 7.724 0406Qc0055
4510.594 607.01214 2.827 -1.987 7.724 1012Rb0045
4510.598 607.01214 1.479 -2.083 7.724 0406Pa0065
4510.61 607.01214 2.75 -4.445 7.724 0911Qc0255
4510.611 607.01214 1.479 -2.157 7.724 0406Pb0055
4510.626 607.01214 2.75 -1.313 7.724 0911Pb0255
4510.627 607.01314 0.95 -1.912 7.724 0103Rb0305
4510.643 607.01214 2.761 -1.28 7.724 0911Pa0275
4510.658 27.0 4.055 -2.68 "" ""
4510.67 607.01314 0.95 -5.199 7.724 0103Qd0315
4510.706 106.00113 0.986 -4.505 3.464 AX00P235
4510.726 607.01314 2.939 -4.472 7.724 1012Qc0285
4510.754 607.01214 2.827 -3.798 7.724 1012Qd0055
4510.763 58.1 0.587 -2.0 LAWLER ""
4510.768 607.01314 2.94 -1.229 7.724 1012Pa0295
4510.775 607.01214 1.151 -1.738 7.724 0204Ra0265
4510.782 106.00112 1.579 -6.499 3.464 AX12R245
4510.789 607.01314 1.039 -1.893 7.724 0204Ra0175
4510.789 607.01314 1.039 -1.917 7.724 0204Rb0165
4510.797 106.00112 2.116 -1.397 3.464 AX22P315
4510.812 607.01314 1.039 -4.707 7.724 0204Qd0175
4510.819 112.00124 0.078 -6.513 1.340 20Q210b24
4510.822 26.0 3.6 -2.89 "" ""
4510.829 607.01314 2.939 -1.244 7.724 1012Pb0285
4510.831 607.01214 1.151 -1.754 7.724 0204Rb0255
4510.84 26.1 6.204 -3.95 "" ""
4510.867 607.01214 1.151 -4.895 7.724 0204Qd0265
4510.874 112.00124 0.078 -4.876 1.340 20P110b24
4510.876 607.01214 2.773 -1.264 7.724 0911Pa0285
4510.888 106.00112 2.116 -3.93 3.464 AX22Q305
4510.896 106.00113 1.214 -6.417 3.464 AX01R235
4510.903 24.0 5.276 -3.52 "" ""
4510.906 607.01214 2.762 -4.462 7.724 0911Qc0265
4510.918 607.01214 2.762 -1.296 7.724 0911Pb0265
4510.919 58.1 1.106 -0.91 "" ""
4510.958 106.00113 1.572 -6.499 3.464 AX12R245
4510.971 73.0 0.696 -1.17 "" ""
4510.986 106.00112 2.116 -1.39 3.464 AX22P305
4510.987 106.00113 1.563 -4.453 3.464 AX55P035
4511.035 112.00124 0.216 -7.088 1.340 31Q207b24
4511.042 41.0 2.165 -0.19 "" ""
4511.046 106.00113 1.452 -4.368 3.464 AX44P105
4511.047 26.0 3.94 -2.05 "" ""
4511.049 106.00112 1.976 -3.938 3.464 AX44R215
4511.059 27.0 3.729 -2.94 "" ""
4511.074 112.00124 0.216 -5.811 1.340 31P107b24
4511.074 607.01214 2.785 -1.249 7.724 0911Pa0295
4511.105 607.01214 1.482 -4.04 7.724 0406Qc0065
4511.114 607.01214 1.482 -2.019 7.724 0406Pa0075
4511.118 106.00113 1.563 -4.465 3.464 AX55P035
4511.118 24.0 3.165 -2.37 "" ""
4511.127 106.00112 1.976 -1.385 3.464 AX44Q225
4511.133 607.01214 1.482 -2.083 7.724 0406Pb0065
4511.15 607.01314 1.21 -3.756 7.724 0305Qc0025
4511.152 607.01314 2.951 -4.487 7.724 1012Qc0295
4511.156 607.01314 1.21 -2.454 7.724 0305Pa0035
4511.156 607.01314 1.21 -2.609 7.724 0305Pb0025
4511.16 106.00112 1.976 -1.365 3.464 AX44Q215
4511.175 607.01214 2.773 -4.478 7.724 0911Qc0275
4511.179 106.00113 1.311 -4.524 3.464 AX22P195
4511.181 607.01214 2.773 -1.28 7.724 0911Pb0275
4511.193 44.0 1.691 -1.07 "" ""
4511.195 607.01314 2.951 -1.215 7.724 1012Pa0305
4511.204 106.00113 1.72 -1.658 3.464 AX55Q105
4511.224 106.00113 1.72 -3.601 3.464 AX55R105
4511.234 607.01214 2.797 -1.235 7.724 0911Pa0305
4511.239 106.00112 1.976 -3.885 3.464 AX44P225
4511.239 607.01214 2.825 -1.987 7.724 1012Ra0045
4511.245 607.01214 1.267 -1.881 7.724 0305Ra0125
4511.255 607.01314 2.951 -1.229 7.724 1012Pb0295
4511.286 106.00112 1.666 -1.724 3.464 AX55Q085
4511.292 607.01214 1.267 -1.915 7.724 0305Rb0115
4511.307 106.00112 1.666 -3.483 3.464 AX55R085
4511.307 49.0 0.274 -0.21 "" ""
4511.309 607.01214 1.267 -4.419 7.724 0305Qd0125
4511.317 62.0 0.498 -0.01 "" ""
4511.323 106.00112 1.567 -7.293 3.464 CX15R035
4511.325 106.00112 1.666 -9.558 3.464 CX15R085
4511.332 106.00112 0.665 -4.1 3.464 BX12P015
4511.332 106.00113 1.652 -3.689 3.464 AX44Q155
4511.338 106.00112 0.665 -2.989 3.464 BX12Q015
4511.349 607.01214 2.825 -2.076 7.724 1012Rb0035
4511.354 106.00113 1.652 -1.715 3.464 AX44P165
4511.361 106.00113 1.72 -3.615 3.464 AX55P115
4511.368 21.0045 1.851 -3.12 LAWHFS ""
4511.368 21.0045 1.851 -3.37 LAWHFS ""
4511.368 21.0045 1.851 -3.8 LAWHFS ""
4511.369 21.0045 1.851 -2.94 LAWHFS ""
4511.372 106.00113 1.652 -1.733 3.464 AX44P155
4511.373 21.0045 1.851 -2.94 LAWHFS ""
4511.374 21.0045 1.851 -2.78 LAWHFS ""
4511.375 21.0045 1.851 -2.77 LAWHFS ""
4511.377 21.0045 1.851 -2.93 LAWHFS ""
4511.378 21.0045 1.851 -3.25 LAWHFS ""
4511.381 106.00113 1.72 -1.635 3.464 AX55Q115
4511.381 21.0045 1.851 -2.81 LAWHFS ""
4511.385 21.0045 1.851 -2.52 LAWHFS ""
4511.389 21.0045 1.851 -2.31 LAWHFS ""
4511.39 106.00112 1.666 -6.623 3.464 CX15Q085
4511.39 22.0 3.291 -4.08 "" ""
4511.407 26.0 4.635 -2.4 "" ""
4511.412 607.01214 2.785 -1.264 7.724 0911Pb0285
4511.412 607.01214 2.785 -4.494 7.724 0911Qc0285
4511.429 23.0 2.129 -1.0 LAWNOHFS ""
4511.456 73.0 0.696 -1.73 "" ""
4511.463 607.01214 2.825 -3.717 7.724 1012Qd0045
4511.466 106.00112 1.846 -3.793 3.464 AX33Q235
4511.5 23.0 1.05 -3.62 "" ""
4511.502 106.00112 1.666 -3.516 3.464 AX55P095
4511.523 106.00112 1.666 -1.686 3.464 AX55Q095
4511.542 106.00112 1.666 -6.587 3.464 CX15Q095
4511.542 106.00112 1.846 -1.508 3.464 AX33P245
4511.56 106.00112 0.671 -2.992 3.464 BX12Q015
4511.571 106.00112 0.671 -4.779 3.464 BX12R015
4511.573 607.01314 2.964 -4.502 7.724 1012Qc0305
4511.587 607.01214 1.485 -4.099 7.724 0406Qc0075
4511.592 106.00112 1.846 -1.512 3.464 AX33P235
4511.598 607.01214 1.485 -1.964 7.724 0406Pa0085
4511.606 106.00112 1.666 -10.027 3.464 CX15P095
4511.606 607.01214 2.798 -1.249 7.724 0911Pb0295
4511.609 106.00112 1.22 -4.501 3.464 AX11P225
4511.613 607.01214 2.798 -4.509 7.724 0911Qc0295
4511.618 607.01214 1.485 -2.019 7.724 0406Pb0075
4511.641 58.1 1.212 -0.57 "" ""
4511.676 607.01314 2.964 -1.215 7.724 1012Pb0305
4511.71 106.00113 1.594 -2.397 3.464 AX55P055
4511.722 607.01214 1.068 -1.84 7.724 0103Ra0375
4511.724 106.00112 1.382 -4.461 3.464 AX33P155
4511.724 106.00113 1.635 -6.669 3.464 CX15Q075
4511.737 607.01314 1.508 -1.405 7.724 0305Pb0365
4511.745 106.00113 1.635 -9.906 3.464 CX15P085
4511.746 607.01314 1.212 -3.887 7.724 0305Qc0035
4511.747 607.01314 1.212 -2.34 7.724 0305Pa0045
4511.747 607.01314 1.212 -2.454 7.724 0305Pb0035
4511.76 106.00112 1.567 -7.142 3.464 CX15R045
4511.761 607.01214 2.81 -1.235 7.724 0911Pb0305
4511.775 24.1 6.479 -1.37 "" ""
4511.775 607.01214 2.81 -4.524 7.724 0911Qc0305
4511.781 20.0 4.776 -2.88 "" ""
4511.797 106.00112 1.567 -9.74 3.464 CX15Q045
4511.801 607.01214 1.068 -1.851 7.724 0103Rb0365
4511.802 24.0 3.085 -1.86 "" ""
4511.83 62.1 0.184 -0.82 LAWLER ""
4511.838 106.00113 1.594 -3.4 3.464 AX55Q055
4511.844 22.0 2.248 -1.94 LAWLER ""
4511.846 106.00113 0.679 -2.796 3.464 BX12Q025
4511.85 106.00113 2.038 -7.385 3.464 AX23R275
4511.853 106.00112 0.992 -4.505 3.464 AX00P235
4511.854 607.01214 1.068 -5.285 7.724 0103Qd0375
4511.862 106.00113 0.679 -4.885 3.464 BX12R025
4511.864 106.00112 1.666 -1.723 3.464 AX55Q085
4511.885 106.00112 1.666 -3.495 3.464 AX55R085
4511.891 24.0 3.085 -0.34 "" ""
4511.907 607.01314 0.888 -2.204 7.724 0002Ra0425
4511.949 106.00113 1.635 -9.524 3.464 CX15R075
4511.962 607.01214 2.823 -2.076 7.724 1012Ra0035
4511.969 106.00113 1.635 -6.625 3.464 CX15Q085
4511.982 106.00113 1.594 -2.396 3.464 AX55P055
4511.985 607.01314 0.888 -2.214 7.724 0002Rb0415
4512.02 106.00113 1.72 -1.658 3.464 AX55Q105
4512.028 106.00112 2.01 -8.901 3.464 CX15P185
4512.03 106.00112 2.01 -10.836 3.464 CX15Q175
4512.031 106.00112 1.666 -3.506 3.464 AX55P095
4512.035 607.01214 1.489 -4.15 7.724 0406Qc0085
4512.039 106.00113 1.72 -3.615 3.464 AX55R105
4512.044 607.01314 0.888 -5.752 7.724 0002Qd0425
4512.047 607.01214 1.489 -1.915 7.724 0406Pa0095
4512.052 106.00112 1.666 -1.687 3.464 AX55Q095
4512.067 607.01214 2.823 -2.188 7.724 1012Rb0025
4512.072 607.01214 1.489 -1.964 7.724 0406Pb0085
4512.11 106.00113 1.594 -3.412 3.464 AX55Q055
4512.116 106.00113 1.72 -3.603 3.464 AX55P115
4512.119 41.0 1.156 -1.79 "" ""
4512.134 42.0 1.38 -1.83 "" ""
4512.136 106.00113 1.72 -1.635 3.464 AX55Q115
4512.148 106.00112 2.01 -9.28 3.464 CX15P175
4512.156 23.0 2.579 -4.08 "" ""
4512.158 106.00113 1.594 -2.318 3.464 AX55P065
4512.159 607.01214 2.823 -3.618 7.724 1012Qd0035
4512.159 607.01314 1.031 -1.917 7.724 0204Ra0165
4512.159 607.01314 1.031 -1.943 7.724 0204Rb0155
4512.166 24.0 3.165 -2.04 "" ""
4512.178 607.01314 1.492 -4.843 7.724 0305Qc0355
4512.181 607.01314 1.031 -4.682 7.724 0204Qd0165
4512.189 25.1 5.544 -4.81 "" ""
4512.226 607.01314 1.492 -1.405 7.724 0305Pa0365
4512.242 42.0 3.165 -1.4 "" ""
4512.257 106.00112 0.663 -3.435 3.464 BX12Q005
4512.268 20.0 2.526 -1.9 LAWLER ""
4512.3 607.01314 1.492 -1.418 7.724 0305Pb0355
4512.307 607.01314 1.214 -3.986 7.724 0305Qc0045
4512.314 607.01314 1.214 -2.251 7.724 0305Pa0055
4512.329 607.01314 1.214 -2.34 7.724 0305Pb0045
4512.33 106.00113 1.536 -8.733 3.464 CX15R015
4512.38 607.01214 1.018 -2.17 7.724 0002Ra0475
4512.389 26.0 4.555 -1.27 "" ""
4512.396 106.00113 1.594 -2.318 3.464 AX55P065
4512.448 607.01214 1.494 -4.196 7.724 0406Qc0095
4512.458 607.01214 1.262 -1.915 7.724 0305Ra0115
4512.461 607.01214 1.494 -1.871 7.724 0406Pa0105
4512.466 607.01214 1.018 -2.18 7.724 0002Rb0465
4512.483 90.1 1.434 -1.44 "" ""
4512.488 607.01214 1.494 -1.915 7.724 0406Pb0095
4512.494 607.01314 0.937 -1.912 7.724 0103Ra0305
4512.502 607.01214 1.262 -1.951 7.724 0305Rb0105
4512.518 607.01214 1.262 -4.384 7.724 0305Qd0115
4512.534 607.01214 1.018 -5.81 7.724 0002Qd0475
4512.542 106.00112 1.316 -4.524 3.464 AX22P195
4512.546 607.01214 1.139 -1.754 7.724 0204Ra0255
4512.555 607.01314 0.937 -1.926 7.724 0103Rb0295
4512.597 607.01314 0.937 -5.186 7.724 0103Qd0305
4512.6 607.01214 1.139 -1.771 7.724 0204Rb0245
4512.606 106.00113 0.679 -4.677 3.464 BX12P035
4512.622 106.00113 0.679 -2.665 3.464 BX12Q035
4512.636 607.01214 1.139 -4.879 7.724 0204Qd0255
4512.655 25.0 4.662 -4.22 "" ""
4512.678 106.00113 1.319 -11.122 3.464 CX04R065
4512.681 607.01214 2.822 -2.188 7.724 1012Ra0025
4512.707 106.00112 0.672 -4.467 3.464 BX12P025
4512.707 607.01314 1.477 -4.831 7.724 0305Qc0345
4512.718 106.00112 0.672 -2.795 3.464 BX12Q025
4512.718 23.1 3.793 -0.88 "" ""
4512.734 22.0 0.835 -0.4 LAWLER ""
4512.74 112.00124 0.227 -5.77 1.340 31P208b24
4512.754 607.01314 1.477 -1.418 7.724 0305Pa0355
4512.76 106.00112 2.339 -12.196 3.464 CX05R245
4512.776 607.01214 2.822 -2.343 7.724 1012Rb0015
4512.794 112.00124 0.093 -4.874 1.340 20P211b24
4512.826 607.01214 1.498 -4.238 7.724 0406Qc0105
4512.828 607.01314 1.477 -1.431 7.724 0305Pb0345
4512.832 607.01314 1.217 -4.067 7.724 0305Qc0055
4512.839 607.01314 1.217 -2.177 7.724 0305Pa0065
4512.841 607.01214 1.498 -1.831 7.724 0406Pa0115
4512.843 607.01214 2.822 -3.488 7.724 1012Qd0025
4512.851 106.00112 0.838 -2.607 3.464 BX12R095
4512.854 607.01314 1.217 -2.251 7.724 0305Pb0055
4512.857 27.1 3.083 -4.19 "" ""
4512.869 607.01214 1.498 -1.871 7.724 0406Pb0105
4512.895 74.0 2.244 -0.52 "" ""
4512.955 607.01214 1.702 -1.381 7.724 0406Pb0315
4512.986 28.0 3.703 -1.47 "" ""
4512.999 23.0 1.802 -2.14 "" ""
4513.006 24.0 4.609 -1.48 "" ""
4513.047 112.00124 0.03 -6.127 1.340 20P206b24
4513.071 106.00113 1.55 -7.493 3.464 CX15R025
4513.073 24.1 5.867 -3.03 "" ""
4513.084 106.00112 0.838 -6.634 3.464 BX12Q105
4513.119 24.0 3.102 -2.83 "" ""
4513.132 23.0 2.581 -3.46 "" ""
4513.135 106.00112 0.838 -2.564 3.464 BX12R105
4513.17 607.01214 1.504 -4.276 7.724 0406Qc0115
4513.179 24.1 6.892 -4.7 "" ""
4513.187 607.01214 1.504 -1.794 7.724 0406Pa0125
4513.189 112.00124 0.093 -6.543 1.340 20Q211b24
4513.189 607.01214 1.688 -4.687 7.724 0406Qc0305
4513.203 106.00113 1.604 -10.34 3.464 CX04P155
4513.203 607.01314 1.462 -4.818 7.724 0305Qc0335
4513.213 24.0 3.085 -2.31 "" ""
4513.217 607.01214 1.504 -1.831 7.724 0406Pb0115
4513.231 607.01214 1.688 -1.381 7.724 0406Pa0315
4513.248 607.01314 1.462 -1.431 7.724 0305Pa0345
4513.249 112.00124 0.093 -4.821 1.340 20P111b24
4513.283 24.0 4.532 -2.19 "" ""
4513.287 74.0 1.654 -1.14 "" ""
4513.291 607.01214 1.688 -1.396 7.724 0406Pb0305
4513.311 75.0 2.533 0.79 "" ""
4513.312 28.0 4.415 -1.95 "" ""
4513.321 607.01314 1.462 -1.445 7.724 0305Pb0335
4513.323 607.01314 1.22 -4.134 7.724 0305Qc0065
4513.33 60.1 0.064 -1.33 LAWLER ""
4513.332 607.01314 1.22 -2.114 7.724 0305Pa0075
4513.35 607.01314 1.22 -2.177 7.724 0305Pb0065
4513.377 112.00124 0.227 -7.083 1.340 31Q208b24
4513.395 607.01214 2.821 -2.343 7.724 1012Ra0015
4513.42 112.00124 0.227 -5.688 1.340 31P108b24
4513.426 106.00113 0.663 -2.874 3.464 BX12P015
4513.476 607.01214 2.821 -2.598 7.724 1012Rb0005
4513.479 607.01214 1.509 -4.31 7.724 0406Qc0125
4513.493 607.01214 1.674 -4.673 7.724 0406Qc0295
4513.495 106.00112 1.424 -8.725 3.464 CX04R095
4513.495 607.01314 1.024 -1.943 7.724 0204Ra0155
4513.495 607.01314 1.024 -1.97 7.724 0204Rb0145
4513.496 607.01214 1.509 -1.76 7.724 0406Pa0135
4513.516 607.01214 2.821 -3.296 7.724 1012Qd0015
4513.516 607.01314 1.024 -4.656 7.724 0204Qd0155
4513.531 607.01214 1.509 -1.794 7.724 0406Pb0125
4513.534 607.01214 1.674 -1.396 7.724 0406Pa0305
4513.535 21.0 1.432 -4.86 "" ""
4513.553 106.00112 1.424 -8.673 3.464 CX04R105
4513.555 106.00113 1.605 -7.412 3.464 CX04Q145
4513.565 106.00113 2.031 -4.015 3.464 AX44R225
4513.574 39.0 1.899 -0.51 "" ""
4513.58 23.0 1.194 -3.4 "" ""
4513.593 607.01214 1.674 -1.411 7.724 0406Pb0295
4513.603 26.0 4.577 -2.07 "" ""
4513.609 23.0 2.136 -0.94 LAWNOHFS ""
4513.617 106.00112 1.456 -4.335 3.464 AX44P105
4513.62 106.00113 1.55 -9.586 3.464 CX15Q035
4513.625 106.00113 2.031 -1.421 3.464 AX44Q235
4513.635 607.01214 1.257 -1.951 7.724 0305Ra0105
4513.637 22.1 5.659 -2.72 "" ""
4513.644 106.00112 1.424 -11.334 3.464 CX04Q105
4513.664 607.01314 1.447 -4.806 7.724 0305Qc0325
4513.667 106.00113 2.031 -1.39 3.464 AX44Q225
4513.676 607.01214 1.257 -1.99 7.724 0305Rb0095
4513.68 90.0 1.215 -0.65 "" ""
4513.683 106.00113 1.604 -7.424 3.464 CX04Q155
4513.686 25.1 5.544 -3.29 "" ""
4513.69 607.01214 1.257 -4.346 7.724 0305Qd0105
4513.708 607.01314 1.447 -1.445 7.724 0305Pa0335
4513.712 26.0 2.586 -4.35 "" ""
4513.715 22.0 1.429 -2.25 LAWLER ""
4513.727 106.00113 2.031 -3.938 3.464 AX44P235
4513.734 106.00113 1.55 -7.289 3.464 CX15R035
4513.74 22.0 2.693 -4.16 "" ""
4513.754 607.01214 1.516 -4.343 7.724 0406Qc0135
4513.763 607.01214 1.661 -4.658 7.724 0406Qc0285
4513.774 607.01214 1.516 -1.728 7.724 0406Pa0145
4513.777 607.01314 1.223 -4.193 7.724 0305Qc0075
4513.78 106.00113 1.216 -4.566 3.464 AX11P225
4513.78 607.01314 1.447 -1.459 7.724 0305Pb0325
4513.789 607.01314 1.223 -2.058 7.724 0305Pa0085
4513.796 106.00113 1.954 -9.282 3.464 CX15P175
4513.8 106.00112 1.222 -6.351 3.464 AX01R235
4513.802 106.00112 1.656 -3.661 3.464 AX44Q155
4513.803 607.01214 1.661 -1.411 7.724 0406Pa0295
4513.808 607.01314 1.223 -2.114 7.724 0305Pb0075
4513.81 607.01214 1.516 -1.76 7.724 0406Pb0135
4513.815 106.00113 1.954 -8.278 3.464 CX15P165
4513.834 106.00112 1.978 -1.386 3.464 AX44Q225
4513.843 23.0 1.866 -3.36 "" ""
4513.852 106.00112 1.656 -1.732 3.464 AX44P155
4513.856 24.0 3.09 -3.68 "" ""
4513.862 607.01214 1.661 -1.426 7.724 0406Pb0285
4513.872 28.0 3.539 -3.51 "" ""
4513.873 106.00112 1.978 -3.965 3.464 AX44R215
4513.881 24.0 3.373 -2.81 "" ""
4513.89 27.0 4.069 -3.1 "" ""
4513.92 106.00112 1.656 -1.714 3.464 AX44P165
4513.946 106.00112 1.978 -3.861 3.464 AX44P225
4513.975 607.01214 1.051 -1.852 7.724 0103Ra0365
4513.985 106.00112 1.978 -1.365 3.464 AX44Q215
4513.994 607.01214 1.522 -4.373 7.724 0406Qc0145
4514.0 607.01214 1.648 -4.643 7.724 0406Qc0275
4514.007 39.0 1.899 -0.21 "" ""
4514.015 607.01214 1.522 -1.698 7.724 0406Pa0155
4514.028 106.00113 0.892 -2.502 3.464 BX01P175
4514.034 106.00113 1.605 -12.211 3.464 CX04R145
4514.038 607.01214 1.648 -1.426 7.724 0406Pa0285
4514.053 607.01214 1.051 -1.863 7.724 0103Rb0355
4514.053 607.01214 1.522 -1.728 7.724 0406Pb0145
4514.071 106.00112 2.039 -7.639 3.464 CX04P235
4514.09 607.01314 1.433 -4.793 7.724 0305Qc0315
4514.092 24.0 4.096 -1.37 "" ""
4514.097 607.01214 1.648 -1.442 7.724 0406Pb0275
4514.104 607.01214 1.051 -5.274 7.724 0103Qd0365
4514.104 607.01214 2.82 -2.598 7.724 1012Ra0005
4514.107 106.00113 0.892 -7.112 3.464 BX01Q175
4514.114 26.0 4.291 -2.95 "" ""
4514.121 106.00112 2.039 -12.249 3.464 CX04Q225
4514.133 607.01314 1.433 -1.459 7.724 0305Pa0325
4514.173 27.0 3.71 -0.8 "" ""
4514.179 607.01214 2.82 -2.898 7.724 1012Qd0005
4514.181 23.0 1.944 -0.6 LAWNOHFS ""
4514.182 106.00113 1.216 -6.351 3.464 AX01R235
4514.184 26.0 3.045 -1.96 BEL17 ""
4514.197 607.01314 1.227 -4.244 7.724 0305Qc0085
4514.2 607.01214 1.529 -4.401 7.724 0406Qc0155
4514.203 607.01314 1.433 -1.473 7.724 0305Pb0315
4514.204 607.01214 1.636 -4.627 7.724 0406Qc0265
4514.21 607.01314 1.227 -2.009 7.724 0305Pa0095
4514.217 106.00113 0.892 -2.455 3.464 BX01P185
4514.223 607.01214 1.529 -1.671 7.724 0406Pa0165
4514.233 607.01314 1.227 -2.058 7.724 0305Pb0085
4514.24 607.01214 1.636 -1.442 7.724 0406Pa0275
4514.263 607.01214 1.529 -1.698 7.724 0406Pb0155
4514.268 22.0 2.173 -1.75 "" ""
4514.272 106.00112 2.039 -7.418 3.464 CX04P225
4514.277 23.1 6.542 -2.92 "" ""
4514.281 607.01214 1.128 -1.771 7.724 0204Ra0245
4514.282 106.00112 1.915 -1.904 3.464 AX55R155
4514.296 106.00112 0.681 -2.796 3.464 BX12Q025
4514.298 607.01214 1.636 -1.459 7.724 0406Pb0265
4514.306 607.01314 0.87 -2.215 7.724 0002Ra0415
4514.309 106.00113 1.954 -10.79 3.464 CX15Q165
4514.312 106.00112 0.681 -4.884 3.464 BX12R025
4514.322 106.00112 1.916 -1.928 3.464 AX55R165
4514.335 607.01214 1.128 -1.788 7.724 0204Rb0235
4514.354 24.0 4.183 -0.36 "" ""
4514.369 607.01214 1.128 -4.862 7.724 0204Qd0245
4514.372 607.01214 1.537 -4.427 7.724 0406Qc0165
4514.373 607.01214 1.624 -4.611 7.724 0406Qc0255
4514.382 607.01314 0.87 -2.225 7.724 0002Rb0405
4514.386 106.00112 1.916 -3.877 3.464 AX55Q165
4514.388 607.01314 0.924 -1.926 7.724 0103Ra0295
4514.39 42.0 2.621 -1.92 "" ""
4514.396 607.01214 1.537 -1.645 7.724 0406Pa0175
4514.409 607.01214 1.624 -1.459 7.724 0406Pa0265
4514.415 26.0 4.545 -1.13 "" ""
4514.437 607.01214 1.537 -1.671 7.724 0406Pb0165
4514.44 607.01314 0.87 -5.743 7.724 0002Qd0415
4514.448 607.01314 0.924 -1.941 7.724 0103Rb0285
4514.459 24.1 5.666 -2.85 "" ""
4514.466 607.01214 1.624 -1.476 7.724 0406Pb0255
4514.473 106.00113 0.988 -4.572 3.464 AX00P235
4514.473 24.0 2.911 -1.42 "" ""
4514.481 607.01314 1.42 -4.779 7.724 0305Qc0305
4514.486 106.00112 1.456 -4.367 3.464 AX44P105
4514.489 607.01314 0.924 -5.172 7.724 0103Qd0295
4514.5 64.1 1.371 -0.24 LAWLER ""
4514.503 26.0 3.926 -3.02 "" ""
4514.509 607.01214 1.545 -4.452 7.724 0406Qc0175
4514.509 607.01214 1.613 -4.594 7.724 0406Qc0245
4514.523 607.01314 1.42 -1.473 7.724 0305Pa0315
4514.535 607.01214 1.545 -1.62 7.724 0406Pa0185
4514.543 607.01214 1.613 -1.476 7.724 0406Pa0255
4514.567 23.1 5.471 -4.25 "" ""
4514.578 607.01214 1.545 -1.645 7.724 0406Pb0175
4514.581 607.01314 1.231 -4.29 7.724 0305Qc0095
4514.583 25.0 5.108 -4.29 "" ""
4514.592 607.01314 1.42 -1.488 7.724 0305Pb0305
4514.595 607.01314 1.231 -1.965 7.724 0305Pa0105
4514.6 607.01214 1.613 -1.494 7.724 0406Pb0245
4514.611 607.01214 1.553 -4.475 7.724 0406Qc0185
4514.611 607.01214 1.602 -4.576 7.724 0406Qc0235
4514.62 607.01314 1.231 -2.009 7.724 0305Pb0095
4514.637 607.01214 1.553 -1.596 7.724 0406Pa0195
4514.644 607.01214 1.602 -1.494 7.724 0406Pa0245
4514.657 22.0 2.486 -2.26 "" ""
4514.68 607.01214 1.562 -4.497 7.724 0406Qc0195
4514.68 607.01214 1.591 -4.558 7.724 0406Qc0225
4514.684 607.01214 1.553 -1.62 7.724 0406Pb0185
4514.697 25.1 5.369 -3.73 "" ""
4514.699 607.01214 1.602 -1.513 7.724 0406Pb0235
4514.707 607.01214 1.562 -1.574 7.724 0406Pa0205
4514.711 607.01214 1.591 -1.513 7.724 0406Pa0235
4514.714 607.01214 1.571 -4.519 7.724 0406Qc0205
4514.714 607.01214 1.581 -4.539 7.724 0406Qc0215
4514.742 607.01214 1.571 -1.553 7.724 0406Pa0215
4514.744 607.01214 1.581 -1.533 7.724 0406Pa0225
4514.756 607.01214 1.562 -1.596 7.724 0406Pb0195
4514.765 607.01214 1.591 -1.533 7.724 0406Pb0225
4514.777 607.01214 1.253 -1.99 7.724 0305Ra0095
4514.779 106.00112 1.848 -1.509 3.464 AX33P245
4514.793 607.01214 1.571 -1.574 7.724 0406Pb0205
4514.795 607.01314 1.018 -1.97 7.724 0204Ra0145
4514.795 607.01314 1.018 -1.999 7.724 0204Rb0135
4514.796 607.01214 1.581 -1.553 7.724 0406Pb0215
4514.814 607.01214 1.253 -2.033 7.724 0305Rb0085
4514.814 607.01314 1.018 -4.628 7.724 0204Qd0145
4514.827 607.01214 1.253 -4.305 7.724 0305Qd0095
4514.833 106.00112 1.848 -3.833 3.464 AX33Q235
4514.834 25.0 3.761 -6.74 "" ""
4514.838 607.01314 1.406 -4.765 7.724 0305Qc0295
4514.878 607.01314 1.406 -1.488 7.724 0305Pa0305
4514.93 607.01314 1.236 -4.332 7.724 0305Qc0105
4514.946 607.01314 1.406 -1.503 7.724 0305Pb0295
4514.947 607.01314 1.236 -1.925 7.724 0305Pa0115
4514.959 106.00112 1.848 -1.512 3.464 AX33P235
4514.962 25.0 5.13 -3.62 "" ""
4514.974 607.01314 1.236 -1.965 7.724 0305Pb0105
4515.02 42.0 3.161 -1.29 "" ""
4515.04 66.1 2.01 0.0 LAWLER ""
4515.047 106.00112 1.222 -4.565 3.464 AX11P225
4515.061 106.00112 0.681 -4.676 3.464 BX12P035
4515.077 106.00112 0.681 -2.664 3.464 BX12Q035
4515.091 607.01214 0.996 -2.18 7.724 0002Ra0465
4515.1 62.1 0.188 -0.87 LAWLER ""
4515.111 25.1 5.811 -4.55 "" ""
4515.118 90.0 0.0 -1.99 "" ""
4515.159 607.01314 1.394 -4.751 7.724 0305Qc0285
4515.162 70.1 3.315 -0.46 "" ""
4515.165 26.0 2.873 -3.23 "" ""
4515.169 42.0 2.513 -1.27 "" ""
4515.176 106.00112 1.071 -4.299 3.464 BX10P255
4515.176 607.01214 0.996 -2.19 7.724 0002Rb0455
4515.178 112.00124 0.239 -5.659 1.340 31P209b24
4515.188 26.1 2.542 -5.95 "" ""
4515.198 607.01314 1.394 -1.503 7.724 0305Pa0295
4515.204 112.00124 0.11 -4.82 1.340 20P212b24
4515.242 607.01214 0.996 -5.802 7.724 0002Qd0465
4515.243 607.01314 1.241 -4.37 7.724 0305Qc0115
4515.251 106.00112 1.071 -0.416 3.464 BX10Q245
4515.26 607.01314 1.241 -1.888 7.724 0305Pa0125
4515.265 607.01314 1.394 -1.519 7.724 0305Pb0285
4515.278 92.1 0.036 -1.67 "" ""
4515.284 106.00113 0.692 -2.665 3.464 BX12Q035
4515.289 106.00112 1.071 -0.004 3.464 BX10Q255
4515.292 607.01314 1.241 -1.925 7.724 0305Pb0115
4515.299 112.00124 0.198 -4.135 1.340 31P205b24
4515.304 106.00113 0.692 -4.967 3.464 BX12R035
4515.32 106.00112 1.581 -2.54 3.464 AX55P045
4515.339 26.1 2.844 -2.6 MELBAR ""
4515.363 106.00112 1.071 -3.566 3.464 BX10R245
4515.371 22.0 3.184 -4.01 "" ""
4515.43 24.0 3.008 -1.22 "" ""
4515.446 607.01314 1.381 -4.736 7.724 0305Qc0275
4515.46 106.00112 1.581 -3.351 3.464 AX55Q045
4515.477 607.01214 2.821 -2.898 7.724 1012Qc0005
4515.484 106.00112 1.657 -3.688 3.464 AX44Q155
4515.484 607.01314 1.381 -1.519 7.724 0305Pa0285
4515.511 106.00112 1.657 -1.714 3.464 AX44P165
4515.515 24.1 5.666 -4.27 "" ""
4515.519 106.00112 1.581 -2.539 3.464 AX55P045
4515.519 607.01214 2.821 -2.597 7.724 1012Pa0015
4515.521 607.01314 1.247 -4.404 7.724 0305Qc0125
4515.527 27.0 4.11 -3.79 "" ""
4515.534 106.00112 1.657 -1.732 3.464 AX44P155
4515.537 607.01314 1.247 -1.854 7.724 0305Pa0135
4515.548 23.0 1.891 -1.39 LAWNOHFS ""
4515.549 607.01314 1.381 -1.535 7.724 0305Pb0275
4515.554 26.0 4.555 -2.7 "" ""
4515.567 112.00124 0.11 -6.572 1.340 20Q212b24
4515.572 607.01314 1.247 -1.888 7.724 0305Pb0125
4515.609 26.1 6.221 -2.74 "" ""
4515.618 26.0 4.604 -1.81 "" ""
4515.629 22.0 2.115 -1.64 "" ""
4515.632 112.00124 0.11 -4.773 1.340 20P112b24
4515.659 106.00112 1.581 -3.36 3.464 AX55Q045
4515.666 106.00112 0.994 -4.572 3.464 AX00P235
4515.67 23.0 2.581 -5.69 "" ""
4515.698 607.01314 1.369 -4.72 7.724 0305Qc0265
4515.708 20.0 4.776 -1.79 "" ""
4515.734 607.01314 1.369 -1.535 7.724 0305Pa0275
4515.744 112.00124 0.239 -7.089 1.340 31Q209b24
4515.764 607.01314 1.253 -4.437 7.724 0305Qc0135
4515.781 607.01314 1.253 -1.822 7.724 0305Pa0145
4515.784 24.1 6.479 -1.57 "" ""
4515.792 112.00124 0.239 -5.59 1.340 31P109b24
4515.798 607.01314 1.369 -1.552 7.724 0305Pb0265
4515.814 607.01314 1.253 -1.854 7.724 0305Pb0135
4515.841 21.0 2.562 -1.88 "" ""
4515.844 106.00112 1.916 -1.928 3.464 AX55R165
4515.848 58.1 1.057 -0.24 BIEMONT ""
4515.85 106.00113 0.692 -4.823 3.464 BX12P045
4515.861 106.00112 1.581 -2.437 3.464 AX55P055
4515.866 74.0 2.965 -0.73 "" ""
4515.87 106.00113 0.692 -2.565 3.464 BX12Q045
4515.878 106.00112 0.665 -2.873 3.464 BX12P015
4515.882 607.01214 1.249 -2.034 7.724 0305Ra0085
4515.886 106.00112 1.916 -1.904 3.464 AX55R155
4515.908 106.00112 1.916 -3.85 3.464 AX55Q165
4515.915 607.01314 1.358 -4.704 7.724 0305Qc0255
4515.917 607.01214 1.249 -2.082 7.724 0305Rb0075
4515.928 607.01214 1.249 -4.259 7.724 0305Qd0085
4515.95 607.01314 1.358 -1.552 7.724 0305Pa0265
4515.971 607.01314 1.259 -4.467 7.724 0305Qc0145
4515.98 25.1 6.663 -4.7 "" ""
4515.981 607.01214 1.117 -1.788 7.724 0204Ra0235
4515.991 607.01314 1.259 -1.792 7.724 0305Pa0155
4516.008 24.1 5.666 -3.3 "" ""
4516.012 607.01314 1.358 -1.569 7.724 0305Pb0255
4516.031 106.00112 1.581 -2.437 3.464 AX55P055
4516.033 607.01214 1.117 -1.806 7.724 0204Rb0225
4516.033 607.01314 1.259 -1.822 7.724 0305Pb0145
4516.044 26.1 6.204 -3.9 "" ""
4516.052 106.00113 1.063 -4.516 3.464 AX00P245
4516.055 607.01314 1.012 -1.999 7.724 0204Ra0135
4516.059 607.01314 1.012 -2.029 7.724 0204Rb0125
4516.066 607.01214 1.117 -4.845 7.724 0204Qd0235
4516.075 26.0 3.249 -5.01 "" ""
4516.077 607.01314 1.012 -4.599 7.724 0204Qd0135
4516.096 607.01314 1.347 -4.687 7.724 0305Qc0245
4516.116 607.01214 2.822 -3.296 7.724 1012Qc0015
4516.13 607.01314 1.347 -1.569 7.724 0305Pa0255
4516.143 607.01314 1.266 -4.495 7.724 0305Qc0155
4516.165 607.01314 1.266 -1.765 7.724 0305Pa0165
4516.177 607.01214 2.822 -2.341 7.724 1012Pa0025
4516.191 607.01314 1.347 -1.587 7.724 0305Pb0245
4516.192 607.01214 1.035 -1.864 7.724 0103Ra0355
4516.206 607.01214 2.822 -2.597 7.724 1012Pb0015
4516.206 607.01314 1.266 -1.792 7.724 0305Pb0155
4516.243 607.01314 1.336 -4.67 7.724 0305Qc0235
4516.247 607.01314 0.911 -1.941 7.724 0103Ra0285
4516.268 607.01214 1.035 -1.876 7.724 0103Rb0345
4516.272 26.0 3.6 -2.76 "" ""
4516.275 607.01314 1.336 -1.587 7.724 0305Pa0245
4516.279 607.01314 1.273 -4.521 7.724 0305Qc0165
4516.302 607.01314 1.273 -1.738 7.724 0305Pa0175
4516.304 25.0 3.761 -7.33 "" ""
4516.306 607.01314 0.911 -1.956 7.724 0103Rb0275
4516.318 607.01214 1.035 -5.263 7.724 0103Qd0355
4516.334 607.01314 1.336 -1.606 7.724 0305Pb0235
4516.345 607.01314 0.911 -5.158 7.724 0103Qd0285
4516.346 607.01314 1.273 -1.765 7.724 0305Pb0165
4516.35 60.1 0.32 -0.77 LAWLER ""
4516.354 607.01314 1.326 -4.651 7.724 0305Qc0225
4516.38 607.01314 1.281 -4.546 7.724 0305Qc0175
4516.385 607.01314 1.326 -1.606 7.724 0305Pa0235
4516.404 607.01314 1.281 -1.714 7.724 0305Pa0185
4516.43 607.01314 1.316 -4.632 7.724 0305Qc0215
4516.442 607.01314 1.326 -1.626 7.724 0305Pb0225
4516.445 607.01314 1.289 -4.569 7.724 0305Qc0185
4516.45 26.0 3.651 -2.05 "" ""
4516.45 607.01314 1.281 -1.738 7.724 0305Pb0175
4516.459 607.01314 1.316 -1.626 7.724 0305Pa0225
4516.462 106.00113 2.033 -1.421 3.464 AX44Q235
4516.47 607.01314 1.307 -4.612 7.724 0305Qc0205
4516.471 607.01314 1.289 -1.69 7.724 0305Pa0195
4516.475 607.01314 1.298 -4.591 7.724 0305Qc0195
4516.499 607.01314 1.307 -1.646 7.724 0305Pa0215
4516.503 607.01314 1.298 -1.668 7.724 0305Pa0205
4516.504 24.1 6.482 -2.9 "" ""
4516.514 607.01314 1.316 -1.646 7.724 0305Pb0215
4516.519 106.00113 2.033 -4.042 3.464 AX44R225
4516.52 607.01314 1.289 -1.714 7.724 0305Pb0185
4516.551 607.01314 1.307 -1.668 7.724 0305Pb0205
4516.553 607.01314 1.298 -1.69 7.724 0305Pb0195
4516.577 106.00113 2.033 -3.912 3.464 AX44P235
4516.61 75.0 3.575 0.68 "" ""
4516.633 106.00113 2.033 -1.39 3.464 AX44Q225
4516.633 27.1 3.457 -2.56 "" ""
4516.669 607.01314 0.852 -2.225 7.724 0002Ra0405
4516.692 24.0 3.077 -4.35 "" ""
4516.721 26.0 4.47 -4.0 "" ""
4516.723 92.0 0.077 -1.28 "" ""
4516.744 607.01314 0.852 -2.236 7.724 0002Rb0395
4516.749 607.01214 2.823 -3.488 7.724 1012Qc0025
4516.801 607.01314 0.852 -5.734 7.724 0002Qd0405
4516.808 23.1 6.291 -3.84 "" ""
4516.82 26.0 4.253 -3.5 "" ""
4516.83 607.01214 2.823 -2.186 7.724 1012Pa0035
