wavelength species excitation loggf disassociation_energy comment
4275.834 22.0 3.177 -1.23 "" ""
4275.893 24.0 3.875 -0.18 "" ""
4276.005 607.01214 3.262 -2.266 7.724 1314Ra0095
4276.044 607.01214 3.262 -2.305 7.724 1314Rb0085
4276.064 607.01214 3.262 -4.571 7.724 1314Qd0095
4276.083 106.00112 0.807 -1.629 3.464 AX22R085
4276.096 106.00113 0.804 -1.629 3.464 AX22R085
4276.105 27.0 3.565 -0.87 "" ""
4276.183 59.1 1.141 -0.28 "" ""
4276.266 106.00112 0.807 -3.243 3.464 AX22Q095
4276.268 106.00112 0.807 -1.587 3.464 AX22R095
4276.275 106.00112 1.657 -5.275 3.464 AX54P155
4276.279 106.00113 0.804 -3.243 3.464 AX22Q095
4276.282 106.00113 0.804 -1.587 3.464 AX22R095
4276.304 23.0 2.573 -2.34 "" ""
4276.335 23.0 2.357 -6.2 "" ""
4276.369 22.0 3.164 -2.67 "" ""
4276.425 106.00112 0.011 -3.42 3.464 AX00R025
4276.427 22.0 1.732 -0.53 LAWLER ""
4276.444 607.01214 3.259 -2.305 7.724 1314Ra0085
4276.453 106.00112 0.011 -3.41 3.464 AX00R025
4276.462 24.0 2.707 -3.35 "" ""
4276.463 92.1 0.652 -1.46 "" ""
4276.48 607.01214 3.259 -2.35 7.724 1314Rb0075
4276.48 68.1 1.588 -0.27 "" ""
4276.498 607.01214 3.259 -4.522 7.724 1314Qd0085
4276.549 27.0 3.527 -4.33 "" ""
4276.572 106.00113 0.011 -3.42 3.464 AX00R025
4276.59 23.1 1.678 -7.2 "" ""
4276.612 106.00113 0.011 -3.41 3.464 AX00R025
4276.631 22.0 2.295 -0.52 "" ""
4276.657 23.0 3.313 -2.76 "" ""
4276.676 26.0 3.882 -1.75 RUF14 ""
4276.692 66.0 0.874 -0.01 "" ""
4276.698 26.0 3.265 -1.85 "" ""
4276.716 22.0 2.331 -2.85 "" ""
4276.738 74.0 2.42 -0.16 "" ""
4276.747 65.1 0.373 -0.87 "" ""
4276.749 106.00112 1.917 -4.167 3.464 AX54R205
4276.749 40.0 0.52 -1.34 "" ""
4276.752 23.1 6.537 -2.45 "" ""
4276.786 11.0 2.103 -2.11 "" ""
4276.786 11.0 2.103 -3.07 "" ""
4276.794 24.0 3.548 -4.36 "" ""
4276.807 90.1 1.038 -1.35 "" ""
4276.824 106.00112 1.917 -1.729 3.464 AX54Q215
4276.836 106.00112 1.917 -1.77 3.464 AX54Q205
4276.901 607.01214 3.256 -2.35 7.724 1314Ra0075
4276.906 42.0 2.068 -0.15 "" ""
4276.91 106.00112 1.917 -4.334 3.464 AX54P215
4276.933 607.01214 3.256 -2.401 7.724 1314Rb0065
4276.939 106.00112 0.349 -3.42 3.464 AX11R025
4276.95 607.01214 3.256 -4.468 7.724 1314Qd0075
4276.951 23.0 1.852 0.32 LAWNOHFS ""
4276.966 90.1 2.052 -0.61 "" ""
4276.967 106.00112 0.349 -3.41 3.464 AX11R025
4277.01 106.00112 1.151 -0.93 3.464 AX00Q265
4277.042 106.00113 0.348 -3.42 3.464 AX11R025
4277.071 22.0 2.504 -4.72 "" ""
4277.073 106.00113 0.348 -3.41 3.464 AX11R025
4277.075 106.00113 1.145 -0.93 3.464 AX00Q265
4277.077 106.00112 1.151 -3.671 3.464 AX00R255
4277.155 76.0 2.36 -1.09 "" ""
4277.156 106.00113 1.145 -3.671 3.464 AX00R255
4277.163 106.00112 1.151 -3.66 3.464 AX00P265
4277.181 42.0 3.165 -0.95 "" ""
4277.204 23.0 1.042 -2.63 "" ""
4277.214 106.00113 1.145 -3.66 3.464 AX00P265
4277.23 106.00112 1.151 -0.941 3.464 AX00Q255
4277.239 42.0 1.53 -0.39 "" ""
4277.256 44.0 1.837 -1.43 "" ""
4277.274 25.0 4.255 -2.7 "" ""
4277.28 60.1 0.182 -1.49 LAWLER ""
4277.295 106.00113 1.145 -0.941 3.464 AX00Q255
4277.314 90.1 0.0 -1.3 Nils02/7 ""
4277.323 22.0 2.776 -3.83 "" ""
4277.332 24.0 0.941 -5.36 "" ""
4277.368 106.00112 0.919 -3.739 3.464 BX10R235
4277.373 40.1 0.801 -1.4 "" ""
4277.374 607.01214 3.253 -2.401 7.724 1314Ra0065
4277.376 106.00113 0.458 -5.355 3.464 BX01R085
4277.389 26.0 2.607 -3.02 "" ""
4277.398 62.0 0.101 -2.32 "" ""
4277.399 24.0 3.886 -3.8 "" ""
4277.404 607.01214 3.253 -2.46 7.724 1314Rb0055
4277.405 42.0 2.497 -0.78 "" ""
4277.415 106.00112 0.992 -3.605 3.464 AX00R235
4277.418 607.01214 3.253 -4.407 7.724 1314Qd0065
4277.466 24.0 4.614 -0.85 "" ""
4277.489 106.00112 0.992 -0.953 3.464 AX00Q245
4277.492 41.0 0.019 -1.47 "" ""
4277.537 22.1 4.965 -0.82 "" ""
4277.541 106.00113 0.986 -3.605 3.464 AX00R235
4277.56 106.00112 0.992 -0.966 3.464 AX00Q235
4277.601 106.00113 0.986 -0.953 3.464 AX00Q245
4277.629 106.00112 0.992 -3.648 3.464 AX00P245
4277.66 26.0 2.431 -7.0 "" ""
4277.668 106.00113 0.986 -0.966 3.464 AX00Q235
4277.676 26.0 4.14 -1.78 "" ""
4277.708 106.00113 1.053 -3.96 3.464 AX33R075
4277.725 24.0 3.695 -3.58 "" ""
4277.73 106.00113 0.986 -3.648 3.464 AX00P245
4277.748 70.0 3.034 0.03 "" ""
4277.785 24.0 3.847 -2.46 "" ""
4277.803 24.0 3.854 -0.96 "" ""
4277.822 106.00112 1.056 -3.96 3.464 AX33R075
4277.844 106.00113 1.746 -11.295 3.464 CX04R185
4277.863 607.01214 3.25 -2.46 7.724 1314Ra0055
4277.89 607.01214 3.25 -2.531 7.724 1314Rb0045
4277.9 27.1 2.727 -4.59 "" ""
4277.902 607.01214 3.25 -4.338 7.724 1314Qd0055
4277.926 21.0 2.134 -2.39 "" ""
4277.995 20.0 6.009 -5.62 "" ""
4278.017 26.0 4.253 -3.6 "" ""
4278.021 106.00113 1.053 -3.935 3.464 AX33R075
4278.114 24.1 5.326 -3.38 "" ""
4278.122 22.0 2.332 -3.12 "" ""
4278.126 24.0 2.708 -3.85 "" ""
4278.141 106.00112 1.056 -3.935 3.464 AX33R075
4278.147 21.0 2.134 -3.63 "" ""
4278.159 26.1 2.69 -3.82 "" ""
4278.205 64.1 1.614 -0.65 "" ""
4278.22 22.0 2.576 0.2 LAWLER ""
4278.222 22.0 3.109 -1.81 "" ""
4278.231 26.0 3.366 -1.58 DEN14 ""
4278.242 25.1 5.102 -3.8 "" ""
4278.247 58.1 1.338 -0.69 "" ""
4278.323 90.0 1.76 0.07 "" ""
4278.37 607.01214 3.248 -2.531 7.724 1314Ra0045
4278.387 26.0 2.843 -4.72 "" ""
4278.393 607.01214 3.248 -2.617 7.724 1314Rb0035
4278.403 607.01214 3.248 -4.255 7.724 1314Qd0045
4278.452 106.00113 0.894 -5.37 3.464 BX01R185
4278.505 26.0 4.1 -3.97 "" ""
4278.51 26.0 4.431 -2.5 "" ""
4278.578 42.0 3.075 -1.7 "" ""
4278.58 106.00112 0.46 -5.355 3.464 BX01R085
4278.588 45.0 1.483 -1.82 "" ""
4278.589 22.0 3.158 -3.62 "" ""
4278.614 25.1 5.366 -2.51 "" ""
4278.627 24.0 3.963 -1.86 "" ""
4278.673 25.0 4.723 -0.73 "" ""
4278.689 44.0 1.732 -1.4 "" ""
4278.716 23.0 3.265 -4.62 "" ""
4278.734 20.0 4.776 -2.55 "" ""
4278.759 26.1 2.692 -3.73 MELBAR ""
4278.76 60.1 0.204 -2.27 LAWLER ""
4278.788 22.0 2.304 -0.54 "" ""
4278.796 26.0 3.544 -3.65 "" ""
4278.804 25.0 4.791 -1.42 "" ""
4278.855 106.00112 1.071 -0.941 3.464 AX00Q255
4278.859 58.1 0.32 -0.86 LAWLER ""
4278.867 28.1 6.571 -5.73 "" ""
4278.892 23.1 4.002 -0.71 "" ""
4278.893 607.01214 3.247 -2.617 7.724 1314Ra0035
4278.912 607.01214 3.247 -2.727 7.724 1314Rb0025
4278.916 106.00112 1.071 -3.652 3.464 AX00R245
4278.92 607.01214 3.247 -4.155 7.724 1314Qd0035
4278.924 106.00113 1.065 -0.941 3.464 AX00Q255
4278.95 106.00112 1.916 -9.214 3.464 CX15R165
4278.967 24.1 3.102 -4.47 "" ""
4278.999 106.00113 1.065 -3.652 3.464 AX00R245
4279.001 106.00112 1.071 -3.642 3.464 AX00P255
4279.01 42.0 3.154 -1.24 "" ""
4279.022 42.1 3.055 -1.0 "" ""
4279.052 73.0 0.0 -2.31 "" ""
4279.055 106.00112 1.071 -0.953 3.464 AX00Q245
4279.06 106.00113 1.065 -3.642 3.464 AX00P255
4279.084 106.00112 1.919 -1.73 3.464 AX54Q215
4279.088 26.0 3.632 -2.83 "" ""
4279.111 106.00112 1.919 -4.192 3.464 AX54R205
4279.136 106.00113 1.065 -0.953 3.464 AX00Q245
4279.171 106.00112 1.919 -4.31 3.464 AX54P215
4279.198 106.00112 1.919 -1.77 3.464 AX54Q205
4279.21 39.1 4.0 -0.5 "" ""
4279.216 28.1 6.611 -2.0 "" ""
4279.314 23.0 2.614 -4.64 "" ""
4279.318 26.0 4.555 -3.6 "" ""
4279.432 607.01214 3.245 -2.727 7.724 1314Ra0025
4279.448 607.01214 3.245 -2.88 7.724 1314Rb0015
4279.453 607.01214 3.245 -4.023 7.724 1314Qd0025
4279.48 106.00112 0.052 -1.748 3.464 AX00R045
4279.482 41.0 1.079 -1.19 "" ""
4279.488 26.0 3.881 -1.46 "" ""
4279.5 62.1 0.378 -1.96 LAWLER ""
4279.541 25.0 4.723 -1.2 "" ""
4279.614 106.00113 0.052 -1.748 3.464 AX00R045
4279.617 106.00112 0.917 -3.586 3.464 AX00R225
4279.636 23.1 1.684 -3.79 "" ""
4279.654 20.0 5.685 -2.55 "" ""
4279.67 62.1 0.277 -0.52 LAWLER ""
4279.695 106.00112 0.917 -0.966 3.464 AX00Q235
4279.696 25.1 5.103 -5.22 "" ""
4279.702 106.00112 0.052 -1.748 3.464 AX00R045
4279.704 41.0 1.504 -1.07 "" ""
4279.739 106.00113 0.911 -3.586 3.464 AX00R225
4279.74 62.1 0.184 -1.24 LAWLER ""
4279.754 28.0 4.263 -1.78 "" ""
4279.759 106.00112 0.917 -0.98 3.464 AX00Q225
4279.806 106.00113 0.911 -0.966 3.464 AX00Q235
4279.808 21.0 3.099 -3.23 "" ""
4279.812 24.0 4.398 -4.12 "" ""
4279.828 106.00112 0.917 -3.628 3.464 AX00P235
4279.832 106.00113 0.052 -1.748 3.464 AX00R045
4279.861 106.00113 0.911 -0.98 3.464 AX00Q225
4279.869 24.0 3.887 -4.47 "" ""
4279.869 26.0 2.856 -2.33 "" ""
4279.88 26.0 4.188 -2.05 "" ""
4279.922 106.00113 0.953 -5.872 3.464 BX11P195
4279.923 106.00113 0.953 -2.348 3.464 BX11Q185
4279.923 22.0 2.343 -3.19 "" ""
4279.928 106.00113 0.911 -3.628 3.464 AX00P235
4279.929 21.1 0.595 -2.98 "" ""
4279.94 62.1 0.248 -1.0 LAWLER ""
4279.941 58.1 0.902 -2.03 LAWLER ""
4279.952 106.00112 0.053 -2.958 3.464 AX00Q055
4279.953 26.0 3.412 -7.57 "" ""
4279.988 607.01214 3.245 -2.88 7.724 1314Ra0015
4280.0 607.01214 3.245 -3.133 7.724 1314Rb0005
4280.001 106.00113 0.953 -2.551 3.464 BX11Q195
4280.003 106.00113 0.953 -6.225 3.464 BX11R185
4280.003 607.01214 3.245 -3.831 7.724 1314Qd0015
4280.019 15.0 6.93 -2.5 "" ""
4280.027 106.00112 0.053 -1.67 3.464 AX00R055
4280.042 106.00112 0.778 -1.67 3.464 AX22R075
4280.048 106.00113 0.775 -1.67 3.464 AX22R075
4280.052 22.0 2.316 -0.83 "" ""
4280.08 106.00113 0.052 -2.958 3.464 AX00Q055
4280.081 26.0 3.015 -6.38 "" ""
4280.085 24.0 3.008 -1.52 "" ""
4280.106 106.00112 0.898 -5.37 3.464 BX01R185
4280.136 58.1 0.734 -0.68 LAWLER ""
4280.137 106.00112 0.053 -2.95 3.464 AX00Q055
4280.153 28.0 4.15 -3.08 "" ""
4280.154 60.1 1.497 -0.25 "" ""
4280.158 106.00113 0.052 -1.67 3.464 AX00R055
4280.172 24.0 3.847 -0.99 "" ""
4280.215 106.00112 0.053 -1.67 3.464 AX00R055
4280.259 57.0 0.13 -0.5 "" ""
4280.266 106.00113 0.052 -2.95 3.464 AX00Q055
4280.282 106.00112 0.681 -3.581 3.464 AX22R035
4280.309 106.00113 0.679 -3.581 3.464 AX22R035
4280.31 106.00112 0.778 -3.207 3.464 AX22Q085
4280.314 106.00113 0.775 -3.207 3.464 AX22Q085
4280.32 62.1 0.104 -1.74 LAWLER ""
4280.325 106.00112 0.778 -1.622 3.464 AX22R085
4280.325 24.1 3.103 -3.67 "" ""
4280.329 106.00113 0.775 -1.622 3.464 AX22R085
4280.337 26.0 4.1 -4.19 "" ""
4280.344 106.00113 0.052 -1.67 3.464 AX00R055
4280.345 106.00112 0.681 -3.569 3.464 AX22R035
4280.363 24.0 3.432 -1.74 "" ""
4280.372 106.00113 0.679 -3.569 3.464 AX22R035
4280.377 106.00113 1.698 -5.216 3.464 AX54P165
4280.397 106.00112 0.389 -1.788 3.464 AX11R045
4280.403 24.0 3.847 0.29 "" ""
4280.471 26.0 3.045 -2.41 "" ""
4280.484 106.00113 0.388 -1.788 3.464 AX11R045
4280.49 64.1 0.354 -0.5 LAWLER ""
4280.52 106.00112 0.778 -1.67 3.464 AX22R075
4280.52 106.00113 0.775 -1.67 3.464 AX22R075
4280.535 26.0 3.234 -2.07 "" ""
4280.559 607.01214 3.244 -3.133 7.724 1314Ra0005
4280.568 90.0 0.689 -1.38 "" ""
4280.569 607.01214 3.244 -3.432 7.724 1314Qd0005
4280.582 41.0 0.656 -1.28 "" ""
4280.611 106.00112 0.389 -1.788 3.464 AX11R045
4280.625 68.1 1.368 -2.22 LAWLER ""
4280.631 24.0 3.085 -1.67 "" ""
4280.631 26.0 3.015 -8.97 "" ""
4280.644 27.1 5.085 -2.69 "" ""
4280.695 106.00113 0.388 -1.788 3.464 AX11R045
4280.739 106.00113 0.776 -3.193 3.464 AX22Q085
4280.741 106.00112 0.778 -3.193 3.464 AX22Q085
4280.747 24.0 2.707 -4.31 "" ""
4280.749 106.00112 0.778 -1.622 3.464 AX22R085
4280.756 106.00113 0.776 -1.622 3.464 AX22R085
4280.759 24.0 3.008 -2.97 "" ""
4280.78 62.1 0.484 0.06 LAWLER ""
4280.782 26.0 4.412 -2.62 "" ""
4280.783 106.00112 0.994 -0.953 3.464 AX00Q245
4280.832 28.0 4.415 -2.92 "" ""
4280.843 106.00112 0.994 -3.632 3.464 AX00R235
4280.849 106.00112 0.389 -2.981 3.464 AX11Q055
4280.861 24.0 3.695 -4.21 "" ""
4280.864 106.00113 0.988 -0.953 3.464 AX00Q245
4280.872 42.0 3.779 -1.12 "" ""
4280.884 24.0 3.419 -1.44 "" ""
4280.926 106.00112 0.389 -1.71 3.464 AX11R055
4280.928 106.00112 0.994 -3.624 3.464 AX00P245
4280.928 106.00113 0.988 -3.632 3.464 AX00R235
4280.928 23.0 2.503 -4.59 "" ""
4280.933 106.00113 0.388 -2.981 3.464 AX11Q055
4280.946 27.0 3.663 -2.33 "" ""
4280.97 24.0 3.008 -1.63 "" ""
4280.98 106.00112 0.994 -0.966 3.464 AX00Q235
4280.987 58.1 0.553 -0.95 LAWLER ""
4280.992 106.00113 0.988 -3.624 3.464 AX00P245
4281.01 24.0 3.123 -3.16 "" ""
4281.01 62.1 0.0 -1.21 LAWLER ""
4281.011 106.00113 0.388 -1.71 3.464 AX11R055
4281.026 106.00112 0.389 -2.973 3.464 AX11Q055
4281.027 22.0 1.886 -5.01 "" ""
4281.032 24.0 3.11 -2.51 "" ""
4281.049 24.1 3.103 -3.39 "" ""
4281.056 106.00113 0.988 -0.966 3.464 AX00Q235
4281.068 90.1 0.189 -1.75 Nils02/21 ""
4281.086 27.0 3.949 -3.82 "" ""
4281.097 25.0 2.918 -0.42 "" ""
4281.107 106.00112 0.389 -1.71 3.464 AX11R055
4281.111 106.00113 0.388 -2.973 3.464 AX11Q055
4281.153 42.0 2.644 -1.88 "" ""
4281.153 58.1 0.553 -0.98 LAWLER ""
4281.189 106.00113 0.388 -1.71 3.464 AX11R055
4281.342 22.0 3.111 -3.88 "" ""
4281.367 22.0 0.812 -1.26 LAWLER ""
4281.415 90.1 1.048 -1.3 "" ""
4281.528 27.0 2.868 -3.71 "" ""
4281.537 20.0 5.877 -2.68 "" ""
4281.545 20.0 4.776 -3.83 "" ""
4281.559 24.0 3.553 -3.04 "" ""
4281.591 26.0 2.452 -3.6 "" ""
4281.628 25.0 4.723 -1.72 "" ""
4281.709 22.0 2.406 -1.14 "" ""
4281.748 607.01214 3.245 -3.432 7.724 1314Qc0005
4281.751 607.01214 3.245 -3.13 7.724 1314Pa0015
4281.821 42.0 2.062 -1.8 "" ""
4281.859 106.00112 0.844 -3.566 3.464 AX00R215
4281.902 106.00112 1.754 -11.294 3.464 CX04R185
4281.938 44.0 1.927 -1.15 "" ""
4281.944 106.00112 0.844 -0.98 3.464 AX00Q225
4281.949 25.1 5.369 -2.55 "" ""
4281.975 106.00113 0.839 -3.566 3.464 AX00R215
4281.988 106.00112 0.844 -0.995 3.464 AX00Q215
4282.023 92.1 0.036 -1.67 "" ""
4282.026 106.00113 1.699 -5.264 3.464 AX54P165
4282.036 22.0 2.295 -2.34 "" ""
4282.041 90.1 0.764 -0.78 "" ""
4282.046 106.00113 0.839 -0.98 3.464 AX00Q225
4282.067 106.00112 0.844 -3.608 3.464 AX00P225
4282.08 40.0 2.209 0.13 "" ""
4282.09 106.00113 0.839 -0.995 3.464 AX00Q215
4282.163 106.00113 0.839 -3.608 3.464 AX00P225
4282.189 22.0 3.158 -1.26 "" ""
4282.191 40.0 0.65 -0.56 "" ""
4282.206 44.0 0.811 -1.86 "" ""
4282.208 20.0 4.765 -2.6 "" ""
4282.208 62.0 0.387 0.46 "" ""
4282.239 25.1 5.105 -6.66 "" ""
4282.362 607.01214 3.245 -3.831 7.724 1314Qc0015
4282.367 607.01214 3.245 -2.874 7.724 1314Pa0025
4282.371 607.01214 3.245 -3.13 7.724 1314Pb0015
4282.377 74.0 2.386 -0.37 "" ""
4282.378 24.0 3.009 -1.36 "" ""
4282.403 26.0 2.174 -0.78 OBR91 ""
4282.415 24.0 2.708 -3.96 "" ""
4282.42 59.1 0.55 -0.12 LINOHFS ""
4282.44 60.1 0.471 -0.46 LAWLER ""
4282.452 59.1 0.55 -0.05 "" ""
4282.454 42.0 2.913 -1.81 "" ""
4282.46 92.1 0.568 -1.24 "" ""
4282.49 25.1 5.516 -1.68 "" ""
4282.52 22.0 2.576 -8.47 "" ""
4282.521 106.00113 0.432 -5.334 3.464 BX01R075
4282.56 60.1 0.064 -1.21 LAWLER ""
4282.562 27.0 3.565 -1.7 "" ""
4282.568 20.0 6.012 -2.23 "" ""
4282.618 22.0 1.732 -1.28 LAWLER ""
4282.694 24.0 3.889 -3.44 "" ""
4282.698 22.0 1.872 0.02 LAWLER ""
4282.71 24.0 3.009 -1.73 "" ""
4282.781 64.1 1.614 -0.73 "" ""
4282.785 22.0 2.295 0.09 "" ""
4282.787 106.00112 0.919 -0.966 3.464 AX00Q235
4282.822 106.00113 0.783 -4.986 3.464 BX11P155
4282.834 106.00112 0.919 -3.612 3.464 AX00R225
4282.834 62.0 0.282 0.18 "" ""
4282.863 106.00113 0.914 -0.966 3.464 AX00Q235
4282.898 23.0 1.866 -0.72 LAWNOHFS ""
4282.917 106.00113 0.914 -3.612 3.464 AX00R225
4282.92 106.00112 0.919 -3.605 3.464 AX00P235
4282.921 26.0 3.632 -3.52 "" ""
4282.925 106.00112 1.78 -5.513 3.464 AX43P225
4282.972 106.00112 0.919 -0.98 3.464 AX00Q225
4282.984 106.00113 0.914 -3.605 3.464 AX00P235
4282.992 607.01214 3.247 -4.024 7.724 1314Qc0025
4282.999 607.01214 3.247 -2.719 7.724 1314Pa0035
4283.007 607.01214 3.247 -2.874 7.724 1314Pb0025
4283.011 20.0 1.886 -0.21 LAWLER ""
4283.024 24.0 4.204 -0.77 "" ""
4283.038 106.00113 0.914 -0.98 3.464 AX00Q225
4283.039 106.00113 1.973 -2.188 3.464 AX43P265
4283.064 26.0 3.544 -2.85 "" ""
4283.094 56.0 1.412 0.09 "" ""
4283.096 20.0 5.736 -4.92 "" ""
4283.137 24.0 4.204 -1.46 "" ""
4283.184 25.1 6.489 -4.63 "" ""
4283.232 23.1 6.097 -4.54 "" ""
4283.246 21.0 2.138 -1.71 "" ""
4283.254 26.0 3.544 -4.05 "" ""
4283.284 42.0 2.916 -1.8 "" ""
4283.294 23.1 6.453 -2.04 "" ""
4283.32 27.0 2.628 -4.78 "" ""
4283.329 23.1 6.474 -0.86 "" ""
4283.404 20.0 5.737 -3.88 "" ""
4283.404 26.0 2.607 -3.89 "" ""
4283.424 28.0 3.396 -5.08 "" ""
4283.451 106.00113 1.974 -2.259 3.464 AX43P255
4283.463 24.0 3.008 -4.09 "" ""
4283.468 21.0 2.138 -4.0 "" ""
4283.49 62.0 0.101 -0.29 "" ""
4283.518 90.1 1.144 -1.21 "" ""
4283.546 58.1 0.736 -1.26 LAWLER ""
4283.553 21.0 2.108 -0.64 "" ""
4283.56 27.0 3.189 -3.36 "" ""
4283.638 607.01214 3.248 -4.155 7.724 1314Qc0035
4283.648 607.01214 3.248 -2.606 7.724 1314Pa0045
4283.659 607.01214 3.248 -2.719 7.724 1314Pb0035
4283.667 20.0 5.878 -4.01 "" ""
4283.703 24.0 3.119 -4.09 "" ""
4283.733 21.0 2.144 -1.7 "" ""
4283.753 106.00112 0.433 -5.334 3.464 BX01R075
4283.769 25.1 5.369 -2.2 "" ""
4283.771 26.0 4.151 -3.36 "" ""
4283.784 22.0 1.967 -3.78 "" ""
4283.801 74.0 1.507 -1.26 "" ""
4283.847 23.0 2.573 -0.59 "" ""
4283.867 26.0 0.989 -5.79 "" ""
4283.897 22.0 2.266 -4.85 "" ""
4283.898 20.0 4.776 -2.2 "" ""
4283.928 106.00113 1.974 -4.419 3.464 AX43Q255
4283.936 26.0 4.309 -4.02 "" ""
4283.967 24.0 3.011 -1.28 "" ""
4284.039 24.0 3.011 -1.24 "" ""
4284.043 23.0 1.847 0.28 LAWNOHFS ""
4284.077 26.0 4.151 -3.2 "" ""
4284.082 22.0 1.501 -2.98 "" ""
4284.085 25.0 2.951 -1.01 "" ""
4284.121 106.00112 0.774 -3.545 3.464 AX00R205
4284.19 24.1 3.854 -1.77 Lawler17 ""
4284.209 106.00112 0.774 -0.995 3.464 AX00Q215
4284.228 106.00113 0.77 -3.545 3.464 AX00R205
4284.238 106.00112 0.774 -1.011 3.464 AX00Q205
4284.249 26.0 4.368 -3.17 "" ""
4284.267 106.00112 1.806 -4.274 3.464 AX54Q185
4284.28 21.0 2.108 -1.77 "" ""
4284.3 607.01214 3.25 -4.256 7.724 1314Qc0045
4284.305 106.00113 0.77 -0.995 3.464 AX00Q215
4284.312 607.01214 3.25 -2.518 7.724 1314Pa0055
4284.326 106.00112 0.774 -3.587 3.464 AX00P215
4284.327 607.01214 3.25 -2.606 7.724 1314Pb0045
4284.329 44.0 1.122 -0.7 "" ""
4284.332 106.00112 1.806 -2.333 3.464 AX54P185
4284.334 106.00113 0.77 -1.011 3.464 AX00Q205
4284.352 106.00112 1.806 -2.277 3.464 AX54P195
4284.405 26.0 2.988 -2.6 "" ""
4284.406 20.0 4.621 -3.17 "" ""
4284.408 26.0 4.368 -3.47 "" ""
4284.417 106.00113 0.77 -3.587 3.464 AX00P215
4284.429 25.1 5.366 -2.27 "" ""
4284.43 26.0 3.249 -6.88 "" ""
4284.435 20.0 4.128 -4.63 "" ""
4284.49 76.0 1.368 -2.44 Quinet06 ""
4284.51 60.1 0.63 -0.17 LAWLER ""
4284.51 62.1 0.04 -2.21 LAWLER ""
4284.542 106.00112 1.984 -4.419 3.464 AX43Q255
4284.577 24.0 3.553 -3.65 "" ""
4284.585 42.0 2.678 -0.6 "" ""
4284.606 106.00112 1.984 -2.188 3.464 AX43P265
4284.664 106.00112 1.984 -2.259 3.464 AX43P255
4284.671 106.00113 0.75 -1.716 3.464 AX22R065
4284.675 28.0 3.191 -1.33 LAWLER ""
4284.682 106.00112 0.752 -1.716 3.464 AX22R065
4284.699 22.0 2.425 -1.24 "" ""
4284.699 26.0 3.428 -3.37 "" ""
4284.711 24.0 2.887 -1.3 SOBECK ""
4284.713 24.0 3.011 -2.65 "" ""
4284.82 24.0 3.011 -1.8 "" ""
4284.829 106.00112 0.846 -0.98 3.464 AX00Q225
4284.831 20.0 6.03 -5.11 "" ""
4284.865 22.0 2.394 -1.32 "" ""
4284.866 106.00112 0.846 -3.591 3.464 AX00R215
4284.873 20.0 6.03 -4.44 "" ""
4284.887 28.0 3.895 -1.06 "" ""
4284.901 106.00113 0.841 -0.98 3.464 AX00Q225
4284.935 27.0 2.698 -5.16 "" ""
4284.939 74.0 2.42 -0.72 "" ""
4284.944 106.00113 0.841 -3.591 3.464 AX00R215
4284.953 106.00112 0.846 -3.585 3.464 AX00P225
4284.975 90.1 2.052 -0.51 "" ""
4284.976 106.00113 0.75 -3.149 3.464 AX22Q075
4284.978 607.01214 3.253 -4.338 7.724 1314Qc0055
4284.98 22.0 1.738 -0.29 LAWLER ""
4284.99 106.00112 0.752 -3.149 3.464 AX22Q075
4284.992 106.00112 0.846 -0.995 3.464 AX00Q215
4284.992 607.01214 3.253 -2.445 7.724 1314Pa0065
4285.011 106.00113 0.75 -1.661 3.464 AX22R075
4285.011 607.01214 3.253 -2.518 7.724 1314Pb0055
4285.015 106.00113 0.841 -3.585 3.464 AX00P225
4285.02 20.0 5.879 -4.4 "" ""
4285.022 106.00112 0.752 -1.661 3.464 AX22R075
4285.039 106.00113 0.75 -1.716 3.464 AX22R065
4285.052 20.0 6.013 -3.02 "" ""
4285.058 106.00112 0.752 -1.716 3.464 AX22R065
4285.058 106.00113 0.841 -0.995 3.464 AX00Q215
4285.07 24.0 4.385 -4.14 "" ""
4285.111 26.0 4.555 -1.4 "" ""
4285.12 65.1 0.816 -0.39 LAWNOHFS ""
4285.152 24.0 3.011 -2.83 "" ""
4285.176 28.0 3.396 -2.4 "" ""
4285.184 20.0 4.76 -2.46 "" ""
4285.268 27.1 3.418 -3.36 "" ""
4285.295 22.1 5.212 -2.48 "" ""
4285.306 106.00113 0.75 -3.137 3.464 AX22Q075
4285.324 106.00112 0.752 -3.137 3.464 AX22Q075
4285.34 106.00113 0.75 -1.661 3.464 AX22R075
4285.353 26.1 6.083 -4.62 "" ""
4285.356 106.00112 0.752 -1.661 3.464 AX22R075
4285.361 58.1 0.909 -0.22 BIEMONT ""
4285.373 106.00112 0.035 -1.825 3.464 AX00R035
4285.415 25.1 5.103 -4.19 "" ""
4285.442 26.0 3.234 -1.19 "" ""
4285.443 22.0 2.331 -1.55 LAWLER ""
4285.45 25.1 5.811 -5.11 "" ""
4285.473 106.00113 0.035 -1.824 3.464 AX00R035
4285.483 20.0 6.031 -2.44 "" ""
4285.49 62.1 0.277 -0.85 LAWLER ""
4285.523 106.00112 0.035 -1.824 3.464 AX00R035
4285.566 24.0 3.011 -3.94 "" ""
4285.577 22.0 3.102 -3.0 "" ""
4285.578 68.1 1.561 -1.78 LAWLER ""
4285.583 106.00113 1.855 -4.268 3.464 AX54Q195
4285.595 42.0 2.289 -2.28 "" ""
4285.597 106.00113 1.031 -3.89 3.464 AX33R065
4285.615 23.0 3.296 -3.1 "" ""
4285.621 106.00113 0.035 -1.824 3.464 AX00R035
4285.627 106.00113 1.855 -2.282 3.464 AX54P195
4285.65 24.1 7.375 -3.94 "" ""
4285.651 106.00113 1.855 -2.227 3.464 AX54P205
4285.673 607.01214 3.256 -4.408 7.724 1314Qc0065
4285.689 607.01214 3.256 -2.383 7.724 1314Pa0075
4285.695 22.0 1.979 -3.72 "" ""
4285.711 607.01214 3.256 -2.445 7.724 1314Pb0065
4285.728 22.0 2.332 -5.08 "" ""
4285.743 106.00112 1.034 -3.89 3.464 AX33R065
4285.747 25.0 4.662 -3.21 "" ""
4285.773 106.00112 1.782 -5.576 3.464 AX43P225
4285.775 27.0 0.174 -3.54 "" ""
