wavelength species excitation loggf disassociation_energy comment
4260.081 26.0 3.394 -2.57 "" ""
4260.116 64.0 0.066 -0.44 "" ""
4260.135 26.0 3.069 -1.52 "" ""
4260.17 26.0 3.394 -1.91 "" ""
4260.183 24.0 3.854 -0.64 "" ""
4260.189 607.01214 3.157 -1.619 7.724 1213Pb0235
4260.22 74.0 2.244 -0.24 "" ""
4260.275 22.0 2.493 -6.88 "" ""
4260.286 106.00112 1.806 -10.862 3.464 CX04R195
4260.333 90.0 1.215 -0.26 "" ""
4260.354 42.0 2.756 -1.11 "" ""
4260.406 607.01214 3.157 -4.695 7.724 1213Qc0235
4260.428 14.0 4.926 -3.34 "" ""
4260.449 22.0 2.343 -2.38 "" ""
4260.467 25.1 1.846 -4.25 "" ""
4260.474 26.0 2.397 -0.02 "" ""
4260.486 607.01214 3.157 -1.606 7.724 1213Pa0245
4260.49 24.0 3.142 -3.92 "" ""
4260.565 106.00113 1.934 -3.803 3.464 AX00R345
4260.586 24.0 3.963 -2.89 "" ""
4260.616 27.0 2.875 -3.54 "" ""
4260.652 42.0 3.209 -0.93 "" ""
4260.689 23.1 6.097 -4.14 "" ""
4260.696 23.1 1.671 -2.66 "" ""
4260.728 26.0 2.843 -2.29 "" ""
4260.745 22.0 2.295 -1.01 "" ""
4260.763 23.1 1.702 -2.4 "" ""
4260.823 106.00112 1.961 -9.232 3.464 CX15R175
4260.848 76.0 0.0 -1.43 Quinet06 ""
4260.852 27.1 2.983 -4.44 "" ""
4260.917 28.0 3.541 -3.15 "" ""
4260.927 24.0 3.419 -3.83 "" ""
4260.983 72.0 1.305 -0.95 "" ""
4260.984 26.0 4.253 -4.02 "" ""
4260.994 22.1 5.563 -1.87 "" ""
4261.021 20.0 6.049 -2.48 "" ""
4261.025 23.1 6.461 -2.02 "" ""
4261.084 106.00112 1.716 -5.565 3.464 AX43P215
4261.104 22.0 2.576 -4.16 "" ""
4261.146 106.00113 1.651 -5.232 3.464 AX54P155
4261.147 607.01214 3.167 -1.606 7.724 1213Pb0245
4261.162 58.1 1.087 -0.5 "" ""
4261.174 40.0 0.686 -1.37 "" ""
4261.218 106.00112 0.125 -1.586 3.464 AX00R075
4261.221 106.00112 0.71 -3.797 3.464 AX22R055
4261.226 23.0 2.682 -2.86 "" ""
4261.282 25.0 4.709 -0.58 "" ""
4261.292 26.0 4.175 -3.08 "" ""
4261.312 21.0 2.138 -1.72 "" ""
4261.337 24.0 2.911 -0.69 SOBECK ""
4261.346 106.00113 0.708 -3.796 3.464 AX22R055
4261.389 607.01214 3.167 -4.718 7.724 1213Qc0245
4261.393 106.00112 0.71 -3.778 3.464 AX22R055
4261.413 40.0 1.581 -0.49 "" ""
4261.441 42.0 3.387 -0.97 "" ""
4261.444 24.0 3.695 -2.82 "" ""
4261.458 106.00113 0.125 -1.586 3.464 AX00R075
4261.464 26.1 6.725 -4.42 "" ""
4261.472 607.01214 3.167 -1.594 7.724 1213Pa0255
4261.488 21.1 6.903 -3.12 "" ""
4261.506 106.00112 0.126 -3.159 3.464 AX00Q085
4261.517 106.00113 0.708 -3.778 3.464 AX22R055
4261.517 26.0 4.47 -3.73 "" ""
4261.521 106.00112 0.126 -1.537 3.464 AX00R085
4261.533 20.0 6.05 -4.73 "" ""
4261.548 20.0 6.05 -4.21 "" ""
4261.59 22.0 2.304 -0.19 "" ""
4261.6 23.1 6.141 -4.14 "" ""
4261.613 24.0 3.119 -0.91 "" ""
4261.613 76.0 2.891 -1.93 Quinet06 ""
4261.625 26.0 4.14 -4.42 "" ""
4261.649 21.0 3.081 -3.73 "" ""
4261.704 41.0 1.12 -1.09 "" ""
4261.731 106.00112 0.126 -1.586 3.464 AX00R075
4261.743 106.00113 0.125 -3.159 3.464 AX00Q085
4261.758 106.00113 0.125 -1.537 3.464 AX00R085
4261.79 59.1 0.422 -0.98 LINOHFS ""
4261.835 60.1 1.49 0.51 "" ""
4261.847 24.1 3.101 -3.0 "" ""
4261.917 24.1 3.864 -1.45 Lawler17 ""
4261.949 24.1 5.315 -4.33 "" ""
4261.965 106.00113 0.125 -1.586 3.464 AX00R075
4261.967 106.00112 0.126 -3.146 3.464 AX00Q085
4261.982 106.00112 0.126 -1.538 3.464 AX00R085
4262.053 41.0 0.13 -0.56 "" ""
4262.082 64.0 0.841 0.86 "" ""
4262.087 64.1 0.731 -0.44 "" ""
4262.127 24.0 3.11 -3.41 "" ""
4262.129 607.01214 3.178 -1.594 7.724 1213Pb0255
4262.155 23.0 1.852 -0.5 LAWNOHFS ""
4262.155 24.0 2.913 -3.37 "" ""
4262.191 24.0 3.123 -3.75 "" ""
4262.198 23.0 2.676 -2.13 "" ""
4262.199 106.00113 0.125 -3.146 3.464 AX00Q085
4262.216 106.00113 0.125 -1.538 3.464 AX00R085
4262.228 60.1 0.63 -0.77 "" ""
4262.236 25.0 4.824 -2.0 "" ""
4262.299 24.0 3.695 -3.58 "" ""
4262.34 26.0 4.1 -2.93 "" ""
4262.34 57.0 0.13 -1.27 "" ""
4262.363 24.0 3.077 -1.23 "" ""
4262.4 607.01214 3.178 -4.742 7.724 1213Qc0255
4262.469 23.0 2.357 -7.1 "" ""
4262.485 607.01214 3.178 -1.582 7.724 1213Pa0265
4262.562 26.0 4.47 -4.13 "" ""
4262.59 106.00112 0.911 -1.53 3.464 AX22R115
4262.622 106.00113 1.652 -5.278 3.464 AX54P155
4262.64 106.00113 0.908 -1.53 3.464 AX22R115
4262.651 106.00112 1.754 -4.285 3.464 AX54Q175
4262.67 62.1 0.378 -0.49 LAWLER ""
4262.698 26.0 4.368 -3.07 "" ""
4262.708 106.00112 1.754 -2.39 3.464 AX54P175
4262.727 106.00112 0.911 -1.499 3.464 AX22R125
4262.74 72.1 1.601 -1.86 LAWLER ""
4262.742 106.00112 1.754 -2.333 3.464 AX54P185
4262.758 106.00112 0.911 -3.385 3.464 AX22Q125
4262.768 106.00113 0.908 -1.499 3.464 AX22R125
4262.814 106.00113 0.908 -3.385 3.464 AX22Q125
4262.863 106.00113 1.105 -4.073 3.464 AX33R095
4262.907 20.0 4.765 -2.23 "" ""
4262.912 106.00112 1.108 -4.073 3.464 AX33R095
4262.94 66.1 0.54 -2.71 LAWLER ""
4262.943 22.0 3.145 -1.2 "" ""
4262.955 106.00112 0.994 -4.818 3.464 BX00P235
4263.132 22.0 1.886 0.22 LAWLER ""
4263.138 24.0 3.847 0.47 "" ""
4263.138 607.01214 3.189 -1.582 7.724 1213Pb0265
4263.178 23.1 6.161 -2.66 "" ""
4263.249 22.1 5.564 -1.02 "" ""
4263.297 22.0 1.748 -3.87 "" ""
4263.31 22.0 3.109 -2.41 "" ""
4263.316 27.0 3.131 -2.91 "" ""
4263.318 74.0 2.855 0.37 "" ""
4263.356 90.1 1.165 -1.48 "" ""
4263.371 106.00113 1.105 -4.043 3.464 AX33R095
4263.396 44.0 1.316 -1.9 "" ""
4263.423 58.1 1.041 -0.4 BIEMONT ""
4263.425 106.00112 1.109 -4.043 3.464 AX33R095
4263.43 60.1 0.742 -0.79 LAWLER ""
4263.433 106.00113 0.639 -5.395 3.464 BX01R135
4263.447 72.0 0.0 -1.56 "" ""
4263.465 23.1 5.845 -3.4 "" ""
4263.467 22.0 1.886 -8.04 "" ""
4263.503 24.1 3.103 -5.84 "" ""
4263.53 106.00113 0.684 -5.393 3.464 BX01R145
4263.574 106.00112 0.912 -1.53 3.464 AX22R115
4263.578 57.1 1.954 0.03 "" ""
4263.59 26.0 3.926 -4.26 "" ""
4263.619 106.00113 0.908 -1.53 3.464 AX22R115
4263.644 106.00112 0.912 -1.499 3.464 AX22R125
4263.676 106.00112 0.912 -3.365 3.464 AX22Q125
4263.682 106.00113 0.908 -1.499 3.464 AX22R125
4263.704 22.0 2.394 -2.37 "" ""
4263.711 24.1 6.277 -2.89 "" ""
4263.717 106.00113 0.908 -3.365 3.464 AX22Q125
4263.719 106.00112 1.718 -5.626 3.464 AX43P215
4263.723 68.0 0.0 -1.74 "" ""
4263.743 27.0 3.626 -0.86 "" ""
4263.78 59.1 0.371 -0.69 LINOHFS ""
4263.833 24.0 3.886 -4.47 "" ""
4263.849 23.1 1.684 -2.68 "" ""
4263.883 25.0 4.35 -1.52 "" ""
4263.883 25.0 4.35 -3.45 "" ""
4263.92 60.1 0.32 -1.59 LAWLER ""
4263.932 26.0 4.14 -4.2 "" ""
4263.945 58.1 1.089 -0.69 "" ""
4263.969 106.00112 0.459 -1.626 3.464 AX11R075
4263.992 60.1 1.741 0.32 "" ""
4264.04 22.0 3.125 -3.15 "" ""
4264.051 67.0 0.0 -0.75 "" ""
4264.073 24.0 2.706 -2.77 "" ""
4264.086 26.0 4.151 -3.76 "" ""
4264.11 106.00113 1.845 -3.783 3.464 AX00R335
4264.113 23.0 1.798 -4.2 "" ""
4264.133 106.00113 1.845 -0.879 3.464 AX00Q345
4264.149 106.00113 0.458 -1.626 3.464 AX11R075
4264.164 106.00113 1.751 -3.765 3.464 AX00R325
4264.189 106.00113 1.751 -0.881 3.464 AX00Q335
4264.194 25.1 5.832 -4.85 "" ""
4264.203 26.0 3.366 -1.48 "" ""
4264.222 24.1 3.103 -4.12 "" ""
4264.242 23.0 3.265 -4.52 "" ""
4264.25 106.00112 0.459 -3.182 3.464 AX11Q085
4264.251 23.0 3.264 -4.51 "" ""
4264.253 21.0 2.301 -4.41 "" ""
4264.256 25.0 4.341 -2.53 "" ""
4264.265 106.00112 0.459 -1.577 3.464 AX11R085
4264.276 106.00113 1.845 -0.881 3.464 AX00Q335
4264.289 106.00113 1.936 -0.88 3.464 AX00Q355
4264.293 22.0 2.332 -2.38 "" ""
4264.299 106.00113 1.845 -3.825 3.464 AX00P345
4264.328 106.00113 1.751 -0.885 3.464 AX00Q325
4264.353 106.00113 1.751 -3.808 3.464 AX00P335
4264.368 58.1 0.899 -0.56 LAWLER ""
4264.377 106.00112 1.761 -3.765 3.464 AX00R325
4264.378 20.0 6.017 -4.23 "" ""
4264.404 26.0 4.47 -4.16 "" ""
4264.413 56.0 1.52 -0.9 "" ""
4264.423 106.00113 0.458 -3.182 3.464 AX11Q085
4264.424 106.00113 0.596 -5.395 3.464 BX01R125
4264.437 106.00112 1.761 -0.881 3.464 AX00Q335
4264.44 106.00113 0.458 -1.577 3.464 AX11R085
4264.454 106.00112 1.855 -3.783 3.464 AX00R335
4264.466 106.00112 0.46 -1.626 3.464 AX11R075
4264.48 106.00112 1.755 -4.316 3.464 AX54Q175
4264.482 106.00112 1.755 -2.334 3.464 AX54P185
4264.487 23.1 1.674 -3.28 "" ""
4264.489 20.0 5.724 -3.12 "" ""
4264.502 24.0 5.128 -4.24 "" ""
4264.516 106.00112 1.855 -0.879 3.464 AX00Q345
4264.537 106.00112 1.755 -2.39 3.464 AX54P175
4264.54 106.00113 1.94 -5.791 3.464 AX50R345
4264.561 106.00113 1.94 -9.552 3.464 AX50Q355
4264.572 106.00112 1.761 -0.885 3.464 AX00Q325
4264.624 27.0 2.628 -4.79 "" ""
4264.628 106.00112 0.641 -5.395 3.464 BX01R135
4264.628 39.1 4.0 -1.0 "" ""
4264.629 42.0 2.932 -1.49 "" ""
4264.633 106.00112 1.761 -3.808 3.464 AX00P335
4264.636 106.00113 0.458 -1.626 3.464 AX11R075
4264.636 106.00113 1.659 -3.748 3.464 AX00R315
4264.655 106.00112 1.855 -0.881 3.464 AX00Q335
4264.664 106.00113 1.659 -0.885 3.464 AX00Q325
4264.682 27.0 3.949 -2.46 "" ""
4264.695 106.00112 0.46 -3.168 3.464 AX11Q085
4264.699 106.00113 1.8 -4.278 3.464 AX54Q185
4264.706 20.0 4.76 -2.72 "" ""
4264.708 106.00113 1.94 -0.879 3.464 AX00Q345
4264.711 106.00112 0.46 -1.577 3.464 AX11R085
4264.716 106.00112 1.855 -3.825 3.464 AX00P345
4264.729 106.00113 1.94 -3.843 3.464 AX00P355
4264.736 106.00113 1.8 -2.337 3.464 AX54P185
4264.741 26.0 3.957 -1.45 "" ""
4264.747 106.00112 1.668 -3.748 3.464 AX00R315
4264.749 76.0 1.656 -1.52 "" ""
4264.77 106.00112 0.687 -5.393 3.464 BX01R145
4264.773 106.00113 1.8 -2.281 3.464 AX54P195
4264.783 22.0 1.501 -3.92 "" ""
4264.797 106.00113 1.659 -0.89 3.464 AX00Q315
4264.808 106.00112 1.668 -0.885 3.464 AX00Q325
4264.826 106.00113 1.659 -3.791 3.464 AX00P325
4264.842 26.0 4.47 -3.44 "" ""
4264.856 106.00113 0.732 -5.388 3.464 BX01R155
4264.862 106.00113 0.458 -3.168 3.464 AX11Q085
4264.866 68.0 1.533 0.17 "" ""
4264.881 106.00113 0.458 -1.577 3.464 AX11R085
4264.908 40.1 1.665 -1.63 Ljung06 ""
4264.938 106.00112 1.668 -0.89 3.464 AX00Q315
4264.998 106.00112 1.668 -3.791 3.464 AX00P325
4265.05 24.0 3.373 -4.54 "" ""
4265.052 106.00112 1.951 -3.802 3.464 AX00R345
4265.07 42.0 3.185 -1.6 "" ""
4265.071 25.1 5.811 -4.92 "" ""
4265.08 22.0 2.248 -2.0 "" ""
4265.08 62.1 0.184 -1.04 LAWLER ""
4265.115 106.00112 1.951 -0.878 3.464 AX00Q355
4265.128 42.0 2.913 -1.81 "" ""
4265.182 26.0 3.414 -4.39 "" ""
4265.193 23.1 6.461 -2.18 "" ""
4265.236 26.0 3.957 -2.4 "" ""
4265.237 24.0 4.774 -2.35 "" ""
4265.257 106.00112 1.951 -0.879 3.464 AX00Q345
4265.257 22.0 2.287 -0.65 "" ""
4265.269 26.0 3.926 -1.98 "" ""
4265.297 77.0 1.605 -2.19 "" ""
4265.313 20.0 6.017 -4.59 "" ""
4265.32 106.00112 1.951 -3.843 3.464 AX00P355
4265.357 106.00112 0.021 -3.577 3.464 AX00R035
4265.365 24.0 3.823 -1.3 "" ""
4265.366 20.0 6.017 -4.72 "" ""
4265.404 106.00112 1.951 -5.315 3.464 AX50R355
4265.434 106.00112 0.021 -3.564 3.464 AX00R035
4265.461 27.1 3.024 -5.33 "" ""
4265.468 106.00113 1.568 -3.73 3.464 AX00R305
4265.499 106.00113 1.568 -0.89 3.464 AX00Q315
4265.502 106.00112 1.577 -3.73 3.464 AX00R305
4265.522 106.00112 1.951 -5.791 3.464 AX50R345
4265.523 22.0 2.406 -2.35 "" ""
4265.562 106.00112 1.577 -0.89 3.464 AX00Q315
4265.577 106.00113 0.021 -3.577 3.464 AX00R035
4265.585 106.00112 1.951 -9.552 3.464 AX50Q355
4265.595 106.00112 0.599 -5.394 3.464 BX01R125
4265.608 44.0 1.087 -1.6 "" ""
4265.618 26.0 4.431 -1.61 "" ""
4265.627 106.00113 1.568 -0.896 3.464 AX00Q305
4265.632 27.1 5.171 -6.35 "" ""
4265.645 106.00113 0.021 -3.564 3.464 AX00R035
4265.658 106.00113 1.568 -3.774 3.464 AX00P315
4265.661 23.0 3.265 -4.42 "" ""
4265.678 24.0 3.008 -5.41 "" ""
4265.687 106.00112 1.577 -0.896 3.464 AX00Q305
4265.697 20.0 4.765 -2.74 "" ""
4265.702 22.0 1.872 -0.99 LAWLER ""
4265.747 106.00112 1.577 -3.774 3.464 AX00P315
4265.79 66.1 1.22 -1.65 LAWLER ""
4265.827 22.0 2.425 -1.42 "" ""
4265.87 25.0 4.357 -2.33 "" ""
4265.903 23.0 2.573 -1.77 "" ""
4265.923 20.0 6.0 -3.74 "" ""
4265.923 25.0 2.939 -0.27 "" ""
4265.965 26.0 4.47 -4.45 "" ""
4266.005 20.0 6.0 -3.08 "" ""
4266.019 41.0 1.079 -0.44 "" ""
4266.158 106.00113 1.938 -3.84 3.464 AX00R345
4266.166 106.00112 0.735 -5.388 3.464 BX01R155
4266.177 42.0 2.553 -1.07 "" ""
4266.18 24.1 3.884 -3.68 "" ""
4266.184 26.0 4.214 -3.56 "" ""
4266.194 106.00112 0.84 -2.095 3.464 BX11P165
4266.209 22.0 2.295 -0.38 "" ""
4266.238 27.1 5.462 -4.4 "" ""
4266.258 106.00112 0.84 -7.015 3.464 BX11Q165
4266.288 24.0 3.887 -3.14 "" ""
4266.293 22.0 2.776 -1.06 "" ""
4266.307 62.0 0.101 -0.89 "" ""
4266.321 26.0 4.383 -2.21 "" ""
4266.323 92.0 0.0 -1.37 "" ""
4266.369 106.00112 0.84 -2.192 3.464 BX11P175
4266.394 106.00113 0.557 -5.391 3.464 BX01R115
4266.418 26.0 4.188 -2.63 "" ""
4266.437 106.00112 2.102 -6.535 3.464 CX04R245
4266.509 24.0 3.373 -3.94 "" ""
4266.518 106.00112 0.359 -3.577 3.464 AX11R035
4266.529 74.0 2.965 -0.1 "" ""
4266.572 26.0 4.175 -3.54 "" ""
4266.578 106.00112 2.102 -11.004 3.464 CX04Q245
4266.583 106.00112 0.359 -3.565 3.464 AX11R035
4266.583 106.00112 1.487 -3.713 3.464 AX00R295
4266.594 64.0 0.124 -0.38 "" ""
4266.607 106.00113 1.479 -3.713 3.464 AX00R295
4266.63 106.00112 2.102 -6.73 3.464 CX04R235
4266.641 106.00113 1.479 -0.896 3.464 AX00Q305
4266.644 106.00112 1.487 -0.896 3.464 AX00Q305
4266.651 106.00112 1.872 -5.806 3.464 AX32P275
4266.675 106.00113 1.801 -2.281 3.464 AX54P195
4266.685 106.00113 0.358 -3.577 3.464 AX11R035
4266.686 20.0 5.923 -3.4 "" ""
4266.69 106.00113 1.801 -4.31 3.464 AX54Q185
4266.71 60.1 0.204 -0.97 LAWLER ""
4266.725 106.00113 1.801 -2.337 3.464 AX54P185
4266.745 106.00112 0.873 -1.56 3.464 AX22R105
4266.748 106.00113 0.358 -3.565 3.464 AX11R035
4266.762 106.00112 1.487 -0.903 3.464 AX00Q295
4266.762 106.00113 1.479 -0.903 3.464 AX00Q295
4266.792 106.00113 0.87 -1.56 3.464 AX22R105
4266.797 106.00113 1.479 -3.757 3.464 AX00P305
4266.8 24.0 2.998 -2.37 "" ""
4266.823 106.00112 1.487 -3.757 3.464 AX00P305
4266.85 27.1 3.405 -3.94 "" ""
4266.859 26.0 4.175 -3.32 "" ""
4266.91 106.00112 0.873 -1.526 3.464 AX22R115
4266.932 106.00112 0.873 -3.347 3.464 AX22Q115
4266.952 106.00113 0.87 -1.526 3.464 AX22R115
4266.957 25.0 5.345 -3.95 "" ""
4266.964 26.0 2.725 -1.68 "" ""
4266.968 23.0 1.375 -4.02 "" ""
4266.977 106.00113 0.87 -3.347 3.464 AX22Q115
4266.977 25.1 5.49 -3.3 "" ""
4267.008 64.0 0.027 -0.81 "" ""
4267.026 20.0 4.776 -3.21 "" ""
4267.072 20.0 6.018 -2.69 "" ""
4267.138 23.1 1.671 -5.78 "" ""
4267.187 27.0 3.407 -3.15 "" ""
4267.222 58.1 0.56 -1.06 "" ""
4267.23 24.0 4.532 -2.88 "" ""
4267.286 26.0 4.317 -2.75 "" ""
4267.291 40.1 2.408 -1.0 "" ""
4267.298 92.1 0.113 -1.74 "" ""
4267.337 24.0 3.548 -2.74 "" ""
4267.383 106.00112 0.098 -1.633 3.464 AX00R065
4267.392 26.0 4.28 -2.32 "" ""
4267.42 24.1 6.28 -4.51 "" ""
4267.425 26.1 2.578 -8.94 "" ""
4267.553 24.0 3.008 -5.01 "" ""
4267.557 106.00112 0.559 -5.39 3.464 BX01R115
4267.558 23.0 1.871 -2.69 "" ""
4267.588 106.00113 0.097 -1.633 3.464 AX00R065
4267.589 106.00112 0.874 -1.56 3.464 AX22R105
4267.593 76.0 1.411 -3.13 Quinet06 ""
4267.598 106.00113 0.783 -5.382 3.464 BX01R165
4267.625 106.00113 0.871 -1.56 3.464 AX22R105
4267.653 23.0 2.636 -2.73 "" ""
4267.692 106.00112 0.874 -1.526 3.464 AX22R115
4267.714 106.00112 0.874 -3.328 3.464 AX22Q115
4267.715 106.00112 0.098 -3.102 3.464 AX00Q075
4267.725 106.00113 0.871 -1.526 3.464 AX22R115
4267.743 26.0 4.368 -3.56 "" ""
4267.747 106.00113 0.871 -3.328 3.464 AX22Q115
4267.748 106.00112 0.098 -1.577 3.464 AX00R075
4267.787 106.00112 0.098 -1.633 3.464 AX00R065
4267.813 20.0 5.923 -3.89 "" ""
4267.818 26.0 3.299 -7.68 "" ""
4267.826 26.0 3.109 -1.11 "" ""
4267.862 20.0 4.677 -3.21 "" ""
4267.881 25.1 5.832 -5.34 "" ""
4267.917 106.00113 0.097 -3.102 3.464 AX00Q075
4267.917 24.0 4.609 -1.08 "" ""
4267.921 21.0 2.562 -0.97 "" ""
4267.929 92.0 0.774 -0.61 "" ""
4267.94 106.00112 1.4 -3.695 3.464 AX00R285
4267.95 106.00113 0.097 -1.577 3.464 AX00R075
4267.988 106.00113 0.097 -1.633 3.464 AX00R065
4267.999 26.1 6.083 -4.27 "" ""
4268.002 106.00112 1.4 -0.903 3.464 AX00Q295
4268.005 106.00113 1.392 -3.695 3.464 AX00R285
4268.014 40.0 0.622 -0.83 "" ""
4268.023 27.0 0.224 -4.05 "" ""
4268.032 20.0 4.765 -2.45 "" ""
4268.032 28.0 4.232 -3.05 "" ""
4268.043 106.00113 1.392 -0.903 3.464 AX00Q295
4268.048 74.0 2.456 -0.72 "" ""
4268.072 42.0 3.176 -0.7 "" ""
4268.073 106.00112 0.098 -3.09 3.464 AX00Q075
4268.075 26.1 7.489 -4.43 "" ""
4268.099 77.0 0.88 -1.94 "" ""
4268.105 106.00112 0.098 -1.577 3.464 AX00R075
4268.113 106.00112 1.4 -0.911 3.464 AX00Q285
4268.138 24.0 4.398 -3.29 "" ""
4268.156 106.00113 1.392 -0.911 3.464 AX00Q285
4268.175 106.00112 1.4 -3.74 3.464 AX00P295
4268.192 23.1 6.16 -4.57 "" ""
4268.195 106.00113 1.392 -3.74 3.464 AX00P295
4268.203 27.0 3.968 -3.59 "" ""
4268.232 73.0 1.907 -0.61 "" ""
4268.256 27.0 3.629 -2.88 "" ""
4268.269 66.0 0.512 -0.96 "" ""
4268.271 106.00113 0.098 -3.09 3.464 AX00Q075
4268.3 58.1 0.736 -1.15 "" ""
4268.304 106.00113 0.098 -1.577 3.464 AX00R075
4268.391 23.1 6.491 -2.3 "" ""
4268.395 24.1 6.636 -4.23 "" ""
4268.4 106.00113 1.97 -4.191 3.464 AX54R215
4268.417 27.0059 2.54 -2.507 Lawle15HFS ""
4268.429 28.0 3.191 -3.43 "" ""
4268.43 24.0 3.887 -1.71 "" ""
4268.433 27.0059 2.54 -2.723 Lawle15HFS ""
4268.438 27.0059 2.54 -3.133 Lawle15HFS ""
4268.447 27.0059 2.54 -3.006 Lawle15HFS ""
4268.451 27.0059 2.54 -2.972 Lawle15HFS ""
4268.456 27.0059 2.54 -3.998 Lawle15HFS ""
4268.458 106.00113 1.97 -1.711 3.464 AX54Q225
4268.458 106.00113 1.97 -1.74 3.464 AX54Q215
4268.458 27.0059 2.54 -3.445 Lawle15HFS ""
4268.461 27.0059 2.54 -2.98 Lawle15HFS ""
4268.465 27.0059 2.54 -3.57 Lawle15HFS ""
4268.469 27.0059 2.54 -3.144 Lawle15HFS ""
4268.472 27.0059 2.54 -3.32 Lawle15HFS ""
4268.476 27.0059 2.54 -3.144 Lawle15HFS ""
4268.516 106.00113 1.97 -4.331 3.464 AX54P225
4268.531 20.0 4.677 -2.51 "" ""
4268.537 106.00112 0.956 -2.984 3.464 BX11R185
4268.559 69.0 2.149 0.15 "" ""
4268.573 22.0 3.152 -2.51 "" ""
4268.576 22.0 2.235 -2.82 "" ""
4268.598 22.0 2.159 -2.35 "" ""
4268.603 26.0 4.1 -3.86 "" ""
4268.612 26.0 4.59 -1.35 "" ""
4268.618 22.0 2.159 -2.32 "" ""
4268.632 106.00112 0.956 -7.636 3.464 BX11Q195
4268.638 23.0 1.866 0.55 LAWNOHFS ""
4268.663 41.0 0.019 -1.58 "" ""
4268.679 24.0 4.609 -3.0 "" ""
4268.686 25.0 4.824 -2.32 "" ""
4268.713 106.00112 0.956 -3.02 3.464 BX11R195
4268.73 64.1 1.101 -0.63 LAWLER ""
4268.735 106.00113 1.77 -5.516 3.464 AX43P225
4268.737 28.0 3.396 -2.95 "" ""
4268.749 26.0 3.298 -1.46 "" ""
4268.783 24.0 3.977 -0.22 "" ""
4268.846 92.1 0.284 -1.82 "" ""
4268.854 25.0 5.108 -2.48 "" ""
4268.883 24.1 6.479 -1.57 "" ""
4268.909 21.0 2.134 -1.7 "" ""
4268.909 22.0 2.29 -1.24 "" ""
4268.987 24.0 3.108 -3.53 "" ""
4268.993 24.0 3.077 -2.35 "" ""
4269.005 106.00112 0.787 -5.382 3.464 BX01R165
4269.02 6.0 7.679 -2.54 "" ""
4269.095 24.0 3.889 -3.21 "" ""
4269.105 24.0 3.836 -1.05 "" ""
4269.154 26.0 4.188 -2.62 "" ""
4269.174 28.0 3.396 -2.51 "" ""
4269.176 58.1 0.792 -1.41 LAWLER ""
4269.188 23.0 2.357 -8.38 "" ""
4269.249 58.1 0.969 -0.51 "" ""
4269.255 106.00113 0.521 -5.383 3.464 BX01R105
4269.26 106.00113 1.755 -0.882 3.464 AX00Q335
4269.272 24.1 3.854 -2.08 Lawler17 ""
4269.279 42.0 2.644 -0.39 "" ""
4269.33 24.0 3.842 -2.05 "" ""
4269.333 20.0 6.003 -4.8 "" ""
4269.378 106.00113 1.755 -3.8 3.464 AX00R325
4269.384 74.0 0.366 -1.28 "" ""
4269.398 106.00113 1.849 -0.879 3.464 AX00Q345
4269.401 22.0 1.878 -5.88 "" ""
4269.419 27.1 3.626 -2.93 "" ""
4269.425 106.00113 1.755 -3.776 3.464 AX00P335
4269.461 25.1 6.9 -6.21 "" ""
4269.468 106.00112 0.433 -1.672 3.464 AX11R065
4269.492 57.1 1.781 0.03 "" ""
4269.5 22.0 1.429 -3.82 "" ""
4269.519 106.00113 1.849 -3.819 3.464 AX00R335
4269.525 106.00112 1.764 -0.882 3.464 AX00Q335
4269.527 106.00112 1.314 -3.678 3.464 AX00R275
4269.536 26.0 4.431 -1.75 "" ""
4269.54 106.00113 1.662 -0.885 3.464 AX00Q325
4269.542 106.00113 1.755 -0.885 3.464 AX00Q325
4269.565 106.00113 1.849 -3.792 3.464 AX00P345
4269.59 106.00112 1.314 -0.911 3.464 AX00Q285
4269.604 24.0 3.011 -5.96 "" ""
4269.605 92.1 0.217 -1.58 "" ""
4269.612 76.0 2.342 -0.76 "" ""
4269.613 106.00112 1.764 -3.8 3.464 AX00R325
4269.618 106.00113 0.431 -1.672 3.464 AX11R065
4269.62 106.00113 1.307 -3.678 3.464 AX00R275
4269.642 24.0 2.706 -3.69 "" ""
4269.654 106.00113 1.662 -3.782 3.464 AX00R315
4269.662 106.00113 1.307 -0.911 3.464 AX00Q285
4269.686 106.00113 1.849 -0.882 3.464 AX00Q335
4269.694 106.00112 1.314 -0.92 3.464 AX00Q275
4269.702 106.00113 1.662 -3.76 3.464 AX00P325
4269.708 106.00112 1.671 -0.885 3.464 AX00Q325
4269.72 106.00112 1.764 -3.776 3.464 AX00P335
4269.753 23.0 1.847 -0.66 LAWNOHFS ""
4269.756 106.00112 1.314 -3.722 3.464 AX00P285
4269.764 62.1 0.248 -2.36 "" ""
4269.767 106.00113 1.307 -0.92 3.464 AX00Q275
4269.773 74.0 2.265 -0.49 "" ""
4269.788 106.00112 1.859 -0.879 3.464 AX00Q345
4269.789 106.00112 0.433 -3.124 3.464 AX11Q075
4269.794 106.00112 1.671 -3.782 3.464 AX00R315
4269.807 106.00112 1.764 -0.885 3.464 AX00Q325
4269.81 106.00113 1.307 -3.722 3.464 AX00P285
4269.816 106.00113 1.662 -0.89 3.464 AX00Q315
4269.82 106.00112 0.433 -1.616 3.464 AX11R075
4269.858 106.00112 0.433 -1.672 3.464 AX11R065
4269.874 26.0 3.394 -1.33 "" ""
4269.876 106.00112 1.859 -3.819 3.464 AX00R335
4269.897 106.00112 1.671 -3.76 3.464 AX00P325
4269.933 106.00113 0.431 -3.124 3.464 AX11Q075
4269.943 90.0 1.005 -1.07 "" ""
4269.946 68.0 1.473 0.11 "" ""
4269.95 24.0 3.085 -1.02 "" ""
4269.965 106.00113 0.431 -1.616 3.464 AX11R075
4269.984 106.00112 1.671 -0.89 3.464 AX00Q315
4269.988 106.00112 1.859 -3.792 3.464 AX00P345
4269.998 106.00113 0.431 -1.672 3.464 AX11R065
4270.02 106.00113 1.944 -9.498 3.464 AX50Q355
4270.039 24.0 4.436 -4.44 "" ""
4270.076 106.00112 1.859 -0.882 3.464 AX00Q335
