wavelength species excitation loggf disassociation_energy comment
4415.543 21.1045 0.595 -1.88 LAWHFS ""
4415.548 21.1045 0.595 -1.72 LAWHFS ""
4415.552 21.1045 0.595 -1.73 LAWHFS ""
4415.554 21.1045 0.595 -1.31 LAWHFS ""
4415.555 21.1045 0.595 -1.9 LAWHFS ""
4415.556 21.1045 0.595 -1.7 LAWHFS ""
4415.557 29.0 5.073 -1.14 "" ""
4415.558 21.1045 0.595 -2.4 LAWHFS ""
4415.56 106.00112 1.954 -1.218 3.464 AX00P355
4415.56 21.1045 0.595 -3.83 LAWHFS ""
4415.562 21.1045 0.595 -2.08 LAWHFS ""
4415.566 21.1045 0.595 -1.9 LAWHFS ""
4415.566 22.0 2.425 -0.51 "" ""
4415.567 21.1045 0.595 -1.72 LAWHFS ""
4415.567 21.1045 0.595 -1.73 LAWHFS ""
4415.567 21.1045 0.595 -1.88 LAWHFS ""
4415.569 106.00112 1.395 -1.578 3.464 AX44Q085
4415.571 106.00112 1.767 -7.008 3.464 AX01R305
4415.582 106.00113 1.251 -1.513 3.464 AX22P185
4415.589 106.00112 1.395 -3.349 3.464 AX44R085
4415.652 106.00112 1.954 -3.872 3.464 AX00Q345
4415.66 106.00113 1.97 -1.729 3.464 AX44R225
4415.668 42.0 3.165 -1.95 "" ""
4415.685 106.00113 2.001 -6.575 3.464 CX15Q175
4415.703 74.0 2.785 0.13 "" ""
4415.708 106.00113 1.97 -1.69 3.464 AX44R215
4415.721 106.00113 0.835 -4.266 3.464 AX22P095
4415.741 106.00112 1.395 -3.38 3.464 AX44P095
4415.743 73.0 0.749 -1.55 "" ""
4415.748 26.0 2.277 -5.48 "" ""
4415.761 106.00112 1.395 -1.535 3.464 AX44Q095
4415.77 106.00113 1.97 -3.918 3.464 AX44Q225
4415.783 106.00113 2.001 -6.627 3.464 CX15Q185
4415.793 106.00113 1.42 -1.534 3.464 AX44Q095
4415.805 106.00113 1.72 -4.38 3.464 AX55R115
4415.806 106.00113 1.42 -3.4 3.464 AX44R095
4415.824 75.0 1.866 -1.0 "" ""
4415.835 106.00113 1.276 -2.809 3.464 AX44P035
4415.86 106.00112 1.056 -4.23 3.464 AX33P065
4415.863 106.00112 0.559 -4.318 3.464 AX11P105
4415.867 106.00112 1.954 -1.221 3.464 AX00P345
4415.895 106.00113 1.276 -2.81 3.464 AX44P035
4415.931 106.00113 1.42 -3.423 3.464 AX44P105
4415.944 106.00113 1.42 -1.497 3.464 AX44Q105
4416.046 106.00112 1.209 -3.491 3.464 AX33Q115
4416.053 106.00112 1.209 -1.778 3.464 AX33P115
4416.068 28.0 3.477 -5.26 "" ""
4416.099 25.0 3.13 -3.62 "" ""
4416.126 106.00113 1.145 -2.172 3.464 BX11R215
4416.148 106.00112 1.209 -1.745 3.464 AX33P125
4416.153 106.00113 1.689 -4.32 3.464 AX55R105
4416.197 106.00113 1.145 -7.07 3.464 BX11Q225
4416.237 106.00113 2.001 -9.889 3.464 CX15R175
4416.237 90.1 1.31 -1.2 "" ""
4416.25 65.1 0.126 -1.07 LAWNOHFS ""
4416.278 106.00113 1.145 -1.556 3.464 BX11R225
4416.301 24.0 3.119 -4.49 "" ""
4416.334 106.00112 1.256 -1.494 3.464 AX22P195
4416.341 106.00112 1.256 -3.645 3.464 AX22Q185
4416.363 106.00112 1.917 -1.685 3.464 AX44R215
4416.391 106.00112 1.917 -1.658 3.464 AX44R205
4416.396 41.0 1.489 -1.34 "" ""
4416.415 106.00112 1.256 -1.512 3.464 AX22P185
4416.426 20.0 4.551 -4.62 "" ""
4416.449 24.1 5.658 -4.75 "" ""
4416.455 26.0 4.59 -2.93 "" ""
4416.466 23.0 0.267 -0.83 LAWNOHFS ""
4416.468 23.0 2.357 -2.87 "" ""
4416.471 106.00112 1.917 -3.86 3.464 AX44Q215
4416.474 106.00113 0.836 -4.296 3.464 AX22P095
4416.478 27.0 2.784 -2.32 "" ""
4416.488 106.00112 0.838 -4.266 3.464 AX22P095
4416.495 106.00113 1.513 -3.734 3.464 AX11Q265
4416.527 106.00113 1.72 -4.346 3.464 AX55R115
4416.53 22.0 1.872 -0.8 LAWLER ""
4416.535 106.00113 1.513 -1.327 3.464 AX11P275
4416.57 23.1 6.529 -1.94 "" ""
4416.575 106.00113 1.753 -4.44 3.464 AX55R125
4416.576 27.0 2.716 -4.14 "" ""
4416.6 22.0 2.394 -2.09 "" ""
4416.615 106.00112 0.787 -2.236 3.464 BX01Q155
4416.617 106.00113 1.438 -1.338 3.464 AX11P265
4416.631 106.00113 1.513 -1.337 3.464 AX11P265
4416.649 106.00112 0.787 -5.727 3.464 BX01P165
4416.663 23.0 1.349 -1.44 "" ""
4416.669 106.00113 1.438 -3.758 3.464 AX11Q255
4416.691 106.00112 0.787 -5.563 3.464 BX01R155
4416.725 106.00112 0.787 -2.187 3.464 BX01Q165
4416.757 106.00113 1.69 -4.288 3.464 AX55R105
4416.8 106.00113 1.438 -1.348 3.464 AX11P255
4416.819 26.1 2.778 -2.57 LAWLER ""
4416.837 23.0 1.954 -1.66 LAWNOHFS ""
4416.845 90.0 1.215 -0.91 "" ""
4416.871 68.1 0.886 -2.81 LAWLER ""
4416.88 60.1 0.559 -0.95 LAWLER ""
4416.9 58.1 0.529 -0.76 LAWLER ""
4416.939 42.0 2.932 -2.2 "" ""
4416.964 26.0 4.217 -1.92 "" ""
4416.99 106.00113 1.759 -7.007 3.464 AX01R305
4417.028 26.0 4.59 -2.32 "" ""
4417.1 106.00113 2.041 -8.881 3.464 AX50P365
4417.15 106.00113 1.143 -7.011 3.464 BX01Q225
4417.153 106.00112 1.657 -12.059 3.464 CX04R165
4417.219 42.0 3.315 -1.57 "" ""
4417.235 106.00113 2.041 -6.526 3.464 AX50Q355
4417.241 106.00112 1.52 -3.734 3.464 AX11Q265
4417.242 24.0 5.213 -1.53 "" ""
4417.25 106.00112 0.839 -4.296 3.464 AX22P095
4417.25 106.00112 1.657 -9.413 3.464 CX04R155
4417.254 106.00113 1.936 -8.828 3.464 AX50R355
4417.273 22.0 1.886 -0.1 LAWLER ""
4417.276 106.00112 1.657 -11.449 3.464 CX04Q165
4417.288 23.0 1.217 -2.76 "" ""
4417.306 26.0 3.209 -3.77 "" ""
4417.309 106.00112 1.521 -1.327 3.464 AX11P275
4417.315 55.0 0.0 -6.45 "" ""
4417.34 106.00112 1.445 -1.338 3.464 AX11P265
4417.343 24.0 3.842 -2.66 "" ""
4417.358 72.1 1.89 -0.73 "" ""
4417.381 106.00112 1.52 -1.337 3.464 AX11P265
4417.389 27.0 3.064 -1.09 "" ""
4417.408 106.00112 1.445 -3.758 3.464 AX11Q255
4417.415 106.00113 2.041 -1.218 3.464 AX00P355
4417.423 106.00113 1.754 -4.403 3.464 AX55R125
4417.431 39.0 2.011 -1.12 "" ""
4417.434 106.00113 0.227 -4.281 3.464 AX00P105
4417.436 106.00112 1.279 -3.052 3.464 AX44P025
4417.441 22.0 2.406 -1.03 "" ""
4417.485 27.1 5.065 -2.26 "" ""
4417.497 38.1 6.945 -1.66 "" ""
4417.516 106.00112 1.279 -3.05 3.464 AX44P025
4417.529 106.00113 1.662 -4.257 3.464 AX55R095
4417.545 106.00112 1.445 -1.348 3.464 AX11P255
4417.57 62.1 0.484 -0.87 LAWLER ""
4417.588 23.0 2.579 -4.16 "" ""
4417.684 106.00112 1.848 -1.179 3.464 AX33Q245
4417.719 22.1 1.164 -1.43 "" ""
4417.731 106.00112 1.279 -3.233 3.464 AX44Q025
4417.736 106.00112 1.848 -3.827 3.464 AX33R235
4417.762 25.0 5.345 -3.08 "" ""
4417.768 27.0 2.54 -2.67 LAWNHFS ""
4417.774 24.0 4.407 -3.88 "" ""
4417.802 20.0 4.128 -4.33 "" ""
4417.811 106.00112 1.279 -3.239 3.464 AX44Q025
4417.813 106.00112 1.848 -3.774 3.464 AX33P245
4417.864 106.00112 1.848 -1.177 3.464 AX33Q235
4417.909 72.0 0.699 -1.52 "" ""
4417.952 106.00113 1.144 -2.258 3.464 BX01R215
4417.961 27.0 4.046 -1.54 "" ""
4417.973 23.0 2.357 -2.85 "" ""
4417.983 27.0 3.277 -4.23 "" ""
4418.0 106.00112 1.424 -1.534 3.464 AX44Q095
4418.007 106.00112 1.424 -3.386 3.464 AX44R095
4418.024 26.0 4.298 -4.11 "" ""
4418.025 106.00113 1.662 -4.228 3.464 AX55R095
4418.1 66.1 0.93 -1.93 LAWLER ""
4418.117 106.00112 0.229 -4.28 3.464 AX00P105
4418.156 106.00113 0.52 -2.85 3.464 BX01P095
4418.199 106.00112 1.424 -3.434 3.464 AX44P105
4418.199 106.00113 0.52 -8.234 3.464 BX01Q095
4418.206 106.00112 1.424 -1.496 3.464 AX44Q105
4418.209 20.0 6.022 -4.55 "" ""
4418.224 26.0 4.59 -2.56 "" ""
4418.246 72.0 1.113 -1.59 "" ""
4418.27 106.00113 1.972 -1.73 3.464 AX44R225
4418.297 106.00113 1.143 -2.25 3.464 BX01R225
4418.312 106.00112 1.15 -2.258 3.464 BX01R215
4418.314 14.0 5.078 -2.46 "" ""
4418.321 106.00113 1.309 -3.635 3.464 AX22Q195
4418.331 22.1 1.236 -1.99 LAWLER ""
4418.368 106.00113 1.972 -3.883 3.464 AX44Q225
4418.388 106.00112 1.641 -9.073 3.464 CX15R085
4418.393 106.00112 1.15 -7.011 3.464 BX01Q225
4418.4 106.00113 0.228 -4.314 3.464 AX00P105
4418.402 106.00112 1.279 -2.809 3.464 AX44P035
4418.404 106.00113 1.309 -1.475 3.464 AX22P205
4418.411 106.00112 2.051 -1.217 3.464 AX00P365
4418.414 106.00113 1.972 -1.69 3.464 AX44R215
4418.42 26.0 2.988 -3.57 "" ""
4418.429 106.00113 1.309 -1.492 3.464 AX22P195
4418.432 106.00113 0.52 -2.806 3.464 BX01P105
4418.446 74.0 2.531 -0.66 "" ""
4418.448 106.00113 1.452 -1.496 3.464 AX44Q105
4418.45 106.00113 1.452 -3.432 3.464 AX44R105
4418.463 106.00112 1.279 -2.809 3.464 AX44P035
4418.475 106.00112 1.15 -2.25 3.464 BX01R225
4418.477 23.0 1.802 -1.8 "" ""
4418.494 26.0 3.632 -6.51 "" ""
4418.496 21.0 2.606 -3.13 "" ""
4418.502 106.00112 2.051 -3.888 3.464 AX00Q355
4418.519 26.0 4.59 -1.9 "" ""
4418.545 26.0 4.59 -3.03 "" ""
4418.553 26.0 4.635 -3.13 "" ""
4418.56 106.00113 1.789 -4.502 3.464 AX55R135
4418.561 26.0 4.442 -3.84 "" ""
4418.621 106.00113 1.452 -3.475 3.464 AX44P115
4418.622 106.00113 1.452 -1.463 3.464 AX44Q115
4418.645 26.0 2.586 -5.7 "" ""
4418.662 90.1 2.084 -0.92 "" ""
4418.696 26.0 3.632 -5.75 "" ""
4418.702 106.00112 1.424 -1.533 3.464 AX44Q095
4418.703 68.0 0.889 -0.04 "" ""
4418.708 106.00112 1.424 -3.399 3.464 AX44R095
4418.721 106.00112 2.051 -5.729 3.464 AX50Q365
4418.722 106.00112 2.051 -1.218 3.464 AX00P355
4418.774 106.00112 1.919 -1.685 3.464 AX44R215
4418.78 58.1 0.863 0.27 LAWLER ""
4418.812 106.00112 2.051 -8.077 3.464 AX50R355
4418.844 106.00112 1.424 -3.423 3.464 AX44P105
4418.851 106.00112 1.424 -1.496 3.464 AX44Q105
4418.878 24.0 4.774 -3.18 "" ""
4418.879 25.0 3.761 -7.06 "" ""
4418.881 106.00112 1.919 -3.825 3.464 AX44Q215
4418.899 26.0 4.555 -2.34 "" ""
4418.91 106.00112 1.919 -1.658 3.464 AX44R205
4418.916 106.00112 2.051 -8.881 3.464 AX50P365
4418.92 25.0 3.761 -6.83 "" ""
4418.934 25.0 3.761 -6.29 "" ""
4418.95 26.0 4.253 -2.25 "" ""
4419.007 106.00112 2.051 -6.526 3.464 AX50Q355
4419.03 64.1 0.492 -0.7 LAWLER ""
4419.056 26.0 4.603 -1.62 "" ""
4419.092 26.0 4.383 -2.56 "" ""
4419.095 106.00112 0.229 -4.314 3.464 AX00P105
4419.1 24.0 3.008 -2.29 "" ""
4419.127 21.0 3.081 -4.2 "" ""
4419.141 57.1 2.056 -0.53 "" ""
4419.149 106.00112 1.314 -3.635 3.464 AX22Q195
4419.229 106.00112 1.314 -1.492 3.464 AX22P195
4419.242 27.1 5.171 -5.47 "" ""
4419.243 106.00112 1.314 -1.475 3.464 AX22P205
4419.25 74.0 2.456 -0.66 "" ""
4419.256 23.0 2.576 -0.91 "" ""
4419.27 106.00113 1.452 -1.496 3.464 AX44Q105
4419.27 106.00113 1.452 -3.447 3.464 AX44R105
4419.291 58.1 0.703 -1.13 "" ""
4419.309 23.0 1.063 -3.67 "" ""
4419.33 26.0 3.632 -2.78 "" ""
4419.334 62.0 0.036 -0.33 "" ""
4419.339 106.00113 1.9 -3.842 3.464 AX33R245
4419.376 106.00113 1.9 -1.188 3.464 AX33Q255
4419.383 106.00113 1.452 -3.463 3.464 AX44P115
4419.384 106.00113 1.452 -1.463 3.464 AX44Q115
4419.434 20.0 4.776 -3.37 "" ""
4419.444 41.0 0.656 -0.86 "" ""
4419.543 106.00113 1.789 -4.462 3.464 AX55R135
4419.547 73.0 0.752 -1.99 "" ""
4419.569 25.0 3.761 -8.56 "" ""
4419.569 25.0 3.761 -9.74 "" ""
4419.569 25.0 3.761 -9.76 "" ""
4419.594 23.1 6.182 -2.75 "" ""
4419.602 106.00113 1.9 -1.181 3.464 AX33Q245
4419.608 68.1 1.681 0.39 "" ""
4419.639 106.00113 1.9 -3.832 3.464 AX33P255
4419.661 59.1 1.37 0.1 "" ""
4419.731 42.0 2.521 -2.62 "" ""
4419.774 25.0 4.723 -0.3 "" ""
4419.791 26.0 3.298 -3.3 "" ""
4419.795 21.0 2.336 -2.24 "" ""
4419.836 41.0 0.267 -1.77 "" ""
4419.843 26.0 3.298 -2.77 "" ""
4419.854 106.00113 1.636 -4.192 3.464 AX55R085
4419.884 11.0 2.101 -2.86 "" ""
4419.915 23.0051 0.275 -3.316 LAWLER ""
4419.917 23.0051 0.275 -3.061 LAWLER ""
4419.917 23.0051 0.275 -3.346 LAWLER ""
4419.918 23.0051 0.275 -2.928 LAWLER ""
4419.92 23.0051 0.275 -2.873 LAWLER ""
4419.921 23.0051 0.275 -3.316 LAWLER ""
4419.922 23.0051 0.275 -2.673 LAWLER ""
4419.925 23.0051 0.275 -2.782 LAWLER ""
4419.927 23.0051 0.275 -3.367 LAWLER ""
4419.929 23.0051 0.275 -2.475 LAWLER ""
4419.932 23.0051 0.275 -2.76 LAWLER ""
4419.935 23.0051 0.275 -3.492 LAWLER ""
4419.937 23.0051 0.275 -2.311 LAWLER ""
4419.941 23.0051 0.275 -2.814 LAWLER ""
4419.944 23.0051 0.275 -3.714 LAWLER ""
4419.944 25.0 3.133 -3.85 "" ""
4419.947 23.0051 0.275 -2.17 LAWLER ""
4419.951 23.0051 0.275 -3.01 LAWLER ""
4419.956 23.0051 0.275 -4.125 LAWLER ""
4420.011 26.0 4.59 -4.05 "" ""
4420.03 106.00113 1.243 -3.5 3.464 AX33Q125
4420.039 106.00113 1.243 -1.739 3.464 AX33P125
4420.097 60.0 0.293 -0.5 "" ""
4420.12 23.0 0.267 -2.25 "" ""
4420.18 106.00113 1.243 -1.708 3.464 AX33P135
4420.204 106.00112 1.77 -6.928 3.464 AX01R305
4420.232 68.1 1.368 -3.06 LAWLER ""
4420.25 106.00113 1.637 -4.165 3.464 AX55R085
4420.251 23.0 2.606 -5.81 "" ""
4420.259 106.00112 0.522 -2.849 3.464 BX01P095
4420.31 106.00112 0.522 -8.233 3.464 BX01Q095
4420.336 24.0 3.119 -2.31 "" ""
4420.394 106.00113 1.288 -2.637 3.464 AX44P035
4420.395 25.0 3.133 -5.13 "" ""
4420.411 27.0 3.927 -1.3 "" ""
4420.44 40.0 1.365 -0.26 "" ""
4420.446 41.0 0.267 -1.84 "" ""
4420.461 26.0 4.545 -2.94 "" ""
4420.466 74.0 2.386 -0.5 "" ""
4420.468 76.0 0.0 -1.2 Quinet06 ""
4420.485 106.00113 1.593 -3.751 3.464 AX11Q275
4420.511 20.0 6.024 -4.0 "" ""
4420.516 60.1 0.32 -1.71 "" ""
4420.52 106.00113 1.593 -1.318 3.464 AX11P285
4420.52 62.1 0.333 -0.43 LAWLER ""
4420.526 106.00113 1.288 -2.636 3.464 AX44P035
4420.541 106.00112 0.522 -2.805 3.464 BX01P105
4420.543 106.00113 1.078 -2.71 3.464 BX11P205
4420.549 26.0 3.299 -5.5 "" ""
4420.569 106.00113 1.516 -1.328 3.464 AX11P275
4420.601 106.00113 1.288 -3.209 3.464 AX44Q035
4420.624 106.00112 1.758 -6.526 3.464 CX15R125
4420.624 106.00112 1.758 -6.574 3.464 CX15R115
4420.624 106.00113 1.516 -3.776 3.464 AX11Q265
4420.626 106.00113 1.593 -1.327 3.464 AX11P275
4420.628 41.0 0.049 -1.34 "" ""
4420.63 23.0 1.71 -1.98 "" ""
4420.632 106.00113 1.078 -7.531 3.464 BX11Q205
4420.655 21.1045 0.618 -9.0 LAWHFS ""
4420.657 21.1045 0.618 -3.91 LAWHFS ""
4420.659 21.1045 0.618 -2.98 LAWHFS ""
4420.662 21.1045 0.618 -4.72 LAWHFS ""
4420.664 21.1045 0.618 -3.71 LAWHFS ""
4420.665 21.1045 0.618 -3.1 LAWHFS ""
4420.668 21.1045 0.618 -4.51 LAWHFS ""
4420.67 21.1045 0.618 -3.64 LAWHFS ""
4420.671 21.1045 0.618 -3.24 LAWHFS ""
4420.674 21.1045 0.618 -3.65 LAWHFS ""
4420.674 21.1045 0.618 -4.4 LAWHFS ""
4420.676 21.1045 0.618 -3.4 LAWHFS ""
4420.678 21.1045 0.618 -3.71 LAWHFS ""
4420.678 21.1045 0.618 -4.38 LAWHFS ""
4420.679 21.1045 0.618 -3.58 LAWHFS ""
4420.681 21.1045 0.618 -3.83 LAWHFS ""
4420.681 21.1045 0.618 -4.49 LAWHFS ""
4420.682 21.1045 0.618 -3.81 LAWHFS ""
4420.683 21.1045 0.618 -4.01 LAWHFS ""
4420.683 21.1045 0.618 -4.16 LAWHFS ""
4420.711 106.00113 1.078 -2.799 3.464 BX11P215
4420.712 106.00112 1.758 -10.24 3.464 CX15Q125
4420.733 106.00113 1.288 -3.217 3.464 AX44Q035
4420.733 26.1 1.963 -6.88 "" ""
4420.733 42.0 2.258 -2.19 "" ""
4420.749 27.0 4.046 -3.46 "" ""
4420.761 106.00113 1.516 -1.337 3.464 AX11P265
4420.773 106.00113 1.31 -1.476 3.464 AX22P205
4420.81 106.00113 1.311 -3.668 3.464 AX22Q195
4420.849 27.0 3.729 -1.41 "" ""
4420.855 44.0 1.087 -1.76 "" ""
4420.885 26.0 4.227 -4.42 "" ""
4420.902 106.00113 1.311 -1.492 3.464 AX22P195
4420.956 23.0 2.581 -3.71 "" ""
4420.964 71.0 2.659 0.33 "" ""
4420.968 22.0 3.125 -3.49 "" ""
4420.968 24.0 3.108 -3.29 "" ""
4421.007 26.0 4.28 -2.96 "" ""
4421.034 106.00112 2.009 -9.888 3.464 CX15R175
4421.073 106.00112 1.247 -3.5 3.464 AX33Q125
4421.092 106.00112 1.247 -1.739 3.464 AX33P125
4421.103 23.1 5.791 -2.55 "" ""
4421.106 106.00113 1.288 -2.492 3.464 AX44P045
4421.107 24.0 3.844 -3.93 "" ""
4421.113 24.0 3.11 -9.38 "" ""
4421.119 106.00112 2.009 -6.626 3.464 CX15Q185
4421.119 26.0 3.637 -3.13 "" ""
4421.13 62.1 0.378 -0.49 LAWLER ""
4421.154 106.00112 2.009 -6.574 3.464 CX15Q175
4421.214 106.00113 1.288 -2.493 3.464 AX44P045
4421.22 59.1 0.371 -0.77 LINOHFS ""
4421.23 106.00112 1.248 -1.708 3.464 AX33P135
4421.231 106.00113 1.244 -3.523 3.464 AX33Q125
4421.239 106.00112 2.009 -12.369 3.464 CX15P185
4421.24 64.1 1.313 -0.35 LAWLER ""
4421.261 106.00112 1.601 -3.75 3.464 AX11Q275
4421.265 24.0 3.108 -2.84 "" ""
4421.267 106.00113 1.244 -1.739 3.464 AX33P125
4421.307 106.00112 1.523 -1.328 3.464 AX11P275
4421.315 106.00113 1.244 -1.708 3.464 AX33P135
4421.327 106.00112 1.601 -1.318 3.464 AX11P285
4421.34 27.0 2.925 -1.38 "" ""
4421.373 27.1 5.042 -5.56 "" ""
4421.375 24.0 3.108 -3.32 "" ""
4421.379 20.0 5.736 -3.73 "" ""
4421.381 106.00112 1.523 -3.776 3.464 AX11Q265
4421.395 607.01314 2.453 -1.141 7.724 0709Rb0395
4421.406 106.00112 1.601 -1.326 3.464 AX11P275
4421.439 607.01314 2.453 -4.645 7.724 0709Qd0405
4421.448 106.00112 1.456 -3.432 3.464 AX44R105
4421.453 22.0 2.425 -0.89 "" ""
4421.454 106.00112 1.456 -1.495 3.464 AX44Q105
4421.461 44.0 1.062 -1.36 "" ""
4421.496 24.0 3.884 -2.71 "" ""
4421.524 106.00112 1.523 -1.337 3.464 AX11P265
4421.567 23.0 0.275 -0.81 LAWNOHFS ""
4421.627 106.00112 1.456 -1.462 3.464 AX44Q115
4421.633 106.00112 1.456 -3.475 3.464 AX44P115
4421.65 41.1 2.61 -1.31 Nilsson10 ""
4421.655 26.0 3.412 -7.39 "" ""
4421.663 106.00113 1.451 -11.24 3.464 CX04R115
4421.672 106.00112 1.316 -1.475 3.464 AX22P205
4421.676 28.0 3.477 -4.2 "" ""
4421.69 106.00112 1.316 -3.668 3.464 AX22Q195
4421.69 22.0 3.152 -3.8 "" ""
4421.697 106.00113 1.762 -6.928 3.464 AX01R305
4421.706 26.0 4.603 -2.34 "" ""
4421.707 20.0 5.737 -3.28 "" ""
4421.752 22.0 2.238 -0.2 LAWLER ""
4421.769 106.00112 1.316 -1.492 3.464 AX22P195
4421.868 106.00113 1.827 -4.565 3.464 AX55R145
4421.938 22.1 2.06 -1.64 LAWLER ""
4421.973 27.0 3.407 -3.23 "" ""
4422.048 90.0 1.336 -0.54 "" ""
4422.058 24.0 3.885 -2.9 "" ""
4422.059 42.0 2.274 -1.8 "" ""
4422.092 24.0 2.542 -7.4 "" ""
4422.145 24.0 3.553 -1.85 "" ""
4422.155 25.0 4.35 -2.11 "" ""
4422.183 106.00113 0.431 -5.252 3.464 BX01P065
4422.194 23.0 1.71 -2.71 "" ""
4422.211 20.0 5.827 -4.51 "" ""
4422.23 23.0 1.852 -0.94 LAWNOHFS ""
4422.246 106.00112 1.248 -3.523 3.464 AX33Q125
4422.249 72.0 1.305 -1.7 "" ""
4422.257 106.00113 1.486 -3.476 3.464 AX44R115
4422.265 106.00112 1.248 -1.739 3.464 AX33P125
4422.267 106.00113 1.486 -1.463 3.464 AX44Q115
4422.282 106.00112 1.456 -3.446 3.464 AX44R105
4422.288 106.00112 1.456 -1.495 3.464 AX44Q105
4422.327 106.00112 1.248 -1.708 3.464 AX33P135
4422.399 106.00112 1.456 -1.462 3.464 AX44Q115
4422.405 106.00112 1.456 -3.462 3.464 AX44P115
4422.407 64.0 0.027 -0.15 "" ""
4422.412 106.00113 1.486 -1.434 3.464 AX44Q125
4422.419 25.0 4.682 -4.38 "" ""
4422.422 106.00113 1.486 -3.514 3.464 AX44P125
4422.426 28.0 3.304 -2.74 "" ""
4422.468 23.0 1.711 -2.62 "" ""
4422.474 23.0 1.858 -2.78 "" ""
4422.478 22.0 2.479 -6.81 "" ""
4422.514 68.1 2.211 0.19 "" ""
4422.568 26.0 2.843 -1.11 "" ""
4422.58 39.1 0.104 -1.05 Biemont11 ""
4422.613 25.0 4.35 -1.12 "" ""
4422.618 22.0 1.967 -4.37 "" ""
4422.689 24.0 3.553 -0.4 "" ""
4422.773 24.0 2.542 -8.07 "" ""
4422.783 90.1 0.231 -2.55 Nils02/10 ""
4422.82 22.0 1.066 -1.1 LAWLER ""
4422.842 42.0 3.161 -1.35 "" ""
4422.853 28.0 4.085 -1.89 "" ""
4422.951 20.0 5.828 -5.25 "" ""
4422.96 26.0 4.47 -4.22 "" ""
4422.989 28.0 3.676 -1.58 "" ""
4422.993 106.00113 1.827 -4.523 3.464 AX55R145
4423.014 106.00112 1.291 -2.636 3.464 AX44P035
4423.052 42.0 2.644 -1.76 "" ""
4423.053 106.00113 1.614 -4.121 3.464 AX55R075
4423.098 23.0 2.706 -2.42 "" ""
4423.128 24.0 3.11 -9.75 "" ""
4423.141 106.00113 0.596 -4.309 3.464 AX11P115
4423.141 26.0 2.988 -2.51 "" ""
4423.149 106.00112 1.291 -2.635 3.464 AX44P035
4423.15 607.01314 2.437 -1.151 7.724 0709Rb0385
4423.193 607.01314 2.437 -4.634 7.724 0709Qd0395
4423.2 25.0 4.35 -3.43 "" ""
4423.208 23.0 1.08 -0.94 "" ""
4423.212 106.00112 1.291 -3.209 3.464 AX44Q035
4423.217 106.00113 1.487 -3.491 3.464 AX44R115
4423.228 106.00113 1.487 -1.463 3.464 AX44Q115
4423.239 22.1 1.23 -2.67 "" ""
4423.244 26.0 4.412 -3.03 "" ""
4423.247 11.0 2.103 -2.56 "" ""
4423.278 23.0 3.368 -4.44 "" ""
4423.283 24.0 3.102 -5.11 "" ""
4423.308 106.00113 1.487 -1.434 3.464 AX44Q125
4423.314 24.0 3.011 -1.73 "" ""
4423.319 106.00113 1.487 -3.5 3.464 AX44P125
4423.346 106.00112 1.291 -3.216 3.464 AX44Q035
4423.36 106.00113 1.614 -4.098 3.464 AX55R075
4423.382 62.0 0.036 -1.25 "" ""
4423.415 27.0 3.809 -3.9 "" ""
4423.442 58.0 0.0 -0.67 "" ""
4423.453 22.0 2.304 -4.62 "" ""
4423.556 22.0 0.899 -5.9 "" ""
4423.589 24.0 3.854 -0.58 "" ""
4423.595 23.0 1.948 -1.31 "" ""
4423.605 23.0 2.676 -6.83 "" ""
4423.605 24.1 5.867 -4.5 "" ""
4423.609 42.0 2.258 -0.86 "" ""
4423.615 24.0 3.373 -2.42 "" ""
4423.628 22.0 1.967 -6.69 "" ""
4423.631 106.00113 1.371 -3.656 3.464 AX22Q205
4423.664 106.00113 1.903 -1.188 3.464 AX33Q255
4423.673 58.1 1.057 -0.36 BIEMONT ""
4423.69 106.00113 1.903 -3.805 3.464 AX33P255
4423.707 106.00113 1.371 -1.459 3.464 AX22P215
4423.723 106.00112 1.291 -2.492 3.464 AX44P045
4423.732 22.0 1.967 -5.12 "" ""
4423.75 106.00113 1.371 -1.474 3.464 AX22P205
4423.752 106.00113 1.903 -3.871 3.464 AX33R245
4423.762 74.0 2.831 -0.1 "" ""
4423.778 106.00113 1.903 -1.181 3.464 AX33Q245
4423.833 106.00112 1.291 -2.492 3.464 AX44P045
4423.841 26.0 3.654 -1.61 RUF14 ""
4423.865 41.0 2.085 -0.67 "" ""
4423.888 106.00112 0.598 -4.308 3.464 AX11P115
4423.893 57.0 1.229 0.27 "" ""
4423.911 23.0 2.636 -0.13 "" ""
4423.941 22.0 2.493 -2.6 "" ""
4423.95 23.0 2.579 -1.85 "" ""
4423.97 24.0 5.222 -1.43 "" ""
4424.001 42.0 3.714 -1.47 "" ""
4424.034 23.0 1.711 -4.76 "" ""
4424.068 26.0 3.639 -2.19 "" ""
4424.075 24.0 2.913 -1.08 "" ""
4424.078 20.0 5.449 -4.83 "" ""
4424.1 64.1 1.171 -1.18 LAWLER ""
4424.173 27.1 5.204 -4.71 "" ""
4424.188 26.0 3.544 -1.61 "" ""
4424.191 42.0 2.068 -2.29 "" ""
4424.229 106.00113 0.596 -4.345 3.464 AX11P115
4424.257 27.1 5.051 -4.21 "" ""
4424.278 24.0 3.008 -0.37 "" ""
4424.297 62.1147 0.484 -0.587 Lawler ""
4424.307 62.1147 0.484 -0.657 Lawler ""
4424.308 62.1149 0.484 -0.587 Lawler ""
4424.309 62.1144 0.484 0.14 Lawler ""
4424.311 62.1147 0.484 -1.854 Lawler ""
4424.316 62.1147 0.484 -0.731 Lawler ""
4424.317 62.1149 0.484 -0.657 Lawler ""
4424.319 62.1147 0.484 -1.631 Lawler ""
4424.32 62.1149 0.484 -1.854 Lawler ""
4424.324 106.00112 0.433 -5.252 3.464 BX01P065
4424.324 62.1147 0.484 -0.809 Lawler ""
4424.324 62.1147 0.484 -3.433 Lawler ""
4424.324 62.1149 0.484 -0.731 Lawler ""
4424.325 62.1148 0.484 0.14 Lawler ""
4424.327 62.1147 0.484 -1.544 Lawler ""
4424.328 62.1149 0.484 -1.631 Lawler ""
4424.331 62.1147 0.484 -0.89 Lawler ""
4424.331 62.1147 0.484 -3.051 Lawler ""
4424.331 62.1149 0.484 -0.809 Lawler ""
4424.331 62.1149 0.484 -3.433 Lawler ""
4424.334 62.1147 0.484 -1.524 Lawler ""
4424.334 62.1149 0.484 -1.544 Lawler ""
4424.334 62.115 0.484 0.14 Lawler ""
4424.337 62.1149 0.484 -0.89 Lawler ""
4424.337 62.1149 0.484 -3.051 Lawler ""
4424.338 62.1147 0.484 -0.974 Lawler ""
4424.338 62.1147 0.484 -2.868 Lawler ""
4424.34 62.1147 0.484 -1.556 Lawler ""
4424.34 62.1149 0.484 -1.524 Lawler ""
4424.342 62.1149 0.484 -0.974 Lawler ""
4424.342 62.1149 0.484 -2.868 Lawler ""
4424.343 62.1147 0.484 -1.06 Lawler ""
4424.343 62.1147 0.484 -2.801 Lawler ""
4424.344 62.1149 0.484 -1.556 Lawler ""
4424.345 62.1147 0.484 -1.65 Lawler ""
4424.347 62.1149 0.484 -1.06 Lawler ""
4424.347 62.1149 0.484 -2.801 Lawler ""
4424.347 62.1152 0.484 0.14 Lawler ""
4424.348 62.1147 0.484 -1.143 Lawler ""
4424.348 62.1147 0.484 -2.847 Lawler ""
4424.348 62.1149 0.484 -1.65 Lawler ""
4424.349 62.1147 0.484 -1.868 Lawler ""
4424.35 62.1149 0.484 -1.143 Lawler ""
4424.35 62.1149 0.484 -2.847 Lawler ""
4424.351 62.1147 0.484 -3.081 Lawler ""
4424.351 62.1149 0.484 -1.868 Lawler ""
4424.353 62.1149 0.484 -3.081 Lawler ""
4424.354 62.1154 0.484 0.14 Lawler ""
4424.383 22.0 2.425 -0.64 "" ""
4424.491 106.00112 1.376 -3.656 3.464 AX22Q205
4424.494 24.0 2.985 -1.83 "" ""
4424.542 106.00113 1.909 -10.844 3.464 CX04P215
4424.568 23.0 1.375 -1.46 "" ""
4424.57 68.0 0.624 -0.06 "" ""
4424.576 106.00112 1.376 -1.474 3.464 AX22P205
4424.58 106.00112 1.376 -1.458 3.464 AX22P215
4424.629 23.1 1.803 -2.32 "" ""
4424.666 106.00113 1.077 -4.229 3.464 AX33P075
4424.764 106.00112 1.914 -3.841 3.464 AX33R245
4424.785 106.00113 1.596 -1.319 3.464 AX11P285
4424.792 44.0 1.46 -1.72 "" ""
4424.804 106.00113 1.675 -3.767 3.464 AX11Q285
4424.833 106.00113 1.675 -1.311 3.464 AX11P295
4424.835 106.00112 1.914 -1.186 3.464 AX33Q255
4424.836 607.01314 2.421 -1.161 7.724 0709Rb0375
4424.838 28.0 4.161 -4.2 "" ""
4424.843 106.00113 1.596 -3.794 3.464 AX11Q275
4424.852 106.00113 0.837 -2.188 3.464 BX01Q165
4424.868 28.0 3.462 -3.29 "" ""
4424.875 106.00113 0.837 -5.742 3.464 BX01P175
4424.878 607.01314 2.421 -4.623 7.724 0709Qd0385
4424.901 106.00112 1.914 -1.18 3.464 AX33Q245
4424.928 106.00113 0.837 -5.57 3.464 BX01R165
4424.949 106.00113 1.675 -1.318 3.464 AX11P285
4424.951 106.00113 0.837 -2.139 3.464 BX01Q175
4424.97 73.0 2.558 -0.63 "" ""
4424.972 106.00112 1.914 -3.831 3.464 AX33P255
4424.984 106.00113 1.596 -1.327 3.464 AX11P275
4424.991 106.00112 0.599 -4.345 3.464 AX11P115
4425.011 64.0 1.53 0.36 "" ""
4425.128 24.0 3.102 -1.96 "" ""
4425.154 106.00113 1.078 -4.253 3.464 AX33P075
4425.17 106.00113 1.909 -8.984 3.464 CX04Q205
4425.189 106.00112 1.083 -2.712 3.464 BX11R205
4425.189 106.00113 0.87 -4.291 3.464 AX22P105
4425.2 607.01314 2.437 -1.141 7.724 0709Ra0395
4425.237 24.0 4.571 -2.97 "" ""
4425.273 106.00113 1.909 -8.805 3.464 CX04Q215
4425.276 106.00112 1.083 -7.542 3.464 BX11Q215
4425.277 21.0 2.336 -1.79 "" ""
4425.278 24.0 3.11 -8.42 "" ""
4425.371 106.00112 1.083 -2.136 3.464 BX11R215
4425.38 106.00112 1.491 -3.475 3.464 AX44R115
4425.398 106.00112 1.491 -1.462 3.464 AX44Q115
4425.42 21.0 3.099 -1.68 "" ""
4425.437 20.0 1.879 -0.39 LAWLER ""
4425.486 14.0 4.95 -2.77 "" ""
4425.519 24.0 4.407 -3.99 "" ""
