wavelength species excitation loggf disassociation_energy comment
4428.891 21.0 2.612 -1.48 "" ""
4428.905 106.00113 1.675 -6.873 3.464 AX01R295
4428.914 106.00112 1.306 -3.242 3.464 AX44Q045
4428.972 106.00112 1.306 -2.415 3.464 AX44P045
4429.069 59.1141 0.0 -1.11 LI/LAW ""
4429.089 40.0 0.632 -1.63 "" ""
4429.094 59.1141 0.0 -2.282 LI/LAW ""
4429.101 26.0 4.603 -2.31 "" ""
4429.104 59.1141 0.0 -1.203 LI/LAW ""
4429.106 23.1 1.564 -5.29 "" ""
4429.107 42.0 3.165 -1.55 "" ""
4429.112 106.00113 1.605 -11.376 3.464 CX04Q155
4429.115 106.00112 1.306 -3.251 3.464 AX44Q045
4429.115 59.1141 0.0 -3.781 LI/LAW ""
4429.126 59.1141 0.0 -2.092 LI/LAW ""
4429.134 59.1141 0.0 -1.302 LI/LAW ""
4429.137 59.1141 0.371 -2.19 LI/LAW ""
4429.142 16.0 6.855 -1.9 "" ""
4429.144 59.1141 0.0 -3.453 LI/LAW ""
4429.153 59.1141 0.0 -2.05 LI/LAW ""
4429.159 59.1141 0.371 -1.99 LI/LAW ""
4429.16 59.1141 0.0 -1.407 LI/LAW ""
4429.162 59.1141 0.371 -1.031 LI/LAW ""
4429.168 59.1141 0.0 -3.366 LI/LAW ""
4429.175 59.1141 0.0 -2.104 LI/LAW ""
4429.18 59.1141 0.0 -1.516 LI/LAW ""
4429.181 106.00113 1.435 -3.677 3.464 AX22Q215
4429.186 59.1141 0.0 -3.512 LI/LAW ""
4429.186 59.1141 0.371 -1.939 LI/LAW ""
4429.187 23.1 6.286 -3.35 "" ""
4429.189 59.1141 0.371 -0.988 LI/LAW ""
4429.191 26.0 3.926 -2.05 "" ""
4429.192 59.1141 0.0 -2.294 LI/LAW ""
4429.196 59.1141 0.0 -1.625 LI/LAW ""
4429.213 59.1141 0.371 -2.19 LI/LAW ""
4429.219 59.1141 0.371 -1.986 LI/LAW ""
4429.22 59.1141 0.371 -0.93 LI/LAW ""
4429.231 106.00112 1.978 -5.166 3.464 AX54P215
4429.233 106.00112 1.694 -4.285 3.464 AX55R105
4429.246 26.0 3.651 -2.71 "" ""
4429.249 106.00113 1.435 -1.443 3.464 AX22P225
4429.25 59.1141 0.371 -1.99 LI/LAW ""
4429.256 59.1141 0.371 -2.184 LI/LAW ""
4429.257 59.1141 0.371 -0.862 LI/LAW ""
4429.266 58.1 1.087 0.33 BIEMONT ""
4429.291 59.1141 0.371 -1.939 LI/LAW ""
4429.298 26.0 3.94 -2.34 "" ""
4429.298 59.1141 0.371 -0.79 LI/LAW ""
4429.31 106.00113 1.435 -1.457 3.464 AX22P215
4429.312 22.0 2.133 -4.76 "" ""
4429.326 106.00112 1.306 -2.312 3.464 AX44P055
4429.332 106.00113 1.678 -1.311 3.464 AX11P295
4429.337 59.1141 0.371 -1.986 LI/LAW ""
4429.345 59.1141 0.371 -0.716 LI/LAW ""
4429.346 40.1 1.771 -1.4 "" ""
4429.352 27.0 4.107 -1.61 "" ""
4429.371 106.00113 1.968 -3.89 3.464 AX33R255
4429.387 22.0 3.164 -3.57 "" ""
4429.388 59.1141 0.371 -2.184 LI/LAW ""
4429.391 106.00112 1.976 -1.726 3.464 AX44R225
4429.391 106.00113 1.678 -3.812 3.464 AX11Q285
4429.393 24.0 4.528 -2.56 "" ""
4429.402 106.00113 1.968 -1.202 3.464 AX33Q265
4429.431 106.00112 1.976 -1.688 3.464 AX44R215
4429.434 41.0 0.739 -1.48 "" ""
4429.487 106.00112 1.666 -4.255 3.464 AX55R095
4429.496 106.00112 1.306 -2.313 3.464 AX44P055
4429.506 106.00112 1.976 -3.916 3.464 AX44Q225
4429.528 106.00113 1.759 -3.784 3.464 AX11Q295
4429.531 106.00113 1.606 -8.949 3.464 CX04R145
4429.534 23.0 2.741 -2.44 "" ""
4429.536 106.00113 1.678 -1.318 3.464 AX11P285
4429.552 106.00113 1.759 -1.304 3.464 AX11P305
4429.552 607.01314 2.376 -1.194 7.724 0709Rb0345
4429.558 24.0 2.913 -2.48 "" ""
4429.583 23.0 2.721 -1.97 "" ""
4429.59 607.01314 2.376 -4.587 7.724 0709Qd0355
4429.614 106.00113 1.605 -9.415 3.464 CX04R155
4429.625 106.00112 1.725 -4.343 3.464 AX55R115
4429.646 62.0 0.101 -0.23 "" ""
4429.658 106.00113 1.968 -1.189 3.464 AX33Q255
4429.677 106.00113 1.759 -1.31 3.464 AX11P295
4429.683 27.0 4.046 -1.9 "" ""
4429.689 106.00113 1.968 -3.866 3.464 AX33P265
4429.695 607.01314 2.669 -1.127 7.724 0810Rb0395
4429.731 23.1 6.537 -1.79 "" ""
4429.737 607.01314 2.669 -4.632 7.724 0810Qd0405
4429.766 26.0 2.586 -4.17 "" ""
4429.788 106.00112 0.559 -2.806 3.464 BX01P105
4429.789 23.0 0.3 -1.28 LAWNOHFS ""
4429.799 106.00113 2.033 -1.789 3.464 AX44R235
4429.811 20.0 6.0 -5.05 "" ""
4429.83 106.00112 1.917 -11.167 3.464 CX04R205
4429.845 106.00112 0.559 -7.974 3.464 BX01Q105
4429.857 106.00112 1.528 -3.517 3.464 AX44R125
4429.859 57.1139 0.235 -0.873 Lawle01HFS ""
4429.875 57.1139 0.235 -1.362 Lawle01HFS ""
4429.886 106.00112 1.528 -1.433 3.464 AX44Q125
4429.888 57.1139 0.235 -2.061 Lawle01HFS ""
4429.899 20.0 6.0 -6.27 "" ""
4429.904 106.00113 2.033 -3.947 3.464 AX44Q235
4429.907 106.00112 1.917 -8.804 3.464 CX04Q215
4429.908 57.1139 0.235 -1.166 Lawle01HFS ""
4429.921 57.1139 0.235 -1.246 Lawle01HFS ""
4429.923 24.0 3.553 -0.67 "" ""
4429.931 57.1139 0.235 -1.621 Lawle01HFS ""
4429.947 57.1139 0.235 -1.621 Lawle01HFS ""
4429.958 106.00113 2.033 -1.733 3.464 AX44R225
4429.958 57.1139 0.235 -1.366 Lawle01HFS ""
4429.965 57.1139 0.235 -1.35 Lawle01HFS ""
4429.972 106.00112 1.917 -8.983 3.464 CX04Q205
4429.993 58.1 2.016 0.17 "" ""
4429.996 106.00112 1.666 -4.226 3.464 AX55R095
4430.003 26.0 3.879 -2.6 "" ""
4430.005 106.00112 1.528 -1.408 3.464 AX44Q135
4430.016 22.0 2.406 -0.53 "" ""
4430.019 26.0 4.909 -2.66 "" ""
4430.033 106.00112 1.528 -3.55 3.464 AX44P135
4430.048 106.00112 1.917 -10.843 3.464 CX04P215
4430.055 106.00112 0.559 -2.762 3.464 BX01P115
4430.083 106.00113 2.033 -5.153 3.464 AX54P225
4430.083 607.01314 2.376 -1.183 7.724 0709Ra0355
4430.085 106.00112 1.441 -3.676 3.464 AX22Q215
4430.104 106.00112 1.686 -1.311 3.464 AX11P295
4430.164 25.0 3.768 -6.11 "" ""
4430.169 106.00112 1.441 -1.443 3.464 AX22P225
4430.175 106.00112 1.441 -1.457 3.464 AX22P215
4430.187 106.00112 1.686 -3.812 3.464 AX11Q285
4430.189 26.0 3.015 -1.97 "" ""
4430.212 70.0 3.034 -0.09 "" ""
4430.249 22.0 2.115 -3.69 "" ""
4430.262 22.0 3.145 -2.81 "" ""
4430.306 22.0 2.101 -3.7 "" ""
4430.34 106.00112 1.686 -1.318 3.464 AX11P285
4430.356 26.0 4.545 -3.6 "" ""
4430.36 22.0 3.177 -2.46 "" ""
4430.364 22.0 1.442 -0.83 "" ""
4430.369 23.0 1.847 -2.38 "" ""
4430.371 607.01314 2.156 -1.222 7.724 0608Rb0345
4430.381 106.00112 1.767 -3.784 3.464 AX11Q295
4430.385 24.0 2.913 -1.53 "" ""
4430.408 73.0 1.516 -1.36 "" ""
4430.412 607.01314 2.156 -4.614 7.724 0608Qd0355
4430.429 24.1 5.489 -2.32 "" ""
4430.432 106.00112 1.758 -4.438 3.464 AX55R125
4430.445 106.00112 1.767 -1.304 3.464 AX11P305
4430.469 24.0 3.553 -0.66 "" ""
4430.475 14.0 4.95 -1.81 "" ""
4430.499 23.0 1.892 -0.87 LAWNOHFS ""
4430.514 21.0 2.606 -1.74 "" ""
4430.516 24.0 3.008 -4.78 "" ""
4430.536 106.00112 1.767 -1.31 3.464 AX11P295
4430.6 20.0 4.621 -3.47 "" ""
4430.614 26.0 2.221 -1.66 "" ""
4430.629 64.0 0.0 -0.22 "" ""
4430.643 24.0 4.529 -2.96 "" ""
4430.76 26.0 4.604 -3.88 "" ""
4430.777 24.0 3.886 -2.77 "" ""
4430.838 25.0 3.768 -6.09 "" ""
4430.867 42.0 3.697 -1.03 "" ""
4430.869 23.0 2.377 -5.06 "" ""
4430.886 24.0 4.398 -1.66 "" ""
4430.905 25.1 7.376 -4.0 "" ""
4430.92 22.0 2.295 -5.76 "" ""
4430.932 607.01314 2.653 -1.137 7.724 0810Rb0385
4430.939 607.01314 2.653 -1.127 7.724 0810Ra0395
4430.953 24.0 4.614 -1.23 "" ""
4430.973 607.01314 2.653 -4.621 7.724 0810Qd0395
4430.985 106.00112 1.529 -3.533 3.464 AX44R125
4430.997 66.1 2.298 -0.11 "" ""
4431.014 106.00112 1.529 -1.433 3.464 AX44Q125
4431.029 28.0 4.164 -1.07 "" ""
4431.031 607.01314 2.362 -1.206 7.724 0709Rb0335
4431.06 106.00112 1.529 -1.409 3.464 AX44Q135
4431.069 607.01314 2.362 -4.575 7.724 0709Qd0345
4431.07 20.0 6.03 -2.83 "" ""
4431.073 73.0 0.696 -2.17 "" ""
4431.085 26.0 3.571 -5.53 "" ""
4431.089 106.00112 1.529 -3.535 3.464 AX44P135
4431.115 20.0 6.03 -2.52 "" ""
4431.225 21.0 1.849 -6.39 "" ""
4431.245 24.0 3.432 -3.8 "" ""
4431.276 22.0 2.229 -0.55 LAWLER ""
4431.303 24.0 3.836 -2.35 "" ""
4431.305 106.00112 1.758 -4.401 3.464 AX55R125
4431.334 21.1045 0.605 -4.27 LAWHFS ""
4431.338 21.1045 0.605 -3.27 LAWHFS ""
4431.343 21.1045 0.605 -2.53 LAWHFS ""
4431.344 21.1045 0.605 -3.85 LAWHFS ""
4431.347 21.1045 0.605 -3.09 LAWHFS ""
4431.351 21.1045 0.605 -2.7 LAWHFS ""
4431.352 21.1045 0.605 -3.62 LAWHFS ""
4431.355 21.1045 0.605 -3.06 LAWHFS ""
4431.358 21.1045 0.605 -2.91 LAWHFS ""
4431.359 21.1045 0.605 -3.47 LAWHFS ""
4431.361 21.1045 0.605 -3.12 LAWHFS ""
4431.363 21.1045 0.605 -3.18 LAWHFS ""
4431.364 21.1045 0.605 -3.38 LAWHFS ""
4431.365 21.1045 0.605 -3.3 LAWHFS ""
4431.367 21.1045 0.605 -3.6 LAWHFS ""
4431.367 607.01314 2.362 -1.195 7.724 0709Ra0345
4431.37 27.0 2.716 -3.91 "" ""
4431.373 26.0 4.577 -3.75 "" ""
4431.394 23.1 5.772 -2.99 "" ""
4431.395 106.00112 1.641 -4.189 3.464 AX55R085
4431.435 16.0 6.855 -1.9 "" ""
4431.476 40.0 1.349 -0.47 "" ""
4431.488 106.00113 1.563 -3.558 3.464 AX44R135
4431.51 23.1 3.756 -6.49 "" ""
4431.517 106.00113 1.563 -1.409 3.464 AX44Q135
4431.519 21.0 3.081 -2.58 "" ""
4431.583 26.0 4.635 -3.4 "" ""
4431.602 27.0 2.875 -1.37 "" ""
4431.615 106.00113 1.563 -1.388 3.464 AX44Q145
4431.644 106.00113 1.563 -3.586 3.464 AX44P145
4431.69 25.0 3.769 -7.61 "" ""
4431.691 14.0 4.926 -2.61 "" ""
4431.71 25.0 3.769 -5.56 "" ""
4431.732 25.0 3.769 -7.78 "" ""
4431.757 64.0 0.985 -0.33 "" ""
4431.767 20.0 6.031 -4.35 "" ""
4431.802 106.00112 1.641 -4.163 3.464 AX55R085
4431.819 106.00113 1.577 -3.955 3.464 AX55R055
4431.867 607.01314 2.141 -1.234 7.724 0608Rb0335
4431.87 607.01314 2.141 -1.222 7.724 0608Ra0345
4431.886 106.00113 0.638 -4.331 3.464 AX11P125
4431.891 56.0 1.52 0.03 "" ""
4431.906 607.01314 2.141 -4.601 7.724 0608Qd0345
4431.971 25.0 4.357 -3.04 "" ""
4431.977 23.0 1.944 -1.67 "" ""
4431.98 106.00113 1.577 -3.938 3.464 AX55R055
4432.001 106.00112 1.978 -1.727 3.464 AX44R225
4432.005 106.00113 1.437 -1.444 3.464 AX22P225
4432.016 106.00113 1.32 -2.27 3.464 AX44P055
4432.045 26.0 4.368 -3.07 "" ""
4432.047 22.0 2.266 -1.3 "" ""
4432.069 106.00113 1.437 -3.713 3.464 AX22Q215
4432.096 22.1 1.236 -3.08 LAWLER ""
4432.107 23.0 2.682 -3.99 "" ""
4432.117 106.00112 1.978 -3.88 3.464 AX44Q225
4432.127 106.00113 1.32 -3.287 3.464 AX44Q055
4432.129 26.0 4.073 -3.65 "" ""
4432.154 106.00112 1.978 -1.688 3.464 AX44R215
4432.155 20.0 4.76 -3.68 "" ""
4432.164 607.01314 2.638 -1.137 7.724 0810Ra0385
4432.164 607.01314 2.638 -1.147 7.724 0810Rb0375
4432.166 24.0 2.87 -0.8 "" ""
4432.171 106.00112 1.686 -6.796 3.464 AX01R295
4432.178 106.00113 1.437 -1.457 3.464 AX22P215
4432.204 607.01314 2.638 -4.609 7.724 0810Qd0385
4432.224 68.0 0.862 -0.63 "" ""
4432.252 90.0 0.788 -1.34 "" ""
4432.29 60.1 0.742 -1.25 LAWLER ""
4432.292 106.00113 1.32 -2.269 3.464 AX44P055
4432.384 25.0 3.769 -5.52 "" ""
4432.384 25.0 3.769 -8.86 "" ""
4432.384 25.0 3.769 -9.18 "" ""
4432.404 106.00113 1.32 -3.298 3.464 AX44Q055
4432.409 26.0 4.648 -3.84 "" ""
4432.417 76.0 1.656 -1.58 "" ""
4432.431 25.0 4.357 -1.65 "" ""
4432.466 106.00113 1.32 -2.189 3.464 AX44P065
4432.473 607.01314 2.348 -1.218 7.724 0709Rb0325
4432.509 607.01314 2.348 -4.562 7.724 0709Qd0335
4432.531 106.00113 1.329 -3.556 3.464 AX33Q145
4432.555 106.00113 1.329 -1.671 3.464 AX33P145
4432.568 26.0 3.571 -1.58 BEL17 ""
4432.591 22.0 2.406 -0.57 "" ""
4432.654 106.00113 1.329 -1.646 3.464 AX33P155
4432.661 607.01314 2.348 -1.206 7.724 0709Ra0335
4432.663 68.1 2.048 -1.25 LAWLER ""
4432.667 23.1 6.253 -3.78 "" ""
4432.684 106.00112 0.64 -4.331 3.464 AX11P125
4432.708 106.00113 1.321 -2.189 3.464 AX44P065
4432.715 58.1 1.455 -0.49 "" ""
4432.726 23.0 1.954 -1.97 "" ""
4432.752 106.00113 1.564 -3.576 3.464 AX44R135
4432.758 24.0 5.251 0.34 "" ""
4432.784 106.00113 1.564 -1.409 3.464 AX44Q135
4432.804 26.0 3.015 -2.96 "" ""
4432.805 106.00113 1.564 -1.388 3.464 AX44Q145
4432.837 106.00113 1.564 -3.571 3.464 AX44P145
4432.874 42.0 2.289 -2.38 "" ""
4432.883 23.0 1.08 -2.4 "" ""
4432.889 25.0 3.769 -7.79 "" ""
4432.909 25.0 3.769 -6.33 "" ""
4432.912 26.0 2.725 -6.83 "" ""
4432.912 58.1 0.655 -1.2 LAWLER ""
4432.929 106.00113 1.91 -4.706 3.464 AX55R165
4432.939 57.1139 0.244 -2.573 Lawle01HFS ""
4432.94 57.1139 0.244 -3.502 Lawle01HFS ""
4432.941 57.1139 0.244 -4.716 Lawle01HFS ""
4432.947 57.1139 0.244 -2.694 Lawle01HFS ""
4432.948 57.1139 0.244 -3.297 Lawle01HFS ""
4432.948 57.1139 0.244 -4.311 Lawle01HFS ""
4432.954 57.1139 0.244 -2.83 Lawle01HFS ""
4432.954 57.1139 0.244 -3.231 Lawle01HFS ""
4432.955 57.1139 0.244 -4.1 Lawle01HFS ""
4432.959 57.1139 0.244 -2.986 Lawle01HFS ""
4432.96 57.1139 0.244 -3.235 Lawle01HFS ""
4432.96 57.1139 0.244 -3.991 Lawle01HFS ""
4432.963 57.1139 0.244 -3.171 Lawle01HFS ""
4432.963 90.1 1.14 -0.91 "" ""
4432.964 27.1 3.405 -3.1 "" ""
4432.964 57.1139 0.244 -3.296 Lawle01HFS ""
4432.964 57.1139 0.244 -3.969 Lawle01HFS ""
4432.967 57.1139 0.244 -3.405 Lawle01HFS ""
4432.967 57.1139 0.244 -3.418 Lawle01HFS ""
4432.967 57.1139 0.244 -4.079 Lawle01HFS ""
4432.968 57.1139 0.244 -3.747 Lawle01HFS ""
4432.969 57.1139 0.244 -3.601 Lawle01HFS ""
4432.985 73.0 1.907 -1.21 "" ""
4432.991 20.0 4.677 -4.48 "" ""
4433.005 22.0 1.979 -8.06 "" ""
4433.017 106.00112 1.443 -1.444 3.464 AX22P225
4433.049 106.00112 1.961 -9.844 3.464 CX15R165
4433.054 106.00112 1.443 -3.712 3.464 AX22Q215
4433.066 62.0 0.036 -0.71 "" ""
4433.142 106.00112 1.961 -6.575 3.464 CX15Q175
4433.144 106.00112 1.443 -1.457 3.464 AX22P215
4433.144 106.00113 0.638 -4.37 3.464 AX11P125
4433.164 106.00112 1.961 -6.542 3.464 CX15Q165
4433.218 26.0 3.651 -0.7 "" ""
4433.257 106.00112 1.961 -12.69 3.464 CX15P175
4433.272 26.0 3.015 -3.08 "" ""
4433.278 21.1 6.903 -3.83 "" ""
4433.318 45.0 1.997 -1.18 "" ""
4433.344 607.01314 2.127 -1.234 7.724 0608Ra0335
4433.348 607.01314 2.127 -1.246 7.724 0608Rb0325
4433.355 27.0 4.055 -3.15 "" ""
4433.384 607.01314 2.622 -1.147 7.724 0810Ra0375
4433.387 607.01314 2.127 -4.589 7.724 0608Qd0335
4433.391 607.01314 2.622 -1.158 7.724 0810Rb0365
4433.394 26.0 3.015 -4.13 "" ""
4433.412 106.00113 1.678 -6.796 3.464 AX01R295
4433.422 106.00112 1.793 -4.499 3.464 AX55R135
4433.428 24.0 3.887 -2.96 "" ""
4433.428 24.0 5.235 -1.53 "" ""
4433.43 607.01314 2.622 -4.598 7.724 0810Qd0375
4433.482 26.0 4.545 -2.63 "" ""
4433.489 20.0 6.003 -2.67 "" ""
4433.51 42.1 3.055 -1.0 "" ""
4433.52 24.1 5.867 -3.54 "" ""
4433.522 21.0 3.099 -3.15 "" ""
4433.565 22.0 2.394 -0.5 "" ""
4433.583 25.0 3.769 -6.42 "" ""
4433.583 25.0 3.769 -8.38 "" ""
4433.583 25.0 3.769 -8.56 "" ""
4433.637 64.1 1.317 -1.08 "" ""
4433.677 25.0 4.723 -1.67 "" ""
4433.712 20.0 4.677 -2.96 "" ""
4433.738 58.1 0.899 -1.36 LAWLER ""
4433.773 20.0 2.93 -3.07 "" ""
4433.776 106.00112 1.334 -3.556 3.464 AX33Q145
4433.782 26.0 3.6 -1.27 "" ""
4433.817 106.00112 1.334 -1.671 3.464 AX33P145
4433.817 28.0 4.232 -1.99 "" ""
4433.831 24.0 3.102 -2.44 "" ""
4433.872 24.0 4.571 -3.66 "" ""
4433.881 607.01314 2.334 -1.231 7.724 0709Rb0315
4433.887 106.00112 1.725 -6.628 3.464 CX15R105
4433.887 92.1 1.04 -1.19 "" ""
4433.89 62.1 0.434 -0.19 LAWLER ""
4433.909 106.00112 1.334 -1.645 3.464 AX33P155
4433.915 106.00112 1.725 -6.574 3.464 CX15R115
4433.916 607.01314 2.334 -4.549 7.724 0709Qd0325
4433.953 24.0 3.011 -2.21 "" ""
4433.96 106.00112 0.641 -4.37 3.464 AX11P125
4433.96 607.01314 2.334 -1.218 7.724 0709Ra0325
4433.965 22.0 1.429 -0.89 LAWLER ""
4433.997 106.00112 1.725 -10.202 3.464 CX15Q115
4434.018 22.0 1.872 -0.32 "" ""
4434.023 106.00113 1.288 -4.361 3.464 AX44P035
4434.062 106.00113 1.971 -1.202 3.464 AX33Q265
4434.067 25.1 6.568 -1.51 "" ""
4434.069 24.0 4.571 -2.36 "" ""
4434.082 106.00113 1.971 -3.838 3.464 AX33P265
4434.083 22.0 2.343 -3.58 "" ""
4434.117 106.00113 1.33 -3.582 3.464 AX33Q145
4434.153 25.1 6.128 -6.12 "" ""
4434.156 106.00113 1.288 -4.373 3.464 AX44P035
4434.162 106.00113 1.971 -3.92 3.464 AX33R255
4434.163 106.00113 1.33 -1.646 3.464 AX33P155
4434.181 106.00113 1.971 -1.189 3.464 AX33Q255
4434.184 106.00113 1.33 -1.671 3.464 AX33P145
4434.198 25.0 4.824 -1.45 "" ""
4434.243 106.00112 1.618 -4.119 3.464 AX55R075
4434.286 106.00113 1.762 -1.305 3.464 AX11P305
4434.312 106.00112 1.954 -8.824 3.464 AX50R355
4434.32 62.1 0.378 -0.07 LAWLER ""
4434.343 106.00112 1.618 -9.049 3.464 CX15R075
4434.346 106.00113 1.762 -3.83 3.464 AX11Q295
4434.361 106.00113 1.911 -4.659 3.464 AX55R165
4434.368 22.0 2.394 -0.61 "" ""
4434.426 24.0 4.532 -4.19 "" ""
4434.435 106.00112 1.794 -4.459 3.464 AX55R135
4434.461 24.0 4.413 -4.41 "" ""
4434.495 106.00113 1.762 -1.311 3.464 AX11P295
4434.507 106.00112 1.612 -9.414 3.464 CX04R155
4434.531 92.1 0.217 -1.8 "" ""
4434.558 106.00112 1.618 -4.095 3.464 AX55R075
4434.584 106.00112 1.612 -8.948 3.464 CX04R145
4434.594 23.0 1.929 -0.34 LAWNOHFS ""
4434.596 106.00113 0.908 -4.315 3.464 AX22P115
4434.598 607.01314 2.607 -1.158 7.724 0810Ra0365
4434.613 607.01314 2.607 -1.169 7.724 0810Rb0355
4434.626 106.00112 1.612 -11.375 3.464 CX04Q155
4434.641 23.0 1.866 -3.99 "" ""
4434.651 607.01314 2.607 -4.586 7.724 0810Qd0365
4434.667 106.00113 0.312 -4.326 3.464 AX00P125
4434.677 14.0 4.916 -3.23 "" ""
4434.745 106.00113 1.845 -3.801 3.464 AX11Q305
4434.752 24.0 3.011 -2.47 "" ""
4434.757 106.00112 1.324 -2.269 3.464 AX44P055
4434.764 106.00113 1.845 -1.3 3.464 AX11P315
4434.783 106.00113 1.105 -4.253 3.464 AX33P085
4434.791 23.0 2.676 -1.81 "" ""
4434.804 607.01314 2.114 -1.246 7.724 0608Ra0325
4434.81 63.1 3.358 0.39 "" ""
4434.814 607.01314 2.114 -1.258 7.724 0608Rb0315
4434.852 607.01314 2.114 -4.576 7.724 0608Qd0325
4434.861 106.00112 1.324 -3.286 3.464 AX44Q055
4434.897 106.00113 1.845 -1.304 3.464 AX11P305
4434.924 67.0 1.868 0.37 "" ""
4434.942 106.00112 1.568 -3.557 3.464 AX44R135
4434.948 42.0 2.075 -0.18 "" ""
4434.952 25.0 4.791 -1.31 "" ""
4434.957 20.0 1.886 -0.04 LAWLER ""
4434.979 26.0 4.298 -2.18 "" ""
4434.981 106.00112 1.568 -1.409 3.464 AX44Q135
4435.019 106.00113 1.501 -3.697 3.464 AX22Q225
4435.037 106.00112 1.324 -2.269 3.464 AX44P055
4435.05 24.0 3.119 -9.57 "" ""
4435.077 106.00112 1.568 -1.387 3.464 AX44Q145
4435.078 106.00112 1.77 -1.305 3.464 AX11P305
4435.081 106.00113 1.501 -1.43 3.464 AX22P235
4435.113 106.00113 0.458 -5.32 3.464 BX01P075
4435.116 106.00112 1.568 -3.586 3.464 AX44P145
4435.141 106.00112 1.324 -3.297 3.464 AX44Q055
4435.149 26.0 0.087 -4.31 OBR91 ""
4435.16 106.00113 1.501 -1.442 3.464 AX22P225
4435.165 106.00112 1.77 -3.83 3.464 AX11Q295
4435.178 23.0 1.871 -2.75 "" ""
4435.206 106.00112 1.324 -2.189 3.464 AX44P065
4435.258 607.01314 2.321 -1.244 7.724 0709Rb0305
4435.26 607.01314 2.321 -1.231 7.724 0709Ra0315
4435.291 106.00112 1.335 -3.582 3.464 AX33Q145
4435.292 607.01314 2.321 -4.535 7.724 0709Qd0315
4435.322 27.1 5.085 -2.42 "" ""
4435.323 106.00112 1.77 -1.31 3.464 AX11P295
4435.332 106.00112 1.335 -1.671 3.464 AX33P145
4435.336 28.0 3.655 -2.27 "" ""
4435.337 106.00112 1.335 -1.646 3.464 AX33P155
4435.373 23.0 1.375 -2.73 "" ""
4435.394 106.00113 1.105 -4.28 3.464 AX33P085
4435.446 106.00112 0.314 -4.326 3.464 AX00P125
4435.45 106.00112 1.324 -2.189 3.464 AX44P065
4435.457 63.1151 0.207 -0.696 LAWLER ""
4435.465 63.1151 0.207 -1.708 LAWLER ""
4435.472 63.1151 0.207 -3.034 LAWLER ""
4435.485 106.00112 0.911 -4.315 3.464 AX22P115
4435.525 63.1151 0.207 -0.816 LAWLER ""
4435.533 63.1151 0.207 -1.525 LAWLER ""
4435.539 63.1151 0.207 -2.689 LAWLER ""
4435.54 42.0 2.834 -2.02 "" ""
4435.54 63.1153 0.207 -0.696 LAWLER ""
4435.541 63.1153 0.207 -1.708 LAWLER ""
4435.544 63.1153 0.207 -3.028 LAWLER ""
4435.568 63.1153 0.207 -0.816 LAWLER ""
4435.571 63.1153 0.207 -1.525 LAWLER ""
4435.575 63.1153 0.207 -2.688 LAWLER ""
4435.582 63.1151 0.207 -0.947 LAWLER ""
4435.589 63.1151 0.207 -1.491 LAWLER ""
4435.593 63.1153 0.207 -0.947 LAWLER ""
4435.594 63.1151 0.207 -2.577 LAWLER ""
4435.597 63.1153 0.207 -1.491 LAWLER ""
4435.6 63.1153 0.207 -2.577 LAWLER ""
4435.613 106.00112 1.085 -5.271 3.464 BX11R215
4435.614 63.1153 0.207 -1.093 LAWLER ""
4435.618 63.1153 0.207 -1.55 LAWLER ""
4435.621 63.1153 0.207 -2.688 LAWLER ""
4435.627 63.1151 0.207 -1.093 LAWLER ""
4435.63 63.1153 0.207 -1.256 LAWLER ""
4435.633 63.1151 0.207 -1.55 LAWLER ""
4435.633 63.1153 0.207 -1.733 LAWLER ""
4435.637 63.1151 0.207 -2.689 LAWLER ""
4435.64 63.1153 0.207 -1.432 LAWLER ""
4435.649 106.00113 0.908 -4.351 3.464 AX22P115
4435.65 106.00112 1.853 -3.801 3.464 AX11Q305
4435.66 63.1151 0.207 -1.256 LAWLER ""
4435.664 63.1151 0.207 -1.733 LAWLER ""
4435.679 20.0 1.886 -0.53 LAWLER ""
4435.681 63.1151 0.207 -1.432 LAWLER ""
4435.714 106.00112 1.853 -1.299 3.464 AX11P315
4435.741 25.1 5.468 -2.58 "" ""
4435.749 23.1 5.784 -2.63 "" ""
4435.782 106.00112 1.108 -4.253 3.464 AX33P085
4435.799 607.01314 1.933 -1.268 7.724 0507Rb0345
4435.806 607.01314 2.593 -1.169 7.724 0810Ra0355
4435.809 106.00112 1.853 -1.304 3.464 AX11P305
4435.826 57.1139 0.0 -4.039 Lawle01HFS ""
4435.827 607.01314 2.593 -1.18 7.724 0810Rb0345
4435.828 57.1139 0.0 -3.738 Lawle01HFS ""
4435.829 57.1139 0.0 -3.817 Lawle01HFS ""
4435.83 57.1139 0.0 -3.621 Lawle01HFS ""
4435.832 57.1139 0.0 -3.555 Lawle01HFS ""
4435.834 57.1139 0.0 -3.914 Lawle01HFS ""
4435.836 57.1139 0.0 -3.35 Lawle01HFS ""
4435.839 57.1139 0.0 -3.496 Lawle01HFS ""
4435.841 607.01314 1.933 -4.659 7.724 0507Qd0355
4435.842 57.1139 0.0 -4.06 Lawle01HFS ""
4435.844 57.1139 0.0 -3.143 Lawle01HFS ""
4435.848 57.1139 0.0 -3.53 Lawle01HFS ""
4435.851 57.1139 0.0 -4.294 Lawle01HFS ""
4435.854 57.1139 0.0 -2.972 Lawle01HFS ""
4435.859 57.1139 0.0 -3.712 Lawle01HFS ""
4435.862 57.1139 0.0 -4.712 Lawle01HFS ""
4435.864 607.01314 2.593 -4.574 7.724 0810Qd0355
4435.889 26.0 4.28 -4.42 "" ""
4435.922 22.0 2.406 -2.61 "" ""
4435.978 106.00113 0.313 -4.366 3.464 AX00P125
4435.991 106.00112 1.507 -3.697 3.464 AX22Q225
4435.999 24.1 6.863 -4.51 "" ""
4436.044 23.1 3.75 -2.45 "" ""
4436.048 90.1 1.322 -1.78 "" ""
4436.071 106.00112 1.508 -1.43 3.464 AX22P235
4436.081 26.1 6.133 -4.3 "" ""
4436.084 106.00112 1.507 -1.442 3.464 AX22P225
4436.096 64.0 0.213 -0.74 "" ""
4436.117 23.0051 0.262 -1.736 LAWLER ""
4436.119 23.0051 0.262 -1.715 LAWLER ""
4436.121 23.0051 0.262 -1.861 LAWLER ""
4436.139 23.0051 0.262 -2.192 LAWLER ""
4436.141 23.0051 0.262 -1.715 LAWLER ""
4436.144 23.0051 0.262 -1.394 LAWLER ""
4436.162 27.0 4.055 -3.58 "" ""
4436.187 26.0 4.188 -2.92 "" ""
4436.191 27.0 2.868 -2.11 LAWNHFS ""
4436.209 58.1 0.899 -1.4 LAWLER ""
4436.213 64.1 1.725 0.05 "" ""
4436.23 106.00112 1.569 -3.575 3.464 AX44R135
4436.248 607.01314 2.1 -1.259 7.724 0608Ra0315
4436.257 22.0 3.212 -1.39 "" ""
4436.264 607.01314 2.1 -1.271 7.724 0608Rb0305
4436.269 106.00112 1.569 -1.409 3.464 AX44Q135
4436.285 90.1 1.144 -1.85 "" ""
4436.288 106.00112 1.569 -1.388 3.464 AX44Q145
4436.301 607.01314 2.1 -4.562 7.724 0608Qd0315
4436.309 26.0 4.555 -2.74 "" ""
4436.31 76.0 0.34 -2.42 "" ""
4436.327 106.00112 1.569 -3.57 3.464 AX44P145
4436.343 25.0 4.824 -0.09 "" ""
4436.357 25.0 2.918 -0.29 "" ""
4436.392 106.00112 1.108 -4.28 3.464 AX33P085
4436.404 23.1 6.291 -1.39 "" ""
4436.424 24.0 3.319 -1.54 "" ""
4436.426 25.0 5.108 -3.82 "" ""
4436.426 27.0 1.709 -2.76 "" ""
4436.446 27.0 3.968 -2.86 "" ""
4436.459 24.0 3.889 -3.61 "" ""
4436.551 106.00112 0.912 -4.35 3.464 AX22P115
4436.551 90.1 1.769 -1.08 "" ""
4436.556 607.01314 2.308 -1.244 7.724 0709Ra0305
4436.586 22.0 1.878 -0.75 LAWLER ""
4436.592 24.0 3.11 -5.32 "" ""
4436.608 607.01314 2.308 -1.257 7.724 0709Rb0295
4436.641 607.01314 2.308 -4.521 7.724 0709Qd0305
4436.664 106.00113 0.894 -2.14 3.464 BX01Q175
4436.666 106.00112 2.372 -7.999 3.464 CX04P285
4436.674 106.00113 0.894 -5.755 3.464 BX01P185
4436.674 22.0 2.425 -0.7 "" ""
4436.677 106.00112 1.984 -3.889 3.464 AX33R255
4436.706 106.00112 1.291 -4.361 3.464 AX44P035
4436.742 106.00113 0.894 -5.578 3.464 BX01R175
4436.745 106.00112 1.984 -1.201 3.464 AX33Q265
4436.746 106.00112 2.372 -10.71 3.464 CX04Q275
4436.749 21.0 2.567 -1.13 "" ""
4436.752 106.00113 0.894 -2.093 3.464 BX01Q185
4436.774 106.00112 0.314 -4.366 3.464 AX00P125
4436.783 26.0 4.206 -3.6 "" ""
4436.791 24.0 2.706 -4.64 "" ""
4436.822 106.00112 1.984 -1.188 3.464 AX33Q255
4436.823 106.00113 1.147 -5.825 3.464 BX01P225
4436.825 24.0 3.842 -2.29 "" ""
4436.841 106.00112 1.291 -4.373 3.464 AX44P035
4436.852 106.00113 1.147 -1.996 3.464 BX01Q215
4436.859 23.0 2.682 -2.47 "" ""
4436.871 42.0 2.289 -1.42 "" ""
4436.891 106.00112 1.984 -3.865 3.464 AX33P265
4436.897 23.1 6.542 -3.67 "" ""
4436.901 106.00112 2.372 -8.455 3.464 CX04P275
4436.921 26.0 3.045 -2.11 "" ""
4436.922 106.00113 1.147 -1.971 3.464 BX01Q225
4436.951 106.00113 1.147 -5.663 3.464 BX01R215
4436.954 74.0 2.6 -0.04 "" ""
4436.966 28.0 3.495 -1.42 "" ""
4437.007 607.01314 2.579 -1.18 7.724 0810Ra0345
4437.024 106.00113 1.606 -3.598 3.464 AX44R145
4437.034 607.01314 2.579 -1.192 7.724 0810Rb0335
4437.036 27.1 3.137 -4.28 "" ""
4437.053 22.0 3.196 -2.5 "" ""
4437.062 106.00113 1.606 -1.389 3.464 AX44Q145
4437.07 607.01314 2.579 -4.561 7.724 0810Qd0345
4437.078 24.0 3.119 -7.81 "" ""
4437.092 28.1 6.99 -4.65 "" ""
4437.094 76.0 1.907 -1.64 "" ""
4437.14 106.00113 1.606 -1.371 3.464 AX44Q155
4437.143 42.0 1.334 -2.71 "" ""
4437.157 26.0 4.28 -2.47 "" ""
4437.178 106.00113 1.606 -3.621 3.464 AX44P155
4437.267 79.0 5.721 -0.64 "" ""
4437.273 22.0 3.282 -4.15 "" ""
4437.277 106.00113 1.563 -3.852 3.464 AX55R045
4437.315 24.0 3.11 -4.57 "" ""
4437.336 23.1 6.659 -4.67 "" ""
4437.34 39.0 1.373 -0.82 "" ""
4437.341 106.00112 0.46 -5.319 3.464 BX01P075
4437.348 607.01314 1.918 -1.268 7.724 0507Ra0345
4437.363 25.0 3.761 -4.35 "" ""
4437.38 106.00113 1.563 -3.837 3.464 AX55R045
4437.393 69.1 2.764 -0.24 "" ""
4437.409 23.0 1.858 -3.34 "" ""
4437.45 64.1 1.371 -1.46 LAWLER ""
4437.464 607.01314 1.918 -1.28 7.724 0507Rb0335
4437.505 607.01314 1.918 -4.647 7.724 0507Qd0345
4437.537 20.0 5.979 -3.8 "" ""
4437.563 28.0 3.676 -1.24 "" ""
4437.608 58.1 0.822 -0.82 "" ""
4437.639 20.0 6.035 -3.62 "" ""
4437.643 20.0 5.979 -3.22 "" ""
4437.652 106.00113 0.596 -2.763 3.464 BX01P115
4437.663 68.0 1.332 0.18 "" ""
4437.676 607.01314 2.088 -1.272 7.724 0608Ra0305
4437.684 26.0 2.69 -3.42 "" ""
4437.697 607.01314 2.088 -1.285 7.724 0608Rb0295
4437.718 106.00113 0.596 -7.786 3.464 BX01Q115
4437.733 607.01314 2.088 -4.548 7.724 0608Qd0305
4437.801 23.0051 0.286 -2.516 LAWLER ""
4437.802 23.0051 0.286 -2.236 LAWLER ""
4437.804 23.0051 0.286 -2.516 LAWLER ""
4437.804 23.0051 0.286 -3.537 LAWLER ""
4437.805 23.0051 0.286 -2.098 LAWLER ""
4437.807 23.0051 0.286 -2.838 LAWLER ""
4437.809 23.0051 0.286 -2.236 LAWLER ""
4437.81 23.0051 0.286 -2.032 LAWLER ""
4437.813 23.0051 0.286 -2.391 LAWLER ""
4437.815 23.0051 0.286 -2.098 LAWLER ""
4437.816 23.0051 0.286 -2.026 LAWLER ""
4437.82 23.0051 0.286 -2.06 LAWLER ""
4437.823 23.0051 0.286 -2.032 LAWLER ""
4437.825 23.0051 0.286 -2.09 LAWLER ""
4437.829 23.0051 0.286 -1.797 LAWLER ""
4437.833 23.0051 0.286 -2.026 LAWLER ""
4437.835 23.0051 0.286 -2.294 LAWLER ""
4437.84 23.0051 0.286 -1.578 LAWLER ""
4437.844 23.0051 0.286 -2.09 LAWLER ""
4437.846 607.01314 2.296 -1.257 7.724 0709Ra0295
4437.853 23.0051 0.286 -1.391 LAWLER ""
4437.858 23.0051 0.286 -2.294 LAWLER ""
4437.874 27.0 3.772 -1.39 "" ""
4437.9 106.00113 0.596 -2.72 3.464 BX01P125
4437.915 41.0 2.165 -0.67 "" ""
4437.932 607.01314 2.296 -1.271 7.724 0709Rb0285
4437.952 106.00112 1.598 -4.041 3.464 AX55R065
4437.964 607.01314 2.296 -4.507 7.724 0709Qd0295
4438.029 106.00113 1.503 -1.43 3.464 AX22P235
4438.035 40.0 0.542 -1.52 "" ""
4438.039 38.0 1.846 -0.96 "" ""
4438.041 72.0 0.684 -1.25 "" ""
4438.049 106.00112 1.832 -4.562 3.464 AX55R145
4438.079 20.0 5.317 -1.68 "" ""
4438.08 24.0 3.823 -3.14 "" ""
4438.106 106.00113 1.503 -3.735 3.464 AX22Q225
4438.118 23.0 1.852 -2.2 "" ""
4438.158 24.0 3.32 -1.7 "" ""
4438.175 24.0 2.707 -4.37 "" ""
4438.183 106.00113 1.341 -2.161 3.464 AX44P065
4438.186 106.00112 1.598 -4.021 3.464 AX55R065
4438.201 607.01314 2.565 -1.192 7.724 0810Ra0335
4438.222 22.0 2.248 -0.84 LAWLER ""
4438.222 22.0 3.145 -2.92 "" ""
4438.223 106.00113 1.503 -1.443 3.464 AX22P225
4438.229 24.0 3.11 -2.35 "" ""
4438.232 607.01314 2.565 -1.204 7.724 0810Rb0325
4438.25 64.1 0.662 -0.82 LAWLER ""
4438.267 106.00113 1.341 -3.332 3.464 AX44Q065
4438.267 607.01314 2.565 -4.548 7.724 0810Qd0335
4438.281 74.0 2.351 -0.84 "" ""
4438.286 26.0 4.309 -3.52 "" ""
4438.343 26.0 3.684 -1.63 "" ""
4438.452 106.00113 1.607 -3.617 3.464 AX44R145
4438.489 106.00113 1.607 -1.371 3.464 AX44Q155
4438.494 106.00113 1.607 -1.388 3.464 AX44Q145
4438.516 26.0 3.879 -1.96 "" ""
4438.531 106.00113 1.607 -3.604 3.464 AX44P155
4438.55 106.00113 1.341 -2.161 3.464 AX44P065
4438.557 106.00113 1.341 -2.095 3.464 AX44P075
4438.609 68.1 1.368 -2.7 LAWLER ""
4438.629 26.0 4.28 -3.33 "" ""
4438.634 106.00113 1.341 -3.345 3.464 AX44Q065
4438.652 106.00113 1.908 -11.628 3.464 CX15P165
4438.809 26.0 4.281 -3.53 "" ""
4438.884 106.00113 1.341 -2.096 3.464 AX44P075
