wavelength species excitation loggf disassociation_energy comment
4318.291 106.00112 2.06 -6.327 3.464 CX15R195
4318.294 90.1 1.188 -1.18 "" ""
4318.31 607.01314 3.446 -2.356 7.724 1415Pb0165
4318.321 26.0 4.188 -2.33 "" ""
4318.337 28.0 4.102 -1.25 "" ""
4318.341 106.00112 1.056 -3.17 3.464 AX33Q075
4318.375 106.00112 1.056 -1.715 3.464 AX33R075
4318.396 69.0 2.182 0.29 "" ""
4318.418 106.00112 2.06 -10.624 3.464 CX15Q195
4318.43 106.00112 2.06 -6.336 3.464 CX15R185
4318.432 22.0 3.168 -1.89 "" ""
4318.438 44.0 1.122 -1.0 "" ""
4318.444 20.0 6.036 -3.48 "" ""
4318.451 607.01314 3.446 -5.135 7.724 1415Qc0165
4318.504 607.01314 3.446 -2.335 7.724 1415Pa0175
4318.53 25.1 5.394 -2.52 "" ""
4318.545 42.0 3.221 -1.61 "" ""
4318.555 106.00112 1.456 -4.216 3.464 AX44R115
4318.56 22.0 3.152 -2.33 "" ""
4318.561 24.0 3.847 -2.41 "" ""
4318.568 24.0 4.096 -1.85 "" ""
4318.586 106.00112 1.755 -4.464 3.464 AX44R185
4318.589 75.0 3.409 0.09 "" ""
4318.632 22.0 2.254 0.34 LAWLER ""
4318.652 20.0 1.899 -0.21 LAWLER ""
4318.679 607.01214 3.562 -2.508 7.724 1415Ra0235
4318.68 607.01214 3.562 -2.51 7.724 1415Rb0225
4318.692 607.01214 3.553 -2.51 7.724 1415Ra0225
4318.693 607.01214 3.553 -2.514 7.724 1415Rb0215
4318.695 607.01214 3.562 -5.514 7.724 1415Qd0235
4318.696 607.01214 3.571 -2.508 7.724 1415Ra0245
4318.697 24.1 3.884 -3.65 "" ""
4318.697 607.01214 3.571 -2.508 7.724 1415Rb0235
4318.707 607.01214 3.553 -5.483 7.724 1415Qd0225
4318.713 607.01214 3.571 -5.544 7.724 1415Qd0245
4318.735 607.01214 3.544 -2.514 7.724 1415Ra0215
4318.736 607.01214 3.544 -2.52 7.724 1415Rb0205
4318.745 607.01214 3.581 -2.508 7.724 1415Rb0245
4318.75 607.01214 3.544 -5.452 7.724 1415Qd0215
4318.751 38.0 1.769 -0.44 "" ""
4318.762 607.01214 3.581 -5.575 7.724 1415Qd0255
4318.805 26.0 2.586 -5.67 "" ""
4318.807 607.01214 3.535 -2.52 7.724 1415Ra0205
4318.808 607.01214 3.535 -2.527 7.724 1415Rb0195
4318.813 73.0 1.594 -1.24 "" ""
4318.821 607.01214 3.535 -5.421 7.724 1415Qd0205
4318.828 65.0 0.0 0.16 "" ""
4318.908 607.01214 3.527 -2.527 7.724 1415Ra0195
4318.908 607.01214 3.527 -2.536 7.724 1415Rb0185
4318.921 607.01214 3.527 -5.389 7.724 1415Qd0195
4318.93 62.1 0.277 -0.25 LAWLER ""
4318.937 26.0 4.175 -2.43 "" ""
4318.954 106.00112 0.349 -5.1 3.464 BX01R025
4318.965 106.00112 1.755 -5.246 3.464 AX54P175
4318.975 106.00113 1.855 -4.621 3.464 AX44R205
4319.036 607.01214 3.52 -2.536 7.724 1415Ra0185
4319.037 607.01214 3.52 -2.546 7.724 1415Rb0175
4319.049 607.01214 3.52 -5.357 7.724 1415Qd0185
4319.059 40.0 0.154 -1.92 "" ""
4319.089 23.0 2.579 -2.48 "" ""
4319.091 22.0 2.295 -5.28 "" ""
4319.091 23.1 6.161 -4.76 "" ""
4319.097 90.1 1.888 -1.08 "" ""
4319.192 607.01214 3.513 -2.546 7.724 1415Ra0175
4319.193 607.01214 3.513 -2.559 7.724 1415Rb0165
4319.204 607.01214 3.513 -5.324 7.724 1415Qd0175
4319.227 23.0 2.357 -5.54 "" ""
4319.254 24.0 3.11 -2.4 "" ""
4319.292 106.00112 1.456 -4.181 3.464 AX44R115
4319.305 22.0 2.015 -2.59 "" ""
4319.311 24.0 3.085 -1.86 "" ""
4319.321 22.1 5.212 -3.6 "" ""
4319.339 15.0 6.98 -3.5 "" ""
4319.357 22.0 2.576 -4.85 "" ""
4319.375 607.01214 3.506 -2.559 7.724 1415Ra0165
4319.376 607.01214 3.506 -2.574 7.724 1415Rb0155
4319.386 607.01214 3.506 -5.291 7.724 1415Qd0165
4319.394 607.01314 3.453 -2.335 7.724 1415Pb0175
4319.44 26.0 2.607 -3.61 "" ""
4319.457 22.0 1.738 -2.43 "" ""
4319.5 42.0 2.756 -1.92 "" ""
4319.522 62.0 0.185 -0.21 "" ""
4319.524 75.0 1.811 -1.67 "" ""
4319.554 607.01314 3.453 -5.167 7.724 1415Qc0175
4319.56 60.1 0.38 -1.94 LAWLER ""
4319.584 607.01214 3.499 -2.574 7.724 1415Ra0155
4319.585 607.01214 3.499 -2.591 7.724 1415Rb0145
4319.595 607.01214 3.499 -5.256 7.724 1415Qd0155
4319.61 607.01314 3.453 -2.317 7.724 1415Pa0185
4319.63 24.0 2.887 -1.14 SOBECK ""
4319.693 24.0 3.889 -0.72 "" ""
4319.715 106.00113 0.976 -3.435 3.464 AX33R025
4319.726 22.0 2.47 -3.71 "" ""
4319.734 106.00113 0.976 -3.425 3.464 AX33R025
4319.77 92.1 0.284 -2.14 "" ""
4319.819 607.01214 3.493 -2.591 7.724 1415Ra0145
4319.82 607.01214 3.493 -2.61 7.724 1415Rb0135
4319.829 607.01214 3.493 -5.22 7.724 1415Qd0145
4319.869 44.0 0.997 -0.87 "" ""
4319.906 22.0 2.479 -3.04 "" ""
4319.924 23.0 1.871 -1.94 LAWNOHFS ""
4319.937 68.1 1.7 -0.28 "" ""
4319.95 22.1 4.959 -3.91 "" ""
4319.951 106.00113 1.42 -4.169 3.464 AX44R105
4320.011 106.00112 1.846 -1.473 3.464 AX33R245
4320.014 106.00112 0.979 -3.435 3.464 AX33R025
4320.039 106.00112 0.979 -3.425 3.464 AX33R025
4320.072 106.00112 1.846 -1.461 3.464 AX33R235
4320.079 607.01214 3.488 -2.61 7.724 1415Ra0135
4320.08 607.01214 3.488 -2.632 7.724 1415Rb0125
4320.089 607.01214 3.488 -5.183 7.724 1415Qd0135
4320.127 90.1 0.556 -1.7 "" ""
4320.128 26.0 4.383 -3.08 "" ""
4320.142 106.00112 1.846 -3.8 3.464 AX33Q245
4320.144 25.0 4.341 -1.61 "" ""
4320.144 25.0 4.341 -2.31 "" ""
4320.165 24.0 3.077 -2.75 "" ""
4320.192 25.0 4.824 -1.38 "" ""
4320.204 106.00113 1.649 -14.926 3.464 CX04R165
4320.251 42.0 2.932 -2.13 "" ""
4320.262 23.0 1.891 -1.48 LAWNOHFS ""
4320.272 22.0 3.137 -4.15 "" ""
4320.358 22.0 3.184 -4.2 "" ""
4320.361 26.0 3.394 -2.26 "" ""
4320.365 607.01214 3.482 -2.632 7.724 1415Ra0125
4320.366 607.01214 3.482 -2.657 7.724 1415Rb0115
4320.374 607.01214 3.482 -5.145 7.724 1415Qd0125
4320.383 27.0 3.663 -1.02 "" ""
4320.429 15.0 6.949 -3.0 "" ""
4320.486 26.0 3.414 -2.2 "" ""
4320.496 106.00113 1.91 -12.858 3.464 CX04Q215
4320.517 26.0 4.431 -2.86 "" ""
4320.517 64.0 0.88 0.24 "" ""
4320.556 607.01314 3.46 -2.317 7.724 1415Pb0185
4320.56 106.00113 1.42 -4.136 3.464 AX44R105
4320.573 24.0 2.911 -1.99 SOBECK ""
4320.583 44.0 2.118 -1.04 "" ""
4320.594 90.1 1.598 -0.88 "" ""
4320.602 24.0 2.911 -1.82 "" ""
4320.62 21.0 2.108 -1.92 "" ""
4320.655 27.0 3.968 -3.3 "" ""
4320.675 607.01214 3.478 -2.657 7.724 1415Ra0115
4320.676 607.01214 3.478 -2.685 7.724 1415Rb0105
4320.682 72.1 2.152 -0.64 "" ""
4320.683 607.01214 3.478 -5.104 7.724 1415Qd0115
4320.719 58.1 0.459 -0.39 LAWLER ""
4320.725 21.1045 0.605 -2.62 LAWHFS ""
4320.727 21.1045 0.605 -2.2 LAWHFS ""
4320.728 21.1045 0.605 -1.97 LAWHFS ""
4320.729 21.1045 0.605 -1.62 LAWHFS ""
4320.729 21.1045 0.605 -1.73 LAWHFS ""
4320.729 21.1045 0.605 -1.82 LAWHFS ""
4320.73 21.1045 0.605 -1.41 LAWHFS ""
4320.73 21.1045 0.605 -1.44 LAWHFS ""
4320.73 21.1045 0.605 -1.47 LAWHFS ""
4320.73 21.1045 0.605 -1.65 LAWHFS ""
4320.732 21.1045 0.605 -1.95 LAWHFS ""
4320.733 21.1045 0.605 -1.26 LAWHFS ""
4320.733 21.1045 0.605 -1.53 LAWHFS ""
4320.734 21.1045 0.605 -0.88 LAWHFS ""
4320.734 21.1045 0.605 -1.05 LAWHFS ""
4320.736 607.01314 3.46 -5.198 7.724 1415Qc0185
4320.796 607.01314 3.46 -2.3 7.724 1415Pa0195
4320.904 23.0 3.313 -3.78 "" ""
4320.915 23.0 2.136 -2.86 "" ""
4320.938 106.00113 1.837 -1.474 3.464 AX33R245
4320.95 22.1 1.164 -1.88 LAWLER ""
4320.986 25.0 4.329 -3.27 "" ""
4321.01 607.01214 3.473 -2.685 7.724 1415Ra0105
4321.01 607.01214 3.473 -2.718 7.724 1415Rb0095
4321.017 607.01214 3.473 -5.06 7.724 1415Qd0105
4321.019 90.1 0.51 -2.73 Nils02/9 ""
4321.059 106.00113 0.487 -2.913 3.464 BX01R085
4321.062 106.00113 1.856 -4.563 3.464 AX44R205
4321.065 106.00113 1.031 -1.822 3.464 AX33R055
4321.1 64.1 0.601 -0.92 LAWLER ""
4321.141 40.0 0.154 -1.92 "" ""
4321.189 106.00113 1.837 -3.762 3.464 AX33Q245
4321.19 25.0 3.376 -4.71 "" ""
4321.197 106.00113 1.911 -7.51 3.464 CX04R205
4321.201 64.0 0.213 -0.28 "" ""
4321.218 106.00113 0.52 -2.842 3.464 BX01R095
4321.235 24.0 2.87 -1.54 "" ""
4321.244 106.00113 1.91 -7.212 3.464 CX04R215
4321.263 106.00113 1.837 -1.462 3.464 AX33R235
4321.302 106.00113 0.488 -7.244 3.464 BX01Q095
4321.302 44.0 1.124 -2.06 "" ""
4321.315 28.0 3.793 -2.6 "" ""
4321.341 106.00113 1.031 -1.822 3.464 AX33R055
4321.342 106.00113 0.488 -2.842 3.464 BX01R095
4321.368 607.01214 3.469 -2.718 7.724 1415Ra0095
4321.369 607.01214 3.469 -2.754 7.724 1415Rb0085
4321.375 607.01214 3.469 -5.014 7.724 1415Qd0095
4321.401 11.0 2.101 -2.21 "" ""
4321.403 106.00112 1.034 -1.822 3.464 AX33R055
4321.41 106.00113 1.031 -3.116 3.464 AX33Q065
4321.442 106.00113 0.52 -7.289 3.464 BX01Q105
4321.451 24.0 2.98 -1.29 "" ""
4321.46 106.00113 1.031 -1.758 3.464 AX33R065
4321.471 24.0 4.613 -1.43 "" ""
4321.48 41.1 1.93 -1.2 Nilsson10 ""
4321.496 106.00113 0.52 -2.777 3.464 BX01R105
4321.51 24.0 3.963 -0.84 "" ""
4321.518 22.0 2.332 -2.24 "" ""
4321.52 106.00113 0.458 -2.99 3.464 BX01R075
4321.614 24.0 3.119 -1.28 "" ""
4321.617 20.0 5.96 -4.06 "" ""
4321.618 28.0 3.895 -2.1 "" ""
4321.647 23.0 2.129 -2.71 "" ""
4321.652 22.0 2.235 0.09 LAWLER ""
4321.654 106.00113 1.032 -3.105 3.464 AX33Q065
4321.68 106.00112 1.034 -1.822 3.464 AX33R055
4321.705 106.00113 1.032 -1.758 3.464 AX33R065
4321.749 106.00112 1.034 -3.116 3.464 AX33Q065
4321.75 607.01214 3.466 -2.754 7.724 1415Ra0085
4321.751 607.01214 3.466 -2.797 7.724 1415Rb0075
4321.756 607.01214 3.466 -4.963 7.724 1415Qd0085
4321.762 42.0 3.263 -0.91 "" ""
4321.771 22.0 2.159 -1.38 LAWLER ""
4321.805 106.00112 1.034 -1.758 3.464 AX33R065
4321.805 106.00113 0.458 -7.179 3.464 BX01Q085
4321.809 607.01314 3.468 -2.3 7.724 1415Pb0195
4321.815 106.00112 1.806 -4.566 3.464 AX44R195
4321.822 20.0 4.765 -1.81 "" ""
4321.85 106.00113 0.458 -2.913 3.464 BX01R085
4321.924 6.0 7.94 -2.85 "" ""
4321.965 42.0 2.079 -1.65 "" ""
4321.991 106.00112 1.035 -3.105 3.464 AX33Q065
4322.002 23.0 1.194 -5.66 "" ""
4322.004 26.0 4.206 -4.51 "" ""
4322.013 607.01314 3.468 -5.229 7.724 1415Qc0195
4322.023 23.1 1.678 -2.82 "" ""
4322.045 106.00112 1.035 -1.758 3.464 AX33R065
4322.067 106.00113 0.556 -2.777 3.464 BX01R105
4322.075 607.01314 3.468 -2.285 7.724 1415Pa0205
4322.114 22.0 2.173 -1.52 LAWLER ""
4322.148 23.0 2.563 -1.97 "" ""
4322.156 607.01214 3.462 -2.797 7.724 1415Ra0075
4322.156 607.01214 3.462 -2.846 7.724 1415Rb0065
4322.161 607.01214 3.462 -4.908 7.724 1415Qd0075
4322.19 64.1 0.382 -1.36 LAWLER ""
4322.276 106.00113 0.556 -7.317 3.464 BX01Q115
4322.318 27.0 3.684 -3.27 "" ""
4322.324 106.00113 0.556 -2.715 3.464 BX01R115
4322.325 23.0 2.377 -1.12 "" ""
4322.451 106.00112 1.424 -4.168 3.464 AX44R105
4322.46 57.1139 0.173 -2.599 Lawle01HFS ""
4322.462 57.1139 0.173 -2.298 Lawle01HFS ""
4322.464 42.0 2.068 -2.22 "" ""
4322.464 57.1139 0.173 -2.377 Lawle01HFS ""
4322.471 57.1139 0.173 -2.181 Lawle01HFS ""
4322.474 57.1139 0.173 -2.115 Lawle01HFS ""
4322.477 57.1139 0.173 -2.474 Lawle01HFS ""
4322.487 57.1139 0.173 -1.91 Lawle01HFS ""
4322.491 57.1139 0.173 -2.056 Lawle01HFS ""
4322.495 57.1139 0.173 -2.62 Lawle01HFS ""
4322.508 57.1139 0.173 -1.703 Lawle01HFS ""
4322.513 57.1139 0.173 -2.09 Lawle01HFS ""
4322.518 57.1139 0.173 -2.854 Lawle01HFS ""
4322.526 22.0 0.848 -4.36 "" ""
4322.53 66.1 1.65 -0.82 LAWLER ""
4322.532 106.00112 0.489 -2.913 3.464 BX01R085
4322.534 22.0 2.316 -4.58 "" ""
4322.534 57.1139 0.173 -1.532 Lawle01HFS ""
4322.54 57.1139 0.173 -2.272 Lawle01HFS ""
4322.546 57.1139 0.173 -3.272 Lawle01HFS ""
4322.573 106.00113 0.431 -3.075 3.464 BX01R065
4322.584 607.01214 3.46 -2.846 7.724 1415Ra0065
4322.585 607.01214 3.46 -2.903 7.724 1415Rb0055
4322.589 607.01214 3.46 -4.846 7.724 1415Qd0065
4322.676 6.0 7.94 -3.9 "" ""
4322.694 26.0 2.607 -5.13 "" ""
4322.701 25.0 4.35 -2.49 "" ""
4322.703 106.00112 0.522 -2.842 3.464 BX01R095
4322.732 106.00113 0.835 -1.401 3.464 AX22Q095
4322.734 106.00113 0.87 -3.321 3.464 AX22R105
4322.74 106.00113 0.835 -3.28 3.464 AX22R095
4322.751 106.00113 0.87 -1.36 3.464 AX22Q105
4322.765 106.00113 1.8 -5.179 3.464 AX54P185
4322.77 106.00113 0.669 -2.498 3.464 AX22Q015
4322.77 106.00113 0.804 -1.448 3.464 AX22Q085
4322.781 106.00112 0.489 -7.243 3.464 BX01Q095
4322.787 106.00113 0.908 -3.358 3.464 AX22R115
4322.788 58.1 1.091 -0.28 BIEMONT ""
4322.789 106.00113 0.804 -3.235 3.464 AX22R085
4322.803 26.0 2.829 -3.63 "" ""
4322.809 106.00113 0.908 -1.323 3.464 AX22Q115
4322.816 106.00113 0.669 -2.496 3.464 AX22Q015
4322.823 26.0 4.59 -2.22 "" ""
4322.828 106.00113 0.775 -1.502 3.464 AX22Q075
4322.834 106.00112 0.489 -2.842 3.464 BX01R095
4322.846 20.0 4.76 -1.55 "" ""
4322.867 106.00113 0.775 -3.185 3.464 AX22R075
4322.902 106.00113 0.431 -7.092 3.464 BX01Q075
4322.908 106.00113 0.75 -1.565 3.464 AX22Q065
4322.918 106.00113 0.948 -3.393 3.464 AX22R125
4322.924 106.00113 0.87 -1.323 3.464 AX22Q115
4322.926 106.00112 0.522 -7.288 3.464 BX01Q105
4322.934 106.00113 0.87 -3.374 3.464 AX22P115
4322.935 106.00113 0.431 -2.989 3.464 BX01R075
4322.941 28.0 3.417 -4.72 "" ""
4322.949 106.00113 0.835 -1.361 3.464 AX22Q105
4322.949 106.00113 0.835 -3.335 3.464 AX22P105
4322.951 106.00113 0.948 -1.289 3.464 AX22Q125
4322.955 25.0 4.35 -4.13 "" ""
4322.958 106.00113 0.908 -1.29 3.464 AX22Q125
4322.959 106.00113 0.75 -3.129 3.464 AX22R065
4322.962 22.0 2.331 -2.48 "" ""
4322.967 44.0 3.122 -0.14 "" ""
4322.977 106.00113 0.727 -1.641 3.464 AX22Q055
4322.979 106.00112 1.848 -1.473 3.464 AX33R245
4322.98 106.00113 0.908 -3.41 3.464 AX22P125
4322.982 106.00112 0.671 -2.498 3.464 AX22Q015
4322.982 106.00112 0.838 -1.401 3.464 AX22Q095
4322.984 106.00112 0.522 -2.776 3.464 BX01R105
4322.984 106.00112 0.838 -3.28 3.464 AX22R095
4322.988 106.00112 0.873 -3.321 3.464 AX22R105
4322.997 56.0 1.566 -0.67 "" ""
4322.999 106.00112 0.459 -2.989 3.464 BX01R075
4322.999 106.00112 0.873 -1.36 3.464 AX22Q105
4323.002 106.00113 0.679 -2.066 3.464 AX22Q025
4323.008 106.00112 0.806 -1.448 3.464 AX22Q085
4323.011 106.00113 0.804 -3.293 3.464 AX22P095
4323.019 106.00112 0.671 -2.496 3.464 AX22Q015
4323.024 106.00112 0.806 -3.235 3.464 AX22R085
4323.028 106.00113 0.804 -1.402 3.464 AX22Q095
4323.03 106.00113 0.708 -1.737 3.464 AX22Q045
4323.036 607.01214 3.457 -2.903 7.724 1415Ra0055
4323.036 607.01214 3.457 -2.972 7.724 1415Rb0045
4323.04 607.01214 3.457 -4.775 7.724 1415Qd0055
4323.052 106.00112 0.911 -3.358 3.464 AX22R115
4323.054 106.00113 0.692 -1.867 3.464 AX22Q035
4323.054 106.00113 0.727 -3.066 3.464 AX22R055
4323.057 106.00112 0.778 -1.501 3.464 AX22Q075
4323.066 25.0 3.376 -5.23 "" ""
4323.068 106.00112 1.424 -4.136 3.464 AX44R105
4323.073 106.00113 0.948 -1.259 3.464 AX22Q135
4323.075 106.00112 0.911 -1.323 3.464 AX22Q115
4323.08 106.00113 0.669 -2.641 3.464 AX22R015
4323.085 106.00113 0.679 -2.065 3.464 AX22Q025
4323.095 106.00112 0.778 -3.185 3.464 AX22R075
4323.097 20.0 4.776 -1.88 "" ""
4323.104 106.00113 0.775 -3.247 3.464 AX22P085
4323.106 106.00113 0.948 -3.444 3.464 AX22P135
4323.11 106.00112 1.848 -3.762 3.464 AX33Q245
4323.13 106.00113 0.669 -2.645 3.464 AX22R015
4323.132 106.00112 0.752 -1.565 3.464 AX22Q065
4323.135 26.0 4.47 -2.34 "" ""
4323.139 106.00113 0.708 -2.992 3.464 AX22R045
4323.139 106.00113 0.775 -1.449 3.464 AX22Q085
4323.147 106.00113 0.992 -3.425 3.464 AX22R135
4323.159 106.00112 1.848 -1.462 3.464 AX33R235
4323.172 607.01314 3.476 -2.285 7.724 1415Pb0205
4323.18 106.00112 0.873 -1.323 3.464 AX22Q115
4323.182 106.00112 0.752 -3.129 3.464 AX22R065
4323.191 106.00112 0.873 -3.374 3.464 AX22P115
4323.191 106.00113 0.992 -1.259 3.464 AX22Q135
4323.192 106.00113 0.692 -1.866 3.464 AX22Q035
4323.195 106.00112 0.952 -3.392 3.464 AX22R125
4323.196 106.00112 0.838 -3.335 3.464 AX22P105
4323.198 106.00112 0.838 -1.36 3.464 AX22Q105
4323.198 106.00113 0.692 -2.903 3.464 AX22R035
4323.204 106.00113 0.679 -2.792 3.464 AX22R025
4323.21 106.00112 0.681 -2.066 3.464 AX22Q025
4323.21 106.00112 0.729 -1.641 3.464 AX22Q055
4323.218 106.00113 0.75 -3.196 3.464 AX22P075
4323.226 106.00112 0.911 -1.289 3.464 AX22Q125
4323.228 106.00112 0.952 -1.289 3.464 AX22Q125
4323.236 106.00113 0.708 -1.736 3.464 AX22Q045
4323.248 106.00112 0.911 -3.41 3.464 AX22P125
4323.249 106.00112 0.806 -3.293 3.464 AX22P095
4323.255 106.00112 0.71 -1.737 3.464 AX22Q045
4323.262 106.00113 0.727 -1.641 3.464 AX22Q055
4323.265 106.00112 0.806 -1.402 3.464 AX22Q095
4323.267 106.00112 0.694 -1.867 3.464 AX22Q035
4323.273 106.00112 0.729 -3.066 3.464 AX22R055
4323.277 106.00113 0.75 -1.504 3.464 AX22Q075
4323.284 106.00112 0.459 -7.179 3.464 BX01Q085
4323.286 106.00112 0.671 -2.641 3.464 AX22R015
4323.287 106.00113 0.679 -2.797 3.464 AX22R025
4323.288 106.00113 0.992 -1.231 3.464 AX22Q145
4323.29 62.1 0.104 -0.92 LAWLER ""
4323.291 106.00113 0.75 -1.564 3.464 AX22Q065
4323.293 106.00112 0.681 -2.065 3.464 AX22Q025
4323.319 106.00113 0.775 -1.501 3.464 AX22Q075
4323.33 106.00112 0.671 -2.645 3.464 AX22R015
4323.332 106.00113 0.992 -3.475 3.464 AX22P145
4323.333 106.00112 0.459 -2.912 3.464 BX01R085
4323.335 106.00112 0.778 -3.247 3.464 AX22P085
4323.336 106.00113 0.692 -2.909 3.464 AX22R035
4323.338 106.00113 0.75 -3.139 3.464 AX22R065
4323.341 106.00113 0.727 -3.074 3.464 AX22R055
4323.343 106.00113 0.727 -3.14 3.464 AX22P065
4323.346 106.00113 0.708 -2.999 3.464 AX22R045
4323.349 106.00113 0.775 -3.196 3.464 AX22R075
4323.353 106.00112 0.952 -1.259 3.464 AX22Q135
4323.355 106.00112 0.71 -2.992 3.464 AX22R045
4323.356 22.0 2.316 -3.98 "" ""
4323.358 26.0 2.452 -3.96 "" ""
4323.361 106.00113 0.804 -1.448 3.464 AX22Q085
4323.368 106.00112 0.778 -1.449 3.464 AX22Q085
4323.386 106.00112 0.952 -3.444 3.464 AX22P135
4323.386 106.00113 0.804 -3.247 3.464 AX22R085
4323.398 74.1 3.123 -1.09 "" ""
4323.401 26.0 4.206 -4.16 "" ""
4323.401 607.01314 3.476 -5.259 7.724 1415Qc0205
4323.404 23.0 2.33 -2.06 "" ""
4323.409 106.00112 0.694 -1.866 3.464 AX22Q035
4323.412 106.00112 0.681 -2.792 3.464 AX22R025
4323.412 106.00112 0.694 -2.903 3.464 AX22R035
4323.421 106.00113 0.727 -1.568 3.464 AX22Q065
4323.434 22.0 1.066 -1.78 "" ""
4323.437 106.00112 0.995 -3.425 3.464 AX22R135
4323.443 24.0 4.614 -1.19 "" ""
4323.444 106.00112 0.752 -3.196 3.464 AX22P075
4323.461 106.00113 0.836 -1.401 3.464 AX22Q095
4323.461 106.00113 0.836 -3.293 3.464 AX22R095
4323.462 41.0 1.156 -1.55 "" ""
4323.463 106.00112 0.71 -1.736 3.464 AX22Q045
4323.467 607.01314 3.476 -2.271 7.724 1415Pa0215
4323.471 106.00113 0.708 -3.077 3.464 AX22P055
4323.479 106.00112 0.995 -1.258 3.464 AX22Q135
4323.497 106.00112 0.752 -1.504 3.464 AX22Q075
4323.498 106.00112 0.73 -1.64 3.464 AX22Q055
4323.499 106.00113 1.038 -3.455 3.464 AX22R145
4323.506 106.00112 0.681 -2.797 3.464 AX22R025
4323.509 23.0 1.858 -2.15 LAWNOHFS ""
4323.51 607.01214 3.455 -2.972 7.724 1415Ra0045
4323.51 607.01214 3.455 -3.057 7.724 1415Rb0035
4323.513 607.01214 3.455 -4.692 7.724 1415Qd0045
4323.515 106.00112 0.752 -1.564 3.464 AX22Q065
4323.54 106.00113 0.776 -3.238 3.464 AX22P085
4323.55 59.1 0.629 -0.61 LINOHFS ""
4323.551 106.00112 0.778 -1.501 3.464 AX22Q075
4323.552 106.00113 1.038 -1.231 3.464 AX22Q145
4323.553 106.00112 0.694 -2.909 3.464 AX22R035
4323.554 68.1 0.891 -3.12 LAWLER ""
4323.556 106.00113 0.75 -3.188 3.464 AX22P075
4323.556 106.00113 0.804 -3.283 3.464 AX22P095
4323.563 106.00112 0.73 -3.074 3.464 AX22R055
4323.565 106.00112 0.73 -3.14 3.464 AX22P065
4323.565 106.00112 0.752 -3.139 3.464 AX22R065
4323.569 106.00112 0.71 -2.999 3.464 AX22R045
4323.569 106.00113 0.776 -1.45 3.464 AX22Q085
4323.571 106.00113 0.804 -1.402 3.464 AX22Q095
4323.573 106.00112 0.559 -2.777 3.464 BX01R105
4323.578 106.00113 0.708 -1.647 3.464 AX22Q055
4323.581 106.00112 0.995 -1.231 3.464 AX22Q145
4323.583 106.00112 0.778 -3.196 3.464 AX22R075
4323.589 106.00113 0.871 -3.335 3.464 AX22R105
4323.594 106.00113 0.728 -3.133 3.464 AX22P065
4323.597 106.00113 0.692 -3.007 3.464 AX22P045
4323.603 106.00113 0.871 -1.36 3.464 AX22Q105
4323.607 106.00113 0.75 -1.504 3.464 AX22Q075
4323.612 106.00112 0.807 -1.448 3.464 AX22Q085
4323.614 106.00113 0.836 -1.361 3.464 AX22Q105
4323.614 106.00113 0.836 -3.324 3.464 AX22P105
4323.623 106.00112 0.995 -3.475 3.464 AX22P145
4323.626 106.00113 1.038 -1.205 3.464 AX22Q155
4323.628 106.00112 0.807 -3.247 3.464 AX22R085
4323.641 106.00112 0.73 -1.568 3.464 AX22Q065
4323.641 40.1 2.488 -1.5 "" ""
4323.647 106.00113 0.708 -3.072 3.464 AX22P055
4323.671 106.00113 0.728 -1.569 3.464 AX22Q065
4323.68 106.00113 1.038 -3.505 3.464 AX22P155
4323.686 26.0 4.253 -3.83 "" ""
4323.69 106.00112 0.71 -3.077 3.464 AX22P055
4323.69 106.00113 0.596 -2.715 3.464 BX01R115
4323.694 106.00113 1.015 -6.119 3.464 BX11P205
4323.694 27.0 2.875 -4.12 "" ""
4323.698 28.0 3.396 -4.4 "" ""
4323.705 106.00113 1.015 -2.56 3.464 BX11Q195
4323.709 106.00113 0.679 -2.934 3.464 AX22P035
4323.71 106.00113 0.692 -3.003 3.464 AX22P045
4323.712 106.00112 0.839 -1.401 3.464 AX22Q095
4323.714 106.00112 0.839 -3.293 3.464 AX22R095
4323.715 106.00113 0.871 -1.323 3.464 AX22Q115
4323.728 106.00113 0.871 -3.362 3.464 AX22P115
4323.742 106.00113 0.692 -1.749 3.464 AX22Q045
4323.754 106.00113 0.708 -1.648 3.464 AX22Q055
4323.763 27.0 3.684 -3.14 "" ""
4323.765 24.0 2.965 -3.78 "" ""
4323.77 66.1 2.11 -0.94 LAWLER ""
4323.773 106.00112 0.559 -7.317 3.464 BX01Q115
4323.774 106.00112 1.807 -4.51 3.464 AX44R195
4323.775 106.00112 0.778 -3.238 3.464 AX22P085
4323.779 106.00113 1.015 -2.664 3.464 BX11Q205
4323.781 106.00113 0.679 -2.931 3.464 AX22P035
4323.784 106.00112 0.752 -3.188 3.464 AX22P075
4323.786 106.00113 0.908 -3.373 3.464 AX22R115
4323.79 106.00113 1.015 -6.322 3.464 BX11R195
4323.799 106.00112 0.71 -1.647 3.464 AX22Q055
4323.799 106.00112 0.778 -1.45 3.464 AX22Q085
4323.799 106.00112 0.807 -3.283 3.464 AX22P095
4323.8 21.0 2.134 -3.73 "" ""
4323.801 106.00112 1.042 -3.455 3.464 AX22R145
4323.812 106.00113 0.908 -1.323 3.464 AX22Q115
4323.815 106.00112 0.694 -3.007 3.464 AX22P045
4323.815 106.00112 0.807 -1.402 3.464 AX22Q095
4323.818 106.00112 0.73 -3.133 3.464 AX22P065
4323.833 106.00113 0.67 -2.889 3.464 AX22P025
4323.834 106.00112 0.559 -2.714 3.464 BX01R115
4323.834 106.00112 0.752 -1.504 3.464 AX22Q075
4323.841 20.0 4.677 -2.02 "" ""
4323.847 24.0 2.965 -1.94 "" ""
4323.851 106.00112 1.042 -1.231 3.464 AX22Q145
4323.854 106.00113 0.692 -1.749 3.464 AX22Q045
4323.855 106.00112 0.874 -3.334 3.464 AX22R105
4323.857 106.00112 0.839 -1.361 3.464 AX22Q105
4323.859 106.00113 0.67 -2.887 3.464 AX22P025
4323.866 106.00112 0.874 -1.36 3.464 AX22Q105
4323.867 106.00112 0.839 -3.324 3.464 AX22P105
4323.868 106.00112 0.71 -3.072 3.464 AX22P055
4323.869 106.00113 0.596 -7.33 3.464 BX01Q125
4323.887 106.00113 0.908 -1.29 3.464 AX22Q125
4323.899 106.00112 0.73 -1.569 3.464 AX22Q065
4323.9 59.1 0.422 -1.35 LINOHFS ""
4323.913 106.00113 0.908 -3.397 3.464 AX22P125
4323.92 106.00113 0.679 -1.892 3.464 AX22Q035
4323.927 26.0 4.217 -2.39 "" ""
4323.929 106.00112 0.694 -3.003 3.464 AX22P045
4323.931 106.00113 0.596 -2.655 3.464 BX01R125
4323.933 106.00112 1.042 -1.205 3.464 AX22Q155
4323.934 106.00112 0.681 -2.934 3.464 AX22P035
4323.957 22.0 2.304 -4.05 "" ""
4323.964 106.00112 0.694 -1.749 3.464 AX22Q045
4323.982 106.00112 0.71 -1.647 3.464 AX22Q055
4323.982 106.00112 0.874 -1.323 3.464 AX22Q115
4323.982 106.00113 0.679 -1.892 3.464 AX22Q035
4323.983 106.00112 1.042 -3.505 3.464 AX22P155
4323.993 106.00112 0.874 -3.362 3.464 AX22P115
4323.997 106.00113 1.087 -3.483 3.464 AX22R155
4324.001 106.00112 0.681 -2.931 3.464 AX22P035
4324.006 607.01214 3.454 -3.057 7.724 1415Ra0035
4324.007 607.01214 3.454 -3.165 7.724 1415Rb0025
4324.009 607.01214 3.454 -4.591 7.724 1415Qd0035
4324.027 40.0 1.778 -0.16 "" ""
4324.032 24.0 4.609 -3.23 "" ""
4324.042 26.0 4.581 -0.69 "" ""
4324.049 106.00112 0.672 -2.889 3.464 AX22P025
4324.058 106.00112 0.433 -3.075 3.464 BX01R065
4324.06 106.00113 1.087 -1.205 3.464 AX22Q155
4324.065 106.00112 0.912 -3.373 3.464 AX22R115
4324.069 106.00113 0.949 -3.409 3.464 AX22R125
4324.07 64.1 1.133 -0.69 LAWLER ""
4324.074 106.00112 0.694 -1.749 3.464 AX22Q045
4324.077 106.00112 0.672 -2.887 3.464 AX22P025
4324.088 106.00112 0.912 -1.322 3.464 AX22Q115
4324.093 26.0 4.555 -1.49 "" ""
4324.108 106.00113 0.949 -1.289 3.464 AX22Q125
4324.114 106.00113 1.087 -1.182 3.464 AX22Q165
4324.114 24.0 4.798 -3.06 "" ""
4324.137 106.00112 0.681 -1.892 3.464 AX22Q035
4324.137 106.00113 0.67 -2.143 3.464 AX22Q025
4324.148 106.00113 0.949 -1.259 3.464 AX22Q135
4324.167 106.00113 0.67 -2.143 3.464 AX22Q025
4324.169 106.00112 0.912 -1.29 3.464 AX22Q125
4324.171 106.00113 0.408 -3.172 3.464 BX01R055
4324.177 106.00113 1.087 -3.533 3.464 AX22P165
4324.186 106.00113 0.949 -3.429 3.464 AX22P135
4324.192 106.00112 0.912 -3.397 3.464 AX22P125
4324.203 106.00112 0.681 -1.892 3.464 AX22Q035
4324.242 23.0 2.573 -3.65 "" ""
4324.309 26.0 3.045 -3.85 "" ""
4324.311 106.00112 1.091 -3.483 3.464 AX22R155
4324.328 27.1 5.462 -3.71 "" ""
4324.33 27.0 3.949 -3.52 "" ""
4324.336 26.0 3.632 -3.94 "" ""
4324.35 25.0 4.341 -3.96 "" ""
4324.356 106.00112 0.672 -2.143 3.464 AX22Q025
4324.363 106.00112 0.952 -3.409 3.464 AX22R125
4324.369 106.00112 1.091 -1.205 3.464 AX22Q155
4324.37 26.1 4.734 -4.89 "" ""
4324.383 106.00112 0.672 -2.143 3.464 AX22Q025
4324.386 106.00112 0.433 -7.091 3.464 BX01Q075
4324.396 106.00112 0.952 -1.289 3.464 AX22Q125
4324.398 22.0 2.332 -2.12 "" ""
4324.43 106.00112 0.433 -2.989 3.464 BX01R075
4324.433 106.00112 1.091 -1.182 3.464 AX22Q165
4324.446 106.00112 0.952 -1.259 3.464 AX22Q135
4324.451 62.0 0.282 -0.22 "" ""
4324.458 106.00113 0.992 -3.442 3.464 AX22R135
4324.479 106.00112 0.952 -3.429 3.464 AX22P135
4324.491 106.00112 1.091 -3.533 3.464 AX22P165
4324.499 106.00113 1.9 -1.476 3.464 AX33R245
4324.508 106.00113 0.992 -1.258 3.464 AX22Q135
4324.516 106.00113 1.9 -1.494 3.464 AX33R255
4324.517 106.00113 0.992 -1.231 3.464 AX22Q145
4324.523 22.0 3.196 -1.47 "" ""
4324.526 607.01214 3.452 -3.166 7.724 1415Ra0025
4324.526 607.01214 3.452 -3.317 7.724 1415Rb0015
4324.527 20.0 4.677 -1.58 "" ""
4324.528 607.01214 3.452 -4.459 7.724 1415Qd0025
4324.533 42.0 2.644 -2.02 "" ""
4324.535 106.00113 1.9 -3.838 3.464 AX33Q255
4324.556 106.00113 0.408 -6.978 3.464 BX01Q065
4324.56 64.1 1.133 -1.28 LAWLER ""
4324.567 106.00113 0.992 -3.46 3.464 AX22P145
4324.582 106.00113 1.391 -4.117 3.464 AX44R095
4324.592 106.00113 0.408 -3.075 3.464 BX01R065
4324.594 58.0 0.0 -0.49 "" ""
4324.616 11.0 2.103 -1.96 "" ""
4324.616 11.0 2.103 -2.91 "" ""
4324.622 24.0 3.085 -2.96 "" ""
4324.627 23.0 1.871 -2.32 LAWNOHFS ""
4324.665 26.0 3.412 -9.17 "" ""
4324.666 607.01314 3.484 -2.271 7.724 1415Pb0215
4324.672 106.00113 1.138 -3.51 3.464 AX22R165
4324.697 106.00112 1.656 -14.925 3.464 CX04R165
4324.711 24.0 4.436 -1.19 "" ""
4324.728 26.0 4.217 -2.65 "" ""
4324.744 106.00113 1.138 -1.182 3.464 AX22Q165
4324.745 106.00112 2.3 -10.25 3.464 CX04R265
4324.768 106.00112 0.996 -3.442 3.464 AX22R135
4324.774 106.00112 1.919 -7.211 3.464 CX04R215
4324.778 106.00113 1.138 -1.16 3.464 AX22Q175
4324.785 58.1 0.956 -0.43 LAWLER ""
4324.786 106.00113 1.801 -5.232 3.464 AX54P185
4324.796 106.00112 2.3 -6.299 3.464 CX04Q275
4324.81 106.00112 0.996 -1.258 3.464 AX22Q135
4324.832 106.00112 0.996 -1.231 3.464 AX22Q145
4324.85 106.00113 1.138 -3.56 3.464 AX22P175
4324.874 106.00112 0.996 -3.46 3.464 AX22P145
4324.892 106.00112 2.3 -6.463 3.464 CX04Q265
4324.908 106.00113 1.013 -1.884 3.464 AX33R045
4324.91 21.0 2.108 -3.69 "" ""
4324.913 106.00112 1.919 -12.857 3.464 CX04Q215
4324.942 106.00112 1.919 -7.509 3.464 CX04R205
4324.943 106.00112 2.3 -12.343 3.464 CX04P275
4324.948 26.0 2.196 -3.42 "" ""
4324.964 21.0 1.952 -2.82 "" ""
4324.971 24.0 4.093 -1.83 "" ""
4324.975 106.00113 1.039 -3.473 3.464 AX22R145
4324.984 21.1045 0.595 -2.15 LAWHFS ""
4324.986 21.1045 0.595 -1.71 LAWHFS ""
4324.988 21.1045 0.595 -1.44 LAWHFS ""
4324.992 21.1045 0.595 -1.34 LAWHFS ""
4324.992 21.1045 0.595 -1.45 LAWHFS ""
4324.993 21.1045 0.595 -1.46 LAWHFS ""
4324.998 106.00112 1.143 -3.51 3.464 AX22R165
4324.999 21.1045 0.595 -1.71 LAWHFS ""
4325.001 21.1045 0.595 -1.26 LAWHFS ""
4325.002 21.1045 0.595 -0.96 LAWHFS ""
4325.02 106.00113 1.039 -1.205 3.464 AX22Q155
4325.032 106.00113 1.039 -1.231 3.464 AX22Q145
4325.036 24.0 3.963 -1.25 "" ""
4325.041 25.1 5.393 -2.3 "" ""
4325.056 44.0 1.691 -0.76 "" ""
4325.061 24.0 2.965 -0.56 "" ""
4325.063 106.00112 1.143 -1.182 3.464 AX22Q165
4325.067 607.01214 3.452 -3.317 7.724 1415Ra0015
4325.068 607.01214 3.452 -3.57 7.724 1415Rb0005
4325.068 607.01214 3.452 -4.266 7.724 1415Qd0015
4325.077 106.00113 1.039 -3.489 3.464 AX22P155
4325.082 106.00113 1.391 -4.087 3.464 AX44R095
4325.107 106.00113 1.013 -1.884 3.464 AX33R045
4325.111 106.00112 1.143 -1.16 3.464 AX22Q175
4325.114 66.1 1.661 -0.34 "" ""
4325.126 22.0 2.248 0.25 LAWLER ""
4325.136 27.0 3.407 -5.55 "" ""
4325.141 56.0 1.674 -0.86 "" ""
4325.153 106.00113 1.911 -4.682 3.464 AX44R215
4325.176 106.00112 1.143 -3.56 3.464 AX22P175
4325.176 26.0 3.015 -1.98 "" ""
4325.211 106.00112 0.598 -2.715 3.464 BX01R115
4325.215 23.1 4.241 -1.53 "" ""
4325.256 106.00112 1.016 -1.884 3.464 AX33R045
4325.291 23.1 6.529 -2.42 "" ""
4325.301 106.00112 1.043 -3.473 3.464 AX22R145
4325.316 26.1 6.204 -4.37 "" ""
4325.323 106.00113 1.013 -3.039 3.464 AX33Q055
4325.348 26.0 4.383 -1.86 "" ""
4325.349 106.00112 1.043 -1.205 3.464 AX22Q155
4325.352 106.00112 1.043 -1.231 3.464 AX22Q145
4325.352 28.0 3.603 -2.15 "" ""
4325.378 25.0 4.682 -2.86 "" ""
4325.378 26.0 4.175 -3.14 "" ""
4325.387 106.00112 0.598 -7.329 3.464 BX01Q125
4325.399 106.00112 1.043 -3.488 3.464 AX22P155
4325.4 106.00113 1.013 -1.807 3.464 AX33R055
4325.406 24.1 5.666 -4.45 "" ""
4325.406 40.0 0.73 -0.99 "" ""
4325.436 26.1 6.133 -2.34 "" ""
4325.457 106.00112 0.598 -2.655 3.464 BX01R125
4325.458 106.00112 1.016 -1.884 3.464 AX33R045
4325.49 27.0 2.135 -3.96 "" ""
4325.494 106.00113 1.013 -3.03 3.464 AX33Q055
4325.517 20.0 2.709 -6.83 LAWLER ""
4325.54 26.1 6.083 -2.31 "" ""
4325.556 106.00113 1.193 -3.537 3.464 AX22R175
4325.56 64.1 1.371 -0.25 LAWLER ""
4325.568 106.00113 1.013 -1.807 3.464 AX33R055
4325.591 23.0 2.357 -3.25 "" ""
4325.6 28.0 3.304 -1.03 LAWLER ""
4325.601 26.0 4.555 -2.02 "" ""
4325.614 26.0 4.1 -1.83 "" ""
4325.625 24.0 3.11 -1.41 "" ""
4325.63 607.01214 3.451 -3.57 7.724 1415Ra0005
4325.631 607.01214 3.451 -3.867 7.724 1415Qd0005
4325.636 106.00113 1.193 -1.16 3.464 AX22Q175
4325.641 40.1 1.742 -1.2 "" ""
4325.645 106.00113 1.088 -3.503 3.464 AX22R155
4325.652 106.00113 1.193 -1.141 3.464 AX22Q185
4325.658 26.1 6.204 -3.9 "" ""
4325.667 106.00112 0.409 -3.171 3.464 BX01R055
4325.669 106.00113 1.088 -1.182 3.464 AX22Q165
4325.674 106.00112 1.016 -3.039 3.464 AX33Q055
4325.694 64.0 0.066 0.1 "" ""
4325.718 106.00113 1.088 -1.205 3.464 AX22Q155
4325.726 56.1 6.196 -1.0 "" ""
4325.727 24.0 3.119 -2.31 "" ""
4325.733 106.00113 1.193 -3.586 3.464 AX22P185
4325.739 26.0 0.0 -5.18 "" ""
4325.741 106.00113 1.088 -3.516 3.464 AX22P165
4325.752 106.00112 1.016 -1.807 3.464 AX33R055
4325.76 60.1 0.471 -0.02 LAWLER ""
4325.762 26.0 1.607 0.01 OBR91 ""
4325.802 42.0 2.593 -0.81 "" ""
4325.844 106.00112 1.016 -3.03 3.464 AX33Q055
4325.851 24.0 4.437 -0.54 "" ""
4325.866 21.0 2.567 -3.74 "" ""
4325.889 92.1 0.685 -1.5 "" ""
4325.896 106.00112 1.197 -3.537 3.464 AX22R175
4325.921 106.00112 1.016 -1.807 3.464 AX33R055
4325.941 26.0 3.265 -1.83 "" ""
4325.967 106.00112 1.197 -1.16 3.464 AX22Q175
4325.985 22.0 3.212 -0.64 "" ""
4325.989 106.00112 1.092 -3.503 3.464 AX22R155
4326.0 106.00112 1.197 -1.141 3.464 AX22Q185
4326.021 106.00112 1.092 -1.182 3.464 AX22Q165
4326.047 106.00112 1.092 -1.205 3.464 AX22Q155
4326.049 106.00112 0.409 -6.977 3.464 BX01Q065
4326.071 106.00112 1.197 -3.585 3.464 AX22P185
4326.079 106.00112 1.092 -3.516 3.464 AX22P165
4326.09 106.00112 0.409 -3.074 3.464 BX01R065
4326.132 106.00113 0.638 -2.656 3.464 BX01R125
4326.136 42.0 2.062 -0.3 "" ""
4326.139 25.0 4.662 -1.6 "" ""
4326.162 25.0 4.191 -1.82 "" ""
4326.162 26.0 4.206 -3.84 "" ""
4326.17 22.0 1.732 -4.68 "" ""
4326.236 22.0 1.995 -1.81 "" ""
4326.255 76.0 1.886 -1.27 "" ""
4326.274 106.00113 0.388 -3.285 3.464 BX01R045
4326.283 106.00113 0.341 -5.0 3.464 BX01R015
4326.285 20.0 2.709 -6.04 LAWLER ""
4326.294 106.00113 0.638 -7.329 3.464 BX01Q135
4326.313 41.0 1.177 -0.46 "" ""
4326.315 20.0 6.041 -1.82 "" ""
4326.319 23.1 6.161 -3.85 "" ""
4326.326 64.1 2.207 -0.16 "" ""
4326.342 23.0 2.573 -4.64 "" ""
4326.351 22.0 0.825 -1.26 LAWLER ""
4326.359 106.00113 0.638 -2.598 3.464 BX01R135
4326.377 66.0 1.929 0.62 "" ""
4326.401 27.0 2.868 -2.48 LAWNHFS ""
4326.43 65.0 0.0 0.31 "" ""
4326.454 20.0 6.041 -2.62 "" ""
4326.479 58.1 0.875 -1.77 LAWLER ""
4326.497 106.00113 1.14 -3.531 3.464 AX22R165
4326.505 106.00113 1.14 -1.161 3.464 AX22Q175
4326.514 20.0 6.041 -2.15 "" ""
4326.551 23.0 2.503 -4.67 "" ""
4326.58 106.00113 1.14 -1.182 3.464 AX22Q165
4326.587 106.00113 1.14 -3.541 3.464 AX22P175
4326.617 20.0 5.963 -3.97 "" ""
4326.634 23.1 6.141 -4.45 "" ""
4326.639 25.1 5.394 -1.25 "" ""
4326.641 23.0 2.573 -3.17 "" ""
4326.661 22.0 3.11 -4.04 "" ""
4326.677 22.0 2.493 -2.6 "" ""
4326.683 106.00113 1.25 -3.562 3.464 AX22R185
4326.723 22.1 5.229 -3.42 "" ""
4326.733 106.00113 0.388 -6.831 3.464 BX01Q055
4326.74 25.0 4.723 -1.81 "" ""
4326.744 42.0 1.38 -1.44 "" ""
4326.744 56.1 5.718 -3.04 "" ""
4326.753 26.0 2.947 -1.81 BEL17 ""
4326.765 106.00113 0.388 -3.171 3.464 BX01R055
4326.771 106.00113 1.25 -1.124 3.464 AX22Q195
4326.771 106.00113 1.25 -1.141 3.464 AX22Q185
4326.82 42.0 3.161 -0.7 "" ""
4326.823 58.1 0.734 -1.06 "" ""
4326.823 607.01214 3.452 -3.867 7.724 1415Qc0005
4326.824 607.01214 3.452 -3.564 7.724 1415Pa0015
4326.826 44.0 1.316 -1.23 "" ""
4326.859 106.00112 1.144 -3.531 3.464 AX22R165
4326.859 106.00113 0.357 -2.865 3.464 AX11P025
4326.859 106.00113 1.25 -3.61 3.464 AX22P195
4326.877 106.00112 1.144 -1.161 3.464 AX22Q175
4326.924 106.00112 1.144 -1.182 3.464 AX22Q165
4326.942 106.00112 1.144 -3.541 3.464 AX22P175
4326.945 106.00113 0.358 -2.863 3.464 AX11P025
4326.955 24.0 3.844 -4.3 "" ""
4326.96 22.0 0.812 -2.28 LAWLER ""
4327.005 106.00112 1.395 -4.117 3.464 AX44R095
4327.039 26.1 2.542 -9.44 "" ""
4327.041 106.00112 0.359 -2.865 3.464 AX11P025
4327.042 106.00112 1.255 -3.562 3.464 AX22R185
4327.053 78.0 4.173 0.19 "" ""
4327.093 90.1 0.556 -2.24 "" ""
4327.096 26.0 3.544 -0.96 "" ""
4327.102 64.0 0.0 -0.36 "" ""
4327.118 106.00112 1.255 -1.141 3.464 AX22Q185
4327.132 106.00112 0.359 -2.863 3.464 AX11P025
4327.139 106.00112 1.255 -1.124 3.464 AX22Q195
4327.15 64.1 0.354 -0.69 LAWLER ""
4327.175 106.00112 0.994 -4.626 3.464 BX10P245
4327.177 106.00113 0.357 -3.15 3.464 AX11Q025
4327.193 20.0 5.386 -4.48 "" ""
4327.216 106.00112 1.255 -3.61 3.464 AX22P195
4327.227 21.0 2.109 -3.93 "" ""
4327.231 90.1 0.514 -2.15 Nils02/8 ""
4327.236 106.00112 0.994 -0.795 3.464 BX10Q235
4327.265 106.00113 0.358 -3.157 3.464 AX11Q025
4327.273 22.0 2.332 -1.43 "" ""
4327.274 106.00112 0.994 -0.397 3.464 BX10Q245
4327.335 106.00112 0.994 -3.938 3.464 BX10R235
4327.359 106.00112 0.359 -3.15 3.464 AX11Q025
4327.37 41.0 1.079 -1.03 "" ""
4327.416 106.00113 1.913 -4.622 3.464 AX44R215
4327.43 44.0 1.002 -1.57 "" ""
4327.447 106.00112 0.359 -3.157 3.464 AX11Q025
4327.452 607.01214 3.452 -4.266 7.724 1415Qc0015
4327.453 607.01214 3.452 -3.564 7.724 1415Pb0015
4327.454 607.01214 3.452 -3.308 7.724 1415Pa0025
4327.51 22.0 3.111 -3.58 "" ""
4327.51 62.1 0.333 -1.76 LAWLER ""
4327.512 106.00112 1.395 -4.087 3.464 AX44R095
4327.52 72.1 1.869 -2.38 LAWLER ""
4327.521 25.0 3.38 -5.8 "" ""
4327.527 23.1 3.97 -3.73 "" ""
4327.553 106.00113 1.194 -1.141 3.464 AX22Q185
4327.561 106.00113 1.194 -3.558 3.464 AX22R175
4327.579 23.0 2.614 -5.55 "" ""
4327.581 23.0 1.194 -4.25 "" ""
4327.646 106.00113 1.194 -3.566 3.464 AX22P185
4327.654 106.00113 1.194 -1.16 3.464 AX22Q175
4327.658 106.00112 1.02 -5.805 3.464 BX11R205
4327.658 20.0 4.776 -2.57 "" ""
4327.681 106.00112 0.64 -2.655 3.464 BX01R125
4327.759 106.00113 1.787 -9.166 3.464 CX15R135
4327.776 26.0 3.692 -2.83 "" ""
4327.781 106.00112 0.389 -3.285 3.464 BX01R045
4327.789 106.00112 0.342 -4.999 3.464 BX01R015
4327.792 28.0 4.164 -2.05 "" ""
4327.845 106.00112 0.64 -7.329 3.464 BX01Q135
4327.85 60.1 0.182 -2.0 LAWLER ""
4327.904 26.0 3.299 -1.7 "" ""
4327.913 106.00112 0.64 -2.598 3.464 BX01R135
4327.928 106.00113 0.358 -2.644 3.464 AX11P035
4327.93 60.1 0.559 -0.4 LAWLER ""
4327.944 106.00112 1.199 -3.558 3.464 AX22R175
4327.95 106.00112 1.199 -1.141 3.464 AX22Q185
4327.956 25.0 4.824 -1.21 "" ""
4327.995 106.00113 0.358 -2.644 3.464 AX11P035
4328.013 24.0 4.204 -1.17 "" ""
4328.016 106.00112 1.199 -1.16 3.464 AX22Q175
4328.02 26.0 4.298 -4.4 "" ""
4328.021 106.00112 1.199 -3.566 3.464 AX22P185
4328.059 23.0 2.113 -1.43 "" ""
4328.083 26.0 4.412 -4.13 "" ""
4328.093 106.00113 1.309 -3.588 3.464 AX22R195
4328.103 607.01214 3.454 -4.459 7.724 1415Qc0025
4328.105 607.01214 3.454 -3.308 7.724 1415Pb0025
4328.106 607.01214 3.454 -3.152 7.724 1415Pa0035
4328.114 106.00112 0.359 -2.644 3.464 AX11P035
4328.149 23.0 2.676 -2.53 "" ""
4328.173 106.00113 1.309 -1.109 3.464 AX22Q205
4328.184 106.00112 0.359 -2.644 3.464 AX11P035
4328.19 106.00113 1.309 -1.124 3.464 AX22Q195
4328.236 22.0 3.212 -1.26 "" ""
4328.239 106.00112 0.389 -6.831 3.464 BX01Q055
4328.263 22.0 2.152 -2.59 "" ""
4328.264 23.0 2.576 -2.36 "" ""
4328.27 106.00113 1.309 -3.634 3.464 AX22P205
4328.274 106.00112 0.389 -3.171 3.464 BX01R055
