wavelength species excitation loggf disassociation_energy comment
4313.932 66.0 0.937 -0.58 "" ""
4314.002 106.00112 1.529 -4.263 3.464 AX44R135
4314.033 22.0 1.979 -1.94 "" ""
4314.077 21.1045 0.618 -2.91 LAWHFS ""
4314.078 21.1045 0.618 -1.69 LAWHFS ""
4314.079 21.1045 0.618 -2.5 LAWHFS ""
4314.08 21.1045 0.618 -0.76 LAWHFS ""
4314.081 21.1045 0.618 -1.49 LAWHFS ""
4314.082 21.1045 0.618 -0.88 LAWHFS ""
4314.082 21.1045 0.618 -2.29 LAWHFS ""
4314.083 21.1045 0.618 -1.42 LAWHFS ""
4314.083 21.1045 0.618 -2.18 LAWHFS ""
4314.084 21.1045 0.618 -1.02 LAWHFS ""
4314.084 21.1045 0.618 -1.43 LAWHFS ""
4314.085 21.1045 0.618 -1.18 LAWHFS ""
4314.085 21.1045 0.618 -2.16 LAWHFS ""
4314.086 21.1045 0.618 -1.36 LAWHFS ""
4314.086 21.1045 0.618 -1.49 LAWHFS ""
4314.086 21.1045 0.618 -2.27 LAWHFS ""
4314.087 21.1045 0.618 -1.59 LAWHFS ""
4314.087 21.1045 0.618 -1.61 LAWHFS ""
4314.087 21.1045 0.618 -1.79 LAWHFS ""
4314.087 21.1045 0.618 -1.94 LAWHFS ""
4314.115 23.0 1.349 -3.39 "" ""
4314.119 106.00113 0.011 -2.054 3.464 AX00Q025
4314.159 106.00113 0.011 -2.054 3.464 AX00Q025
4314.167 106.00113 1.077 -3.24 3.464 AX33Q085
4314.19 106.00113 1.077 -1.677 3.464 AX33R085
4314.197 23.0 2.377 -3.87 "" ""
4314.199 106.00112 0.011 -2.054 3.464 AX00Q025
4314.218 26.0 3.879 -4.03 "" ""
4314.219 22.0 2.316 -2.68 "" ""
4314.23 106.00112 0.011 -2.054 3.464 AX00Q025
4314.23 106.00113 1.8 -4.567 3.464 AX44R195
4314.234 106.00112 1.08 -1.724 3.464 AX33R075
4314.308 44.0 3.124 0.39 "" ""
4314.309 24.0 2.98 -2.82 "" ""
4314.31 26.1 2.674 -3.48 "" ""
4314.32 62.1 0.248 -2.4 LAWLER ""
4314.336 26.0 4.47 -3.88 "" ""
4314.339 106.00113 0.663 -2.454 3.464 AX22Q015
4314.342 106.00113 0.663 -2.452 3.464 AX22Q015
4314.343 22.0 0.835 -1.58 LAWLER ""
4314.364 60.1 1.528 0.15 "" ""
4314.38 106.00113 1.078 -1.724 3.464 AX33R075
4314.398 25.0 3.37 -4.29 "" ""
4314.401 64.0 0.927 0.44 "" ""
4314.426 25.0 4.329 -1.91 "" ""
4314.479 60.115 0.0 -0.22 SOLAR+hfs ""
4314.491 60.1148 0.0 -0.22 SOLAR+hfs ""
4314.492 106.00112 1.081 -3.24 3.464 AX33Q085
4314.5 60.1146 0.0 -0.22 SOLAR+hfs ""
4314.501 106.00112 0.665 -2.452 3.464 AX22Q015
4314.501 106.00112 0.665 -2.454 3.464 AX22Q015
4314.504 60.1145 0.0 -0.998 SOLAR+hfs ""
4314.504 60.1145 0.0 -1.114 SOLAR+hfs ""
4314.504 60.1145 0.0 -1.243 SOLAR+hfs ""
4314.504 60.1145 0.0 -1.389 SOLAR+hfs ""
4314.504 60.1145 0.0 -1.559 SOLAR+hfs ""
4314.504 60.1145 0.0 -1.611 SOLAR+hfs ""
4314.504 60.1145 0.0 -1.617 SOLAR+hfs ""
4314.504 60.1145 0.0 -1.658 SOLAR+hfs ""
4314.504 60.1145 0.0 -1.763 SOLAR+hfs ""
4314.504 60.1145 0.0 -1.763 SOLAR+hfs ""
4314.504 60.1145 0.0 -1.959 SOLAR+hfs ""
4314.504 60.1145 0.0 -2.026 SOLAR+hfs ""
4314.505 60.1145 0.0 -0.893 SOLAR+hfs ""
4314.505 60.1145 0.0 -1.69 SOLAR+hfs ""
4314.505 60.1145 0.0 -2.503 SOLAR+hfs ""
4314.505 60.1145 0.0 -2.503 SOLAR+hfs ""
4314.505 60.1145 0.0 -2.6 SOLAR+hfs ""
4314.505 60.1145 0.0 -2.658 SOLAR+hfs ""
4314.505 60.1145 0.0 -2.804 SOLAR+hfs ""
4314.506 60.1145 0.0 -1.901 SOLAR+hfs ""
4314.506 60.1145 0.0 -3.202 SOLAR+hfs ""
4314.507 60.1144 0.0 -0.22 SOLAR+hfs ""
4314.51 60.1143 0.0 -1.114 SOLAR+hfs ""
4314.51 60.1143 0.0 -1.243 SOLAR+hfs ""
4314.51 60.1143 0.0 -1.389 SOLAR+hfs ""
4314.511 106.00112 1.081 -1.677 3.464 AX33R085
4314.511 60.1143 0.0 -0.998 SOLAR+hfs ""
4314.511 60.1143 0.0 -1.559 SOLAR+hfs ""
4314.511 60.1143 0.0 -1.611 SOLAR+hfs ""
4314.511 60.1143 0.0 -1.617 SOLAR+hfs ""
4314.511 60.1143 0.0 -1.658 SOLAR+hfs ""
4314.511 60.1143 0.0 -1.763 SOLAR+hfs ""
4314.511 60.1143 0.0 -1.763 SOLAR+hfs ""
4314.511 60.1143 0.0 -1.959 SOLAR+hfs ""
4314.511 60.1143 0.0 -2.026 SOLAR+hfs ""
4314.512 60.1143 0.0 -0.893 SOLAR+hfs ""
4314.512 60.1143 0.0 -1.69 SOLAR+hfs ""
4314.512 60.1143 0.0 -2.503 SOLAR+hfs ""
4314.512 60.1143 0.0 -2.503 SOLAR+hfs ""
4314.512 60.1143 0.0 -2.6 SOLAR+hfs ""
4314.512 60.1143 0.0 -2.658 SOLAR+hfs ""
4314.513 60.1143 0.0 -1.901 SOLAR+hfs ""
4314.513 60.1143 0.0 -2.804 SOLAR+hfs ""
4314.514 60.1143 0.0 -3.202 SOLAR+hfs ""
4314.515 60.1142 0.0 -0.22 SOLAR+hfs ""
4314.522 73.0 0.249 -2.01 "" ""
4314.532 607.01314 3.422 -2.46 7.724 1415Pb0125
4314.578 75.0 2.698 -0.92 "" ""
4314.595 106.00113 1.078 -3.226 3.464 AX33Q085
4314.607 106.00113 1.078 -1.677 3.464 AX33R085
4314.612 607.01314 3.422 -4.993 7.724 1415Qc0125
4314.615 23.0 2.576 -3.96 "" ""
4314.623 23.0 2.113 -3.74 "" ""
4314.645 106.00113 0.663 -2.085 3.464 AX22R015
4314.645 106.00113 0.663 -2.086 3.464 AX22R015
4314.653 607.01314 3.422 -2.43 7.724 1415Pa0135
4314.696 22.0 2.266 -2.77 "" ""
4314.699 106.00112 1.081 -1.724 3.464 AX33R075
4314.729 22.0 0.818 -1.57 LAWLER ""
4314.742 24.0 3.844 -2.88 "" ""
4314.764 106.00113 1.935 -0.959 3.464 AX11Q325
4314.778 106.00113 1.772 -1.46 3.464 AX33R235
4314.8 22.0 0.835 -0.39 LAWLER ""
4314.808 106.00112 0.665 -2.086 3.464 AX22R015
4314.809 106.00112 0.665 -2.085 3.464 AX22R015
4314.82 106.00113 1.935 -3.844 3.464 AX11R315
4314.82 23.0 2.581 -3.96 "" ""
4314.912 106.00112 1.081 -3.226 3.464 AX33Q085
4314.913 106.00113 1.935 -3.808 3.464 AX11P325
4314.927 106.00112 1.081 -1.677 3.464 AX33R085
4314.932 58.1 0.822 -1.17 LAWLER ""
4314.968 106.00113 1.935 -0.958 3.464 AX11Q315
4314.971 22.1 1.16 -1.15 LAWLER ""
4314.979 26.1 4.728 -3.1 "" ""
4315.008 106.00113 1.772 -3.73 3.464 AX33Q235
4315.013 26.0 3.881 -3.51 "" ""
4315.021 68.1 0.886 -2.46 LAWLER ""
4315.07 106.00113 1.772 -1.454 3.464 AX33R225
4315.081 106.00112 1.832 -9.181 3.464 CX15R145
4315.085 26.0 2.196 -0.96 OBR91 ""
4315.09 106.00112 1.705 -4.421 3.464 AX44R175
4315.098 42.0 2.075 -2.32 "" ""
4315.112 79.0 5.642 -0.45 "" ""
4315.208 23.0 2.364 -3.57 "" ""
4315.219 25.0 4.682 -1.17 "" ""
4315.254 90.0 0.355 -1.43 "" ""
4315.258 24.0 4.609 -2.76 "" ""
4315.35 22.0 3.176 -1.55 "" ""
4315.38 62.1 0.543 -1.59 LAWLER ""
4315.381 106.00112 1.491 -4.261 3.464 AX44R125
4315.381 24.0 4.102 -2.06 "" ""
4315.384 24.0 2.913 -2.15 "" ""
4315.387 42.0 2.258 -2.17 "" ""
4315.398 23.0 1.852 -3.52 "" ""
4315.406 58.1 0.899 -0.74 "" ""
4315.41 607.01314 3.427 -2.43 7.724 1415Pb0135
4315.426 24.0 2.98 -4.27 "" ""
4315.454 26.0 4.151 -1.82 "" ""
4315.494 24.0 4.204 -3.03 "" ""
4315.503 607.01314 3.427 -5.031 7.724 1415Qc0135
4315.525 26.0 4.257 -3.65 "" ""
4315.536 25.0 4.675 -2.83 "" ""
4315.536 27.0 3.629 -2.93 "" ""
4315.547 607.01314 3.427 -2.402 7.724 1415Pa0145
4315.576 106.00112 1.943 -0.959 3.464 AX11Q325
4315.608 24.0 2.913 -1.94 "" ""
4315.608 24.0 4.204 -2.23 "" ""
4315.663 106.00112 1.943 -3.844 3.464 AX11R315
4315.732 106.00112 1.943 -3.808 3.464 AX11P325
4315.787 23.0 1.217 -3.37 "" ""
4315.818 106.00112 1.943 -0.958 3.464 AX11Q315
4315.893 57.1 0.403 -1.77 "" ""
4315.907 22.0 2.304 -3.4 "" ""
4315.945 106.00113 1.08 -5.294 3.464 BX11R215
4315.952 26.0 2.431 -3.48 "" ""
4315.953 106.00113 1.452 -4.216 3.464 AX44R115
4316.01 106.00112 1.782 -1.46 3.464 AX33R235
4316.05 64.1 0.662 -0.45 LAWLER ""
4316.133 106.00112 1.782 -3.729 3.464 AX33Q235
4316.144 106.00113 1.801 -4.511 3.464 AX44R195
4316.175 106.00112 1.782 -1.454 3.464 AX33R225
4316.175 28.0 4.102 -2.05 "" ""
4316.245 106.00112 1.491 -4.223 3.464 AX44R125
4316.253 23.1 1.674 -3.5 "" ""
4316.27 64.1 1.156 -0.76 LAWLER ""
4316.302 39.0 1.407 -0.94 "" ""
4316.327 607.01314 3.433 -2.403 7.724 1415Pb0145
4316.344 27.0 3.927 -4.26 "" ""
4316.366 42.0 3.196 -1.66 "" ""
4316.391 68.1 2.062 -1.26 LAWLER ""
4316.392 24.0 4.204 -3.0 "" ""
4316.434 607.01314 3.433 -5.067 7.724 1415Qc0145
4316.445 15.0 6.93 -2.5 "" ""
4316.469 41.0 1.489 -1.1 "" ""
4316.482 607.01314 3.433 -2.378 7.724 1415Pa0155
4316.51 60.1 0.38 -1.91 LAWLER ""
4316.583 25.0 4.27 -3.5 "" ""
4316.642 44.0 1.138 -1.7 "" ""
4316.679 106.00113 1.452 -4.181 3.464 AX44R115
4316.693 22.0 3.184 -1.28 "" ""
4316.7 23.0 2.563 -2.07 "" ""
4316.728 20.0 6.035 -4.38 "" ""
4316.794 22.1 2.046 -1.62 LAWLER ""
4316.801 106.00112 1.754 -4.517 3.464 AX44R185
4316.81 25.1 5.433 -3.35 "" ""
4316.819 24.0 3.887 -1.57 "" ""
4316.821 74.0 2.906 -0.39 "" ""
4316.854 23.0 2.364 -3.86 "" ""
4316.952 26.0 4.317 -2.28 "" ""
4316.963 70.1 3.786 -0.46 "" ""
4316.965 25.1 5.832 -5.7 "" ""
4316.987 20.0 4.765 -3.33 "" ""
4316.997 25.0 3.37 -4.61 "" ""
4317.006 23.0 1.866 -2.93 "" ""
4317.048 26.0 3.544 -2.17 "" ""
4317.081 26.0 3.881 -4.2 "" ""
4317.089 106.00112 1.754 -5.195 3.464 AX54P175
4317.09 20.0 5.927 -2.04 "" ""
4317.203 106.00113 1.078 -5.382 3.464 BX01R215
4317.273 58.1 0.822 -1.54 LAWLER ""
4317.292 607.01314 3.439 -2.378 7.724 1415Pb0155
4317.3 26.0 4.47 -2.52 "" ""
4317.309 40.1 0.713 -1.45 Ljung06 ""
4317.329 58.1 1.041 -0.46 "" ""
4317.36 106.00113 1.834 -1.462 3.464 AX33R235
4317.375 26.0 3.637 -3.76 "" ""
4317.377 106.00113 1.834 -1.473 3.464 AX33R245
4317.39 106.00113 1.053 -1.769 3.464 AX33R065
4317.401 106.00113 1.834 -3.801 3.464 AX33Q245
4317.414 607.01314 3.439 -5.101 7.724 1415Qc0155
4317.448 24.1 6.681 -3.48 "" ""
4317.465 607.01314 3.439 -2.356 7.724 1415Pa0165
4317.506 106.00113 0.348 -5.101 3.464 BX01R025
4317.547 106.00112 1.085 -5.382 3.464 BX01R215
4317.565 26.0 3.692 -3.37 "" ""
4317.597 23.1 6.465 -1.48 "" ""
4317.684 106.00113 1.053 -3.182 3.464 AX33Q075
4317.704 106.00112 0.841 -5.105 3.464 BX11P165
4317.713 25.1 6.908 -1.92 "" ""
4317.719 106.00112 1.056 -1.769 3.464 AX33R065
4317.72 106.00113 1.053 -1.715 3.464 AX33R075
4317.741 68.1 1.368 -2.7 LAWLER ""
4317.746 106.00113 1.053 -1.769 3.464 AX33R065
4317.77 20.0 5.957 -4.0 "" ""
4317.862 39.0 1.947 -1.45 "" ""
4317.892 24.0 4.204 -0.81 "" ""
4317.922 42.0 3.176 -0.27 "" ""
4317.985 58.1 0.808 -1.09 "" ""
4318.0 41.0 1.268 -1.32 "" ""
4318.006 24.0 4.204 -1.87 "" ""
4318.014 106.00113 1.053 -3.17 3.464 AX33Q075
4318.015 106.00112 1.056 -3.182 3.464 AX33Q075
4318.045 106.00113 1.053 -1.715 3.464 AX33R075
4318.051 106.00112 1.056 -1.715 3.464 AX33R075
4318.084 106.00112 1.056 -1.769 3.464 AX33R065
4318.136 72.0 0.699 -1.48 "" ""
4318.252 42.0 3.3 -1.32 "" ""
4318.291 106.00112 2.06 -6.327 3.464 CX15R195
4318.294 90.1 1.188 -1.18 "" ""
4318.31 607.01314 3.446 -2.356 7.724 1415Pb0165
4318.321 26.0 4.188 -2.33 "" ""
4318.337 28.0 4.102 -1.25 "" ""
4318.341 106.00112 1.056 -3.17 3.464 AX33Q075
4318.375 106.00112 1.056 -1.715 3.464 AX33R075
4318.396 69.0 2.182 0.29 "" ""
4318.418 106.00112 2.06 -10.624 3.464 CX15Q195
4318.43 106.00112 2.06 -6.336 3.464 CX15R185
4318.432 22.0 3.168 -1.89 "" ""
4318.438 44.0 1.122 -1.0 "" ""
4318.444 20.0 6.036 -3.48 "" ""
4318.451 607.01314 3.446 -5.135 7.724 1415Qc0165
4318.504 607.01314 3.446 -2.335 7.724 1415Pa0175
4318.53 25.1 5.394 -2.52 "" ""
4318.545 42.0 3.221 -1.61 "" ""
4318.555 106.00112 1.456 -4.216 3.464 AX44R115
4318.56 22.0 3.152 -2.33 "" ""
4318.561 24.0 3.847 -2.41 "" ""
4318.568 24.0 4.096 -1.85 "" ""
4318.586 106.00112 1.755 -4.464 3.464 AX44R185
4318.589 75.0 3.409 0.09 "" ""
4318.632 22.0 2.254 0.34 LAWLER ""
4318.652 20.0 1.899 -0.21 LAWLER ""
4318.679 607.01214 3.562 -2.508 7.724 1415Ra0235
4318.68 607.01214 3.562 -2.51 7.724 1415Rb0225
4318.692 607.01214 3.553 -2.51 7.724 1415Ra0225
4318.693 607.01214 3.553 -2.514 7.724 1415Rb0215
4318.695 607.01214 3.562 -5.514 7.724 1415Qd0235
4318.696 607.01214 3.571 -2.508 7.724 1415Ra0245
4318.697 24.1 3.884 -3.65 "" ""
4318.697 607.01214 3.571 -2.508 7.724 1415Rb0235
4318.707 607.01214 3.553 -5.483 7.724 1415Qd0225
4318.713 607.01214 3.571 -5.544 7.724 1415Qd0245
4318.735 607.01214 3.544 -2.514 7.724 1415Ra0215
4318.736 607.01214 3.544 -2.52 7.724 1415Rb0205
4318.745 607.01214 3.581 -2.508 7.724 1415Rb0245
4318.75 607.01214 3.544 -5.452 7.724 1415Qd0215
4318.751 38.0 1.769 -0.44 "" ""
4318.762 607.01214 3.581 -5.575 7.724 1415Qd0255
4318.805 26.0 2.586 -5.67 "" ""
4318.807 607.01214 3.535 -2.52 7.724 1415Ra0205
4318.808 607.01214 3.535 -2.527 7.724 1415Rb0195
4318.813 73.0 1.594 -1.24 "" ""
4318.821 607.01214 3.535 -5.421 7.724 1415Qd0205
4318.828 65.0 0.0 0.16 "" ""
4318.908 607.01214 3.527 -2.527 7.724 1415Ra0195
4318.908 607.01214 3.527 -2.536 7.724 1415Rb0185
4318.921 607.01214 3.527 -5.389 7.724 1415Qd0195
4318.93 62.1 0.277 -0.25 LAWLER ""
4318.937 26.0 4.175 -2.43 "" ""
4318.954 106.00112 0.349 -5.1 3.464 BX01R025
4318.965 106.00112 1.755 -5.246 3.464 AX54P175
4318.975 106.00113 1.855 -4.621 3.464 AX44R205
4319.036 607.01214 3.52 -2.536 7.724 1415Ra0185
4319.037 607.01214 3.52 -2.546 7.724 1415Rb0175
4319.049 607.01214 3.52 -5.357 7.724 1415Qd0185
4319.059 40.0 0.154 -1.92 "" ""
4319.089 23.0 2.579 -2.48 "" ""
4319.091 22.0 2.295 -5.28 "" ""
4319.091 23.1 6.161 -4.76 "" ""
4319.097 90.1 1.888 -1.08 "" ""
4319.192 607.01214 3.513 -2.546 7.724 1415Ra0175
4319.193 607.01214 3.513 -2.559 7.724 1415Rb0165
4319.204 607.01214 3.513 -5.324 7.724 1415Qd0175
4319.227 23.0 2.357 -5.54 "" ""
4319.254 24.0 3.11 -2.4 "" ""
4319.292 106.00112 1.456 -4.181 3.464 AX44R115
4319.305 22.0 2.015 -2.59 "" ""
4319.311 24.0 3.085 -1.86 "" ""
4319.321 22.1 5.212 -3.6 "" ""
4319.339 15.0 6.98 -3.5 "" ""
4319.357 22.0 2.576 -4.85 "" ""
4319.375 607.01214 3.506 -2.559 7.724 1415Ra0165
4319.376 607.01214 3.506 -2.574 7.724 1415Rb0155
4319.386 607.01214 3.506 -5.291 7.724 1415Qd0165
4319.394 607.01314 3.453 -2.335 7.724 1415Pb0175
4319.44 26.0 2.607 -3.61 "" ""
4319.457 22.0 1.738 -2.43 "" ""
4319.5 42.0 2.756 -1.92 "" ""
4319.522 62.0 0.185 -0.21 "" ""
4319.524 75.0 1.811 -1.67 "" ""
4319.554 607.01314 3.453 -5.167 7.724 1415Qc0175
4319.56 60.1 0.38 -1.94 LAWLER ""
4319.584 607.01214 3.499 -2.574 7.724 1415Ra0155
4319.585 607.01214 3.499 -2.591 7.724 1415Rb0145
4319.595 607.01214 3.499 -5.256 7.724 1415Qd0155
4319.61 607.01314 3.453 -2.317 7.724 1415Pa0185
4319.63 24.0 2.887 -1.14 SOBECK ""
4319.693 24.0 3.889 -0.72 "" ""
4319.715 106.00113 0.976 -3.435 3.464 AX33R025
4319.726 22.0 2.47 -3.71 "" ""
4319.734 106.00113 0.976 -3.425 3.464 AX33R025
4319.77 92.1 0.284 -2.14 "" ""
4319.819 607.01214 3.493 -2.591 7.724 1415Ra0145
4319.82 607.01214 3.493 -2.61 7.724 1415Rb0135
4319.829 607.01214 3.493 -5.22 7.724 1415Qd0145
4319.869 44.0 0.997 -0.87 "" ""
4319.906 22.0 2.479 -3.04 "" ""
4319.924 23.0 1.871 -1.94 LAWNOHFS ""
4319.937 68.1 1.7 -0.28 "" ""
4319.95 22.1 4.959 -3.91 "" ""
4319.951 106.00113 1.42 -4.169 3.464 AX44R105
4320.011 106.00112 1.846 -1.473 3.464 AX33R245
4320.014 106.00112 0.979 -3.435 3.464 AX33R025
4320.039 106.00112 0.979 -3.425 3.464 AX33R025
4320.072 106.00112 1.846 -1.461 3.464 AX33R235
4320.079 607.01214 3.488 -2.61 7.724 1415Ra0135
4320.08 607.01214 3.488 -2.632 7.724 1415Rb0125
4320.089 607.01214 3.488 -5.183 7.724 1415Qd0135
4320.127 90.1 0.556 -1.7 "" ""
4320.128 26.0 4.383 -3.08 "" ""
4320.142 106.00112 1.846 -3.8 3.464 AX33Q245
4320.144 25.0 4.341 -1.61 "" ""
4320.144 25.0 4.341 -2.31 "" ""
4320.165 24.0 3.077 -2.75 "" ""
4320.192 25.0 4.824 -1.38 "" ""
4320.204 106.00113 1.649 -14.926 3.464 CX04R165
4320.251 42.0 2.932 -2.13 "" ""
4320.262 23.0 1.891 -1.48 LAWNOHFS ""
4320.272 22.0 3.137 -4.15 "" ""
4320.358 22.0 3.184 -4.2 "" ""
4320.361 26.0 3.394 -2.26 "" ""
4320.365 607.01214 3.482 -2.632 7.724 1415Ra0125
4320.366 607.01214 3.482 -2.657 7.724 1415Rb0115
4320.374 607.01214 3.482 -5.145 7.724 1415Qd0125
4320.383 27.0 3.663 -1.02 "" ""
4320.429 15.0 6.949 -3.0 "" ""
4320.486 26.0 3.414 -2.2 "" ""
4320.496 106.00113 1.91 -12.858 3.464 CX04Q215
4320.517 26.0 4.431 -2.86 "" ""
4320.517 64.0 0.88 0.24 "" ""
4320.556 607.01314 3.46 -2.317 7.724 1415Pb0185
4320.56 106.00113 1.42 -4.136 3.464 AX44R105
4320.573 24.0 2.911 -1.99 SOBECK ""
4320.583 44.0 2.118 -1.04 "" ""
4320.594 90.1 1.598 -0.88 "" ""
4320.602 24.0 2.911 -1.82 "" ""
4320.62 21.0 2.108 -1.92 "" ""
4320.655 27.0 3.968 -3.3 "" ""
4320.675 607.01214 3.478 -2.657 7.724 1415Ra0115
4320.676 607.01214 3.478 -2.685 7.724 1415Rb0105
4320.682 72.1 2.152 -0.64 "" ""
4320.683 607.01214 3.478 -5.104 7.724 1415Qd0115
4320.719 58.1 0.459 -0.39 LAWLER ""
4320.725 21.1045 0.605 -2.62 LAWHFS ""
4320.727 21.1045 0.605 -2.2 LAWHFS ""
4320.728 21.1045 0.605 -1.97 LAWHFS ""
4320.729 21.1045 0.605 -1.62 LAWHFS ""
4320.729 21.1045 0.605 -1.73 LAWHFS ""
4320.729 21.1045 0.605 -1.82 LAWHFS ""
4320.73 21.1045 0.605 -1.41 LAWHFS ""
4320.73 21.1045 0.605 -1.44 LAWHFS ""
4320.73 21.1045 0.605 -1.47 LAWHFS ""
4320.73 21.1045 0.605 -1.65 LAWHFS ""
4320.732 21.1045 0.605 -1.95 LAWHFS ""
4320.733 21.1045 0.605 -1.26 LAWHFS ""
4320.733 21.1045 0.605 -1.53 LAWHFS ""
4320.734 21.1045 0.605 -0.88 LAWHFS ""
4320.734 21.1045 0.605 -1.05 LAWHFS ""
4320.736 607.01314 3.46 -5.198 7.724 1415Qc0185
4320.796 607.01314 3.46 -2.3 7.724 1415Pa0195
4320.904 23.0 3.313 -3.78 "" ""
4320.915 23.0 2.136 -2.86 "" ""
4320.938 106.00113 1.837 -1.474 3.464 AX33R245
4320.95 22.1 1.164 -1.88 LAWLER ""
4320.986 25.0 4.329 -3.27 "" ""
4321.01 607.01214 3.473 -2.685 7.724 1415Ra0105
4321.01 607.01214 3.473 -2.718 7.724 1415Rb0095
4321.017 607.01214 3.473 -5.06 7.724 1415Qd0105
4321.019 90.1 0.51 -2.73 Nils02/9 ""
4321.059 106.00113 0.487 -2.913 3.464 BX01R085
4321.062 106.00113 1.856 -4.563 3.464 AX44R205
4321.065 106.00113 1.031 -1.822 3.464 AX33R055
4321.1 64.1 0.601 -0.92 LAWLER ""
4321.141 40.0 0.154 -1.92 "" ""
4321.189 106.00113 1.837 -3.762 3.464 AX33Q245
4321.19 25.0 3.376 -4.71 "" ""
4321.197 106.00113 1.911 -7.51 3.464 CX04R205
4321.201 64.0 0.213 -0.28 "" ""
4321.218 106.00113 0.52 -2.842 3.464 BX01R095
4321.235 24.0 2.87 -1.54 "" ""
4321.244 106.00113 1.91 -7.212 3.464 CX04R215
4321.263 106.00113 1.837 -1.462 3.464 AX33R235
4321.302 106.00113 0.488 -7.244 3.464 BX01Q095
4321.302 44.0 1.124 -2.06 "" ""
4321.315 28.0 3.793 -2.6 "" ""
4321.341 106.00113 1.031 -1.822 3.464 AX33R055
4321.342 106.00113 0.488 -2.842 3.464 BX01R095
4321.368 607.01214 3.469 -2.718 7.724 1415Ra0095
4321.369 607.01214 3.469 -2.754 7.724 1415Rb0085
4321.375 607.01214 3.469 -5.014 7.724 1415Qd0095
4321.401 11.0 2.101 -2.21 "" ""
4321.403 106.00112 1.034 -1.822 3.464 AX33R055
4321.41 106.00113 1.031 -3.116 3.464 AX33Q065
4321.442 106.00113 0.52 -7.289 3.464 BX01Q105
4321.451 24.0 2.98 -1.29 "" ""
4321.46 106.00113 1.031 -1.758 3.464 AX33R065
4321.471 24.0 4.613 -1.43 "" ""
4321.48 41.1 1.93 -1.2 Nilsson10 ""
4321.496 106.00113 0.52 -2.777 3.464 BX01R105
4321.51 24.0 3.963 -0.84 "" ""
4321.518 22.0 2.332 -2.24 "" ""
4321.52 106.00113 0.458 -2.99 3.464 BX01R075
4321.614 24.0 3.119 -1.28 "" ""
4321.617 20.0 5.96 -4.06 "" ""
4321.618 28.0 3.895 -2.1 "" ""
4321.647 23.0 2.129 -2.71 "" ""
4321.652 22.0 2.235 0.09 LAWLER ""
4321.654 106.00113 1.032 -3.105 3.464 AX33Q065
4321.68 106.00112 1.034 -1.822 3.464 AX33R055
4321.705 106.00113 1.032 -1.758 3.464 AX33R065
4321.749 106.00112 1.034 -3.116 3.464 AX33Q065
4321.75 607.01214 3.466 -2.754 7.724 1415Ra0085
4321.751 607.01214 3.466 -2.797 7.724 1415Rb0075
4321.756 607.01214 3.466 -4.963 7.724 1415Qd0085
4321.762 42.0 3.263 -0.91 "" ""
4321.771 22.0 2.159 -1.38 LAWLER ""
4321.805 106.00112 1.034 -1.758 3.464 AX33R065
4321.805 106.00113 0.458 -7.179 3.464 BX01Q085
4321.809 607.01314 3.468 -2.3 7.724 1415Pb0195
4321.815 106.00112 1.806 -4.566 3.464 AX44R195
4321.822 20.0 4.765 -1.81 "" ""
4321.85 106.00113 0.458 -2.913 3.464 BX01R085
4321.924 6.0 7.94 -2.85 "" ""
4321.965 42.0 2.079 -1.65 "" ""
4321.991 106.00112 1.035 -3.105 3.464 AX33Q065
4322.002 23.0 1.194 -5.66 "" ""
4322.004 26.0 4.206 -4.51 "" ""
4322.013 607.01314 3.468 -5.229 7.724 1415Qc0195
4322.023 23.1 1.678 -2.82 "" ""
4322.045 106.00112 1.035 -1.758 3.464 AX33R065
4322.067 106.00113 0.556 -2.777 3.464 BX01R105
4322.075 607.01314 3.468 -2.285 7.724 1415Pa0205
4322.114 22.0 2.173 -1.52 LAWLER ""
4322.148 23.0 2.563 -1.97 "" ""
4322.156 607.01214 3.462 -2.797 7.724 1415Ra0075
4322.156 607.01214 3.462 -2.846 7.724 1415Rb0065
4322.161 607.01214 3.462 -4.908 7.724 1415Qd0075
4322.19 64.1 0.382 -1.36 LAWLER ""
4322.276 106.00113 0.556 -7.317 3.464 BX01Q115
4322.318 27.0 3.684 -3.27 "" ""
4322.324 106.00113 0.556 -2.715 3.464 BX01R115
4322.325 23.0 2.377 -1.12 "" ""
4322.451 106.00112 1.424 -4.168 3.464 AX44R105
4322.46 57.1139 0.173 -2.599 Lawle01HFS ""
4322.462 57.1139 0.173 -2.298 Lawle01HFS ""
4322.464 42.0 2.068 -2.22 "" ""
4322.464 57.1139 0.173 -2.377 Lawle01HFS ""
4322.471 57.1139 0.173 -2.181 Lawle01HFS ""
4322.474 57.1139 0.173 -2.115 Lawle01HFS ""
4322.477 57.1139 0.173 -2.474 Lawle01HFS ""
4322.487 57.1139 0.173 -1.91 Lawle01HFS ""
4322.491 57.1139 0.173 -2.056 Lawle01HFS ""
4322.495 57.1139 0.173 -2.62 Lawle01HFS ""
4322.508 57.1139 0.173 -1.703 Lawle01HFS ""
4322.513 57.1139 0.173 -2.09 Lawle01HFS ""
4322.518 57.1139 0.173 -2.854 Lawle01HFS ""
4322.526 22.0 0.848 -4.36 "" ""
4322.53 66.1 1.65 -0.82 LAWLER ""
4322.532 106.00112 0.489 -2.913 3.464 BX01R085
4322.534 22.0 2.316 -4.58 "" ""
4322.534 57.1139 0.173 -1.532 Lawle01HFS ""
4322.54 57.1139 0.173 -2.272 Lawle01HFS ""
4322.546 57.1139 0.173 -3.272 Lawle01HFS ""
4322.573 106.00113 0.431 -3.075 3.464 BX01R065
4322.584 607.01214 3.46 -2.846 7.724 1415Ra0065
4322.585 607.01214 3.46 -2.903 7.724 1415Rb0055
4322.589 607.01214 3.46 -4.846 7.724 1415Qd0065
4322.676 6.0 7.94 -3.9 "" ""
4322.694 26.0 2.607 -5.13 "" ""
4322.701 25.0 4.35 -2.49 "" ""
4322.703 106.00112 0.522 -2.842 3.464 BX01R095
4322.732 106.00113 0.835 -1.401 3.464 AX22Q095
4322.734 106.00113 0.87 -3.321 3.464 AX22R105
4322.74 106.00113 0.835 -3.28 3.464 AX22R095
4322.751 106.00113 0.87 -1.36 3.464 AX22Q105
4322.765 106.00113 1.8 -5.179 3.464 AX54P185
4322.77 106.00113 0.669 -2.498 3.464 AX22Q015
4322.77 106.00113 0.804 -1.448 3.464 AX22Q085
4322.781 106.00112 0.489 -7.243 3.464 BX01Q095
4322.787 106.00113 0.908 -3.358 3.464 AX22R115
4322.788 58.1 1.091 -0.28 BIEMONT ""
4322.789 106.00113 0.804 -3.235 3.464 AX22R085
4322.803 26.0 2.829 -3.63 "" ""
4322.809 106.00113 0.908 -1.323 3.464 AX22Q115
4322.816 106.00113 0.669 -2.496 3.464 AX22Q015
4322.823 26.0 4.59 -2.22 "" ""
4322.828 106.00113 0.775 -1.502 3.464 AX22Q075
4322.834 106.00112 0.489 -2.842 3.464 BX01R095
4322.846 20.0 4.76 -1.55 "" ""
4322.867 106.00113 0.775 -3.185 3.464 AX22R075
4322.902 106.00113 0.431 -7.092 3.464 BX01Q075
4322.908 106.00113 0.75 -1.565 3.464 AX22Q065
4322.918 106.00113 0.948 -3.393 3.464 AX22R125
4322.924 106.00113 0.87 -1.323 3.464 AX22Q115
4322.926 106.00112 0.522 -7.288 3.464 BX01Q105
4322.934 106.00113 0.87 -3.374 3.464 AX22P115
4322.935 106.00113 0.431 -2.989 3.464 BX01R075
4322.941 28.0 3.417 -4.72 "" ""
4322.949 106.00113 0.835 -1.361 3.464 AX22Q105
4322.949 106.00113 0.835 -3.335 3.464 AX22P105
4322.951 106.00113 0.948 -1.289 3.464 AX22Q125
4322.955 25.0 4.35 -4.13 "" ""
4322.958 106.00113 0.908 -1.29 3.464 AX22Q125
4322.959 106.00113 0.75 -3.129 3.464 AX22R065
4322.962 22.0 2.331 -2.48 "" ""
4322.967 44.0 3.122 -0.14 "" ""
4322.977 106.00113 0.727 -1.641 3.464 AX22Q055
4322.979 106.00112 1.848 -1.473 3.464 AX33R245
4322.98 106.00113 0.908 -3.41 3.464 AX22P125
4322.982 106.00112 0.671 -2.498 3.464 AX22Q015
4322.982 106.00112 0.838 -1.401 3.464 AX22Q095
4322.984 106.00112 0.522 -2.776 3.464 BX01R105
4322.984 106.00112 0.838 -3.28 3.464 AX22R095
4322.988 106.00112 0.873 -3.321 3.464 AX22R105
4322.997 56.0 1.566 -0.67 "" ""
4322.999 106.00112 0.459 -2.989 3.464 BX01R075
4322.999 106.00112 0.873 -1.36 3.464 AX22Q105
4323.002 106.00113 0.679 -2.066 3.464 AX22Q025
4323.008 106.00112 0.806 -1.448 3.464 AX22Q085
4323.011 106.00113 0.804 -3.293 3.464 AX22P095
4323.019 106.00112 0.671 -2.496 3.464 AX22Q015
4323.024 106.00112 0.806 -3.235 3.464 AX22R085
4323.028 106.00113 0.804 -1.402 3.464 AX22Q095
4323.03 106.00113 0.708 -1.737 3.464 AX22Q045
4323.036 607.01214 3.457 -2.903 7.724 1415Ra0055
4323.036 607.01214 3.457 -2.972 7.724 1415Rb0045
4323.04 607.01214 3.457 -4.775 7.724 1415Qd0055
4323.052 106.00112 0.911 -3.358 3.464 AX22R115
4323.054 106.00113 0.692 -1.867 3.464 AX22Q035
4323.054 106.00113 0.727 -3.066 3.464 AX22R055
4323.057 106.00112 0.778 -1.501 3.464 AX22Q075
4323.066 25.0 3.376 -5.23 "" ""
4323.068 106.00112 1.424 -4.136 3.464 AX44R105
4323.073 106.00113 0.948 -1.259 3.464 AX22Q135
4323.075 106.00112 0.911 -1.323 3.464 AX22Q115
4323.08 106.00113 0.669 -2.641 3.464 AX22R015
4323.085 106.00113 0.679 -2.065 3.464 AX22Q025
4323.095 106.00112 0.778 -3.185 3.464 AX22R075
4323.097 20.0 4.776 -1.88 "" ""
4323.104 106.00113 0.775 -3.247 3.464 AX22P085
4323.106 106.00113 0.948 -3.444 3.464 AX22P135
4323.11 106.00112 1.848 -3.762 3.464 AX33Q245
4323.13 106.00113 0.669 -2.645 3.464 AX22R015
4323.132 106.00112 0.752 -1.565 3.464 AX22Q065
4323.135 26.0 4.47 -2.34 "" ""
4323.139 106.00113 0.708 -2.992 3.464 AX22R045
4323.139 106.00113 0.775 -1.449 3.464 AX22Q085
4323.147 106.00113 0.992 -3.425 3.464 AX22R135
4323.159 106.00112 1.848 -1.462 3.464 AX33R235
4323.172 607.01314 3.476 -2.285 7.724 1415Pb0205
4323.18 106.00112 0.873 -1.323 3.464 AX22Q115
4323.182 106.00112 0.752 -3.129 3.464 AX22R065
4323.191 106.00112 0.873 -3.374 3.464 AX22P115
4323.191 106.00113 0.992 -1.259 3.464 AX22Q135
4323.192 106.00113 0.692 -1.866 3.464 AX22Q035
4323.195 106.00112 0.952 -3.392 3.464 AX22R125
4323.196 106.00112 0.838 -3.335 3.464 AX22P105
4323.198 106.00112 0.838 -1.36 3.464 AX22Q105
4323.198 106.00113 0.692 -2.903 3.464 AX22R035
4323.204 106.00113 0.679 -2.792 3.464 AX22R025
4323.21 106.00112 0.681 -2.066 3.464 AX22Q025
4323.21 106.00112 0.729 -1.641 3.464 AX22Q055
4323.218 106.00113 0.75 -3.196 3.464 AX22P075
4323.226 106.00112 0.911 -1.289 3.464 AX22Q125
4323.228 106.00112 0.952 -1.289 3.464 AX22Q125
4323.236 106.00113 0.708 -1.736 3.464 AX22Q045
4323.248 106.00112 0.911 -3.41 3.464 AX22P125
4323.249 106.00112 0.806 -3.293 3.464 AX22P095
4323.255 106.00112 0.71 -1.737 3.464 AX22Q045
4323.262 106.00113 0.727 -1.641 3.464 AX22Q055
4323.265 106.00112 0.806 -1.402 3.464 AX22Q095
4323.267 106.00112 0.694 -1.867 3.464 AX22Q035
4323.273 106.00112 0.729 -3.066 3.464 AX22R055
4323.277 106.00113 0.75 -1.504 3.464 AX22Q075
4323.284 106.00112 0.459 -7.179 3.464 BX01Q085
4323.286 106.00112 0.671 -2.641 3.464 AX22R015
4323.287 106.00113 0.679 -2.797 3.464 AX22R025
4323.288 106.00113 0.992 -1.231 3.464 AX22Q145
4323.29 62.1 0.104 -0.92 LAWLER ""
4323.291 106.00113 0.75 -1.564 3.464 AX22Q065
4323.293 106.00112 0.681 -2.065 3.464 AX22Q025
4323.319 106.00113 0.775 -1.501 3.464 AX22Q075
4323.33 106.00112 0.671 -2.645 3.464 AX22R015
4323.332 106.00113 0.992 -3.475 3.464 AX22P145
4323.333 106.00112 0.459 -2.912 3.464 BX01R085
4323.335 106.00112 0.778 -3.247 3.464 AX22P085
4323.336 106.00113 0.692 -2.909 3.464 AX22R035
4323.338 106.00113 0.75 -3.139 3.464 AX22R065
4323.341 106.00113 0.727 -3.074 3.464 AX22R055
4323.343 106.00113 0.727 -3.14 3.464 AX22P065
4323.346 106.00113 0.708 -2.999 3.464 AX22R045
4323.349 106.00113 0.775 -3.196 3.464 AX22R075
4323.353 106.00112 0.952 -1.259 3.464 AX22Q135
4323.355 106.00112 0.71 -2.992 3.464 AX22R045
4323.356 22.0 2.316 -3.98 "" ""
4323.358 26.0 2.452 -3.96 "" ""
4323.361 106.00113 0.804 -1.448 3.464 AX22Q085
4323.368 106.00112 0.778 -1.449 3.464 AX22Q085
4323.386 106.00112 0.952 -3.444 3.464 AX22P135
4323.386 106.00113 0.804 -3.247 3.464 AX22R085
4323.398 74.1 3.123 -1.09 "" ""
4323.401 26.0 4.206 -4.16 "" ""
4323.401 607.01314 3.476 -5.259 7.724 1415Qc0205
4323.404 23.0 2.33 -2.06 "" ""
4323.409 106.00112 0.694 -1.866 3.464 AX22Q035
4323.412 106.00112 0.681 -2.792 3.464 AX22R025
4323.412 106.00112 0.694 -2.903 3.464 AX22R035
4323.421 106.00113 0.727 -1.568 3.464 AX22Q065
4323.434 22.0 1.066 -1.78 "" ""
4323.437 106.00112 0.995 -3.425 3.464 AX22R135
4323.443 24.0 4.614 -1.19 "" ""
4323.444 106.00112 0.752 -3.196 3.464 AX22P075
4323.461 106.00113 0.836 -1.401 3.464 AX22Q095
4323.461 106.00113 0.836 -3.293 3.464 AX22R095
4323.462 41.0 1.156 -1.55 "" ""
4323.463 106.00112 0.71 -1.736 3.464 AX22Q045
4323.467 607.01314 3.476 -2.271 7.724 1415Pa0215
4323.471 106.00113 0.708 -3.077 3.464 AX22P055
4323.479 106.00112 0.995 -1.258 3.464 AX22Q135
4323.497 106.00112 0.752 -1.504 3.464 AX22Q075
4323.498 106.00112 0.73 -1.64 3.464 AX22Q055
4323.499 106.00113 1.038 -3.455 3.464 AX22R145
4323.506 106.00112 0.681 -2.797 3.464 AX22R025
4323.509 23.0 1.858 -2.15 LAWNOHFS ""
4323.51 607.01214 3.455 -2.972 7.724 1415Ra0045
4323.51 607.01214 3.455 -3.057 7.724 1415Rb0035
4323.513 607.01214 3.455 -4.692 7.724 1415Qd0045
4323.515 106.00112 0.752 -1.564 3.464 AX22Q065
4323.54 106.00113 0.776 -3.238 3.464 AX22P085
4323.55 59.1 0.629 -0.61 LINOHFS ""
4323.551 106.00112 0.778 -1.501 3.464 AX22Q075
4323.552 106.00113 1.038 -1.231 3.464 AX22Q145
4323.553 106.00112 0.694 -2.909 3.464 AX22R035
4323.554 68.1 0.891 -3.12 LAWLER ""
4323.556 106.00113 0.75 -3.188 3.464 AX22P075
4323.556 106.00113 0.804 -3.283 3.464 AX22P095
4323.563 106.00112 0.73 -3.074 3.464 AX22R055
4323.565 106.00112 0.73 -3.14 3.464 AX22P065
4323.565 106.00112 0.752 -3.139 3.464 AX22R065
4323.569 106.00112 0.71 -2.999 3.464 AX22R045
4323.569 106.00113 0.776 -1.45 3.464 AX22Q085
4323.571 106.00113 0.804 -1.402 3.464 AX22Q095
4323.573 106.00112 0.559 -2.777 3.464 BX01R105
4323.578 106.00113 0.708 -1.647 3.464 AX22Q055
4323.581 106.00112 0.995 -1.231 3.464 AX22Q145
4323.583 106.00112 0.778 -3.196 3.464 AX22R075
4323.589 106.00113 0.871 -3.335 3.464 AX22R105
4323.594 106.00113 0.728 -3.133 3.464 AX22P065
4323.597 106.00113 0.692 -3.007 3.464 AX22P045
4323.603 106.00113 0.871 -1.36 3.464 AX22Q105
4323.607 106.00113 0.75 -1.504 3.464 AX22Q075
4323.612 106.00112 0.807 -1.448 3.464 AX22Q085
4323.614 106.00113 0.836 -1.361 3.464 AX22Q105
4323.614 106.00113 0.836 -3.324 3.464 AX22P105
4323.623 106.00112 0.995 -3.475 3.464 AX22P145
4323.626 106.00113 1.038 -1.205 3.464 AX22Q155
4323.628 106.00112 0.807 -3.247 3.464 AX22R085
4323.641 106.00112 0.73 -1.568 3.464 AX22Q065
4323.641 40.1 2.488 -1.5 "" ""
4323.647 106.00113 0.708 -3.072 3.464 AX22P055
4323.671 106.00113 0.728 -1.569 3.464 AX22Q065
4323.68 106.00113 1.038 -3.505 3.464 AX22P155
4323.686 26.0 4.253 -3.83 "" ""
4323.69 106.00112 0.71 -3.077 3.464 AX22P055
4323.69 106.00113 0.596 -2.715 3.464 BX01R115
4323.694 106.00113 1.015 -6.119 3.464 BX11P205
4323.694 27.0 2.875 -4.12 "" ""
4323.698 28.0 3.396 -4.4 "" ""
4323.705 106.00113 1.015 -2.56 3.464 BX11Q195
4323.709 106.00113 0.679 -2.934 3.464 AX22P035
4323.71 106.00113 0.692 -3.003 3.464 AX22P045
4323.712 106.00112 0.839 -1.401 3.464 AX22Q095
4323.714 106.00112 0.839 -3.293 3.464 AX22R095
4323.715 106.00113 0.871 -1.323 3.464 AX22Q115
4323.728 106.00113 0.871 -3.362 3.464 AX22P115
4323.742 106.00113 0.692 -1.749 3.464 AX22Q045
4323.754 106.00113 0.708 -1.648 3.464 AX22Q055
4323.763 27.0 3.684 -3.14 "" ""
4323.765 24.0 2.965 -3.78 "" ""
4323.77 66.1 2.11 -0.94 LAWLER ""
4323.773 106.00112 0.559 -7.317 3.464 BX01Q115
4323.774 106.00112 1.807 -4.51 3.464 AX44R195
4323.775 106.00112 0.778 -3.238 3.464 AX22P085
4323.779 106.00113 1.015 -2.664 3.464 BX11Q205
4323.781 106.00113 0.679 -2.931 3.464 AX22P035
4323.784 106.00112 0.752 -3.188 3.464 AX22P075
4323.786 106.00113 0.908 -3.373 3.464 AX22R115
4323.79 106.00113 1.015 -6.322 3.464 BX11R195
4323.799 106.00112 0.71 -1.647 3.464 AX22Q055
4323.799 106.00112 0.778 -1.45 3.464 AX22Q085
4323.799 106.00112 0.807 -3.283 3.464 AX22P095
4323.8 21.0 2.134 -3.73 "" ""
4323.801 106.00112 1.042 -3.455 3.464 AX22R145
4323.812 106.00113 0.908 -1.323 3.464 AX22Q115
4323.815 106.00112 0.694 -3.007 3.464 AX22P045
4323.815 106.00112 0.807 -1.402 3.464 AX22Q095
4323.818 106.00112 0.73 -3.133 3.464 AX22P065
4323.833 106.00113 0.67 -2.889 3.464 AX22P025
4323.834 106.00112 0.559 -2.714 3.464 BX01R115
4323.834 106.00112 0.752 -1.504 3.464 AX22Q075
4323.841 20.0 4.677 -2.02 "" ""
4323.847 24.0 2.965 -1.94 "" ""
4323.851 106.00112 1.042 -1.231 3.464 AX22Q145
4323.854 106.00113 0.692 -1.749 3.464 AX22Q045
4323.855 106.00112 0.874 -3.334 3.464 AX22R105
4323.857 106.00112 0.839 -1.361 3.464 AX22Q105
4323.859 106.00113 0.67 -2.887 3.464 AX22P025
4323.866 106.00112 0.874 -1.36 3.464 AX22Q105
4323.867 106.00112 0.839 -3.324 3.464 AX22P105
4323.868 106.00112 0.71 -3.072 3.464 AX22P055
4323.869 106.00113 0.596 -7.33 3.464 BX01Q125
4323.887 106.00113 0.908 -1.29 3.464 AX22Q125
4323.899 106.00112 0.73 -1.569 3.464 AX22Q065
4323.9 59.1 0.422 -1.35 LINOHFS ""
4323.913 106.00113 0.908 -3.397 3.464 AX22P125
4323.92 106.00113 0.679 -1.892 3.464 AX22Q035
4323.927 26.0 4.217 -2.39 "" ""
4323.929 106.00112 0.694 -3.003 3.464 AX22P045
