wavelength species excitation loggf disassociation_energy comment
3974.211 27.0 3.772 -1.41 "" ""
3974.222 23.0 2.357 -3.1 "" ""
3974.225 90.1 1.802 -0.73 "" ""
3974.242 106.00112 1.0 -3.463 3.464 AX43R035
3974.252 26.0 4.151 -3.52 "" ""
3974.279 24.0 3.963 -3.24 "" ""
3974.291 106.00113 1.485 -8.047 3.464 CX14R125
3974.344 58.1 0.899 -0.35 BIEMONT ""
3974.381 26.0 3.241 -1.88 RUF14 ""
3974.39 106.00113 1.205 -2.78 3.464 AX43R115
3974.394 106.00112 0.522 -1.097 3.464 BX00Q165
3974.416 106.00112 0.522 -4.528 3.464 BX00P175
3974.433 106.00112 1.656 -5.082 3.464 AX43R215
3974.46 106.00113 1.205 -2.7 3.464 AX43R125
3974.466 106.00112 0.522 -4.547 3.464 BX00R165
3974.476 106.00113 1.205 -4.714 3.464 AX43Q125
3974.478 106.00112 0.522 -1.097 3.464 BX00Q175
3974.488 106.00112 0.729 -6.809 3.464 AX32P055
3974.488 58.1 0.703 -1.69 LAWLER ""
3974.507 44.0 1.062 -1.64 "" ""
3974.51 25.1 5.344 -5.87 "" ""
3974.567 106.00112 1.0 -4.51 3.464 AX43Q045
3974.592 22.0 2.133 -2.81 "" ""
3974.599 28.0 3.603 -1.87 "" ""
3974.629 28.0 3.844 0.22 "" ""
3974.638 62.0 0.282 -0.01 "" ""
3974.65 26.0 3.045 -1.74 "" ""
3974.651 106.00112 1.0 -3.332 3.464 AX43R045
3974.66 106.00112 1.0 -4.503 3.464 AX43Q045
3974.717 68.1 0.055 -0.85 LAWLER ""
3974.726 27.0 0.513 -2.25 LAWNHFS ""
3974.733 106.00112 0.73 -6.827 3.464 AX32P055
3974.744 106.00112 1.0 -3.332 3.464 AX43R045
3974.76 26.0 2.221 -2.6 "" ""
3974.795 26.0 4.298 -3.17 "" ""
3974.812 64.0 0.213 -0.54 "" ""
3974.814 106.00113 0.727 -6.809 3.464 AX32P055
3974.82 26.0 4.257 -2.98 "" ""
3974.832 106.00113 0.156 -3.992 3.464 BX00P085
3974.846 27.0 3.629 -1.61 "" ""
3974.859 106.00112 0.917 -7.22 3.464 AX10Q225
3974.896 92.0 0.947 0.02 "" ""
3974.926 106.00112 0.917 -4.79 3.464 AX10P235
3974.954 106.00112 0.917 -4.68 3.464 AX10P225
3974.955 106.00113 0.985 -3.599 3.464 AX43R025
3975.016 26.1 5.952 -2.0 "" ""
3975.02 106.00113 0.985 -3.599 3.464 AX43R025
3975.022 27.1 3.083 -3.94 "" ""
3975.024 24.0 3.011 -2.87 "" ""
3975.029 22.0 2.332 -2.56 "" ""
3975.052 24.0 3.695 -2.44 "" ""
3975.057 106.00113 0.727 -6.827 3.464 AX32P055
3975.069 58.1 0.956 -0.29 BIEMONT ""
3975.105 64.1 1.446 -0.35 "" ""
3975.116 106.00113 0.911 -7.22 3.464 AX10Q225
3975.143 106.00112 1.197 -4.946 3.464 AX32R175
3975.173 106.00113 0.911 -4.79 3.464 AX10P235
3975.182 23.0 1.954 -4.05 "" ""
3975.197 21.1 7.49 -2.9 "" ""
3975.197 60.1 1.336 0.04 "" ""
3975.203 26.0 2.467 -2.76 "" ""
3975.207 106.00112 1.197 -2.869 3.464 AX32Q175
3975.208 106.00113 0.911 -4.68 3.464 AX10P225
3975.22 62.1 0.277 -1.58 LAWLER ""
3975.231 106.00112 1.197 -2.78 3.464 AX32Q185
3975.238 22.0 2.316 -9.4 "" ""
3975.241 23.0 2.129 -6.47 "" ""
3975.295 106.00112 1.197 -5.648 3.464 AX32P185
3975.306 40.0 1.582 0.04 "" ""
3975.313 45.0 1.675 -0.12 "" ""
3975.317 27.0 2.278 -1.71 LAWNHFS ""
3975.326 106.00113 1.747 -8.516 3.464 CX14Q185
3975.341 23.0 2.576 -1.17 "" ""
3975.353 106.00112 1.208 -2.779 3.464 AX43R115
3975.419 106.00112 0.84 -6.319 3.464 AX21Q165
3975.427 21.0 1.849 -4.18 "" ""
3975.441 76.0 1.583 -1.43 "" ""
3975.461 74.0 1.507 -1.24 "" ""
3975.466 25.0 5.345 -3.77 "" ""
3975.468 106.00112 0.84 -8.193 3.464 AX21P165
3975.469 106.00112 1.208 -2.7 3.464 AX43R125
3975.485 23.0 1.868 -3.64 "" ""
3975.492 106.00112 1.208 -4.734 3.464 AX43Q125
3975.502 26.0 3.684 -4.4 "" ""
3975.512 26.0 4.253 -1.62 "" ""
3975.515 106.00112 0.157 -3.992 3.464 BX00P085
3975.517 106.00112 0.84 -6.38 3.464 AX21P175
3975.526 24.0 4.437 -3.01 "" ""
3975.529 106.00113 0.985 -4.418 3.464 AX43Q035
3975.557 24.0 3.446 -3.43 "" ""
3975.581 106.00113 0.985 -4.412 3.464 AX43Q035
3975.583 21.0 1.427 -3.7 "" ""
3975.626 22.0 1.878 -3.05 "" ""
3975.629 24.0 3.842 -4.12 "" ""
3975.633 29.0 4.97 -1.94 "" ""
3975.645 106.00112 1.723 -2.124 3.464 AX32R265
3975.646 75.0 2.02 -2.27 "" ""
3975.65 106.00113 0.985 -3.434 3.464 AX43R035
3975.683 106.00113 0.836 -6.319 3.464 AX21Q165
3975.684 24.0 3.548 -3.79 "" ""
3975.7 25.0 3.761 -4.85 "" ""
3975.702 106.00113 0.985 -3.435 3.464 AX43R035
3975.712 22.0 2.101 -2.17 "" ""
3975.744 106.00113 0.836 -8.193 3.464 AX21P165
3975.748 106.00113 1.593 -5.003 3.464 AX21R275
3975.753 20.0 4.621 -3.29 "" ""
3975.763 25.0 3.761 -6.22 "" ""
3975.768 106.00112 1.723 -4.744 3.464 AX32Q265
3975.776 106.00113 1.593 -2.5 3.464 AX21Q285
3975.777 106.00113 0.836 -6.38 3.464 AX21P175
3975.789 106.00113 1.748 -4.929 3.464 CX14R175
3975.808 106.00113 1.747 -4.836 3.464 CX14R185
3975.821 26.0 4.073 -1.62 "" ""
3975.822 106.00112 1.723 -2.198 3.464 AX32R255
3975.828 106.00112 1.289 -8.99 3.464 CX03R145
3975.828 25.0 3.761 -5.63 "" ""
3975.83 24.0 4.443 -0.78 "" ""
3975.842 26.0 3.544 -1.27 "" ""
3975.845 26.0 3.879 -3.79 "" ""
3975.849 22.0 0.825 -3.56 "" ""
3975.874 106.00113 1.593 -2.609 3.464 AX21Q275
3975.887 25.0 4.317 -0.76 "" ""
3975.888 74.0 2.119 -0.89 "" ""
3975.901 106.00113 1.593 -5.814 3.464 AX21P285
3975.942 42.0 2.513 -1.51 "" ""
3976.01 106.00113 1.193 -4.945 3.464 AX32R175
3976.029 24.0 2.542 -2.22 "" ""
3976.045 22.0 2.66 -2.8 "" ""
3976.08 24.1 4.778 -4.3 "" ""
3976.092 106.00113 1.193 -2.78 3.464 AX32Q185
3976.093 26.0 4.217 -2.69 "" ""
3976.104 106.00112 0.988 -3.599 3.464 AX43R025
3976.11 60.1 0.204 -1.51 LAWLER ""
3976.115 106.00113 1.193 -2.868 3.464 AX32Q175
3976.151 21.0 2.294 -2.62 "" ""
3976.157 24.1 6.277 -1.88 "" ""
3976.17 106.00113 1.589 -9.927 3.464 AX53P195
3976.173 106.00112 0.988 -3.598 3.464 AX43R025
3976.175 106.00112 1.209 -2.779 3.464 AX43R115
3976.175 26.0 3.651 -5.96 "" ""
3976.187 106.00113 1.243 -2.705 3.464 AX43R125
3976.195 6.0 7.94 -3.39 "" ""
3976.197 106.00113 1.193 -5.648 3.464 AX32P185
3976.235 106.00112 1.209 -2.7 3.464 AX43R125
3976.256 106.00113 1.714 -7.872 3.464 AX42P255
3976.258 106.00112 1.209 -4.714 3.464 AX43Q125
3976.263 23.0 2.614 -4.31 "" ""
3976.27 62.1 0.104 -0.9 LAWLER ""
3976.282 106.00113 1.243 -2.627 3.464 AX43R135
3976.308 106.00113 1.243 -4.724 3.464 AX43Q135
3976.314 77.0 1.621 -0.57 "" ""
3976.322 24.0 4.096 -0.67 "" ""
3976.337 28.0 3.844 -1.18 "" ""
3976.369 6.0 7.94 -3.76 "" ""
3976.385 26.0 3.015 -2.18 "" ""
3976.391 22.0 2.083 -1.89 "" ""
3976.415 90.1 1.188 -0.76 "" ""
3976.43 62.1 0.333 -0.58 LAWLER ""
3976.469 106.00112 1.758 -7.308 3.464 CX25R125
3976.472 26.0 4.183 -2.6 "" ""
3976.518 26.0 3.957 -4.26 "" ""
3976.546 26.0 3.249 -1.78 "" ""
3976.56 27.0 2.079 -4.03 "" ""
3976.613 26.0 3.412 -0.67 "" ""
3976.658 24.0 2.543 0.39 SOBECK ""
3976.666 41.0 1.893 -0.05 "" ""
3976.677 22.0 2.115 -0.99 "" ""
3976.679 69.0 2.074 0.32 "" ""
3976.684 106.00112 0.988 -4.417 3.464 AX43Q035
3976.701 24.0 2.543 -0.48 SOBECK ""
3976.71 62.1 0.378 -2.27 LAWLER ""
3976.711 25.0 3.761 -6.6 "" ""
3976.731 68.0 1.332 0.76 "" ""
3976.735 106.00112 0.988 -4.412 3.464 AX43Q035
3976.772 58.1 0.875 -0.79 "" ""
3976.782 59.1 1.05 -0.33 "" ""
3976.798 106.00112 0.988 -3.434 3.464 AX43R035
3976.83 60.1 0.0 -0.4 LAWLER ""
3976.84 65.1 0.0 -0.08 LAWNOHFS ""
3976.85 106.00112 0.988 -3.434 3.464 AX43R035
3976.859 26.0 3.015 -2.73 "" ""
3976.861 27.1 5.065 -2.95 "" ""
3976.862 26.0 3.298 -2.93 "" ""
3976.867 25.0 3.761 -7.93 "" ""
3976.873 106.00112 1.199 -4.967 3.464 AX32R175
3976.877 106.00112 1.199 -2.781 3.464 AX32Q185
3976.88 21.1 7.466 -2.36 "" ""
3976.885 25.0 3.761 -4.15 "" ""
3976.937 106.00112 1.199 -2.869 3.464 AX32Q175
3976.937 25.0 3.761 -9.11 "" ""
3976.941 106.00112 1.199 -5.629 3.464 AX32P185
3976.986 26.0 4.214 -1.79 "" ""
3976.997 27.0 3.229 -7.53 "" ""
3977.017 68.0 0.624 0.52 "" ""
3977.018 25.0 3.761 -8.28 "" ""
3977.02 24.0 4.444 -1.85 "" ""
3977.054 106.00112 0.841 -6.347 3.464 AX21Q165
3977.07 106.00112 0.841 -6.38 3.464 AX21P175
3977.078 25.0 4.27 -0.63 "" ""
3977.103 106.00112 0.841 -8.193 3.464 AX21P165
3977.166 26.0 3.249 -3.36 "" ""
3977.172 106.00113 1.244 -2.705 3.464 AX43R125
3977.173 27.0059 2.326 -1.934 Lawle15HFS ""
3977.174 27.0059 2.326 -2.401 Lawle15HFS ""
3977.185 27.0059 2.326 -2.255 Lawle15HFS ""
3977.187 27.0059 2.326 -2.255 Lawle15HFS ""
3977.194 27.0059 2.326 -2.276 Lawle15HFS ""
3977.198 27.0059 2.326 -2.732 Lawle15HFS ""
3977.216 106.00113 1.244 -2.627 3.464 AX43R135
3977.228 76.0 0.638 -1.94 Quinet06 ""
3977.237 106.00113 0.975 -3.789 3.464 AX43R015
3977.24 106.00113 1.244 -4.702 3.464 AX43Q135
3977.24 60.1 0.32 -1.32 LAWLER ""
3977.244 27.0 3.62 -1.36 "" ""
3977.268 106.00113 0.975 -3.788 3.464 AX43R015
3977.299 106.00113 0.837 -6.347 3.464 AX21Q165
3977.305 60.1 0.064 -1.39 "" ""
3977.318 106.00113 0.837 -6.38 3.464 AX21P175
3977.323 40.0 0.65 -1.36 "" ""
3977.353 106.00113 0.837 -8.193 3.464 AX21P165
3977.44 28.0 3.539 -3.95 "" ""
3977.461 40.0 0.998 -0.65 "" ""
3977.529 58.1 1.087 -0.45 BIEMONT ""
3977.586 106.00112 0.919 -4.79 3.464 AX10P235
3977.605 27.0 3.772 -1.13 "" ""
3977.614 106.00112 1.491 -8.046 3.464 CX14R125
3977.619 23.0 2.579 -2.74 "" ""
3977.626 106.00112 0.919 -7.257 3.464 AX10Q225
3977.717 27.0 2.872 -1.98 "" ""
3977.72 23.1 1.475 -1.56 LAWNOHFS ""
3977.722 106.00112 0.919 -4.68 3.464 AX10P225
3977.738 106.00113 1.194 -2.78 3.464 AX32Q185
3977.738 58.1 0.736 -0.59 "" ""
3977.741 26.0 2.196 -1.12 OBR91 ""
3977.745 106.00113 1.194 -4.967 3.464 AX32R175
3977.77 106.00113 1.194 -5.629 3.464 AX32P185
3977.777 106.00113 1.194 -2.868 3.464 AX32Q175
3977.81 106.00113 0.914 -4.79 3.464 AX10P235
3977.822 106.00112 0.361 -7.333 3.464 AX10P135
3977.858 106.00113 0.914 -7.257 3.464 AX10Q225
3977.898 42.0 3.387 -0.65 "" ""
3977.935 41.0 1.612 -0.4 "" ""
3977.95 106.00113 0.914 -4.68 3.464 AX10P225
3977.951 25.1 6.663 -4.51 "" ""
3977.963 6.0 7.679 -3.63 "" ""
3977.982 60.1 1.617 -0.08 "" ""
3978.024 23.0 0.0 -4.23 "" ""
3978.087 106.00113 0.976 -4.291 3.464 AX43Q025
3978.109 106.00113 0.976 -4.287 3.464 AX43Q025
3978.154 21.0 1.942 -2.86 "" ""
3978.159 26.0 4.206 -0.66 "" ""
3978.182 27.0 3.71 -2.17 "" ""
3978.213 106.00112 1.247 -2.704 3.464 AX43R125
3978.221 106.00113 0.359 -7.333 3.464 AX10P135
3978.254 106.00113 0.976 -3.554 3.464 AX43R025
3978.276 106.00113 0.976 -3.555 3.464 AX43R025
3978.277 26.0 3.881 -3.55 "" ""
3978.28 60.1 0.38 -1.36 LAWLER ""
3978.309 106.00112 1.248 -2.627 3.464 AX43R135
3978.313 106.00113 0.968 -4.014 3.464 AX43R005
3978.327 106.00113 0.968 -4.014 3.464 AX43R005
3978.337 23.0 1.847 -2.13 "" ""
3978.34 106.00112 1.248 -4.723 3.464 AX43Q135
3978.342 22.0 0.812 -3.9 "" ""
3978.343 28.0 4.15 -1.83 "" ""
3978.38 106.00112 0.978 -3.788 3.464 AX43R015
3978.389 28.0 4.15 -1.07 "" ""
3978.4 24.0 4.398 -4.24 "" ""
3978.414 106.00112 0.978 -3.788 3.464 AX43R015
3978.417 63.0 1.667 -0.07 "" ""
3978.423 23.0 2.121 -2.83 "" ""
3978.426 106.00112 0.838 -4.423 3.464 AX32P095
3978.443 106.00112 0.838 -5.584 3.464 AX32Q095
3978.447 44.0 0.997 -0.82 "" ""
3978.458 26.0 2.829 -2.96 "" ""
3978.483 106.00112 1.601 -5.003 3.464 AX21R275
3978.517 106.00112 1.755 -4.835 3.464 CX14R185
3978.537 106.00112 1.601 -2.499 3.464 AX21Q285
3978.56 66.1 0.92 0.22 LAWLER ""
3978.564 106.00112 1.601 -2.609 3.464 AX21Q275
3978.599 106.00113 1.714 -2.197 3.464 AX32R255
3978.617 106.00112 1.601 -5.813 3.464 AX21P285
3978.619 106.00112 1.755 -4.928 3.464 CX14R175
3978.62 106.00112 1.755 -8.516 3.464 CX14Q185
3978.624 106.00112 0.838 -4.355 3.464 AX32P105
3978.625 106.00113 1.714 -2.123 3.464 AX32R265
3978.635 106.00113 1.714 -4.783 3.464 AX32Q265
3978.646 58.1 0.536 -0.24 LAWLER ""
3978.65 27.0 0.513 -2.27 LAWNHFS ""
3978.675 106.00113 0.835 -4.423 3.464 AX32P095
3978.677 24.0 2.706 -0.83 "" ""
3978.677 24.0 3.844 -2.61 "" ""
3978.683 22.0 0.818 -3.6 "" ""
3978.694 106.00113 0.835 -5.584 3.464 AX32Q095
3978.736 40.0 1.529 -0.31 "" ""
3978.749 41.0 0.197 -1.5 "" ""
3978.778 25.0 4.255 -1.85 "" ""
3978.8 25.0 5.108 -2.74 "" ""
3978.855 27.0 3.684 -0.16 "" ""
3978.874 106.00113 0.835 -4.355 3.464 AX32P105
3978.923 106.00112 0.559 -8.393 3.464 AX21P105
3979.036 23.0 2.364 -5.33 "" ""
3979.039 106.00112 0.362 -7.375 3.464 AX10P135
3979.043 90.1 3.558 0.54 "" ""
3979.044 106.00112 0.839 -4.422 3.464 AX32P095
3979.061 106.00112 0.839 -5.602 3.464 AX32Q095
3979.061 24.0 4.398 -2.48 "" ""
3979.12 106.00113 1.716 -7.941 3.464 AX42P255
3979.122 26.0 2.988 -5.94 "" ""
3979.131 68.1 1.56 -0.62 "" ""
3979.137 23.0 2.573 -0.18 "" ""
3979.162 106.00112 1.248 -2.704 3.464 AX43R125
3979.188 24.0 4.446 -0.29 "" ""
3979.193 106.00112 0.839 -4.355 3.464 AX32P105
3979.197 106.00112 1.248 -2.627 3.464 AX43R135
3979.2 62.1 0.543 -0.47 LAWLER ""
3979.206 106.00113 1.596 -2.501 3.464 AX21Q285
3979.206 24.0 4.528 -2.62 "" ""
3979.217 42.0 3.387 -0.76 "" ""
3979.226 26.0 4.298 -2.99 "" ""
3979.228 106.00112 1.248 -4.702 3.464 AX43Q135
3979.237 106.00112 0.979 -4.291 3.464 AX43Q025
3979.253 106.00113 1.596 -5.034 3.464 AX21R275
3979.259 106.00112 0.979 -4.287 3.464 AX43Q025
3979.262 21.1 7.49 -3.28 "" ""
3979.267 73.0 1.324 -1.37 "" ""
3979.278 106.00113 0.556 -8.393 3.464 AX21P105
3979.281 74.0 1.915 -0.91 "" ""
3979.292 106.00113 0.836 -4.422 3.464 AX32P095
3979.302 106.00113 0.836 -5.602 3.464 AX32Q095
3979.31 27.1 2.777 -5.95 "" ""
3979.333 24.0 3.419 -2.58 "" ""
3979.336 24.0 4.093 -0.79 "" ""
3979.346 21.0 1.849 -4.89 "" ""
3979.349 64.0 0.027 -0.74 "" ""
3979.367 41.0 1.572 -0.64 "" ""
3979.367 76.0 3.751 -0.12 "" ""
3979.372 106.00113 1.596 -5.785 3.464 AX21P285
3979.372 24.0 3.553 -2.36 "" ""
3979.379 72.1 3.482 0.55 "" ""
3979.398 106.00112 0.979 -3.554 3.464 AX43R025
3979.418 23.0 2.357 -0.33 "" ""
3979.419 106.00112 0.979 -3.555 3.464 AX43R025
3979.419 106.00113 1.596 -2.61 3.464 AX21Q275
3979.419 44.0 0.148 -1.11 "" ""
3979.424 106.00113 0.36 -7.375 3.464 AX10P135
3979.432 106.00113 0.836 -4.355 3.464 AX32P105
3979.463 106.00112 0.97 -4.014 3.464 AX43R005
3979.47 60.1 0.204 -0.33 LAWLER ""
3979.47 66.1 0.59 -1.13 LAWLER ""
3979.478 106.00112 0.97 -4.014 3.464 AX43R005
3979.505 24.1 5.666 -0.73 "" ""
3979.514 27.0 0.101 -2.68 "" ""
3979.523 106.00113 1.285 -2.631 3.464 AX43R135
3979.599 106.00113 1.285 -2.556 3.464 AX43R145
3979.633 106.00113 1.285 -4.709 3.464 AX43Q145
3979.635 23.0 2.123 -2.03 "" ""
3979.636 26.0 3.263 -1.97 "" ""
3979.687 106.00112 0.559 -8.426 3.464 AX21P105
3979.724 24.0 4.385 -2.9 "" ""
3979.738 27.0 3.729 -2.43 "" ""
3979.79 24.0 2.707 -1.13 "" ""
3979.791 21.0 1.438 -3.31 "" ""
3979.811 20.0 5.792 -3.23 "" ""
3979.822 23.0 2.121 -4.34 "" ""
3979.955 29.0 5.684 -2.15 "" ""
3980.009 26.0 3.544 -3.94 "" ""
3980.028 20.0 5.916 -4.9 "" ""
3980.031 106.00113 0.557 -8.426 3.464 AX21P105
3980.054 20.0 4.621 -5.18 "" ""
3980.143 25.0 5.083 -0.61 "" ""
3980.144 68.1 0.886 -1.13 LAWLER ""
3980.198 42.0 3.315 -0.71 "" ""
3980.215 24.0 4.529 -2.14 "" ""
3980.217 23.0 2.113 -4.28 "" ""
3980.221 24.0 3.09 -3.87 "" ""
3980.302 26.0 4.175 -2.93 "" ""
3980.349 23.0 2.581 -2.69 "" ""
3980.474 41.0 0.13 -2.05 "" ""
3980.497 27.0 3.213 -4.14 "" ""
3980.509 23.0 2.787 0.03 LAWNOHFS ""
3980.545 22.0 2.486 -2.21 "" ""
3980.547 26.0 2.83 -5.75 "" ""
3980.604 68.0 1.533 0.71 "" ""
3980.623 24.0 4.398 -4.04 "" ""
3980.627 26.0 2.424 -3.32 "" ""
3980.633 74.0 2.456 -0.11 "" ""
3980.634 23.0 1.852 -2.16 "" ""
3980.661 106.00113 1.286 -2.631 3.464 AX43R135
3980.683 106.00113 1.286 -2.556 3.464 AX43R145
3980.701 42.0 2.068 -2.11 "" ""
3980.71 20.0 4.128 -4.68 "" ""
3980.714 106.00113 1.286 -4.686 3.464 AX43Q145
3980.714 25.0 4.675 -3.94 "" ""
3980.717 23.0 1.891 -3.4 "" ""
3980.749 20.0 5.685 -4.29 "" ""
3980.755 90.1 3.021 0.47 "" ""
3980.762 20.0 5.917 -2.71 "" ""
3980.795 92.0 0.714 -0.21 "" ""
3980.811 22.0 2.091 -1.26 "" ""
3980.89 58.1 0.708 -0.21 LAWLER ""
3980.996 73.1 1.471 -0.85 "" ""
3980.997 22.1 4.965 -4.65 "" ""
3981.07 22.0 1.979 -5.35 "" ""
3981.08 27.0 3.772 -3.45 "" ""
3981.098 26.0 2.422 -2.95 "" ""
3981.107 106.00113 0.97 -4.106 3.464 AX43Q015
3981.107 90.1 1.661 -0.31 "" ""
3981.11 106.00113 0.97 -4.104 3.464 AX43Q015
3981.112 20.0 3.907 -7.56 "" ""
3981.117 22.0 2.295 -2.82 "" ""
3981.16 65.1 0.856 -0.14 LAWNOHFS ""
3981.21 60.1 0.204 -0.91 LAWLER ""
3981.231 24.0 2.708 -0.87 "" ""
3981.234 27.0 3.277 -4.57 "" ""
3981.285 106.00113 1.716 -2.123 3.464 AX32R265
3981.357 106.00113 0.97 -3.709 3.464 AX43R015
3981.359 106.00113 0.97 -3.71 3.464 AX43R015
3981.364 66.0 0.937 -0.18 "" ""
3981.389 106.00112 0.992 -7.012 3.464 AX10Q235
3981.445 27.0 2.875 -2.76 "" ""
3981.452 22.0 2.115 -1.35 "" ""
3981.453 106.00112 0.992 -4.949 3.464 AX10P245
3981.454 22.0 2.29 -3.24 "" ""
3981.484 21.0 1.864 -2.57 "" ""
3981.489 106.00112 0.992 -4.789 3.464 AX10P235
3981.51 60.1 0.204 -1.77 LAWLER ""
3981.526 20.0 2.93 -3.0 "" ""
3981.536 106.00113 1.716 -4.743 3.464 AX32Q265
3981.544 26.1 4.728 -3.85 "" ""
3981.552 21.0 1.432 -3.58 "" ""
3981.567 106.00113 0.986 -7.012 3.464 AX10Q235
3981.577 20.0 2.93 -6.19 "" ""
3981.587 40.0 1.365 -0.18 "" ""
3981.608 26.1 1.723 -5.05 "" ""
3981.62 106.00113 0.986 -4.949 3.464 AX10P245
3981.628 106.00113 1.716 -2.197 3.464 AX32R255
3981.665 106.00113 0.986 -4.789 3.464 AX10P235
3981.694 20.0 2.93 -0.4 "" ""
3981.732 24.0 4.093 -4.2 "" ""
3981.743 23.0 2.314 -4.47 "" ""
3981.762 22.0 0.0 -0.27 LAWLER ""
3981.767 106.00112 1.255 -4.908 3.464 AX32R185
3981.771 26.0 2.725 -1.08 "" ""
3981.802 24.0 4.096 -0.86 "" ""
3981.822 24.1 7.38 -3.63 "" ""
3981.828 90.0 1.592 -0.08 "" ""
3981.838 106.00112 1.255 -2.781 3.464 AX32Q185
3981.845 106.00112 1.289 -2.631 3.464 AX43R135
3981.849 106.00112 1.255 -2.694 3.464 AX32Q195
3981.87 65.1 0.439 0.09 LAWNOHFS ""
3981.891 58.1 0.74 -1.17 "" ""
3981.92 66.1 0.93 -0.09 LAWLER ""
3981.921 106.00112 1.255 -5.592 3.464 AX32P195
3981.922 106.00112 1.289 -2.555 3.464 AX43R145
3981.925 24.0 3.847 -1.67 "" ""
3981.936 25.1 5.366 -4.07 "" ""
3981.938 73.0 1.97 -0.63 "" ""
3981.961 106.00112 1.289 -4.709 3.464 AX43Q145
3981.961 106.00112 1.604 -2.5 3.464 AX21Q285
3981.991 22.1 0.573 -2.54 LAWLER ""
3982.025 106.00112 1.604 -5.034 3.464 AX21R275
3982.025 40.1 2.488 -1.0 "" ""
3982.041 106.00112 1.604 -5.785 3.464 AX21P285
3982.048 42.0 2.913 -0.96 "" ""
3982.052 59.1 0.422 0.37 "" ""
3982.054 41.0 1.629 -0.88 "" ""
3982.092 21.0 4.681 -3.5 "" ""
3982.092 28.1 3.602 -4.47 "" ""
3982.105 106.00112 1.604 -2.609 3.464 AX21Q275
3982.133 22.0 2.304 -2.64 "" ""
3982.157 25.0 4.27 -0.78 "" ""
3982.168 40.0 1.349 -0.49 "" ""
3982.168 58.0 0.274 0.12 "" ""
3982.174 26.0 3.6 -3.46 "" ""
3982.219 21.1 7.477 -3.13 "" ""
3982.247 106.00113 0.312 -1.376 3.464 BX00P125
3982.26 24.0 3.11 -4.44 "" ""
3982.264 106.00112 0.973 -4.106 3.464 AX43Q015
3982.266 106.00112 0.973 -4.104 3.464 AX43Q015
3982.271 26.1 5.952 -4.4 "" ""
3982.276 25.0 5.108 -1.28 "" ""
3982.296 106.00113 0.312 -7.749 3.464 BX00Q125
3982.299 28.0 3.676 -1.22 "" ""
3982.302 106.00112 0.896 -6.224 3.464 AX21Q175
3982.306 21.0 1.864 -6.96 "" ""
3982.328 68.0 0.862 0.89 "" ""
3982.35 60.1 0.38 -0.65 LAWLER ""
3982.356 106.00112 0.896 -6.377 3.464 AX21P175
3982.39 21.0 2.318 -3.12 "" ""
3982.393 106.00112 0.896 -5.743 3.464 AX21P185
3982.439 106.00113 0.312 -1.36 3.464 BX00P135
3982.447 59.1 0.055 -1.31 "" ""
3982.472 106.00113 0.839 -1.342 3.464 BX10R215
3982.481 22.0 0.0 -1.26 LAWLER ""
3982.504 106.00112 0.973 -3.709 3.464 AX43R015
3982.506 106.00112 0.973 -3.71 3.464 AX43R015
3982.507 106.00113 0.892 -6.224 3.464 AX21Q175
3982.534 106.00113 1.718 -7.318 3.464 CX25R115
3982.535 106.00113 0.839 -6.632 3.464 BX10Q225
3982.544 106.00113 0.77 -1.854 3.464 BX10P205
3982.577 106.00113 0.892 -6.377 3.464 AX21P175
3982.583 25.0 3.132 -0.66 "" ""
3982.59 39.1 0.13 -0.56 Biemont11 ""
3982.592 106.00113 0.892 -5.743 3.464 AX21P185
3982.595 24.0 4.096 -1.91 "" ""
3982.601 106.00113 0.839 -0.942 3.464 BX10R225
3982.601 42.0 2.075 -1.87 "" ""
3982.616 106.00113 0.77 -6.761 3.464 BX10Q205
3982.624 26.0 4.1 -2.96 "" ""
3982.685 106.00113 0.77 -1.792 3.464 BX10P215
3982.769 24.0 3.963 -2.39 "" ""
3982.791 25.0 5.13 -0.28 "" ""
3982.859 74.0 2.244 -0.87 "" ""
3982.866 23.0 2.364 -4.06 "" ""
3982.888 58.1 0.736 -0.55 BIEMONT ""
3982.892 106.00113 1.25 -4.908 3.464 AX32R185
3982.901 58.1 0.822 -0.29 LAWLER ""
3982.915 24.1 4.934 -4.55 "" ""
3982.929 106.00112 1.29 -2.631 3.464 AX43R135
3982.94 106.00112 1.29 -2.556 3.464 AX43R145
3982.952 26.1 6.133 -3.32 "" ""
3982.953 74.0 2.385 -0.33 "" ""
3982.966 106.00113 1.25 -2.694 3.464 AX32Q195
3982.979 106.00112 1.29 -4.685 3.464 AX43Q145
3983.0 64.1 0.731 -1.03 LAWLER ""
3983.001 106.00112 0.314 -1.376 3.464 BX00P125
3983.011 106.00113 1.25 -2.781 3.464 AX32Q185
3983.021 24.1 7.381 -3.92 "" ""
3983.023 27.1 3.418 -2.2 "" ""
3983.027 22.0 1.886 -3.61 "" ""
3983.05 106.00112 0.314 -7.748 3.464 BX00Q125
3983.085 106.00113 1.25 -5.591 3.464 AX32P195
3983.137 21.0 2.318 -3.06 "" ""
3983.139 68.1 1.561 -0.28 "" ""
3983.14 62.1 0.378 -0.61 LAWLER ""
3983.191 106.00112 0.314 -1.36 3.464 BX00P135
3983.229 24.0 3.446 -0.93 "" ""
3983.237 26.0 2.607 -4.99 "" ""
3983.277 74.0 2.456 0.19 "" ""
3983.288 58.1 0.516 -0.59 LAWLER ""
3983.302 27.0 3.626 -3.37 "" ""
3983.334 24.0 4.443 -0.83 "" ""
3983.356 26.0 3.015 -3.05 "" ""
3983.363 106.00113 0.838 -6.733 3.464 BX00Q225
3983.39 60.1 0.471 -0.98 LAWLER ""
3983.407 106.00112 0.844 -1.606 3.464 BX00R215
3983.431 21.1 7.477 -4.97 "" ""
3983.475 106.00112 0.844 -6.733 3.464 BX00Q225
3983.505 106.00113 1.532 -9.611 3.464 CX03Q195
3983.518 22.0 2.479 -2.71 "" ""
3983.537 26.0 4.309 -3.74 "" ""
3983.542 106.00112 0.844 -1.685 3.464 BX00R225
3983.555 60.1 1.336 -0.29 "" ""
3983.576 22.0 1.732 -7.3 "" ""
3983.6 106.00113 1.329 -2.56 3.464 AX43R145
3983.645 6.0 7.679 -4.22 "" ""
3983.65 66.1 0.54 -0.31 LAWLER ""
3983.659 106.00113 1.329 -2.487 3.464 AX43R155
3983.66 106.00112 1.256 -2.694 3.464 AX32Q195
3983.665 106.00112 1.256 -4.931 3.464 AX32R185
3983.7 106.00113 1.329 -4.691 3.464 AX43Q155
3983.724 25.0 4.791 -1.66 "" ""
3983.731 106.00112 1.256 -5.571 3.464 AX32P195
3983.736 106.00112 1.256 -2.781 3.464 AX32Q185
3983.816 106.00112 0.752 -6.819 3.464 AX32P065
3983.827 22.0 2.115 -1.46 "" ""
3983.832 26.0 3.015 -4.81 "" ""
3983.837 73.0 1.202 -2.04 "" ""
3983.874 26.0 4.217 -2.7 "" ""
3983.89 80.1 4.4 -1.73 "" ""
3983.9 24.0 2.542 0.3 SOBECK ""
3983.934 20.0 4.621 -4.01 "" ""
3983.956 26.0 2.725 -0.93 BEL17 ""
3984.022 24.0 4.385 -2.47 "" ""
3984.032 21.0 2.292 -2.75 "" ""
3984.043 106.00113 1.533 -5.939 3.464 CX03R185
3984.048 106.00113 0.838 -1.605 3.464 BX00R215
3984.057 106.00113 1.532 -5.87 3.464 CX03R195
3984.083 106.00113 0.75 -6.819 3.464 AX32P065
3984.107 106.00112 0.898 -6.254 3.464 AX21Q175
3984.113 106.00112 0.898 -5.743 3.464 AX21P185
3984.139 28.0 3.676 -0.19 "" ""
3984.141 106.00112 0.752 -6.84 3.464 AX32P065
3984.162 106.00112 0.898 -6.377 3.464 AX21P175
3984.167 26.0 3.544 -5.68 "" ""
3984.177 25.0 3.132 -1.49 "" ""
