wavelength species excitation loggf disassociation_energy comment
3838.51 60.1 0.204 -1.51 LAWLER ""
3838.512 106.00113 0.388 -7.134 3.464 AX21R055
3838.522 607.01314 0.585 -0.298 7.724 0202Ra0205
3838.522 607.01314 0.585 -0.319 7.724 0202Rb0195
3838.53 607.01214 2.175 -3.671 7.724 0808Qd0335
3838.538 58.1 0.327 -0.14 LAWLER ""
3838.542 607.01314 0.585 -3.256 7.724 0202Qd0205
3838.551 23.0 2.682 -0.57 "" ""
3838.56 106.00112 1.487 -7.529 3.464 AX20P295
3838.591 607.01314 1.702 -0.774 7.724 0707Rb0115
3838.594 106.00112 1.209 -7.117 3.464 AX53P115
3838.6 607.01314 1.702 -3.289 7.724 0707Qd0125
3838.614 22.0 2.159 -3.36 "" ""
3838.63 24.0 4.183 -0.45 "" ""
3838.65 66.1 0.92 -0.95 LAWLER ""
3838.655 106.00113 0.388 -7.115 3.464 AX21R055
3838.664 25.0 4.791 -2.97 "" ""
3838.67 25.0 3.376 -4.52 "" ""
3838.681 27.0 3.626 -1.34 "" ""
3838.684 25.0 4.709 -1.52 "" ""
3838.69 22.0 2.173 -3.56 "" ""
3838.701 607.01214 1.472 -1.197 7.724 0606Ra0035
3838.713 607.01214 0.441 -0.078 7.724 0101Ra0285
3838.714 607.01214 1.472 -1.31 7.724 0606Rb0025
3838.717 607.01214 1.472 -2.742 7.724 0606Qd0035
3838.741 607.01314 0.975 -1.124 7.724 0404Ra0035
3838.741 607.01314 0.975 -1.237 7.724 0404Rb0025
3838.751 607.01314 0.975 -2.669 7.724 0404Qd0035
3838.759 607.01214 0.441 -0.093 7.724 0101Rb0275
3838.762 106.00113 1.639 -4.685 3.464 AX42Q245
3838.789 607.01214 0.441 -3.314 7.724 0101Qd0285
3838.806 22.0 2.576 -3.25 "" ""
3838.86 607.01314 1.441 -1.323 7.724 0606Ra0025
3838.86 607.01314 1.441 -1.479 7.724 0606Rb0015
3838.863 26.0 4.188 -2.28 "" ""
3838.867 607.01314 1.441 -2.626 7.724 0606Qd0025
3838.899 607.01214 0.994 -1.229 7.724 0404Ra0025
3838.9 64.0 0.124 -1.57 "" ""
3838.904 607.01214 0.994 -1.384 7.724 0404Rb0015
3838.91 607.01214 0.994 -2.531 7.724 0404Qd0025
3838.931 23.0 2.614 -4.77 "" ""
3838.94 62.1 0.333 -0.9 LAWLER ""
3838.944 607.01314 2.075 -0.363 7.724 0808Ra0295
3838.958 106.00113 1.482 -7.608 3.464 AX20P295
3838.962 22.1 4.861 -4.73 "" ""
3838.98 60.1 0.0 -0.24 LAWLER ""
3838.981 607.01314 2.075 -0.379 7.724 0808Rb0285
3838.982 607.01214 1.742 -0.723 7.724 0707Rb0125
3838.982 607.01214 1.743 -0.692 7.724 0707Ra0135
3838.991 607.01314 0.441 -0.066 7.724 0101Ra0295
3838.994 607.01214 1.743 -3.305 7.724 0707Qd0135
3839.0 22.0 1.501 -0.6 "" ""
3839.001 23.0 1.063 -0.62 LAWNOHFS ""
3839.002 607.01314 2.075 -3.639 7.724 0808Qd0295
3839.014 28.0 3.696 -3.51 "" ""
3839.018 106.00113 0.41 -4.401 3.464 BX00R155
3839.028 106.00113 0.004 -6.72 3.464 AX10R015
3839.031 106.00113 0.004 -6.713 3.464 AX10R015
3839.034 607.01314 0.441 -0.081 7.724 0101Rb0285
3839.035 607.01214 2.161 -0.301 7.724 0808Ra0325
3839.038 106.00113 0.035 -5.569 3.464 AX10R035
3839.039 73.0 1.202 -1.32 "" ""
3839.05 106.00112 0.098 -4.065 3.464 BX00R075
3839.051 25.1 5.563 -1.96 "" ""
3839.051 607.01314 1.697 -0.774 7.724 0707Ra0115
3839.064 607.01314 0.441 -3.331 7.724 0101Qd0295
3839.069 607.01214 2.161 -0.315 7.724 0808Rb0315
3839.077 607.01214 0.77 -0.679 7.724 0303Ra0095
3839.094 106.00112 0.412 -4.401 3.464 BX00R155
3839.098 607.01214 2.161 -3.659 7.724 0808Qd0325
3839.104 607.01214 0.77 -0.723 7.724 0303Rb0085
3839.111 106.00112 1.334 -8.11 3.464 CX13P145
3839.114 607.01214 0.77 -3.002 7.724 0303Qd0095
3839.121 607.01314 0.758 -0.646 7.724 0303Ra0105
3839.133 23.0 2.357 -1.95 "" ""
3839.134 607.01214 0.328 0.118 7.724 0000Ra0375
3839.145 106.00113 1.639 -6.012 3.464 AX42R245
3839.145 607.01314 0.758 -0.686 7.724 0303Rb0095
3839.156 607.01314 0.758 -3.05 7.724 0303Qd0105
3839.157 106.00113 0.035 -5.568 3.464 AX10R035
3839.174 106.00113 0.098 -4.065 3.464 BX00R075
3839.181 607.01314 1.697 -0.811 7.724 0707Rb0105
3839.185 607.01214 0.328 0.107 7.724 0000Rb0365
3839.187 607.01314 1.697 -3.255 7.724 0707Qd0115
3839.189 22.0 2.331 -1.19 LAWLER ""
3839.209 607.01214 0.581 -0.337 7.724 0202Ra0185
3839.225 607.01214 0.328 -3.349 7.724 0000Qd0375
3839.239 607.01214 0.581 -0.36 7.724 0202Rb0175
3839.241 24.1 5.869 -4.28 "" ""
3839.256 26.0 3.045 -0.25 "" ""
3839.258 607.01214 0.581 -3.209 7.724 0202Qd0185
3839.262 607.01214 3.338 -1.54 7.724 1514Pb0205
3839.266 68.1 2.1 0.23 "" ""
3839.268 607.01214 1.471 -1.31 7.724 0606Ra0025
3839.277 607.01214 1.471 -1.465 7.724 0606Rb0015
3839.281 607.01214 1.471 -2.612 7.724 0606Qd0025
3839.297 607.01214 3.338 -4.427 7.724 1514Qc0205
3839.304 24.0 3.847 -1.41 "" ""
3839.311 24.0 3.847 -3.82 "" ""
3839.313 607.01314 0.974 -1.237 7.724 0404Ra0025
3839.313 607.01314 0.974 -1.392 7.724 0404Rb0015
3839.32 607.01314 0.974 -2.539 7.724 0404Qd0025
3839.335 607.01214 3.338 -1.509 7.724 1514Pa0215
3839.341 26.0 3.881 -4.1 "" ""
3839.366 23.1 6.852 -1.85 "" ""
3839.372 23.0 1.802 -0.12 "" ""
3839.395 607.01314 0.576 -0.319 7.724 0202Ra0195
3839.395 607.01314 0.576 -0.341 7.724 0202Rb0185
3839.395 607.01314 1.44 -1.479 7.724 0606Ra0015
3839.395 607.01314 1.44 -1.734 7.724 0606Rb0005
3839.4 607.01314 1.44 -2.434 7.724 0606Qd0015
3839.418 607.01314 0.576 -3.235 7.724 0202Qd0195
3839.437 106.00113 1.478 -4.154 3.464 AX53Q185
3839.438 106.00113 1.478 -5.935 3.464 AX53R175
3839.438 23.0 2.579 -0.62 "" ""
3839.468 106.00113 1.478 -4.549 3.464 AX53Q175
3839.468 106.00113 1.478 -7.501 3.464 AX53P185
3839.471 42.0 2.985 -1.14 "" ""
3839.482 607.01214 0.993 -1.384 7.724 0404Ra0015
3839.482 607.01214 0.993 -1.639 7.724 0404Rb0005
3839.484 607.01314 0.331 0.128 7.724 0000Ra0385
3839.489 60.1 1.171 0.3 "" ""
3839.489 607.01214 0.993 -2.339 7.724 0404Qd0015
3839.49 607.01314 1.208 -2.001 7.724 0505Qc0005
3839.491 58.1 0.899 -0.19 BIEMONT ""
3839.492 607.01314 1.208 -1.7 7.724 0505Pa0015
3839.493 607.01214 1.233 -1.99 7.724 0505Qc0005
3839.5 26.0 4.1 -1.57 "" ""
3839.502 607.01214 1.233 -1.689 7.724 0505Pa0015
3839.505 106.00113 0.035 -6.259 3.464 AX10Q045
3839.509 22.0 2.248 -4.25 "" ""
3839.509 25.0 4.636 -2.02 "" ""
3839.509 607.01314 2.063 -0.38 7.724 0808Ra0285
3839.529 26.1 7.489 -4.03 "" ""
3839.535 607.01314 0.331 0.117 7.724 0000Rb0375
3839.543 607.01314 2.063 -0.396 7.724 0808Rb0275
3839.568 607.01314 2.063 -3.625 7.724 0808Qd0285
3839.575 607.01314 0.331 -3.361 7.724 0000Qd0385
3839.577 106.00113 1.376 -8.171 3.464 CX13P155
3839.588 607.01214 1.737 -0.724 7.724 0707Ra0125
3839.588 607.01214 1.737 -0.758 7.724 0707Rb0115
3839.591 106.00113 0.035 -5.615 3.464 AX10R045
3839.599 607.01214 1.737 -3.273 7.724 0707Qd0125
3839.6 607.01214 2.147 -0.315 7.724 0808Ra0315
3839.602 106.00113 0.035 -6.252 3.464 AX10Q045
3839.602 27.0 3.295 -6.05 "" ""
3839.623 607.01314 1.692 -0.811 7.724 0707Ra0105
3839.627 26.0 3.957 -0.36 "" ""
3839.627 92.0 0.471 0.61 "" ""
3839.639 607.01214 2.147 -0.331 7.724 0808Rb0305
3839.64 64.1 0.492 -0.34 LAWLER ""
3839.667 607.01214 2.147 -3.647 7.724 0808Qd0315
3839.687 26.0 4.217 -3.52 "" ""
3839.688 106.00113 0.035 -5.615 3.464 AX10R045
3839.688 23.0 1.711 -2.28 "" ""
3839.698 44.0 1.512 -0.05 "" ""
3839.755 20.0 5.802 -2.94 "" ""
3839.764 607.01314 1.692 -0.851 7.724 0707Rb0095
3839.766 607.01314 1.692 -3.217 7.724 0707Qd0105
3839.774 106.00113 0.518 -1.823 3.464 BX10P165
3839.783 607.01214 0.766 -0.723 7.724 0303Ra0085
3839.803 607.01214 0.428 -0.093 7.724 0101Ra0275
3839.807 607.01214 0.766 -0.772 7.724 0303Rb0075
3839.81 27.0 3.663 -1.55 "" ""
3839.814 607.01314 0.754 -0.686 7.724 0303Ra0095
3839.817 607.01214 0.766 -2.956 7.724 0303Qd0085
3839.819 25.0 2.185 -0.69 "" ""
3839.825 607.01214 1.47 -1.465 7.724 0606Ra0015
3839.828 106.00113 0.518 -7.143 3.464 BX10Q165
3839.83 607.01214 1.47 -1.721 7.724 0606Rb0005
3839.835 27.0 3.114 -7.21 "" ""
3839.835 607.01214 1.47 -2.42 7.724 0606Qd0015
3839.836 607.01314 0.754 -0.73 7.724 0303Rb0085
3839.84 62.1 0.659 -1.93 LAWLER ""
3839.846 607.01314 0.754 -3.008 7.724 0303Qd0095
3839.847 607.01214 0.428 -0.109 7.724 0101Rb0265
3839.87 607.01314 0.973 -1.392 7.724 0404Ra0015
3839.87 607.01314 0.973 -1.648 7.724 0404Rb0005
3839.876 607.01214 0.428 -3.299 7.724 0101Qd0275
3839.876 607.01314 0.973 -2.347 7.724 0404Qd0015
3839.882 22.0 1.886 -3.58 "" ""
3839.891 23.0 2.357 -2.25 "" ""
3839.919 106.00113 0.518 -1.822 3.464 BX10P175
3839.919 70.0 2.873 0.44 "" ""
3839.92 607.01314 1.44 -1.734 7.724 0606Ra0005
3839.923 607.01314 1.44 -2.036 7.724 0606Qd0005
3839.925 42.0 3.44 -1.65 "" ""
3839.936 106.00112 1.366 -7.164 3.464 AX31P245
3839.972 24.1 5.869 -4.78 "" ""
3839.983 25.1 7.047 -5.55 "" ""
3839.984 106.00113 1.646 -3.057 3.464 AX53R215
3839.985 106.00113 1.646 -3.226 3.464 AX53R205
3839.986 607.01314 1.209 -2.399 7.724 0505Qc0015
3839.989 607.01314 1.209 -1.445 7.724 0505Pa0025
3839.989 607.01314 1.209 -1.7 7.724 0505Pb0015
3840.011 607.01214 1.234 -2.388 7.724 0505Qc0015
3840.016 607.01214 1.234 -1.434 7.724 0505Pa0025
3840.016 607.01214 1.234 -1.689 7.724 0505Pb0015
3840.023 23.0 1.948 -1.35 LAWNOHFS ""
3840.034 106.00113 1.646 -5.815 3.464 AX53Q215
3840.049 607.01214 0.993 -1.639 7.724 0404Ra0005
3840.053 607.01214 0.993 -1.941 7.724 0404Qd0005
3840.054 607.01314 0.428 -0.081 7.724 0101Ra0285
3840.074 607.01314 2.052 -0.396 7.724 0808Ra0275
3840.088 607.01214 0.573 -0.36 7.724 0202Ra0175
3840.096 607.01314 0.428 -0.096 7.724 0101Rb0275
3840.111 607.01314 2.052 -0.413 7.724 0808Rb0265
3840.117 607.01214 0.573 -0.384 7.724 0202Rb0165
3840.125 607.01314 0.428 -3.316 7.724 0101Qd0285
3840.134 23.0 1.349 -0.65 LAWNOHFS ""
3840.135 607.01314 2.052 -3.611 7.724 0808Qd0275
3840.136 607.01214 0.573 -3.185 7.724 0202Qd0175
3840.148 27.0 2.079 -3.87 "" ""
3840.168 607.01214 2.134 -0.331 7.724 0808Ra0305
3840.186 607.01314 1.688 -0.851 7.724 0707Ra0095
3840.189 607.01214 1.732 -0.758 7.724 0707Ra0115
3840.189 607.01214 1.732 -0.795 7.724 0707Rb0105
3840.193 26.0 2.277 -4.08 "" ""
3840.2 607.01214 1.732 -3.239 7.724 0707Qd0115
3840.205 24.0 3.847 -4.21 "" ""
3840.206 106.00112 1.568 -7.746 3.464 CX24P135
3840.211 607.01214 2.134 -0.346 7.724 0808Rb0295
3840.238 607.01214 2.134 -3.635 7.724 0808Qd0305
3840.252 106.00113 0.87 -7.901 3.464 CX02P105
3840.259 607.01314 0.568 -0.341 7.724 0202Ra0185
3840.259 607.01314 0.568 -0.364 7.724 0202Rb0175
3840.265 64.0 0.027 -1.11 "" ""
3840.272 23.0 2.581 -3.3 "" ""
3840.278 607.01314 0.568 -3.213 7.724 0202Qd0185
3840.304 76.0 3.605 0.34 "" ""
3840.306 23.0 2.357 -3.19 "" ""
3840.322 22.0 2.332 -0.66 LAWLER ""
3840.339 607.01314 1.688 -3.176 7.724 0707Qd0095
3840.341 607.01314 1.688 -0.896 7.724 0707Rb0085
3840.375 607.01214 1.469 -1.721 7.724 0606Ra0005
3840.379 607.01214 1.469 -2.023 7.724 0606Qd0005
3840.414 607.01314 0.972 -1.648 7.724 0404Ra0005
3840.415 26.0 4.151 -2.61 "" ""
3840.418 607.01314 0.972 -1.949 7.724 0404Qd0005
3840.424 607.01214 3.347 -1.509 7.724 1514Pb0215
3840.425 28.0 3.831 -2.08 "" ""
3840.427 607.01214 0.311 0.106 7.724 0000Ra0365
3840.428 23.0 1.08 -0.15 LAWNOHFS ""
3840.434 25.1 6.828 -5.41 "" ""
3840.438 26.0 0.989 -0.5 OBR91 ""
3840.44 23.0 1.852 -3.29 "" ""
3840.45 62.1 0.04 -1.08 LAWLER ""
3840.462 22.0 2.091 -2.77 "" ""
3840.469 607.01314 1.21 -2.591 7.724 0505Qc0025
3840.473 607.01214 0.762 -0.772 7.724 0303Ra0075
3840.474 607.01314 1.21 -1.291 7.724 0505Pa0035
3840.474 607.01314 1.21 -1.445 7.724 0505Pb0025
3840.478 607.01214 0.311 0.095 7.724 0000Rb0355
3840.492 607.01214 3.347 -4.436 7.724 1514Qc0215
3840.492 607.01314 0.75 -0.73 7.724 0303Ra0085
3840.494 607.01214 0.762 -0.827 7.724 0303Rb0065
3840.503 607.01214 0.762 -2.905 7.724 0303Qd0075
3840.512 26.0 4.1 -3.88 "" ""
3840.513 607.01214 1.235 -1.28 7.724 0505Pa0035
3840.513 607.01314 0.75 -0.779 7.724 0303Rb0075
3840.516 607.01214 1.235 -2.58 7.724 0505Qc0025
3840.517 607.01214 0.311 -3.338 7.724 0000Qd0365
3840.519 607.01214 1.235 -1.434 7.724 0505Pb0025
3840.521 607.01314 0.75 -2.962 7.724 0303Qd0085
3840.531 607.01214 3.347 -1.479 7.724 1514Pa0225
3840.537 42.0 2.621 -1.4 "" ""
3840.586 23.0 2.121 -1.98 "" ""
3840.612 106.00112 1.78 -8.676 3.464 CX03R235
3840.633 106.00112 0.581 -1.575 3.464 BX10Q175
3840.635 106.00112 0.581 -5.084 3.464 BX10P185
3840.642 607.01314 2.04 -0.413 7.724 0808Ra0265
3840.655 106.00113 1.64 -7.052 3.464 AX42P255
3840.658 21.1 7.375 -2.97 "" ""
3840.667 24.0 2.707 -4.52 "" ""
3840.679 607.01314 2.04 -0.431 7.724 0808Rb0255
3840.684 57.1139 0.173 -2.551 Lawle01HFS ""
3840.687 57.1139 0.173 -2.111 Lawle01HFS ""
3840.691 57.1139 0.173 -1.84 Lawle01HFS ""
3840.692 106.00112 0.581 -5.065 3.464 BX10R175
3840.694 106.00112 0.581 -1.582 3.464 BX10Q185
3840.702 57.1139 0.173 -1.856 Lawle01HFS ""
3840.703 57.1139 0.173 -1.736 Lawle01HFS ""
3840.703 607.01314 2.04 -3.597 7.724 0808Qd0265
3840.705 57.1139 0.173 -1.852 Lawle01HFS ""
3840.719 57.1139 0.173 -2.111 Lawle01HFS ""
3840.724 57.1139 0.173 -1.656 Lawle01HFS ""
3840.731 23.0051 0.04 -1.966 LAWLER ""
3840.731 57.1139 0.173 -1.363 Lawle01HFS ""
3840.732 23.0051 0.04 -1.681 LAWLER ""
3840.732 23.0051 0.04 -1.936 LAWLER ""
3840.734 23.0051 0.04 -1.493 LAWLER ""
3840.734 23.0051 0.04 -1.987 LAWLER ""
3840.735 23.0051 0.04 -1.936 LAWLER ""
3840.737 607.01214 2.121 -0.346 7.724 0808Ra0295
3840.737 607.01314 1.684 -0.896 7.724 0707Ra0085
3840.738 23.0051 0.04 -1.402 LAWLER ""
3840.738 23.0051 0.04 -1.548 LAWLER ""
3840.738 23.0051 0.04 -2.112 LAWLER ""
3840.739 25.0 3.38 -5.89 "" ""
3840.742 23.0051 0.04 -1.38 LAWLER ""
3840.742 23.0051 0.04 -2.334 LAWLER ""
3840.743 23.0051 0.04 -1.293 LAWLER ""
3840.744 607.01314 0.314 0.117 7.724 0000Ra0375
3840.745 25.1 6.181 -6.19 "" ""
3840.748 23.0051 0.04 -1.434 LAWLER ""
3840.748 23.0051 0.04 -2.745 LAWLER ""
3840.749 23.0051 0.04 -1.095 LAWLER ""
3840.755 23.0051 0.04 -1.63 LAWLER ""
3840.756 23.0051 0.04 -0.931 LAWLER ""
3840.76 23.0 2.364 -2.17 "" ""
3840.764 23.0051 0.04 -0.79 LAWLER ""
3840.785 607.01214 2.121 -0.362 7.724 0808Rb0285
3840.786 607.01214 1.727 -0.795 7.724 0707Ra0105
3840.786 607.01214 1.727 -0.836 7.724 0707Rb0095
3840.794 607.01314 0.314 0.106 7.724 0000Rb0365
3840.795 25.0 4.636 -2.23 "" ""
3840.796 607.01214 1.727 -3.202 7.724 0707Qd0105
3840.8 90.0 0.615 -0.79 "" ""
3840.811 607.01214 2.121 -3.622 7.724 0808Qd0295
3840.812 106.00112 1.65 -4.096 3.464 AX42Q255
3840.821 44.0 0.997 -1.36 "" ""
3840.832 607.01314 0.314 -3.35 7.724 0000Qd0375
3840.857 106.00112 1.65 -6.041 3.464 AX42R245
3840.872 69.0 1.892 0.69 "" ""
3840.876 607.01214 0.416 -0.109 7.724 0101Ra0265
3840.89 66.0 1.78 1.25 "" ""
3840.904 607.01314 1.684 -3.13 7.724 0707Qd0085
3840.91 106.00112 1.65 -7.051 3.464 AX42P255
3840.911 607.01314 1.684 -0.945 7.724 0707Rb0075
3840.919 607.01214 0.416 -0.125 7.724 0101Rb0255
3840.936 27.1 3.083 -4.91 "" ""
3840.941 607.01314 1.212 -2.721 7.724 0505Qc0035
3840.941 607.01314 1.44 -2.036 7.724 0606Qc0005
3840.942 607.01314 1.212 -1.178 7.724 0505Pa0045
3840.942 607.01314 1.44 -1.736 7.724 0606Pa0015
3840.947 607.01214 0.416 -3.283 7.724 0101Qd0265
3840.95 607.01214 0.565 -0.384 7.724 0202Ra0165
3840.955 106.00112 1.65 -4.685 3.464 AX42Q245
3840.957 607.01314 1.212 -1.291 7.724 0505Pb0035
3840.979 607.01214 0.565 -0.41 7.724 0202Rb0155
3840.997 607.01214 0.565 -3.161 7.724 0202Qd0165
3841.002 607.01214 1.237 -1.168 7.724 0505Pa0045
3841.004 26.0 3.036 -2.34 "" ""
3841.008 607.01214 1.237 -2.71 7.724 0505Qc0035
3841.011 607.01214 1.237 -1.28 7.724 0505Pb0035
3841.012 25.0 4.675 -3.71 "" ""
3841.039 106.00113 1.64 -4.096 3.464 AX42Q255
3841.048 26.0 1.607 -0.04 OBR91 ""
3841.071 25.0 2.177 -0.36 "" ""
3841.101 607.01314 0.416 -0.096 7.724 0101Ra0275
3841.104 607.01314 0.56 -0.364 7.724 0202Ra0175
3841.104 607.01314 0.56 -0.388 7.724 0202Rb0165
3841.122 607.01314 0.56 -3.19 7.724 0202Qd0175
3841.138 607.01214 0.993 -1.941 7.724 0404Qc0005
3841.141 607.01214 0.993 -1.64 7.724 0404Pa0015
3841.141 607.01314 0.416 -0.111 7.724 0101Rb0265
3841.146 607.01214 0.759 -0.828 7.724 0303Ra0065
3841.155 607.01314 0.746 -0.779 7.724 0303Ra0075
3841.167 607.01214 0.759 -0.891 7.724 0303Rb0055
3841.169 607.01314 0.416 -3.301 7.724 0101Qd0275
3841.173 607.01314 0.746 -0.834 7.724 0303Rb0065
3841.174 607.01214 0.759 -2.846 7.724 0303Qd0065
3841.181 607.01314 0.746 -2.911 7.724 0303Qd0075
3841.186 22.0 2.736 -3.88 "" ""
3841.194 71.0 0.247 -0.32 "" ""
3841.209 607.01314 2.03 -0.431 7.724 0808Ra0255
3841.248 607.01314 2.03 -0.449 7.724 0808Rb0245
3841.263 26.0 4.151 -1.68 "" ""
3841.271 607.01314 2.03 -3.581 7.724 0808Qd0255
3841.273 24.0 2.706 0.23 "" ""
3841.273 24.0 3.407 -1.79 "" ""
3841.274 607.01314 1.681 -0.945 7.724 0707Ra0075
3841.287 76.0 3.099 0.11 "" ""
3841.309 607.01214 2.108 -0.362 7.724 0808Ra0285
3841.31 66.1 0.1 -0.78 LAWLER ""
3841.34 62.1 0.484 -2.15 LAWLER ""
3841.344 26.1 4.476 -4.73 "" ""
3841.36 607.01214 2.108 -0.379 7.724 0808Rb0275
3841.377 607.01214 1.722 -0.836 7.724 0707Ra0095
3841.377 607.01214 1.722 -0.88 7.724 0707Rb0085
3841.385 607.01214 2.108 -3.608 7.724 0808Qd0285
3841.386 607.01214 1.722 -3.16 7.724 0707Qd0095
3841.392 25.1 5.516 -2.59 "" ""
3841.398 24.0 3.099 -8.51 "" ""
3841.4 607.01314 1.214 -2.82 7.724 0505Qc0045
3841.404 607.01314 1.214 -1.09 7.724 0505Pa0055
3841.419 607.01314 1.214 -1.178 7.724 0505Pb0045
3841.427 24.0 3.842 -0.78 "" ""
3841.435 607.01314 1.441 -2.434 7.724 0606Qc0015
3841.438 607.01314 1.441 -1.481 7.724 0606Pa0025
3841.438 607.01314 1.441 -1.736 7.724 0606Pb0015
3841.439 607.01214 1.47 -2.023 7.724 0606Qc0005
3841.44 607.01214 1.47 -1.722 7.724 0606Pa0015
3841.455 27.0 0.922 -2.14 LAWNHFS ""
3841.46 607.01314 0.973 -1.95 7.724 0404Qc0005
3841.461 106.00113 1.641 -4.685 3.464 AX42Q245
3841.461 607.01314 0.973 -1.649 7.724 0404Pa0015
3841.462 607.01314 1.681 -3.079 7.724 0707Qd0075
3841.474 106.00112 0.021 -5.551 3.464 AX10R025
3841.474 22.0 1.967 -4.39 "" ""
3841.474 607.01314 1.681 -1.001 7.724 0707Rb0065
3841.475 28.0 3.938 -1.77 "" ""
3841.477 23.0 2.136 -0.94 "" ""
3841.477 25.0 3.132 -3.42 "" ""
3841.481 607.01214 1.239 -1.079 7.724 0505Pa0055
3841.488 607.01214 1.239 -2.809 7.724 0505Qc0045
3841.492 607.01214 1.239 -1.168 7.724 0505Pb0045
3841.546 106.00112 0.021 -5.55 3.464 AX10R025
3841.582 21.0 2.301 -3.14 "" ""
3841.617 26.0 4.175 -3.83 "" ""
3841.62 607.01214 3.356 -1.479 7.724 1514Pb0225
3841.621 22.0 1.429 -1.44 LAWLER ""
3841.659 607.01214 0.994 -2.339 7.724 0404Qc0015
3841.662 607.01214 0.994 -1.385 7.724 0404Pa0025
3841.662 607.01214 0.994 -1.64 7.724 0404Pb0015
3841.688 23.0 2.357 -2.36 "" ""
3841.704 607.01214 0.294 0.095 7.724 0000Ra0355
3841.706 58.1 1.253 -0.12 "" ""
3841.726 607.01214 3.356 -4.443 7.724 1514Qc0225
3841.753 607.01214 0.294 0.082 7.724 0000Rb0345
3841.767 607.01214 3.356 -1.45 7.724 1514Pa0235
3841.777 607.01314 2.019 -0.449 7.724 0808Ra0245
3841.78 66.1 0.93 -1.53 LAWLER ""
3841.787 68.1 1.618 -0.82 LAWLER ""
3841.791 607.01214 0.294 -3.326 7.724 0000Qd0355
3841.793 607.01314 1.678 -1.001 7.724 0707Ra0065
3841.802 41.0 1.661 -0.08 "" ""
3841.802 607.01314 0.743 -0.834 7.724 0303Ra0065
3841.803 607.01214 0.558 -0.41 7.724 0202Ra0155
3841.806 607.01214 0.756 -0.891 7.724 0303Ra0055
3841.817 22.0 2.248 -3.73 "" ""
3841.817 60.1 0.38 -0.41 "" ""
3841.818 607.01314 0.743 -0.897 7.724 0303Rb0055
3841.818 607.01314 2.019 -0.467 7.724 0808Rb0235
3841.823 23.1 6.144 -3.58 "" ""
3841.823 607.01214 0.756 -0.964 7.724 0303Rb0045
3841.824 607.01214 0.558 -0.437 7.724 0202Rb0145
3841.825 607.01314 0.743 -2.852 7.724 0303Qd0065
3841.829 607.01214 0.756 -2.779 7.724 0303Qd0055
3841.838 607.01314 2.019 -3.565 7.724 0808Qd0245
3841.841 607.01214 0.558 -3.134 7.724 0202Qd0155
3841.845 106.00113 1.641 -6.041 3.464 AX42R245
3841.846 607.01314 1.217 -2.901 7.724 0505Qc0055
3841.852 607.01314 1.217 -1.017 7.724 0505Pa0065
3841.874 607.01314 1.217 -1.09 7.724 0505Pb0055
3841.876 27.0 3.512 -1.04 "" ""
3841.881 607.01214 2.096 -0.379 7.724 0808Ra0275
3841.883 60.1 1.687 0.89 "" ""
3841.891 23.0 0.04 -1.7 LAWNOHFS ""
3841.897 25.1 6.908 -3.07 "" ""
3841.919 607.01314 1.442 -2.626 7.724 0606Qc0025
3841.924 607.01314 1.442 -1.326 7.724 0606Pa0035
3841.924 607.01314 1.442 -1.481 7.724 0606Pb0025
3841.929 24.0 3.102 -1.91 "" ""
3841.931 607.01214 0.404 -0.125 7.724 0101Ra0255
3841.931 607.01314 0.552 -0.388 7.724 0202Ra0165
3841.933 607.01314 0.552 -0.414 7.724 0202Rb0155
3841.936 607.01214 2.096 -0.396 7.724 0808Rb0265
3841.949 607.01314 0.552 -3.165 7.724 0202Qd0165
3841.952 607.01214 1.242 -1.006 7.724 0505Pa0065
3841.953 607.01214 1.471 -2.421 7.724 0606Qc0015
3841.954 607.01214 1.242 -2.89 7.724 0505Qc0055
3841.956 607.01214 1.471 -1.467 7.724 0606Pa0025
3841.956 607.01214 1.471 -1.722 7.724 0606Pb0015
3841.959 607.01314 0.974 -2.348 7.724 0404Qc0015
3841.96 607.01214 2.096 -3.594 7.724 0808Qd0275
3841.96 90.1 1.204 -0.55 "" ""
3841.961 607.01314 0.974 -1.394 7.724 0404Pa0025
3841.961 607.01314 0.974 -1.649 7.724 0404Pb0015
3841.962 607.01214 1.242 -1.079 7.724 0505Pb0055
3841.962 607.01214 1.718 -0.88 7.724 0707Ra0085
3841.962 607.01214 1.718 -0.929 7.724 0707Rb0075
3841.971 607.01214 1.718 -3.115 7.724 0707Qd0085
3841.973 607.01214 0.404 -0.142 7.724 0101Rb0245
3841.982 23.0 2.581 -0.71 "" ""
3841.986 607.01314 0.298 0.106 7.724 0000Ra0365
3842.0 607.01214 0.404 -3.267 7.724 0101Qd0255
3842.0 66.1 0.54 -1.03 LAWLER ""
3842.009 24.0 2.708 -4.8 "" ""
3842.012 607.01314 1.678 -3.021 7.724 0707Qd0065
3842.027 27.0059 0.922 -3.325 Lawle15HFS ""
3842.029 607.01314 1.678 -1.064 7.724 0707Rb0055
3842.032 27.0059 0.922 -2.914 Lawle15HFS ""
3842.032 607.01314 0.298 0.094 7.724 0000Rb0355
3842.035 27.0059 0.922 -2.692 Lawle15HFS ""
3842.039 27.0059 0.922 -2.21 Lawle15HFS ""
3842.039 27.0059 0.922 -2.567 Lawle15HFS ""
3842.041 27.0059 0.922 -2.014 Lawle15HFS ""
3842.042 27.0059 0.922 -2.516 Lawle15HFS ""
3842.043 27.0059 0.922 -1.96 Lawle15HFS ""
3842.043 58.1 0.875 -0.87 "" ""
3842.044 27.0059 0.922 -2.546 Lawle15HFS ""
3842.045 27.0059 0.922 -1.982 Lawle15HFS ""
3842.046 27.0059 0.922 -2.073 Lawle15HFS ""
3842.046 27.0059 0.922 -2.261 Lawle15HFS ""
3842.05 27.0059 0.922 -2.516 Lawle15HFS ""
3842.052 27.0059 0.922 -1.37 Lawle15HFS ""
3842.052 27.0059 0.922 -1.873 Lawle15HFS ""
3842.052 27.0059 0.922 -2.128 Lawle15HFS ""
3842.053 27.0059 0.922 -1.511 Lawle15HFS ""
3842.053 27.0059 0.922 -1.675 Lawle15HFS ""
3842.073 607.01314 0.298 -3.339 7.724 0000Qd0365
3842.093 106.00112 0.021 -6.125 3.464 AX10Q035
3842.13 607.01314 0.404 -0.112 7.724 0101Ra0265
3842.149 106.00112 0.021 -6.12 3.464 AX10Q035
3842.165 607.01214 0.995 -2.531 7.724 0404Qc0025
3842.17 607.01214 0.995 -1.231 7.724 0404Pa0035
3842.17 607.01214 0.995 -1.386 7.724 0404Pb0025
3842.17 607.01314 0.404 -0.128 7.724 0101Rb0255
3842.197 607.01314 0.404 -3.285 7.724 0101Qd0265
3842.21 64.1 1.126 0.21 LAWLER ""
3842.211 106.00112 0.021 -5.537 3.464 AX10R035
3842.235 106.00112 1.381 -8.17 3.464 CX13P155
3842.238 106.00113 1.648 -3.057 3.464 AX53R215
3842.242 26.0 4.188 -2.46 "" ""
3842.267 106.00112 0.021 -5.538 3.464 AX10R035
3842.281 607.01314 1.22 -2.969 7.724 0505Qc0065
3842.283 25.1 6.663 -3.29 "" ""
3842.285 106.00113 1.648 -5.781 3.464 AX53Q215
3842.289 607.01314 1.22 -0.954 7.724 0505Pa0075
3842.289 607.01314 1.675 -1.064 7.724 0707Ra0055
3842.301 74.0 0.771 -1.86 "" ""
3842.309 106.00113 1.359 -7.164 3.464 AX31P245
3842.309 607.01314 1.22 -1.017 7.724 0505Pb0065
3842.315 106.00113 1.648 -3.226 3.464 AX53R205
3842.324 106.00112 1.49 -7.607 3.464 AX20P295
3842.328 25.0 4.329 -2.89 "" ""
3842.328 27.0 2.079 -4.32 "" ""
3842.338 27.0 3.629 -1.52 "" ""
3842.344 607.01314 2.009 -0.467 7.724 0808Ra0235
3842.348 22.0 2.238 -0.94 "" ""
3842.35 62.1 0.277 -1.26 LAWLER ""
3842.385 607.01314 2.009 -0.487 7.724 0808Rb0225
3842.394 607.01314 1.444 -2.756 7.724 0606Qc0035
3842.4 607.01314 1.444 -1.214 7.724 0606Pa0045
3842.4 607.01314 1.444 -1.326 7.724 0606Pb0035
3842.406 607.01314 2.009 -3.548 7.724 0808Qd0235
3842.407 607.01214 1.245 -2.958 7.724 0505Qc0065
3842.412 26.0 4.214 -2.85 "" ""
3842.414 607.01214 1.245 -0.943 7.724 0505Pa0075
3842.414 607.01214 1.245 -1.006 7.724 0505Pb0065
3842.434 607.01314 0.741 -0.897 7.724 0303Ra0055
3842.438 106.00113 1.425 -8.246 3.464 CX13P165
3842.445 607.01314 0.975 -2.539 7.724 0404Qc0025
3842.447 607.01214 0.754 -0.965 7.724 0303Ra0045
3842.449 607.01314 0.741 -0.971 7.724 0303Rb0045
3842.449 607.01314 0.975 -1.239 7.724 0404Pa0035
3842.449 607.01314 0.975 -1.394 7.724 0404Pb0025
3842.454 607.01314 0.741 -2.785 7.724 0303Qd0055
3842.455 607.01214 2.085 -0.396 7.724 0808Ra0265
3842.459 607.01214 1.472 -2.613 7.724 0606Qc0025
3842.464 607.01214 0.754 -1.054 7.724 0303Rb0035
3842.464 607.01214 1.472 -1.313 7.724 0606Pa0035
3842.464 607.01214 1.472 -1.467 7.724 0606Pb0025
3842.467 25.0 3.133 -6.82 "" ""
3842.467 607.01214 0.754 -2.698 7.724 0303Qd0045
3842.479 106.00113 1.605 -7.693 3.464 CX24P145
3842.512 607.01214 2.085 -0.413 7.724 0808Rb0255
3842.524 25.0 4.329 -1.8 "" ""
3842.536 607.01214 2.085 -3.579 7.724 0808Qd0265
3842.543 607.01214 1.715 -0.929 7.724 0707Ra0075
3842.543 607.01214 1.715 -0.985 7.724 0707Rb0065
3842.55 607.01214 1.715 -3.063 7.724 0707Qd0075
3842.555 607.01314 1.675 -2.953 7.724 0707Qd0055
3842.576 607.01314 1.675 -1.138 7.724 0707Rb0045
3842.578 24.0 2.887 -5.61 "" ""
3842.61 22.0 2.133 -0.75 "" ""
3842.627 607.01214 0.551 -0.438 7.724 0202Ra0145
3842.64 106.00113 0.021 -5.55 3.464 AX10R025
3842.646 106.00112 0.074 -4.014 3.464 BX00R065
3842.653 607.01214 0.551 -0.467 7.724 0202Rb0135
3842.657 607.01214 0.997 -2.661 7.724 0404Qc0035
3842.662 607.01214 0.997 -1.119 7.724 0404Pa0045
3842.665 607.01214 0.997 -1.231 7.724 0404Pb0035
3842.668 607.01214 0.551 -3.106 7.724 0202Qd0145
3842.701 41.0 1.156 -0.68 "" ""
3842.704 607.01314 1.223 -3.027 7.724 0505Qc0075
3842.711 106.00113 0.021 -5.55 3.464 AX10R025
3842.711 607.01314 1.223 -0.9 7.724 0505Pa0085
3842.733 23.0 1.042 -1.52 LAWNOHFS ""
3842.735 607.01314 1.223 -0.954 7.724 0505Pb0075
3842.741 27.0 3.574 -1.95 "" ""
3842.745 607.01314 0.545 -0.414 7.724 0202Ra0155
3842.745 607.01314 0.545 -0.442 7.724 0202Rb0145
3842.751 106.00112 1.368 -7.232 3.464 AX31P245
3842.755 106.00113 0.073 -4.014 3.464 BX00R065
3842.759 26.0 4.151 -3.1 "" ""
3842.761 607.01314 0.545 -3.139 7.724 0202Qd0155
3842.761 607.01314 1.673 -1.138 7.724 0707Ra0045
3842.793 106.00112 0.873 -7.901 3.464 CX02P105
3842.802 56.1 5.718 -2.42 "" ""
3842.847 607.01214 1.249 -3.016 7.724 0505Qc0075
3842.85 607.01214 3.366 -1.45 7.724 1514Pb0235
3842.859 607.01314 1.446 -2.856 7.724 0606Qc0045
3842.863 607.01214 1.249 -0.889 7.724 0505Pa0085
3842.863 607.01214 1.249 -0.943 7.724 0505Pb0075
3842.864 22.0 1.442 -1.39 "" ""
3842.867 607.01314 1.446 -1.125 7.724 0606Pa0055
3842.867 607.01314 1.446 -1.214 7.724 0606Pb0045
3842.897 26.0 2.586 -2.01 "" ""
3842.897 90.0 1.387 -0.03 "" ""
3842.911 607.01314 2.0 -0.487 7.724 0808Ra0225
3842.917 607.01314 0.977 -2.67 7.724 0404Qc0035
3842.922 607.01314 0.977 -1.127 7.724 0404Pa0045
3842.922 607.01314 0.977 -1.239 7.724 0404Pb0035
3842.954 42.0 3.196 -1.56 "" ""
3842.954 607.01214 1.474 -2.743 7.724 0606Qc0035
3842.954 607.01314 2.0 -0.507 7.724 0808Rb0215
3842.958 607.01214 1.474 -1.201 7.724 0606Pa0045
3842.962 607.01214 0.278 0.082 7.724 0000Ra0345
3842.964 607.01214 1.474 -1.313 7.724 0606Pb0035
3842.969 607.01214 0.392 -0.142 7.724 0101Ra0245
3842.972 607.01314 2.0 -3.531 7.724 0808Qd0225
3842.978 27.0 3.663 -1.33 "" ""
3842.989 26.0 2.586 -2.36 "" ""
3842.994 27.0 3.252 -6.01 "" ""
3842.995 26.1 7.483 -3.06 "" ""
3842.996 26.0 4.188 -3.05 "" ""
3842.998 607.01214 3.366 -4.449 7.724 1514Qc0235
3843.009 607.01214 0.392 -0.16 7.724 0101Rb0235
3843.01 607.01214 0.278 0.07 7.724 0000Rb0335
3843.018 40.1 0.359 -0.94 Ljung06 ""
3843.03 607.01214 2.073 -0.413 7.724 0808Ra0255
3843.034 21.1045 0.008 -2.97 LAWHFS ""
3843.035 607.01214 0.392 -3.25 7.724 0101Qd0245
3843.037 21.1045 0.008 -2.8 LAWHFS ""
3843.037 21.1045 0.008 -3.15 LAWHFS ""
3843.041 21.1045 0.008 -2.79 LAWHFS ""
3843.041 21.1045 0.008 -4.9 LAWHFS ""
3843.041 607.01214 3.366 -1.42 7.724 1514Pa0245
3843.043 21.1045 0.008 -2.97 LAWHFS ""
3843.046 21.1045 0.008 -2.95 LAWHFS ""
3843.046 21.1045 0.008 -3.47 LAWHFS ""
3843.047 607.01214 0.278 -3.314 7.724 0000Qd0345
3843.049 21.1045 0.008 -2.8 LAWHFS ""
3843.05 607.01314 0.738 -0.971 7.724 0303Ra0045
3843.052 21.1045 0.008 -2.77 LAWHFS ""
3843.057 21.1045 0.008 -2.79 LAWHFS ""
3843.06 21.1045 0.008 -2.38 LAWHFS ""
3843.063 607.01314 0.738 -1.06 7.724 0303Rb0035
3843.066 21.1045 0.008 -2.95 LAWHFS ""
3843.066 27.0 2.872 -5.83 "" ""
3843.067 607.01314 0.738 -2.704 7.724 0303Qd0045
3843.073 607.01214 0.752 -1.054 7.724 0303Ra0035
3843.086 607.01214 0.752 -1.167 7.724 0303Rb0025
3843.089 607.01214 2.073 -0.431 7.724 0808Rb0245
3843.09 607.01214 0.752 -2.599 7.724 0303Qd0035
3843.091 607.01314 1.673 -2.873 7.724 0707Qd0045
3843.111 21.0 4.501 -3.09 "" ""
3843.111 22.0 1.878 -3.43 "" ""
3843.112 607.01214 2.073 -3.564 7.724 0808Qd0255
3843.113 607.01314 1.673 -1.228 7.724 0707Rb0035
3843.114 607.01314 1.227 -3.079 7.724 0505Qc0085
3843.115 26.0 4.151 -2.22 "" ""
3843.117 607.01214 1.712 -0.985 7.724 0707Ra0065
3843.117 607.01214 1.712 -1.048 7.724 0707Rb0055
3843.123 607.01214 1.712 -3.005 7.724 0707Qd0065
3843.123 607.01314 1.227 -0.851 7.724 0505Pa0095
3843.135 607.01214 0.999 -2.761 7.724 0404Qc0045
3843.14 607.01214 0.999 -1.03 7.724 0404Pa0055
3843.142 44.0 0.385 -2.03 "" ""
3843.144 607.01314 0.392 -0.128 7.724 0101Ra0255
3843.146 607.01214 0.999 -1.119 7.724 0404Pb0045
3843.148 607.01314 1.227 -0.9 7.724 0505Pb0085
3843.157 22.0 1.979 -1.41 "" ""
3843.167 21.1 0.595 -3.48 "" ""
3843.182 607.01314 0.392 -0.145 7.724 0101Rb0245
3843.208 607.01314 0.392 -3.269 7.724 0101Qd0255
3843.211 607.01314 0.282 0.094 7.724 0000Ra0355
3843.212 607.01314 1.671 -1.228 7.724 0707Ra0035
3843.217 23.0 2.676 -0.66 "" ""
3843.234 24.0 2.985 -4.16 "" ""
3843.252 607.01314 0.282 0.082 7.724 0000Rb0345
3843.256 106.00113 0.021 -6.125 3.464 AX10Q035
3843.257 26.0 3.045 -0.21 BEL17 ""
3843.272 64.0 0.213 0.11 "" ""
3843.274 607.01214 1.253 -3.068 7.724 0505Qc0085
3843.293 607.01214 1.253 -0.889 7.724 0505Pb0085
3843.296 607.01314 0.282 -3.327 7.724 0000Qd0355
3843.308 607.01214 1.253 -0.84 7.724 0505Pa0095
3843.311 106.00113 0.021 -6.12 3.464 AX10Q035
3843.314 607.01314 1.449 -2.936 7.724 0606Qc0055
3843.32 607.01314 1.449 -1.052 7.724 0606Pa0065
3843.322 25.1 5.468 -2.57 "" ""
3843.331 607.01314 1.449 -1.125 7.724 0606Pb0055
3843.338 23.1 5.829 -4.11 "" ""
3843.351 22.0 2.343 -3.41 "" ""
3843.375 106.00113 0.021 -5.537 3.464 AX10R035
3843.375 607.01314 0.979 -2.769 7.724 0404Qc0045
3843.382 607.01314 0.979 -1.038 7.724 0404Pa0055
3843.382 607.01314 0.979 -1.127 7.724 0404Pb0045
3843.409 24.0 4.204 -4.47 "" ""
3843.412 20.0 5.574 -3.26 "" ""
3843.43 106.00113 0.021 -5.538 3.464 AX10R035
3843.439 607.01214 1.476 -2.842 7.724 0606Qc0045
3843.44 607.01214 0.545 -0.467 7.724 0202Ra0135
3843.444 607.01214 1.476 -1.112 7.724 0606Pa0055
3843.455 607.01214 1.476 -1.201 7.724 0606Pb0045
3843.464 607.01214 0.545 -0.498 7.724 0202Rb0125
3843.477 607.01314 1.991 -0.507 7.724 0808Ra0215
3843.479 607.01214 0.545 -3.076 7.724 0202Qd0135
3843.498 27.0 3.512 -1.69 "" ""
3843.503 23.0 1.05 -1.44 LAWNOHFS ""
3843.51 62.1 0.434 -0.45 LAWLER ""
3843.512 607.01314 1.231 -3.124 7.724 0505Qc0095
3843.52 27.0 4.018 -3.93 "" ""
3843.521 607.01314 1.231 -0.808 7.724 0505Pa0105
3843.521 607.01314 1.991 -0.528 7.724 0808Rb0205
3843.537 607.01314 1.991 -3.512 7.724 0808Qd0215
3843.539 22.0 2.248 -6.03 "" ""
3843.542 607.01314 0.539 -0.442 7.724 0202Ra0145
3843.542 607.01314 0.539 -0.471 7.724 0202Rb0135
3843.549 28.0 4.086 -4.53 "" ""
3843.551 607.01314 1.231 -0.851 7.724 0505Pb0095
3843.556 607.01314 0.539 -3.111 7.724 0202Qd0145
3843.573 27.0 3.277 -4.12 "" ""
3843.597 607.01214 1.002 -2.841 7.724 0404Qc0055
3843.604 607.01214 1.002 -0.957 7.724 0404Pa0065
3843.605 607.01214 2.063 -0.431 7.724 0808Ra0245
3843.612 607.01214 1.002 -1.03 7.724 0404Pb0055
3843.619 607.01314 1.671 -2.774 7.724 0707Qd0035
3843.624 24.0 3.09 -2.1 "" ""
3843.636 607.01314 1.671 -1.341 7.724 0707Rb0025
3843.649 28.0 3.737 -3.21 "" ""
3843.65 607.01314 0.737 -1.06 7.724 0303Ra0035
3843.664 607.01314 0.737 -1.173 7.724 0303Rb0025
3843.664 607.01314 1.67 -1.341 7.724 0707Ra0025
3843.665 607.01314 0.737 -2.605 7.724 0303Qd0035
3843.666 607.01214 2.063 -0.45 7.724 0808Rb0235
3843.672 76.0 1.886 -1.23 "" ""
3843.674 106.00113 0.463 -4.445 3.464 BX00R165
3843.684 607.01214 0.751 -1.167 7.724 0303Ra0025
3843.686 607.01214 1.709 -1.048 7.724 0707Ra0055
3843.686 607.01214 1.709 -1.123 7.724 0707Rb0045
3843.687 607.01214 1.257 -3.113 7.724 0505Qc0095
3843.688 607.01214 2.063 -3.548 7.724 0808Qd0245
3843.691 27.0 2.135 -1.43 LAWNHFS ""
3843.691 607.01214 1.709 -2.938 7.724 0707Qd0055
3843.693 607.01214 0.751 -1.322 7.724 0303Rb0015
3843.696 607.01214 0.751 -2.469 7.724 0303Qd0025
3843.698 12.0 4.343 -1.48 "" ""
3843.708 26.0 3.414 -2.78 "" ""
3843.71 24.0 2.985 -1.75 "" ""
3843.711 607.01214 1.257 -0.84 7.724 0505Pb0095
3843.745 24.0 4.102 -0.87 "" ""
3843.748 607.01214 1.257 -0.797 7.724 0505Pa0105
3843.752 26.0 3.94 -4.48 "" ""
3843.753 22.0 2.332 -2.79 "" ""
3843.759 607.01314 1.452 -3.004 7.724 0606Qc0065
3843.766 607.01314 1.452 -0.99 7.724 0606Pa0075
3843.767 23.0 2.676 -2.12 "" ""
3843.767 58.1 0.932 -0.36 LAWLER ""
3843.779 607.01314 1.452 -1.052 7.724 0606Pb0065
3843.78 62.1 0.248 -1.08 LAWLER ""
3843.792 21.0 2.0 -2.45 "" ""
3843.8 64.1 0.6 -1.33 LAWLER ""
3843.818 607.01314 0.981 -2.85 7.724 0404Qc0055
3843.827 607.01314 0.981 -1.038 7.724 0404Pb0055
3843.827 607.01314 0.982 -0.965 7.724 0404Pa0065
3843.85 106.00112 0.466 -4.445 3.464 BX00R165
3843.855 106.00112 1.143 -5.743 3.464 AX32R175
3843.886 25.1 5.366 -2.51 "" ""
3843.896 42.0 2.595 -1.27 "" ""
3843.897 106.00112 1.091 -5.781 3.464 AX32R165
3843.898 607.01314 1.236 -3.166 7.724 0505Qc0105
3843.909 607.01314 1.236 -0.768 7.724 0505Pa0115
3843.912 41.0 0.739 -1.7 "" ""
3843.915 607.01214 1.479 -2.923 7.724 0606Qc0055
3843.921 607.01214 1.479 -1.039 7.724 0606Pa0065
3843.929 27.1 2.377 -6.82 "" ""
3843.935 607.01214 1.479 -1.112 7.724 0606Pb0055
3843.94 607.01314 1.236 -0.808 7.724 0505Pb0105
3843.954 106.00113 1.243 -7.152 3.464 AX53P125
3843.984 25.0 2.185 -0.73 "" ""
3843.989 607.01214 0.381 -0.16 7.724 0101Ra0235
3844.027 26.0 4.151 -1.98 "" ""
3844.028 607.01214 0.381 -0.178 7.724 0101Rb0225
3844.042 607.01314 1.982 -0.528 7.724 0808Ra0205
3844.045 27.0 3.229 -4.81 "" ""
3844.046 607.01214 1.005 -2.909 7.724 0404Qc0065
3844.053 607.01214 0.381 -3.232 7.724 0101Qd0235
3844.054 607.01214 1.005 -0.894 7.724 0404Pa0075
3844.062 27.0 3.62 -1.44 "" ""
3844.064 607.01214 1.005 -0.957 7.724 0404Pb0065
3844.083 607.01314 1.982 -0.55 7.724 0808Rb0195
3844.088 607.01214 1.262 -3.155 7.724 0505Qc0105
3844.098 41.0 1.393 -0.75 "" ""
3844.101 607.01314 1.982 -3.493 7.724 0808Qd0205
3844.111 27.0 3.512 -1.57 "" ""
3844.115 607.01214 3.376 -1.421 7.724 1514Pb0245
3844.116 106.00112 0.521 -1.822 3.464 BX10P165
3844.119 607.01214 1.262 -0.797 7.724 0505Pb0105
3844.14 607.01314 0.381 -0.145 7.724 0101Ra0245
3844.14 607.01314 1.67 -1.497 7.724 0707Rb0015
3844.141 607.01314 1.67 -2.644 7.724 0707Qd0025
3844.152 23.1 6.896 -1.54 "" ""
3844.154 26.1 5.871 -4.58 "" ""
3844.161 25.1 5.516 -1.38 "" ""
3844.165 106.00113 0.907 -7.923 3.464 CX02P115
3844.169 106.00112 0.521 -7.142 3.464 BX10Q165
3844.177 607.01314 0.381 -0.162 7.724 0101Rb0235
3844.181 607.01214 2.052 -0.45 7.724 0808Ra0235
3844.19 607.01214 1.262 -0.757 7.724 0505Pa0115
3844.195 607.01314 1.455 -3.062 7.724 0606Qc0075
3844.201 25.1 7.376 -3.29 "" ""
3844.201 607.01214 0.262 0.07 7.724 0000Ra0335
3844.202 607.01314 0.381 -3.252 7.724 0101Qd0245
3844.203 607.01314 1.455 -0.935 7.724 0606Pa0085
3844.217 607.01314 1.455 -0.99 7.724 0606Pb0075
3844.236 607.01214 0.539 -0.498 7.724 0202Ra0125
3844.236 607.01314 0.735 -1.328 7.724 0303Rb0015
3844.237 607.01314 0.735 -1.173 7.724 0303Ra0025
3844.243 607.01214 2.052 -0.47 7.724 0808Rb0225
3844.247 607.01314 0.735 -2.475 7.724 0303Qd0025
3844.248 607.01214 1.707 -1.123 7.724 0707Ra0045
3844.248 607.01214 1.707 -1.212 7.724 0707Rb0035
3844.248 607.01314 0.985 -2.917 7.724 0404Qc0065
3844.25 607.01214 0.262 0.057 7.724 0000Rb0325
3844.252 607.01214 1.707 -2.857 7.724 0707Qd0045
3844.254 63.1 1.319 -1.14 "" ""
3844.255 607.01314 0.985 -0.903 7.724 0404Pa0075
3844.256 23.0 1.349 -3.09 "" ""
3844.259 607.01214 0.539 -0.532 7.724 0202Rb0115
3844.26 28.0 3.539 -0.27 "" ""
3844.262 106.00112 0.521 -1.821 3.464 BX10P175
3844.264 607.01214 2.052 -3.531 7.724 0808Qd0235
3844.265 607.01314 0.985 -0.965 7.724 0404Pb0065
3844.272 607.01214 0.539 -3.044 7.724 0202Qd0125
3844.272 607.01314 1.241 -3.204 7.724 0505Qc0115
3844.278 607.01214 0.75 -1.322 7.724 0303Ra0015
3844.283 607.01214 0.75 -1.577 7.724 0303Rb0005
3844.284 607.01314 1.241 -0.732 7.724 0505Pa0125
3844.286 607.01214 0.262 -3.301 7.724 0000Qd0335
3844.287 607.01214 0.75 -2.277 7.724 0303Qd0015
3844.292 106.00112 0.372 -7.211 3.464 AX21R045
3844.31 607.01214 3.376 -4.455 7.724 1514Qc0245
3844.32 607.01314 0.533 -0.471 7.724 0202Ra0135
3844.32 607.01314 0.533 -0.502 7.724 0202Rb0125
3844.32 607.01314 1.241 -0.768 7.724 0505Pb0115
3844.335 607.01314 0.533 -3.081 7.724 0202Qd0135
3844.354 607.01214 3.376 -1.392 7.724 1514Pa0255
3844.355 62.1 0.184 -1.74 "" ""
3844.362 66.0 1.25 0.67 "" ""
3844.38 607.01214 1.482 -2.99 7.724 0606Qc0065
3844.386 106.00112 0.373 -7.195 3.464 AX21R045
3844.387 607.01214 1.482 -0.976 7.724 0606Pa0075
3844.402 22.0 2.101 -3.89 "" ""
3844.404 607.01214 1.482 -1.039 7.724 0606Pb0065
3844.405 26.1 7.481 -3.81 "" ""
3844.419 607.01314 0.266 0.081 7.724 0000Ra0345
3844.437 23.0 0.0 -1.1 LAWNOHFS ""
3844.463 607.01314 0.266 0.069 7.724 0000Rb0335
3844.472 23.1 1.686 -2.19 "" ""
3844.475 607.01214 1.267 -3.193 7.724 0505Qc0115
3844.479 607.01214 1.009 -2.968 7.724 0404Qc0075
3844.488 607.01214 1.009 -0.84 7.724 0404Pa0085
3844.502 607.01214 1.009 -0.894 7.724 0404Pb0075
3844.502 607.01314 0.266 -3.315 7.724 0000Qd0345
3844.514 607.01214 1.267 -0.757 7.724 0505Pb0115
3844.524 27.0 3.114 -4.64 "" ""
3844.56 28.0 3.938 -1.01 "" ""
3844.58 64.1 0.144 -0.46 LAWLER ""
3844.608 607.01314 1.974 -0.55 7.724 0808Ra0195
3844.609 24.1 7.38 -4.38 "" ""
3844.613 607.01314 1.669 -1.497 7.724 0707Ra0015
3844.619 106.00112 1.197 -5.705 3.464 AX32R185
3844.621 607.01314 1.459 -3.114 7.724 0606Qc0085
3844.63 607.01314 1.459 -0.887 7.724 0606Pa0095
3844.634 607.01314 1.247 -3.238 7.724 0505Qc0125
3844.646 607.01314 1.247 -0.699 7.724 0505Pa0135
3844.646 607.01314 1.459 -0.935 7.724 0606Pb0085
3844.646 607.01314 1.974 -0.573 7.724 0808Rb0185
3844.653 607.01314 1.669 -1.752 7.724 0707Rb0005
3844.655 607.01314 1.669 -2.452 7.724 0707Qd0015
3844.663 607.01314 0.988 -2.976 7.724 0404Qc0075
3844.663 607.01314 1.974 -3.473 7.724 0808Qd0195
3844.672 607.01314 0.988 -0.848 7.724 0404Pa0085
3844.674 106.00112 1.042 -5.817 3.464 AX32R155
3844.674 607.01214 1.267 -0.721 7.724 0505Pa0125
3844.683 607.01314 0.988 -0.903 7.724 0404Pb0075
3844.683 607.01314 1.247 -0.732 7.724 0505Pb0125
3844.69 24.0 3.392 -3.07 "" ""
3844.757 607.01214 2.042 -0.47 7.724 0808Ra0225
3844.804 607.01214 1.705 -1.212 7.724 0707Ra0035
3844.804 607.01214 1.705 -1.325 7.724 0707Rb0025
3844.807 607.01214 1.705 -2.758 7.724 0707Qd0035
3844.807 607.01314 0.734 -1.328 7.724 0303Ra0015
3844.807 607.01314 0.734 -1.584 7.724 0303Rb0005
3844.814 607.01314 0.734 -2.283 7.724 0303Qd0015
3844.82 607.01214 2.042 -0.49 7.724 0808Rb0215
3844.836 607.01214 1.485 -3.049 7.724 0606Qc0075
3844.84 607.01214 2.042 -3.513 7.724 0808Qd0225
3844.845 607.01214 1.485 -0.922 7.724 0606Pa0085
3844.85 27.0 2.54 -3.65 "" ""
3844.85 607.01214 1.273 -3.228 7.724 0505Qc0125
3844.857 607.01214 0.749 -1.578 7.724 0303Ra0005
3844.861 607.01214 0.749 -1.879 7.724 0303Qd0005
3844.863 607.01214 1.485 -0.976 7.724 0606Pb0075
3844.864 607.01214 1.273 -0.688 7.724 0505Pa0135
3844.871 106.00113 1.244 -7.19 3.464 AX53P125
3844.887 23.0 1.05 -1.41 LAWNOHFS ""
3844.898 607.01214 1.013 -3.019 7.724 0404Qc0085
3844.899 607.01214 1.273 -0.721 7.724 0505Pb0125
3844.901 27.0 3.102 -7.04 "" ""
3844.907 607.01214 1.013 -0.791 7.724 0404Pa0095
3844.918 22.0 1.995 -3.19 "" ""
3844.924 607.01214 1.013 -0.84 7.724 0404Pb0085
3844.971 607.01214 1.279 -0.657 7.724 0505Pa0145
3844.98 106.00112 1.724 -6.55 3.464 CX35P105
3844.983 607.01314 1.253 -3.271 7.724 0505Qc0135
3844.992 607.01214 0.37 -0.178 7.724 0101Ra0225
3844.997 607.01314 1.253 -0.668 7.724 0505Pa0145
3845.015 607.01214 0.533 -0.532 7.724 0202Ra0115
3845.023 25.0 4.329 -1.12 "" ""
3845.029 607.01214 0.37 -0.197 7.724 0101Rb0215
3845.036 607.01214 0.533 -0.568 7.724 0202Rb0105
3845.036 607.01314 1.253 -0.699 7.724 0505Pb0135
3845.037 607.01314 1.463 -3.159 7.724 0606Qc0095
3845.04 26.0 2.277 -4.5 "" ""
3845.047 607.01314 1.463 -0.843 7.724 0606Pa0105
3845.048 607.01214 0.533 -3.01 7.724 0202Qd0115
3845.053 607.01214 0.37 -3.214 7.724 0101Qd0225
3845.055 106.00113 1.477 -8.343 3.464 CX13P175
3845.063 607.01314 1.463 -0.887 7.724 0606Pb0095
3845.065 607.01314 0.992 -3.027 7.724 0404Qc0085
3845.066 23.0 2.372 -2.33 "" ""
3845.074 607.01314 0.527 -0.502 7.724 0202Ra0125
3845.074 607.01314 0.992 -0.8 7.724 0404Pa0095
3845.075 25.1 5.544 -3.5 "" ""
3845.082 106.00112 0.01 -5.604 3.464 AX10R015
3845.086 607.01314 0.527 -0.536 7.724 0202Rb0115
3845.086 607.01314 0.992 -0.848 7.724 0404Pb0085
3845.093 106.00112 1.431 -8.245 3.464 CX13P165
3845.095 22.0 1.979 -1.83 "" ""
3845.097 607.01314 0.527 -3.048 7.724 0202Qd0125
3845.118 92.1 0.685 -1.07 "" ""
3845.119 106.00112 0.01 -5.603 3.464 AX10R015
3845.12 607.01314 0.37 -0.162 7.724 0101Ra0235
3845.137 607.01314 1.669 -1.752 7.724 0707Ra0005
3845.152 106.00112 1.092 -5.731 3.464 AX32R165
3845.156 607.01314 0.37 -0.181 7.724 0101Rb0225
3845.162 607.01314 1.669 -2.054 7.724 0707Qd0005
3845.164 106.00112 0.785 -3.631 3.464 AX21R155
3845.168 607.01314 1.966 -0.573 7.724 0808Ra0185
3845.169 106.00113 1.362 -7.232 3.464 AX31P245
3845.169 26.0 2.422 -1.35 "" ""
3845.18 26.1 4.476 -2.29 "" ""
3845.18 607.01314 0.37 -3.234 7.724 0101Qd0235
3845.208 27.0 3.626 -3.6 "" ""
3845.208 607.01314 1.966 -0.597 7.724 0808Rb0175
3845.211 23.1 6.144 -2.14 "" ""
3845.212 106.00112 0.786 -3.519 3.464 AX21R165
3845.212 607.01214 1.279 -3.26 7.724 0505Qc0135
3845.214 26.0 3.394 -1.78 "" ""
3845.224 607.01314 1.966 -3.451 7.724 0808Qd0185
3845.239 106.00113 1.501 -8.086 3.464 AX42Q225
3845.25 106.00112 1.144 -5.692 3.464 AX32R175
3845.258 27.0 3.131 -5.15 "" ""
3845.264 106.00112 0.786 -6.261 3.464 AX21Q165
3845.268 607.01214 1.279 -0.688 7.724 0505Pb0135
3845.273 58.1 0.495 -1.25 LAWLER ""
3845.281 26.0 3.544 -3.05 "" ""
3845.282 607.01214 1.489 -3.1 7.724 0606Qc0085
3845.284 22.0 2.248 -6.37 "" ""
3845.285 106.00113 1.501 -4.271 3.464 AX42P235
3845.291 607.01214 1.489 -0.873 7.724 0606Pa0095
3845.303 607.01214 1.017 -3.065 7.724 0404Qc0095
3845.308 106.00112 0.84 -3.522 3.464 AX21R165
3845.313 607.01214 1.489 -0.922 7.724 0606Pb0085
3845.314 607.01214 1.017 -0.748 7.724 0404Pa0105
3845.316 106.00113 1.501 -4.172 3.464 AX42P225
3845.321 607.01314 1.259 -3.301 7.724 0505Qc0145
3845.332 607.01214 1.017 -0.791 7.724 0404Pb0095
3845.332 607.01214 2.033 -0.49 7.724 0808Ra0215
3845.335 607.01314 1.259 -0.639 7.724 0505Pa0155
3845.344 106.00112 0.84 -3.416 3.464 AX21R175
3845.346 26.0 3.981 -3.72 "" ""
3845.353 607.01214 1.704 -1.325 7.724 0707Ra0025
3845.353 607.01214 1.704 -1.481 7.724 0707Rb0015
3845.356 607.01214 1.704 -2.628 7.724 0707Qd0025
3845.359 607.01314 0.734 -1.584 7.724 0303Ra0005
3845.366 607.01314 0.734 -1.885 7.724 0303Qd0005
3845.372 106.00112 1.611 -7.692 3.464 CX24P145
3845.376 607.01314 1.259 -0.668 7.724 0505Pb0145
3845.386 106.00113 0.371 -7.211 3.464 AX21R045
3845.389 106.00113 1.087 -5.78 3.464 AX32R165
3845.396 607.01214 2.033 -0.511 7.724 0808Rb0205
3845.4 106.00112 0.84 -6.171 3.464 AX21Q175
3845.409 106.00112 0.734 -3.745 3.464 AX21R145
3845.415 607.01214 2.033 -3.495 7.724 0808Qd0215
3845.415 607.01214 3.386 -1.392 7.724 1514Pb0255
3845.426 607.01214 0.247 0.057 7.724 0000Ra0325
3845.442 607.01214 1.286 -0.628 7.724 0505Pa0155
3845.444 607.01314 1.468 -3.201 7.724 0606Qc0105
3845.452 607.01314 0.996 -3.073 7.724 0404Qc0095
3845.456 64.1 0.601 -1.12 "" ""
3845.457 27.0059 0.922 -0.613 Lawle15HFS ""
3845.458 607.01314 0.996 -0.756 7.724 0404Pa0105
3845.458 607.01314 1.468 -0.804 7.724 0606Pa0115
3845.462 27.0059 0.922 -0.718 Lawle15HFS ""
3845.465 27.0059 0.922 -0.834 Lawle15HFS ""
3845.469 27.0059 0.922 -0.963 Lawle15HFS ""
3845.471 106.00112 0.734 -3.628 3.464 AX21R155
3845.472 27.0059 0.922 -1.109 Lawle15HFS ""
3845.472 607.01214 0.247 0.044 7.724 0000Rb0315
3845.475 27.0059 0.922 -1.279 Lawle15HFS ""
3845.475 27.0059 0.922 -1.621 Lawle15HFS ""
3845.475 607.01314 0.996 -0.8 7.724 0404Pb0095
3845.475 607.01314 1.468 -0.843 7.724 0606Pb0105
3845.477 27.0059 0.922 -1.41 Lawle15HFS ""
3845.477 27.0059 0.922 -1.483 Lawle15HFS ""
3845.479 106.00113 0.371 -7.195 3.464 AX21R045
3845.479 27.0059 0.922 -1.337 Lawle15HFS ""
3845.48 27.0059 0.922 -1.331 Lawle15HFS ""
3845.48 27.0059 0.922 -1.746 Lawle15HFS ""
3845.481 27.0059 0.922 -1.378 Lawle15HFS ""
3845.481 27.0059 0.922 -1.483 Lawle15HFS ""
3845.482 27.0059 0.922 -1.679 Lawle15HFS ""
3845.486 27.0059 0.922 -2.378 Lawle15HFS ""
3845.487 27.0059 0.922 -2.223 Lawle15HFS ""
3845.487 58.1 1.253 -0.2 "" ""
3845.488 27.0059 0.922 -2.223 Lawle15HFS ""
3845.489 27.0059 0.922 -2.32 Lawle15HFS ""
3845.49 27.0059 0.922 -2.525 Lawle15HFS ""
3845.49 27.0059 0.922 -2.923 Lawle15HFS ""
3845.506 25.0 4.657 -1.98 "" ""
3845.506 607.01214 0.247 -3.289 7.724 0000Qd0325
3845.517 106.00112 0.734 -6.355 3.464 AX21Q155
3845.523 23.1 5.875 -3.18 "" ""
3845.555 22.0 2.266 -3.12 "" ""
3845.562 607.01214 1.286 -3.29 7.724 0505Qc0145
3845.568 23.0 2.113 -2.1 "" ""
3845.577 25.1 5.516 -4.85 "" ""
3845.604 106.00113 1.138 -5.743 3.464 AX32R175
3845.606 24.1 4.916 -3.17 "" ""
3845.611 607.01314 0.251 0.069 7.724 0000Ra0335
3845.626 607.01214 1.286 -0.657 7.724 0505Pb0145
3845.63 65.1 0.79 -0.1 LAWNOHFS ""
3845.647 607.01314 1.266 -3.328 7.724 0505Qc0155
3845.652 607.01314 0.251 0.056 7.724 0000Rb0325
3845.656 607.01314 1.266 -0.612 7.724 0505Pa0165
3845.662 607.01214 3.386 -4.459 7.724 1514Qc0255
3845.69 607.01314 0.251 -3.302 7.724 0000Qd0335
3845.693 607.01214 1.022 -3.107 7.724 0404Qc0105
3845.694 26.0 3.544 -1.12 "" ""
3845.705 607.01214 1.022 -0.708 7.724 0404Pa0115
3845.706 607.01314 1.266 -0.639 7.724 0505Pb0155
3845.707 22.0 2.101 -4.05 "" ""
3845.718 607.01214 1.494 -3.146 7.724 0606Qc0095
3845.725 607.01214 1.022 -0.748 7.724 0404Pb0105
3845.727 24.1 7.381 -1.93 "" ""
3845.727 607.01314 1.958 -0.597 7.724 0808Ra0175
3845.728 607.01214 1.494 -0.83 7.724 0606Pa0105
3845.739 60.1 1.401 -0.16 "" ""
3845.753 607.01214 1.494 -0.873 7.724 0606Pb0095
3845.769 607.01314 1.958 -0.622 7.724 0808Rb0165
3845.777 607.01214 0.528 -0.569 7.724 0202Ra0105
3845.782 607.01314 1.958 -3.428 7.724 0808Qd0175
3845.793 106.00112 1.043 -5.77 3.464 AX32R155
3845.797 607.01214 0.528 -0.608 7.724 0202Rb0095
3845.798 25.0 4.329 -1.67 "" ""
3845.808 607.01214 0.528 -2.972 7.724 0202Qd0105
3845.816 607.01314 0.522 -0.536 7.724 0202Ra0115
3845.825 607.01314 1.001 -3.115 7.724 0404Qc0105
3845.831 607.01214 1.293 -0.601 7.724 0505Pa0165
3845.834 607.01314 0.522 -0.573 7.724 0202Rb0105
3845.834 607.01314 1.001 -0.717 7.724 0404Pa0115
3845.835 22.0 1.967 -1.32 "" ""
3845.841 607.01314 1.473 -3.239 7.724 0606Qc0115
3845.843 607.01314 0.522 -3.014 7.724 0202Qd0115
3845.844 25.1 6.666 -4.32 "" ""
3845.852 607.01314 1.001 -0.756 7.724 0404Pb0105
3845.852 607.01314 1.473 -0.768 7.724 0606Pa0125
3845.873 106.00112 0.896 -3.418 3.464 AX21R175
3845.873 607.01314 1.473 -0.804 7.724 0606Pb0115
3845.896 41.0 0.049 -1.3 "" ""
3845.896 607.01214 1.703 -1.481 7.724 0707Ra0015
3845.896 607.01214 1.703 -1.737 7.724 0707Rb0005
3845.898 106.00112 0.896 -3.316 3.464 AX21R185
3845.898 607.01214 1.703 -2.436 7.724 0707Qd0015
3845.899 607.01214 1.293 -3.317 7.724 0505Qc0155
3845.908 607.01214 2.024 -0.511 7.724 0808Ra0205
3845.938 42.0 2.075 -1.62 "" ""
3845.947 22.0 2.235 -5.93 "" ""
3845.958 106.00112 0.896 -6.084 3.464 AX21Q185
3845.959 20.0 5.317 -3.65 "" ""
3845.96 607.01314 1.273 -3.355 7.724 0505Qc0165
3845.961 607.01214 0.75 -1.879 7.724 0303Qc0005
3845.962 607.01214 0.75 -1.578 7.724 0303Pa0015
3845.963 28.0 3.838 -3.3 "" ""
3845.965 106.00113 1.038 -5.817 3.464 AX32R155
3845.971 607.01214 2.024 -0.533 7.724 0808Rb0195
3845.972 607.01214 1.293 -0.628 7.724 0505Pb0155
3845.975 42.0 2.756 -0.97 "" ""
3845.977 607.01214 0.36 -0.197 7.724 0101Ra0215
3845.977 607.01314 1.273 -0.587 7.724 0505Pa0175
3845.982 26.0 3.684 -5.66 "" ""
3845.985 26.0 3.366 -1.18 "" ""
3845.989 607.01214 2.024 -3.476 7.724 0808Qd0205
3846.001 106.00112 0.011 -5.961 3.464 AX10Q025
3846.003 57.1 0.173 -1.48 "" ""
3846.012 106.00112 0.686 -3.863 3.464 AX21R135
3846.013 607.01214 0.36 -0.217 7.724 0101Rb0205
3846.022 607.01314 1.273 -0.612 7.724 0505Pb0165
3846.025 106.00112 0.011 -5.957 3.464 AX10Q025
3846.036 607.01214 0.36 -3.194 7.724 0101Qd0215
3846.062 23.1 6.857 -3.72 "" ""
3846.068 607.01214 1.028 -3.144 7.724 0404Qc0115
3846.081 607.01214 1.028 -0.672 7.724 0404Pa0125
3846.082 607.01314 0.36 -0.181 7.724 0101Ra0225
3846.084 106.00113 0.782 -3.631 3.464 AX21R155
3846.091 106.00112 0.686 -3.741 3.464 AX21R145
3846.103 607.01214 1.028 -0.708 7.724 0404Pb0115
3846.115 106.00113 0.782 -3.519 3.464 AX21R165
3846.117 607.01314 0.36 -0.2 7.724 0101Rb0215
3846.121 21.0 1.985 -1.64 "" ""
3846.123 106.00112 0.995 -5.852 3.464 AX32R145
3846.131 106.00112 0.686 -6.454 3.464 AX21Q145
3846.14 607.01314 0.36 -3.216 7.724 0101Qd0225
3846.145 607.01214 1.498 -3.187 7.724 0606Qc0105
3846.155 607.01314 1.669 -2.054 7.724 0707Qc0005
3846.156 607.01214 1.498 -0.79 7.724 0606Pa0115
3846.157 607.01314 1.669 -1.754 7.724 0707Pa0015
3846.159 106.00112 1.199 -5.651 3.464 AX32R185
3846.168 106.00112 0.011 -5.502 3.464 AX10R025
3846.177 42.0 3.245 -0.71 "" ""
3846.18 106.00113 0.782 -6.261 3.464 AX21Q165
3846.183 607.01214 1.301 -0.576 7.724 0505Pa0175
3846.184 607.01214 1.498 -0.83 7.724 0606Pb0105
3846.185 607.01314 1.006 -3.153 7.724 0404Qc0115
3846.192 106.00112 0.011 -5.502 3.464 AX10R025
3846.197 106.00113 0.836 -3.522 3.464 AX21R165
3846.197 607.01314 1.006 -0.681 7.724 0404Pa0125
3846.211 106.00113 0.836 -3.415 3.464 AX21R175
3846.213 607.01314 1.006 -0.717 7.724 0404Pb0115
3846.213 74.0 0.207 -1.56 "" ""
3846.222 27.0 3.663 -3.8 "" ""
3846.224 607.01214 1.301 -3.344 7.724 0505Qc0165
3846.228 607.01314 1.478 -3.273 7.724 0606Qc0125
3846.231 106.00113 0.01 -5.603 3.464 AX10R015
3846.234 92.0 0.868 0.0 "" ""
3846.24 607.01314 1.478 -0.734 7.724 0606Pa0135
3846.249 90.1 2.727 -0.05 "" ""
3846.262 607.01314 1.281 -3.379 7.724 0505Qc0175
3846.262 607.01314 1.478 -0.768 7.724 0606Pb0125
3846.267 106.00113 0.01 -5.603 3.464 AX10R015
3846.273 106.00112 1.255 -5.666 3.464 AX32R195
3846.279 62.0 0.101 -1.05 "" ""
3846.28 607.01314 1.281 -0.563 7.724 0505Pa0185
3846.283 26.0 3.692 -1.66 "" ""
3846.285 106.00113 0.836 -6.171 3.464 AX21Q175
3846.285 607.01314 1.951 -0.622 7.724 0808Ra0165
3846.306 26.1 4.491 -3.9 "" ""
3846.306 607.01214 1.301 -0.601 7.724 0505Pb0165
3846.325 607.01314 1.281 -0.587 7.724 0505Pb0175
3846.325 607.01314 1.951 -0.649 7.724 0808Rb0155
3846.339 607.01314 1.951 -3.404 7.724 0808Qd0165
3846.34 66.1 0.59 -1.05 LAWLER ""
3846.352 106.00113 0.731 -3.744 3.464 AX21R145
3846.373 39.1 4.13 -1.0 "" ""
3846.4 106.00113 0.731 -3.628 3.464 AX21R155
3846.41 26.0 3.571 -0.43 "" ""
3846.421 607.01314 0.734 -1.885 7.724 0303Qc0005
3846.422 607.01314 0.734 -1.584 7.724 0303Pa0015
3846.429 607.01214 1.034 -3.179 7.724 0404Qc0125
3846.433 607.01214 1.703 -1.737 7.724 0707Ra0005
3846.434 607.01214 1.703 -2.038 7.724 0707Qd0005
3846.439 22.0 1.967 -0.71 "" ""
3846.443 607.01214 1.034 -0.639 7.724 0404Pa0135
3846.457 106.00113 0.731 -6.355 3.464 AX21Q155
3846.467 607.01214 1.034 -0.672 7.724 0404Pb0125
3846.482 607.01214 2.015 -0.533 7.724 0808Ra0195
3846.486 607.01214 0.751 -2.277 7.724 0303Qc0015
3846.489 607.01214 0.751 -1.323 7.724 0303Pa0025
3846.489 607.01214 0.751 -1.578 7.724 0303Pb0015
3846.49 64.0 0.864 0.03 "" ""
3846.513 607.01214 1.309 -0.552 7.724 0505Pa0185
3846.517 58.1 1.013 -0.09 "" ""
3846.519 106.00112 0.787 -3.52 3.464 AX21R165
3846.521 607.01214 0.524 -0.608 7.724 0202Ra0095
3846.53 607.01314 1.012 -3.188 7.724 0404Qc0125
3846.538 607.01214 1.309 -3.368 7.724 0505Qc0175
3846.54 607.01214 0.523 -0.652 7.724 0202Rb0085
3846.543 106.00112 0.787 -3.631 3.464 AX21R155
3846.543 607.01314 0.517 -0.573 7.724 0202Ra0105
3846.543 607.01314 1.012 -0.647 7.724 0404Pa0135
3846.545 607.01214 2.015 -0.556 7.724 0808Rb0185
3846.546 23.0 1.941 -1.04 "" ""
3846.546 27.0 2.875 -6.31 "" ""
3846.55 607.01214 0.524 -2.93 7.724 0202Qd0095
3846.552 607.01314 1.289 -3.403 7.724 0505Qc0185
3846.553 92.0 0.471 -0.09 "" ""
3846.561 607.01214 1.504 -3.225 7.724 0606Qc0115
3846.563 607.01214 2.015 -3.455 7.724 0808Qd0195
3846.566 607.01314 1.012 -0.681 7.724 0404Pb0125
3846.567 607.01314 0.517 -0.613 7.724 0202Rb0095
3846.57 106.00112 0.787 -6.235 3.464 AX21Q165
3846.57 607.01314 1.289 -0.54 7.724 0505Pa0195
3846.573 607.01214 1.504 -0.754 7.724 0606Pa0125
3846.573 607.01314 0.517 -2.976 7.724 0202Qd0105
3846.587 106.00113 1.088 -5.731 3.464 AX32R165
3846.602 607.01214 1.504 -0.79 7.724 0606Pb0115
3846.605 607.01314 1.484 -3.305 7.724 0606Qc0135
3846.615 73.0 1.146 -1.73 "" ""
3846.619 607.01314 1.289 -0.563 7.724 0505Pb0185
3846.619 607.01314 1.484 -0.703 7.724 0606Pa0145
3846.628 607.01214 1.309 -0.576 7.724 0505Pb0175
3846.629 26.0 2.756 -3.1 "" ""
3846.629 607.01214 0.232 0.043 7.724 0000Ra0315
3846.636 106.00112 0.735 -3.628 3.464 AX21R155
3846.642 607.01314 1.484 -0.734 7.724 0606Pb0135
3846.642 607.01314 1.67 -2.452 7.724 0707Qc0015
3846.643 106.00112 0.735 -3.745 3.464 AX21R145
3846.644 607.01314 1.67 -1.499 7.724 0707Pa0025
3846.667 607.01314 1.67 -1.754 7.724 0707Pb0015
3846.672 44.0 1.122 -0.96 "" ""
3846.675 607.01214 0.232 0.03 7.724 0000Rb0305
3846.682 106.00112 0.735 -6.331 3.464 AX21Q155
3846.692 106.00113 1.193 -5.705 3.464 AX32R185
3846.697 21.0 1.986 -1.89 "" ""
3846.709 607.01214 0.232 -3.275 7.724 0000Qd0315
3846.711 106.00112 0.911 -7.922 3.464 CX02P115
3846.718 106.00113 0.892 -3.316 3.464 AX21R185
3846.72 106.00113 0.892 -3.418 3.464 AX21R175
3846.763 62.0 0.036 -0.35 "" ""
3846.765 27.0 3.629 -1.29 "" ""
3846.769 60.1 0.204 -0.91 "" ""
3846.775 607.01214 1.04 -3.211 7.724 0404Qc0135
3846.783 607.01314 0.236 0.056 7.724 0000Ra0325
3846.79 607.01214 1.04 -0.608 7.724 0404Pa0145
3846.791 26.0 3.366 -1.15 "" ""
3846.797 106.00112 0.841 -3.416 3.464 AX21R175
3846.8 106.00113 0.892 -6.084 3.464 AX21Q185
3846.8 26.0 3.249 0.01 "" ""
3846.816 607.01214 1.04 -0.639 7.724 0404Pb0135
3846.829 607.01314 0.236 0.043 7.724 0000Rb0315
3846.829 607.01314 1.298 -3.425 7.724 0505Qc0195
3846.837 106.00112 0.841 -3.522 3.464 AX21R165
3846.837 607.01214 1.317 -0.529 7.724 0505Pa0195
3846.84 21.0 2.008 -4.23 "" ""
3846.84 607.01214 1.317 -3.392 7.724 0505Qc0185
3846.842 607.01314 1.945 -0.649 7.724 0808Ra0155
3846.849 607.01314 1.298 -0.518 7.724 0505Pa0205
3846.853 106.00112 0.841 -6.144 3.464 AX21Q175
3846.861 607.01314 1.018 -3.22 7.724 0404Qc0135
3846.862 607.01314 0.236 -3.289 7.724 0000Qd0325
3846.864 56.1 5.718 -3.32 "" ""
3846.876 607.01314 1.018 -0.616 7.724 0404Pa0145
3846.876 607.01314 1.945 -0.677 7.724 0808Rb0145
3846.893 607.01314 1.945 -3.378 7.724 0808Qd0155
3846.894 106.00112 0.053 -3.958 3.464 BX00R055
3846.894 607.01314 1.018 -0.647 7.724 0404Pb0135
3846.894 607.01314 1.298 -0.54 7.724 0505Pb0195
3846.896 106.00112 0.956 -3.318 3.464 AX21R185
3846.899 23.0 1.954 -2.15 "" ""
3846.911 106.00112 0.956 -3.221 3.464 AX21R195
3846.925 607.01314 0.735 -2.283 7.724 0303Qc0015
3846.928 607.01314 0.735 -1.329 7.724 0303Pa0025
3846.928 607.01314 0.735 -1.585 7.724 0303Pb0015
3846.932 106.00113 1.14 -5.691 3.464 AX32R175
3846.935 26.0 2.431 -2.0 "" ""
3846.938 607.01214 1.317 -0.552 7.724 0505Pb0185
3846.944 607.01214 0.35 -0.217 7.724 0101Ra0205
3846.949 106.00112 0.64 -3.987 3.464 AX21R125
3846.968 607.01214 1.509 -3.26 7.724 0606Qc0125
3846.973 607.01314 1.491 -3.335 7.724 0606Qc0145
3846.974 106.00113 0.683 -3.863 3.464 AX21R135
3846.976 106.00112 0.956 -6.001 3.464 AX21Q195
3846.979 607.01214 0.35 -0.238 7.724 0101Rb0195
3846.98 60.1 0.064 -1.59 LAWLER ""
3846.981 607.01214 1.509 -0.721 7.724 0606Pa0135
3846.983 20.0 5.736 -4.14 "" ""
3846.984 106.00113 0.052 -3.958 3.464 BX00R055
3846.988 607.01314 1.491 -0.674 7.724 0606Pa0155
3846.995 607.01214 0.752 -2.469 7.724 0303Qc0025
3847.0 607.01214 0.35 -3.174 7.724 0101Qd0205
3847.001 607.01214 0.752 -1.169 7.724 0303Pa0035
3847.001 607.01214 0.752 -1.323 7.724 0303Pb0025
3847.011 607.01214 1.509 -0.754 7.724 0606Pb0125
3847.013 607.01314 1.491 -0.703 7.724 0606Pb0145
3847.016 40.0 0.071 -0.95 "" ""
3847.018 66.0 0.937 0.47 "" ""
3847.028 607.01314 0.35 -0.2 7.724 0101Ra0215
3847.037 106.00113 1.039 -5.77 3.464 AX32R155
3847.041 106.00113 0.683 -3.741 3.464 AX21R145
3847.046 106.00112 0.64 -3.86 3.464 AX21R135
3847.056 607.01214 2.007 -0.556 7.724 0808Ra0185
3847.061 607.01314 0.35 -0.22 7.724 0101Rb0205
3847.079 106.00112 0.64 -6.555 3.464 AX21Q135
3847.083 607.01314 0.35 -3.197 7.724 0101Qd0215
3847.09 106.00113 0.683 -6.453 3.464 AX21Q145
3847.095 607.01314 1.307 -3.446 7.724 0505Qc0205
3847.098 26.0 3.414 -3.31 "" ""
3847.107 106.00112 0.687 -3.864 3.464 AX21R135
3847.107 607.01214 1.047 -3.241 7.724 0404Qc0145
3847.113 106.00112 0.996 -5.808 3.464 AX32R145
3847.116 607.01314 1.307 -0.498 7.724 0505Pa0215
3847.118 607.01214 2.007 -0.58 7.724 0808Rb0175
3847.118 607.01314 1.671 -1.499 7.724 0707Pb0025
3847.12 106.00112 0.687 -3.742 3.464 AX21R145
3847.122 607.01214 1.047 -0.579 7.724 0404Pa0155
3847.122 607.01314 1.671 -2.644 7.724 0707Qc0025
3847.125 607.01314 1.671 -1.344 7.724 0707Pa0035
3847.131 607.01214 1.326 -3.414 7.724 0505Qc0195
3847.135 607.01214 2.007 -3.434 7.724 0808Qd0185
3847.137 106.00112 1.334 -8.531 3.464 AX53Q145
3847.145 106.00113 0.011 -5.96 3.464 AX10Q025
3847.148 607.01214 1.047 -0.608 7.724 0404Pb0145
3847.151 607.01214 1.326 -0.507 7.724 0505Pa0205
3847.159 26.0 3.94 -2.58 "" ""
3847.16 106.00112 0.687 -6.431 3.464 AX21Q145
3847.163 607.01314 1.307 -0.518 7.724 0505Pb0205
3847.164 106.00112 1.334 -4.623 3.464 AX53P145
3847.169 106.00113 0.011 -5.957 3.464 AX10Q025
3847.179 607.01314 1.024 -3.25 7.724 0404Qc0145
3847.194 607.01314 1.024 -0.588 7.724 0404Pa0155
3847.212 26.0 3.299 -2.13 "" ""
3847.213 607.01314 1.024 -0.617 7.724 0404Pb0145
3847.225 25.0 4.824 -1.52 "" ""
3847.231 20.0 5.737 -3.19 "" ""
3847.236 607.01214 1.326 -0.529 7.724 0505Pb0195
3847.237 106.00112 1.334 -4.707 3.464 AX53P155
3847.242 28.0 3.703 -2.44 "" ""
3847.245 42.0 1.38 -1.27 "" ""
3847.249 607.01214 0.519 -0.652 7.724 0202Ra0085
3847.253 607.01314 0.512 -0.613 7.724 0202Ra0095
3847.265 106.00113 0.992 -5.852 3.464 AX32R145
3847.266 607.01214 0.519 -0.701 7.724 0202Rb0075
3847.275 607.01214 0.519 -2.884 7.724 0202Qd0085
3847.278 607.01314 0.512 -0.656 7.724 0202Rb0085
3847.286 607.01314 0.512 -2.934 7.724 0202Qd0095
3847.312 106.00113 0.011 -5.502 3.464 AX10R025
3847.326 23.0 0.017 -1.09 LAWNOHFS ""
3847.332 607.01314 1.498 -3.363 7.724 0606Qc0155
3847.336 106.00113 0.011 -5.502 3.464 AX10R025
3847.339 23.1 2.759 -0.61 "" ""
3847.348 607.01314 1.498 -0.647 7.724 0606Pa0165
3847.35 607.01314 1.316 -3.466 7.724 0505Qc0215
3847.365 607.01214 1.516 -3.292 7.724 0606Qc0135
3847.371 607.01314 1.316 -0.478 7.724 0505Pa0225
3847.373 607.01314 1.498 -0.674 7.724 0606Pb0155
3847.379 607.01214 1.516 -0.69 7.724 0606Pa0145
3847.397 607.01314 1.938 -0.677 7.724 0808Ra0145
3847.407 23.1 5.784 -2.69 "" ""
3847.411 607.01214 1.336 -3.435 7.724 0505Qc0205
3847.412 106.00113 0.783 -3.519 3.464 AX21R165
3847.413 607.01214 1.516 -0.721 7.724 0606Pb0135
3847.414 607.01314 0.737 -2.475 7.724 0303Qc0025
3847.418 607.01314 0.737 -1.175 7.724 0303Pa0035
3847.418 607.01314 0.737 -1.33 7.724 0303Pb0025
3847.418 607.01314 1.316 -0.498 7.724 0505Pb0215
3847.424 607.01214 1.054 -3.269 7.724 0404Qc0155
3847.432 607.01314 1.938 -0.707 7.724 0808Rb0135
3847.433 607.01214 1.336 -0.487 7.724 0505Pa0215
3847.44 607.01214 1.054 -0.552 7.724 0404Pa0165
3847.441 106.00113 0.783 -3.631 3.464 AX21R155
3847.444 607.01314 1.938 -3.351 7.724 0808Qd0145
3847.448 106.00112 0.002 -5.736 3.464 AX10R005
3847.45 106.00113 1.531 -8.472 3.464 CX13P185
3847.459 23.1 6.876 -2.34 "" ""
3847.464 106.00112 0.002 -5.736 3.464 AX10R005
3847.469 106.00113 0.783 -6.235 3.464 AX21Q165
3847.469 607.01214 1.054 -0.579 7.724 0404Pb0155
3847.483 607.01314 1.031 -3.278 7.724 0404Qc0155
3847.484 22.0 2.091 -4.39 "" ""
3847.486 607.01214 1.703 -2.039 7.724 0707Qc0005
3847.488 607.01214 0.754 -2.599 7.724 0303Qc0035
3847.488 607.01214 1.703 -1.738 7.724 0707Pa0015
3847.49 74.0 0.0 -2.4 "" ""
3847.494 607.01214 0.754 -1.056 7.724 0303Pa0045
3847.494 607.01214 0.754 -1.169 7.724 0303Pb0035
3847.499 607.01314 1.031 -0.561 7.724 0404Pa0165
3847.501 106.00112 0.898 -3.317 3.464 AX21R185
3847.517 106.00113 1.503 -4.271 3.464 AX42P235
3847.518 607.01314 1.031 -0.588 7.724 0404Pb0155
3847.52 607.01214 1.336 -0.507 7.724 0505Pb0205
3847.52 62.1 0.333 -0.78 LAWLER ""
3847.548 22.1 4.891 -1.62 "" ""
3847.556 106.00113 0.732 -3.628 3.464 AX21R155
3847.557 106.00112 0.898 -3.418 3.464 AX21R175
3847.562 106.00112 0.898 -6.055 3.464 AX21Q185
3847.566 106.00113 0.732 -3.745 3.464 AX21R145
3847.575 106.00113 1.503 -8.123 3.464 AX42Q225
3847.592 607.01314 1.326 -3.485 7.724 0505Qc0225
3847.596 607.01314 1.673 -2.774 7.724 0707Qc0035
3847.6 607.01314 1.673 -1.232 7.724 0707Pa0045
3847.602 22.0 1.979 -3.31 "" ""
3847.606 106.00113 0.732 -6.331 3.464 AX21Q155
3847.606 21.0 2.336 -3.62 "" ""
3847.614 22.0 1.442 -4.91 "" ""
3847.615 607.01314 1.326 -0.459 7.724 0505Pa0235
3847.625 26.0 4.214 -2.12 "" ""
3847.629 607.01214 1.999 -0.58 7.724 0808Ra0175
3847.64 106.00113 1.65 -7.631 3.464 CX24P155
3847.645 106.00113 1.503 -4.173 3.464 AX42P225
3847.653 607.01314 1.673 -1.344 7.724 0707Pb0035
3847.654 106.00113 0.837 -3.416 3.464 AX21R175
3847.668 106.00113 0.952 -3.221 3.464 AX21R195
3847.669 607.01314 1.326 -0.478 7.724 0505Pb0225
3847.679 106.00113 0.948 -7.942 3.464 CX02P125
3847.681 607.01314 1.505 -3.389 7.724 0606Qc0165
3847.682 607.01214 1.345 -3.455 7.724 0505Qc0215
3847.686 106.00113 0.952 -3.318 3.464 AX21R185
3847.69 607.01214 1.999 -0.605 7.724 0808Rb0165
3847.699 607.01314 1.505 -0.622 7.724 0606Pa0175
3847.701 106.00113 0.837 -3.522 3.464 AX21R165
3847.702 106.00112 1.483 -8.342 3.464 CX13P175
3847.704 607.01214 1.345 -0.467 7.724 0505Pa0225
3847.705 607.01214 1.999 -3.411 7.724 0808Qd0175
3847.71 24.0 3.008 -2.55 "" ""
3847.718 106.00113 0.837 -6.143 3.464 AX21Q175
3847.727 607.01214 1.062 -3.296 7.724 0404Qc0165
3847.731 22.0 2.406 -1.15 "" ""
3847.731 607.01314 1.505 -0.647 7.724 0606Pb0165
3847.744 607.01214 1.062 -0.527 7.724 0404Pa0175
3847.753 607.01214 1.522 -3.322 7.724 0606Qc0145
3847.758 106.00113 0.952 -6.0 3.464 AX21Q195
3847.767 607.01214 1.522 -0.661 7.724 0606Pa0155
3847.773 607.01214 1.062 -0.552 7.724 0404Pb0165
3847.773 607.01314 1.039 -3.304 7.724 0404Qc0165
3847.79 607.01314 1.039 -0.535 7.724 0404Pa0175
3847.792 607.01214 1.345 -0.487 7.724 0505Pb0215
3847.803 607.01214 1.522 -0.69 7.724 0606Pb0145
3847.81 607.01314 1.039 -0.561 7.724 0404Pb0165
3847.815 607.01214 0.217 0.03 7.724 0000Ra0305
3847.823 607.01314 1.336 -3.503 7.724 0505Qc0235
3847.833 92.0 0.87 0.23 "" ""
3847.847 607.01314 1.336 -0.441 7.724 0505Pa0245
3847.86 607.01214 0.217 0.016 7.724 0000Rb0295
3847.886 23.0 2.053 -3.15 "" ""
3847.886 607.01314 0.738 -2.605 7.724 0303Qc0035
3847.893 607.01214 0.217 -3.262 7.724 0000Qd0305
3847.893 607.01214 0.341 -0.238 7.724 0101Ra0195
3847.893 607.01314 0.738 -1.062 7.724 0303Pa0045
3847.893 607.01314 0.738 -1.175 7.724 0303Pb0035
3847.902 607.01314 1.336 -0.459 7.724 0505Pb0235
3847.905 20.0 5.685 -2.31 "" ""
3847.91 106.00112 0.641 -3.987 3.464 AX21R125
3847.926 106.00113 0.638 -3.987 3.464 AX21R125
3847.927 607.01214 0.341 -0.26 7.724 0101Rb0185
3847.939 607.01314 0.222 0.043 7.724 0000Ra0315
3847.943 607.01214 1.356 -3.474 7.724 0505Qc0225
3847.945 607.01314 0.508 -0.657 7.724 0202Ra0085
3847.945 607.01314 1.933 -0.707 7.724 0808Ra0135
3847.946 106.00112 0.641 -3.86 3.464 AX21R135
3847.946 22.1 4.861 -3.96 "" ""
3847.947 607.01214 0.341 -3.153 7.724 0101Qd0195
3847.956 607.01314 0.341 -0.22 7.724 0101Ra0205
3847.959 607.01214 0.516 -0.701 7.724 0202Ra0075
3847.96 23.0 2.364 -2.65 "" ""
3847.962 106.00112 1.256 -5.609 3.464 AX32R195
3847.964 607.01214 0.756 -2.699 7.724 0303Qc0045
3847.966 607.01214 1.356 -0.448 7.724 0505Pa0235
3847.97 607.01214 0.756 -0.968 7.724 0303Pa0055
3847.974 607.01214 0.516 -0.756 7.724 0202Rb0065
3847.975 607.01314 0.508 -0.705 7.724 0202Rb0075
3847.975 607.01314 1.933 -0.739 7.724 0808Rb0125
3847.979 106.00112 0.641 -6.534 3.464 AX21Q135
3847.981 607.01214 0.756 -1.056 7.724 0303Pb0045
3847.981 607.01314 0.222 0.029 7.724 0000Rb0305
3847.982 607.01214 0.516 -2.833 7.724 0202Qd0075
3847.982 607.01314 0.508 -2.888 7.724 0202Qd0085
3847.989 22.0 2.229 -1.27 "" ""
3847.989 607.01314 0.341 -0.24 7.724 0101Rb0195
3847.993 607.01314 1.933 -3.321 7.724 0808Qd0135
3848.002 607.01214 1.704 -2.437 7.724 0707Qc0015
3848.003 607.01214 1.704 -1.483 7.724 0707Pa0025
3848.003 607.01214 1.704 -1.738 7.724 0707Pb0015
3848.01 607.01314 0.341 -3.177 7.724 0101Qd0205
3848.014 106.00113 0.638 -3.86 3.464 AX21R135
3848.015 607.01214 1.07 -3.32 7.724 0404Qc0175
3848.016 607.01314 0.222 -3.276 7.724 0000Qd0315
3848.02 69.1 0.0 -0.14 LAWLER ""
3848.021 607.01314 1.512 -3.414 7.724 0606Qc0175
3848.033 607.01214 1.07 -0.503 7.724 0404Pa0185
3848.037 73.0 0.696 -1.56 "" ""
3848.039 607.01314 1.512 -0.598 7.724 0606Pa0185
3848.042 607.01314 1.347 -3.52 7.724 0505Qc0245
3848.049 39.1 4.0 0.5 "" ""
3848.05 607.01314 1.046 -3.329 7.724 0404Qc0175
3848.051 106.00113 0.684 -3.863 3.464 AX21R135
3848.051 607.01214 1.356 -0.467 7.724 0505Pb0225
3848.054 106.00113 0.638 -6.555 3.464 AX21Q135
3848.062 106.00113 0.684 -3.742 3.464 AX21R145
3848.063 23.0 1.858 -2.06 "" ""
3848.063 607.01314 1.675 -2.874 7.724 0707Qc0045
3848.065 607.01214 1.07 -0.527 7.724 0404Pb0175
3848.067 607.01314 1.046 -0.511 7.724 0404Pa0185
3848.067 607.01314 1.347 -0.423 7.724 0505Pa0255
3848.067 607.01314 1.512 -0.622 7.724 0606Pb0175
3848.068 607.01314 1.675 -1.143 7.724 0707Pa0055
3848.078 21.0 2.318 -1.36 "" ""
3848.083 25.0 4.791 -1.38 "" ""
3848.088 607.01314 1.046 -0.535 7.724 0404Pb0175
3848.1 58.1 0.529 -0.54 LAWLER ""
3848.103 24.0 3.382 -2.03 "" ""
3848.105 106.00113 0.684 -6.431 3.464 AX21Q145
3848.124 607.01314 1.347 -0.441 7.724 0505Pb0245
3848.131 607.01214 1.529 -3.349 7.724 0606Qc0155
3848.147 607.01214 1.529 -0.634 7.724 0606Pa0165
3848.152 106.00113 1.194 -5.651 3.464 AX32R185
3848.154 607.01314 1.675 -1.232 7.724 0707Pb0045
3848.184 607.01214 1.529 -0.661 7.724 0606Pb0155
3848.185 26.0 4.188 -2.82 "" ""
3848.194 106.00112 0.952 -5.886 3.464 AX32R135
3848.195 607.01214 1.366 -3.492 7.724 0505Qc0235
3848.197 106.00112 0.598 -4.116 3.464 AX21R115
3848.2 607.01214 1.992 -0.605 7.724 0808Ra0165
3848.215 106.00113 0.992 -5.808 3.464 AX32R145
3848.219 607.01214 1.366 -0.43 7.724 0505Pa0245
3848.23 60.1 0.182 -0.25 LAWLER ""
3848.25 607.01314 1.358 -3.537 7.724 0505Qc0255
3848.26 607.01214 1.992 -0.632 7.724 0808Rb0155
3848.271 24.0 3.847 -4.11 "" ""
3848.274 607.01214 1.992 -3.387 7.724 0808Qd0165
3848.276 607.01314 1.358 -0.407 7.724 0505Pa0265
3848.278 106.00112 1.335 -8.557 3.464 AX53Q145
3848.285 607.01314 1.678 -1.07 7.724 0707Pa0065
3848.289 607.01214 1.078 -3.344 7.724 0404Qc0185
3848.29 26.0 2.607 -2.18 "" ""
3848.296 607.01214 1.366 -0.448 7.724 0505Pb0235
3848.298 42.0 2.497 -0.6 "" ""
3848.305 106.00112 1.335 -4.623 3.464 AX53P145
3848.306 68.1 0.669 -1.24 "" ""
3848.307 22.0 1.442 -1.21 LAWLER ""
3848.308 607.01214 1.078 -0.48 7.724 0404Pa0195
3848.309 24.0 3.426 0.35 "" ""
3848.312 106.00112 1.335 -4.707 3.464 AX53P155
3848.313 106.00113 0.894 -3.316 3.464 AX21R185
3848.313 607.01314 1.055 -3.352 7.724 0404Qc0185
3848.314 106.00112 0.598 -3.983 3.464 AX21R125
3848.315 27.0 3.229 -5.8 "" ""
3848.32 60.1 0.32 -0.3 LAWLER ""
3848.332 607.01314 1.055 -0.489 7.724 0404Pa0195
3848.334 607.01314 1.358 -0.424 7.724 0505Pb0255
3848.34 106.00112 0.598 -6.66 3.464 AX21Q125
3848.342 607.01214 1.078 -0.503 7.724 0404Pb0185
3848.343 607.01314 0.741 -2.705 7.724 0303Qc0045
3848.352 607.01314 0.741 -0.974 7.724 0303Pa0055
3848.352 607.01314 0.741 -1.062 7.724 0303Pb0045
3848.352 607.01314 1.055 -0.511 7.724 0404Pb0185
3848.352 607.01314 1.52 -3.437 7.724 0606Qc0185
3848.372 607.01314 1.52 -0.575 7.724 0606Pa0195
3848.376 106.00113 0.894 -3.418 3.464 AX21R175
3848.383 106.00113 0.894 -6.055 3.464 AX21Q185
3848.399 607.01314 1.52 -0.598 7.724 0606Pb0185
3848.422 106.00112 1.018 -3.223 3.464 AX21R195
3848.424 607.01214 0.759 -2.779 7.724 0303Qc0055
3848.428 106.00112 1.018 -3.129 3.464 AX21R205
3848.431 607.01214 0.759 -0.894 7.724 0303Pa0065
3848.438 607.01214 1.377 -3.509 7.724 0505Qc0245
3848.444 607.01214 0.759 -0.968 7.724 0303Pb0055
3848.446 607.01314 1.369 -3.553 7.724 0505Qc0265
3848.463 607.01214 1.377 -0.412 7.724 0505Pa0255
3848.473 607.01314 1.369 -0.391 7.724 0505Pa0275
3848.493 24.0 4.486 -4.09 "" ""
3848.495 607.01314 1.927 -0.74 7.724 0808Ra0125
3848.496 106.00112 1.018 -5.919 3.464 AX21Q205
3848.499 24.0 3.842 -2.49 "" ""
3848.499 607.01214 1.537 -3.376 7.724 0606Qc0165
