wavelength species excitation loggf disassociation_energy comment
4531.519 607.01214 1.377 -1.603 7.724 0305Pb0245
4531.526 607.01214 1.293 -1.78 7.724 0305Pa0165
4531.556 66.0 0.0 -1.87 "" ""
4531.575 607.01214 1.366 -4.685 7.724 0305Qc0235
4531.576 607.01214 1.293 -1.808 7.724 0305Pb0155
4531.585 26.0 3.926 -2.2 "" ""
4531.6 22.0 1.442 -2.54 LAWLER ""
4531.601 112.00124 0.078 -6.143 1.340 20P210b24
4531.609 607.01214 1.366 -1.603 7.724 0305Pa0245
4531.626 26.0 3.209 -2.51 "" ""
4531.636 26.0 3.632 -1.95 BEL17 ""
4531.643 607.01214 1.301 -4.537 7.724 0305Qc0165
4531.661 106.00112 2.129 -6.925 3.464 AX23R285
4531.667 607.01214 1.301 -1.754 7.724 0305Pa0175
4531.674 607.01214 1.366 -1.622 7.724 0305Pb0235
4531.697 607.01214 1.356 -4.667 7.724 0305Qc0225
4531.708 21.0 2.567 -1.45 "" ""
4531.713 90.1 1.712 -0.92 "" ""
4531.718 23.1 6.329 -3.96 "" ""
4531.719 607.01214 1.301 -1.78 7.724 0305Pb0165
4531.729 607.01214 1.356 -1.622 7.724 0305Pa0235
4531.745 607.01214 1.309 -4.562 7.724 0305Qc0175
4531.763 22.0 2.504 -3.67 "" ""
4531.77 607.01214 1.309 -1.729 7.724 0305Pa0185
4531.781 607.01214 1.345 -4.648 7.724 0305Qc0215
4531.793 607.01214 1.356 -1.641 7.724 0305Pb0225
4531.808 106.00113 1.435 -4.537 3.464 AX11P255
4531.81 607.01214 1.317 -4.585 7.724 0305Qc0185
4531.812 607.01214 1.345 -1.641 7.724 0305Pa0225
4531.819 106.00113 2.096 -1.469 3.464 AX44Q245
4531.819 24.0 4.096 -2.31 "" ""
4531.825 607.01214 1.309 -1.754 7.724 0305Pb0175
4531.828 607.01214 1.336 -4.628 7.724 0305Qc0205
4531.837 607.01214 1.317 -1.706 7.724 0305Pa0195
4531.837 607.01214 1.326 -4.607 7.724 0305Qc0195
4531.846 106.00113 1.562 -6.959 3.464 CX15Q035
4531.847 106.00112 1.758 -3.655 3.464 AX55R115
4531.85 106.00112 1.233 -4.611 3.464 AX00P265
4531.857 607.01214 1.336 -1.662 7.724 0305Pa0215
4531.859 106.00112 1.443 -4.559 3.464 AX22P215
4531.862 607.01214 3.057 -1.662 7.724 1113Ra0105
4531.862 607.01214 3.057 -1.701 7.724 1113Rb0095
4531.864 106.00112 1.758 -1.632 3.464 AX55Q115
4531.865 607.01214 1.326 -1.683 7.724 0305Pa0205
4531.874 607.01214 1.345 -1.662 7.724 0305Pb0215
4531.884 106.00113 2.096 -4.133 3.464 AX44R235
4531.893 607.01214 1.317 -1.729 7.724 0305Pb0185
4531.896 26.0 4.603 -3.35 "" ""
4531.898 22.0 2.406 -1.8 "" ""
4531.904 607.01214 3.057 -4.059 7.724 1113Qd0105
4531.917 106.00113 1.147 -6.01 3.464 BX11P215
4531.918 607.01214 1.336 -1.683 7.724 0305Pb0205
4531.924 607.01214 1.326 -1.706 7.724 0305Pb0195
4531.929 106.00113 2.053 -2.034 3.464 AX55R185
4531.934 106.00113 1.214 -5.838 3.464 BX01P235
4531.935 106.00113 2.053 -2.106 3.464 AX55R195
4531.943 106.00113 2.096 -3.97 3.464 AX44P245
4531.962 106.00113 1.562 -9.341 3.464 CX15R035
4531.99 607.01314 0.975 -3.921 7.724 0204Qc0025
4531.992 106.00113 2.053 -4.109 3.464 AX55Q195
4531.994 607.01314 0.975 -2.618 7.724 0204Pa0035
4531.994 607.01314 0.975 -2.773 7.724 0204Pb0025
4531.998 23.1 5.463 -3.87 "" ""
4532.002 106.00112 1.758 -1.615 3.464 AX55Q125
4532.008 106.00113 2.096 -1.424 3.464 AX44Q235
4532.011 58.0 0.206 -0.6 "" ""
4532.014 27.0 3.729 -1.84 "" ""
4532.019 106.00112 1.758 -3.659 3.464 AX55P125
4532.038 106.00112 1.568 -11.941 3.464 CX04R135
4532.04 106.00112 1.314 -4.547 3.464 AX00P275
4532.047 106.00112 0.911 -2.531 3.464 BX12R115
4532.108 106.00112 1.539 -8.282 3.464 CX15R005
4532.115 112.00124 0.264 -4.632 1.340 20P219b24
4532.116 22.0 2.493 -1.17 "" ""
4532.151 106.00112 1.568 -7.429 3.464 CX04Q135
4532.155 69.0 1.931 -0.1 "" ""
4532.172 23.1 3.796 -0.76 "" ""
4532.176 112.00124 0.384 -2.438 1.340 31P217b24
4532.178 106.00112 1.568 -7.412 3.464 CX04Q145
4532.189 23.1 6.334 -4.46 "" ""
4532.209 607.01314 0.739 -2.309 7.724 0002Ra0335
4532.231 106.00113 1.562 -9.383 3.464 CX15P045
4532.236 106.00112 0.911 -6.718 3.464 BX12Q125
4532.243 20.0 5.317 -2.71 "" ""
4532.257 26.0 4.555 -3.83 "" ""
4532.258 90.1 1.547 -1.0 "" ""
4532.261 607.01214 1.028 -2.046 7.724 0204Ra0125
4532.277 607.01314 0.739 -2.322 7.724 0002Rb0325
4532.282 106.00112 1.581 -4.337 3.464 AX55P045
4532.291 106.00112 1.568 -10.317 3.464 CX04P145
4532.293 607.01214 1.028 -2.079 7.724 0204Rb0115
4532.296 106.00112 0.911 -2.505 3.464 BX12R125
4532.311 607.01214 1.028 -4.583 7.724 0204Qd0125
4532.323 607.01314 0.739 -5.66 7.724 0002Qd0335
4532.33 28.1 4.026 -4.22 "" ""
4532.347 106.00113 1.562 -6.863 3.464 CX15Q045
4532.357 112.00124 0.264 -6.813 1.340 20Q219b24
4532.398 21.0 1.432 -3.51 "" ""
4532.425 23.0 1.063 -4.07 "" ""
4532.429 106.00112 1.043 -5.384 3.464 BX12R155
4532.439 62.0 0.185 -0.9 "" ""
4532.455 112.00124 0.264 -4.605 1.340 20P119b24
4532.482 106.00112 1.581 -4.351 3.464 AX55P045
4532.488 58.1 1.692 0.01 "" ""
4532.562 607.01214 3.052 -1.701 7.724 1113Ra0095
4532.562 607.01214 3.052 -1.744 7.724 1113Rb0085
4532.594 607.01314 0.977 -4.051 7.724 0204Qc0035
4532.601 607.01214 3.052 -4.018 7.724 1113Qd0095
4532.601 607.01314 0.977 -2.505 7.724 0204Pa0045
4532.601 607.01314 0.977 -2.618 7.724 0204Pb0035
4532.606 27.0 1.739 -3.52 LAWNHFS ""
4532.606 607.01214 0.921 -1.973 7.724 0103Ra0275
4532.622 106.00113 1.478 -4.504 3.464 AX33P175
4532.649 23.0 1.08 -3.1 "" ""
4532.657 22.0 3.321 -3.87 "" ""
4532.669 607.01214 0.921 -1.988 7.724 0103Rb0265
4532.671 106.00112 1.483 -4.452 3.464 AX33P175
4532.705 24.0 4.398 -3.89 "" ""
4532.708 607.01214 0.921 -5.16 7.724 0103Qd0275
4532.749 24.0 3.419 -1.61 "" ""
4532.764 106.00113 1.903 -8.604 3.464 AX23R255
4532.825 106.00112 1.758 -3.671 3.464 AX55R115
4532.842 106.00112 1.758 -1.632 3.464 AX55Q115
4532.847 106.00113 1.594 -4.322 3.464 AX55P055
4532.854 607.01314 0.809 -2.122 7.724 0103Ra0185
4532.896 607.01314 0.809 -2.144 7.724 0103Rb0175
4532.908 23.0 1.375 -5.59 "" ""
4532.916 106.00112 1.758 -1.615 3.464 AX55Q125
4532.922 607.01314 0.809 -4.98 7.724 0103Qd0185
4532.933 106.00112 1.758 -3.646 3.464 AX55P125
4532.935 27.0 4.069 -4.51 "" ""
4532.941 106.00112 2.122 -5.313 3.464 AX01R345
4532.976 106.00113 1.215 -1.96 3.464 BX01Q225
4533.047 607.01214 0.86 -2.254 7.724 0002Ra0395
4533.051 20.0 4.677 -2.47 "" ""
4533.084 106.00112 1.442 -4.537 3.464 AX11P255
4533.101 27.0 4.146 -4.16 "" ""
4533.122 106.00113 1.594 -4.339 3.464 AX55P055
4533.123 607.01214 0.86 -2.265 7.724 0002Rb0385
4533.126 26.0 3.271 -1.94 "" ""
4533.141 106.00113 1.214 -1.948 3.464 BX01Q235
4533.15 106.00113 0.692 -2.795 3.464 BX12P035
4533.16 72.1 1.495 -1.7 LAWLER ""
4533.161 607.01314 0.979 -4.151 7.724 0204Qc0045
4533.166 106.00113 0.692 -7.558 3.464 BX12Q035
4533.171 607.01314 0.979 -2.415 7.724 0204Pa0055
4533.171 607.01314 0.979 -2.505 7.724 0204Pb0045
4533.173 106.00112 2.122 -6.061 3.464 AX01Q345
4533.18 607.01214 0.86 -5.741 7.724 0002Qd0395
4533.212 27.1 5.118 -1.74 "" ""
4533.227 112.00124 0.384 -5.04 1.340 31Q217b24
4533.239 22.0 0.848 0.54 LAWLER ""
4533.263 607.01214 3.049 -1.744 7.724 1113Ra0085
4533.263 607.01214 3.049 -1.793 7.724 1113Rb0075
4533.27 106.00112 2.122 -4.435 3.464 AX01R335
4533.298 607.01214 3.049 -3.972 7.724 1113Qd0085
4533.304 90.1 1.204 -1.04 "" ""
4533.309 27.0 2.326 -4.15 "" ""
4533.312 112.00124 0.384 -2.45 1.340 31P117b24
4533.315 106.00112 2.055 -7.381 3.464 AX23R275
4533.372 607.01314 3.273 -1.365 7.724 1214Rb0205
4533.431 106.00113 1.749 -1.686 3.464 AX44P185
4533.436 106.00113 1.749 -3.76 3.464 AX44Q175
4533.472 106.00112 2.122 -6.158 3.464 AX51R345
4533.473 112.00124 0.361 -6.358 1.340 31Q216b24
4533.493 106.00113 1.749 -1.696 3.464 AX44P175
4533.517 607.01214 1.022 -2.079 7.724 0204Ra0115
4533.521 112.00124 0.361 -2.954 1.340 31P216b24
4533.547 607.01214 1.022 -2.115 7.724 0204Rb0105
4533.554 112.00124 0.361 -3.099 1.340 31P116b24
4533.563 607.01214 1.022 -4.548 7.724 0204Qd0115
4533.628 112.00124 0.239 -6.277 1.340 31P209b24
4533.639 106.00112 0.956 -2.456 3.464 BX01P185
4533.648 23.0 1.891 -4.39 "" ""
4533.69 607.01314 0.981 -4.231 7.724 0204Qc0055
4533.691 607.01314 0.981 -2.415 7.724 0204Pb0055
4533.698 106.00112 0.752 -2.416 3.464 BX12Q065
4533.701 24.0 3.119 -2.12 "" ""
4533.706 607.01314 0.982 -2.341 7.724 0204Pa0065
4533.724 106.00112 0.956 -7.027 3.464 BX01Q185
4533.731 106.00112 0.752 -5.149 3.464 BX12R065
4533.732 26.1 6.218 -3.35 "" ""
4533.765 106.00113 0.692 -2.74 3.464 BX12P045
4533.79 62.0 0.282 -0.24 "" ""
4533.806 20.0 4.677 -2.27 "" ""
4533.831 106.00112 0.956 -2.41 3.464 BX01P195
4533.844 106.00113 1.971 -1.513 3.464 AX33P265
4533.877 26.0 4.368 -4.14 "" ""
4533.888 27.0 4.022 -2.22 "" ""
4533.921 27.0 4.11 -3.11 "" ""
4533.928 23.1 6.019 -2.38 "" ""
4533.949 106.00113 1.971 -3.902 3.464 AX33Q255
4533.958 26.0 2.947 -3.42 "" ""
4533.962 607.01214 3.045 -1.793 7.724 1113Ra0075
4533.962 607.01214 3.045 -1.847 7.724 1113Rb0065
4533.963 24.0 3.011 -1.6 "" ""
4533.969 22.1 1.236 -0.77 "" ""
4533.981 27.0 3.102 -0.5 "" ""
4533.983 24.1 6.277 -2.63 "" ""
4533.987 106.00113 2.054 -2.107 3.464 AX55R195
4533.994 607.01214 3.045 -3.92 7.724 1113Qd0075
4533.996 106.00112 0.752 -5.108 3.464 BX12P075
4534.029 106.00112 0.752 -2.359 3.464 BX12Q075
4534.039 106.00113 2.054 -4.078 3.464 AX55Q195
4534.066 59.1141 0.629 -0.934 LI/LAW ""
4534.077 106.00113 2.054 -2.034 3.464 AX55R185
4534.081 106.00112 1.443 -6.305 3.464 AX12R225
4534.086 39.0 2.083 -0.97 "" ""
4534.108 59.1141 0.629 -2.458 LI/LAW ""
4534.119 59.1141 0.629 -0.99 LI/LAW ""
4534.12 90.1 1.31 -1.32 "" ""
4534.147 59.1141 0.629 -4.334 LI/LAW ""
4534.156 106.00113 1.437 -6.305 3.464 AX12R225
4534.158 59.1141 0.629 -2.259 LI/LAW ""
4534.167 59.1141 0.629 -1.047 LI/LAW ""
4534.168 26.1 2.856 -3.28 MELBAR ""
4534.182 607.01314 0.985 -4.299 7.724 0204Qc0065
4534.184 106.00113 1.215 -5.691 3.464 BX01R225
4534.189 607.01314 0.985 -2.341 7.724 0204Pb0065
4534.192 59.1141 0.629 -4.03 LI/LAW ""
4534.202 59.1141 0.629 -2.211 LI/LAW ""
4534.211 21.0 3.081 -1.45 "" ""
4534.211 59.1141 0.629 -1.106 LI/LAW ""
4534.214 106.00113 1.826 -7.483 3.464 CX15P135
4534.215 607.01314 0.985 -2.278 7.724 0204Pa0075
4534.219 58.1 0.96 -1.2 LAWLER ""
4534.225 106.00113 1.971 -1.509 3.464 AX33P255
4534.232 106.00112 1.222 -5.837 3.464 BX01P235
4534.232 59.1141 0.629 -3.976 LI/LAW ""
4534.237 106.00113 1.825 -7.643 3.464 CX15P145
4534.241 59.1141 0.629 -2.262 LI/LAW ""
4534.248 59.1141 0.629 -1.164 LI/LAW ""
4534.267 59.1141 0.629 -4.168 LI/LAW ""
4534.272 607.01314 3.265 -1.385 7.724 1214Rb0195
4534.275 59.1141 0.629 -2.461 LI/LAW ""
4534.281 59.1141 0.629 -1.222 LI/LAW ""
4534.286 106.00112 1.222 -1.96 3.464 BX01Q225
4534.286 607.01314 0.725 -2.322 7.724 0002Ra0325
4534.313 607.01314 0.801 -2.144 7.724 0103Ra0175
4534.315 607.01314 1.2 -1.634 7.724 0204Pb0315
4534.318 106.00112 1.222 -1.948 3.464 BX01Q235
4534.341 24.1 5.489 -5.21 "" ""
4534.352 607.01314 0.724 -2.335 7.724 0002Rb0315
4534.353 607.01314 0.801 -2.168 7.724 0103Rb0165
4534.356 607.01314 3.265 -4.314 7.724 1214Qd0205
4534.359 27.0 2.628 -2.98 LAWNHFS ""
4534.372 106.00112 1.222 -5.691 3.464 BX01R225
4534.377 607.01314 0.801 -4.957 7.724 0103Qd0175
4534.395 607.01314 0.725 -5.648 7.724 0002Qd0325
4534.401 42.0 3.261 -0.82 "" ""
4534.475 25.0 4.675 -1.13 "" ""
4534.481 106.00113 0.679 -4.312 3.464 BX12P025
4534.49 607.01214 0.909 -1.989 7.724 0103Ra0265
4534.495 23.1 5.845 -3.63 "" ""
4534.55 22.0 2.479 -1.27 "" ""
4534.551 607.01214 0.909 -2.005 7.724 0103Rb0255
4534.558 106.00113 1.364 -11.374 3.464 CX04Q085
4534.569 27.0 4.172 -3.88 "" ""
4534.584 106.00113 1.364 -8.891 3.464 CX04R075
4534.589 607.01214 0.909 -5.145 7.724 0103Qd0265
4534.6 106.00112 1.873 -10.719 3.464 CX15Q145
4534.6 106.00113 1.826 -10.694 3.464 CX15Q135
4534.617 112.00124 0.291 -4.63 1.340 20P220b24
4534.621 26.0 4.431 -3.68 "" ""
4534.637 607.01314 0.988 -4.357 7.724 0204Qc0075
4534.638 106.00112 1.873 -7.878 3.464 CX15P155
4534.648 607.01314 0.988 -2.278 7.724 0204Pb0075
4534.66 607.01214 3.043 -1.847 7.724 1113Ra0065
4534.66 607.01214 3.043 -1.91 7.724 1113Rb0055
4534.673 106.00113 1.523 -4.387 3.464 AX44P125
4534.688 607.01214 3.043 -3.862 7.724 1113Qd0065
4534.696 22.0 2.394 -1.92 "" ""
4534.699 106.00112 1.873 -7.64 3.464 CX15P145
4534.713 607.01314 1.186 -4.941 7.724 0204Qc0305
4534.719 74.0 2.456 -0.62 "" ""
4534.723 106.00112 1.581 -9.396 3.464 CX15R045
4534.735 607.01214 1.017 -2.115 7.724 0204Ra0105
4534.756 607.01314 1.186 -1.634 7.724 0204Pa0315
4534.761 106.00112 1.581 -6.861 3.464 CX15Q045
4534.763 607.01214 1.017 -2.155 7.724 0204Rb0095
4534.763 607.01314 1.186 -1.649 7.724 0204Pb0305
4534.767 23.0 2.614 -4.65 "" ""
4534.776 22.0 0.835 0.35 LAWLER ""
4534.777 607.01314 0.988 -2.222 7.724 0204Pa0085
4534.778 607.01214 1.017 -4.511 7.724 0204Qd0105
4534.798 24.0 3.011 -1.75 "" ""
4534.824 23.1 6.052 -0.77 "" ""
4534.826 112.00124 0.291 -6.858 1.340 20Q220b24
4534.827 106.00113 1.364 -8.801 3.464 CX04R085
4534.83 106.00112 1.484 -4.504 3.464 AX33P175
4534.857 42.0 2.834 -1.16 "" ""
4534.909 106.00113 1.55 -7.087 3.464 CX15Q025
4534.928 112.00124 0.291 -4.605 1.340 20P120b24
4534.953 24.0 3.077 -4.04 "" ""
4534.983 23.1 6.253 -3.94 "" ""
4534.999 106.00113 1.55 -9.273 3.464 CX15R025
4535.006 607.01314 0.992 -2.173 7.724 0204Pa0095
4535.016 607.01314 3.265 -1.365 7.724 1214Ra0205
4535.026 23.1 5.835 -3.89 "" ""
4535.055 607.01314 0.992 -4.409 7.724 0204Qc0085
4535.057 74.0 2.456 -0.51 "" ""
4535.067 607.01314 0.992 -2.222 7.724 0204Pb0085
4535.067 607.01314 3.257 -1.407 7.724 1214Rb0185
4535.127 607.01314 1.173 -4.927 7.724 0204Qc0295
4535.128 106.00112 1.581 -6.785 3.464 CX15Q055
4535.136 24.0 2.542 -1.02 SOBECK ""
4535.139 25.0 4.751 -0.35 "" ""
4535.147 607.01314 3.257 -4.293 7.724 1214Qd0195
4535.165 106.00112 1.581 -9.53 3.464 CX15P055
4535.169 607.01314 1.173 -1.649 7.724 0204Pa0305
4535.174 26.0 4.59 -3.71 "" ""
4535.174 607.01314 1.173 -1.665 7.724 0204Pb0295
4535.203 23.1 3.793 -2.22 "" ""
4535.255 90.0 1.021 -0.98 "" ""
4535.314 26.0 4.298 -2.54 "" ""
4535.318 42.0 2.621 -2.2 "" ""
4535.32 23.0 2.503 -2.62 "" ""
4535.331 106.00113 1.392 -4.556 3.464 AX00P285
4535.355 24.1 5.326 -4.41 "" ""
4535.357 607.01214 3.04 -1.91 7.724 1113Ra0055
4535.357 607.01214 3.04 -1.983 7.724 1113Rb0045
4535.379 42.0 2.494 -1.57 "" ""
4535.381 607.01214 3.04 -3.794 7.724 1113Qd0055
4535.412 607.01314 0.996 -2.129 7.724 0204Pa0105
4535.435 607.01314 0.996 -4.455 7.724 0204Qc0095
4535.449 607.01314 3.257 -1.385 7.724 1214Ra0195
4535.451 607.01314 0.996 -2.173 7.724 0204Pb0095
4535.464 607.01214 0.842 -2.265 7.724 0002Ra0385
4535.471 106.00113 1.91 -7.274 3.464 CX04P215
4535.481 106.00113 1.55 -9.206 3.464 CX15P035
4535.495 22.0 2.693 -3.96 "" ""
4535.503 607.01314 1.16 -4.913 7.724 0204Qc0285
4535.528 106.00113 1.911 -7.176 3.464 CX04P205
4535.534 106.00113 1.31 -4.622 3.464 AX00P275
4535.539 42.0 2.932 -1.55 "" ""
4535.539 607.01214 0.842 -2.277 7.724 0002Rb0375
4535.543 607.01314 1.16 -1.665 7.724 0204Pa0295
4535.546 607.01314 1.16 -1.681 7.724 0204Pb0285
4535.566 106.00112 1.306 -11.097 3.464 CX04R055
4535.569 22.0 0.825 0.14 LAWLER ""
4535.571 106.00113 1.55 -6.958 3.464 CX15Q035
4535.59 63.0 1.976 -0.1 "" ""
4535.595 607.01214 0.842 -5.731 7.724 0002Qd0385
4535.6 23.0 2.721 -2.95 "" ""
4535.622 106.00112 1.542 -7.768 3.464 CX15R015
4535.628 26.0 4.604 -1.24 "" ""
4535.639 106.00112 1.542 -8.976 3.464 CX15Q015
4535.697 24.0 2.543 -0.42 SOBECK ""
4535.697 24.0 4.096 -1.32 "" ""
4535.732 106.00112 2.131 -6.851 3.464 AX23R285
4535.735 607.01314 0.793 -2.169 7.724 0103Ra0165
4535.744 106.00112 0.694 -2.794 3.464 BX12P035
4535.747 106.00113 1.827 -3.774 3.464 AX55R135
4535.752 24.0 2.543 -1.19 SOBECK ""
4535.756 106.00113 1.827 -1.607 3.464 AX55Q135
4535.756 40.0 0.519 -0.73 "" ""
4535.76 106.00112 0.694 -7.557 3.464 BX12Q035
4535.764 607.01314 1.001 -2.089 7.724 0204Pa0115
4535.765 106.00112 2.029 -4.434 3.464 AX01R335
4535.773 607.01314 0.793 -2.194 7.724 0103Rb0155
4535.777 607.01314 1.001 -4.496 7.724 0204Qc0105
4535.789 607.01314 3.25 -1.43 7.724 1214Rb0175
4535.796 607.01314 0.793 -4.933 7.724 0103Qd0165
4535.796 607.01314 1.001 -2.129 7.724 0204Pb0105
4535.838 106.00113 1.524 -4.425 3.464 AX44P125
4535.84 607.01314 1.148 -4.898 7.724 0204Qc0275
4535.843 22.0 1.442 -1.11 LAWLER ""
4535.858 106.00113 1.827 -1.602 3.464 AX55Q145
4535.865 607.01314 3.25 -4.271 7.724 1214Qd0185
4535.867 106.00113 1.827 -3.755 3.464 AX55P145
4535.879 607.01314 1.148 -1.681 7.724 0204Pa0285
4535.881 607.01314 1.148 -1.697 7.724 0204Pb0275
4535.915 607.01214 1.013 -2.155 7.724 0204Ra0095
4535.918 22.0 0.818 -0.07 LAWLER ""
4535.92 59.1 0.0 -0.71 LINOHFS ""
4535.923 106.00112 2.029 -4.055 3.464 AX01R325
4535.924 106.00113 1.438 -4.608 3.464 AX11P255
4535.925 106.00113 2.114 -6.157 3.464 AX51R345
4535.926 26.0 2.607 -5.92 "" ""
4535.941 607.01214 1.013 -2.198 7.724 0204Rb0085
4535.942 607.01314 3.25 -1.407 7.724 1214Ra0185
4535.955 607.01214 1.013 -4.469 7.724 0204Qd0095
4535.956 26.0 4.59 -2.52 "" ""
4535.991 106.00112 2.029 -5.966 3.464 AX01Q335
4536.016 106.00113 1.661 -2.142 3.464 AX55P085
4536.036 26.0 4.47 -4.45 "" ""
4536.04 22.0 0.812 -0.16 LAWLER ""
4536.052 607.01214 3.038 -1.983 7.724 1113Ra0045
4536.052 607.01214 3.038 -2.072 7.724 1113Rb0035
4536.073 607.01214 3.038 -3.714 7.724 1113Qd0045
4536.076 607.01314 1.006 -2.052 7.724 0204Pa0125
4536.077 106.00113 1.661 -3.545 3.464 AX55Q085
4536.077 21.0 2.294 -3.47 "" ""
4536.082 607.01314 1.006 -4.534 7.724 0204Qc0115
4536.11 607.01314 1.006 -2.089 7.724 0204Pb0115
4536.115 106.00113 2.114 -6.061 3.464 AX01Q345
4536.14 607.01314 1.136 -4.883 7.724 0204Qc0265
4536.154 62.0 0.282 -1.47 "" ""
4536.171 106.00113 2.114 -4.434 3.464 AX01R335
4536.174 23.1 6.681 -3.71 "" ""
4536.177 607.01314 1.136 -1.697 7.724 0204Pa0275
4536.177 607.01314 1.136 -1.714 7.724 0204Pb0265
4536.244 106.00113 1.911 -13.437 3.464 CX04Q205
4536.25 112.00124 0.093 -6.145 1.340 20P211b24
4536.252 24.0 2.87 -5.24 "" ""
4536.281 23.1 5.836 -3.23 "" ""
4536.282 106.00113 1.662 -2.098 3.464 AX55P095
4536.291 106.00112 1.754 -3.728 3.464 AX44Q175
4536.308 106.00113 1.534 -7.722 3.464 CX15Q005
4536.325 607.01314 0.711 -2.336 7.724 0002Ra0315
4536.336 607.01214 0.897 -2.005 7.724 0103Ra0255
4536.346 106.00113 1.534 -8.284 3.464 CX15R005
4536.349 607.01314 1.012 -2.017 7.724 0204Pa0135
4536.35 607.01314 1.012 -4.569 7.724 0204Qc0125
4536.361 106.00112 1.754 -1.696 3.464 AX44P175
4536.363 106.00112 0.694 -2.74 3.464 BX12P045
4536.367 607.01314 1.012 -2.052 7.724 0204Pb0125
4536.386 607.01314 0.71 -2.349 7.724 0002Rb0305
4536.393 106.00112 1.754 -1.684 3.464 AX44P185
4536.395 607.01214 0.897 -2.022 7.724 0103Rb0245
4536.401 607.01314 1.124 -4.867 7.724 0204Qc0255
4536.43 607.01314 0.711 -5.635 7.724 0002Qd0315
4536.431 607.01214 0.897 -5.129 7.724 0103Qd0255
4536.436 607.01314 1.124 -1.732 7.724 0204Pb0255
4536.437 607.01314 1.124 -1.714 7.724 0204Pa0265
4536.46 607.01314 3.243 -1.454 7.724 1214Rb0165
4536.476 607.01314 3.243 -1.43 7.724 1214Ra0175
4536.485 25.1 5.393 -6.38 "" ""
4536.487 26.0 3.639 -3.19 "" ""
4536.51 62.1 0.104 -1.28 LAWLER ""
4536.532 607.01314 3.243 -4.247 7.724 1214Qd0175
4536.547 24.0 3.319 -2.53 "" ""
4536.558 106.00112 1.984 -8.264 3.464 AX23R265
4536.569 26.0 4.577 -4.37 "" ""
4536.58 607.01314 1.018 -4.601 7.724 0204Qc0135
4536.592 106.00113 1.662 -2.141 3.464 AX55P085
4536.594 607.01314 1.018 -1.986 7.724 0204Pa0145
4536.594 607.01314 1.018 -2.017 7.724 0204Pb0135
4536.62 106.00112 1.4 -4.556 3.464 AX00P285
4536.624 607.01314 1.113 -4.85 7.724 0204Qc0245
4536.653 106.00113 1.662 -3.561 3.464 AX55Q085
4536.657 607.01314 1.113 -1.75 7.724 0204Pb0245
4536.658 607.01314 1.113 -1.732 7.724 0204Pa0255
4536.658 74.0 3.518 0.02 "" ""
4536.668 112.00124 0.408 -3.462 1.340 31P218b24
4536.68 24.0 4.183 -1.89 "" ""
4536.747 607.01214 3.036 -2.072 7.724 1113Ra0035
4536.747 607.01214 3.036 -2.184 7.724 1113Rb0025
4536.752 26.0 2.756 -6.02 "" ""
4536.763 607.01214 3.036 -3.614 7.724 1113Qd0035
4536.766 42.0 3.154 -1.77 "" ""
4536.772 607.01314 1.024 -4.63 7.724 0204Qc0145
4536.791 607.01314 1.024 -1.956 7.724 0204Pa0155
4536.791 607.01314 1.024 -1.986 7.724 0204Pb0145
4536.796 42.0 3.499 0.37 "" ""
4536.807 106.00113 1.662 -2.098 3.464 AX55P095
4536.809 607.01314 1.102 -4.833 7.724 0204Qc0235
4536.837 106.00112 1.317 -4.622 3.464 AX00P275
4536.84 607.01314 1.102 -1.769 7.724 0204Pb0235
4536.842 607.01314 1.102 -1.75 7.724 0204Pa0245
4536.888 58.1 1.519 -0.27 "" ""
4536.927 607.01314 1.031 -4.658 7.724 0204Qc0155
4536.949 607.01314 1.031 -1.928 7.724 0204Pa0165
4536.949 607.01314 1.031 -1.956 7.724 0204Pb0155
4536.956 607.01314 1.092 -4.814 7.724 0204Qc0225
4536.965 64.0 1.551 0.24 "" ""
4536.986 607.01314 1.092 -1.789 7.724 0204Pb0225
4536.988 607.01314 1.092 -1.769 7.724 0204Pa0235
4537.009 106.00113 1.827 -3.792 3.464 AX55R135
4537.017 106.00113 1.501 -4.511 3.464 AX22P225
4537.019 106.00113 1.827 -1.607 3.464 AX55Q135
4537.038 607.01314 3.236 -1.454 7.724 1214Ra0165
4537.044 106.00113 1.827 -1.602 3.464 AX55Q145
4537.044 607.01314 1.039 -4.685 7.724 0204Qc0165
4537.054 106.00113 1.827 -3.739 3.464 AX55P145
4537.057 607.01214 1.009 -2.198 7.724 0204Ra0085
4537.065 607.01314 1.082 -4.795 7.724 0204Qc0215
4537.071 90.1 1.888 -0.75 "" ""
4537.072 607.01314 1.039 -1.902 7.724 0204Pa0175
4537.072 607.01314 1.039 -1.928 7.724 0204Pb0165
4537.074 106.00113 1.541 -7.284 3.464 CX15Q015
4537.077 106.00112 0.681 -4.312 3.464 BX12P025
4537.081 607.01214 1.009 -2.246 7.724 0204Rb0075
4537.093 607.01214 1.009 -4.423 7.724 0204Qd0085
4537.094 607.01314 1.082 -1.809 7.724 0204Pb0215
4537.095 607.01314 1.082 -1.789 7.724 0204Pa0225
4537.098 28.0 3.737 -4.09 "" ""
4537.099 607.01314 3.236 -1.479 7.724 1214Rb0155
4537.119 607.01314 0.786 -2.194 7.724 0103Ra0155
4537.124 607.01314 1.046 -4.709 7.724 0204Qc0175
4537.136 607.01314 1.072 -4.775 7.724 0204Qc0205
4537.137 106.00113 1.541 -9.191 3.464 CX15R015
4537.139 23.0 2.503 -4.73 "" ""
4537.145 607.01314 1.046 -1.877 7.724 0204Pa0185
4537.145 607.01314 1.046 -1.902 7.724 0204Pb0175
4537.155 607.01314 0.786 -2.221 7.724 0103Rb0145
4537.164 607.01314 1.072 -1.831 7.724 0204Pb0205
4537.165 607.01314 1.072 -1.809 7.724 0204Pa0215
4537.166 607.01314 1.055 -4.732 7.724 0204Qc0185
4537.166 607.01314 3.236 -4.223 7.724 1214Qd0165
4537.17 607.01314 1.063 -4.755 7.724 0204Qc0195
4537.177 607.01314 0.786 -4.907 7.724 0103Qd0155
4537.191 106.00112 2.058 -7.308 3.464 AX23R275
4537.194 607.01314 1.055 -1.853 7.724 0204Pa0195
4537.194 607.01314 1.055 -1.877 7.724 0204Pb0185
4537.197 607.01314 1.063 -1.853 7.724 0204Pb0195
4537.198 607.01314 1.063 -1.831 7.724 0204Pa0205
4537.219 106.00113 1.834 -7.611 3.464 AX23R245
4537.242 112.00124 0.319 -4.636 1.340 20P221b24
4537.245 106.00112 1.445 -4.608 3.464 AX11P255
4537.267 106.00112 1.152 -6.142 3.464 BX11P225
4537.269 28.1 4.029 -7.54 "" ""
4537.294 112.00124 0.408 -5.856 1.340 31Q218b24
4537.311 106.00112 1.152 -2.476 3.464 BX11Q215
4537.367 106.00112 1.152 -1.983 3.464 BX11Q225
4537.383 112.00124 0.408 -3.638 1.340 31P118b24
4537.383 21.0 1.849 -1.89 "" ""
4537.385 112.00124 0.319 -6.908 1.340 20Q221b24
4537.411 106.00112 1.152 -5.529 3.464 BX11R215
4537.439 607.01214 3.035 -2.184 7.724 1113Ra0025
4537.439 607.01214 3.035 -2.339 7.724 1113Rb0015
4537.451 607.01214 3.035 -3.484 7.724 1113Qd0025
4537.469 21.0 2.301 -3.05 "" ""
4537.491 112.00124 0.319 -4.612 1.340 20P121b24
4537.516 25.1 6.107 -5.39 "" ""
4537.566 62.0 0.101 -1.54 "" ""
4537.618 607.01314 3.23 -1.479 7.724 1214Ra0155
4537.624 76.0 2.009 -1.82 "" ""
4537.654 23.0 1.802 -0.71 "" ""
4537.671 26.0 3.265 -2.88 "" ""
4537.718 607.01314 3.23 -1.506 7.724 1214Rb0145
4537.782 607.01314 3.23 -4.197 7.724 1214Qd0155
4537.795 26.0 4.317 -3.59 "" ""
4537.815 106.00113 1.522 -10.308 3.464 CX04P135
4537.818 64.0 0.066 -0.23 "" ""
4537.843 607.01214 0.825 -2.277 7.724 0002Ra0375
4537.869 106.00113 2.02 -4.434 3.464 AX01R335
4537.874 58.1 0.976 -0.9 LAWLER ""
4537.917 607.01214 0.825 -2.289 7.724 0002Rb0365
4537.923 62.1154 0.484 -0.48 Lawler ""
4537.93 27.1 5.118 -2.22 "" ""
4537.93 62.1152 0.484 -0.48 Lawler ""
4537.938 62.1149 0.484 -2.538 Lawler ""
4537.94 62.1149 0.484 -2.314 Lawler ""
4537.942 62.1147 0.484 -2.538 Lawler ""
4537.942 62.1149 0.484 -2.226 Lawler ""
4537.944 62.1149 0.484 -2.205 Lawler ""
4537.944 62.115 0.484 -0.48 Lawler ""
4537.945 62.1147 0.484 -2.314 Lawler ""
4537.946 62.1149 0.484 -2.237 Lawler ""
4537.947 62.1147 0.484 -2.226 Lawler ""
4537.948 62.1149 0.484 -2.332 Lawler ""
4537.949 62.1147 0.484 -2.205 Lawler ""
4537.95 62.1149 0.484 -1.228 Lawler ""
4537.95 62.1149 0.484 -2.555 Lawler ""
4537.951 62.1147 0.484 -2.237 Lawler ""
4537.951 62.1149 0.484 -1.315 Lawler ""
4537.952 62.1149 0.484 -1.404 Lawler ""
4537.952 62.1149 0.484 -1.493 Lawler ""
4537.953 62.1147 0.484 -2.332 Lawler ""
4537.953 62.1149 0.484 -1.578 Lawler ""
4537.954 62.1148 0.484 -0.48 Lawler ""
4537.954 62.1149 0.484 -1.656 Lawler ""
4537.954 62.1149 0.484 -1.717 Lawler ""
4537.955 62.1149 0.484 -1.747 Lawler ""
4537.956 62.1147 0.484 -1.228 Lawler ""
4537.956 62.1147 0.484 -2.555 Lawler ""
4537.957 62.1147 0.484 -1.315 Lawler ""
4537.958 62.1147 0.484 -1.404 Lawler ""
4537.959 62.1147 0.484 -1.493 Lawler ""
4537.959 62.1149 0.484 -2.555 Lawler ""
4537.96 62.1147 0.484 -1.578 Lawler ""
4537.96 62.1149 0.484 -2.332 Lawler ""
4537.961 62.1147 0.484 -1.656 Lawler ""
4537.961 62.1147 0.484 -1.717 Lawler ""
4537.961 62.1149 0.484 -2.205 Lawler ""
4537.961 62.1149 0.484 -2.237 Lawler ""
4537.962 62.1147 0.484 -1.747 Lawler ""
4537.962 62.1149 0.484 -2.226 Lawler ""
4537.962 62.1149 0.484 -2.314 Lawler ""
4537.962 62.1149 0.484 -2.538 Lawler ""
4537.968 62.1147 0.484 -2.555 Lawler ""
4537.969 62.1144 0.484 -0.48 Lawler ""
4537.969 62.1147 0.484 -2.332 Lawler ""
4537.97 62.1147 0.484 -2.205 Lawler ""
4537.97 62.1147 0.484 -2.237 Lawler ""
4537.971 607.01214 0.825 -5.72 7.724 0002Qd0375
4537.971 62.1147 0.484 -2.226 Lawler ""
4537.971 62.1147 0.484 -2.314 Lawler ""
4537.971 62.1147 0.484 -2.538 Lawler ""
4537.976 106.00112 1.984 -3.858 3.464 AX33Q255
4537.989 106.00113 1.542 -8.971 3.464 CX15P025
4538.036 25.1 7.047 -4.89 "" ""
4538.046 106.00113 2.02 -4.055 3.464 AX01R325
4538.048 106.00112 1.984 -1.511 3.464 AX33P265
4538.053 106.00113 1.542 -7.085 3.464 CX15Q025
4538.054 25.1 5.563 -4.51 "" ""
4538.057 106.00113 2.02 -5.965 3.464 AX01Q335
4538.071 106.00113 1.522 -7.471 3.464 CX04Q125
4538.12 106.00112 1.984 -1.508 3.464 AX33P255
4538.129 26.0 3.957 -2.94 "" ""
4538.129 607.01214 3.034 -2.339 7.724 1113Ra0015
4538.129 607.01214 3.034 -2.594 7.724 1113Rb0005
4538.137 607.01214 3.034 -3.292 7.724 1113Qd0015
4538.144 607.01214 0.886 -2.022 7.724 0103Ra0245
4538.161 607.01214 1.005 -2.246 7.724 0204Ra0075
4538.182 607.01214 1.005 -2.301 7.724 0204Rb0065
4538.189 92.1 0.217 -1.6 "" ""
4538.191 28.0 4.534 -4.17 "" ""
4538.193 607.01214 1.005 -4.372 7.724 0204Qd0075
4538.199 26.0 4.1 -3.75 "" ""
4538.201 607.01214 0.886 -2.039 7.724 0103Rb0235
4538.209 607.01314 3.224 -1.506 7.724 1214Ra0145
4538.221 106.00113 1.522 -7.431 3.464 CX04Q135
4538.232 112.00124 0.253 -6.244 1.340 31P210b24
4538.236 607.01214 0.886 -5.113 7.724 0103Qd0245
4538.244 25.1 5.394 -3.8 "" ""
4538.303 24.0 3.842 -4.42 "" ""
4538.326 607.01314 0.697 -2.349 7.724 0002Ra0305
4538.328 607.01314 3.224 -1.535 7.724 1214Rb0135
4538.338 23.0 1.948 -2.29 "" ""
4538.351 26.0 4.298 -3.44 "" ""
4538.362 106.00112 1.755 -3.759 3.464 AX44Q175
4538.364 106.00112 1.755 -1.685 3.464 AX44P185
4538.385 607.01314 0.697 -2.364 7.724 0002Rb0295
4538.388 607.01314 3.224 -4.169 7.724 1214Qd0145
4538.397 42.0 2.497 -2.22 "" ""
4538.404 106.00112 1.507 -4.511 3.464 AX22P225
4538.407 106.00112 1.528 -4.386 3.464 AX44P125
4538.428 607.01314 0.697 -5.622 7.724 0002Qd0305
4538.432 106.00112 1.755 -1.696 3.464 AX44P175
4538.44 106.00113 0.775 -2.36 3.464 BX12Q075
4538.452 25.0 4.682 -1.21 "" ""
4538.466 607.01314 0.78 -2.221 7.724 0103Ra0145
4538.478 106.00113 1.522 -11.781 3.464 CX04R125
4538.479 106.00113 0.775 -5.2 3.464 BX12R075
4538.5 607.01314 0.78 -2.25 7.724 0103Rb0135
4538.52 607.01314 0.78 -4.879 7.724 0103Qd0145
4538.56 62.1 0.543 -1.23 LAWLER ""
4538.58 26.0 3.981 -3.06 "" ""
4538.592 24.0 3.09 -4.84 "" ""
4538.617 23.1 3.8 -1.8 "" ""
4538.639 20.0 6.041 -1.9 "" ""
4538.644 26.0 3.692 -3.29 "" ""
4538.649 106.00112 1.567 -9.34 3.464 CX15R035
4538.68 106.00112 1.567 -6.957 3.464 CX15Q035
4538.687 106.00113 0.776 -5.18 3.464 BX12P085
4538.707 24.1 5.315 -3.97 "" ""
4538.726 106.00113 0.776 -2.31 3.464 BX12Q085
4538.74 66.1 0.1 -2.18 LAWLER ""
4538.748 26.0 2.277 -3.83 "" ""
4538.773 26.1 6.212 -4.12 "" ""
4538.792 20.0 6.041 -2.55 "" ""
4538.807 607.01314 3.219 -1.535 7.724 1214Ra0135
4538.814 607.01214 3.034 -2.594 7.724 1113Ra0005
4538.821 607.01214 3.034 -2.894 7.724 1113Qd0005
4538.827 22.0 2.331 -1.17 "" ""
4538.837 26.0 3.94 -4.18 "" ""
4538.849 26.0 4.309 -2.55 "" ""
4538.858 20.0 6.041 -2.09 "" ""
4538.881 26.1 6.221 -3.61 "" ""
4538.883 106.00112 1.64 -2.206 3.464 AX55P075
4538.917 27.0 3.927 -4.05 "" ""
4538.922 38.1 6.602 -4.82 "" ""
4538.935 607.01314 3.219 -1.566 7.724 1214Rb0125
4538.938 106.00112 1.64 -3.496 3.464 AX55Q075
4538.943 26.0 4.183 -2.13 "" ""
4538.973 106.00113 1.513 -4.548 3.464 AX11P265
4538.991 607.01314 3.219 -4.139 7.724 1214Qd0135
4539.006 25.1 5.986 -5.25 "" ""
4539.069 58.1 1.365 -0.32 "" ""
4539.153 106.00112 1.567 -6.861 3.464 CX15Q045
4539.167 21.0 1.952 -4.27 "" ""
4539.184 106.00112 1.567 -9.382 3.464 CX15P045
4539.187 106.00112 1.641 -2.153 3.464 AX55P085
4539.198 42.0 3.44 -2.03 "" ""
4539.226 607.01214 1.002 -2.301 7.724 0204Ra0065
4539.245 607.01214 1.002 -2.363 7.724 0204Rb0055
4539.254 607.01214 1.002 -4.314 7.724 0204Qd0065
4539.256 26.0 4.545 -2.86 "" ""
4539.278 26.0 3.544 -5.35 "" ""
4539.354 26.0 2.725 -5.17 "" ""
4539.355 106.00112 1.641 -2.205 3.464 AX55P075
4539.367 24.0 3.419 -4.17 "" ""
4539.41 106.00112 1.641 -3.51 3.464 AX55Q075
4539.41 607.01314 3.214 -1.566 7.724 1214Ra0125
4539.471 26.0 3.544 -7.36 "" ""
4539.477 22.0 3.087 -4.05 "" ""
4539.544 607.01314 3.214 -1.6 7.724 1214Rb0115
4539.583 25.0 4.662 -2.2 "" ""
4539.585 25.0 4.824 -2.74 "" ""
4539.59 24.1 4.042 -2.21 Lawler17 ""
4539.591 106.00112 1.529 -4.424 3.464 AX44P125
4539.595 607.01314 3.214 -4.107 7.724 1214Qd0125
4539.614 106.00112 1.641 -2.153 3.464 AX55P085
4539.616 112.00124 0.433 -5.759 1.340 31P219b24
4539.621 22.0 3.332 -3.58 "" ""
4539.636 42.0 2.595 -2.24 "" ""
4539.671 106.00113 1.788 -7.37 3.464 CX15P125
4539.684 27.0 4.018 -3.22 "" ""
4539.69 26.0 3.684 -2.67 "" ""
4539.708 24.0 3.382 -4.05 "" ""
4539.708 29.0 5.149 -0.5 "" ""
4539.711 106.00113 1.787 -7.484 3.464 CX15P135
4539.733 106.00113 1.479 -4.565 3.464 AX00P295
4539.745 58.1 0.327 -0.08 LAWLER ""
4539.764 26.0 4.577 -2.84 "" ""
4539.775 607.01314 0.774 -2.25 7.724 0103Ra0135
4539.781 24.0 2.542 -1.19 SOBECK ""
4539.8 25.1 6.653 -6.48 "" ""
4539.807 24.0 3.008 -3.04 "" ""
4539.807 607.01314 0.774 -2.281 7.724 0103Rb0125
4539.823 106.00113 1.536 -8.59 3.464 CX15P015
4539.826 607.01314 0.774 -4.85 7.724 0103Qd0135
4539.837 62.0 0.036 -2.72 "" ""
4539.843 24.1 6.479 -2.79 "" ""
4539.845 25.1 5.516 -5.49 "" ""
4539.861 106.00113 1.536 -7.275 3.464 CX15Q015
4539.909 76.0 3.171 -0.3 "" ""
4539.913 607.01214 0.875 -2.039 7.724 0103Ra0235
4539.924 22.0 2.47 -2.19 "" ""
4539.968 607.01214 0.875 -2.057 7.724 0103Rb0225
4539.995 40.0 0.632 -1.52 "" ""
4540.002 607.01214 0.875 -5.096 7.724 0103Qd0235
4540.007 23.0 1.891 -0.85 LAWNOHFS ""
4540.017 607.01314 3.209 -1.6 7.724 1214Ra0115
4540.018 64.1 2.323 0.57 "" ""
4540.023 106.00113 1.788 -10.671 3.464 CX15Q125
4540.063 21.0 3.17 -3.93 "" ""
4540.094 106.00113 0.732 -5.547 3.464 BX01P145
4540.102 112.00124 0.433 -7.895 1.340 31Q219b24
4540.136 59.1 0.633 -1.68 "" ""
4540.156 607.01314 3.209 -1.636 7.724 1214Rb0105
4540.18 62.1 0.277 -1.28 LAWLER ""
4540.184 607.01214 0.808 -2.289 7.724 0002Ra0365
4540.184 607.01214 3.034 -2.894 7.724 1113Qc0005
4540.188 24.0 3.11 -1.5 "" ""
4540.188 607.01214 3.034 -2.593 7.724 1113Pa0015
4540.195 112.00124 0.433 -5.732 1.340 31P119b24
4540.203 607.01314 3.209 -4.072 7.724 1214Qd0115
4540.224 106.00113 1.503 -4.575 3.464 AX22P225
4540.229 68.1 2.114 -1.23 LAWLER ""
4540.239 106.00112 1.986 -8.193 3.464 AX23R265
4540.253 607.01214 0.999 -2.363 7.724 0204Ra0055
4540.255 106.00112 1.52 -4.548 3.464 AX11P265
4540.256 607.01214 0.808 -2.301 7.724 0002Rb0355
4540.269 607.01214 0.999 -2.436 7.724 0204Rb0045
4540.272 27.0 4.069 -3.52 "" ""
4540.277 607.01214 0.999 -4.246 7.724 0204Qd0055
4540.287 607.01314 0.684 -2.364 7.724 0002Ra0295
4540.31 607.01214 0.808 -5.71 7.724 0002Qd0365
4540.321 106.00113 1.395 -4.633 3.464 AX00P285
4540.322 24.0 3.875 -4.59 "" ""
4540.348 607.01314 0.684 -2.378 7.724 0002Rb0285
4540.362 23.0 2.741 -2.73 "" ""
4540.389 607.01314 0.684 -5.609 7.724 0002Qd0295
4540.406 90.1 1.832 -0.91 "" ""
4540.408 26.0 2.988 -5.47 "" ""
4540.41 22.0 2.332 -0.91 "" ""
4540.493 22.0 0.048 -3.45 "" ""
4540.498 24.0 2.542 -0.52 SOBECK ""
4540.517 24.0 3.548 -2.52 "" ""
4540.583 26.0 4.648 -4.24 "" ""
4540.626 607.01314 3.205 -1.636 7.724 1214Ra0105
4540.628 21.0 2.292 -4.36 "" ""
4540.672 26.0 2.988 -3.62 "" ""
4540.701 106.00112 1.793 -3.712 3.464 AX55R125
4540.704 24.0 3.102 0.03 "" ""
4540.729 106.00112 1.793 -1.615 3.464 AX55Q125
4540.75 42.0 3.697 -1.31 "" ""
4540.772 607.01314 3.205 -1.675 7.724 1214Rb0095
4540.781 27.0 3.772 -1.13 "" ""
4540.784 106.00112 1.368 -8.89 3.464 CX04R075
4540.794 24.0 3.102 -1.95 "" ""
4540.815 607.01314 3.205 -4.034 7.724 1214Qd0105
4540.82 106.00112 1.083 -6.319 3.464 AX01R215
4540.832 42.0 4.05 -1.19 "" ""
4540.836 106.00112 1.832 -10.693 3.464 CX15Q135
4540.842 106.00112 1.793 -1.603 3.464 AX55Q135
4540.857 24.0 2.985 -1.31 "" ""
4540.862 607.01214 3.035 -3.292 7.724 1113Qc0015
4540.866 22.0 1.442 -1.91 LAWLER ""
4540.869 106.00112 1.793 -3.705 3.464 AX55P135
4540.871 607.01214 3.035 -2.337 7.724 1113Pa0025
4540.871 607.01214 3.035 -2.593 7.724 1113Pb0015
4540.891 106.00112 1.832 -7.642 3.464 CX15P145
4540.894 112.00124 0.11 -6.146 1.340 20P212b24
4540.895 23.0 1.847 -5.84 "" ""
4540.909 25.0 4.422 -2.51 "" ""
4540.926 106.00112 1.369 -8.8 3.464 CX04R085
4540.929 106.00112 1.832 -7.481 3.464 CX15P135
4540.936 72.0 0.699 -1.43 "" ""
4540.938 23.1 3.796 -5.61 "" ""
4540.958 22.0 3.282 -4.11 "" ""
4541.001 22.0 2.266 -1.55 LAWLER ""
4541.004 106.00112 1.369 -11.373 3.464 CX04Q085
4541.018 42.0 3.441 -1.59 "" ""
4541.041 106.00113 1.078 -6.319 3.464 AX01R215
4541.047 607.01314 0.768 -2.281 7.724 0103Ra0125
4541.061 24.0 2.543 -1.15 SOBECK ""
4541.067 106.00112 1.487 -4.565 3.464 AX00P295
4541.077 607.01314 0.768 -2.314 7.724 0103Rb0115
4541.094 607.01314 0.768 -4.818 7.724 0103Qd0125
4541.095 27.0 4.107 -1.9 "" ""
4541.144 106.00112 0.778 -2.359 3.464 BX12Q075
4541.182 106.00112 0.778 -5.199 3.464 BX12R075
4541.186 106.00112 1.914 -8.672 3.464 AX23R255
4541.225 25.0 4.657 -0.31 "" ""
4541.239 607.01314 3.201 -1.675 7.724 1214Ra0095
4541.24 106.00112 2.032 -4.435 3.464 AX01R335
4541.241 607.01214 0.997 -2.436 7.724 0204Ra0045
4541.255 607.01214 0.997 -2.525 7.724 0204Rb0035
4541.257 106.00112 1.919 -7.273 3.464 CX04P215
4541.261 607.01214 0.997 -4.166 7.724 0204Qd0045
4541.27 60.1 0.38 -0.74 LAWLER ""
4541.289 106.00112 1.919 -13.436 3.464 CX04Q205
4541.29 72.1 1.779 -1.65 LAWLER ""
4541.296 106.00113 1.837 -7.543 3.464 AX23R245
4541.316 26.0 3.249 -2.95 "" ""
4541.392 106.00112 0.778 -5.179 3.464 BX12P085
4541.392 607.01314 3.201 -1.719 7.724 1214Rb0085
4541.42 112.00124 0.349 -6.608 1.340 20Q222b24
4541.43 106.00112 0.778 -2.31 3.464 BX12Q085
4541.432 607.01314 3.201 -3.993 7.724 1214Qd0095
4541.434 106.00112 1.919 -7.174 3.464 CX04P205
4541.437 23.0 2.764 -2.33 "" ""
4541.468 106.00112 2.032 -5.918 3.464 AX01Q335
4541.477 112.00124 0.379 -4.672 1.340 20P223b24
4541.506 24.0 3.077 -1.08 "" ""
