wavelength species excitation loggf disassociation_energy comment
3750.301 60.1 1.519 0.66 "" ""
3750.303 20.0 2.521 -2.19 "" ""
3750.314 66.1 1.777 -0.0 "" ""
3750.333 28.0 3.417 -2.73 "" ""
3750.34 106.00112 1.86 -7.629 3.464 CX24R195
3750.363 25.0 4.432 -2.29 "" ""
3750.368 106.00112 1.618 -4.253 3.464 CX35R075
3750.399 106.00112 1.861 -3.75 3.464 CX24Q205
3750.409 77.0 4.067 -0.1 "" ""
3750.415 106.00112 1.618 -7.295 3.464 CX35Q075
3750.431 106.00112 1.034 -4.92 3.464 AX53P055
3750.431 24.0 3.447 -4.53 "" ""
3750.448 22.0 2.159 -2.3 "" ""
3750.45 106.00112 1.86 -3.847 3.464 CX24Q195
3750.474 25.1 5.103 -1.45 "" ""
3750.502 106.00112 1.034 -6.161 3.464 AX53Q055
3750.509 106.00112 1.861 -7.795 3.464 CX24P205
3750.517 106.00112 0.71 -6.317 3.464 CX02R045
3750.523 24.1 5.007 -1.72 Gurell10 ""
3750.526 106.00113 0.359 -7.805 3.464 AX10R145
3750.54 68.1 1.653 0.16 "" ""
3750.545 106.00112 0.672 -8.002 3.464 CX02R025
3750.585 24.1 4.741 -2.24 "" ""
3750.625 41.0 0.142 -1.54 "" ""
3750.633 23.0 1.871 -1.22 "" ""
3750.64 106.00112 1.034 -4.919 3.464 AX53P055
3750.64 24.1 4.778 -3.43 "" ""
3750.642 40.1 0.559 -1.45 Ljung06 ""
3750.681 26.0 2.607 -3.32 "" ""
3750.711 106.00112 1.034 -6.172 3.464 AX53Q055
3750.73 60.1 0.32 -1.23 LAWLER ""
3750.757 23.0 1.941 -1.98 "" ""
3750.757 25.0 2.939 -1.42 "" ""
3750.765 106.00112 1.034 -4.831 3.464 AX53P065
3750.77 607.01214 2.935 -5.365 7.724 1312Qc0225
3750.787 106.00112 0.71 -6.257 3.464 CX02R055
3750.794 607.01214 2.935 -2.223 7.724 1312Pa0235
3750.795 23.0 1.891 -1.9 "" ""
3750.8 62.1 1.591 -0.44 "" ""
3750.824 106.00112 0.71 -9.214 3.464 CX02Q055
3750.832 106.00112 0.952 -9.181 3.464 CX02R125
3750.835 607.01214 2.935 -2.218 7.724 1312Pb0225
3750.846 24.0 3.847 -2.88 "" ""
3750.858 23.1051 1.678 -1.873 LAWLER ""
3750.86 23.1051 1.678 -1.678 LAWLER ""
3750.863 23.1051 1.678 -1.625 LAWLER ""
3750.865 23.1051 1.678 -1.065 LAWLER ""
3750.865 23.1051 1.678 -1.651 LAWLER ""
3750.867 23.1051 1.678 -1.293 LAWLER ""
3750.867 23.1051 1.678 -1.75 LAWLER ""
3750.868 23.1051 1.678 -1.579 LAWLER ""
3750.869 23.1051 1.678 -1.965 LAWLER ""
3750.869 23.1051 1.678 -1.972 LAWLER ""
3750.87 23.1051 1.678 -2.595 LAWLER ""
3750.87 23.1051 1.678 -9.4 LAWLER ""
3750.871 23.1051 1.678 -2.449 LAWLER ""
3750.873 23.1051 1.678 -1.972 LAWLER ""
3750.874 23.1051 1.678 -1.625 LAWLER ""
3750.874 23.1051 1.678 -1.651 LAWLER ""
3750.874 23.1051 1.678 -1.678 LAWLER ""
3750.874 23.1051 1.678 -1.75 LAWLER ""
3750.874 23.1051 1.678 -1.873 LAWLER ""
3750.905 106.00112 0.952 -5.334 3.464 CX02Q125
3750.915 106.00113 1.39 -8.229 3.464 CX24P095
3750.943 106.00113 1.39 -4.965 3.464 CX24Q085
3750.947 106.00112 1.035 -4.831 3.464 AX53P065
3750.95 106.00112 0.952 -5.315 3.464 CX02Q135
3750.996 24.1 5.326 -3.16 "" ""
3750.998 58.1 0.445 -0.86 LAWLER ""
3751.022 90.0 0.0 -1.68 "" ""
3751.023 106.00112 0.952 -8.172 3.464 CX02P135
3751.04 23.1 6.312 -1.03 "" ""
3751.059 106.00113 1.39 -4.862 3.464 CX24Q095
3751.065 26.0 3.881 -1.9 "" ""
3751.087 106.00113 1.39 -7.856 3.464 CX24R085
3751.089 26.0 2.196 -4.14 "" ""
3751.102 64.0 0.027 -1.04 "" ""
3751.125 90.0 1.393 -0.9 "" ""
3751.131 106.00112 0.97 -7.44 3.464 CX13R005
3751.164 106.00112 1.456 -7.83 3.464 CX24R105
3751.174 92.0 0.714 0.6 "" ""
3751.195 23.1 5.808 -2.37 "" ""
3751.199 42.0 2.497 -0.83 "" ""
3751.201 106.00113 0.97 -8.209 3.464 CX13Q015
3751.21 24.0 3.011 -1.92 "" ""
3751.224 23.1 2.489 -0.86 "" ""
3751.226 106.00112 1.456 -4.759 3.464 CX24Q105
3751.245 106.00113 0.97 -7.022 3.464 CX13R015
3751.268 106.00113 1.053 -4.804 3.464 AX53P065
3751.269 23.0 1.852 -1.55 "" ""
3751.293 106.00112 1.456 -4.657 3.464 CX24Q115
3751.337 106.00113 1.053 -6.236 3.464 AX53Q065
3751.349 106.00113 1.57 -7.318 3.464 AX52P235
3751.354 106.00112 1.456 -8.22 3.464 CX24P115
3751.362 23.0 2.965 -4.72 "" ""
3751.407 106.00113 0.578 -4.981 3.464 BX10R185
3751.431 74.0 2.385 -0.62 "" ""
3751.445 58.1 1.273 0.27 "" ""
3751.452 23.0 2.377 -3.31 "" ""
3751.453 22.0 1.872 -5.57 "" ""
3751.462 106.00113 1.052 -5.781 3.464 CX13Q065
3751.492 23.1 4.7 -3.27 "" ""
3751.514 24.1 7.326 -3.76 "" ""
3751.529 106.00113 1.052 -8.112 3.464 CX13P075
3751.531 106.00113 0.36 -7.76 3.464 AX10R145
3751.54 106.00113 1.053 -4.803 3.464 AX53P065
3751.559 106.00113 1.053 -4.731 3.464 AX53P075
3751.56 62.1 0.04 -1.56 LAWLER ""
3751.59 40.1 0.972 0.0 Ljung06 ""
3751.597 106.00113 1.052 -9.167 3.464 CX13R065
3751.609 106.00113 1.053 -6.249 3.464 AX53Q065
3751.613 24.1 4.771 -3.57 "" ""
3751.628 27.0 2.079 -1.3 LAWNHFS ""
3751.664 106.00113 1.052 -5.743 3.464 CX13Q075
3751.7 24.0 3.847 -3.65 "" ""
3751.708 92.0 0.077 -0.43 "" ""
3751.71 27.1 3.007 -3.66 "" ""
3751.735 23.0 2.255 -0.96 "" ""
3751.738 25.1 5.414 -2.07 "" ""
3751.742 58.1 0.326 -1.56 LAWLER ""
3751.779 22.0 1.501 -1.36 "" ""
3751.779 23.0 1.063 -1.36 LAWNOHFS ""
3751.781 24.0 3.011 -2.48 "" ""
3751.794 22.0 2.406 -2.33 "" ""
3751.801 66.1 0.925 -0.76 "" ""
3751.805 106.00113 1.053 -4.732 3.464 AX53P075
3751.81 27.0 3.968 -2.72 "" ""
3751.812 69.0 0.0 -0.39 "" ""
3751.817 607.01214 2.945 -2.231 7.724 1312Pa0245
3751.821 26.0 2.69 -2.09 "" ""
3751.829 607.01214 2.945 -5.418 7.724 1312Qc0235
3751.832 106.00112 1.08 -9.354 3.464 CX13R075
3751.872 106.00112 1.08 -5.742 3.464 CX13Q075
3751.893 607.01214 2.945 -2.223 7.724 1312Pb0235
3751.936 42.0 2.513 -1.89 "" ""
3751.972 68.1 1.634 -0.59 "" ""
3751.98 25.1 5.544 -4.86 "" ""
3751.995 106.00113 1.363 -5.069 3.464 CX24Q075
3752.007 25.1 4.685 -3.52 "" ""
3752.01 106.00113 1.364 -8.212 3.464 CX24P085
3752.017 27.1 5.065 -2.54 "" ""
3752.027 106.00112 1.081 -5.716 3.464 CX13Q085
3752.066 106.00112 1.081 -8.152 3.464 CX13P085
3752.074 22.0 2.479 -1.88 "" ""
3752.091 23.0 2.294 -1.31 "" ""
3752.104 20.0 2.524 -5.94 "" ""
3752.123 106.00113 1.363 -7.864 3.464 CX24R075
3752.138 106.00113 1.364 -4.965 3.464 CX24Q085
3752.157 22.0 2.736 -3.1 "" ""
3752.158 27.0 3.512 -2.62 "" ""
3752.215 23.1 6.096 -2.58 "" ""
3752.249 22.0 2.736 -3.61 "" ""
3752.273 106.00112 1.424 -7.845 3.464 CX24R095
3752.311 25.1 4.689 -3.88 "" ""
3752.329 106.00112 1.424 -4.862 3.464 CX24Q095
3752.342 24.0 3.884 -0.64 "" ""
3752.347 58.1 0.703 -0.75 BIEMONT ""
3752.349 106.00112 1.547 -6.261 3.464 CX35R025
3752.395 22.0 1.738 -3.59 "" ""
3752.407 26.0 3.036 -1.5 "" ""
3752.415 26.0 3.036 -1.5 "" ""
3752.416 106.00112 1.424 -4.759 3.464 CX24Q105
3752.427 25.1 5.105 -2.72 "" ""
3752.448 58.1 0.495 -1.35 LAWLER ""
3752.472 106.00112 1.424 -8.231 3.464 CX24P105
3752.499 106.00113 1.482 -4.216 3.464 AX20P305
3752.5 60.1 0.559 -0.14 LAWLER ""
3752.524 76.0 0.34 -0.98 Quinet06 ""
3752.531 106.00113 0.907 -8.145 3.464 CX02P125
3752.552 25.0 4.243 -1.46 "" ""
3752.569 90.1 1.144 -0.2 "" ""
3752.58 106.00113 1.482 -7.209 3.464 AX20Q295
3752.663 92.1 0.685 -0.56 "" ""
3752.666 106.00112 1.265 -6.363 3.464 CX24R015
3752.667 27.0 3.051 -5.36 "" ""
3752.679 106.00112 1.265 -7.676 3.464 CX24Q015
3752.68 60.1 0.0 -0.82 LAWLER ""
3752.69 106.00113 0.907 -5.359 3.464 CX02Q115
3752.696 106.00113 1.482 -4.229 3.464 AX20P295
3752.736 27.0 3.229 -5.3 "" ""
3752.746 24.0 3.885 -0.41 "" ""
3752.783 27.0 2.875 -1.5 "" ""
3752.784 106.00113 0.907 -5.335 3.464 CX02Q125
3752.819 106.00113 1.371 -7.23 3.464 AX42R205
3752.828 28.0 1.984 -2.83 "" ""
3752.856 26.0 2.829 -2.78 "" ""
3752.858 22.0 0.048 0.05 LAWLER ""
3752.874 106.00113 1.371 -4.798 3.464 AX42Q215
3752.875 607.01214 2.955 -2.241 7.724 1312Pa0255
3752.881 106.00113 1.371 -4.501 3.464 AX42Q205
3752.912 106.00112 1.598 -4.454 3.464 CX35R055
3752.928 607.01214 2.955 -5.474 7.724 1312Qc0245
3752.935 106.00113 1.371 -6.312 3.464 AX42P215
3752.944 106.00113 0.907 -9.086 3.464 CX02R115
3752.946 106.00112 1.487 -7.163 3.464 AX20Q295
3752.977 22.0 2.66 -3.35 "" ""
3752.979 22.1 5.229 -4.66 "" ""
3752.982 106.00113 1.34 -5.176 3.464 CX24Q065
3752.991 607.01214 2.955 -2.231 7.724 1312Pb0245
3752.993 106.00112 1.487 -4.214 3.464 AX20P305
3753.016 106.00112 1.487 -4.228 3.464 AX20P295
3753.019 24.0 3.461 -4.36 "" ""
3753.046 106.00113 1.34 -8.176 3.464 CX24P075
3753.078 106.00112 1.598 -4.347 3.464 CX35R065
3753.092 62.1 0.484 -2.12 "" ""
3753.094 106.00113 1.34 -7.866 3.464 CX24R065
3753.119 24.0 3.085 -8.44 "" ""
3753.12 106.00112 1.598 -7.25 3.464 CX35Q065
3753.138 26.0 2.402 -2.55 "" ""
3753.149 23.0 1.217 -4.35 "" ""
3753.153 24.0 4.464 -3.34 "" ""
3753.157 106.00113 1.34 -5.069 3.464 CX24Q075
3753.164 106.00113 0.228 -4.65 3.464 BX10P105
3753.169 106.00113 1.031 -5.834 3.464 CX13Q055
3753.173 41.0 0.086 -1.06 "" ""
3753.221 72.0 2.218 0.15 "" ""
3753.238 24.0 4.609 -0.76 "" ""
3753.242 90.0 0.966 -0.78 "" ""
3753.276 23.0 1.71 -1.43 "" ""
3753.282 24.1 3.101 -4.28 "" ""
3753.285 106.00113 1.031 -8.994 3.464 CX13R055
3753.296 106.00113 1.031 -8.067 3.464 CX13P065
3753.317 25.0 4.791 -1.74 "" ""
3753.323 77.0 2.052 -1.3 "" ""
3753.33 60.1 0.204 -1.59 LAWLER ""
3753.332 22.0 2.266 -2.07 "" ""
3753.335 20.0 2.524 -1.11 "" ""
3753.352 20.0 2.524 -2.19 "" ""
3753.364 20.0 2.524 -3.74 "" ""
3753.373 25.0 4.636 -3.54 "" ""
3753.376 106.00112 1.395 -7.856 3.464 CX24R085
3753.413 106.00113 1.031 -5.781 3.464 CX13Q065
3753.416 106.00113 1.138 -6.491 3.464 AX42Q165
3753.427 106.00112 1.395 -4.965 3.464 CX24Q085
3753.452 106.00113 1.138 -4.089 3.464 AX42P165
3753.495 106.00113 1.138 -4.074 3.464 AX42P175
3753.499 23.0 2.576 -1.32 "" ""
3753.5 66.1 0.0 -0.82 LAWLER ""
3753.527 26.0 3.366 -5.16 "" ""
3753.528 24.0 3.085 -9.18 "" ""
3753.537 106.00112 1.395 -4.862 3.464 CX24Q095
3753.537 44.0 1.588 -0.01 "" ""
3753.549 106.00112 0.229 -4.65 3.464 BX10P105
3753.588 106.00112 1.395 -8.229 3.464 CX24P095
3753.594 106.00112 0.973 -7.022 3.464 CX13R015
3753.605 106.00112 0.973 -8.208 3.464 CX13Q015
3753.611 26.0 2.174 -0.89 OBR91 ""
3753.632 106.00112 1.292 -6.757 3.464 AX31Q235
3753.633 22.0 0.021 -1.02 LAWLER ""
3753.645 24.1 4.757 -3.23 "" ""
3753.658 106.00113 1.572 -7.382 3.464 AX52P235
3753.688 106.00112 1.292 -4.008 3.464 AX31P245
3753.692 66.1 0.538 -0.2 "" ""
3753.72 106.00112 1.292 -4.019 3.464 AX31P235
3753.76 106.00113 0.692 -6.406 3.464 CX02R035
3753.764 27.0 3.25 -7.03 "" ""
3753.765 58.1 1.581 0.05 "" ""
3753.791 106.00112 1.056 -9.166 3.464 CX13R065
3753.826 106.00112 1.056 -5.781 3.464 CX13Q065
3753.848 28.0 3.477 -4.17 "" ""
3753.88 106.00113 1.319 -5.286 3.464 CX24Q055
3753.942 28.0 3.462 -4.58 "" ""
3753.975 106.00113 1.319 -7.862 3.464 CX24R055
3754.0 106.00113 1.319 -8.121 3.464 CX24P065
3754.001 22.0 2.101 -4.75 "" ""
3754.015 106.00112 1.056 -5.742 3.464 CX13Q075
3754.025 22.0 2.287 -6.95 "" ""
3754.031 90.0 1.021 -0.53 "" ""
3754.05 106.00112 1.056 -8.112 3.464 CX13P075
3754.054 106.00113 0.692 -9.076 3.464 CX02Q045
3754.056 106.00113 0.312 -1.896 3.464 BX10P125
3754.071 607.01214 2.966 -5.532 7.724 1312Qc0255
3754.095 106.00113 0.312 -8.236 3.464 BX10Q125
3754.096 106.00113 1.319 -5.176 3.464 CX24Q065
3754.102 26.0 4.1 -3.11 "" ""
3754.126 45.0 1.731 -0.16 "" ""
3754.131 607.01214 2.966 -2.242 7.724 1312Pb0255
3754.146 23.0 1.944 -1.54 "" ""
3754.157 106.00113 0.692 -6.316 3.464 CX02R045
3754.165 23.0 2.86 -3.14 "" ""
3754.18 25.0 3.85 -1.24 "" ""
3754.195 23.0 2.121 -4.62 "" ""
3754.208 23.0 1.847 -3.5 "" ""
3754.221 106.00113 0.312 -1.866 3.464 BX10P135
3754.273 45.0 1.731 0.05 "" ""
3754.308 92.1 0.0 -1.5 "" ""
3754.313 26.0 3.981 -4.29 "" ""
3754.328 27.0059 2.54 -1.697 Lawle15HFS ""
3754.339 27.0059 2.54 -1.913 Lawle15HFS ""
3754.34 106.00113 0.41 -1.577 3.464 BX10Q145
3754.342 25.1 6.908 -2.2 "" ""
3754.344 27.0059 2.54 -2.323 Lawle15HFS ""
3754.349 27.0059 2.54 -2.196 Lawle15HFS ""
3754.35 106.00112 0.314 -7.984 3.464 AX10R135
3754.352 27.0059 2.54 -2.162 Lawle15HFS ""
3754.356 27.0059 2.54 -3.188 Lawle15HFS ""
3754.357 27.0059 2.54 -2.635 Lawle15HFS ""
3754.359 27.0059 2.54 -2.17 Lawle15HFS ""
3754.362 27.0059 2.54 -2.76 Lawle15HFS ""
3754.365 27.0059 2.54 -2.334 Lawle15HFS ""
3754.367 27.0059 2.54 -2.51 Lawle15HFS ""
3754.37 27.0059 2.54 -2.334 Lawle15HFS ""
3754.374 23.0 2.357 -1.51 "" ""
3754.377 106.00113 0.41 -4.9 3.464 BX10P155
3754.389 106.00113 0.41 -4.883 3.464 BX10R145
3754.409 25.1 6.107 -5.04 "" ""
3754.421 22.0 1.429 -1.69 "" ""
3754.426 106.00113 0.41 -1.563 3.464 BX10Q155
3754.441 106.00112 1.368 -7.863 3.464 CX24R075
3754.478 22.0 1.886 -4.99 "" ""
3754.487 106.00112 1.368 -5.069 3.464 CX24Q075
3754.5 26.0 2.996 -1.34 "" ""
3754.515 73.0 0.491 -1.71 "" ""
3754.553 76.1 2.193 -2.37 Quinet06 ""
3754.569 24.1 3.105 -1.93 Lawler17 ""
3754.572 106.00112 0.314 -1.896 3.464 BX10P125
3754.593 90.1 0.0 -2.03 "" ""
3754.601 23.0 1.711 -3.17 "" ""
3754.61 106.00112 0.314 -8.236 3.464 BX10Q125
3754.624 106.00112 1.368 -4.965 3.464 CX24Q085
3754.634 106.00113 1.012 -5.903 3.464 CX13Q045
3754.653 26.0 3.571 -3.59 "" ""
3754.663 27.0 2.716 -3.18 "" ""
3754.667 106.00113 1.302 -5.404 3.464 CX24Q045
3754.67 106.00112 1.368 -8.211 3.464 CX24P085
3754.683 27.1 3.083 -1.92 "" ""
3754.688 106.00113 1.329 -4.525 3.464 AX53R145
3754.691 106.00113 1.372 -4.798 3.464 AX42Q215
3754.728 106.00113 1.372 -7.255 3.464 AX42R205
3754.731 106.00113 1.012 -8.829 3.464 CX13R045
3754.737 106.00112 0.314 -1.866 3.464 BX10P135
3754.747 106.00113 1.302 -7.85 3.464 CX24R045
3754.756 106.00112 0.911 -9.086 3.464 CX02R115
3754.758 106.00113 1.329 -4.249 3.464 AX53R155
3754.758 27.1 5.118 -3.57 "" ""
3754.759 106.00113 1.372 -6.29 3.464 AX42P215
3754.772 25.1 4.689 -3.58 "" ""
3754.777 106.00113 1.329 -8.353 3.464 AX53Q155
3754.779 40.0 1.778 -0.14 "" ""
3754.785 106.00113 1.258 -6.355 3.464 CX24Q005
3754.795 106.00113 1.372 -4.501 3.464 AX42Q205
3754.801 106.00113 1.14 -6.52 3.464 AX42Q165
3754.806 106.00113 1.258 -6.898 3.464 CX24R005
3754.807 106.00113 1.14 -4.075 3.464 AX42P175
3754.807 66.1 1.169 -0.74 "" ""
3754.824 106.00112 0.911 -5.358 3.464 CX02Q115
3754.835 106.00113 1.013 -8.013 3.464 CX13P055
3754.835 106.00113 1.14 -4.089 3.464 AX42P165
3754.854 27.0 3.25 -4.65 "" ""
3754.856 106.00113 1.302 -8.042 3.464 CX24P055
3754.87 62.1 0.188 -1.37 LAWLER ""
3754.886 106.00112 0.911 -5.334 3.464 CX02Q125
3754.894 26.0 3.692 -1.68 "" ""
3754.933 106.00113 1.013 -5.834 3.464 CX13Q055
3754.937 106.00113 1.302 -5.286 3.464 CX24Q055
3754.954 106.00112 0.911 -8.144 3.464 CX02P125
3754.977 22.0 2.115 -1.9 "" ""
3754.993 24.0 2.965 -2.19 "" ""
3755.078 73.0 1.146 -1.33 "" ""
3755.082 23.1 6.182 -4.27 "" ""
3755.089 44.0 1.138 -0.77 "" ""
3755.099 42.0 3.199 -0.83 "" ""
3755.114 26.0 4.1 -1.9 "" ""
3755.123 24.1 3.103 -4.23 "" ""
3755.134 23.0 2.357 -2.96 "" ""
3755.16 42.0 3.387 -0.33 "" ""
3755.201 25.1 6.86 -1.29 "" ""
3755.212 90.0 1.387 0.2 "" ""
3755.236 25.1 4.689 -4.64 "" ""
3755.237 64.1 1.232 -0.63 "" ""
3755.241 106.00112 0.315 -7.942 3.464 AX10R135
3755.284 41.0 0.197 -2.13 "" ""
3755.3 62.1 0.333 -0.65 LAWLER ""
3755.322 106.00112 1.016 -6.941 3.464 AX53P045
3755.323 106.00113 1.287 -5.534 3.464 CX24Q035
3755.388 106.00113 1.287 -7.827 3.464 CX24R035
3755.401 25.0 3.841 -2.1 "" ""
3755.418 27.0059 2.079 -2.676 Lawle15HFS ""
3755.418 58.1 0.417 -0.84 BIEMONT ""
3755.421 27.0059 2.079 -2.288 Lawle15HFS ""
3755.424 27.0059 2.079 -2.421 Lawle15HFS ""
3755.425 106.00112 1.143 -6.491 3.464 AX42Q165
3755.427 27.0059 2.079 -2.033 Lawle15HFS ""
3755.428 27.0059 2.079 -2.706 Lawle15HFS ""
3755.431 27.0059 2.079 -2.233 Lawle15HFS ""
3755.436 27.0059 2.079 -1.835 Lawle15HFS ""
3755.437 27.0059 2.079 -2.676 Lawle15HFS ""
3755.44 106.00112 1.344 -7.866 3.464 CX24R065
3755.44 27.0059 2.079 -2.142 Lawle15HFS ""
3755.448 27.0059 2.079 -1.671 Lawle15HFS ""
3755.45 27.0059 2.079 -2.727 Lawle15HFS ""
3755.451 22.0 2.675 -3.07 "" ""
3755.453 27.0059 2.079 -2.12 Lawle15HFS ""
3755.465 27.0059 2.079 -1.53 Lawle15HFS ""
3755.466 106.00112 1.143 -4.088 3.464 AX42P165
3755.466 27.0059 2.079 -2.852 Lawle15HFS ""
3755.469 27.0059 2.079 -2.174 Lawle15HFS ""
3755.473 106.00112 1.016 -6.956 3.464 AX53P045
3755.48 106.00112 1.344 -5.175 3.464 CX24Q065
3755.482 92.1 0.717 -0.52 "" ""
3755.485 27.0059 2.079 -3.074 Lawle15HFS ""
3755.488 27.0059 2.079 -2.37 Lawle15HFS ""
3755.49 42.1 3.111 -1.0 "" ""
3755.508 27.0059 2.079 -3.485 Lawle15HFS ""
3755.51 106.00112 1.143 -4.074 3.464 AX42P175
3755.517 106.00112 1.034 -8.994 3.464 CX13R055
3755.535 106.00112 1.576 -3.632 3.464 AX42R245
3755.547 106.00112 1.034 -5.833 3.464 CX13Q055
3755.562 64.1 1.25 -0.61 "" ""
3755.567 42.0 2.678 -1.96 "" ""
3755.568 26.1 4.734 -2.46 "" ""
3755.575 106.00112 1.576 -3.887 3.464 AX42R235
3755.577 23.1 5.784 -2.21 "" ""
3755.583 45.0 0.701 -2.37 "" ""
3755.6 60.1 0.182 -0.84 LAWLER ""
3755.604 106.00113 1.287 -7.933 3.464 CX24P045
3755.609 23.0 2.113 -3.81 "" ""
3755.625 75.0 2.147 -0.8 "" ""
3755.629 106.00112 1.576 -7.324 3.464 AX42Q245
3755.651 106.00112 1.345 -5.069 3.464 CX24Q075
3755.669 106.00113 1.287 -5.403 3.464 CX24Q045
3755.672 106.00112 1.289 -4.855 3.464 AX53R135
3755.672 20.1 7.042 -0.54 "" ""
3755.691 106.00112 1.345 -8.176 3.464 CX24P075
3755.7 23.0 2.284 -0.88 "" ""
3755.706 23.0 2.267 -0.87 "" ""
3755.718 58.1 0.696 -0.67 BIEMONT ""
3755.727 106.00112 1.581 -4.577 3.464 CX35R045
3755.744 106.00112 1.289 -4.518 3.464 AX53R145
3755.763 41.0 1.393 -0.21 "" ""
3755.776 106.00112 1.289 -8.469 3.464 AX53Q145
3755.78 106.00112 1.034 -5.781 3.464 CX13Q065
3755.789 58.1 0.857 -1.01 LAWLER ""
3755.81 106.00112 1.034 -8.066 3.464 CX13P065
3755.82 106.00113 1.275 -5.689 3.464 CX24Q025
3755.821 24.0 2.706 -1.34 "" ""
3755.834 42.0 2.913 -0.89 "" ""
3755.842 106.00113 0.997 -5.994 3.464 CX13Q035
3755.846 106.00113 1.33 -4.525 3.464 AX53R145
3755.863 106.00113 1.33 -4.249 3.464 AX53R155
3755.87 106.00113 0.312 -7.984 3.464 AX10R135
3755.871 106.00113 1.275 -7.789 3.464 CX24R025
3755.88 106.00113 1.33 -8.328 3.464 AX53Q155
3755.922 106.00113 0.997 -8.666 3.464 CX13R035
3755.929 44.0 1.588 -0.44 "" ""
3755.94 106.00112 0.694 -6.405 3.464 CX02R035
3755.948 106.00112 1.581 -4.451 3.464 CX35R055
3755.984 106.00112 1.581 -7.183 3.464 CX35Q055
3756.031 23.0 1.05 -1.61 LAWNOHFS ""
3756.051 68.0 0.954 0.78 "" ""
3756.069 26.0 2.174 -2.12 OBR91 ""
3756.097 106.00113 1.266 -5.904 3.464 CX24Q015
3756.1 106.00113 1.562 -4.727 3.464 CX35R035
3756.113 106.00113 1.568 -7.323 3.464 AX42Q245
3756.115 25.1 6.828 -3.02 "" ""
3756.126 106.00112 1.294 -4.009 3.464 AX31P245
3756.133 106.00113 1.266 -7.732 3.464 CX24R015
3756.142 106.00113 0.997 -7.943 3.464 CX13P045
3756.152 23.1 6.037 -0.79 "" ""
3756.155 22.0 2.173 -4.92 "" ""
3756.165 106.00112 1.294 -6.795 3.464 AX31Q235
3756.195 106.00113 0.87 -8.117 3.464 CX02P115
3756.221 106.00113 0.997 -5.903 3.464 CX13Q045
3756.238 106.00113 1.275 -7.782 3.464 CX24P035
3756.253 106.00112 1.294 -4.02 3.464 AX31P235
3756.276 22.0 2.29 -6.29 "" ""
3756.289 106.00113 1.275 -5.533 3.464 CX24Q035
3756.294 90.0 1.005 -0.59 "" ""
3756.302 106.00112 0.694 -6.316 3.464 CX02R045
3756.311 27.0 2.135 -2.81 "" ""
3756.314 106.00113 0.967 -6.751 3.464 CX13Q005
3756.315 106.00113 0.87 -5.387 3.464 CX02Q105
3756.325 106.00113 1.536 -6.161 3.464 CX35R015
3756.334 106.00112 0.694 -9.075 3.464 CX02Q045
3756.34 106.00113 0.967 -7.441 3.464 CX13R005
3756.348 106.00112 1.324 -7.862 3.464 CX24R055
3756.348 106.00113 1.562 -7.088 3.464 CX35Q045
3756.35 42.0 2.513 -2.02 "" ""
3756.353 106.00113 1.286 -6.756 3.464 AX31Q235
3756.378 106.00113 1.286 -4.019 3.464 AX31P235
3756.383 106.00112 1.324 -5.286 3.464 CX24Q055
3756.394 106.00113 1.286 -4.008 3.464 AX31P245
3756.4 62.1 0.434 -0.77 LAWLER ""
3756.4 68.1 1.653 -0.58 "" ""
3756.41 106.00113 1.562 -4.573 3.464 CX35R045
3756.413 106.00113 1.531 -6.363 3.464 AX53R195
3756.413 62.0 0.101 -0.5 "" ""
3756.416 106.00112 0.412 -1.576 3.464 BX10Q145
3756.425 106.00113 0.87 -5.359 3.464 CX02Q115
3756.451 25.0 4.255 -1.14 "" ""
3756.453 106.00112 0.412 -4.9 3.464 BX10P155
3756.463 106.00112 0.412 -4.883 3.464 BX10R145
3756.479 106.00113 1.568 -3.632 3.464 AX42R245
3756.48 106.00112 1.49 -4.215 3.464 AX20P305
3756.5 106.00112 0.412 -1.562 3.464 BX10Q155
3756.516 28.0 2.738 -4.76 "" ""
3756.531 24.1 4.924 -2.99 "" ""
3756.545 106.00112 1.49 -7.208 3.464 AX20Q295
3756.545 106.00113 0.87 -8.992 3.464 CX02R105
3756.55 62.1 0.277 -1.02 LAWLER ""
3756.582 24.0 4.464 -3.88 "" ""
3756.589 106.00113 1.168 -4.667 3.464 AX53Q105
3756.593 25.0 4.35 -2.59 "" ""
3756.595 106.00112 1.324 -5.175 3.464 CX24Q065
3756.603 106.00113 1.168 -9.296 3.464 AX53R105
3756.615 106.00112 1.49 -4.228 3.464 AX20P295
3756.63 106.00112 1.324 -8.12 3.464 CX24P065
3756.636 106.00112 1.29 -4.855 3.464 AX53R135
3756.639 25.0 4.255 -0.52 "" ""
3756.649 106.00112 1.29 -4.519 3.464 AX53R145
3756.661 106.00112 1.139 -4.59 3.464 AX53Q095
3756.666 106.00112 1.139 -7.614 3.464 AX53R095
3756.672 23.1 6.096 -1.87 "" ""
3756.681 106.00112 1.29 -8.445 3.464 AX53Q145
3756.724 106.00113 1.168 -6.176 3.464 AX53P115
3756.737 106.00113 1.168 -4.794 3.464 AX53Q115
3756.743 106.00113 1.568 -3.886 3.464 AX42R235
3756.744 23.1 4.732 -1.78 "" ""
3756.75 106.00113 0.313 -7.941 3.464 AX10R135
3756.753 71.0 0.512 -1.4 "" ""
3756.767 106.00113 1.266 -7.562 3.464 CX24P025
3756.773 106.00113 0.984 -6.119 3.464 CX13Q025
3756.802 106.00113 1.266 -5.687 3.464 CX24Q025
3756.81 60.1 0.064 -1.29 "" ""
3756.813 24.0 2.707 -2.74 "" ""
3756.814 106.00112 1.139 -6.104 3.464 AX53P105
3756.819 106.00112 1.139 -4.665 3.464 AX53Q105
3756.827 106.00112 1.144 -6.519 3.464 AX42Q165
3756.835 106.00113 0.984 -8.499 3.464 CX13R025
3756.841 106.00112 1.144 -4.074 3.464 AX42P175
3756.854 22.0 2.29 -6.54 "" ""
3756.856 69.1 1.086 -0.46 "" ""
3756.869 106.00112 1.144 -4.088 3.464 AX42P165
3756.884 23.0 2.579 -0.99 "" ""
3756.888 23.0 2.364 -2.3 "" ""
3756.921 92.1 0.583 -0.82 "" ""
3756.929 40.1 0.359 -2.0 "" ""
3756.935 25.1 5.832 -4.52 "" ""
3756.937 26.0 3.571 -0.25 "" ""
3756.966 24.1 4.747 -2.85 "" ""
3756.979 21.0 4.494 -3.08 "" ""
3756.998 106.00112 1.016 -8.829 3.464 CX13R045
3757.024 106.00112 1.016 -5.903 3.464 CX13Q045
3757.042 6.0 7.482 -3.55 "" ""
3757.051 66.0 0.937 0.97 "" ""
3757.089 74.0 0.771 -2.22 "" ""
3757.106 106.00113 0.663 -7.85 3.464 CX02R015
3757.12 76.0 1.583 -1.33 "" ""
3757.128 25.1 4.689 -4.33 "" ""
3757.129 24.0 3.446 -4.07 "" ""
3757.145 106.00112 1.306 -7.849 3.464 CX24R045
3757.146 24.0 4.613 -1.98 "" ""
3757.17 24.0 2.542 -1.04 SOBECK ""
3757.174 106.00112 1.306 -5.403 3.464 CX24Q045
3757.188 24.1 5.315 -2.46 "" ""
3757.19 106.00112 1.139 -4.589 3.464 AX53Q095
3757.195 106.00112 1.139 -7.627 3.464 AX53R095
3757.216 58.1 0.969 -0.23 "" ""
3757.219 106.00113 0.985 -7.843 3.464 CX13P035
3757.226 106.00113 1.169 -4.667 3.464 AX53Q105
3757.236 106.00113 1.261 -7.182 3.464 CX24P015
3757.24 106.00113 1.169 -9.31 3.464 AX53R105
3757.258 106.00113 1.261 -5.897 3.464 CX24Q015
3757.28 106.00113 0.985 -5.994 3.464 CX13Q035
3757.291 106.00112 1.263 -6.897 3.464 CX24R005
3757.299 106.00112 1.263 -6.354 3.464 CX24Q005
3757.301 106.00112 1.139 -6.093 3.464 AX53P105
3757.306 106.00112 1.139 -4.665 3.464 AX53Q105
3757.313 106.00112 1.016 -5.833 3.464 CX13Q055
3757.32 106.00113 1.169 -6.164 3.464 AX53P115
3757.333 106.00113 1.169 -4.795 3.464 AX53Q115
3757.339 106.00112 1.016 -8.012 3.464 CX13P055
3757.348 22.0 2.479 -2.53 "" ""
3757.365 106.00113 0.975 -6.312 3.464 CX13Q015
3757.37 66.1 0.1 -0.17 LAWLER ""
3757.409 106.00113 0.975 -8.318 3.464 CX13R015
3757.42 23.0 1.948 -4.76 "" ""
3757.439 23.0 1.349 -1.66 "" ""
3757.44 65.1 0.439 -0.42 LAWNOHFS ""
3757.441 106.00112 1.306 -5.286 3.464 CX24Q055
3757.454 26.0 3.298 -1.13 "" ""
3757.456 22.0 2.152 -2.48 "" ""
3757.471 106.00112 1.306 -8.041 3.464 CX24P055
3757.48 24.0 3.884 -0.69 "" ""
3757.53 62.1 0.434 -0.35 LAWLER ""
3757.54 28.0 3.676 -4.72 "" ""
3757.58 65.1 0.515 -0.85 LAWNOHFS ""
3757.593 25.1 4.689 -5.86 "" ""
3757.661 24.0 2.542 -0.25 SOBECK ""
3757.685 22.1 1.565 -0.44 LAWLER ""
3757.694 90.0 1.304 0.15 "" ""
3757.73 73.0 1.236 -1.8 "" ""
3757.737 64.1 1.526 0.12 "" ""
3757.767 40.1 1.825 -0.46 "" ""
3757.809 106.00112 1.291 -7.826 3.464 CX24R035
3757.81 60.1 0.471 -0.51 LAWLER ""
3757.817 106.00113 1.063 -7.576 3.464 AX20P245
3757.83 24.0 3.009 -2.41 "" ""
3757.832 6.0 7.477 -4.25 "" ""
3757.834 106.00112 1.291 -5.533 3.464 CX24Q035
3757.855 58.1 0.318 -0.84 LAWLER ""
3757.871 106.00112 1.056 -4.802 3.464 AX53P065
3757.876 106.00112 1.579 -3.633 3.464 AX42R245
3757.905 24.1 6.277 -4.02 "" ""
3757.919 74.0 0.598 -1.45 "" ""
3757.924 106.00112 1.056 -6.235 3.464 AX53Q065
3757.946 64.0 0.066 -0.07 "" ""
3757.965 26.0 3.265 -2.33 "" ""
3757.966 23.1 6.097 -2.27 "" ""
3757.97 106.00112 1.579 -7.286 3.464 AX42Q245
3758.009 106.00112 1.579 -3.887 3.464 AX42R235
3758.025 27.0 2.868 -2.63 "" ""
3758.026 26.0 3.366 -1.64 "" ""
3758.042 106.00112 1.069 -7.576 3.464 AX20P245
3758.046 24.0 2.543 -0.81 SOBECK ""
3758.073 27.0 3.512 -2.08 "" ""
3758.078 106.00113 0.976 -7.687 3.464 CX13P025
3758.097 24.0 2.708 -2.21 "" ""
3758.111 26.0 3.414 -1.77 "" ""
3758.122 106.00113 0.976 -6.118 3.464 CX13Q025
3758.148 106.00113 1.533 -6.307 3.464 AX53R195
3758.149 106.00112 1.056 -4.73 3.464 AX53P075
3758.149 106.00112 1.056 -4.802 3.464 AX53P065
3758.178 106.00112 1.291 -5.403 3.464 CX24Q045
3758.191 27.0 2.006 -3.6 "" ""
3758.202 106.00112 1.056 -6.247 3.464 AX53Q065
3758.202 106.00112 1.291 -7.932 3.464 CX24P045
3758.215 23.1 2.489 -1.41 "" ""
3758.219 23.1 1.684 -3.69 "" ""
3758.221 106.00112 1.0 -8.666 3.464 CX13R035
3758.233 26.0 0.957 -0.01 OBR91 ""
3758.24 69.1 0.029 -3.0 LAWLER ""
3758.242 106.00112 1.0 -5.993 3.464 CX13Q035
3758.295 23.0 1.042 -1.73 LAWNOHFS ""
3758.313 106.00112 1.376 -7.229 3.464 AX42R205
3758.315 106.00112 1.279 -7.789 3.464 CX24R025
3758.319 23.0 1.929 -1.7 "" ""
3758.32 22.0 1.878 -6.07 "" ""
3758.32 64.1 0.425 -0.41 LAWLER ""
3758.334 106.00112 1.279 -5.688 3.464 CX24Q025
3758.348 92.0 0.53 0.33 "" ""
3758.351 106.00113 1.258 -6.355 3.464 CX24Q005
3758.353 28.0 3.477 -3.44 "" ""
3758.377 106.00112 1.376 -4.797 3.464 AX42Q215
3758.384 20.1 7.044 -0.38 "" ""
3758.384 20.1 7.044 -1.69 "" ""
3758.385 106.00112 1.376 -4.499 3.464 AX42Q205
3758.396 106.00112 1.056 -4.73 3.464 AX53P075
3758.418 106.00112 0.873 -8.992 3.464 CX02R105
3758.449 106.00112 1.376 -6.311 3.464 AX42P215
3758.455 106.00113 1.57 -7.286 3.464 AX42Q245
3758.46 62.1 0.0 -1.27 "" ""
3758.467 90.0 0.317 -0.86 "" ""
3758.481 106.00112 0.873 -5.387 3.464 CX02Q105
3758.511 106.00113 0.992 -6.876 3.464 AX42P135
3758.521 42.0 2.497 -0.64 "" ""
3758.542 23.0 1.858 -0.74 "" ""
3758.563 106.00112 0.873 -5.358 3.464 CX02Q115
3758.588 21.0 4.429 -2.6 "" ""
3758.588 21.0 4.429 -3.56 "" ""
3758.599 106.00112 1.27 -7.731 3.464 CX24R015
3758.611 106.00113 1.031 -6.915 3.464 AX53P055
3758.612 106.00112 1.27 -5.904 3.464 CX24Q015
3758.613 106.00112 1.0 -5.902 3.464 CX13Q045
3758.62 23.1 2.497 -2.86 "" ""
3758.626 106.00112 0.873 -8.116 3.464 CX02P115
3758.634 106.00112 1.0 -7.942 3.464 CX13P045
3758.636 24.0 4.614 -0.5 "" ""
3758.653 106.00112 1.567 -4.726 3.464 CX35R035
3758.708 106.00113 0.518 -1.923 3.464 BX10R165
3758.714 24.0 0.941 -4.8 "" ""
3758.72 106.00112 0.97 -7.441 3.464 CX13R005
3758.722 24.0 3.319 -3.08 "" ""
3758.727 106.00112 0.97 -6.751 3.464 CX13Q005
3758.766 106.00113 1.288 -4.008 3.464 AX31P245
3758.775 26.0 3.926 -2.39 "" ""
3758.776 106.00113 0.97 -7.377 3.464 CX13P015
3758.79 27.0 3.71 -2.56 "" ""
3758.793 23.0 1.866 -1.61 "" ""
3758.795 106.00113 0.518 -7.239 3.464 BX10Q175
3758.797 106.00113 1.288 -6.794 3.464 AX31Q235
3758.801 106.00112 1.279 -5.532 3.464 CX24Q035
3758.802 106.00113 0.97 -6.307 3.464 CX13Q015
3758.816 106.00113 1.031 -6.933 3.464 AX53P055
3758.82 106.00112 1.279 -7.781 3.464 CX24P035
3758.822 106.00113 1.57 -3.633 3.464 AX42R245
3758.847 106.00113 0.679 -6.544 3.464 CX02R025
3758.853 106.00113 0.518 -1.926 3.464 BX10R175
3758.873 106.00112 1.018 -7.126 3.464 AX31P195
3758.904 106.00112 1.542 -6.16 3.464 CX35R015
3758.922 23.0 1.891 -1.45 LAWNOHFS ""
3758.93 60.1 0.742 0.07 LAWLER ""
3758.952 106.00112 1.567 -4.573 3.464 CX35R045
3758.956 106.00113 1.288 -4.019 3.464 AX31P235
3758.97 62.1 0.543 -0.53 LAWLER ""
3758.982 106.00112 1.567 -7.088 3.464 CX35Q045
3758.99 66.1 1.22 -1.09 LAWLER ""
3759.01 64.1 0.0 -0.89 LAWLER ""
3759.027 25.0 4.255 -3.1 "" ""
3759.03 23.1 5.772 -2.42 "" ""
3759.064 26.0 2.829 -2.96 "" ""
3759.07 57.1139 0.244 -0.726 Lawle01HFS ""
3759.07 57.1139 0.244 -1.713 Lawle01HFS ""
3759.074 57.1139 0.244 -1.713 Lawle01HFS ""
3759.075 57.1139 0.244 -0.884 Lawle01HFS ""
3759.075 57.1139 0.244 -1.503 Lawle01HFS ""
3759.078 57.1139 0.244 -1.503 Lawle01HFS ""
3759.079 57.1139 0.244 -1.06 Lawle01HFS ""
3759.079 57.1139 0.244 -1.43 Lawle01HFS ""
3759.081 106.00113 1.55 -4.924 3.464 CX35R025
3759.082 57.1139 0.244 -1.43 Lawle01HFS ""
3759.083 57.1139 0.244 -1.259 Lawle01HFS ""
3759.083 57.1139 0.244 -1.427 Lawle01HFS ""
3759.084 21.0 2.567 -1.13 "" ""
3759.085 57.1139 0.244 -1.427 Lawle01HFS ""
3759.086 57.1139 0.244 -1.477 Lawle01HFS ""
3759.086 57.1139 0.244 -1.483 Lawle01HFS ""
3759.088 57.1139 0.244 -1.477 Lawle01HFS ""
3759.088 57.1139 0.244 -1.591 Lawle01HFS ""
3759.088 57.1139 0.244 -1.726 Lawle01HFS ""
3759.09 57.1139 0.244 -1.591 Lawle01HFS ""
3759.09 57.1139 0.244 -1.82 Lawle01HFS ""
3759.09 57.1139 0.244 -1.956 Lawle01HFS ""
3759.091 23.0 2.914 -1.86 "" ""
3759.091 57.1139 0.244 -1.82 Lawle01HFS ""
3759.091 57.1139 0.244 -1.967 Lawle01HFS ""
3759.146 106.00113 1.077 -4.712 3.464 AX53P075
3759.155 26.0 3.632 -0.97 "" ""
3759.164 106.00112 0.988 -8.498 3.464 CX13R025
3759.178 28.0 3.676 -3.27 "" ""
3759.179 106.00113 1.57 -3.887 3.464 AX42R235
3759.18 106.00112 0.988 -6.118 3.464 CX13Q025
3759.199 106.00113 1.077 -6.319 3.464 AX53Q075
3759.247 24.0 2.913 -2.15 "" ""
3759.262 90.0 1.005 -0.18 "" ""
3759.292 22.1 0.607 0.28 LAWLER ""
3759.3 106.00113 0.679 -8.885 3.464 CX02Q035
3759.317 106.00112 1.271 -5.686 3.464 CX24Q025
3759.32 23.0 2.581 -3.99 "" ""
3759.33 106.00112 1.271 -7.561 3.464 CX24P025
3759.353 106.00112 0.665 -7.85 3.464 CX02R015
3759.365 25.0 4.791 -1.02 "" ""
3759.384 106.00113 0.679 -6.404 3.464 CX02R035
3759.392 106.00113 1.077 -4.655 3.464 AX53P085
3759.461 106.00113 1.55 -6.949 3.464 CX35Q035
3759.464 26.1 4.734 -2.16 "" ""
3759.482 29.0 5.501 -1.38 "" ""
3759.491 23.0 1.217 -2.88 "" ""
3759.496 106.00113 1.078 -4.711 3.464 AX53P075
3759.501 106.00113 0.992 -6.917 3.464 AX42P135
3759.508 28.0 3.477 -2.35 "" ""
3759.511 106.00113 1.55 -4.72 3.464 CX35R035
3759.535 23.0 1.847 -3.81 "" ""
3759.55 106.00113 1.078 -6.333 3.464 AX53Q075
3759.553 41.0 0.049 -1.35 "" ""
3759.554 25.0 2.886 -3.58 "" ""
3759.581 26.0 3.428 -1.58 "" ""
3759.593 106.00113 0.835 -8.087 3.464 CX02P105
3759.605 27.0 3.527 -7.65 "" ""
3759.605 42.0 3.3 -0.57 "" ""
3759.663 106.00113 1.013 -7.126 3.464 AX31P195
3759.671 106.00113 0.835 -5.421 3.464 CX02Q095
3759.682 106.00112 0.988 -5.993 3.464 CX13Q035
3759.684 27.0 2.54 -1.37 LAWNHFS ""
3759.698 106.00112 0.988 -7.843 3.464 CX13P035
3759.71 24.0 3.011 -4.43 "" ""
3759.713 106.00113 1.078 -4.655 3.464 AX53P085
3759.74 73.0 0.0 -2.37 "" ""
3759.758 26.0 4.151 -2.46 "" ""
3759.765 106.00112 0.978 -8.317 3.464 CX13R015
3759.768 25.0 4.255 -1.44 "" ""
3759.771 23.0 1.852 -1.74 "" ""
3759.774 106.00112 1.265 -5.897 3.464 CX24Q015
3759.777 106.00112 0.978 -6.311 3.464 CX13Q015
3759.782 106.00112 1.265 -7.181 3.464 CX24P015
3759.785 42.0 2.494 -2.08 "" ""
3759.79 60.1 0.63 -0.45 LAWLER ""
3759.8 106.00113 0.835 -5.388 3.464 CX02Q105
3759.837 44.0 0.927 -0.5 "" ""
3759.878 106.00113 0.835 -8.899 3.464 CX02R095
3759.88 22.0 2.693 -2.4 "" ""
3759.892 106.00112 0.995 -6.876 3.464 AX42P135
3759.897 23.0 2.614 -1.02 "" ""
3759.904 25.0 5.108 -3.34 "" ""
3759.966 24.0 3.32 -3.94 "" ""
3759.979 64.0 0.0 -1.25 "" ""
3759.998 106.00112 0.27 -8.209 3.464 AX10R125
3760.015 44.0 0.385 -0.61 "" ""
3760.018 42.0 3.3 -1.17 "" ""
3760.031 23.0 2.676 -6.6 "" ""
3760.032 24.0 3.319 -2.88 "" ""
3760.05 26.0 2.402 -0.85 "" ""
3760.05 62.1 0.378 -0.94 LAWLER ""
3760.058 27.0 3.168 -4.17 "" ""
3760.123 74.0 0.412 -1.32 "" ""
3760.132 42.0 2.678 -1.52 "" ""
3760.139 106.00113 0.967 -6.752 3.464 CX13Q005
3760.192 73.0 1.209 -1.83 "" ""
3760.206 23.1051 1.686 -3.946 LAWLER ""
3760.211 23.1051 1.686 -2.732 LAWLER ""
3760.211 23.1051 1.686 -3.541 LAWLER ""
3760.215 23.1051 1.686 -2.527 LAWLER ""
3760.215 23.1051 1.686 -3.33 LAWLER ""
3760.217 23.1051 1.686 -1.803 LAWLER ""
3760.218 23.1051 1.686 -2.461 LAWLER ""
3760.218 23.1051 1.686 -3.221 LAWLER ""
3760.22 23.1051 1.686 -1.924 LAWLER ""
3760.221 23.1051 1.686 -2.465 LAWLER ""
3760.221 23.1051 1.686 -3.199 LAWLER ""
3760.223 23.1051 1.686 -2.06 LAWLER ""
3760.223 23.1051 1.686 -2.526 LAWLER ""
3760.224 23.1051 1.686 -3.309 LAWLER ""
3760.225 23.1051 1.686 -2.216 LAWLER ""
3760.225 23.1051 1.686 -2.648 LAWLER ""
3760.226 23.1051 1.686 -2.401 LAWLER ""
3760.226 23.1051 1.686 -2.831 LAWLER ""
3760.227 23.1051 1.686 -2.635 LAWLER ""
3760.227 23.1051 1.686 -2.977 LAWLER ""
3760.272 90.1 0.0 -2.45 "" ""
3760.279 106.00112 1.378 -4.797 3.464 AX42Q215
3760.284 24.0 3.011 -3.14 "" ""
3760.299 106.00112 1.378 -7.254 3.464 AX42R205
