wavelength species excitation loggf disassociation_energy comment
4514.637 607.01214 1.553 -1.596 7.724 0406Pa0195
4514.644 607.01214 1.602 -1.494 7.724 0406Pa0245
4514.657 22.0 2.486 -2.26 "" ""
4514.68 607.01214 1.562 -4.497 7.724 0406Qc0195
4514.68 607.01214 1.591 -4.558 7.724 0406Qc0225
4514.684 607.01214 1.553 -1.62 7.724 0406Pb0185
4514.697 25.1 5.369 -3.73 "" ""
4514.699 607.01214 1.602 -1.513 7.724 0406Pb0235
4514.707 607.01214 1.562 -1.574 7.724 0406Pa0205
4514.711 607.01214 1.591 -1.513 7.724 0406Pa0235
4514.714 607.01214 1.571 -4.519 7.724 0406Qc0205
4514.714 607.01214 1.581 -4.539 7.724 0406Qc0215
4514.742 607.01214 1.571 -1.553 7.724 0406Pa0215
4514.744 607.01214 1.581 -1.533 7.724 0406Pa0225
4514.756 607.01214 1.562 -1.596 7.724 0406Pb0195
4514.765 607.01214 1.591 -1.533 7.724 0406Pb0225
4514.777 607.01214 1.253 -1.99 7.724 0305Ra0095
4514.779 106.00112 1.848 -1.509 3.464 AX33P245
4514.793 607.01214 1.571 -1.574 7.724 0406Pb0205
4514.795 607.01314 1.018 -1.97 7.724 0204Ra0145
4514.795 607.01314 1.018 -1.999 7.724 0204Rb0135
4514.796 607.01214 1.581 -1.553 7.724 0406Pb0215
4514.814 607.01214 1.253 -2.033 7.724 0305Rb0085
4514.814 607.01314 1.018 -4.628 7.724 0204Qd0145
4514.827 607.01214 1.253 -4.305 7.724 0305Qd0095
4514.833 106.00112 1.848 -3.833 3.464 AX33Q235
4514.834 25.0 3.761 -6.74 "" ""
4514.838 607.01314 1.406 -4.765 7.724 0305Qc0295
4514.878 607.01314 1.406 -1.488 7.724 0305Pa0305
4514.93 607.01314 1.236 -4.332 7.724 0305Qc0105
4514.946 607.01314 1.406 -1.503 7.724 0305Pb0295
4514.947 607.01314 1.236 -1.925 7.724 0305Pa0115
4514.959 106.00112 1.848 -1.512 3.464 AX33P235
4514.962 25.0 5.13 -3.62 "" ""
4514.974 607.01314 1.236 -1.965 7.724 0305Pb0105
4515.02 42.0 3.161 -1.29 "" ""
4515.04 66.1 2.01 0.0 LAWLER ""
4515.047 106.00112 1.222 -4.565 3.464 AX11P225
4515.061 106.00112 0.681 -4.676 3.464 BX12P035
4515.077 106.00112 0.681 -2.664 3.464 BX12Q035
4515.091 607.01214 0.996 -2.18 7.724 0002Ra0465
4515.1 62.1 0.188 -0.87 LAWLER ""
4515.111 25.1 5.811 -4.55 "" ""
4515.118 90.0 0.0 -1.99 "" ""
4515.159 607.01314 1.394 -4.751 7.724 0305Qc0285
4515.162 70.1 3.315 -0.46 "" ""
4515.165 26.0 2.873 -3.23 "" ""
4515.169 42.0 2.513 -1.27 "" ""
4515.176 106.00112 1.071 -4.299 3.464 BX10P255
4515.176 607.01214 0.996 -2.19 7.724 0002Rb0455
4515.178 112.00124 0.239 -5.659 1.340 31P209b24
4515.188 26.1 2.542 -5.95 "" ""
4515.198 607.01314 1.394 -1.503 7.724 0305Pa0295
4515.204 112.00124 0.11 -4.82 1.340 20P212b24
4515.242 607.01214 0.996 -5.802 7.724 0002Qd0465
4515.243 607.01314 1.241 -4.37 7.724 0305Qc0115
4515.251 106.00112 1.071 -0.416 3.464 BX10Q245
4515.26 607.01314 1.241 -1.888 7.724 0305Pa0125
4515.265 607.01314 1.394 -1.519 7.724 0305Pb0285
4515.278 92.1 0.036 -1.67 "" ""
4515.284 106.00113 0.692 -2.665 3.464 BX12Q035
4515.289 106.00112 1.071 -0.004 3.464 BX10Q255
4515.292 607.01314 1.241 -1.925 7.724 0305Pb0115
4515.299 112.00124 0.198 -4.135 1.340 31P205b24
4515.304 106.00113 0.692 -4.967 3.464 BX12R035
4515.32 106.00112 1.581 -2.54 3.464 AX55P045
4515.339 26.1 2.844 -2.6 MELBAR ""
4515.363 106.00112 1.071 -3.566 3.464 BX10R245
4515.371 22.0 3.184 -4.01 "" ""
4515.43 24.0 3.008 -1.22 "" ""
4515.446 607.01314 1.381 -4.736 7.724 0305Qc0275
4515.46 106.00112 1.581 -3.351 3.464 AX55Q045
4515.477 607.01214 2.821 -2.898 7.724 1012Qc0005
4515.484 106.00112 1.657 -3.688 3.464 AX44Q155
4515.484 607.01314 1.381 -1.519 7.724 0305Pa0285
4515.511 106.00112 1.657 -1.714 3.464 AX44P165
4515.515 24.1 5.666 -4.27 "" ""
4515.519 106.00112 1.581 -2.539 3.464 AX55P045
4515.519 607.01214 2.821 -2.597 7.724 1012Pa0015
4515.521 607.01314 1.247 -4.404 7.724 0305Qc0125
4515.527 27.0 4.11 -3.79 "" ""
4515.534 106.00112 1.657 -1.732 3.464 AX44P155
4515.537 607.01314 1.247 -1.854 7.724 0305Pa0135
4515.548 23.0 1.891 -1.39 LAWNOHFS ""
4515.549 607.01314 1.381 -1.535 7.724 0305Pb0275
4515.554 26.0 4.555 -2.7 "" ""
4515.567 112.00124 0.11 -6.572 1.340 20Q212b24
4515.572 607.01314 1.247 -1.888 7.724 0305Pb0125
4515.609 26.1 6.221 -2.74 "" ""
4515.618 26.0 4.604 -1.81 "" ""
4515.629 22.0 2.115 -1.64 "" ""
4515.632 112.00124 0.11 -4.773 1.340 20P112b24
4515.659 106.00112 1.581 -3.36 3.464 AX55Q045
4515.666 106.00112 0.994 -4.572 3.464 AX00P235
4515.67 23.0 2.581 -5.69 "" ""
4515.698 607.01314 1.369 -4.72 7.724 0305Qc0265
4515.708 20.0 4.776 -1.79 "" ""
4515.734 607.01314 1.369 -1.535 7.724 0305Pa0275
4515.744 112.00124 0.239 -7.089 1.340 31Q209b24
4515.764 607.01314 1.253 -4.437 7.724 0305Qc0135
4515.781 607.01314 1.253 -1.822 7.724 0305Pa0145
4515.784 24.1 6.479 -1.57 "" ""
4515.792 112.00124 0.239 -5.59 1.340 31P109b24
4515.798 607.01314 1.369 -1.552 7.724 0305Pb0265
4515.814 607.01314 1.253 -1.854 7.724 0305Pb0135
4515.841 21.0 2.562 -1.88 "" ""
4515.844 106.00112 1.916 -1.928 3.464 AX55R165
4515.848 58.1 1.057 -0.24 BIEMONT ""
4515.85 106.00113 0.692 -4.823 3.464 BX12P045
4515.861 106.00112 1.581 -2.437 3.464 AX55P055
4515.866 74.0 2.965 -0.73 "" ""
4515.87 106.00113 0.692 -2.565 3.464 BX12Q045
4515.878 106.00112 0.665 -2.873 3.464 BX12P015
4515.882 607.01214 1.249 -2.034 7.724 0305Ra0085
4515.886 106.00112 1.916 -1.904 3.464 AX55R155
4515.908 106.00112 1.916 -3.85 3.464 AX55Q165
4515.915 607.01314 1.358 -4.704 7.724 0305Qc0255
4515.917 607.01214 1.249 -2.082 7.724 0305Rb0075
4515.928 607.01214 1.249 -4.259 7.724 0305Qd0085
4515.95 607.01314 1.358 -1.552 7.724 0305Pa0265
4515.971 607.01314 1.259 -4.467 7.724 0305Qc0145
4515.98 25.1 6.663 -4.7 "" ""
4515.981 607.01214 1.117 -1.788 7.724 0204Ra0235
4515.991 607.01314 1.259 -1.792 7.724 0305Pa0155
4516.008 24.1 5.666 -3.3 "" ""
4516.012 607.01314 1.358 -1.569 7.724 0305Pb0255
4516.031 106.00112 1.581 -2.437 3.464 AX55P055
4516.033 607.01214 1.117 -1.806 7.724 0204Rb0225
4516.033 607.01314 1.259 -1.822 7.724 0305Pb0145
4516.044 26.1 6.204 -3.9 "" ""
4516.052 106.00113 1.063 -4.516 3.464 AX00P245
4516.055 607.01314 1.012 -1.999 7.724 0204Ra0135
4516.059 607.01314 1.012 -2.029 7.724 0204Rb0125
4516.066 607.01214 1.117 -4.845 7.724 0204Qd0235
4516.075 26.0 3.249 -5.01 "" ""
4516.077 607.01314 1.012 -4.599 7.724 0204Qd0135
4516.096 607.01314 1.347 -4.687 7.724 0305Qc0245
4516.116 607.01214 2.822 -3.296 7.724 1012Qc0015
4516.13 607.01314 1.347 -1.569 7.724 0305Pa0255
4516.143 607.01314 1.266 -4.495 7.724 0305Qc0155
4516.165 607.01314 1.266 -1.765 7.724 0305Pa0165
4516.177 607.01214 2.822 -2.341 7.724 1012Pa0025
4516.191 607.01314 1.347 -1.587 7.724 0305Pb0245
4516.192 607.01214 1.035 -1.864 7.724 0103Ra0355
4516.206 607.01214 2.822 -2.597 7.724 1012Pb0015
4516.206 607.01314 1.266 -1.792 7.724 0305Pb0155
4516.243 607.01314 1.336 -4.67 7.724 0305Qc0235
4516.247 607.01314 0.911 -1.941 7.724 0103Ra0285
4516.268 607.01214 1.035 -1.876 7.724 0103Rb0345
4516.272 26.0 3.6 -2.76 "" ""
4516.275 607.01314 1.336 -1.587 7.724 0305Pa0245
4516.279 607.01314 1.273 -4.521 7.724 0305Qc0165
4516.302 607.01314 1.273 -1.738 7.724 0305Pa0175
4516.304 25.0 3.761 -7.33 "" ""
4516.306 607.01314 0.911 -1.956 7.724 0103Rb0275
4516.318 607.01214 1.035 -5.263 7.724 0103Qd0355
4516.334 607.01314 1.336 -1.606 7.724 0305Pb0235
4516.345 607.01314 0.911 -5.158 7.724 0103Qd0285
4516.346 607.01314 1.273 -1.765 7.724 0305Pb0165
4516.35 60.1 0.32 -0.77 LAWLER ""
4516.354 607.01314 1.326 -4.651 7.724 0305Qc0225
4516.38 607.01314 1.281 -4.546 7.724 0305Qc0175
4516.385 607.01314 1.326 -1.606 7.724 0305Pa0235
4516.404 607.01314 1.281 -1.714 7.724 0305Pa0185
4516.43 607.01314 1.316 -4.632 7.724 0305Qc0215
4516.442 607.01314 1.326 -1.626 7.724 0305Pb0225
4516.445 607.01314 1.289 -4.569 7.724 0305Qc0185
4516.45 26.0 3.651 -2.05 "" ""
4516.45 607.01314 1.281 -1.738 7.724 0305Pb0175
4516.459 607.01314 1.316 -1.626 7.724 0305Pa0225
4516.462 106.00113 2.033 -1.421 3.464 AX44Q235
4516.47 607.01314 1.307 -4.612 7.724 0305Qc0205
4516.471 607.01314 1.289 -1.69 7.724 0305Pa0195
4516.475 607.01314 1.298 -4.591 7.724 0305Qc0195
4516.499 607.01314 1.307 -1.646 7.724 0305Pa0215
4516.503 607.01314 1.298 -1.668 7.724 0305Pa0205
4516.504 24.1 6.482 -2.9 "" ""
4516.514 607.01314 1.316 -1.646 7.724 0305Pb0215
4516.519 106.00113 2.033 -4.042 3.464 AX44R225
4516.52 607.01314 1.289 -1.714 7.724 0305Pb0185
4516.551 607.01314 1.307 -1.668 7.724 0305Pb0205
4516.553 607.01314 1.298 -1.69 7.724 0305Pb0195
4516.577 106.00113 2.033 -3.912 3.464 AX44P235
4516.61 75.0 3.575 0.68 "" ""
4516.633 106.00113 2.033 -1.39 3.464 AX44Q225
4516.633 27.1 3.457 -2.56 "" ""
4516.669 607.01314 0.852 -2.225 7.724 0002Ra0405
4516.692 24.0 3.077 -4.35 "" ""
4516.721 26.0 4.47 -4.0 "" ""
4516.723 92.0 0.077 -1.28 "" ""
4516.744 607.01314 0.852 -2.236 7.724 0002Rb0395
4516.749 607.01214 2.823 -3.488 7.724 1012Qc0025
4516.801 607.01314 0.852 -5.734 7.724 0002Qd0405
4516.808 23.1 6.291 -3.84 "" ""
4516.82 26.0 4.253 -3.5 "" ""
4516.83 607.01214 2.823 -2.186 7.724 1012Pa0035
4516.887 607.01214 2.823 -2.341 7.724 1012Pb0025
4516.892 44.0 1.418 -1.1 "" ""
4516.924 106.00112 0.896 -2.501 3.464 BX01P175
4516.943 106.00113 2.041 -7.312 3.464 AX23R275
4516.949 66.0 1.446 -0.14 "" ""
4516.952 607.01214 1.245 -2.082 7.724 0305Ra0075
4516.983 607.01214 1.245 -2.136 7.724 0305Rb0065
4516.993 607.01214 1.245 -4.208 7.724 0305Qd0075
4517.006 106.00112 0.896 -7.111 3.464 BX01Q175
4517.008 27.0 4.107 -3.77 "" ""
4517.09 27.0 3.126 -0.8 "" ""
4517.104 27.0 4.146 -2.65 "" ""
4517.121 106.00112 0.896 -2.454 3.464 BX01P185
4517.121 42.0 2.274 -0.79 "" ""
4517.193 106.00113 1.9 -3.826 3.464 AX33Q245
4517.193 22.0 3.332 -3.23 "" ""
4517.222 106.00112 1.069 -4.516 3.464 AX00P245
4517.226 106.00113 1.9 -1.51 3.464 AX33P245
4517.232 106.00113 1.9 -1.509 3.464 AX33P255
4517.25 106.00112 1.694 -1.686 3.464 AX55Q095
4517.258 106.00112 1.694 -3.542 3.464 AX55R095
4517.268 22.0 2.486 -4.36 "" ""
4517.27 62.1 0.932 -1.37 LAWLER ""
4517.274 607.01314 1.006 -2.03 7.724 0204Ra0125
4517.287 607.01314 1.006 -2.063 7.724 0204Rb0115
4517.304 607.01314 1.006 -4.567 7.724 0204Qd0125
4517.315 24.0 2.542 -6.14 "" ""
4517.349 23.1 3.8 -2.0 "" ""
4517.349 27.0 3.968 -2.3 "" ""
4517.355 74.0 2.265 -0.86 "" ""
4517.377 607.01214 2.825 -3.619 7.724 1012Qc0035
4517.403 42.0 1.334 -2.18 "" ""
4517.408 25.1 6.387 -3.55 "" ""
4517.42 20.0 4.677 -3.75 "" ""
4517.442 106.00112 1.694 -3.565 3.464 AX55P105
4517.45 106.00112 1.694 -1.656 3.464 AX55Q105
4517.483 607.01214 2.825 -2.073 7.724 1012Pa0045
4517.496 25.1 5.393 -4.16 "" ""
4517.524 26.0 3.069 -1.84 "" ""
4517.546 26.0 4.581 -3.68 "" ""
4517.554 607.01214 2.825 -2.186 7.724 1012Pb0035
4517.557 106.00113 1.286 -4.513 3.464 AX11P235
4517.58 59.1 0.055 -1.03 LINOHFS ""
4517.599 26.0 3.957 -2.19 "" ""
4517.614 42.0 3.736 -1.14 "" ""
4517.626 112.00124 0.128 -4.774 1.340 20P213b24
4517.628 112.00124 0.253 -5.571 1.340 31P210b24
4517.645 607.01214 1.107 -1.806 7.724 0204Ra0225
4517.667 112.00124 0.04 -6.134 1.340 20P207b24
4517.695 607.01214 1.107 -1.825 7.724 0204Rb0215
4517.71 22.0 1.429 -4.33 "" ""
4517.717 25.1 6.18 -3.54 "" ""
4517.727 607.01214 1.107 -4.827 7.724 0204Qd0225
4517.766 607.01214 0.975 -2.19 7.724 0002Ra0455
4517.767 106.00112 0.694 -2.665 3.464 BX12Q035
4517.787 106.00112 0.694 -4.967 3.464 BX12R035
4517.815 44.0 1.122 -1.21 "" ""
4517.84 28.0 3.541 -2.95 "" ""
4517.849 607.01214 0.975 -2.2 7.724 0002Rb0445
4517.874 27.0 4.144 -3.3 "" ""
4517.885 106.00113 1.612 -6.722 3.464 CX15Q065
4517.915 607.01214 0.975 -5.794 7.724 0002Qd0455
4517.923 27.0 4.055 -1.79 "" ""
4517.946 106.00113 1.371 -4.482 3.464 AX22P205
4517.951 106.00112 1.694 -1.686 3.464 AX55Q095
4517.957 112.00124 0.128 -6.602 1.340 20Q213b24
4517.958 106.00112 1.694 -3.555 3.464 AX55R095
4517.971 106.00113 1.612 -9.786 3.464 CX15P075
4517.985 607.01214 1.242 -2.136 7.724 0305Ra0065
4518.001 607.01214 2.827 -3.718 7.724 1012Qc0045
4518.002 106.00113 2.003 -1.977 3.464 AX55R175
4518.01 106.00112 2.111 -5.125 3.464 AX55R205
4518.013 607.01214 1.242 -2.199 7.724 0305Rb0055
4518.018 58.0 0.0 -0.85 "" ""
4518.022 22.0 0.825 -0.25 LAWLER ""
4518.022 607.01214 1.242 -4.149 7.724 0305Qd0065
4518.023 106.00113 2.003 -2.029 3.464 AX55R185
4518.026 24.0 2.542 -4.49 "" ""
4518.027 112.00124 0.128 -4.731 1.340 20P113b24
4518.045 22.0 2.254 -2.0 "" ""
4518.071 607.01314 0.899 -1.956 7.724 0103Ra0275
4518.072 106.00113 2.003 -4.023 3.464 AX55Q185
4518.081 106.00113 1.612 -9.487 3.464 CX15R065
4518.089 106.00112 1.694 -3.554 3.464 AX55P105
4518.096 106.00112 1.694 -1.656 3.464 AX55Q105
4518.098 27.1 5.171 -3.83 "" ""
4518.118 106.00113 0.669 -2.863 3.464 BX12P015
4518.125 106.00113 0.669 -5.67 3.464 BX12Q015
4518.128 607.01314 0.899 -1.972 7.724 0103Rb0265
4518.13 607.01214 3.224 -1.242 7.724 1113Rb0295
4518.134 607.01214 2.827 -1.984 7.724 1012Pa0055
4518.136 112.00124 0.253 -7.105 1.340 31Q210b24
4518.166 607.01314 0.899 -5.144 7.724 0103Qd0275
4518.168 106.00113 1.612 -6.669 3.464 CX15Q075
4518.169 20.0 4.677 -2.91 "" ""
4518.189 112.00124 0.253 -5.511 1.340 31P110b24
4518.208 607.01214 2.827 -2.073 7.724 1012Pb0045
4518.239 23.1 5.835 -2.89 "" ""
4518.241 607.01214 3.224 -4.508 7.724 1113Qd0305
4518.285 106.00112 1.64 -9.523 3.464 CX15R075
4518.294 72.0 2.002 -0.92 "" ""
4518.331 24.1 6.479 -3.49 "" ""
4518.332 22.1 1.079 -2.56 LAWLER ""
4518.336 26.0 4.545 -3.96 "" ""
4518.337 106.00112 0.694 -4.822 3.464 BX12P045
4518.343 106.00112 1.64 -6.667 3.464 CX15Q075
4518.357 106.00112 0.694 -2.564 3.464 BX12Q045
4518.373 607.01214 1.019 -1.876 7.724 0103Ra0345
4518.397 23.1 3.796 -2.52 "" ""
4518.398 106.00113 1.753 -1.635 3.464 AX55Q115
4518.408 106.00113 1.753 -3.658 3.464 AX55R115
4518.43 42.0 2.497 -1.7 "" ""
4518.431 26.0 3.234 -3.2 "" ""
4518.447 607.01214 1.019 -1.889 7.724 0103Rb0335
4518.457 607.01314 1.001 -2.063 7.724 0204Ra0115
4518.478 607.01314 1.001 -2.099 7.724 0204Rb0105
4518.496 607.01214 1.019 -5.251 7.724 0103Qd0345
4518.496 607.01314 1.001 -4.532 7.724 0204Qd0115
4518.507 66.1 2.73 0.29 "" ""
4518.521 106.00113 0.87 -2.566 3.464 BX12R105
4518.533 106.00112 1.641 -6.623 3.464 CX15Q085
4518.537 106.00113 1.753 -3.662 3.464 AX55P125
4518.547 106.00113 1.753 -1.617 3.464 AX55Q125
4518.556 71.0 0.0 -0.55 "" ""
4518.578 26.0 2.221 -3.94 "" ""
4518.582 24.0 2.543 -3.06 "" ""
4518.591 106.00112 1.641 -9.905 3.464 CX15P085
4518.615 23.1 3.75 -4.67 "" ""
4518.622 607.01214 2.829 -3.799 7.724 1012Qc0055
4518.638 90.1 2.202 -0.94 "" ""
4518.641 24.0 2.965 -2.67 "" ""
4518.656 68.0 0.0 -2.06 "" ""
4518.657 42.0 3.031 -1.9 "" ""
4518.689 22.0 1.429 -1.04 LAWLER ""
4518.729 106.00113 0.87 -6.68 3.464 BX12Q115
4518.779 607.01214 3.212 -1.256 7.724 1113Rb0285
4518.783 607.01214 2.829 -1.91 7.724 1012Pa0065
4518.785 106.00113 0.87 -2.53 3.464 BX12R115
4518.801 106.00112 1.292 -4.513 3.464 AX11P235
4518.811 24.1 5.867 -2.91 "" ""
4518.811 26.0 3.981 -3.26 "" ""
4518.844 21.0 3.081 -2.7 "" ""
4518.849 607.01214 2.829 -1.984 7.724 1012Pb0055
4518.858 27.0 4.061 -3.39 "" ""
4518.86 607.01214 3.212 -1.242 7.724 1113Ra0295
4518.886 607.01214 3.212 -4.494 7.724 1113Qd0295
4518.893 76.0 2.367 -1.38 "" ""
4518.911 106.00112 1.324 -11.121 3.464 CX04R065
4518.913 25.0 5.345 -3.4 "" ""
4518.956 25.1 6.64 -1.33 "" ""
4518.982 607.01214 1.239 -2.199 7.724 0305Ra0055
4518.99 22.0 2.66 -4.0 "" ""
4518.994 106.00112 1.508 -6.461 3.464 AX12R235
4518.997 607.01314 0.835 -2.237 7.724 0002Ra0395
4519.007 607.01214 1.239 -2.272 7.724 0305Rb0045
4519.014 607.01214 1.239 -4.082 7.724 0305Qd0055
4519.035 106.00113 1.425 -4.434 3.464 AX33P165
4519.062 106.00112 1.542 -8.732 3.464 CX15R015
4519.071 607.01314 0.835 -2.248 7.724 0002Rb0385
4519.086 24.0 3.854 -4.18 "" ""
4519.099 25.1 7.376 -3.27 "" ""
4519.126 607.01314 0.835 -5.724 7.724 0002Qd0395
4519.156 74.0 2.971 -0.61 "" ""
4519.162 25.1 5.516 -6.33 "" ""
4519.239 607.01214 2.832 -3.867 7.724 1012Qc0065
4519.24 25.1 5.394 -2.57 "" ""
4519.244 106.00113 1.614 -2.29 3.464 AX55P065
4519.259 90.0 0.457 -1.8 "" ""
4519.261 106.00113 1.501 -6.461 3.464 AX12R235
4519.269 106.00112 1.376 -4.482 3.464 AX22P205
4519.272 607.01214 1.097 -1.825 7.724 0204Ra0215
4519.275 27.0 3.71 -0.93 "" ""
4519.282 106.00112 1.611 -12.21 3.464 CX04R145
4519.283 106.00113 0.67 -2.851 3.464 BX12P025
4519.291 25.1 6.181 -4.59 "" ""
4519.321 607.01214 1.097 -1.845 7.724 0204Rb0205
4519.338 27.0 3.295 -3.37 "" ""
4519.344 106.00113 1.614 -3.45 3.464 AX55Q065
4519.351 607.01214 1.097 -4.808 7.724 0204Qd0215
4519.354 106.00113 1.753 -1.635 3.464 AX55Q115
4519.362 106.00113 1.753 -3.673 3.464 AX55R115
4519.4 106.00112 1.611 -7.411 3.464 CX04Q145
4519.409 106.00112 1.611 -7.423 3.464 CX04Q155
4519.426 607.01214 2.832 -1.847 7.724 1012Pa0075
4519.427 106.00113 1.754 -3.648 3.464 AX55P125
4519.435 607.01214 3.2 -1.271 7.724 1113Rb0275
4519.436 106.00113 1.754 -1.617 3.464 AX55Q125
4519.479 607.01214 2.832 -1.91 7.724 1012Pb0065
4519.485 23.1 5.836 -2.94 "" ""
4519.506 607.01214 3.2 -1.256 7.724 1113Ra0285
4519.528 106.00112 1.611 -10.338 3.464 CX04P155
4519.538 607.01214 3.2 -4.48 7.724 1113Qd0285
4519.575 106.00113 0.708 -2.565 3.464 BX12Q045
4519.589 69.0 2.074 0.32 "" ""
4519.594 58.1 1.347 -0.37 "" ""
4519.6 106.00113 0.708 -5.036 3.464 BX12R045
4519.606 106.00113 1.614 -2.29 3.464 AX55P065
4519.609 607.01314 0.996 -2.099 7.724 0204Ra0105
4519.616 106.00113 1.614 -2.227 3.464 AX55P075
4519.63 62.1 0.543 -0.35 LAWLER ""
4519.637 607.01314 0.996 -2.138 7.724 0204Rb0095
4519.651 607.01314 0.996 -4.494 7.724 0204Qd0105
4519.654 64.0 0.027 -0.24 "" ""
4519.706 106.00113 1.614 -3.462 3.464 AX55Q065
4519.733 90.1 1.598 -1.54 "" ""
4519.735 75.0 3.575 0.17 "" ""
4519.757 106.00112 1.555 -7.491 3.464 CX15R025
4519.8 22.0 3.106 -0.75 "" ""
4519.83 24.0 3.011 -1.92 "" ""
4519.831 21.1 6.903 -1.07 "" ""
4519.854 607.01214 2.835 -3.925 7.724 1012Qc0075
4519.859 607.01314 0.887 -1.972 7.724 0103Ra0265
4519.865 23.1 5.826 -3.12 "" ""
4519.882 106.00113 2.004 -2.029 3.464 AX55R185
4519.884 112.00124 0.206 -4.638 1.340 31P206b24
4519.903 106.00113 1.968 -8.267 3.464 AX23R265
4519.914 607.01314 0.887 -1.988 7.724 0103Rb0255
4519.928 106.00113 2.004 -3.993 3.464 AX55Q185
4519.938 106.00113 1.614 -2.227 3.464 AX55P075
4519.943 607.01214 1.237 -2.272 7.724 0305Ra0045
4519.951 607.01314 0.887 -5.129 7.724 0103Qd0265
4519.953 106.00113 2.004 -1.977 3.464 AX55R175
4519.964 607.01214 1.237 -2.36 7.724 0305Rb0035
4519.97 607.01214 1.237 -4.001 7.724 0305Qd0045
4519.983 28.0 1.675 -3.08 LAWLER ""
4520.017 25.0 5.108 -2.2 "" ""
4520.02 106.00113 0.708 -4.936 3.464 BX12P055
4520.046 106.00113 0.708 -2.484 3.464 BX12Q055
4520.064 106.00113 1.065 -4.586 3.464 AX00P245
4520.064 607.01214 2.835 -1.792 7.724 1012Pa0085
4520.072 64.1 1.317 -0.95 "" ""
4520.096 112.00124 0.267 -5.504 1.340 31P211b24
4520.096 607.01214 3.189 -1.286 7.724 1113Rb0265
4520.098 607.01214 2.835 -1.847 7.724 1012Pb0075
4520.107 112.00124 0.147 -4.735 1.340 20P214b24
4520.155 106.00112 1.962 -10.788 3.464 CX15Q165
4520.157 106.00113 1.698 -3.695 3.464 AX44Q165
4520.159 607.01214 3.189 -1.271 7.724 1113Ra0275
4520.166 106.00112 1.962 -9.281 3.464 CX15P175
4520.17 23.0 1.08 -2.02 "" ""
4520.196 607.01214 3.189 -4.464 7.724 1113Qd0275
4520.21 106.00113 1.698 -1.713 3.464 AX44P165
4520.224 26.1 2.807 -2.65 MELBAR ""
4520.235 106.00112 2.112 -5.069 3.464 AX55R205
4520.244 26.0 3.069 -2.5 "" ""
4520.257 106.00113 1.698 -1.698 3.464 AX44P175
4520.267 106.00112 1.962 -8.277 3.464 CX15P165
4520.315 76.0 2.367 -1.38 "" ""
4520.335 23.0 2.503 -5.46 "" ""
4520.355 22.0 3.196 -3.33 "" ""
4520.358 22.1 1.115 -5.08 "" ""
4520.368 106.00112 1.556 -7.287 3.464 CX15R035
4520.382 23.0 1.063 -3.22 "" ""
4520.384 112.00124 0.147 -6.633 1.340 20Q214b24
4520.398 106.00112 1.556 -9.585 3.464 CX15Q035
4520.404 58.1 0.976 -1.44 LAWLER ""
4520.405 607.01214 0.955 -2.2 7.724 0002Ra0445
4520.459 112.00124 0.147 -4.696 1.340 20P114b24
4520.466 607.01214 2.839 -3.977 7.724 1012Qc0085
4520.487 607.01214 0.955 -2.21 7.724 0002Rb0435
4520.517 607.01214 1.004 -1.889 7.724 0103Ra0335
4520.551 607.01214 0.955 -5.786 7.724 0002Qd0445
4520.552 112.00124 0.267 -7.13 1.340 31Q211b24
4520.579 27.0 4.061 -3.48 "" ""
4520.59 607.01214 1.004 -1.902 7.724 0103Rb0325
4520.602 106.00112 0.671 -2.862 3.464 BX12P015
4520.606 106.00113 1.541 -7.8 3.464 CX15R015
4520.609 106.00112 0.671 -5.67 3.464 BX12Q015
4520.61 112.00124 0.268 -5.452 1.340 31P111b24
4520.637 607.01214 1.004 -5.24 7.724 0103Qd0335
4520.662 27.0 4.146 -3.58 "" ""
4520.692 607.01214 2.839 -1.743 7.724 1012Pa0095
4520.708 607.01214 2.839 -1.792 7.724 1012Pb0085
4520.715 22.0 3.303 -3.6 "" ""
4520.727 607.01314 0.992 -2.138 7.724 0204Ra0095
4520.734 106.00113 1.372 -4.542 3.464 AX22P205
4520.742 20.0 4.677 -2.02 "" ""
4520.747 26.0 4.581 -2.87 "" ""
4520.758 607.01314 0.992 -2.182 7.724 0204Rb0085
4520.764 607.01214 3.178 -1.302 7.724 1113Rb0255
4520.77 607.01314 0.992 -4.453 7.724 0204Qd0095
4520.799 25.0 4.191 -2.19 "" ""
4520.818 607.01214 3.178 -1.286 7.724 1113Ra0265
4520.857 21.0 1.849 -2.32 "" ""
4520.86 607.01214 3.178 -4.449 7.724 1113Qd0265
4520.863 607.01214 1.087 -1.845 7.724 0204Ra0205
4520.867 607.01214 1.235 -2.36 7.724 0305Ra0035
4520.877 24.0 3.875 -3.06 "" ""
4520.884 607.01214 1.235 -2.473 7.724 0305Rb0025
4520.888 78.0 4.679 0.16 "" ""
4520.889 607.01214 1.235 -3.902 7.724 0305Qd0035
4520.91 607.01214 1.087 -1.865 7.724 0204Rb0195
4520.939 607.01214 1.087 -4.788 7.724 0204Qd0205
4520.949 44.0 1.124 -1.51 "" ""
4521.041 24.0 4.093 -2.25 "" ""
4521.074 607.01214 2.843 -4.023 7.724 1012Qc0095
4521.084 73.0 0.696 -1.98 "" ""
4521.106 106.00113 1.039 -5.386 3.464 BX12R155
4521.127 24.0 4.183 -1.69 "" ""
4521.169 106.00113 1.142 -4.527 3.464 AX00P255
4521.187 106.00113 1.288 -4.58 3.464 AX11P235
4521.187 106.00113 1.426 -4.483 3.464 AX33P165
4521.194 90.0 0.355 -1.4 "" ""
4521.197 106.00112 1.431 -4.433 3.464 AX33P165
4521.243 106.00113 1.909 -8.279 3.464 CX15P165
4521.243 22.0 3.321 -3.72 "" ""
4521.249 20.0 6.03 -3.37 "" ""
4521.25 106.00113 1.909 -7.878 3.464 CX15P155
4521.256 106.00112 0.873 -2.565 3.464 BX12R105
4521.283 106.00112 1.071 -4.586 3.464 AX00P245
4521.29 607.01314 0.818 -2.248 7.724 0002Ra0385
4521.29 64.1 0.556 -1.49 LAWLER ""
4521.296 20.0 6.03 -2.87 "" ""
4521.311 607.01214 2.843 -1.699 7.724 1012Pa0105
4521.311 607.01214 2.843 -1.743 7.724 1012Pb0095
4521.322 106.00113 1.39 -11.355 3.464 CX04Q095
4521.322 28.0 4.232 -0.95 "" ""
4521.362 607.01314 0.818 -2.259 7.724 0002Rb0375
4521.364 106.00112 1.567 -4.451 3.464 AX55P035
4521.415 106.00113 1.39 -8.801 3.464 CX04R085
4521.416 607.01314 0.818 -5.714 7.724 0002Qd0385
4521.437 607.01214 3.167 -1.319 7.724 1113Rb0245
4521.466 106.00112 0.873 -6.68 3.464 BX12Q115
4521.466 22.0 2.675 -3.91 "" ""
4521.483 106.00113 1.903 -1.509 3.464 AX33P255
4521.483 607.01214 3.167 -1.302 7.724 1113Ra0255
4521.492 20.0 4.677 -3.67 "" ""
4521.497 106.00112 1.567 -4.463 3.464 AX55P035
4521.503 106.00113 1.542 -9.359 3.464 CX15Q025
4521.521 106.00112 0.873 -2.53 3.464 BX12R115
4521.53 607.01214 3.167 -4.432 7.724 1113Qd0255
4521.549 42.0 3.165 -1.66 "" ""
4521.575 106.00113 1.903 -3.866 3.464 AX33Q245
4521.592 106.00113 1.542 -7.481 3.464 CX15R025
4521.611 607.01314 0.876 -1.988 7.724 0103Ra0255
4521.621 106.00113 1.39 -8.727 3.464 CX04R095
4521.639 26.0 3.271 -3.66 "" ""
4521.642 27.0 4.11 -2.85 "" ""
4521.665 607.01314 0.876 -2.005 7.724 0103Rb0245
4521.677 106.00113 1.577 -4.339 3.464 AX55P045
4521.678 607.01214 2.848 -4.065 7.724 1012Qc0105
4521.7 607.01314 0.876 -5.113 7.724 0103Qd0255
4521.707 106.00113 1.909 -10.752 3.464 CX15Q155
4521.707 25.1 5.563 -5.25 "" ""
4521.754 607.01214 1.234 -2.473 7.724 0305Ra0025
4521.768 607.01214 1.234 -2.627 7.724 0305Rb0015
4521.772 607.01214 1.234 -3.772 7.724 0305Qd0025
4521.775 106.00112 0.672 -2.851 3.464 BX12P025
4521.786 106.00113 2.102 -5.313 3.464 AX01R345
4521.8 607.01314 0.988 -2.182 7.724 0204Ra0085
4521.822 25.0 4.602 -2.72 "" ""
4521.828 106.00113 1.903 -1.51 3.464 AX33P245
4521.842 607.01314 0.988 -2.23 7.724 0204Rb0075
4521.848 24.0 3.432 -3.46 "" ""
4521.853 607.01314 0.988 -4.407 7.724 0204Qd0085
4521.864 28.0 3.737 -2.21 "" ""
4521.872 24.0 3.842 -3.82 "" ""
4521.873 106.00113 1.577 -4.353 3.464 AX55P045
4521.902 28.0 3.539 -3.81 "" ""
4521.903 607.01214 2.848 -1.699 7.724 1012Pb0105
4521.921 607.01214 2.848 -1.659 7.724 1012Pa0115
4521.922 21.0 1.942 -3.68 "" ""
4521.948 22.0 3.291 -4.21 "" ""
4521.951 64.1 2.314 0.1 "" ""
4521.954 58.0 0.384 -0.42 "" ""
4521.975 20.0 6.031 -3.93 "" ""
4522.015 106.00113 1.699 -3.724 3.464 AX44Q165
4522.018 24.0 3.09 -1.16 "" ""
4522.023 106.00113 1.699 -1.698 3.464 AX44P175
4522.027 39.0 2.036 -0.49 "" ""
4522.064 106.00113 1.699 -1.713 3.464 AX44P165
4522.079 58.1 0.875 -1.49 "" ""
4522.103 106.00112 0.71 -2.565 3.464 BX12Q045
4522.115 607.01214 3.157 -1.336 7.724 1113Rb0235
4522.127 106.00112 0.71 -5.035 3.464 BX12R045
4522.142 106.00112 1.378 -4.542 3.464 AX22P205
4522.154 607.01214 3.157 -1.319 7.724 1113Ra0245
4522.178 23.0 1.871 -4.12 "" ""
4522.181 106.00112 1.509 -6.395 3.464 AX12R235
4522.186 42.0 2.494 -1.24 "" ""
4522.19 41.1 2.67 -1.2 Nilsson10 ""
4522.204 607.01214 3.157 -4.415 7.724 1113Qd0245
4522.208 24.0 3.09 -3.98 "" ""
4522.209 112.00124 0.168 -7.587 1.340 20P215b24
4522.247 106.00113 1.486 -4.362 3.464 AX44P115
4522.272 25.0 3.132 -7.17 "" ""
4522.276 607.01214 2.853 -4.103 7.724 1012Qc0115
4522.304 112.00124 0.051 -6.138 1.340 20P208b24
4522.309 106.00113 1.503 -6.395 3.464 AX12R235
4522.352 57.1 1.251 -0.13 "" ""
4522.356 106.00113 1.969 -7.421 3.464 CX04P225
4522.364 106.00112 1.148 -4.527 3.464 AX00P255
4522.37 57.1 0.0 -0.2 "" ""
4522.418 106.00113 1.969 -7.273 3.464 CX04P215
4522.418 607.01214 1.078 -1.865 7.724 0204Ra0195
4522.454 27.0 4.069 -2.86 "" ""
4522.463 607.01214 1.078 -1.887 7.724 0204Rb0185
4522.477 63.1151 0.207 -2.159 LAWLER ""
4522.48 106.00112 1.294 -4.58 3.464 AX11P235
4522.488 607.01214 2.853 -1.659 7.724 1012Pb0115
4522.489 63.1151 0.207 -1.266 LAWLER ""
4522.49 607.01214 1.078 -4.768 7.724 0204Qd0195
4522.521 607.01214 2.853 -1.623 7.724 1012Pa0125
4522.529 63.1151 0.207 -1.984 LAWLER ""
4522.536 62.0 0.185 -0.75 "" ""
4522.539 63.1151 0.207 -1.474 LAWLER ""
4522.55 106.00112 0.71 -4.935 3.464 BX12P055
4522.551 63.1151 0.207 -2.159 LAWLER ""
4522.551 63.1153 0.207 -2.159 LAWLER ""
4522.555 63.1153 0.207 -1.267 LAWLER ""
4522.57 69.1 2.536 0.04 LAWLER ""
4522.572 63.1151 0.207 -1.962 LAWLER ""
4522.574 63.1153 0.207 -1.984 LAWLER ""
4522.575 106.00112 0.71 -2.483 3.464 BX12Q055
4522.578 63.1153 0.207 -1.474 LAWLER ""
4522.581 63.1151 0.207 -1.711 LAWLER ""
4522.583 63.1153 0.207 -2.159 LAWLER ""
4522.584 112.00124 0.284 -5.456 1.340 31P212b24
4522.591 112.00124 0.168 -7.247 1.340 20Q215b24
4522.591 63.1151 0.207 -1.984 LAWLER ""
4522.593 63.1153 0.207 -1.962 LAWLER ""
4522.597 63.1153 0.207 -1.711 LAWLER ""
4522.601 63.1153 0.207 -1.984 LAWLER ""
4522.605 607.01214 1.233 -2.627 7.724 0305Ra0015
4522.606 63.1151 0.207 -2.038 LAWLER ""
4522.607 63.1153 0.207 -2.038 LAWLER ""
4522.608 106.00112 1.598 -2.395 3.464 AX55P055
4522.61 63.1153 0.207 -1.98 LAWLER ""
4522.612 63.1151 0.207 -1.98 LAWLER ""
4522.614 63.1153 0.207 -1.962 LAWLER ""
4522.616 607.01214 1.233 -2.882 7.724 0305Rb0005
4522.618 607.01214 1.233 -3.58 7.724 0305Qd0015
4522.618 63.1153 0.207 -2.247 LAWLER ""
4522.62 63.1151 0.207 -1.962 LAWLER ""
4522.62 63.1153 0.207 -2.256 LAWLER ""
4522.623 63.1153 0.207 -2.038 LAWLER ""
4522.624 607.01214 0.989 -1.902 7.724 0103Ra0325
4522.625 63.1153 0.207 -2.344 LAWLER ""
4522.627 63.1153 0.207 -2.247 LAWLER ""
4522.628 26.1 2.844 -2.29 LAWLER ""
4522.631 63.1151 0.207 -2.247 LAWLER ""
4522.635 63.1151 0.207 -2.256 LAWLER ""
4522.641 63.1151 0.207 -2.038 LAWLER ""
4522.648 63.1151 0.207 -2.344 LAWLER ""
4522.652 63.1151 0.207 -2.247 LAWLER ""
4522.67 112.00124 0.168 -4.666 1.340 20P115b24
4522.679 42.0 3.614 -1.55 "" ""
4522.681 26.0 4.635 -2.86 "" ""
4522.696 607.01214 0.989 -1.915 7.724 0103Rb0315
4522.701 106.00113 0.669 -3.94 3.464 BX12P015
4522.708 28.0 4.415 -2.29 "" ""
4522.712 106.00112 1.598 -3.398 3.464 AX55Q055
4522.712 75.0 3.579 0.97 "" ""
4522.742 607.01214 0.989 -5.227 7.724 0103Qd0325
4522.744 68.0 0.954 -0.15 "" ""
4522.767 24.1 6.8 -3.6 "" ""
4522.784 90.1 3.067 -0.08 "" ""
4522.796 607.01214 3.147 -1.354 7.724 1113Rb0225
4522.797 22.0 0.818 -0.27 LAWLER ""
4522.822 60.1 0.742 -1.08 "" ""
4522.823 607.01314 0.985 -2.23 7.724 0204Ra0075
4522.83 607.01214 3.147 -1.336 7.724 1113Ra0235
4522.833 28.0 2.738 -4.44 "" ""
4522.84 64.1 1.424 -0.31 LAWLER ""
4522.869 607.01214 2.858 -4.138 7.724 1012Qc0125
4522.882 607.01214 3.147 -4.398 7.724 1113Qd0235
4522.886 106.00112 1.598 -2.394 3.464 AX55P055
4522.889 607.01314 0.985 -2.284 7.724 0204Rb0065
4522.895 42.0 3.714 -1.5 "" ""
4522.9 607.01314 0.985 -4.356 7.724 0204Qd0075
4522.99 106.00112 1.598 -3.409 3.464 AX55Q055
4522.994 112.00124 0.284 -7.165 1.340 31Q212b24
4523.007 607.01214 0.935 -2.211 7.724 0002Ra0435
4523.03 62.1 0.04 -0.99 LAWLER ""
4523.047 106.00112 1.598 -2.315 3.464 AX55P065
4523.056 112.00124 0.284 -5.409 1.340 31P112b24
4523.067 607.01214 2.858 -1.623 7.724 1012Pb0125
4523.074 24.1 6.482 -2.79 "" ""
4523.075 58.1 0.516 -0.08 LAWLER ""
4523.088 607.01214 0.935 -2.221 7.724 0002Rb0425
4523.094 24.1 7.326 -3.5 "" ""
4523.101 23.0 2.721 -3.07 "" ""
4523.108 607.01214 2.858 -1.589 7.724 1012Pa0135
4523.109 40.0 2.199 -0.41 "" ""
4523.131 23.1 6.291 -3.15 "" ""
4523.148 106.00112 1.432 -4.482 3.464 AX33P165
4523.151 607.01214 0.935 -5.777 7.724 0002Qd0435
4523.166 56.0 1.674 0.17 "" ""
4523.17 25.0 3.133 -5.18 "" ""
4523.178 62.0 0.101 -0.83 "" ""
4523.182 106.00113 1.969 -13.257 3.464 CX04Q215
4523.245 22.0 2.504 -1.78 "" ""
4523.252 106.00113 1.487 -4.397 3.464 AX44P115
4523.261 106.00113 0.684 -5.533 3.464 BX01P135
4523.291 106.00112 1.598 -2.316 3.464 AX55P065
4523.307 106.00113 1.593 -6.786 3.464 CX15Q055
4523.326 607.01314 0.865 -2.005 7.724 0103Ra0245
4523.348 25.0 4.662 -1.36 "" ""
4523.379 607.01314 0.865 -2.022 7.724 0103Rb0235
4523.397 41.0 0.142 -0.8 "" ""
4523.399 26.0 3.651 -1.99 "" ""
4523.412 607.01314 0.865 -5.096 7.724 0103Qd0245
4523.419 607.01214 1.233 -2.882 7.724 0305Ra0005
4523.427 607.01214 1.233 -3.182 7.724 0305Qd0005
4523.454 607.01214 2.864 -4.17 7.724 1012Qc0135
4523.457 24.1 6.482 -3.14 "" ""
4523.47 106.00113 1.593 -9.663 3.464 CX15P065
4523.475 106.00113 1.593 -9.445 3.464 CX15R055
4523.482 607.01214 3.138 -1.372 7.724 1113Rb0215
4523.51 607.01214 3.138 -1.354 7.724 1113Ra0225
4523.53 23.1 6.286 -4.27 "" ""
4523.546 607.01314 0.801 -2.26 7.724 0002Ra0375
4523.564 607.01214 3.138 -4.379 7.724 1113Qd0225
4523.566 60.1 0.32 -1.74 "" ""
4523.617 607.01314 0.801 -2.271 7.724 0002Rb0365
4523.639 106.00113 1.593 -6.722 3.464 CX15Q065
4523.639 607.01214 2.864 -1.589 7.724 1012Pb0135
4523.643 25.0 3.133 -5.76 "" ""
4523.649 23.0 2.682 -3.77 "" ""
4523.669 607.01314 0.801 -5.704 7.724 0002Qd0375
4523.674 24.1 6.8 -4.64 "" ""
4523.688 607.01214 2.864 -1.558 7.724 1012Pa0145
4523.694 21.0 2.567 -2.2 "" ""
4523.694 28.0 4.232 -1.3 "" ""
4523.71 28.0 3.541 -3.77 "" ""
4523.788 25.1 6.107 -6.26 "" ""
4523.815 21.0 1.952 -3.87 "" ""
4523.818 26.0 4.909 -1.8 "" ""
4523.827 21.0 2.562 -2.29 "" ""
4523.874 75.0 3.579 0.35 "" ""
4523.88 64.1 1.287 -1.48 LAWLER ""
4523.899 607.01314 0.981 -2.347 7.724 0204Rb0055
4523.91 607.01314 0.982 -4.298 7.724 0204Qd0065
4523.91 62.1 0.434 -0.39 LAWLER ""
4523.926 26.0 2.607 -3.94 "" ""
4523.927 25.0 4.191 -2.14 "" ""
4523.935 607.01214 1.07 -1.887 7.724 0204Ra0185
4523.979 607.01214 1.07 -1.91 7.724 0204Rb0175
4524.005 23.1 5.875 -2.75 "" ""
4524.005 607.01214 1.07 -4.746 7.724 0204Qd0185
4524.025 607.01314 0.982 -2.284 7.724 0204Ra0065
4524.032 607.01214 2.87 -4.2 7.724 1012Qc0145
4524.033 106.00112 1.914 -3.824 3.464 AX33Q245
4524.072 106.00112 1.724 -3.599 3.464 AX55R105
4524.073 26.0 3.651 -5.11 "" ""
4524.077 106.00112 1.724 -1.656 3.464 AX55Q105
4524.106 106.00112 1.914 -1.507 3.464 AX33P255
4524.122 41.0 0.197 -1.34 "" ""
4524.123 64.0 1.673 0.57 "" ""
4524.153 23.1 6.674 -2.9 "" ""
4524.168 106.00112 1.914 -1.508 3.464 AX33P245
4524.171 607.01214 3.129 -1.392 7.724 1113Rb0205
4524.194 607.01214 3.129 -1.372 7.724 1113Ra0215
4524.2 607.01214 2.87 -1.558 7.724 1012Pb0145
4524.208 23.0 1.891 -0.18 LAWNOHFS ""
4524.222 23.0 1.798 -3.52 "" ""
4524.244 106.00112 1.724 -1.632 3.464 AX55Q115
4524.249 106.00112 1.724 -3.613 3.464 AX55P115
4524.25 607.01214 3.129 -4.36 7.724 1113Qd0215
4524.258 607.01214 2.87 -1.528 7.724 1012Pa0155
4524.278 21.0 1.438 -3.29 "" ""
4524.331 42.0 1.469 -1.44 "" ""
4524.37 23.0 1.349 -4.98 "" ""
4524.38 59.1 0.422 -1.72 LINOHFS ""
4524.454 112.00124 0.216 -6.368 1.340 31P207b24
4524.493 26.1 6.212 -2.88 "" ""
4524.52 106.00112 1.618 -9.485 3.464 CX15R065
4524.571 106.00112 1.618 -6.721 3.464 CX15Q065
4524.601 607.01214 2.877 -4.229 7.724 1012Qc0155
4524.625 106.00112 1.704 -3.694 3.464 AX44Q165
