wavelength species excitation loggf disassociation_energy comment
4708.073 59.1 0.055 -1.08 "" ""
4708.078 23.0 2.503 -8.36 "" ""
4708.1 90.1 1.453 -1.9 "" ""
4708.155 24.0 3.09 -3.06 "" ""
4708.177 57.0 1.138 -0.64 "" ""
4708.18 23.0 2.372 -2.76 "" ""
4708.222 42.0 2.258 -0.9 "" ""
4708.275 41.0 1.353 -0.66 "" ""
4708.306 23.0 2.876 -2.59 "" ""
4708.415 22.0 3.196 -3.8 "" ""
4708.429 22.0 1.872 -6.88 "" ""
4708.501 26.0 3.571 -6.92 "" ""
4708.597 23.0 2.576 -4.16 "" ""
4708.65 28.0 4.15 -2.25 "" ""
4708.663 22.1 1.236 -2.35 LAWLER ""
4708.674 106.00112 1.456 -5.967 3.464 AX34R115
4708.713 106.00113 1.105 -5.583 3.464 AX23R095
4708.832 112.00124 0.485 -2.966 1.340 32R114b24
4708.836 106.00112 0.952 -5.2 3.464 BX12P125
4708.852 72.0 2.837 -0.2 "" ""
4708.858 39.0 1.886 -0.82 "" ""
4708.863 27.0 4.172 -2.29 "" ""
4708.872 112.00124 0.639 -0.692 1.340 21R226b24
4708.885 77.0 2.361 -1.82 "" ""
4708.92 56.1 6.119 -0.89 "" ""
4708.926 26.0 4.59 -2.57 "" ""
4708.94 25.1 6.124 -3.17 "" ""
4708.951 22.0 2.159 -1.56 LAWLER ""
4708.969 26.0 3.637 -2.07 BEL17 ""
4708.998 112.00124 0.639 -3.384 1.340 21Q126b24
4709.014 24.0 2.98 -4.74 "" ""
4709.034 27.0 4.022 -2.96 "" ""
4709.088 26.0 3.651 -1.32 DEN14 ""
4709.164 106.00113 1.25 -2.713 3.464 BX12R185
4709.171 112.00124 0.168 -3.442 1.340 10R115b24
4709.206 23.0 2.614 -8.22 "" ""
4709.242 24.1 5.867 -3.48 "" ""
4709.269 106.00113 1.25 -7.131 3.464 BX12Q195
4709.306 21.0045 2.302 -0.62 LAWHFS ""
4709.306 21.0045 2.302 -0.76 LAWHFS ""
4709.306 21.0045 2.302 -0.93 LAWHFS ""
4709.307 21.0045 2.302 -1.12 LAWHFS ""
4709.309 21.0045 2.302 -1.38 LAWHFS ""
4709.311 21.0045 2.302 -1.77 LAWHFS ""
4709.319 21.0045 2.302 -1.51 LAWHFS ""
4709.32 21.0045 2.302 -1.32 LAWHFS ""
4709.322 21.0045 2.302 -1.23 LAWHFS ""
4709.322 21.0045 2.302 -1.8 LAWHFS ""
4709.325 21.0045 2.302 -1.21 LAWHFS ""
4709.327 21.0045 2.302 -1.77 LAWHFS ""
4709.328 21.0045 2.302 -1.26 LAWHFS ""
4709.332 21.0045 2.302 -1.46 LAWHFS ""
4709.333 21.0045 2.302 -1.82 LAWHFS ""
4709.339 21.0045 2.302 -1.94 LAWHFS ""
4709.346 21.0045 2.302 -2.16 LAWHFS ""
4709.347 106.00113 1.105 -5.553 3.464 AX23R095
4709.354 21.0045 2.302 -2.58 LAWHFS ""
4709.37 106.00113 1.25 -2.704 3.464 BX12R195
4709.382 112.00124 0.513 -1.115 1.340 10R227b24
4709.482 44.0 1.13 -0.54 "" ""
4709.498 26.0 3.249 -4.67 "" ""
4709.515 59.0 0.543 0.53 "" ""
4709.518 112.00124 0.513 -3.739 1.340 10Q127b24
4709.521 28.0 3.462 -3.97 "" ""
4709.604 21.0 4.494 -2.21 "" ""
4709.618 112.00124 0.639 -0.68 1.340 21R126b24
4709.618 26.0 3.015 -4.79 "" ""
4709.634 26.1 6.802 -2.87 "" ""
4709.681 106.00112 1.108 -5.583 3.464 AX23R095
4709.69 25.0055 2.886 -1.096 LAWHFS ""
4709.698 25.0055 2.886 -2.088 LAWHFS ""
4709.698 25.0055 2.886 -2.088 LAWHFS ""
4709.705 25.0055 2.886 -1.267 LAWHFS ""
4709.709 22.0 0.825 -3.89 "" ""
4709.711 25.0055 2.886 -1.906 LAWHFS ""
4709.711 25.0055 2.886 -1.906 LAWHFS ""
4709.717 25.0055 2.886 -1.452 LAWHFS ""
4709.72 60.1 0.182 -0.97 LAWLER ""
4709.721 25.1 6.107 -3.98 "" ""
4709.722 25.0055 2.886 -1.875 LAWHFS ""
4709.723 25.0055 2.886 -1.875 LAWHFS ""
4709.728 25.0055 2.886 -1.644 LAWHFS ""
4709.731 25.0055 2.886 -1.94 LAWHFS ""
4709.731 25.0055 2.886 -1.94 LAWHFS ""
4709.735 25.0055 2.886 -1.819 LAWHFS ""
4709.737 25.0055 2.886 -2.138 LAWHFS ""
4709.737 25.0055 2.886 -2.138 LAWHFS ""
4709.74 25.0055 2.886 -1.883 LAWHFS ""
4709.747 112.00124 0.513 -1.101 1.340 10R127b24
4709.772 23.0 2.503 -9.22 "" ""
4709.793 64.0 0.124 -0.88 "" ""
4709.806 25.0 4.662 -1.23 "" ""
4709.898 20.0 5.041 -2.23 "" ""
4709.909 106.00112 1.431 -3.25 3.464 AX23R165
4709.938 106.00112 2.222 -1.975 3.464 AX55Q225
4709.953 106.00112 1.431 -3.296 3.464 AX23R175
4709.962 42.0 2.593 -2.22 "" ""
4709.986 106.00112 2.222 -4.609 3.464 AX55R215
4710.007 58.1 0.445 -1.97 "" ""
4710.037 106.00112 1.431 -5.118 3.464 AX23Q175
4710.043 28.0 3.652 -2.74 "" ""
4710.051 106.00112 2.222 -4.28 3.464 AX55P225
4710.065 24.0 4.443 -3.04 "" ""
4710.081 40.0 0.686 0.37 "" ""
4710.099 106.00112 2.222 -1.858 3.464 AX55Q215
4710.101 22.0 3.421 -3.95 "" ""
4710.138 27.0 4.256 -4.29 "" ""
4710.175 106.00113 1.426 -3.296 3.464 AX23R175
4710.183 22.0 2.173 0.03 "" ""
4710.189 22.0 1.045 -1.18 "" ""
4710.196 23.0 2.276 -5.77 "" ""
4710.198 58.1 0.703 -1.79 LAWLER ""
4710.24 24.0 3.077 -2.08 "" ""
4710.254 106.00113 1.426 -3.25 3.464 AX23R165
4710.27 106.00113 1.426 -5.09 3.464 AX23Q175
4710.284 26.0 3.015 -1.61 "" ""
4710.307 106.00112 1.109 -5.553 3.464 AX23R095
4710.552 23.0 2.129 -0.19 LAWNOHFS ""
4710.649 62.1 0.659 -1.86 "" ""
4710.709 24.0 4.141 -1.86 "" ""
4710.731 27.0 4.172 -3.77 "" ""
4710.767 22.1 4.006 -2.42 "" ""
4710.782 24.1 6.573 -2.57 "" ""
4710.851 112.00124 0.32 -3.123 1.340 21R114b24
4710.853 22.1 5.9 -4.8 "" ""
4710.898 26.0 4.442 -2.29 "" ""
4710.906 22.0 3.317 -3.7 "" ""
4711.024 25.0 4.662 -2.27 "" ""
4711.035 23.0 2.576 -2.21 "" ""
4711.156 106.00112 1.943 -2.985 3.464 AX01Q325
4711.177 74.0 2.386 -1.19 "" ""
4711.186 22.0 3.102 -1.76 "" ""
4711.195 106.00113 1.087 -3.068 3.464 AX12R155
4711.236 24.0 4.437 -1.71 "" ""
4711.246 106.00113 1.087 -3.074 3.464 AX12R165
4711.259 106.00112 1.943 -6.441 3.464 AX01R315
4711.277 27.0 4.206 -2.29 "" ""
4711.327 26.0 4.831 -0.98 "" ""
4711.333 106.00113 1.087 -4.985 3.464 AX12Q165
4711.37 25.0 4.723 -3.59 "" ""
4711.387 106.00112 1.943 -5.449 3.464 AX01P325
4711.49 106.00112 1.943 -2.914 3.464 AX01Q315
4711.559 21.0 3.055 -2.73 "" ""
4711.595 21.0 3.055 -2.77 "" ""
4711.641 42.0 3.199 -1.94 "" ""
4711.681 22.0 1.442 -2.61 LAWLER ""
4711.688 24.0 4.204 -3.05 "" ""
4711.701 21.0045 2.294 -1.62 LAWHFS ""
4711.71 21.0045 2.294 -1.47 LAWHFS ""
4711.716 21.0045 2.294 -1.5 LAWHFS ""
4711.723 26.0 3.692 -6.46 "" ""
4711.726 21.0045 2.294 -1.15 LAWHFS ""
4711.728 106.00113 2.094 -4.7 3.464 AX44P235
4711.729 28.0 3.838 -3.76 "" ""
4711.735 24.0 4.444 -4.09 "" ""
4711.737 21.0045 2.294 -1.47 LAWHFS ""
4711.746 21.0045 2.294 -1.95 LAWHFS ""
4711.824 24.0 4.204 -1.05 "" ""
4711.89 40.0 1.529 -0.38 "" ""
4711.962 106.00112 1.432 -3.296 3.464 AX23R175
4711.98 64.1 1.101 -1.22 LAWLER ""
4711.992 25.0 4.751 -3.62 "" ""
4712.027 106.00112 1.091 -3.068 3.464 AX12R155
4712.028 106.00112 1.432 -3.25 3.464 AX23R165
4712.047 106.00112 1.432 -5.09 3.464 AX23Q175
4712.053 28.0 3.655 -1.66 "" ""
4712.056 106.00113 0.804 -5.572 3.464 AX12R095
4712.082 106.00112 1.091 -3.074 3.464 AX12R165
4712.097 27.0 4.146 -3.07 "" ""
4712.105 26.0 3.015 -3.13 "" ""
4712.171 106.00112 1.091 -4.985 3.464 AX12Q165
4712.213 28.0 3.462 -5.32 "" ""
4712.234 20.0 5.951 -5.73 "" ""
4712.255 26.0 4.73 -2.07 "" ""
4712.263 23.0 3.564 -4.64 "" ""
4712.313 26.0 3.639 -6.11 "" ""
4712.354 106.00113 1.935 -2.985 3.464 AX01Q325
4712.357 26.0 2.48 -9.18 "" ""
4712.393 90.1 1.144 -1.57 "" ""
4712.42 106.00113 1.935 -6.441 3.464 AX01R315
4712.425 21.0 2.336 -1.35 "" ""
4712.439 22.0 3.332 -3.34 "" ""
4712.481 74.0 1.855 -1.51 "" ""
4712.481 90.0 1.215 -0.63 "" ""
4712.551 106.00113 1.935 -5.449 3.464 AX01P325
4712.557 26.0 4.442 -4.01 "" ""
4712.601 20.0 5.951 -6.21 "" ""
4712.603 23.1 6.096 -1.93 "" ""
4712.617 106.00113 1.935 -2.914 3.464 AX01Q315
4712.703 106.00113 0.804 -5.541 3.464 AX12R095
4712.801 24.1 6.6 -3.21 "" ""
4712.805 64.1 2.484 -0.19 "" ""
4712.894 112.00124 0.478 -1.122 1.340 10R226b24
4712.919 106.00112 0.806 -5.572 3.464 AX12R095
4712.925 57.1 0.403 -1.93 "" ""
4713.001 23.1 6.674 -2.12 "" ""
4713.027 112.00124 0.478 -3.716 1.340 10Q126b24
4713.032 41.0 1.042 -1.87 "" ""
4713.044 60.0 0.293 -0.49 "" ""
4713.056 23.0 1.71 -4.08 "" ""
4713.07 62.1 0.543 -0.8 LAWLER ""
4713.098 106.00113 1.088 -3.075 3.464 AX12R165
4713.107 22.0 3.152 -2.9 "" ""
4713.11 59.0 0.0 -0.2 "" ""
4713.157 106.00113 1.088 -3.068 3.464 AX12R155
4713.185 106.00113 1.088 -4.959 3.464 AX12Q165
4713.193 26.1 2.776 -4.93 "" ""
4713.203 25.1 5.832 -6.68 "" ""
4713.258 24.1 5.869 -2.33 "" ""
4713.27 112.00124 0.478 -1.108 1.340 10R126b24
4713.272 24.0 3.695 -2.9 "" ""
4713.302 106.00112 1.853 -6.226 3.464 AX01R305
4713.304 20.0 5.041 -3.22 "" ""
4713.331 26.0 3.298 -4.8 "" ""
4713.374 106.00112 1.853 -2.914 3.464 AX01Q315
4713.385 27.0 2.872 -3.93 "" ""
4713.403 23.0 2.576 -2.11 "" ""
4713.423 40.0 1.832 -0.45 "" ""
4713.441 20.0 6.0 -3.7 "" ""
4713.494 41.0 0.348 -1.35 "" ""
4713.512 106.00113 1.31 -6.06 3.464 BX02R205
4713.528 106.00112 1.853 -2.86 3.464 AX01Q305
4713.541 112.00124 0.467 -2.603 1.340 32R113b24
4713.541 20.0 6.0 -3.5 "" ""
4713.573 106.00112 0.807 -5.541 3.464 AX12R095
4713.585 63.0 1.943 -0.36 "" ""
4713.6 106.00112 1.853 -5.432 3.464 AX01P315
4713.721 24.0 4.851 -0.28 "" ""
4713.735 26.0 4.792 -3.29 "" ""
4713.743 22.0 3.334 -3.96 "" ""
4713.77 23.0 0.286 -4.86 "" ""
4713.802 28.0 3.539 -2.29 LAWLER ""
4713.943 106.00113 1.845 -6.226 3.464 AX01R305
4713.963 21.0 2.336 -1.4 "" ""
4713.965 106.00112 1.092 -3.074 3.464 AX12R165
4713.965 106.00113 1.845 -2.914 3.464 AX01Q315
4713.965 24.1 4.14 -3.56 "" ""
4713.971 20.0 4.621 -2.02 "" ""
4713.985 24.0 4.183 0.21 "" ""
4714.013 26.0 3.298 -4.37 "" ""
4714.016 106.00112 1.092 -3.068 3.464 AX12R155
4714.017 58.1 1.106 -0.33 LAWLER ""
4714.044 24.0 3.382 -3.31 "" ""
4714.055 106.00112 1.092 -4.959 3.464 AX12Q165
4714.068 26.0 4.555 -1.54 "" ""
4714.07 23.0 1.892 -2.52 "" ""
4714.11 23.0 2.121 -0.27 LAWNOHFS ""
4714.119 26.0 3.299 -4.91 "" ""
4714.136 106.00113 1.845 -2.86 3.464 AX01Q305
4714.145 59.0 0.543 0.34 "" ""
4714.158 106.00113 1.845 -5.432 3.464 AX01P315
4714.192 26.0 3.299 -2.67 "" ""
4714.219 25.1 6.107 -5.51 "" ""
4714.23 106.00113 0.836 -3.166 3.464 AX01R165
4714.257 106.00113 0.836 -3.163 3.464 AX01R175
4714.277 21.0045 2.296 -1.61 LAWHFS ""
4714.283 21.0045 2.296 -1.78 LAWHFS ""
4714.284 21.0045 2.296 -1.48 LAWHFS ""
4714.293 21.0045 2.296 -9.0 LAWHFS ""
4714.295 21.0045 2.296 -1.6 LAWHFS ""
4714.299 21.0045 2.296 -1.61 LAWHFS ""
4714.306 21.0045 2.296 -1.8 LAWHFS ""
4714.314 21.0045 2.296 -1.48 LAWHFS ""
4714.322 21.0045 2.296 -1.19 LAWHFS ""
4714.333 21.0045 2.296 -1.6 LAWHFS ""
4714.36 26.0 4.603 -1.6 "" ""
4714.361 106.00113 0.836 -5.163 3.464 AX01Q175
4714.417 28.0 3.377 0.25 LAWLER ""
4714.47 23.0 2.58 -6.73 "" ""
4714.5 42.0 2.596 -1.6 "" ""
4714.563 23.1 1.702 -7.95 "" ""
4714.61 62.1 0.378 -1.49 LAWLER ""
4714.619 26.0 4.368 -4.16 "" ""
4714.639 23.1 6.097 -2.23 "" ""
4714.677 22.0 2.238 -4.45 "" ""
4714.779 24.0 4.446 -2.45 "" ""
4714.831 58.1 1.057 -0.6 LAWLER ""
4714.859 27.0 4.055 -4.38 "" ""
4714.886 28.0 3.477 -2.77 "" ""
4714.953 106.00113 2.159 -4.241 3.464 AX55Q205
4714.964 112.00124 0.147 -3.404 1.340 10R114b24
4714.98 106.00112 0.84 -3.166 3.464 AX01R165
4714.983 23.1 1.678 -3.53 "" ""
4715.0 72.1 1.601 -2.64 LAWLER ""
4715.006 106.00113 2.159 -2.052 3.464 AX55P215
4715.008 106.00112 0.84 -3.163 3.464 AX01R175
4715.014 106.00113 2.159 -2.003 3.464 AX55P205
4715.066 23.0 2.073 -2.25 "" ""
4715.092 24.1 5.658 -2.31 "" ""
4715.118 106.00112 0.84 -5.162 3.464 AX01Q175
4715.133 20.0 5.014 -3.33 "" ""
4715.146 23.0 1.711 -4.27 "" ""
4715.168 106.00113 2.096 -4.764 3.464 AX44P235
4715.245 62.1154 0.104 -1.46 Lawler ""
4715.255 62.1152 0.104 -1.46 Lawler ""
4715.257 14.0 4.926 -3.89 "" ""
4715.274 62.1149 0.104 -2.805 Lawler ""
4715.277 62.115 0.104 -1.46 Lawler ""
4715.279 62.1149 0.104 -2.624 Lawler ""
4715.281 62.1147 0.104 -2.805 Lawler ""
4715.282 62.1149 0.104 -2.106 Lawler ""
4715.283 62.1149 0.104 -2.593 Lawler ""
4715.285 62.1149 0.104 -2.398 Lawler ""
4715.287 62.1149 0.104 -2.657 Lawler ""
4715.288 62.1147 0.104 -2.624 Lawler ""
4715.288 62.1149 0.104 -2.804 Lawler ""
4715.29 62.1147 0.104 -2.106 Lawler ""
4715.29 62.1148 0.104 -1.46 Lawler ""
4715.29 62.1149 0.104 -2.856 Lawler ""
4715.291 62.1149 0.104 -3.521 Lawler ""
4715.292 23.0 1.948 -1.58 LAWNOHFS ""
4715.293 62.1147 0.104 -2.593 Lawler ""
4715.293 62.1149 0.104 -2.805 Lawler ""
4715.293 62.1149 0.104 -4.764 Lawler ""
4715.294 62.1149 0.104 -3.111 Lawler ""
4715.295 62.1149 0.104 -2.624 Lawler ""
4715.296 62.1147 0.104 -2.398 Lawler ""
4715.296 62.1149 0.104 -2.593 Lawler ""
4715.297 62.1147 0.104 -2.657 Lawler ""
4715.297 62.1149 0.104 -2.657 Lawler ""
4715.297 62.1149 0.104 -2.856 Lawler ""
4715.299 62.1147 0.104 -2.804 Lawler ""
4715.301 62.1147 0.104 -2.856 Lawler ""
4715.302 22.0 0.048 -2.68 "" ""
4715.302 62.1147 0.104 -3.521 Lawler ""
4715.304 62.1147 0.104 -4.764 Lawler ""
4715.305 62.1147 0.104 -2.805 Lawler ""
4715.305 62.1147 0.104 -3.111 Lawler ""
4715.307 62.1147 0.104 -2.624 Lawler ""
4715.309 62.1147 0.104 -2.593 Lawler ""
4715.309 62.1147 0.104 -2.657 Lawler ""
4715.309 62.1147 0.104 -2.856 Lawler ""
4715.312 62.1144 0.104 -1.46 Lawler ""
4715.382 23.0 3.543 -4.6 "" ""
4715.431 90.1 1.31 -1.81 "" ""
4715.477 23.0 2.255 -4.9 "" ""
4715.519 26.0 3.544 -7.39 "" ""
4715.59 60.1 0.204 -0.9 LAWLER ""
4715.625 112.00124 0.607 -0.891 1.340 21R125b24
4715.669 92.0 1.265 -0.35 "" ""
4715.677 112.00124 0.607 -0.931 1.340 21R225b24
4715.762 28.0 3.541 -0.32 LAWLER ""
4715.772 106.00113 1.376 -3.213 3.464 AX23R155
4715.8 106.00113 1.376 -3.248 3.464 AX23R165
4715.8 112.00124 0.607 -3.111 1.340 21Q125b24
4715.818 41.0 2.065 -0.56 "" ""
4715.837 26.0 4.442 -3.3 "" ""
4715.86 23.0 2.357 -1.44 "" ""
4715.88 26.0 3.637 -6.71 "" ""
4715.885 28.0 4.15 -0.94 "" ""
4715.898 106.00113 1.376 -5.061 3.464 AX23Q165
4715.971 20.0 4.732 -3.77 "" ""
4716.009 24.0 3.889 -3.6 "" ""
4716.027 22.1 5.424 -4.67 "" ""
4716.093 106.00112 1.961 -4.658 3.464 AX55P165
4716.096 62.0 0.387 0.34 "" ""
4716.107 23.1 6.659 -2.5 "" ""
4716.155 20.0 5.041 -2.3 "" ""
4716.158 21.1 0.605 -4.93 "" ""
4716.212 26.1 7.123 -4.35 "" ""
4716.245 21.0 2.292 -0.87 "" ""
4716.35 112.00124 0.301 -3.083 1.340 21R113b24
4716.369 23.0 2.579 -4.43 "" ""
4716.409 26.0 4.412 -3.07 "" ""
4716.412 57.1139 0.772 -1.733 Lawle01HFS ""
4716.418 106.00113 0.837 -3.164 3.464 AX01R175
4716.418 57.1139 0.772 -2.222 Lawle01HFS ""
4716.423 28.0 3.652 -5.36 "" ""
4716.424 57.1139 0.772 -2.921 Lawle01HFS ""
4716.429 112.00124 0.444 -1.13 1.340 10R225b24
4716.433 20.0 5.045 -2.76 "" ""
4716.448 57.1139 0.772 -2.026 Lawle01HFS ""
4716.45 106.00113 0.52 -5.819 3.464 AX01R105
4716.453 57.1139 0.772 -2.106 Lawle01HFS ""
4716.457 57.1139 0.772 -2.481 Lawle01HFS ""
4716.476 57.1139 0.772 -2.481 Lawle01HFS ""
4716.48 57.1139 0.772 -2.226 Lawle01HFS ""
4716.483 57.1139 0.772 -2.21 Lawle01HFS ""
4716.497 106.00113 0.837 -3.166 3.464 AX01R165
4716.511 26.0 2.69 -6.36 "" ""
4716.523 106.00113 0.837 -5.135 3.464 AX01Q175
4716.559 112.00124 0.444 -3.692 1.340 10Q125b24
4716.564 22.0 3.334 -4.04 "" ""
4716.57 64.1 1.371 -1.42 LAWLER ""
4716.643 23.0 1.194 -2.67 "" ""
4716.669 42.0 3.435 -1.28 "" ""
4716.692 71.0 0.0 -2.86 "" ""
4716.743 20.1 7.042 -0.94 "" ""
4716.817 112.00124 0.444 -1.115 1.340 10R125b24
4716.837 26.0 3.249 -3.41 "" ""
4716.844 106.00113 1.216 -5.538 3.464 BX01P225
4716.859 74.0 2.107 -1.47 "" ""
4716.872 26.1 3.889 -8.77 "" ""
4716.992 23.0 1.929 -2.07 "" ""
4717.008 22.0 3.427 -3.14 "" ""
4717.03 21.0045 1.433 -3.54 LAWHFS ""
4717.031 21.0045 1.433 -3.15 LAWHFS ""
4717.031 21.0045 1.433 -3.28 LAWHFS ""
4717.031 21.0045 1.433 -3.57 LAWHFS ""
4717.032 21.0045 1.433 -3.09 LAWHFS ""
4717.033 21.0045 1.433 -3.54 LAWHFS ""
4717.034 21.0045 1.433 -2.89 LAWHFS ""
4717.035 21.0045 1.433 -3.0 LAWHFS ""
4717.036 21.0045 1.433 -3.59 LAWHFS ""
4717.037 21.0045 1.433 -2.7 LAWHFS ""
4717.038 21.0045 1.433 -2.98 LAWHFS ""
4717.039 21.0045 1.433 -3.71 LAWHFS ""
4717.041 21.0045 1.433 -2.53 LAWHFS ""
4717.042 21.0045 1.433 -3.03 LAWHFS ""
4717.044 21.0045 1.433 -3.93 LAWHFS ""
4717.045 21.0045 1.433 -2.39 LAWHFS ""
4717.047 21.0045 1.433 -3.23 LAWHFS ""
4717.049 21.0045 1.433 -4.35 LAWHFS ""
4717.068 62.0 0.0 -0.51 "" ""
4717.081 20.0 4.621 -4.12 "" ""
4717.085 60.1 0.182 -1.6 "" ""
4717.117 23.0 3.543 -4.25 "" ""
4717.158 26.0 2.756 -5.77 "" ""
4717.192 106.00112 0.841 -3.164 3.464 AX01R175
4717.233 26.0 3.069 -4.78 "" ""
4717.26 106.00112 0.522 -5.819 3.464 AX01R105
4717.264 25.1 6.531 -1.86 "" ""
4717.27 106.00113 0.521 -5.786 3.464 AX01R105
4717.279 106.00112 0.841 -3.166 3.464 AX01R165
4717.302 106.00112 0.841 -5.135 3.464 AX01Q175
4717.32 106.00113 1.42 -5.901 3.464 AX34R105
4717.429 25.0 3.761 -4.2 "" ""
4717.445 106.00112 1.381 -3.213 3.464 AX23R155
4717.447 22.0 2.304 -2.96 "" ""
4717.506 106.00112 1.381 -3.248 3.464 AX23R165
4717.509 27.0 3.064 -4.45 "" ""
4717.522 67.0 1.133 -0.17 "" ""
4717.564 23.0 1.929 -5.9 "" ""
4717.576 57.1 2.056 -1.05 "" ""
4717.583 106.00112 1.381 -5.06 3.464 AX23Q165
4717.604 20.0 6.003 -3.54 "" ""
4717.62 106.00113 2.161 -2.052 3.464 AX55P215
4717.627 40.0 0.603 -1.44 "" ""
4717.683 24.0 3.119 -1.75 "" ""
4717.685 106.00113 2.161 -4.276 3.464 AX55Q205
4717.686 23.0 2.113 -0.36 LAWNOHFS ""
4717.73 62.1 0.434 -0.91 LAWLER ""
4717.742 106.00113 2.161 -2.003 3.464 AX55P205
4717.753 112.00124 0.575 -0.896 1.340 21R224b24
4717.773 106.00113 1.377 -3.248 3.464 AX23R165
4717.824 106.00113 1.377 -3.213 3.464 AX23R155
4717.844 42.0 3.387 -1.71 "" ""
4717.859 106.00113 1.377 -5.034 3.464 AX23Q165
4717.863 23.1 2.024 -6.14 "" ""
4717.873 112.00124 0.575 -3.38 1.340 21Q124b24
4717.881 58.1 0.7 -1.14 LAWLER ""
4717.919 42.0 2.497 -0.72 "" ""
4717.986 112.00124 0.575 -0.88 1.340 21R124b24
4718.031 106.00113 1.42 -5.869 3.464 AX34R105
4718.033 106.00112 1.962 -4.705 3.464 AX55P165
