wavelength species excitation loggf disassociation_energy comment
4006.293 106.00112 1.441 -4.79 3.464 AX32R215
4006.308 106.00113 0.992 -5.473 3.464 AX32Q135
4006.31 24.0 4.201 -1.73 "" ""
4006.311 26.0 3.265 -0.99 "" ""
4006.313 106.00112 0.995 -3.989 3.464 AX32P145
4006.321 106.00113 0.992 -4.084 3.464 AX32P135
4006.327 106.00112 1.233 -5.629 3.464 AX10P265
4006.362 106.00112 1.441 -2.436 3.464 AX32Q225
4006.381 90.1 1.31 -0.97 "" ""
4006.386 106.00112 1.441 -2.524 3.464 AX32Q215
4006.399 607.01214 3.129 -3.435 7.724 1313Qc0205
4006.428 106.00113 0.992 -3.989 3.464 AX32P145
4006.43 106.00112 1.108 -2.971 3.464 AX43Q085
4006.437 25.0 4.27 -3.18 "" ""
4006.445 28.0 3.191 -5.22 "" ""
4006.446 106.00112 1.108 -4.608 3.464 AX43R085
4006.454 106.00112 1.441 -5.405 3.464 AX32P225
4006.458 27.0 2.716 -2.53 "" ""
4006.459 22.0 2.159 -2.07 "" ""
4006.46 607.01214 3.129 -0.484 7.724 1313Pa0215
4006.474 607.01214 3.129 -0.504 7.724 1313Pb0205
4006.57 62.1 0.104 -1.5 LAWLER ""
4006.581 106.00112 1.109 -4.927 3.464 AX43P095
4006.597 44.0 1.13 -1.55 "" ""
4006.598 106.00112 1.109 -2.893 3.464 AX43Q095
4006.624 26.0 3.109 -1.37 "" ""
4006.654 24.0 3.11 -4.12 "" ""
4006.69 106.00112 1.668 -4.562 3.464 AX00R325
4006.698 106.00112 1.0 -4.221 3.464 AX43P035
4006.705 23.0 2.614 -3.16 "" ""
4006.717 26.0 3.632 -3.45 "" ""
4006.731 23.0 2.563 -9.2 "" ""
4006.732 26.0 2.883 -6.49 "" ""
4006.733 106.00112 1.914 -9.195 3.464 CX03R245
4006.784 23.1 6.019 -3.36 "" ""
4006.786 106.00112 1.914 -4.938 3.464 CX03Q255
4006.798 23.0 3.077 -3.56 "" ""
4006.805 106.00112 0.411 -1.35 3.464 BX00P145
4006.813 106.00112 1.0 -4.22 3.464 AX43P035
4006.825 73.0 0.249 -1.69 "" ""
4006.83 62.1 0.277 -1.77 LAWLER ""
4006.858 106.00112 1.914 -5.031 3.464 CX03Q245
4006.86 106.00112 1.0 -4.747 3.464 AX43Q035
4006.865 106.00112 0.411 -7.007 3.464 BX00Q145
4006.866 27.0 3.252 -7.56 "" ""
4006.911 106.00112 1.914 -8.808 3.464 CX03P255
4006.961 64.0 0.027 -1.31 "" ""
4006.975 106.00112 1.0 -4.755 3.464 AX43Q035
4006.987 106.00113 1.08 -4.712 3.464 AX21P215
4006.989 26.0 4.183 -3.3 "" ""
4006.994 106.00112 0.411 -1.341 3.464 BX00P155
4007.004 106.00113 1.08 -5.994 3.464 AX21Q205
4007.005 24.1 6.482 -2.31 "" ""
4007.018 23.0 2.579 -1.15 "" ""
4007.019 90.1 1.377 -0.51 "" ""
4007.02 23.0 1.063 -5.82 "" ""
4007.031 106.00112 1.085 -4.712 3.464 AX21P215
4007.036 25.0 3.769 -1.67 "" ""
4007.038 22.0 2.736 -4.29 "" ""
4007.04 24.0 4.444 -3.27 "" ""
4007.054 106.00112 1.085 -5.994 3.464 AX21Q205
4007.062 90.1 0.514 -2.15 Nils02/10 ""
4007.087 106.00113 1.08 -4.987 3.464 AX21P205
4007.101 26.0 4.214 -2.85 "" ""
4007.124 106.00112 1.085 -4.987 3.464 AX21P205
4007.14 23.0 2.364 -2.99 "" ""
4007.19 22.0 2.091 -0.52 "" ""
4007.216 27.0 3.565 -2.35 "" ""
4007.23 73.0 1.97 -1.05 "" ""
4007.235 27.0 3.71 -3.72 "" ""
4007.24 26.0 2.277 -5.42 "" ""
4007.248 27.0 3.684 -0.31 "" ""
4007.259 21.0 1.864 -4.22 "" ""
4007.272 26.0 2.756 -1.3 "" ""
4007.306 106.00112 1.0 -4.076 3.464 AX43P045
4007.331 106.00112 0.996 -5.497 3.464 AX32Q135
4007.352 70.0 2.873 -0.17 "" ""
4007.356 106.00112 0.996 -4.083 3.464 AX32P135
4007.365 607.01214 3.138 -3.456 7.724 1313Qc0215
4007.387 106.00112 0.996 -3.989 3.464 AX32P145
4007.4 106.00112 1.0 -4.076 3.464 AX43P045
4007.422 106.00113 0.992 -5.497 3.464 AX32Q135
4007.429 24.0 2.913 -2.75 "" ""
4007.429 607.01214 3.138 -0.464 7.724 1313Pa0225
4007.43 60.1 0.471 -0.4 LAWLER ""
4007.433 42.0 3.3 -1.45 "" ""
4007.434 106.00112 0.522 -7.473 3.464 AX10P165
4007.439 607.01214 3.138 -0.484 7.724 1313Pb0215
4007.464 106.00113 0.992 -4.083 3.464 AX32P135
4007.468 58.1 0.634 -1.04 "" ""
4007.472 106.00113 0.992 -3.989 3.464 AX32P145
4007.48 62.1 0.434 -1.07 LAWLER ""
4007.492 25.0 4.255 -1.14 "" ""
4007.51 27.0 3.772 -3.77 "" ""
4007.511 106.00112 1.484 -2.29 3.464 AX43R185
4007.512 106.00113 1.659 -4.562 3.464 AX00R325
4007.527 44.0 1.837 -1.04 "" ""
4007.577 106.00112 1.484 -2.357 3.464 AX43R175
4007.58 106.00112 1.484 -4.594 3.464 AX43Q185
4007.585 40.0 1.857 0.3 "" ""
4007.586 58.1 0.6 -0.6 BIEMONT ""
4007.638 24.0 4.407 -2.87 "" ""
4007.639 106.00113 0.519 -7.473 3.464 AX10P165
4007.654 25.1 5.369 -9.78 "" ""
4007.705 106.00113 0.358 -4.236 3.464 BX11R035
4007.724 26.1 5.906 -3.18 "" ""
4007.759 66.1 0.103 -1.9 "" ""
4007.763 106.00112 1.612 -5.115 3.464 CX14R155
4007.776 22.1 4.997 -2.29 "" ""
4007.793 106.00113 1.426 -9.697 3.464 CX03Q175
4007.799 23.0 2.113 -2.96 "" ""
4007.817 106.00112 1.612 -5.207 3.464 CX14R145
4007.842 21.0 1.968 -2.67 "" ""
4007.851 106.00112 1.612 -8.694 3.464 CX14Q155
4007.918 27.0 3.574 -3.73 "" ""
4007.964 68.0 0.0 0.8 "" ""
4007.974 106.00112 1.764 -4.49 3.464 AX00R335
4008.016 25.0 3.769 -1.35 "" ""
4008.047 42.0 3.031 -1.26 "" ""
4008.054 22.0 2.115 -0.11 "" ""
4008.067 106.00113 0.521 -4.759 3.464 BX11R105
4008.09 62.1 0.333 -1.64 LAWLER ""
4008.148 23.1051 1.792 -2.483 LAWLER ""
4008.155 23.1051 1.792 -2.604 LAWLER ""
4008.16 23.1051 1.792 -3.412 LAWLER ""
4008.161 23.1051 1.792 -2.74 LAWLER ""
4008.165 23.1051 1.792 -3.207 LAWLER ""
4008.166 23.1051 1.792 -2.896 LAWLER ""
4008.17 23.1051 1.792 -3.141 LAWLER ""
4008.171 23.1051 1.792 -3.081 LAWLER ""
4008.171 23.1051 1.792 -4.626 LAWLER ""
4008.174 23.1051 1.792 -3.145 LAWLER ""
4008.174 23.1051 1.792 -4.221 LAWLER ""
4008.175 23.1051 1.792 -3.315 LAWLER ""
4008.177 23.1051 1.792 -3.206 LAWLER ""
4008.177 23.1051 1.792 -3.657 LAWLER ""
4008.177 23.1051 1.792 -4.01 LAWLER ""
4008.177 68.1 0.055 -1.46 "" ""
4008.179 23.1051 1.792 -3.328 LAWLER ""
4008.179 23.1051 1.792 -3.901 LAWLER ""
4008.18 23.1051 1.792 -3.511 LAWLER ""
4008.181 23.1051 1.792 -3.879 LAWLER ""
4008.181 23.1051 1.792 -3.989 LAWLER ""
4008.21 90.0 0.966 -0.1 "" ""
4008.218 106.00112 0.686 -8.79 3.464 AX21P135
4008.247 106.00113 1.426 -6.064 3.464 CX03R165
4008.264 22.0 2.316 -5.67 "" ""
4008.267 44.0 1.691 -0.98 "" ""
4008.274 106.00113 1.426 -6.005 3.464 CX03R175
4008.276 106.00112 0.917 -1.688 3.464 BX00R225
4008.279 106.00113 1.531 -2.229 3.464 AX43R195
4008.279 41.0 1.268 -0.65 "" ""
4008.282 106.00113 1.531 -2.294 3.464 AX43R185
4008.294 106.00113 0.91 -6.772 3.464 BX00Q235
4008.329 64.0 0.124 -0.75 "" ""
4008.33 62.1 0.484 -1.62 LAWLER ""
4008.34 106.00112 0.917 -6.772 3.464 BX00Q235
4008.349 106.00113 1.531 -4.598 3.464 AX43Q195
4008.354 106.00112 0.359 -4.236 3.464 BX11R035
4008.354 607.01214 3.147 -3.476 7.724 1313Qc0225
4008.377 106.00113 0.683 -8.79 3.464 AX21P135
4008.406 106.00112 0.917 -1.795 3.464 BX00R235
4008.41 106.00113 1.135 -2.893 3.464 AX43Q095
4008.421 607.01214 3.147 -0.446 7.724 1313Pa0235
4008.422 106.00113 1.135 -4.601 3.464 AX43R095
4008.428 607.01214 3.147 -0.464 7.724 1313Pb0225
4008.432 21.1 0.605 -3.3 "" ""
4008.444 58.1 0.464 -1.61 LAWLER ""
4008.459 28.0 4.161 -3.82 "" ""
4008.469 28.0 3.696 -1.69 "" ""
4008.582 106.00113 1.135 -4.957 3.464 AX43P105
4008.593 106.00113 1.135 -2.815 3.464 AX43Q105
4008.604 21.1 0.595 -3.45 "" ""
4008.614 23.0 3.096 -2.32 "" ""
4008.646 106.00113 1.755 -4.49 3.464 AX00R335
4008.666 58.1 0.899 -1.02 "" ""
4008.677 20.0 4.621 -3.34 "" ""
4008.678 106.00113 1.435 -4.789 3.464 AX32R215
4008.69 106.00112 1.443 -2.436 3.464 AX32Q225
4008.691 59.1 0.629 0.52 "" ""
4008.721 106.00112 1.443 -4.816 3.464 AX32R215
4008.734 106.00113 1.435 -2.436 3.464 AX32Q225
4008.749 60.1 1.593 -0.12 "" ""
4008.749 74.0 0.366 -0.43 "" ""
4008.783 106.00112 1.443 -5.382 3.464 AX32P225
4008.797 27.0 3.25 -4.81 "" ""
4008.813 106.00112 1.443 -2.524 3.464 AX32Q215
4008.843 106.00113 1.435 -2.523 3.464 AX32Q215
4008.867 26.0 3.632 -4.9 "" ""
4008.898 25.1 5.832 -5.8 "" ""
4008.899 106.00113 1.435 -5.405 3.464 AX32P225
4008.908 25.0 4.265 -1.24 "" ""
4008.909 64.1 1.126 -0.28 "" ""
4008.924 106.00112 0.523 -4.759 3.464 BX11R105
4008.927 22.0 0.021 -1.0 LAWLER ""
4009.016 106.00113 1.136 -2.892 3.464 AX43Q095
4009.027 106.00113 1.136 -4.614 3.464 AX43R095
4009.036 25.0 4.357 -2.14 "" ""
4009.04 106.00113 0.91 -1.688 3.464 BX00R225
4009.057 90.0 1.387 0.31 "" ""
4009.072 26.0 3.981 -3.42 "" ""
4009.085 26.0 4.309 -3.95 "" ""
4009.145 106.00113 1.136 -4.946 3.464 AX43P105
4009.156 106.00113 1.136 -2.815 3.464 AX43Q105
4009.156 68.1 0.0 -1.41 "" ""
4009.169 92.1 0.778 -1.05 "" ""
4009.173 26.0 3.651 -5.24 "" ""
4009.221 64.1 1.496 -0.35 "" ""
4009.26 23.0 1.871 -3.04 "" ""
4009.289 20.0 5.736 -4.58 "" ""
4009.311 106.00113 0.91 -1.795 3.464 BX00R235
4009.358 42.0 3.031 -0.77 "" ""
4009.36 62.1 0.378 -2.28 LAWLER ""
4009.368 607.01214 3.157 -3.495 7.724 1313Qc0235
4009.376 24.0 4.204 -2.5 "" ""
4009.407 106.00112 0.687 -8.832 3.464 AX21P135
4009.41 24.0 2.985 -3.52 "" ""
4009.438 607.01214 3.157 -0.428 7.724 1313Pa0245
4009.44 607.01214 3.157 -0.446 7.724 1313Pb0235
4009.52 25.0 4.675 -4.29 "" ""
4009.543 26.0 3.209 -2.22 "" ""
4009.548 106.00113 0.684 -8.832 3.464 AX21P135
4009.554 25.0 3.761 -6.48 "" ""
4009.559 20.0 5.737 -3.52 "" ""
4009.569 23.0 2.357 -3.32 "" ""
4009.62 60.1 0.32 -1.53 LAWLER ""
4009.652 23.0 1.182 -1.36 "" ""
4009.657 22.0 0.021 -1.76 LAWLER ""
4009.71 41.0 1.572 -0.35 "" ""
4009.713 26.0 2.221 -1.2 "" ""
4009.724 90.0 1.005 -0.96 "" ""
4009.73 26.0 3.637 -3.51 "" ""
4009.739 20.0 5.449 -7.13 "" ""
4009.784 68.0 1.196 0.34 "" ""
4009.789 23.0 2.581 -4.46 "" ""
4009.819 90.0 1.632 -0.34 "" ""
4009.882 21.0 2.292 -2.77 "" ""
4009.93 6.0 7.679 -2.78 "" ""
4009.969 44.1 3.753 0.0 "" ""
4009.972 21.0 2.612 -2.51 "" ""
4009.975 28.0 4.161 -1.14 "" ""
4010.006 28.0 3.633 -1.84 "" ""
4010.061 66.1 2.425 0.48 "" ""
4010.072 106.00112 1.139 -2.892 3.464 AX43Q095
4010.077 106.00112 1.139 -4.6 3.464 AX43R095
4010.108 106.00113 1.307 -6.386 3.464 AX10Q275
4010.126 42.0 3.3 -10.0 "" ""
4010.126 42.0 3.672 -0.5 "" ""
4010.135 25.0 3.761 -7.51 "" ""
4010.136 58.1 0.822 -0.55 "" ""
4010.145 106.00113 1.307 -5.939 3.464 AX10P285
4010.174 26.0 3.639 -1.79 "" ""
4010.175 25.1 7.047 -4.58 "" ""
4010.207 25.0 2.886 -5.53 "" ""
4010.224 106.00113 1.307 -6.936 3.464 AX10P275
4010.247 106.00112 1.139 -4.956 3.464 AX43P105
4010.252 106.00112 1.139 -2.815 3.464 AX43Q105
4010.293 106.00113 1.533 -2.229 3.464 AX43R195
4010.333 28.0 3.696 -1.01 "" ""
4010.357 106.00113 1.533 -4.567 3.464 AX43Q195
4010.368 106.00113 1.533 -2.295 3.464 AX43R185
4010.383 74.0 2.855 -0.19 "" ""
4010.405 607.01214 3.167 -3.513 7.724 1313Qc0245
4010.427 28.0 4.161 -3.22 "" ""
4010.45 60.1 0.471 -0.99 LAWLER ""
4010.452 28.0 2.738 -4.06 "" ""
4010.466 106.00112 1.314 -6.386 3.464 AX10Q275
4010.477 607.01214 3.167 -0.428 7.724 1313Pb0245
4010.478 607.01214 3.167 -0.412 7.724 1313Pa0255
4010.522 106.00112 1.314 -5.939 3.464 AX10P285
4010.574 25.0 3.37 -3.67 "" ""
4010.586 106.00112 1.314 -6.936 3.464 AX10P275
4010.601 27.0 3.565 -2.56 "" ""
4010.624 106.00112 1.577 -4.55 3.464 AX00R315
4010.676 106.00112 1.139 -2.892 3.464 AX43Q095
4010.681 106.00112 1.139 -4.613 3.464 AX43R095
4010.739 20.0 2.93 -1.82 "" ""
4010.747 26.0 2.607 -3.67 "" ""
4010.78 26.0 4.217 -2.28 "" ""
4010.784 26.0 2.863 -4.77 "" ""
4010.801 106.00112 1.139 -4.945 3.464 AX43P105
4010.803 21.0 2.292 -2.6 "" ""
4010.807 106.00112 1.139 -2.815 3.464 AX43Q105
4010.839 20.0 4.621 -4.0 "" ""
4010.849 29.0 5.72 -1.93 "" ""
4010.85 24.0 4.204 -1.16 "" ""
4010.865 21.0 4.531 -1.68 "" ""
4010.865 21.0 4.531 -2.89 "" ""
4010.889 106.00113 1.013 -3.999 3.464 AX43P045
4010.915 24.0 3.119 -4.85 "" ""
4010.924 106.00112 1.432 -6.004 3.464 CX03R175
4010.925 27.0 3.565 -1.62 "" ""
4010.948 106.00112 1.873 -4.468 3.464 CX25R155
4010.948 24.0 4.204 -0.94 "" ""
4010.954 28.0 3.938 -3.68 "" ""
4010.98 23.0 1.08 -5.12 "" ""
4011.012 106.00113 1.013 -4.76 3.464 AX43Q045
4011.015 106.00112 1.671 -4.479 3.464 AX00R325
4011.017 106.00112 1.432 -6.063 3.464 CX03R165
4011.018 106.00112 1.873 -4.539 3.464 CX25R145
4011.03 106.00112 1.432 -9.696 3.464 CX03Q175
4011.048 106.00113 1.437 -2.436 3.464 AX32Q225
4011.049 106.00112 1.873 -7.991 3.464 CX25Q155
4011.056 106.00113 1.013 -3.998 3.464 AX43P045
4011.06 28.0 3.191 -5.72 "" ""
4011.06 60.1 0.471 -0.76 LAWLER ""
4011.074 27.0 0.101 -4.4 "" ""
4011.079 106.00113 1.437 -5.381 3.464 AX32P225
4011.101 106.00113 1.437 -4.815 3.464 AX32R215
4011.107 68.1 0.886 -2.25 LAWLER ""
4011.132 106.00113 1.437 -2.523 3.464 AX32Q215
4011.18 106.00113 1.013 -4.769 3.464 AX43Q045
4011.18 60.1 0.38 -1.74 LAWLER ""
4011.192 23.1 5.979 -2.87 "" ""
4011.282 26.0 4.253 -2.23 "" ""
4011.29 66.1 0.92 -0.73 LAWLER ""
4011.304 23.0 1.217 -1.68 LAWNOHFS ""
4011.369 106.00113 1.013 -3.892 3.464 AX43P055
4011.369 106.00113 1.39 -8.102 3.464 CX14R095
4011.402 26.0 4.14 -2.12 "" ""
4011.407 26.0 2.557 -2.4 "" ""
4011.414 26.0 3.94 -4.01 "" ""
4011.42 60.1 0.559 -1.78 LAWLER ""
4011.446 26.0 3.981 -3.79 "" ""
4011.449 92.1 0.669 -1.2 "" ""
4011.468 607.01214 3.178 -3.53 7.724 1313Qc0255
4011.514 106.00113 1.013 -3.892 3.464 AX43P055
4011.528 22.0 0.0 -1.4 "" ""
4011.537 607.01214 3.178 -0.412 7.724 1313Pb0255
4011.544 21.0 1.968 -3.04 "" ""
4011.544 607.01214 3.178 -0.395 7.724 1313Pa0265
4011.553 106.00113 1.568 -4.55 3.464 AX00R315
4011.556 58.1 0.708 -1.05 LAWLER ""
4011.567 25.0 4.27 -1.1 "" ""
4011.592 90.0 0.788 -0.88 "" ""
4011.594 23.0 2.573 -2.23 "" ""
4011.68 63.1 2.999 0.39 "" ""
4011.712 26.0 2.448 -2.69 "" ""
4011.72 62.1 0.0 -2.31 LAWLER ""
4011.74 90.0 0.615 -0.76 "" ""
4011.754 21.0 2.294 -2.64 "" ""
4011.798 28.0 4.164 -1.35 "" ""
4011.817 106.00113 1.662 -4.479 3.464 AX00R325
4011.865 20.0 5.817 -3.4 "" ""
4011.882 26.0 2.947 -3.18 "" ""
4011.9 25.0 5.108 -0.36 "" ""
4011.967 42.0 3.205 -0.65 "" ""
4011.996 24.0 4.407 -2.51 "" ""
4012.022 42.0 3.185 -1.77 "" ""
4012.052 41.0 0.142 -1.61 "" ""
4012.053 26.0 4.14 -3.51 "" ""
4012.142 27.0 3.565 -0.78 "" ""
4012.149 26.0 3.234 -1.8 "" ""
4012.155 26.0 3.639 -3.17 "" ""
4012.164 26.0 3.651 -4.06 "" ""
4012.24 40.0 1.948 0.39 "" ""
4012.24 60.1 0.63 0.81 LAWLER ""
4012.247 20.0 2.93 -4.15 "" ""
4012.251 75.0 3.303 -0.07 "" ""
4012.26 106.00112 1.016 -3.998 3.464 AX43P045
4012.264 106.00113 1.635 -7.313 3.464 CX25R085
4012.264 42.0 3.315 -1.29 "" ""
4012.294 20.0 2.93 -9.45 "" ""
4012.294 28.0 3.633 -1.9 "" ""
4012.305 106.00113 0.348 -4.14 3.464 BX11R025
4012.316 25.0 4.265 -4.17 "" ""
4012.377 106.00112 1.016 -4.759 3.464 AX43Q045
4012.384 22.1 0.573 -1.78 LAWLER ""
4012.386 58.1 0.56 0.29 LAWLER ""
4012.433 106.00112 1.016 -3.998 3.464 AX43P045
4012.454 26.1 4.476 -5.41 "" ""
4012.47 24.0 3.886 0.22 "" ""
4012.488 23.0 0.0 -3.32 "" ""
4012.49 23.0 2.58 -4.73 "" ""
4012.495 90.0 0.355 -0.61 "" ""
4012.496 24.1 5.658 -0.89 "" ""
4012.518 24.0 3.085 -5.46 "" ""
4012.535 68.0 0.862 0.87 "" ""
4012.549 106.00112 1.016 -4.769 3.464 AX43Q045
4012.557 607.01214 3.189 -3.547 7.724 1313Qc0265
4012.578 28.0 4.164 -1.65 "" ""
4012.622 26.0 3.637 -3.32 "" ""
4012.622 607.01214 3.189 -0.395 7.724 1313Pb0265
4012.627 68.1 0.669 -1.52 LAWLER ""
4012.635 607.01214 3.189 -0.38 7.724 1313Pa0275
4012.675 21.0 2.294 -3.42 "" ""
4012.7 60.1 0.0 -0.6 LAWLER ""
4012.72 65.1 0.649 -0.12 LAWNOHFS ""
4012.737 106.00112 1.016 -3.891 3.464 AX43P055
4012.742 106.00113 1.145 -5.877 3.464 AX21Q215
4012.747 25.0 4.255 -1.4 "" ""
4012.791 22.0 2.115 -1.07 "" ""
4012.801 106.00113 1.145 -4.471 3.464 AX21P225
4012.849 106.00113 1.145 -4.711 3.464 AX21P215
4012.882 106.00112 1.15 -5.877 3.464 AX21Q215
4012.883 106.00112 1.016 -3.892 3.464 AX43P055
4012.941 21.0 2.606 -3.37 "" ""
4012.953 106.00112 1.15 -4.471 3.464 AX21P225
4012.953 106.00113 1.168 -2.815 3.464 AX43Q105
4012.955 106.00113 1.168 -4.597 3.464 AX43R105
4012.956 106.00112 1.15 -4.711 3.464 AX21P215
4012.968 106.00112 0.349 -4.14 3.464 BX11R025
4013.106 106.00113 1.168 -4.967 3.464 AX43P115
4013.108 106.00113 1.168 -2.737 3.464 AX43Q115
4013.121 20.0 2.93 -4.23 "" ""
4013.137 23.0 3.129 -3.1 "" ""
4013.182 73.0 1.516 -1.2 "" ""
4013.197 26.0 3.234 -4.56 "" ""
4013.198 106.00112 0.838 -6.865 3.464 AX32P095
4013.22 60.1 0.182 -1.1 LAWLER ""
4013.249 22.0 2.101 -0.62 "" ""
4013.256 25.0 4.824 -2.0 "" ""
4013.26 26.0 3.651 -6.21 "" ""
4013.263 26.0 3.6 -2.58 "" ""
4013.264 41.0 2.096 0.32 "" ""
4013.269 106.00113 0.835 -6.865 3.464 AX32P095
4013.285 23.0 2.364 -5.36 "" ""
4013.366 59.1 0.633 -0.71 "" ""
4013.393 23.1 1.564 -4.29 "" ""
4013.419 64.0 0.92 0.01 "" ""
4013.495 26.1 4.476 -4.86 "" ""
4013.498 44.0 0.927 -1.72 "" ""
4013.564 26.0 4.188 -2.24 "" ""
4013.583 22.0 2.133 -0.16 "" ""
4013.639 26.0 3.209 -2.1 "" ""
4013.64 23.0 1.798 -3.09 "" ""
4013.671 607.01214 3.2 -3.563 7.724 1313Qc0275
4013.68 106.00113 1.169 -2.815 3.464 AX43Q105
4013.68 106.00113 1.169 -4.612 3.464 AX43R105
4013.733 607.01214 3.2 -0.38 7.724 1313Pb0275
4013.744 106.00113 1.309 -5.939 3.464 AX10P285
4013.752 607.01214 3.2 -0.365 7.724 1313Pa0285
4013.782 26.0 3.015 -2.15 "" ""
4013.787 106.00113 1.169 -2.737 3.464 AX43Q115
4013.787 106.00113 1.169 -4.954 3.464 AX43P115
4013.787 106.00113 1.563 -8.746 3.464 CX14Q145
4013.791 64.1 0.382 -1.57 "" ""
4013.795 64.1 1.373 -0.04 "" ""
4013.809 20.0 5.87 -2.7 "" ""
4013.824 66.0 0.0 -0.94 "" ""
4013.825 26.0 3.015 -1.7 "" ""
4013.827 106.00112 0.839 -6.895 3.464 AX32P095
4013.827 106.00113 1.31 -6.428 3.464 AX10Q275
4013.845 26.0 4.253 -2.36 "" ""
4013.857 26.0 3.651 -3.07 "" ""
4013.889 26.0 2.422 -5.15 "" ""
4013.895 106.00113 0.836 -6.895 3.464 AX32P095
4013.907 22.0 2.101 -1.83 "" ""
4013.943 106.00113 1.31 -6.937 3.464 AX10P275
4013.943 27.0 2.006 -1.45 "" ""
4013.95 64.1 0.382 -1.55 LAWLER ""
4013.965 106.00112 1.042 -5.432 3.464 AX32Q145
4013.972 25.1 5.468 -3.57 "" ""
4013.999 106.00112 1.042 -3.985 3.464 AX32P145
4014.079 106.00112 1.042 -3.886 3.464 AX32P155
4014.089 106.00113 1.563 -5.3 3.464 CX14R135
4014.09 106.00113 1.038 -5.432 3.464 AX32Q145
4014.109 106.00113 1.038 -3.985 3.464 AX32P145
4014.137 106.00112 1.317 -5.939 3.464 AX10P285
4014.147 106.00113 1.563 -5.208 3.464 CX14R145
4014.16 23.0 2.503 -9.04 "" ""
4014.183 22.1 4.965 -3.11 "" ""
4014.2 106.00113 1.038 -3.886 3.464 AX32P155
4014.205 106.00112 1.317 -6.428 3.464 AX10Q275
4014.221 26.0 3.632 -5.53 "" ""
4014.23 24.0 3.548 -2.87 "" ""
4014.265 26.0 3.015 -3.76 "" ""
4014.294 23.0 2.121 -2.77 "" ""
4014.298 26.1 4.491 -4.85 "" ""
4014.308 26.0 3.015 -5.66 "" ""
4014.327 106.00112 1.317 -6.937 3.464 AX10P275
4014.336 106.00113 0.557 -4.84 3.464 BX11R115
4014.343 22.0 2.486 -2.74 "" ""
4014.393 23.0 2.33 -5.37 "" ""
4014.413 24.0 3.446 -3.99 "" ""
4014.433 21.0 2.612 -2.72 "" ""
4014.46 23.0 1.063 -3.37 "" ""
4014.471 21.1045 0.315 -2.86 LAWHFS ""
4014.475 21.1045 0.315 -2.29 LAWHFS ""
4014.479 21.1045 0.315 -2.7 LAWHFS ""
4014.482 21.1045 0.315 -2.68 LAWHFS ""
4014.485 21.1045 0.315 -2.71 LAWHFS ""
4014.485 22.0 2.343 -8.07 "" ""
4014.486 21.1045 0.315 -2.86 LAWHFS ""
4014.488 21.1045 0.315 -3.38 LAWHFS ""
4014.491 21.1045 0.315 -2.7 LAWHFS ""
4014.491 21.1045 0.315 -2.88 LAWHFS ""
4014.492 21.1045 0.315 -4.81 LAWHFS ""
4014.495 21.1045 0.315 -2.71 LAWHFS ""
4014.496 21.1045 0.315 -3.06 LAWHFS ""
4014.497 21.1045 0.315 -2.88 LAWHFS ""
4014.514 90.1 0.189 -2.13 Nils02/9 ""
4014.531 26.0 3.045 -0.2 "" ""
4014.644 24.0 3.887 -0.5 "" ""
4014.7 66.1 0.93 -0.7 LAWLER ""
4014.742 106.00112 1.172 -4.597 3.464 AX43R105
4014.747 106.00112 1.172 -2.814 3.464 AX43Q105
4014.775 25.0 4.657 -4.01 "" ""
4014.776 106.00113 0.269 -4.16 3.464 BX00P115
4014.779 26.0 3.637 -3.31 "" ""
4014.789 106.00112 1.58 -4.469 3.464 AX00R315
4014.811 607.01214 3.212 -3.579 7.724 1313Qc0285
4014.869 607.01214 3.212 -0.365 7.724 1313Pb0285
4014.88 26.0 3.879 -3.47 "" ""
4014.887 23.0 1.194 -1.28 "" ""
4014.896 607.01214 3.212 -0.351 7.724 1313Pa0295
4014.897 22.0 2.152 -2.22 "" ""
4014.897 58.1 0.529 -0.2 LAWLER ""
4014.9 106.00112 1.172 -2.737 3.464 AX43Q115
4014.904 22.0 2.115 -1.59 "" ""
4014.905 106.00112 1.172 -4.966 3.464 AX43P115
4014.917 106.00112 1.538 -2.293 3.464 AX43R185
4014.921 106.00112 1.538 -2.227 3.464 AX43R195
4014.925 41.0 1.522 -1.07 "" ""
4014.962 20.0 5.685 -2.64 "" ""
4014.981 106.00112 1.395 -8.101 3.464 CX14R095
4014.991 28.0 3.696 -2.57 "" ""
4014.997 106.00112 1.538 -4.596 3.464 AX43Q195
4015.037 76.0 1.656 -1.6 "" ""
4015.055 23.0 2.576 -0.98 "" ""
4015.085 106.00112 0.58 -7.463 3.464 AX10P175
4015.128 23.0 0.0 -5.15 "" ""
4015.138 26.0 4.298 -3.48 "" ""
4015.173 66.1 1.462 -0.23 "" ""
4015.174 23.0 1.944 -3.39 "" ""
4015.186 21.0 2.606 -2.24 "" ""
4015.208 26.1 4.612 -4.66 "" ""
4015.216 74.0 2.434 0.48 "" ""
4015.217 64.0 0.896 -0.01 "" ""
4015.229 106.00112 1.487 -4.538 3.464 AX00R305
4015.23 106.00113 1.147 -4.471 3.464 AX21P225
4015.234 23.0 3.085 -3.02 "" ""
4015.253 106.00113 0.577 -7.463 3.464 AX10P175
4015.254 106.00113 1.147 -5.912 3.464 AX21Q215
4015.259 106.00112 1.043 -5.458 3.464 AX32Q145
4015.292 106.00112 1.043 -3.985 3.464 AX32P145
4015.3 106.00112 1.043 -3.887 3.464 AX32P155
4015.344 106.00113 1.147 -4.711 3.464 AX21P215
4015.344 23.0 1.871 -2.46 "" ""
4015.346 59.1141 0.216 -1.002 LI/LAW ""
4015.348 59.1141 0.216 -2.233 LI/LAW ""
4015.349 106.00113 1.039 -5.458 3.464 AX32Q145
4015.365 25.0 4.27 -2.19 "" ""
4015.371 59.1141 0.216 -2.233 LI/LAW ""
4015.373 22.0 2.083 -0.16 "" ""
4015.373 59.1141 0.216 -1.112 LI/LAW ""
4015.374 59.1141 0.216 -2.04 LI/LAW ""
4015.383 57.0 0.13 -0.61 "" ""
4015.384 106.00113 1.039 -3.887 3.464 AX32P155
4015.387 106.00112 1.152 -4.471 3.464 AX21P225
4015.394 59.1141 0.216 -2.04 LI/LAW ""
4015.396 59.1141 0.216 -1.223 LI/LAW ""
4015.397 59.1141 0.216 -1.998 LI/LAW ""
4015.404 106.00113 1.039 -3.985 3.464 AX32P145
4015.414 59.1141 0.216 -1.998 LI/LAW ""
4015.416 59.1141 0.216 -1.329 LI/LAW ""
4015.417 59.1141 0.216 -2.052 LI/LAW ""
4015.418 106.00112 1.152 -5.912 3.464 AX21Q215
4015.431 59.1141 0.216 -2.052 LI/LAW ""
4015.432 59.1141 0.216 -1.419 LI/LAW ""
4015.433 59.1141 0.216 -2.248 LI/LAW ""
4015.439 21.1 7.49 -4.56 "" ""
4015.443 59.1141 0.216 -2.248 LI/LAW ""
4015.444 59.1141 0.216 -1.47 LI/LAW ""
4015.46 106.00112 1.173 -4.611 3.464 AX43R105
4015.465 106.00112 1.173 -2.814 3.464 AX43Q105
4015.466 26.0 4.175 -1.15 "" ""
4015.47 106.00112 0.559 -4.84 3.464 BX11R115
4015.474 28.1 4.029 -2.42 "" ""
4015.492 106.00112 1.152 -4.711 3.464 AX21P215
4015.526 23.1 6.312 -4.54 "" ""
4015.545 60.1 1.731 0.08 "" ""
4015.564 106.00112 1.173 -2.737 3.464 AX43Q115
4015.569 106.00112 1.173 -4.954 3.464 AX43P115
4015.573 68.1 0.636 -1.06 LAWLER ""
4015.581 64.0 0.213 -1.02 "" ""
4015.606 26.0 4.175 -0.95 "" ""
4015.622 24.0 3.847 -1.97 "" ""
4015.663 23.0 2.113 -2.58 "" ""
4015.691 106.00113 1.572 -4.468 3.464 AX00R315
4015.721 106.00112 0.27 -4.16 3.464 BX00P115
4015.75 62.1 0.434 -1.71 LAWLER ""
4015.771 106.00113 0.704 -4.728 3.464 BX00P205
4015.792 106.00113 0.704 -1.125 3.464 BX00Q195
4015.817 29.0 3.783 -2.54 "" ""
4015.837 106.00113 0.704 -1.151 3.464 BX00Q205
4015.858 106.00113 0.704 -4.751 3.464 BX00R195
4015.875 58.1 1.041 -0.33 BIEMONT ""
4015.978 607.01214 3.224 -3.595 7.724 1313Qc0295
4016.031 607.01214 3.224 -0.351 7.724 1313Pb0295
4016.052 106.00112 2.037 -8.251 3.464 CX14R225
4016.056 607.01314 3.23 -0.653 7.724 1414Rb0145
4016.066 23.0 2.121 -2.64 "" ""
4016.066 607.01214 3.224 -0.337 7.724 1313Pa0305
4016.078 607.01314 3.236 -0.626 7.724 1414Rb0155
4016.096 607.01314 3.224 -0.682 7.724 1414Rb0135
4016.106 607.01314 3.23 -3.349 7.724 1414Qd0155
4016.107 106.00112 2.037 -4.103 3.464 CX14Q235
4016.131 607.01314 3.236 -3.376 7.724 1414Qd0165
4016.14 106.00113 1.168 -8.966 3.464 CX03R115
4016.142 106.00112 1.641 -7.312 3.464 CX25R085
4016.142 607.01314 3.224 -3.321 7.724 1414Qd0145
4016.172 607.01314 3.243 -0.601 7.724 1414Rb0165
4016.178 106.00112 2.037 -4.178 3.464 CX14Q225
4016.188 607.01314 3.219 -0.712 7.724 1414Rb0125
4016.227 607.01314 3.23 -0.626 7.724 1414Ra0155
4016.229 607.01314 3.243 -3.402 7.724 1414Qd0175
4016.232 607.01314 3.219 -3.29 7.724 1414Qd0135
4016.233 106.00112 2.037 -8.055 3.464 CX14P235
4016.239 106.00113 1.479 -4.537 3.464 AX00R305
4016.249 607.01314 3.224 -0.653 7.724 1414Ra0145
4016.269 607.01314 3.236 -0.601 7.724 1414Ra0165
4016.273 22.0 2.133 -1.26 "" ""
4016.276 24.0 3.665 -1.92 "" ""
