wavelength species excitation loggf disassociation_energy comment
3689.831 106.00113 1.286 -4.093 3.464 AX31Q235
3689.858 106.00113 0.992 -6.224 3.464 CX02R135
3689.868 26.0 3.045 -1.5 "" ""
3689.871 106.00113 1.286 -6.331 3.464 AX31P245
3689.89 60.1 0.182 -2.09 LAWLER ""
3689.892 106.00113 0.992 -6.253 3.464 CX02R145
3689.914 22.0 0.048 -1.21 LAWLER ""
3689.94 607.01314 2.568 -1.641 7.724 1211Ra0085
3689.943 25.1 4.932 -4.14 "" ""
3689.97 27.0 3.252 -7.3 "" ""
3690.012 25.0 3.769 -2.23 "" ""
3690.025 26.1 7.489 -4.66 "" ""
3690.049 44.1 2.401 0.0 "" ""
3690.062 26.0 2.586 -6.02 "" ""
3690.062 607.01314 2.568 -1.685 7.724 1211Rb0075
3690.069 607.01314 2.568 -3.857 7.724 1211Qd0085
3690.084 62.0 0.282 -0.5 "" ""
3690.112 42.0 2.593 -1.54 "" ""
3690.142 23.0 1.892 -3.68 "" ""
3690.195 22.0 1.045 -3.03 "" ""
3690.204 106.00112 1.248 -7.838 3.464 CX13R135
3690.21 24.0 3.09 -5.2 "" ""
3690.213 106.00112 1.248 -9.674 3.464 CX13R125
3690.216 607.01314 2.695 -1.323 7.724 1211Ra0265
3690.22 106.00113 0.775 -6.786 3.464 AX42P075
3690.221 21.1 6.903 -4.48 "" ""
3690.225 106.00113 1.168 -8.636 3.464 AX53R115
3690.227 106.00112 1.368 -7.456 3.464 CX24R085
3690.244 607.01314 2.564 -1.686 7.724 1211Ra0075
3690.27 106.00112 1.248 -9.918 3.464 CX13Q135
3690.271 23.0051 0.262 -1.371 LAWLER ""
3690.273 23.0051 0.262 -0.904 LAWLER ""
3690.281 23.0051 0.262 -1.225 LAWLER ""
3690.285 23.0051 0.262 -1.225 LAWLER ""
3690.288 23.0051 0.262 -1.246 LAWLER ""
3690.295 23.0051 0.262 -1.702 LAWLER ""
3690.332 25.1 5.433 -2.04 "" ""
3690.334 21.0 2.294 -0.39 "" ""
3690.336 46.0 1.452 -0.34 "" ""
3690.363 607.01314 2.564 -1.736 7.724 1211Rb0065
3690.369 607.01314 2.564 -3.803 7.724 1211Qd0075
3690.394 106.00113 0.952 -6.527 3.464 AX31Q185
3690.419 26.0 3.692 -6.85 "" ""
3690.421 106.00113 0.952 -4.149 3.464 AX31P185
3690.435 26.0 3.281 -3.05 "" ""
3690.437 21.0 2.336 -3.08 "" ""
3690.455 26.0 3.109 -1.13 "" ""
3690.461 106.00113 0.952 -4.117 3.464 AX31P195
3690.487 90.1 1.204 -0.6 "" ""
3690.508 22.0 1.967 -4.57 "" ""
3690.528 28.0 3.895 -2.29 "" ""
3690.56 70.1 4.31 -0.79 "" ""
3690.561 607.01314 2.562 -1.736 7.724 1211Ra0065
3690.568 106.00112 1.316 -4.975 3.464 AX42R205
3690.572 106.00113 0.775 -6.81 3.464 AX42P075
3690.586 42.0 2.644 -0.42 "" ""
3690.59 28.0 3.603 -6.17 "" ""
3690.603 28.0 3.304 -4.75 "" ""
3690.637 106.00112 1.316 -6.972 3.464 AX42Q205
3690.646 23.0 2.096 -2.67 "" ""
3690.65 106.00112 1.316 -5.667 3.464 AX42R195
3690.654 25.1 4.933 -4.25 "" ""
3690.665 21.0 2.301 -0.28 "" ""
3690.68 607.01314 2.562 -1.796 7.724 1211Rb0055
3690.685 607.01314 2.562 -3.742 7.724 1211Qd0065
3690.687 28.0 3.417 -5.36 "" ""
3690.701 45.0 0.41 -0.58 "" ""
3690.703 23.1 3.325 -2.63 "" ""
3690.713 26.0 4.073 -3.54 "" ""
3690.714 27.0 2.04 -1.12 LAWNHFS ""
3690.727 26.0 3.571 -0.21 "" ""
3690.772 25.0 4.229 -3.96 "" ""
3690.778 26.0 4.073 -1.59 "" ""
3690.799 106.00113 1.169 -8.6 3.464 AX53R115
3690.802 25.0 4.229 -1.03 "" ""
3690.81 25.1 6.523 -2.29 "" ""
3690.812 106.00112 0.778 -6.786 3.464 AX42P075
3690.819 106.00112 1.807 -4.036 3.464 CX24R195
3690.843 25.0 3.769 -2.67 "" ""
3690.88 28.0 3.938 -0.9 "" ""
3690.895 607.01314 2.559 -1.796 7.724 1211Ra0055
3690.907 25.0 4.675 -1.54 "" ""
3690.925 106.00112 1.807 -7.882 3.464 CX24Q195
3690.928 23.0 2.121 -4.81 "" ""
3690.93 62.1 0.104 -1.9 LAWLER ""
3690.933 106.00112 1.807 -4.124 3.464 CX24R185
3690.936 106.00112 0.958 -4.118 3.464 AX31P195
3690.936 25.0 4.824 -1.1 "" ""
3690.94 106.00112 0.958 -6.558 3.464 AX31Q185
3690.951 26.0 3.571 -4.25 "" ""
3690.995 106.00112 0.958 -4.15 3.464 AX31P185
3691.001 26.0 3.394 -6.02 "" ""
3691.003 25.1 6.489 -2.59 "" ""
3691.011 607.01314 2.559 -1.866 7.724 1211Rb0045
3691.016 607.01314 2.559 -3.672 7.724 1211Qd0055
3691.075 22.0 1.052 -2.64 "" ""
3691.157 22.0 2.675 -3.3 "" ""
3691.168 106.00112 0.778 -6.81 3.464 AX42P075
3691.17 41.1 1.81 -1.24 Nilsson10 ""
3691.174 26.0 2.607 -2.94 "" ""
3691.188 28.0 3.895 -2.06 "" ""
3691.237 26.0 1.607 -6.5 "" ""
3691.249 607.01314 2.557 -1.866 7.724 1211Ra0045
3691.301 24.0 3.382 -3.99 "" ""
3691.339 607.01314 2.705 -1.321 7.724 1211Ra0275
3691.359 607.01314 2.557 -1.952 7.724 1211Rb0035
3691.361 607.01314 2.557 -3.59 7.724 1211Qd0045
3691.456 106.00112 0.996 -6.253 3.464 CX02R145
3691.465 106.00112 1.056 -7.517 3.464 AX53R075
3691.478 24.1 5.867 -3.04 "" ""
3691.488 106.00112 0.996 -6.224 3.464 CX02R135
3691.493 75.0 2.023 -0.72 "" ""
3691.509 22.0 0.818 -5.96 "" ""
3691.523 106.00112 1.755 -4.124 3.464 CX24R185
3691.534 106.00112 0.996 -9.626 3.464 CX02Q145
3691.535 106.00112 1.056 -9.076 3.464 CX13R075
3691.541 26.0 3.428 -8.45 "" ""
3691.555 1.0 10.191 -2.31 "" ""
3691.616 607.01314 2.556 -1.952 7.724 1211Ra0035
3691.623 106.00112 1.755 -4.214 3.464 CX24R175
3691.624 106.00112 1.755 -7.967 3.464 CX24Q185
3691.656 25.1 4.933 -4.99 "" ""
3691.669 21.0 2.109 -1.36 "" ""
3691.684 58.1 0.739 -0.81 BIEMONT ""
3691.701 106.00113 0.87 -4.31 3.464 AX42P105
3691.703 106.00112 1.056 -7.493 3.464 AX53R075
3691.71 106.00113 0.87 -6.13 3.464 AX42Q105
3691.71 22.0 1.967 -3.91 "" ""
3691.717 607.01314 2.556 -2.062 7.724 1211Rb0025
3691.72 607.01314 2.556 -3.49 7.724 1211Qd0035
3691.747 106.00112 1.081 -7.84 3.464 AX53R085
3691.767 23.1 6.144 -4.5 "" ""
3691.799 607.01214 2.7 -4.456 7.724 1211Qd0215
3691.8 28.0 3.417 -4.14 "" ""
3691.803 607.01214 2.709 -4.485 7.724 1211Qd0225
3691.817 607.01214 2.691 -4.426 7.724 1211Qd0205
3691.829 607.01214 2.719 -4.514 7.724 1211Qd0235
3691.848 25.1 6.489 -2.01 "" ""
3691.849 106.00113 0.87 -4.263 3.464 AX42P115
3691.858 607.01214 2.683 -4.396 7.724 1211Qd0195
3691.862 26.0 4.073 -3.77 "" ""
3691.867 607.01214 2.7 -1.517 7.724 1211Rb0205
3691.872 607.01214 2.691 -1.526 7.724 1211Rb0195
3691.876 607.01214 2.729 -4.543 7.724 1211Qd0245
3691.876 90.0 0.966 -0.04 "" ""
3691.885 607.01214 2.709 -1.509 7.724 1211Rb0215
3691.895 22.0 2.101 -2.37 "" ""
3691.902 607.01214 2.683 -1.537 7.724 1211Rb0185
3691.918 92.1 0.583 -0.43 "" ""
3691.921 607.01214 2.675 -4.366 7.724 1211Qd0185
3691.926 607.01214 2.719 -1.503 7.724 1211Rb0225
3691.943 607.01214 2.739 -4.572 7.724 1211Qd0255
3691.944 607.01214 2.7 -1.509 7.724 1211Ra0215
3691.946 607.01214 2.691 -1.517 7.724 1211Ra0205
3691.955 607.01214 2.675 -1.549 7.724 1211Rb0175
3691.966 607.01214 2.709 -1.503 7.724 1211Ra0225
3691.972 607.01214 2.683 -1.526 7.724 1211Ra0195
3691.99 607.01214 2.729 -1.499 7.724 1211Rb0235
3692.007 607.01214 2.668 -4.334 7.724 1211Qd0175
3692.008 607.01314 2.554 -2.062 7.724 1211Ra0025
3692.011 607.01214 2.719 -1.499 7.724 1211Ra0235
3692.022 607.01214 2.675 -1.537 7.724 1211Ra0185
3692.032 607.01214 2.668 -1.564 7.724 1211Rb0165
3692.035 106.00113 0.953 -4.117 3.464 AX31P195
3692.036 106.00113 0.953 -6.558 3.464 AX31Q185
3692.055 106.00112 1.081 -7.813 3.464 AX53R085
3692.058 106.00112 1.034 -7.277 3.464 AX53R065
3692.076 42.0 2.596 -1.23 "" ""
3692.076 607.01214 2.739 -1.496 7.724 1211Rb0245
3692.078 25.0 4.191 -3.31 "" ""
3692.078 607.01214 2.729 -1.496 7.724 1211Ra0245
3692.092 607.01314 2.554 -3.358 7.724 1211Qd0025
3692.093 607.01314 2.554 -2.215 7.724 1211Rb0015
3692.095 607.01214 2.668 -1.549 7.724 1211Ra0175
3692.115 607.01214 2.66 -4.302 7.724 1211Qd0165
3692.126 106.00113 0.953 -4.149 3.464 AX31P185
3692.126 106.00113 1.288 -4.152 3.464 AX31Q245
3692.132 607.01214 2.66 -1.58 7.724 1211Rb0155
3692.147 106.00113 1.288 -6.306 3.464 AX31P245
3692.155 106.00113 1.288 -8.27 3.464 AX31R235
3692.157 25.1 6.828 -3.01 "" ""
3692.164 23.0 2.053 -1.99 "" ""
3692.177 106.00113 1.288 -4.094 3.464 AX31Q235
3692.18 25.0 2.886 -3.14 "" ""
3692.183 106.00113 0.775 -8.61 3.464 CX02R085
3692.192 607.01214 2.66 -1.564 7.724 1211Ra0165
3692.197 21.1 6.903 -4.41 "" ""
3692.199 22.0 2.425 -1.89 "" ""
3692.209 23.0051 0.275 -1.515 LAWLER ""
3692.211 23.0051 0.275 -1.334 LAWLER ""
3692.213 23.0051 0.275 -1.303 LAWLER ""
3692.215 23.0051 0.275 -1.367 LAWLER ""
3692.217 23.0051 0.275 -1.566 LAWLER ""
3692.219 23.0051 0.275 -0.816 LAWLER ""
3692.219 23.0051 0.275 -1.108 LAWLER ""
3692.22 23.0051 0.275 -1.514 LAWLER ""
3692.22 23.0051 0.275 -1.821 LAWLER ""
3692.22 23.0051 0.275 -2.231 LAWLER ""
3692.22 23.0051 0.275 -3.471 LAWLER ""
3692.22 62.1 0.277 -1.34 LAWLER ""
3692.224 23.0051 0.275 -1.566 LAWLER ""
3692.225 23.0051 0.275 -1.367 LAWLER ""
3692.227 23.0051 0.275 -1.303 LAWLER ""
3692.228 23.0051 0.275 -1.334 LAWLER ""
3692.229 23.0051 0.275 -1.515 LAWLER ""
3692.235 106.00112 1.035 -7.256 3.464 AX53R065
3692.246 607.01214 2.654 -4.269 7.724 1211Qd0155
3692.247 24.0 3.367 -3.95 "" ""
3692.257 607.01214 2.654 -1.599 7.724 1211Rb0145
3692.281 58.1 0.445 -1.0 BIEMONT ""
3692.313 607.01214 2.654 -1.58 7.724 1211Ra0155
3692.327 106.00113 0.871 -4.31 3.464 AX42P105
3692.337 106.00113 0.871 -6.149 3.464 AX42Q105
3692.356 8.0 9.514 -2.62 "" ""
3692.358 45.0 0.0 0.17 "" ""
3692.381 23.1 3.75 -5.71 "" ""
3692.386 8.0 9.514 -2.15 "" ""
3692.395 8.0 9.514 -1.93 "" ""
3692.398 607.01214 2.647 -4.235 7.724 1211Qd0145
3692.404 607.01214 2.647 -1.62 7.724 1211Rb0135
3692.411 21.0 2.507 -4.23 "" ""
3692.415 607.01314 2.554 -2.215 7.724 1211Ra0015
3692.428 106.00113 0.871 -4.264 3.464 AX42P115
3692.448 25.1 4.934 -6.17 "" ""
3692.456 607.01214 2.647 -1.599 7.724 1211Ra0145
3692.478 607.01314 2.554 -2.468 7.724 1211Rb0005
3692.479 607.01314 2.554 -3.166 7.724 1211Qd0015
3692.516 106.00112 0.873 -4.31 3.464 AX42P105
3692.521 106.00112 0.873 -6.129 3.464 AX42Q105
3692.523 39.0 2.121 0.64 "" ""
3692.566 90.0 0.457 -0.57 "" ""
3692.572 26.0 4.073 -3.73 "" ""
3692.573 607.01214 2.642 -4.199 7.724 1211Qd0135
3692.574 607.01214 2.642 -1.644 7.724 1211Rb0125
3692.613 26.0 4.073 -2.64 "" ""
3692.64 42.1 3.055 -0.25 "" ""
3692.642 607.01214 2.642 -1.62 7.724 1211Ra0135
3692.647 76.1 2.138 -1.55 Quinet06 ""
3692.648 26.0 3.298 -1.86 "" ""
3692.649 68.1 0.055 0.28 LAWLER ""
3692.661 106.00112 0.873 -4.263 3.464 AX42P115
3692.716 607.01214 2.636 -1.67 7.724 1211Rb0115
3692.733 24.0 3.407 -2.98 "" ""
3692.742 22.0 2.504 -4.83 "" ""
3692.747 26.0 3.692 -5.9 "" ""
3692.75 106.00113 0.985 -6.665 3.464 AX53R035
3692.769 607.01214 2.636 -4.161 7.724 1211Qd0125
3692.78 62.1 0.277 -1.49 LAWLER ""
3692.794 106.00113 0.985 -6.652 3.464 AX53R035
3692.812 25.0 2.162 -2.12 "" ""
3692.816 607.01314 2.717 -1.32 7.724 1211Ra0285
3692.821 607.01214 2.636 -1.644 7.724 1211Ra0125
3692.827 106.00112 1.52 -7.67 3.464 AX41P265
3692.831 24.0 3.09 -4.68 "" ""
3692.842 607.01314 2.553 -2.469 7.724 1211Ra0005
3692.865 23.0 1.852 -4.63 "" ""
3692.873 25.1 6.908 -1.99 "" ""
3692.881 607.01314 2.553 -2.767 7.724 1211Qd0005
3692.899 106.00112 0.707 -7.637 3.464 AX20P195
3692.908 106.00113 1.511 -7.67 3.464 AX41P265
3692.91 62.1 0.378 -1.74 LAWLER ""
3692.951 607.01214 2.631 -1.7 7.724 1211Rb0105
3692.961 106.00112 1.108 -8.367 3.464 AX53R095
3692.986 607.01214 2.631 -4.122 7.724 1211Qd0115
3692.99 106.00112 1.705 -4.214 3.464 CX24R175
3692.996 21.0 2.292 -0.46 "" ""
3693.0 26.1 6.133 -4.44 "" ""
3693.022 26.0 3.366 -4.1 "" ""
3693.025 607.01214 2.631 -1.67 7.724 1211Ra0115
3693.027 26.0 3.015 -1.39 "" ""
3693.029 22.0 2.248 -1.95 "" ""
3693.053 73.0 1.594 -0.86 "" ""
3693.077 106.00112 1.705 -4.305 3.464 CX24R165
3693.079 24.0 3.446 -0.78 "" ""
3693.084 27.0059 2.079 -2.426 Lawle15HFS ""
3693.086 106.00112 1.705 -8.049 3.464 CX24Q175
3693.086 27.0059 2.079 -2.038 Lawle15HFS ""
3693.091 27.0059 2.079 -1.783 Lawle15HFS ""
3693.091 27.0059 2.079 -2.171 Lawle15HFS ""
3693.095 27.0059 2.079 -2.456 Lawle15HFS ""
3693.097 27.0059 2.079 -1.983 Lawle15HFS ""
3693.098 27.0059 2.079 -1.585 Lawle15HFS ""
3693.104 27.0059 2.079 -2.426 Lawle15HFS ""
3693.105 27.0059 2.079 -1.892 Lawle15HFS ""
3693.108 27.0059 2.079 -1.421 Lawle15HFS ""
3693.116 27.0059 2.079 -1.87 Lawle15HFS ""
3693.116 27.0059 2.079 -2.477 Lawle15HFS ""
3693.122 27.0059 2.079 -1.28 Lawle15HFS ""
3693.123 26.0 3.632 -2.21 "" ""
3693.13 27.0059 2.079 -1.924 Lawle15HFS ""
3693.13 27.0059 2.079 -2.602 Lawle15HFS ""
3693.147 27.0059 2.079 -2.12 Lawle15HFS ""
3693.147 27.0059 2.079 -2.824 Lawle15HFS ""
3693.148 106.00112 0.874 -4.31 3.464 AX42P105
3693.153 106.00112 0.874 -6.149 3.464 AX42Q105
3693.168 27.0059 2.079 -3.235 Lawle15HFS ""
3693.18 24.1 5.867 -3.54 "" ""
3693.198 607.01214 2.626 -1.733 7.724 1211Rb0095
3693.224 607.01214 2.626 -4.079 7.724 1211Qd0105
3693.23 42.0 2.474 -1.36 "" ""
3693.246 106.00112 0.874 -4.263 3.464 AX42P115
3693.255 27.0 1.739 -2.78 "" ""
3693.257 607.01214 2.626 -1.7 7.724 1211Ra0105
3693.286 106.00113 0.228 -1.7 3.464 BX10Q105
3693.321 106.00113 0.228 -4.722 3.464 BX10R105
3693.343 27.0059 2.006 -2.391 Lawle15HFS ""
3693.346 106.00112 1.109 -8.337 3.464 AX53R095
3693.354 27.0059 2.006 -2.245 Lawle15HFS ""
3693.361 27.0059 2.006 -2.266 Lawle15HFS ""
3693.362 27.0059 2.006 -1.924 Lawle15HFS ""
3693.363 41.0 0.619 -1.08 "" ""
3693.371 42.0 1.419 -1.74 "" ""
3693.373 23.1 1.554 -3.87 "" ""
3693.375 27.0059 2.006 -2.245 Lawle15HFS ""
3693.385 27.0059 2.006 -2.722 Lawle15HFS ""
3693.386 106.00113 0.228 -4.719 3.464 BX10P115
3693.389 106.00112 0.229 -1.7 3.464 BX10Q105
3693.396 106.00112 0.229 -4.722 3.464 BX10R105
3693.421 106.00113 0.228 -1.66 3.464 BX10Q115
3693.424 25.0 3.769 -1.53 "" ""
3693.436 58.1 1.273 -0.1 "" ""
3693.45 25.1 4.934 -4.96 "" ""
3693.458 106.00113 0.703 -7.637 3.464 AX20P195
3693.459 23.0 1.349 -3.25 "" ""
3693.46 27.0059 2.041 -1.777 Lawle15HFS ""
3693.463 106.00112 0.229 -4.719 3.464 BX10P115
3693.463 607.01214 2.622 -1.771 7.724 1211Rb0085
3693.469 27.0059 2.041 -1.366 Lawle15HFS ""
3693.469 27.0059 2.041 -1.663 Lawle15HFS ""
3693.476 27.0059 2.041 -1.788 Lawle15HFS ""
3693.476 27.0059 2.041 -1.982 Lawle15HFS ""
3693.479 106.00112 1.016 -7.072 3.464 AX53R055
3693.481 27.0059 2.041 -7.76 Lawle15HFS ""
3693.482 607.01214 2.622 -4.034 7.724 1211Qd0095
3693.485 27.0059 2.041 -1.777 Lawle15HFS ""
3693.485 27.0059 2.041 -1.964 Lawle15HFS ""
3693.488 27.0059 2.041 -1.663 Lawle15HFS ""
3693.491 27.0059 2.041 -1.788 Lawle15HFS ""
3693.507 607.01214 2.622 -1.733 7.724 1211Ra0095
3693.528 106.00112 0.229 -1.66 3.464 BX10Q115
3693.556 24.0 2.542 -2.54 "" ""
3693.603 106.00112 1.016 -7.054 3.464 AX53R055
3693.641 23.0 1.891 -6.54 "" ""
3693.667 25.0 4.229 0.56 "" ""
3693.687 27.0 1.739 -2.95 "" ""
3693.696 92.1 0.935 -0.3 "" ""
3693.712 58.1 1.026 -0.64 "" ""
3693.728 607.01314 2.554 -2.767 7.724 1211Qc0005
3693.731 607.01314 2.554 -2.465 7.724 1211Pa0015
3693.746 607.01214 2.618 -1.815 7.724 1211Rb0075
3693.76 607.01214 2.618 -3.984 7.724 1211Qd0085
3693.775 26.0 1.556 -3.72 "" ""
3693.78 607.01214 2.618 -1.771 7.724 1211Ra0085
3693.843 22.0 1.748 -8.31 "" ""
3693.871 66.0 1.446 0.63 "" ""
3693.902 90.1 1.547 -0.14 "" ""
3693.924 23.0 1.194 -3.89 "" ""
3693.931 28.0 0.109 -2.66 "" ""
3693.946 24.1 5.869 -2.04 "" ""
3693.99 62.1 0.0 -0.64 LAWLER ""
3694.006 26.0 3.036 -0.01 "" ""
3694.028 106.00113 1.204 -9.809 3.464 CX13Q125
3694.037 64.1 0.382 -1.02 "" ""
3694.045 607.01214 2.615 -1.865 7.724 1211Rb0065
3694.051 106.00113 1.204 -7.941 3.464 AX53R125
3694.058 607.01214 2.615 -3.929 7.724 1211Qd0075
3694.074 607.01214 2.615 -1.815 7.724 1211Ra0075
3694.084 25.0 2.886 -1.85 "" ""
3694.093 106.00112 0.778 -8.61 3.464 CX02R085
3694.095 22.0 2.015 -2.57 "" ""
3694.112 24.0 2.543 -1.93 "" ""
3694.122 24.0 3.09 -6.86 "" ""
3694.139 70.1171 0.0 -0.9 LAWLERHFS ""
3694.149 24.0 2.543 -2.78 "" ""
3694.157 25.0 4.265 -0.48 "" ""
3694.167 70.1173 0.0 -0.79 LAWLERHFS ""
3694.175 607.01314 2.554 -3.166 7.724 1211Qc0015
3694.175 70.1173 0.0 -0.88 LAWLERHFS ""
3694.177 607.01314 2.554 -2.209 7.724 1211Pa0025
3694.178 70.117 0.0 -0.3 LAWLERHFS ""
3694.181 22.0 0.818 -6.23 "" ""
3694.189 70.1172 0.0 -0.3 LAWLERHFS ""
3694.195 70.1174 0.0 -0.3 LAWLERHFS ""
3694.197 70.1171 0.0 -0.6 LAWLERHFS ""
3694.201 70.1176 0.0 -0.3 LAWLERHFS ""
3694.206 70.1171 0.0 -0.9 LAWLERHFS ""
3694.207 26.0 2.843 -7.03 "" ""
3694.214 607.01314 2.554 -2.465 7.724 1211Pb0015
3694.215 70.1173 0.0 -1.33 LAWLERHFS ""
3694.221 106.00113 1.205 -7.788 3.464 CX13R115
3694.223 23.0 2.121 -3.69 "" ""
3694.223 70.1173 0.0 -0.79 LAWLERHFS ""
3694.253 106.00112 0.734 -7.112 3.464 AX31P145
3694.257 25.0 3.769 -2.3 "" ""
3694.275 22.0 2.248 -2.15 "" ""
3694.284 106.00113 1.204 -9.675 3.464 CX13R125
3694.308 68.1 1.618 -0.66 LAWLER ""
3694.31 23.0 2.364 -3.57 "" ""
3694.31 62.1 0.484 -1.16 LAWLER ""
3694.336 21.0 1.968 -2.56 "" ""
3694.365 607.01214 2.612 -1.923 7.724 1211Rb0055
3694.371 22.0 2.235 -1.96 "" ""
3694.375 607.01214 2.612 -3.868 7.724 1211Qd0065
3694.388 607.01214 2.612 -1.865 7.724 1211Ra0065
3694.42 66.1 0.92 -1.06 LAWLER ""
3694.422 26.0 3.412 -2.74 "" ""
3694.43 27.1 5.065 -1.7 "" ""
3694.441 22.0 1.442 -0.62 LAWLER ""
3694.456 26.0 3.036 -3.15 "" ""
3694.501 73.1 1.796 0.15 "" ""
3694.578 23.0 2.614 -2.1 "" ""
3694.583 21.0 2.294 -1.12 "" ""
3694.601 42.0 2.521 -1.83 "" ""
3694.611 23.0 2.073 -0.49 "" ""
3694.627 23.0 1.194 -2.1 "" ""
3694.631 106.00112 1.576 -10.508 3.464 CX02R235
3694.638 607.01314 2.556 -3.359 7.724 1211Qc0025
3694.64 607.01314 2.556 -2.053 7.724 1211Pa0035
3694.66 41.0 1.428 -0.28 "" ""
3694.665 22.0 2.083 -1.19 "" ""
3694.68 106.00112 1.576 -5.517 3.464 CX02Q245
3694.703 607.01214 2.61 -1.993 7.724 1211Rb0045
3694.703 607.01314 2.556 -2.209 7.724 1211Pb0025
3694.711 607.01214 2.61 -3.798 7.724 1211Qd0055
3694.721 607.01214 2.61 -1.923 7.724 1211Ra0055
3694.724 607.01314 2.728 -1.32 7.724 1211Ra0295
3694.733 106.00113 1.205 -7.903 3.464 AX53R125
3694.735 69.1 0.029 -1.35 "" ""
3694.736 106.00112 1.576 -5.438 3.464 CX02Q235
3694.785 106.00112 1.576 -8.629 3.464 CX02P245
3694.805 25.0 4.265 -2.59 "" ""
3694.81 66.1 0.1 -0.11 LAWLER ""
3694.82 106.00112 0.708 -7.695 3.464 AX20P195
3694.821 69.1 2.981 1.03 "" ""
3694.835 22.0 0.818 -5.32 "" ""
3694.849 42.0 2.644 -1.5 "" ""
3694.879 106.00113 0.731 -7.112 3.464 AX31P145
3694.903 23.0 2.573 -4.71 "" ""
3694.908 58.1 0.295 -0.91 LAWLER ""
3694.939 42.0 2.062 -0.04 "" ""
3694.951 45.0 1.675 -0.78 "" ""
3694.967 25.0 5.108 -4.01 "" ""
3694.973 24.1 5.315 -2.9 "" ""
3694.985 42.0 2.494 -1.36 "" ""
3695.009 26.0 3.069 -3.48 "" ""
3695.038 106.00113 1.142 -7.013 3.464 AX20Q255
3695.052 26.0 3.045 -0.34 "" ""
3695.053 26.0 2.586 -1.62 "" ""
3695.059 607.01214 2.608 -2.078 7.724 1211Rb0035
3695.065 607.01214 2.608 -3.715 7.724 1211Qd0045
3695.069 26.0 3.069 -5.77 "" ""
3695.073 607.01214 2.608 -1.993 7.724 1211Ra0045
3695.076 106.00113 1.142 -4.306 3.464 AX20P265
3695.094 106.00112 1.657 -4.305 3.464 CX24R165
3695.119 607.01314 2.557 -3.49 7.724 1211Qc0035
3695.121 607.01314 2.557 -1.941 7.724 1211Pa0045
3695.13 22.1 4.006 -1.11 "" ""
3695.158 106.00113 1.142 -4.341 3.464 AX20P255
3695.161 24.0 3.842 -2.72 "" ""
3695.166 106.00112 1.657 -4.398 3.464 CX24R155
3695.168 23.1 2.508 -1.68 "" ""
3695.171 23.1 3.121 -2.93 "" ""
3695.175 106.00112 1.139 -10.053 3.464 AX53R105
3695.185 106.00112 1.657 -8.128 3.464 CX24Q165
3695.204 607.01314 2.557 -2.053 7.724 1211Pb0035
3695.296 106.00113 1.34 -7.474 3.464 CX24R075
3695.322 27.1 5.051 -1.83 "" ""
3695.322 29.0 5.57 -1.65 "" ""
3695.335 26.0 4.14 -0.87 "" ""
3695.339 23.0 2.123 0.76 LAWNOHFS ""
3695.352 106.00113 0.704 -7.695 3.464 AX20P195
3695.375 23.0 2.636 -4.15 "" ""
3695.38 73.0 1.461 -1.1 "" ""
3695.392 106.00112 0.735 -7.157 3.464 AX31P145
3695.425 106.00113 1.371 -4.526 3.464 AX42R215
3695.434 607.01214 2.606 -2.188 7.724 1211Rb0025
3695.438 607.01214 2.606 -3.614 7.724 1211Qd0035
3695.443 106.00113 1.371 -4.979 3.464 AX42R205
3695.443 607.01214 2.606 -2.078 7.724 1211Ra0035
3695.444 25.0 4.657 -4.12 "" ""
3695.496 106.00113 1.371 -7.341 3.464 AX42Q215
3695.505 106.00112 1.148 -7.013 3.464 AX20Q255
3695.515 26.0 2.557 -2.64 "" ""
3695.516 26.0 3.414 -5.33 "" ""
3695.519 45.0 1.984 0.73 "" ""
3695.555 106.00112 1.148 -4.306 3.464 AX20P265
3695.557 106.00113 1.087 -7.131 3.464 AX42R155
3695.574 106.00112 1.148 -4.341 3.464 AX20P255
3695.59 106.00113 1.087 -4.079 3.464 AX42Q155
3695.605 26.0 3.639 -2.57 "" ""
3695.618 607.01314 2.559 -3.591 7.724 1211Qc0045
3695.619 607.01314 2.559 -1.852 7.724 1211Pa0055
3695.642 106.00113 1.087 -4.108 3.464 AX42Q165
3695.644 106.00112 1.793 -6.493 3.464 CX35R135
3695.645 106.00112 1.139 -10.02 3.464 AX53R105
3695.674 106.00113 1.087 -6.062 3.464 AX42P165
3695.69 106.00112 1.0 -6.875 3.464 AX53R045
3695.719 607.01314 2.559 -1.941 7.724 1211Pb0045
3695.73 106.00112 1.523 -7.741 3.464 AX41P265
3695.73 22.0 1.066 -2.54 "" ""
3695.754 23.0 0.017 -3.74 "" ""
3695.77 106.00112 1.0 -6.859 3.464 AX53R045
3695.811 106.00113 1.513 -7.741 3.464 AX41P265
3695.825 607.01214 2.605 -2.34 7.724 1211Rb0015
3695.829 607.01214 2.605 -3.482 7.724 1211Qd0025
3695.833 607.01214 2.605 -2.188 7.724 1211Ra0025
3695.848 24.0 3.446 -1.07 "" ""
3695.852 23.0051 0.267 -1.307 LAWLER ""
3695.852 26.1 5.565 -3.45 "" ""
3695.857 23.0051 0.267 -1.193 LAWLER ""
3695.86 23.0 2.113 -3.82 "" ""
3695.861 23.0051 0.267 -0.896 LAWLER ""
3695.861 23.0051 0.267 -1.318 LAWLER ""
3695.865 23.0051 0.267 -1.512 LAWLER ""
3695.867 23.0051 0.267 -9.29 LAWLER ""
3695.869 23.0051 0.267 -1.494 LAWLER ""
3695.874 23.0051 0.267 -1.193 LAWLER ""
3695.874 23.0051 0.267 -1.307 LAWLER ""
3695.874 23.0051 0.267 -1.318 LAWLER ""
3695.875 22.0 2.159 -4.06 "" ""
3695.9 41.1 1.82 -0.62 Nilsson10 ""
3695.917 25.1 5.414 -1.97 "" ""
3695.956 106.00112 0.098 -4.418 3.464 BX10P065
3695.957 58.1 1.353 -0.14 "" ""
3695.966 106.00113 1.435 -7.309 3.464 AX52P215
3695.967 106.00113 0.097 -4.418 3.464 BX10P065
3695.974 90.1 1.377 -0.58 "" ""
3696.015 106.00113 0.732 -7.156 3.464 AX31P145
3696.033 26.0 2.422 -3.63 "" ""
3696.042 42.0 3.714 -0.09 "" ""
3696.087 23.0 1.892 -1.46 "" ""
3696.106 25.1 6.86 -3.48 "" ""
3696.118 22.0 2.115 -1.92 "" ""
3696.127 58.1 0.495 -1.09 "" ""
3696.134 106.00112 1.209 -7.788 3.464 CX13R115
3696.134 607.01314 2.562 -3.673 7.724 1211Qc0055
3696.142 607.01314 2.562 -1.779 7.724 1211Pa0065
3696.144 106.00112 1.209 -9.675 3.464 CX13R125
3696.171 22.1 3.999 -2.92 "" ""
3696.206 106.00112 1.209 -9.808 3.464 CX13Q125
3696.239 607.01214 2.604 -2.34 7.724 1211Ra0015
3696.239 607.01214 2.604 -2.593 7.724 1211Rb0005
3696.239 607.01214 2.604 -3.29 7.724 1211Qd0015
3696.248 607.01314 2.562 -1.852 7.724 1211Pb0055
3696.249 68.1 0.886 -0.49 LAWLER ""
3696.29 28.0 1.934 -3.11 "" ""
3696.294 25.0 4.265 -1.93 "" ""
3696.362 22.1 1.565 -2.02 "" ""
3696.521 72.0 0.292 -1.26 "" ""
3696.54 25.0 2.886 -0.79 "" ""
3696.54 25.0 2.951 -5.56 "" ""
3696.562 39.1 4.0 0.0 "" ""
3696.568 26.0 3.045 -5.8 "" ""
3696.579 106.00113 0.976 -6.422 3.464 AX53R025
3696.581 44.0 1.316 -0.78 "" ""
3696.585 21.0 2.336 -3.42 "" ""
3696.592 24.0 4.093 -2.38 "" ""
3696.598 106.00113 0.976 -6.412 3.464 AX53R025
3696.645 28.0 1.934 -2.7 "" ""
3696.647 90.1 1.165 -1.12 "" ""
3696.665 607.01214 2.603 -2.593 7.724 1211Ra0005
3696.666 607.01214 2.603 -2.891 7.724 1211Qd0005
3696.669 607.01314 2.564 -3.743 7.724 1211Qc0065
3696.676 607.01314 2.564 -1.717 7.724 1211Pa0075
3696.754 24.1 4.916 -3.46 "" ""
3696.757 106.00113 1.088 -7.15 3.464 AX42R155
3696.758 64.1 1.405 -0.22 "" ""
3696.774 106.00113 1.088 -4.108 3.464 AX42Q165
3696.792 106.00113 1.088 -4.079 3.464 AX42Q155
3696.793 607.01314 2.564 -1.779 7.724 1211Pb0065
3696.805 26.0 3.015 -3.64 "" ""
3696.809 106.00113 1.088 -6.044 3.464 AX42P165
3696.829 106.00113 0.948 -9.611 3.464 CX02Q135
3696.831 26.0 3.957 -1.59 "" ""
3696.86 23.0 1.868 -5.24 "" ""
3696.884 22.0 1.995 -0.96 "" ""
3696.903 28.0 3.676 -1.03 "" ""
3696.924 68.1 2.098 0.56 "" ""
3696.933 64.0 0.0 -1.22 "" ""
3696.948 66.1 3.093 1.12 "" ""
3696.986 26.0 4.183 -2.31 "" ""
3697.03 90.1 0.764 -1.52 "" ""
3697.044 21.1 1.496 -1.88 "" ""
3697.077 106.00113 0.949 -6.202 3.464 CX02R125
3697.084 106.00113 0.359 -1.934 3.464 BX10R135
3697.112 23.0 1.847 -4.73 "" ""
3697.125 106.00113 0.948 -6.225 3.464 CX02R135
3697.127 92.0 0.471 -0.11 "" ""
3697.152 1.0 10.191 -2.24 "" ""
3697.161 60.1 1.593 0.18 "" ""
3697.189 22.0 0.825 -7.45 "" ""
3697.196 106.00113 0.359 -7.267 3.464 BX10Q145
3697.203 106.00112 1.091 -7.13 3.464 AX42R155
3697.222 607.01314 2.568 -3.804 7.724 1211Qc0075
3697.23 106.00113 1.372 -4.527 3.464 AX42R215
3697.232 607.01314 2.568 -1.663 7.724 1211Pa0085
3697.243 106.00112 1.091 -4.079 3.464 AX42Q155
3697.243 106.00113 0.359 -1.915 3.464 BX10R145
3697.264 106.00113 0.463 -4.907 3.464 BX10R165
3697.292 106.00112 1.091 -4.107 3.464 AX42Q165
3697.294 106.00113 1.372 -7.308 3.464 AX42Q215
3697.31 66.1 0.93 -0.7 LAWLER ""
3697.32 22.0 2.091 -0.91 "" ""
3697.329 106.00113 1.372 -4.98 3.464 AX42R205
3697.332 106.00112 1.091 -6.061 3.464 AX42P165
3697.35 607.01314 2.568 -1.717 7.724 1211Pb0075
3697.386 41.0 0.739 -1.05 "" ""
3697.409 27.0 3.527 -7.53 "" ""
3697.425 26.0 2.996 -0.53 "" ""
3697.43 42.0 2.621 -1.84 "" ""
3697.457 40.1 0.466 -0.78 Ljung06 ""
3697.475 23.0 2.614 -0.24 "" ""
3697.502 26.0 3.265 -1.38 "" ""
3697.518 22.0 2.173 -4.12 "" ""
3697.528 60.1 1.561 0.84 "" ""
3697.536 26.0 3.298 -2.06 "" ""
3697.544 106.00112 1.345 -7.474 3.464 CX24R075
3697.575 607.01214 2.604 -2.891 7.724 1211Qc0005
3697.576 607.01214 2.604 -2.588 7.724 1211Pa0015
3697.668 58.1 0.899 -0.39 "" ""
3697.68 68.0 0.954 0.66 "" ""
3697.695 23.1 3.755 -3.54 "" ""
3697.703 75.0 3.363 0.2 "" ""
3697.709 21.0 1.968 -4.06 "" ""
3697.722 106.00112 1.612 -4.397 3.464 CX24R155
3697.73 64.1 0.032 -0.34 LAWLER ""
3697.744 23.0 1.182 -3.27 "" ""
3697.762 44.0 1.087 -1.24 "" ""
3697.779 106.00112 1.612 -4.492 3.464 CX24R145
3697.792 607.01314 2.571 -3.858 7.724 1211Qc0085
3697.794 24.0 3.844 -2.24 "" ""
3697.803 607.01314 2.571 -1.616 7.724 1211Pa0095
3697.808 106.00112 1.612 -8.203 3.464 CX24Q155
3697.811 23.1 6.019 -2.77 "" ""
3697.812 22.0 1.052 -5.65 "" ""
3697.833 106.00113 1.145 -4.307 3.464 AX20P265
3697.835 26.1 5.566 -4.34 "" ""
3697.839 23.0 2.576 -3.01 "" ""
3697.846 41.0 0.049 -0.26 "" ""
3697.887 25.1 4.797 -5.9 "" ""
3697.893 106.00113 1.145 -7.053 3.464 AX20Q255
3697.923 607.01314 2.571 -1.663 7.724 1211Pb0085
3697.927 92.1 1.085 -0.33 "" ""
3697.94 21.0 2.301 -1.1 "" ""
3697.955 106.00113 1.437 -7.369 3.464 AX52P215
3697.96 66.1 1.17 -1.51 LAWLER ""
3697.969 25.0 4.341 -2.22 "" ""
3697.989 106.00113 1.145 -4.341 3.464 AX20P255
3697.993 24.1 4.771 -1.03 "" ""
3698.012 22.0 1.979 -4.84 "" ""
3698.027 26.0 2.196 -2.19 "" ""
3698.033 22.0 1.501 -3.79 "" ""
3698.056 607.01214 2.605 -3.29 7.724 1211Qc0015
3698.059 607.01214 2.605 -2.332 7.724 1211Pa0025
3698.059 607.01214 2.605 -2.588 7.724 1211Pb0015
3698.066 26.0 3.299 -1.48 "" ""
3698.074 42.0 3.185 -0.82 "" ""
3698.104 25.0 4.682 -2.7 "" ""
3698.105 77.0 2.361 -0.65 "" ""
3698.106 90.0 1.215 0.2 "" ""
3698.132 58.1 0.521 -1.07 "" ""
3698.139 106.00113 1.031 -8.897 3.464 CX13R065
3698.152 40.1 1.01 0.09 "" ""
3698.157 26.0 3.036 -1.71 "" ""
3698.165 42.0 3.075 -1.56 "" ""
3698.169 24.0 3.432 -2.02 "" ""
3698.174 22.0 2.248 -0.25 "" ""
3698.21 66.1 1.41 0.19 LAWLER ""
3698.216 27.0 3.189 -5.18 "" ""
3698.233 27.0 1.709 -2.54 "" ""
3698.239 42.0 2.274 -2.13 "" ""
3698.257 45.0 1.364 -0.71 "" ""
3698.28 22.0 2.693 -2.74 "" ""
3698.308 27.0 3.126 -6.26 "" ""
3698.329 106.00112 1.151 -4.307 3.464 AX20P265
3698.335 106.00113 1.499 -8.558 3.464 CX02P235
3698.369 58.1 0.808 -0.71 BIEMONT ""
3698.379 106.00112 1.151 -7.053 3.464 AX20Q255
3698.381 607.01314 2.575 -3.907 7.724 1211Qc0095
3698.388 607.01314 2.575 -1.574 7.724 1211Pa0105
3698.391 72.1 2.152 -0.21 "" ""
3698.416 22.0 1.442 -3.84 "" ""
3698.421 106.00113 0.156 -2.031 3.464 BX10P085
3698.429 106.00112 1.092 -7.15 3.464 AX42R155
3698.447 106.00113 0.156 -7.329 3.464 BX10Q085
3698.448 106.00112 1.151 -4.341 3.464 AX20P255
3698.453 106.00112 1.092 -4.107 3.464 AX42Q165
3698.465 106.00112 0.156 -2.031 3.464 BX10P085
3698.469 106.00112 1.092 -4.079 3.464 AX42Q155
3698.47 106.00112 1.172 -8.634 3.464 AX53R115
3698.493 106.00112 0.156 -7.329 3.464 BX10Q085
3698.493 106.00112 1.092 -6.044 3.464 AX42P165
3698.511 607.01314 2.575 -1.616 7.724 1211Pb0095
3698.555 607.01214 2.606 -2.332 7.724 1211Pb0025
3698.555 607.01214 2.606 -3.483 7.724 1211Qc0025
3698.561 607.01214 2.606 -2.177 7.724 1211Pa0035
3698.595 45.0 1.984 0.33 "" ""
3698.597 70.1 4.439 -0.64 "" ""
3698.603 26.0 3.015 -1.26 "" ""
3698.637 106.00113 0.156 -1.992 3.464 BX10P095
3698.645 24.0 3.373 -3.23 "" ""
3698.649 58.1 0.357 -0.86 "" ""
3698.651 22.0 1.967 -5.94 "" ""
3698.661 22.0 2.238 -1.18 "" ""
3698.663 106.00112 0.988 -6.664 3.464 AX53R035
3698.69 106.00112 0.157 -1.992 3.464 BX10P095
3698.699 23.1 3.325 -3.76 "" ""
3698.699 27.0 3.102 -5.27 "" ""
3698.707 106.00112 0.988 -6.651 3.464 AX53R035
3698.712 23.0 2.121 -4.3 "" ""
3698.75 26.1 6.083 -3.57 "" ""
3698.756 26.0 3.957 -0.74 "" ""
3698.761 106.00112 0.952 -6.225 3.464 CX02R135
3698.769 106.00112 0.361 -1.933 3.464 BX10R135
3698.776 106.00112 0.952 -6.202 3.464 CX02R125
3698.831 76.0 1.84 -1.5 "" ""
3698.836 106.00112 0.952 -9.611 3.464 CX02Q135
3698.882 106.00112 0.361 -7.267 3.464 BX10Q145
3698.888 20.0 4.76 -2.94 "" ""
3698.908 106.00113 1.5 -5.382 3.464 CX02Q225
3698.922 106.00113 1.499 -5.439 3.464 CX02Q235
3698.923 14.0 0.78 -8.22 "" ""
3698.928 106.00112 0.361 -1.915 3.464 BX10R145
3698.957 25.0 4.824 -3.52 "" ""
3698.963 106.00112 1.758 -6.498 3.464 CX35R125
3698.987 607.01314 2.58 -3.952 7.724 1211Qc0105
3698.988 106.00113 1.243 -7.551 3.464 AX53R135
3698.989 22.0 2.316 -3.79 "" ""
3698.994 607.01314 2.58 -1.536 7.724 1211Pa0115
3699.01 27.0 2.872 -1.25 "" ""
3699.014 26.0 3.015 -2.98 "" ""
3699.017 24.0 3.836 -4.24 "" ""
3699.033 106.00112 1.173 -8.598 3.464 AX53R115
3699.035 23.0 2.357 -3.36 "" ""
3699.066 26.0 3.94 -3.23 "" ""
3699.069 607.01214 2.608 -2.177 7.724 1211Pb0035
3699.073 607.01214 2.608 -3.614 7.724 1211Qc0035
3699.08 607.01214 2.608 -2.064 7.724 1211Pa0045
3699.106 29.0 5.72 -1.64 "" ""
3699.115 607.01314 2.58 -1.574 7.724 1211Pb0105
3699.13 24.0 3.102 -3.57 "" ""
3699.133 24.0 4.204 -1.08 "" ""
3699.134 24.1 6.28 -2.41 "" ""
3699.139 26.0 3.015 -1.19 "" ""
3699.208 28.0 3.696 -2.61 "" ""
3699.337 22.0 2.479 -3.1 "" ""
3699.396 27.0 3.189 -5.28 "" ""
3699.404 26.0 3.926 -2.47 "" ""
3699.405 74.0 2.434 -0.13 "" ""
3699.471 23.0 1.375 -1.49 LAWNOHFS ""
3699.495 106.00113 1.5 -10.328 3.464 CX02R225
3699.549 27.0 1.954 -3.67 "" ""
3699.55 26.0 3.015 -5.45 "" ""
3699.603 607.01214 2.61 -2.064 7.724 1211Pb0045
3699.609 607.01314 2.585 -3.993 7.724 1211Qc0115
3699.61 607.01214 2.61 -3.716 7.724 1211Qc0045
3699.618 607.01214 2.61 -1.975 7.724 1211Pa0055
3699.618 607.01314 2.585 -1.502 7.724 1211Pa0125
3699.637 24.0 3.367 -3.44 "" ""
3699.646 24.0 4.851 -4.18 "" ""
3699.731 72.1 1.671 -0.3 "" ""
3699.735 607.01314 2.585 -1.536 7.724 1211Pb0115
3699.74 64.1 0.354 -0.29 LAWLER ""
3699.779 26.0 3.632 -5.62 "" ""
3699.788 106.00113 1.244 -7.51 3.464 AX53R135
