wavelength species excitation loggf disassociation_energy comment
4072.98 73.0 1.907 -1.08 "" ""
4072.999 22.0 0.825 -3.62 "" ""
4072.999 44.0 1.138 -1.26 "" ""
4073.0 106.00112 1.395 -4.213 3.464 AX54Q095
4073.006 106.00112 1.395 -2.5 3.464 AX54R095
4073.08 41.1 1.83 -1.36 Nilsson10 ""
4073.083 106.00112 1.832 -7.857 3.464 CX25R135
4073.099 106.00112 1.656 -4.91 3.464 AX54R165
4073.102 106.00112 1.291 -8.009 3.464 CX14R045
4073.12 66.1 0.54 -0.32 LAWLER ""
4073.146 23.0 1.954 -4.04 "" ""
4073.146 74.0 1.867 -0.93 "" ""
4073.174 106.00112 1.832 -4.281 3.464 CX25Q135
4073.186 106.00112 1.832 -4.218 3.464 CX25Q145
4073.19 607.01314 3.408 -3.215 7.724 1515Qc0095
4073.19 64.1 0.427 -0.85 LAWLER ""
4073.193 24.0 3.11 -2.82 "" ""
4073.197 29.0 4.97 -1.78 "" ""
4073.199 106.00113 1.276 -3.192 3.464 AX54Q025
4073.218 607.01314 3.408 -0.895 7.724 1515Pa0105
4073.234 607.01314 3.408 -0.938 7.724 1515Pb0095
4073.245 106.00112 1.02 -8.387 3.464 AX21P195
4073.266 106.00113 1.276 -3.191 3.464 AX54Q025
4073.266 24.0 4.446 -2.79 "" ""
4073.269 106.00113 0.408 -2.028 3.464 BX11P055
4073.278 106.00112 1.832 -7.694 3.464 CX25P145
4073.285 106.00113 0.408 -7.155 3.464 BX11Q055
4073.303 106.00112 1.395 -2.573 3.464 AX54R085
4073.344 24.0 2.985 -3.12 "" ""
4073.384 106.00113 1.276 -3.829 3.464 AX54R025
4073.449 106.00112 1.395 -4.198 3.464 AX54Q095
4073.451 106.00113 1.276 -3.834 3.464 AX54R025
4073.455 106.00112 1.395 -2.5 3.464 AX54R095
4073.464 6.0 7.482 -5.08 "" ""
4073.474 58.1 0.477 0.21 LAWLER ""
4073.497 106.00112 1.601 -5.381 3.464 AX21Q275
4073.506 41.0 1.913 -0.23 "" ""
4073.552 25.1 6.86 -4.4 "" ""
4073.553 106.00112 1.601 -3.369 3.464 AX21P285
4073.581 106.00112 1.601 -3.528 3.464 AX21P275
4073.624 106.00113 0.408 -1.99 3.464 BX11P065
4073.629 26.0 3.639 -4.59 "" ""
4073.666 20.0 5.881 -6.6 "" ""
4073.72 65.1 0.771 -0.83 LAWNOHFS ""
4073.734 58.1 1.047 -0.18 "" ""
4073.742 58.1 1.122 0.13 BIEMONT ""
4073.75 64.1 0.818 0.04 LAWLER ""
4073.762 26.0 3.263 -0.97 DEN14 ""
4073.765 106.00113 1.276 -4.057 3.464 AX54P035
4073.78 23.1 3.121 -0.92 "" ""
4073.806 27.0 4.229 -1.6 "" ""
4073.816 106.00113 1.276 -4.054 3.464 AX54P035
4073.84 24.0 3.011 -4.82 "" ""
4073.859 20.0 4.677 -4.77 "" ""
4073.876 106.00113 1.372 -3.271 3.464 AX32P215
4073.904 106.00112 1.798 -1.996 3.464 AX32Q275
4073.92 106.00113 1.372 -5.188 3.464 AX32Q205
4073.95 106.00113 1.276 -3.0 3.464 AX54Q035
4073.965 106.00112 1.798 -4.594 3.464 AX32R265
4073.98 607.01314 3.412 -3.258 7.724 1515Qc0105
4073.99 66.1 1.46 -0.99 LAWLER ""
4073.992 106.00113 0.488 -1.753 3.464 BX11Q085
4073.999 25.0 4.317 -1.24 "" ""
4074.001 106.00113 1.276 -3.001 3.464 AX54Q035
4074.003 68.1 1.56 -0.21 "" ""
4074.012 607.01314 3.412 -0.856 7.724 1515Pa0115
4074.027 106.00113 0.488 -4.713 3.464 BX11R085
4074.027 607.01314 3.412 -0.895 7.724 1515Pb0105
4074.033 106.00112 1.798 -4.997 3.464 AX32P275
4074.035 106.00112 0.735 -5.32 3.464 BX11R155
4074.058 106.00113 1.533 -2.154 3.464 AX43Q195
4074.059 106.00113 1.372 -3.372 3.464 AX32P205
4074.063 106.00113 0.841 -4.358 3.464 AX00R225
4074.07 106.00113 1.533 -4.478 3.464 AX43R185
4074.077 25.0 5.108 -1.15 "" ""
4074.094 106.00112 1.798 -2.084 3.464 AX32Q265
4074.119 26.1 5.906 -3.14 "" ""
4074.124 106.00113 1.533 -4.81 3.464 AX43P195
4074.136 106.00113 1.533 -2.224 3.464 AX43Q185
4074.164 106.00113 0.488 -4.592 3.464 BX11P095
4074.191 23.0 2.121 -0.37 "" ""
4074.199 106.00113 0.488 -1.736 3.464 BX11Q095
4074.231 106.00112 1.056 -8.853 3.464 CX03R075
4074.256 24.0 3.887 -3.74 "" ""
4074.32 106.00112 0.409 -2.028 3.464 BX11P055
4074.34 106.00112 0.409 -7.154 3.464 BX11Q055
4074.348 22.0 2.152 -3.76 "" ""
4074.351 22.0 2.316 -0.77 "" ""
4074.357 74.0 0.366 -0.71 "" ""
4074.358 24.0 3.077 -2.36 "" ""
4074.361 21.0 1.968 -2.06 "" ""
4074.375 28.0 3.737 -2.39 "" ""
4074.395 106.00112 1.657 -4.862 3.464 AX54R165
4074.399 23.0 1.944 -1.51 "" ""
4074.407 60.1 0.63 -0.73 "" ""
4074.413 106.00113 1.34 -5.951 3.464 CX14R065
4074.414 106.00112 1.581 -5.391 3.464 CX25R045
4074.429 24.0 3.09 -4.44 "" ""
4074.436 20.0 5.916 -3.7 "" ""
4074.454 106.00113 1.34 -8.876 3.464 CX14Q075
4074.468 20.0 4.677 -3.58 "" ""
4074.472 106.00112 1.547 -7.056 3.464 CX25R025
4074.485 92.1 0.217 -1.24 "" ""
4074.495 23.0 2.676 -3.62 "" ""
4074.587 21.0 1.986 -3.08 "" ""
4074.637 106.00113 1.34 -5.852 3.464 CX14R075
4074.644 58.1 0.175 -1.7 LAWLER ""
4074.673 26.0 4.206 -0.9 "" ""
4074.676 106.00112 1.581 -5.273 3.464 CX25R055
4074.676 76.0 1.84 -0.92 "" ""
4074.681 106.00112 0.409 -1.99 3.464 BX11P065
4074.683 27.0 2.716 -3.19 "" ""
4074.696 26.0 3.637 -2.73 "" ""
4074.717 106.00112 1.581 -7.932 3.464 CX25Q055
4074.751 24.0 3.102 -4.62 "" ""
4074.758 106.00113 1.477 -8.875 3.464 CX03P185
4074.786 26.0 3.045 -0.97 "" ""
4074.8 607.01314 3.417 -3.296 7.724 1515Qc0115
4074.824 106.00113 1.596 -3.37 3.464 AX21P285
4074.834 607.01314 3.417 -0.821 7.724 1515Pa0125
4074.846 106.00113 1.168 -9.813 3.464 CX03Q115
4074.851 607.01314 3.417 -0.856 7.724 1515Pb0115
4074.873 106.00113 1.596 -5.425 3.464 AX21Q275
4074.889 28.0 0.422 -4.8 "" ""
4074.891 24.0 4.452 -0.09 "" ""
4074.93 26.0 4.206 -2.43 "" ""
4074.934 106.00113 1.562 -8.179 3.464 CX14P145
4074.944 40.0 0.542 -0.84 "" ""
4074.955 106.00112 1.523 -4.441 3.464 AX11R275
4074.958 21.0045 1.986 -1.8 LAWHFS ""
4074.959 21.0045 1.986 -1.36 LAWHFS ""
4074.961 21.0045 1.986 -1.07 LAWHFS ""
4074.961 21.0045 1.986 -1.49 LAWHFS ""
4074.963 21.0045 1.986 -1.33 LAWHFS ""
4074.963 21.0045 1.986 -1.49 LAWHFS ""
4074.965 21.0045 1.986 -0.86 LAWHFS ""
4074.966 21.0045 1.986 -1.32 LAWHFS ""
4074.966 21.0045 1.986 -1.67 LAWHFS ""
4074.971 21.0045 1.986 -1.48 LAWHFS ""
4074.971 21.0045 1.986 -1.92 LAWHFS ""
4074.977 21.0045 1.986 -2.35 LAWHFS ""
4075.0 106.00113 1.596 -3.528 3.464 AX21P275
4075.032 106.00112 1.442 -4.499 3.464 AX11R265
4075.032 106.00113 1.168 -6.385 3.464 CX03R105
4075.035 23.0 3.236 -4.68 "" ""
4075.058 12.0 2.71 -5.05 "" ""
4075.11 60.1 0.204 -0.48 LAWLER ""
4075.112 106.00112 0.49 -1.753 3.464 BX11Q085
4075.115 21.0 1.985 -1.43 "" ""
4075.144 106.00113 1.168 -6.332 3.464 CX03R115
4075.144 26.0 2.83 -5.46 "" ""
4075.146 106.00112 0.49 -4.713 3.464 BX11R085
4075.181 106.00113 1.562 -4.905 3.464 CX14Q135
4075.19 106.00113 1.477 -5.508 3.464 CX03Q175
4075.19 22.0 2.736 -1.45 "" ""
4075.191 23.0 2.357 -2.94 "" ""
4075.205 20.0 5.917 -3.91 "" ""
4075.244 42.0 2.068 -1.22 "" ""
4075.251 25.0 4.329 -0.86 "" ""
4075.255 106.00113 1.477 -5.455 3.464 CX03Q185
4075.27 60.1 0.064 -0.76 LAWLER ""
4075.275 106.00113 1.562 -4.824 3.464 CX14Q145
4075.286 106.00112 0.49 -4.592 3.464 BX11P095
4075.319 106.00113 1.516 -4.441 3.464 AX11R275
4075.32 106.00112 0.49 -1.736 3.464 BX11Q095
4075.347 23.0 1.194 -4.2 "" ""
4075.449 20.0 5.989 -2.41 "" ""
4075.47 64.1 0.492 -1.86 LAWLER ""
4075.503 90.0 0.317 -1.38 "" ""
4075.512 26.0 4.28 -3.19 "" ""
4075.522 106.00113 1.562 -8.486 3.464 CX14R135
4075.523 106.00113 1.288 -2.976 3.464 AX54Q035
4075.536 106.00113 1.435 -4.499 3.464 AX11R265
4075.546 22.0 0.825 -3.18 "" ""
4075.546 58.1 0.708 -1.35 LAWLER ""
4075.578 29.0 5.773 -0.98 "" ""
4075.623 24.1 3.102 -3.47 "" ""
4075.627 106.00113 0.988 -8.033 3.464 AX10P235
4075.631 27.1 5.065 -3.11 "" ""
4075.635 106.00113 1.288 -2.976 3.464 AX54Q035
4075.648 607.01314 3.422 -3.332 7.724 1515Qc0125
4075.658 23.0 2.357 -2.21 "" ""
4075.66 106.00113 1.288 -3.924 3.464 AX54R035
4075.663 23.1 1.564 -2.91 "" ""
4075.673 106.00113 1.751 -7.67 3.464 CX25P125
4075.685 607.01314 3.422 -0.788 7.724 1515Pa0135
4075.688 106.00113 1.477 -9.385 3.464 CX03R175
4075.7 58.1 0.7 0.23 LAWLER ""
4075.702 607.01314 3.422 -0.821 7.724 1515Pb0125
4075.771 27.0 3.71 -2.98 "" ""
4075.772 106.00113 1.288 -3.93 3.464 AX54R035
4075.804 23.1 3.793 -3.79 "" ""
4075.83 106.00113 1.751 -4.412 3.464 CX25Q115
4075.83 62.1 0.543 -0.43 LAWLER ""
4075.847 58.1 0.608 0.16 LAWLER ""
4075.871 106.00113 1.562 -5.533 3.464 CX25R035
4075.905 106.00113 1.751 -4.347 3.464 CX25Q125
4075.912 24.0 2.706 -3.85 "" ""
4075.917 106.00112 0.994 -8.033 3.464 AX10P235
4075.932 42.0 2.593 -1.5 "" ""
4075.952 106.00113 1.288 -4.123 3.464 AX54P045
4075.954 26.1 2.542 -3.38 "" ""
4075.972 42.0 3.075 -1.83 "" ""
4076.044 106.00113 1.288 -4.119 3.464 AX54P045
4076.062 106.00113 1.751 -7.844 3.464 CX25R115
4076.071 24.0 4.096 -0.21 "" ""
4076.076 106.00113 1.486 -2.383 3.464 AX54R115
4076.082 41.0 0.348 -1.59 "" ""
4076.089 106.00113 1.288 -2.844 3.464 AX54Q045
4076.101 42.0 2.644 -2.09 "" ""
4076.125 27.0 0.581 -3.08 LAWNHFS ""
4076.127 24.0 4.528 -1.57 "" ""
4076.136 24.0 3.09 -3.73 "" ""
4076.163 106.00113 1.562 -7.839 3.464 CX25Q045
4076.181 106.00113 1.288 -2.844 3.464 AX54Q045
4076.191 42.0 2.985 -0.59 "" ""
4076.207 106.00113 1.486 -2.318 3.464 AX54R125
4076.207 26.1 4.728 -4.01 "" ""
4076.208 106.00113 1.486 -4.252 3.464 AX54Q125
4076.219 26.0 3.069 -2.03 "" ""
4076.239 58.1 0.807 -0.42 "" ""
4076.258 106.00113 1.562 -5.388 3.464 CX25R045
4076.36 26.0 3.684 -3.76 "" ""
4076.361 22.0 0.021 -2.88 "" ""
4076.414 22.1 5.203 -4.47 "" ""
4076.472 106.00113 1.789 -4.562 3.464 AX32R265
4076.49 26.0 2.607 -2.11 "" ""
4076.499 42.0 2.932 -1.47 "" ""
4076.5 106.00112 1.793 -7.852 3.464 CX25R125
4076.504 106.00113 1.789 -1.995 3.464 AX32Q275
4076.505 106.00113 0.841 -5.045 3.464 BX10P215
4076.525 40.0 0.519 -1.05 "" ""
4076.526 607.01314 3.427 -3.366 7.724 1515Qc0135
4076.529 42.0 3.779 -1.12 "" ""
4076.533 106.00112 1.424 -2.507 3.464 AX54R095
4076.559 27.0 3.684 -0.81 "" ""
4076.567 607.01314 3.427 -0.758 7.724 1515Pa0145
4076.582 607.01314 3.427 -0.788 7.724 1515Pb0135
4076.585 106.00112 1.793 -4.346 3.464 CX25Q125
4076.614 106.00112 1.793 -4.281 3.464 CX25Q135
4076.62 62.1 0.104 -1.33 LAWLER ""
4076.629 26.0 3.209 -0.59 DEN14 ""
4076.685 92.1 0.113 -1.3 "" ""
4076.692 57.1139 0.0 -3.429 Lawle01HFS ""
4076.693 25.0 4.255 -1.83 "" ""
4076.694 57.1139 0.0 -3.011 Lawle01HFS ""
4076.694 57.1139 0.0 -3.128 Lawle01HFS ""
4076.695 57.1139 0.0 -3.207 Lawle01HFS ""
4076.697 57.1139 0.0 -2.945 Lawle01HFS ""
4076.698 57.1139 0.0 -2.74 Lawle01HFS ""
4076.699 106.00112 1.424 -2.437 3.464 AX54R105
4076.7 106.00112 1.793 -7.683 3.464 CX25P135
4076.7 57.1139 0.0 -3.304 Lawle01HFS ""
4076.702 57.1139 0.0 -2.886 Lawle01HFS ""
4076.703 106.00112 1.424 -4.231 3.464 AX54Q105
4076.703 57.1139 0.0 -2.533 Lawle01HFS ""
4076.705 57.1139 0.0 -3.45 Lawle01HFS ""
4076.708 57.1139 0.0 -2.92 Lawle01HFS ""
4076.709 57.1139 0.0 -2.362 Lawle01HFS ""
4076.712 57.1139 0.0 -3.684 Lawle01HFS ""
4076.715 57.1139 0.0 -3.102 Lawle01HFS ""
4076.72 57.1139 0.0 -4.102 Lawle01HFS ""
4076.723 44.0 1.122 -0.58 "" ""
4076.735 106.00113 1.789 -2.082 3.464 AX32Q265
4076.767 106.00113 1.789 -5.024 3.464 AX32P275
4076.8 26.0 3.263 -1.18 "" ""
4076.85 62.1 0.04 -1.79 LAWLER ""
4076.855 24.1 3.103 -2.76 "" ""
4076.881 26.0 3.263 -1.39 "" ""
4076.898 106.00113 1.487 -2.383 3.464 AX54R115
4076.903 106.00113 1.748 -4.909 3.464 AX54R185
4076.905 26.0 4.281 -1.66 "" ""
4076.975 106.00113 1.487 -2.318 3.464 AX54R125
4076.975 106.00113 1.487 -4.232 3.464 AX54Q125
4077.008 106.00113 1.135 -5.882 3.464 AX43P095
4077.026 22.0 2.394 -4.89 "" ""
4077.046 40.1 0.959 -1.69 Ljung06 ""
4077.08 24.0 2.707 -1.7 "" ""
4077.081 41.0 1.915 -0.28 "" ""
4077.121 25.1 6.806 -5.21 "" ""
4077.131 106.00112 1.424 -2.507 3.464 AX54R095
4077.142 106.00112 1.604 -3.369 3.464 AX21P285
4077.147 22.0 2.159 -0.65 "" ""
4077.186 24.0 4.529 -1.06 "" ""
4077.192 22.0 2.101 -5.16 "" ""
4077.2 26.0 3.639 -2.68 "" ""
4077.209 106.00112 1.604 -5.424 3.464 AX21Q275
4077.239 26.0 4.309 -1.76 "" ""
4077.248 106.00112 1.424 -2.437 3.464 AX54R105
4077.252 106.00112 1.424 -4.214 3.464 AX54Q105
4077.254 27.0 3.626 -4.57 "" ""
4077.275 26.0 3.281 -3.01 "" ""
4077.277 70.1 4.75 -0.43 "" ""
4077.294 106.00112 1.604 -3.528 3.464 AX21P275
4077.309 23.0 2.377 -5.73 "" ""
4077.31 27.0 3.626 -1.15 "" ""
4077.31 57.1139 0.235 -0.583 Lawle01HFS ""
4077.318 57.1139 0.235 -1.072 Lawle01HFS ""
4077.324 57.1139 0.235 -1.771 Lawle01HFS ""
4077.346 57.1139 0.235 -0.876 Lawle01HFS ""
4077.352 57.1139 0.235 -0.956 Lawle01HFS ""
4077.357 57.1139 0.235 -1.331 Lawle01HFS ""
4077.36 39.0 0.0 0.22 "" ""
4077.374 57.1139 0.235 -1.331 Lawle01HFS ""
4077.379 57.1139 0.235 -1.076 Lawle01HFS ""
4077.383 57.1139 0.235 -1.06 Lawle01HFS ""
4077.393 27.0 3.512 -0.41 "" ""
4077.397 22.1 1.242 -6.65 "" ""
4077.432 607.01314 3.433 -3.397 7.724 1515Qc0145
4077.435 106.00113 0.463 -4.347 3.464 BX00P155
4077.443 24.0 4.436 -3.43 "" ""
4077.467 58.1 0.295 -0.44 BIEMONT ""
4077.477 607.01314 3.433 -0.73 7.724 1515Pa0155
4077.483 27.0 3.968 -2.86 "" ""
4077.49 607.01314 3.433 -0.758 7.724 1515Pb0145
4077.511 24.1 3.103 -2.78 "" ""
4077.544 106.00113 1.834 -6.911 3.464 AX53P235
4077.58 45.0 1.675 -1.19 "" ""
4077.586 27.0 3.407 -4.74 "" ""
4077.612 60.1 1.25 -0.04 "" ""
4077.635 106.00113 1.136 -5.911 3.464 AX43P095
4077.655 26.0 4.412 -2.65 "" ""
4077.678 42.0 3.387 -0.85 "" ""
4077.684 24.0 4.093 -0.19 "" ""
4077.714 106.00113 0.638 -2.19 3.464 BX11R125
4077.714 38.1 0.0 0.15 NIST/AA ""
4077.785 92.0 0.87 0.16 "" ""
4077.823 22.1 5.055 -2.88 "" ""
4077.827 80.0 4.883 -1.47 "" ""
4077.837 22.0 1.738 -6.55 "" ""
4077.858 106.00113 0.638 -6.772 3.464 BX11Q135
4077.882 68.0 0.624 0.19 "" ""
4077.912 106.00113 0.638 -2.235 3.464 BX11R135
4077.954 25.1 5.376 -4.09 "" ""
4077.969 23.0 0.04 -4.59 "" ""
4077.97 66.1 0.1 -0.04 LAWLER ""
4078.031 24.0 3.889 -2.4 "" ""
4078.039 106.00112 1.538 -4.454 3.464 AX43R185
4078.064 42.0 3.441 -1.23 "" ""
4078.105 24.0 3.11 -2.61 "" ""
4078.11 106.00112 1.538 -2.223 3.464 AX43Q185
4078.122 106.00112 1.538 -2.152 3.464 AX43Q195
4078.193 106.00112 1.538 -4.83 3.464 AX43P195
4078.235 63.0 1.707 -0.2 "" ""
4078.282 106.00112 1.445 -4.427 3.464 AX11R265
4078.303 25.0 4.255 -2.44 "" ""
4078.312 40.0 0.52 -0.97 "" ""
4078.324 106.00112 1.345 -5.95 3.464 CX14R065
4078.324 58.1 0.957 0.15 BIEMONT ""
4078.338 41.0 0.049 -1.94 "" ""
4078.352 23.0 1.847 -4.54 "" ""
4078.354 26.0 2.607 -1.5 "" ""
4078.369 607.01314 3.439 -3.426 7.724 1515Qc0155
4078.374 42.0 2.258 -2.23 "" ""
4078.392 106.00113 1.302 -2.833 3.464 AX54Q045
4078.412 26.0 3.6 -2.32 "" ""
4078.413 607.01314 3.439 -0.704 7.724 1515Pa0165
4078.418 20.0 4.621 -4.59 "" ""
4078.427 106.00112 1.483 -9.384 3.464 CX03R175
4078.428 607.01314 3.439 -0.73 7.724 1515Pb0155
4078.44 64.1 0.6 -0.24 LAWLER ""
4078.457 24.0 4.437 -3.56 "" ""
4078.463 106.00113 1.749 -4.856 3.464 AX54R185
4078.47 22.0 1.066 -0.23 LAWLER ""
4078.491 106.00112 1.345 -5.851 3.464 CX14R075
4078.497 106.00113 1.302 -3.994 3.464 AX54R045
4078.503 106.00112 1.173 -6.384 3.464 CX03R105
4078.503 24.0 3.123 -8.28 "" ""
4078.513 106.00112 1.483 -5.454 3.464 CX03Q185
4078.517 58.1 0.924 -0.17 BIEMONT ""
4078.53 106.00112 1.173 -6.331 3.464 CX03R115
4078.537 106.00112 1.483 -5.508 3.464 CX03Q175
4078.538 106.00112 1.345 -8.875 3.464 CX14Q075
4078.556 21.0045 1.985 -1.65 LAWHFS ""
4078.56 106.00113 1.303 -2.832 3.464 AX54Q045
4078.561 21.0045 1.985 -1.17 LAWHFS ""
4078.564 21.0045 1.985 -1.2 LAWHFS ""
4078.568 21.0045 1.985 -0.85 LAWHFS ""
4078.568 21.0045 1.985 -1.17 LAWHFS ""
4078.573 21.0045 1.985 -1.32 LAWHFS ""
4078.582 24.0 4.407 -3.89 "" ""
4078.594 41.0 1.612 -0.88 "" ""
4078.603 58.1 0.808 -0.64 BIEMONT ""
4078.61 106.00112 1.173 -9.812 3.464 CX03Q115
4078.622 106.00112 1.483 -8.874 3.464 CX03P185
4078.664 106.00113 1.303 -4.001 3.464 AX54R045
4078.679 27.0 3.512 -3.69 "" ""
4078.68 607.01214 3.499 -0.73 7.724 1515Ra0155
4078.683 607.01214 3.506 -0.706 7.724 1515Ra0165
4078.694 23.0 0.017 -4.64 "" ""
4078.704 64.0 0.066 0.21 "" ""
4078.712 607.01214 3.493 -0.756 7.724 1515Ra0145
4078.716 607.01214 3.506 -0.73 7.724 1515Rb0155
4078.722 607.01214 3.513 -0.684 7.724 1515Ra0175
4078.726 607.01214 3.506 -3.478 7.724 1515Qd0165
4078.731 607.01214 3.513 -0.706 7.724 1515Rb0165
4078.733 607.01214 3.499 -0.756 7.724 1515Rb0145
4078.737 106.00113 1.303 -4.186 3.464 AX54P055
4078.742 607.01214 3.499 -3.45 7.724 1515Qd0155
4078.742 607.01214 3.513 -3.504 7.724 1515Qd0175
4078.764 106.00113 1.285 -4.795 3.464 AX43Q135
4078.779 607.01214 3.52 -0.684 7.724 1515Rb0175
4078.78 607.01214 3.488 -0.783 7.724 1515Ra0135
4078.781 106.00113 1.438 -4.427 3.464 AX11R265
4078.781 607.01214 3.493 -0.783 7.724 1515Rb0135
4078.783 106.00113 1.285 -3.181 3.464 AX43P135
4078.79 607.01214 3.493 -3.42 7.724 1515Qd0145
4078.79 607.01214 3.52 -3.529 7.724 1515Qd0185
4078.798 607.01214 3.52 -0.663 7.724 1515Ra0185
4078.809 106.00113 1.087 -6.693 3.464 AX32P155
4078.817 26.0 3.639 -4.52 "" ""
4078.818 106.00112 0.466 -4.346 3.464 BX00P155
4078.841 106.00113 1.303 -2.728 3.464 AX54Q055
4078.86 607.01214 3.527 -0.663 7.724 1515Rb0185
4078.861 607.01214 3.488 -0.813 7.724 1515Rb0125
4078.869 607.01214 3.488 -3.389 7.724 1515Qd0135
4078.871 607.01214 3.527 -3.554 7.724 1515Qd0195
4078.88 106.00113 1.285 -3.108 3.464 AX43P145
4078.88 106.00113 1.303 -4.18 3.464 AX54P055
4078.882 607.01214 3.482 -0.813 7.724 1515Ra0125
4078.912 607.01214 3.527 -0.643 7.724 1515Ra0195
4078.926 106.00112 1.568 -8.486 3.464 CX14R135
4078.959 106.00112 1.139 -5.881 3.464 AX43P095
4078.974 607.01214 3.482 -0.846 7.724 1515Rb0115
4078.974 607.01214 3.535 -0.643 7.724 1515Rb0195
4078.979 106.00112 0.774 -4.405 3.464 AX00R215
4078.98 607.01214 3.482 -3.356 7.724 1515Qd0125
4078.985 106.00113 1.303 -2.728 3.464 AX54Q055
4078.985 607.01214 3.535 -3.577 7.724 1515Qd0205
4078.991 58.1 0.875 -0.75 "" ""
4079.002 26.0 3.571 -4.04 "" ""
4079.003 22.0 2.295 -1.71 "" ""
4079.006 106.00112 1.568 -4.904 3.464 CX14Q135
4079.014 106.00113 1.718 -7.654 3.464 CX25P115
4079.02 607.01214 3.478 -0.846 7.724 1515Ra0115
4079.036 58.1 1.057 -0.43 BIEMONT ""
4079.039 106.00112 1.568 -4.823 3.464 CX14Q145
4079.044 106.00112 1.091 -6.693 3.464 AX32P155
4079.047 24.0 2.706 -4.17 "" ""
4079.063 607.01214 3.535 -0.625 7.724 1515Ra0205
4079.113 607.01214 3.478 -0.881 7.724 1515Rb0105
4079.119 106.00112 1.568 -8.178 3.464 CX14P145
4079.121 607.01214 3.478 -3.32 7.724 1515Qd0115
4079.121 607.01214 3.544 -0.625 7.724 1515Rb0205
4079.125 106.00112 1.27 -3.651 3.464 AX54Q015
4079.131 106.00113 1.718 -4.48 3.464 CX25Q105
4079.133 607.01214 3.544 -3.599 7.724 1515Qd0215
4079.158 106.00112 1.27 -3.649 3.464 AX54Q015
4079.167 57.0 0.0 -0.94 "" ""
4079.168 26.0 3.417 -1.73 RUF14 ""
4079.189 607.01214 3.473 -0.881 7.724 1515Ra0105
4079.2 23.0 2.364 -2.95 "" ""
4079.213 25.0055 2.141 -1.705 LAWHFS ""
4079.217 25.0055 2.141 -1.572 LAWHFS ""
4079.217 25.0 4.255 -0.16 "" ""
4079.218 25.0055 2.141 -2.216 LAWHFS ""
4079.222 25.0055 2.141 -1.442 LAWHFS ""
4079.224 25.0055 2.141 -2.028 LAWHFS ""
4079.225 106.00113 1.718 -4.413 3.464 CX25Q115
4079.226 25.0055 2.141 -3.313 LAWHFS ""
4079.23 25.0055 2.141 -1.32 LAWHFS ""
4079.233 25.0055 2.141 -1.973 LAWHFS ""
4079.235 25.0055 2.141 -3.183 LAWHFS ""
4079.24 25.0055 2.141 -1.207 LAWHFS ""
4079.243 25.0055 2.141 -2.011 LAWHFS ""
4079.245 25.0055 2.141 -3.278 LAWHFS ""
4079.252 25.0055 2.141 -1.103 LAWHFS ""
4079.253 106.00112 1.366 -4.483 3.464 AX11R255
4079.253 607.01214 3.544 -0.607 7.724 1515Ra0215
4079.255 25.0055 2.141 -2.199 LAWHFS ""
4079.257 24.0 4.452 -1.71 "" ""
4079.258 25.0055 2.141 -3.615 LAWHFS ""
4079.275 44.0 1.124 -1.5 "" ""
4079.286 607.01214 3.473 -0.919 7.724 1515Rb0095
4079.294 607.01214 3.473 -3.281 7.724 1515Qd0105
4079.302 607.01214 3.553 -0.607 7.724 1515Rb0215
4079.315 607.01214 3.553 -3.62 7.724 1515Qd0225
4079.33 42.0 2.596 -1.9 "" ""
4079.335 607.01314 3.446 -3.454 7.724 1515Qc0165
4079.343 106.00113 1.718 -7.833 3.464 CX25R105
4079.363 106.00112 1.27 -3.688 3.464 AX54R015
4079.38 607.01314 3.446 -0.68 7.724 1515Pa0175
4079.386 106.00113 1.536 -6.944 3.464 CX25R015
4079.392 106.00113 0.388 -4.039 3.464 BX11P045
4079.392 607.01214 3.469 -0.919 7.724 1515Ra0095
4079.396 106.00112 1.27 -3.692 3.464 AX54R015
4079.399 25.0055 2.185 -1.424 LAWHFS ""
4079.399 607.01314 3.446 -0.704 7.724 1515Pb0165
4079.401 25.0055 2.185 -1.311 LAWHFS ""
4079.403 25.0055 2.185 -1.408 LAWHFS ""
4079.416 25.0055 2.185 -1.855 LAWHFS ""
4079.418 25.0055 2.185 -1.311 LAWHFS ""
4079.421 25.0055 2.185 -0.947 LAWHFS ""
4079.425 27.0 3.772 -1.54 "" ""
4079.462 24.0 2.98 -4.14 "" ""
4079.482 607.01214 3.553 -0.591 7.724 1515Ra0225
4079.489 607.01214 3.469 -0.962 7.724 1515Rb0085
4079.496 607.01214 3.469 -3.238 7.724 1515Qd0095
4079.518 607.01214 3.562 -0.591 7.724 1515Rb0225
4079.532 607.01214 3.562 -3.641 7.724 1515Qd0235
4079.583 106.00112 1.139 -5.911 3.464 AX43P095
4079.626 607.01214 3.466 -0.962 7.724 1515Ra0085
4079.672 58.1 0.896 -0.4 LAWLER ""
4079.676 106.00113 1.791 -1.995 3.464 AX32Q275
4079.685 106.00113 1.791 -4.996 3.464 AX32P275
4079.703 22.0 2.159 -0.49 "" ""
4079.721 41.0 0.086 0.39 "" ""
4079.724 607.01214 3.466 -1.01 7.724 1515Rb0075
4079.725 26.0 4.14 -4.22 "" ""
4079.73 607.01214 3.466 -3.192 7.724 1515Qd0085
4079.752 607.01214 3.562 -0.575 7.724 1515Ra0235
4079.768 24.0 4.443 -4.13 "" ""
4079.769 607.01214 3.571 -0.575 7.724 1515Rb0235
4079.772 106.00112 0.64 -2.19 3.464 BX11R125
4079.781 106.00113 1.791 -4.593 3.464 AX32R265
4079.783 607.01214 3.571 -3.661 7.724 1515Qd0245
4079.791 106.00113 1.791 -2.082 3.464 AX32Q265
4079.799 106.00113 1.275 -7.951 3.464 CX14R035
4079.808 24.0 3.008 -0.69 "" ""
4079.813 23.0 2.33 -1.64 "" ""
4079.833 62.0 0.282 -0.77 "" ""
4079.834 24.0 3.142 -7.53 "" ""
4079.838 26.0 2.856 -1.33 "" ""
4079.859 106.00113 0.914 -4.931 3.464 BX10P235
4079.865 106.00113 1.359 -4.482 3.464 AX11R255
4079.895 607.01214 3.462 -1.01 7.724 1515Ra0075
4079.909 106.00113 0.914 -1.154 3.464 BX10Q225
4079.912 106.00112 1.758 -7.844 3.464 CX25R115
4079.918 106.00112 0.64 -6.772 3.464 BX11Q135
4079.927 106.00113 0.914 -0.803 3.464 BX10Q235
4079.936 27.0 3.772 -1.8 "" ""
4079.943 106.00112 1.539 -2.152 3.464 AX43Q195
4079.945 106.00112 0.846 -5.106 3.464 BX10P225
4079.95 106.00112 1.539 -4.477 3.464 AX43R185
4079.959 106.00113 1.286 -4.819 3.464 AX43Q135
4079.97 106.00112 0.64 -2.235 3.464 BX11R135
4079.971 106.00112 1.271 -4.017 3.464 AX54P025
4079.976 106.00113 1.286 -3.181 3.464 AX43P135
4079.977 106.00113 0.914 -4.334 3.464 BX10R225
4079.984 106.00112 0.846 -1.382 3.464 BX10Q215
4079.989 607.01214 3.462 -1.064 7.724 1515Rb0065
4079.991 106.00112 1.758 -4.412 3.464 CX25Q115
4079.992 106.00112 1.271 -4.015 3.464 AX54P025
4079.993 607.01214 3.462 -3.139 7.724 1515Qd0075
4080.015 106.00112 1.539 -4.809 3.464 AX43P195
4080.015 106.00113 1.286 -3.108 3.464 AX43P145
4080.021 106.00112 1.539 -2.223 3.464 AX43Q185
4080.021 20.0 5.014 -4.19 "" ""
4080.026 106.00112 0.846 -1.12 3.464 BX10Q225
4080.038 106.00112 1.758 -4.346 3.464 CX25Q125
4080.056 607.01214 3.581 -0.56 7.724 1515Rb0245
4080.062 26.0 4.175 -4.09 "" ""
4080.062 607.01214 3.571 -0.56 7.724 1515Ra0245
4080.065 106.00112 0.846 -4.653 3.464 BX10R215
4080.068 26.0 4.253 -3.13 "" ""
4080.071 607.01214 3.581 -3.681 7.724 1515Qd0255
4080.074 106.00112 1.567 -5.532 3.464 CX25R035
4080.081 26.0 3.692 -4.39 "" ""
4080.089 106.00113 0.77 -4.405 3.464 AX00R215
4080.117 106.00112 1.758 -7.669 3.464 CX25P125
4080.194 607.01214 3.46 -1.064 7.724 1515Ra0065
4080.209 106.00112 1.271 -3.263 3.464 AX54Q025
4080.209 26.0 3.281 -1.18 DEN14 ""
4080.217 24.0 2.707 -1.94 "" ""
4080.22 60.1 0.064 -0.97 LAWLER ""
4080.231 106.00112 1.271 -3.264 3.464 AX54Q025
4080.285 607.01214 3.46 -1.126 7.724 1515Rb0055
4080.287 607.01214 3.46 -3.08 7.724 1515Qd0065
4080.297 106.00113 1.088 -6.74 3.464 AX32P155
4080.322 21.0 1.952 -2.63 "" ""
4080.331 607.01314 3.453 -3.48 7.724 1515Qc0175
4080.381 607.01314 3.453 -0.657 7.724 1515Pa0185
4080.389 24.0 4.532 -3.47 "" ""
4080.396 607.01314 3.453 -0.68 7.724 1515Pb0175
4080.398 24.0 4.528 -4.04 "" ""
4080.427 106.00112 1.567 -5.387 3.464 CX25R045
4080.436 23.1 3.796 -2.33 "" ""
4080.437 106.00113 0.912 -5.013 3.464 BX00P235
4080.438 58.1 0.357 -0.7 LAWLER ""
4080.44 72.1 0.608 -1.55 LAWLER ""
4080.462 106.00112 1.567 -7.838 3.464 CX25Q045
4080.463 106.00112 0.389 -4.039 3.464 BX11P045
4080.509 29.0 5.773 -1.12 "" ""
4080.524 607.01214 3.457 -1.126 7.724 1515Ra0055
4080.528 64.0 0.027 -0.98 "" ""
4080.536 106.00112 1.092 -6.74 3.464 AX32P155
4080.55 62.1 0.333 -1.15 LAWLER ""
4080.551 21.0045 1.986 -2.49 LAWHFS ""
4080.555 21.0045 1.986 -2.32 LAWHFS ""
4080.556 21.0045 1.986 -2.32 LAWHFS ""
4080.56 21.0045 1.986 -9.0 LAWHFS ""
4080.565 21.0045 1.986 -2.19 LAWHFS ""
4080.567 21.0045 1.986 -2.19 LAWHFS ""
4080.567 24.0 3.102 -1.5 "" ""
4080.572 21.0045 1.986 -2.51 LAWHFS ""
4080.575 26.0 4.383 -2.26 "" ""
4080.579 21.0045 1.986 -2.31 LAWHFS ""
4080.583 21.0045 1.986 -2.31 LAWHFS ""
4080.589 21.0045 1.986 -1.9 LAWHFS ""
4080.594 44.0 0.811 0.01 "" ""
4080.606 25.0 2.951 -3.99 "" ""
4080.61 607.01214 3.457 -1.199 7.724 1515Rb0045
4080.611 607.01214 3.457 -3.012 7.724 1515Qd0055
4080.702 23.0 2.503 -5.68 "" ""
4080.706 90.0 0.966 -0.74 "" ""
4080.724 21.0 1.985 -2.53 "" ""
4080.846 59.1141 0.204 -3.81 LI/LAW ""
4080.861 59.1141 0.204 -2.395 LI/LAW ""
4080.867 59.1141 0.204 -3.642 LI/LAW ""
4080.873 59.1141 0.204 -1.486 LI/LAW ""
4080.874 26.0 3.651 -3.96 "" ""
4080.876 26.0 3.289 -1.8 "" ""
4080.885 607.01214 3.455 -1.199 7.724 1515Ra0045
4080.887 59.1141 0.204 -2.2 LI/LAW ""
4080.895 59.1141 0.204 -3.714 LI/LAW ""
4080.896 106.00113 1.837 -6.975 3.464 AX53P235
4080.902 59.1141 0.204 -1.404 LI/LAW ""
4080.917 59.1141 0.204 -2.148 LI/LAW ""
4080.928 59.1141 0.204 -4.032 LI/LAW ""
4080.936 59.1141 0.204 -1.32 LI/LAW ""
4080.954 59.1141 0.204 -2.193 LI/LAW ""
4080.959 24.0 3.108 -9.55 "" ""
4080.964 106.00113 1.522 -8.188 3.464 CX14P135
4080.964 607.01214 3.455 -1.288 7.724 1515Rb0035
4080.964 607.01214 3.455 -2.931 7.724 1515Qd0045
4080.976 59.1141 0.204 -1.237 LI/LAW ""
4080.988 24.0 3.887 -2.68 "" ""
4080.996 59.1141 0.204 -2.388 LI/LAW ""
4081.005 27.0 3.71 -1.33 "" ""
4081.021 24.0 4.444 -2.45 "" ""
4081.022 59.1141 0.204 -1.158 LI/LAW ""
4081.073 59.1141 0.204 -1.082 LI/LAW ""
4081.106 24.0 4.096 -2.02 "" ""
4081.12 106.00112 1.279 -3.19 3.464 AX54Q025
4081.132 26.0 4.253 -2.98 "" ""
4081.172 106.00113 1.522 -4.988 3.464 CX14Q125
4081.188 106.00112 1.279 -3.189 3.464 AX54Q025
4081.195 106.00113 1.55 -5.72 3.464 CX25R025
4081.219 40.0 0.73 0.15 "" ""
4081.219 58.1 0.477 0.01 BIEMONT ""
4081.22 26.0 2.756 -4.07 "" ""
4081.227 24.1 5.315 -3.27 "" ""
4081.243 68.1 0.055 -1.35 "" ""
4081.255 106.00112 1.456 -2.443 3.464 AX54R105
4081.267 26.0 4.214 -1.18 "" ""
4081.277 106.00113 1.522 -4.906 3.464 CX14Q135
4081.28 106.00112 1.279 -3.828 3.464 AX54R025
4081.284 607.01214 3.454 -1.288 7.724 1515Ra0035
4081.305 74.1 1.813 -1.61 "" ""
4081.322 106.00113 0.912 -1.254 3.464 BX00Q225
4081.348 106.00112 1.279 -3.832 3.464 AX54R025
4081.348 607.01214 3.454 -2.831 7.724 1515Qd0035
4081.35 607.01214 3.454 -1.4 7.724 1515Rb0025
4081.357 607.01314 3.46 -3.505 7.724 1515Qc0185
4081.363 26.0 3.271 -6.13 "" ""
4081.364 106.00112 1.289 -4.794 3.464 AX43Q135
4081.368 90.0 1.09 -0.31 "" ""
4081.38 27.0 3.629 -2.35 "" ""
4081.388 106.00112 1.289 -3.181 3.464 AX43P135
4081.393 106.00112 0.919 -5.012 3.464 BX00P235
4081.394 106.00112 1.456 -2.375 3.464 AX54R115
4081.407 106.00112 1.456 -4.243 3.464 AX54Q115
4081.408 106.00112 0.776 -4.343 3.464 AX00R215
4081.411 607.01314 3.46 -0.636 7.724 1515Pa0195
4081.416 106.00113 0.912 -1.333 3.464 BX00Q235
4081.423 607.01314 3.46 -0.657 7.724 1515Pb0185
4081.427 75.0 2.023 -1.4 "" ""
4081.437 27.0 3.629 -1.7 "" ""
4081.44 106.00112 0.919 -1.254 3.464 BX00Q225
4081.444 25.1 6.107 -2.24 "" ""
4081.463 106.00112 0.919 -1.333 3.464 BX00Q235
4081.484 106.00113 1.522 -8.501 3.464 CX14R125
4081.486 106.00112 1.289 -3.107 3.464 AX43P145
4081.501 22.0 2.091 -4.4 "" ""
4081.51 106.00112 0.919 -5.075 3.464 BX00R225
4081.567 26.0 3.571 -0.2 "" ""
4081.613 58.1 0.811 -0.3 BIEMONT ""
4081.644 106.00113 1.55 -7.701 3.464 CX25Q035
4081.693 106.00112 1.279 -4.056 3.464 AX54P035
4081.707 23.0 2.682 -3.69 "" ""
4081.708 607.01214 3.452 -1.4 7.724 1515Ra0025
4081.721 106.00113 1.55 -5.527 3.464 CX25R035
4081.732 24.0 2.708 -1.82 "" ""
4081.736 22.0 2.406 -4.54 "" ""
4081.739 23.1 6.037 -4.41 "" ""
4081.745 106.00112 1.279 -4.052 3.464 AX54P035
4081.759 25.0 4.636 -2.7 "" ""
4081.76 42.0 2.644 -1.34 "" ""
4081.762 607.01214 3.452 -2.701 7.724 1515Qd0025
4081.767 607.01214 3.452 -1.555 7.724 1515Rb0015
4081.772 27.0 3.407 -3.39 "" ""
4081.822 106.00113 1.078 -8.034 3.464 AX21P205
4081.831 106.00113 1.32 -6.057 3.464 CX14R055
4081.832 12.0 2.715 -5.48 "" ""
4081.853 106.00112 1.279 -2.998 3.464 AX54Q035
4081.856 106.00113 1.32 -2.723 3.464 AX54Q055
4081.886 24.0 3.11 -5.44 "" ""
4081.905 106.00112 1.279 -2.999 3.464 AX54Q035
4081.937 106.00113 1.32 -4.047 3.464 AX54R055
4081.943 106.00113 1.32 -8.842 3.464 CX14Q065
4081.95 62.1 0.184 -1.72 LAWLER ""
4081.966 106.00112 1.456 -2.442 3.464 AX54R105
4082.052 106.00112 1.456 -2.375 3.464 AX54R115
4082.065 106.00112 1.456 -4.224 3.464 AX54Q115
4082.09 106.00113 1.32 -2.722 3.464 AX54Q055
4082.098 58.1 0.703 -1.68 LAWLER ""
4082.103 106.00113 1.32 -5.95 3.464 CX14R065
4082.107 26.0 3.414 -1.54 "" ""
4082.131 26.0 3.692 -2.18 "" ""
4082.143 106.00113 1.32 -4.241 3.464 AX54P065
4082.152 106.00112 1.441 -5.102 3.464 AX32Q215
4082.17 607.01214 3.452 -1.555 7.724 1515Ra0015
4082.171 106.00113 1.32 -4.056 3.464 AX54R055
4082.18 25.1 6.107 -4.19 "" ""
4082.197 106.00112 1.083 -8.034 3.464 AX21P205
4082.205 607.01214 3.452 -1.81 7.724 1515Rb0005
4082.205 607.01214 3.452 -2.509 7.724 1515Qd0015
4082.224 106.00112 1.441 -3.167 3.464 AX32P225
4082.225 106.00113 1.32 -2.633 3.464 AX54Q065
4082.227 25.0 4.657 -3.65 "" ""
4082.229 26.0 3.6 -3.12 "" ""
4082.232 106.00113 1.688 -7.634 3.464 CX25P105
4082.242 106.00112 1.441 -3.27 3.464 AX32P215
4082.257 90.1 1.434 -0.84 "" ""
4082.289 24.1 5.315 -1.82 Gurell10 ""
4082.294 40.0 0.154 -1.89 "" ""
4082.302 106.00113 0.912 -5.075 3.464 BX00R225
4082.304 23.1 4.732 -4.11 "" ""
4082.308 106.00113 1.688 -4.549 3.464 CX25Q095
4082.326 20.0 4.677 -3.96 "" ""
4082.327 106.00112 1.368 -4.412 3.464 AX11R255
4082.348 106.00113 1.321 -4.234 3.464 AX54P065
4082.355 106.00113 1.523 -2.323 3.464 AX54R125
4082.361 20.0 5.792 -3.27 "" ""
4082.364 23.0 1.941 -1.54 "" ""
4082.382 21.0045 0.021 -1.6 LAWHFS ""
4082.383 21.0045 0.021 -1.6 LAWHFS ""
4082.384 21.0045 0.021 -1.78 LAWHFS ""
4082.385 21.0045 0.021 -1.91 LAWHFS ""
4082.386 21.0045 0.021 -1.44 LAWHFS ""
4082.386 21.0045 0.021 -2.03 LAWHFS ""
4082.387 27.0 2.326 -3.66 "" ""
4082.388 21.0045 0.021 -1.47 LAWHFS ""
4082.389 21.0045 0.021 -1.43 LAWHFS ""
4082.39 21.0045 0.021 -2.46 LAWHFS ""
4082.392 21.0045 0.021 -1.18 LAWHFS ""
4082.393 21.0045 0.021 -1.59 LAWHFS ""
4082.396 21.0045 0.021 -0.97 LAWHFS ""
4082.415 607.01314 3.468 -3.529 7.724 1515Qc0195
4082.423 106.00113 1.688 -4.48 3.464 CX25Q105
4082.426 26.0 3.632 -1.55 "" ""
4082.429 28.0 3.938 -1.8 "" ""
4082.43 106.00113 1.321 -2.634 3.464 AX54Q065
4082.449 21.0 4.69 -2.88 "" ""
4082.449 21.0 4.69 -3.73 "" ""
4082.455 22.0 1.066 -0.72 LAWLER ""
4082.466 106.00113 1.523 -2.261 3.464 AX54R135
4082.471 607.01314 3.468 -0.615 7.724 1515Pa0205
4082.473 106.00113 1.063 -8.151 3.464 AX10P245
4082.474 106.00113 1.523 -4.255 3.464 AX54Q135
4082.481 607.01314 3.468 -0.636 7.724 1515Pb0195
4082.49 106.00113 0.772 -4.342 3.464 AX00R215
4082.499 106.00113 1.688 -7.817 3.464 CX25R095
4082.502 106.00112 1.29 -4.818 3.464 AX43Q135
4082.519 27.0 3.62 -1.25 "" ""
4082.525 60.1 1.527 0.15 "" ""
4082.526 106.00112 1.29 -3.18 3.464 AX43P135
4082.555 106.00112 1.29 -3.108 3.464 AX43P145
4082.581 27.0059 0.629 -4.287 Lawle15HFS ""
4082.586 27.0059 0.629 -4.173 Lawle15HFS ""
4082.59 27.0059 0.629 -3.876 Lawle15HFS ""
4082.59 27.0059 0.629 -4.298 Lawle15HFS ""
4082.59 62.1 0.659 -0.72 LAWLER ""
4082.593 27.0059 0.629 -4.492 Lawle15HFS ""
4082.594 26.0 4.317 -4.21 "" ""
4082.596 27.0059 0.629 -10.27 Lawle15HFS ""
4082.597 27.0059 0.629 -4.474 Lawle15HFS ""
4082.601 27.0059 0.629 -4.287 Lawle15HFS ""
4082.603 27.0059 0.629 -4.173 Lawle15HFS ""
4082.603 27.0059 0.629 -4.298 Lawle15HFS ""
4082.61 25.1 5.811 -5.87 "" ""
4082.644 22.0 2.304 -1.57 "" ""
4082.658 607.01214 3.451 -1.81 7.724 1515Ra0005
4082.679 607.01214 3.451 -2.111 7.724 1515Qd0005
4082.682 23.0 1.349 -5.43 "" ""
4082.69 60.1 0.38 -1.66 LAWLER ""
4082.765 106.00113 0.703 -1.355 3.464 BX00P195
4082.78 45.0 0.965 -0.85 "" ""
4082.789 44.0 1.456 -1.2 "" ""
4082.806 106.00113 1.588 -4.431 3.464 AX43R195
4082.817 106.00112 1.069 -8.151 3.464 AX10P245
4082.822 20.0 5.87 -2.62 "" ""
4082.823 106.00113 0.431 -1.991 3.464 BX11P065
4082.832 106.00113 0.703 -6.425 3.464 BX00Q195
4082.854 27.0 3.62 -4.63 "" ""
4082.869 106.00113 1.588 -2.084 3.464 AX43Q205
4082.873 106.00113 1.588 -2.155 3.464 AX43Q195
4082.891 106.00113 0.431 -8.092 3.464 BX11Q065
4082.901 26.1 5.952 -3.45 "" ""
4082.909 23.0 1.182 -4.65 "" ""
4082.912 106.00113 0.703 -1.372 3.464 BX00P205
4082.914 26.0 4.412 -3.99 "" ""
4082.919 25.0 4.35 -2.43 "" ""
4082.924 25.0055 2.177 -1.593 LAWHFS ""
4082.924 25.0055 2.177 -1.769 LAWHFS ""
4082.924 25.0055 2.177 -1.915 LAWHFS ""
4082.929 106.00113 1.362 -4.412 3.464 AX11R255
4082.929 25.0055 2.177 -1.961 LAWHFS ""
4082.93 25.0055 2.177 -1.359 LAWHFS ""
4082.93 25.0055 2.177 -1.438 LAWHFS ""
4082.935 106.00113 1.588 -4.798 3.464 AX43P205
4082.938 20.0 4.677 -3.47 "" ""
4082.938 25.0055 2.177 -1.417 LAWHFS ""
4082.938 25.0055 2.177 -2.137 LAWHFS ""
4082.939 25.0055 2.177 -1.086 LAWHFS ""
4082.948 25.0055 2.177 -2.518 LAWHFS ""
4082.949 25.0055 2.177 -1.563 LAWHFS ""
4082.95 25.0055 2.177 -0.874 LAWHFS ""
4082.959 74.0 2.386 -0.17 "" ""
