wavelength species excitation loggf disassociation_energy comment
3408.783 607.01314 2.019 -1.78 7.724 1008Rb0235
3408.799 607.01314 2.019 -4.889 7.724 1008Qd0245
3408.816 607.01314 1.827 -2.319 7.724 0907Pb0265
3408.817 607.01314 2.186 -1.475 7.724 1008Rb0365
3408.828 607.01214 1.939 -2.36 7.724 1008Ra0055
3408.835 107.00114 0.469 -3.202 3.400 ""
3408.84 607.01314 2.009 -1.78 7.724 1008Ra0235
3408.842 107.00114 1.262 -2.346 3.400 ""
3408.842 607.01314 2.186 -4.956 7.724 1008Qd0375
3408.843 26.0 3.571 -6.49 "" ""
3408.862 106.00113 0.358 -7.236 3.464 CX01R035
3408.866 106.00112 0.778 -4.963 3.464 AX52R075
3408.874 27.0 3.252 -3.54 "" ""
3408.882 106.00113 1.143 -4.422 3.464 CX01Q225
3408.883 607.01314 2.009 -1.806 7.724 1008Rb0225
3408.889 607.01314 2.202 -1.431 7.724 1008Ra0385
3408.893 106.00113 1.144 -4.767 3.464 CX01Q215
3408.893 27.0 3.229 -0.42 "" ""
3408.898 67.1165 0.0 -4.731 LAWLER ""
3408.899 607.01314 2.009 -4.878 7.724 1008Qd0235
3408.904 23.0 1.802 -2.22 "" ""
3408.914 67.1165 0.0 -4.473 LAWLER ""
3408.915 67.1165 0.0 -3.279 LAWLER ""
3408.916 107.00114 1.262 -2.378 3.400 ""
3408.925 106.00112 0.778 -4.962 3.464 CX12R075
3408.929 67.1165 0.0 -2.276 LAWLER ""
3408.932 24.1 2.543 -2.14 Lawler17 ""
3408.932 607.01314 2.202 -1.453 7.724 1008Rb0375
3408.932 67.1165 0.0 -4.41 LAWLER ""
3408.933 67.1165 0.0 -3.054 LAWLER ""
3408.936 607.01214 1.977 -1.956 7.724 0907Pb0345
3408.95 67.1165 0.0 -2.215 LAWLER ""
3408.953 607.01314 2.0 -1.806 7.724 1008Ra0225
3408.954 67.1165 0.0 -2.96 LAWLER ""
3408.954 67.1165 0.0 -4.464 LAWLER ""
3408.958 607.01314 2.202 -4.957 7.724 1008Qd0385
3408.96 23.1 2.508 -1.17 "" ""
3408.96 607.01214 1.939 -2.436 7.724 1008Rb0045
3408.965 607.01214 1.939 -4.254 7.724 1008Qd0055
3408.965 607.01214 1.977 -5.284 7.724 0907Qc0345
3408.974 67.1165 0.0 -2.152 LAWLER ""
3408.979 67.1165 0.0 -2.931 LAWLER ""
3408.98 67.1165 0.0 -4.638 LAWLER ""
3408.982 107.00114 1.263 -0.846 3.400 ""
3408.991 607.01214 1.977 -1.931 7.724 0907Pa0355
3408.996 607.01314 2.0 -1.833 7.724 1008Rb0215
3408.998 24.0 3.094 -5.21 "" ""
3408.998 26.0 3.394 -2.63 "" ""
3409.001 67.1165 0.0 -2.089 LAWLER ""
3409.005 106.00112 0.778 -6.408 3.464 AX52Q085
3409.007 24.0 3.884 -3.51 "" ""
3409.007 67.1165 0.0 -2.954 LAWLER ""
3409.009 67.1165 0.0 -5.01 LAWLER ""
3409.011 607.01314 2.0 -4.867 7.724 1008Qd0225
3409.017 106.00112 0.778 -4.913 3.464 AX52R085
3409.019 607.01314 2.218 -1.41 7.724 1008Ra0395
3409.028 106.00112 0.778 -4.74 3.464 CX12R085
3409.032 67.1165 0.0 -2.028 LAWLER ""
3409.038 67.1165 0.0 -3.045 LAWLER ""
3409.045 26.0 3.015 -2.03 "" ""
3409.064 607.01314 2.218 -1.431 7.724 1008Rb0385
3409.065 106.00112 0.778 -11.271 3.464 CX12Q085
3409.065 67.1165 0.0 -1.968 LAWLER ""
3409.073 67.1165 0.0 -3.271 LAWLER ""
3409.079 25.1 7.047 -4.9 "" ""
3409.079 607.01314 1.991 -1.833 7.724 1008Ra0215
3409.08 106.00112 0.681 -5.33 3.464 AX52Q025
3409.089 23.0 1.948 -2.64 "" ""
3409.09 23.0 1.802 -0.87 "" ""
3409.091 607.01314 2.218 -4.957 7.724 1008Qd0395
3409.102 67.1165 0.0 -1.91 LAWLER ""
3409.109 107.00114 0.64 -1.131 3.400 ""
3409.123 607.01314 1.991 -1.86 7.724 1008Rb0205
3409.133 106.00112 0.681 -5.329 3.464 AX52Q025
3409.137 607.01314 1.991 -4.854 7.724 1008Qd0215
3409.139 25.0 4.657 -3.81 "" ""
3409.141 67.1165 0.0 -1.853 LAWLER ""
3409.156 27.0059 0.513 -1.746 Lawle15HFS ""
3409.157 27.0059 0.513 -1.608 Lawle15HFS ""
3409.157 27.0059 0.513 -2.026 Lawle15HFS ""
3409.159 27.0059 0.513 -1.542 Lawle15HFS ""
3409.159 27.0059 0.513 -3.047 Lawle15HFS ""
3409.161 27.0059 0.513 -2.026 Lawle15HFS ""
3409.161 27.0059 0.513 -2.348 Lawle15HFS ""
3409.162 27.0059 0.513 -1.536 Lawle15HFS ""
3409.162 607.01214 1.937 -2.436 7.724 1008Ra0045
3409.164 27.0059 0.513 -1.746 Lawle15HFS ""
3409.165 27.0059 0.513 -1.901 Lawle15HFS ""
3409.166 27.0059 0.513 -1.6 Lawle15HFS ""
3409.169 27.0059 0.513 -1.57 Lawle15HFS ""
3409.169 27.0059 0.513 -1.608 Lawle15HFS ""
3409.171 27.0059 0.513 -1.804 Lawle15HFS ""
3409.175 27.0059 0.513 -1.307 Lawle15HFS ""
3409.175 27.0059 0.513 -1.542 Lawle15HFS ""
3409.181 27.0059 0.513 -1.088 Lawle15HFS ""
3409.182 27.0059 0.513 -1.536 Lawle15HFS ""
3409.185 24.0 3.847 -2.96 "" ""
3409.189 27.0059 0.513 -0.901 Lawle15HFS ""
3409.19 27.0059 0.513 -1.6 Lawle15HFS ""
3409.19 41.1 0.69 -0.87 Nilsson10 ""
3409.191 26.0 3.036 -6.64 "" ""
3409.192 106.00112 0.681 -6.075 3.464 AX52R025
3409.192 26.1 3.9 -2.87 "" ""
3409.199 27.0059 0.513 -1.804 Lawle15HFS ""
3409.208 26.0 3.234 -2.6 "" ""
3409.215 607.01314 2.234 -1.41 7.724 1008Rb0395
3409.218 607.01314 1.982 -1.86 7.724 1008Ra0205
3409.242 607.01314 2.234 -4.958 7.724 1008Qd0405
3409.244 106.00112 0.681 -6.08 3.464 AX52R025
3409.244 28.0 3.676 -2.53 "" ""
3409.262 607.01314 1.982 -1.888 7.724 1008Rb0195
3409.27 90.1 1.31 -0.35 "" ""
3409.273 106.00113 0.578 -9.182 3.464 AX30P175
3409.276 44.0 0.997 -1.07 "" ""
3409.276 607.01314 1.982 -4.841 7.724 1008Qd0205
3409.28 27.0 3.25 -3.22 "" ""
3409.282 25.1 5.105 -5.04 "" ""
3409.291 607.01214 1.937 -2.528 7.724 1008Rb0035
3409.292 607.01214 1.937 -4.175 7.724 1008Qd0045
3409.297 64.1 0.425 -0.73 "" ""
3409.319 22.0 2.316 -8.12 "" ""
3409.333 23.1 4.98 -2.75 "" ""
3409.341 24.0 3.885 -3.26 "" ""
3409.359 106.00113 1.144 -7.144 3.464 CX01R215
3409.36 106.00113 0.431 -5.655 3.464 CX01R065
3409.371 607.01314 1.974 -1.888 7.724 1008Ra0195
3409.391 106.00113 0.431 -8.653 3.464 CX01Q075
3409.394 26.0 3.015 -3.81 "" ""
3409.415 607.01314 1.974 -1.917 7.724 1008Rb0185
3409.427 107.00114 1.297 -0.829 3.400 ""
3409.428 607.01314 1.974 -4.826 7.724 1008Qd0195
3409.445 107.00114 0.859 -2.354 3.400 ""
3409.446 22.0 2.248 -1.01 "" ""
3409.45 107.00114 1.114 -2.205 3.400 ""
3409.487 107.00114 1.297 -2.415 3.400 ""
3409.495 107.00114 0.859 -1.353 3.400 ""
3409.51 607.01214 1.935 -2.528 7.724 1008Ra0035
3409.517 107.00114 0.64 -2.521 3.400 ""
3409.519 106.00112 1.15 -7.144 3.464 CX01R215
3409.525 106.00113 0.431 -5.869 3.464 CX01R075
3409.529 106.00112 0.681 -6.173 3.464 AX52P035
3409.536 607.01314 1.966 -1.917 7.724 1008Ra0185
3409.54 107.00114 0.64 -1.102 3.400 ""
3409.542 107.00114 1.262 -0.787 3.400 ""
3409.542 23.0 0.275 -4.55 "" ""
3409.567 106.00112 1.15 -4.422 3.464 CX01Q225
3409.569 106.00112 0.681 -6.17 3.464 AX52P035
3409.571 25.0 2.918 -3.85 "" ""
3409.573 107.00114 1.114 -2.548 3.400 ""
3409.574 28.0 0.0 -2.43 LAWLER ""
3409.58 607.01314 1.966 -1.946 7.724 1008Rb0175
3409.587 25.1 6.64 -4.1 "" ""
3409.588 26.0 2.452 -2.39 "" ""
3409.592 607.01314 1.966 -4.81 7.724 1008Qd0185
3409.599 24.1 2.542 -5.0 "" ""
3409.605 106.00112 1.15 -4.767 3.464 CX01Q215
3409.61 22.0 1.878 -3.87 "" ""
3409.628 607.01214 1.935 -4.077 7.724 1008Qd0035
3409.629 106.00112 1.034 -6.534 3.464 CX23R065
3409.632 607.01214 1.935 -2.643 7.724 1008Rb0025
3409.64 106.00112 0.681 -5.151 3.464 AX52Q035
3409.644 27.0 0.513 -2.95 LAWNHFS ""
3409.653 106.00112 1.15 -7.579 3.464 CX01P225
3409.654 23.0 2.636 -9.27 "" ""
3409.659 107.00114 0.416 -1.005 3.400 ""
3409.673 24.0 2.708 -3.35 "" ""
3409.68 106.00112 0.681 -5.151 3.464 AX52Q035
3409.682 107.00114 1.263 -2.34 3.400 ""
3409.699 106.00113 0.894 -7.342 3.464 AX41R175
3409.705 106.00113 0.894 -4.731 3.464 AX41Q185
3409.709 22.0 2.304 -3.61 "" ""
3409.714 607.01314 1.958 -1.946 7.724 1008Ra0175
3409.716 106.00112 0.359 -7.236 3.464 CX01R035
3409.74 106.00113 0.894 -4.788 3.464 AX41Q175
3409.743 607.01214 1.993 -1.931 7.724 0907Pb0355
3409.746 106.00113 0.894 -7.108 3.464 AX41P185
3409.757 607.01314 1.958 -1.977 7.724 1008Rb0165
3409.769 607.01314 1.958 -4.792 7.724 1008Qd0175
3409.774 24.1 2.542 -3.27 "" ""
3409.777 106.00112 1.22 -7.876 3.464 AX51Q225
3409.779 607.01214 1.993 -5.284 7.724 0907Qc0355
3409.781 24.0 3.11 -8.87 "" ""
3409.783 25.0 4.229 -1.47 "" ""
3409.805 607.01214 1.993 -1.906 7.724 0907Pa0365
3409.808 22.1 0.028 -1.91 LAWLER ""
3409.826 106.00112 1.22 -5.539 3.464 AX51P235
3409.826 75.0 2.147 0.02 "" ""
3409.837 106.00112 1.22 -5.669 3.464 AX51P225
3409.863 27.0 2.875 -2.7 "" ""
3409.872 68.0 1.158 0.63 "" ""
3409.875 607.01214 1.934 -2.643 7.724 1008Ra0025
3409.903 607.01314 1.951 -1.977 7.724 1008Ra0165
3409.905 41.0 1.368 -0.42 "" ""
3409.909 106.00112 0.896 -7.321 3.464 AX41R175
3409.909 107.00114 0.416 -2.624 3.400 ""
3409.929 26.0 3.637 -4.93 "" ""
3409.93 107.00114 0.416 -0.98 3.400 ""
3409.946 607.01314 1.951 -2.009 7.724 1008Rb0155
3409.953 106.00112 0.896 -4.787 3.464 AX41Q175
3409.954 23.0 2.579 -3.52 "" ""
3409.958 607.01314 1.951 -4.772 7.724 1008Qd0165
3409.975 607.01214 1.934 -3.948 7.724 1008Qd0025
3409.976 106.00112 0.896 -4.73 3.464 AX41Q185
3409.977 107.00114 1.297 -2.386 3.400 ""
3409.983 607.01214 1.934 -2.8 7.724 1008Rb0015
3410.01 24.1 4.411 -2.9 "" ""
3410.02 106.00112 0.896 -7.127 3.464 AX41P185
3410.027 26.0 3.045 -3.49 "" ""
3410.029 24.0 3.842 -1.42 "" ""
3410.03 107.00114 0.64 -1.059 3.400 ""
3410.048 69.0 0.0 -0.75 "" ""
3410.062 107.00114 1.297 -2.415 3.400 ""
3410.065 22.0 1.878 -4.07 "" ""
3410.093 106.00113 0.679 -8.158 3.464 CX12R035
3410.109 607.01314 1.945 -2.009 7.724 1008Ra0155
3410.122 107.00114 1.297 -0.797 3.400 ""
3410.139 106.00112 0.433 -5.655 3.464 CX01R065
3410.151 607.01314 1.945 -2.042 7.724 1008Rb0145
3410.159 607.01314 1.945 -4.751 7.724 1008Qd0155
3410.16 107.00114 0.64 -4.551 3.400 ""
3410.163 72.1 1.869 0.1 "" ""
3410.169 26.0 3.412 -0.39 "" ""
3410.183 107.00114 0.64 -2.477 3.400 ""
3410.195 24.0 3.553 -3.11 "" ""
3410.197 24.1 5.658 -3.96 "" ""
3410.211 22.0 2.295 -3.87 "" ""
3410.212 107.00114 0.416 -0.948 3.400 ""
3410.224 21.0 2.138 -2.27 "" ""
3410.229 60.1 0.32 -0.65 "" ""
3410.239 26.0 2.277 -4.67 "" ""
3410.243 40.1 0.409 -0.31 Ljung06 ""
3410.257 607.01214 1.933 -2.8 7.724 1008Ra0015
3410.276 106.00112 0.433 -5.869 3.464 CX01R075
3410.315 106.00112 0.433 -8.653 3.464 CX01Q075
3410.323 607.01314 1.938 -2.042 7.724 1008Ra0145
3410.333 607.01214 1.933 -3.757 7.724 1008Qd0015
3410.337 25.0 4.191 -3.07 "" ""
3410.341 24.1 4.412 -5.46 "" ""
3410.343 607.01214 1.933 -3.057 7.724 1008Rb0005
3410.352 107.00114 0.469 -4.101 3.400 ""
3410.362 607.01314 1.938 -2.077 7.724 1008Rb0135
3410.372 607.01314 1.938 -4.728 7.724 1008Qd0145
3410.401 107.00114 0.416 -4.862 3.400 ""
3410.419 27.0 3.114 -2.61 "" ""
3410.422 107.00114 0.416 -2.59 3.400 ""
3410.426 107.00114 0.469 -3.058 3.400 ""
3410.462 23.1 2.513 -3.08 "" ""
3410.487 107.00114 0.859 -1.282 3.400 ""
3410.518 24.0 3.553 -2.85 "" ""
3410.546 24.1 4.778 -1.8 "" ""
3410.547 22.0 1.429 -3.62 "" ""
3410.549 607.01314 1.933 -2.077 7.724 1008Ra0135
3410.553 26.0 2.586 -3.29 "" ""
3410.56 22.0 1.429 -4.8 "" ""
3410.566 106.00113 1.077 -7.466 3.464 CX01P215
3410.57 607.01214 2.009 -1.907 7.724 0907Pb0365
3410.585 107.00114 0.859 -4.002 3.400 ""
3410.587 607.01314 1.933 -2.113 7.724 1008Rb0125
3410.596 24.0 3.847 -2.02 "" ""
3410.596 607.01314 1.933 -4.703 7.724 1008Qd0135
3410.601 107.00114 1.297 -0.745 3.400 ""
3410.635 107.00114 0.859 -2.289 3.400 ""
3410.642 24.0 3.09 -4.34 "" ""
3410.659 607.01214 1.933 -3.057 7.724 1008Ra0005
3410.68 26.0 2.586 -6.17 "" ""
3410.682 106.00113 0.708 -4.992 3.464 AX52Q045
3410.69 65.1 0.439 -0.42 LAWNOHFS ""
3410.702 607.01214 1.933 -3.359 7.724 1008Qd0005
3410.715 66.1 1.357 -0.19 "" ""
3410.745 107.00114 1.297 -2.38 3.400 ""
3410.751 107.00114 1.336 -0.784 3.400 ""
3410.755 106.00113 0.708 -6.283 3.464 AX52R045
3410.779 22.1 1.581 -3.25 "" ""
3410.787 607.01314 1.927 -2.113 7.724 1008Ra0125
3410.797 25.0 4.229 -1.5 "" ""
3410.807 107.00114 1.336 -2.449 3.400 ""
3410.81 106.00113 0.708 -4.992 3.464 AX52Q045
3410.823 607.01314 1.927 -2.152 7.724 1008Rb0115
3410.824 23.1 6.517 -2.06 "" ""
3410.831 107.00114 0.792 -3.657 3.400 ""
3410.833 607.01314 1.927 -4.675 7.724 1008Qd0125
3410.837 26.0 2.947 -3.54 "" ""
3410.883 106.00113 0.708 -6.29 3.464 AX52R045
3410.895 26.0 0.914 -3.31 OBR91 ""
3410.926 107.00114 0.792 -2.962 3.400 ""
3410.936 28.0 3.633 -2.32 "" ""
3410.954 106.00113 0.708 -6.291 3.464 AX52P055
3410.97 28.0 3.633 -1.43 "" ""
3410.981 23.0 1.941 -3.54 "" ""
3410.983 24.1 4.916 -4.56 "" ""
3411.001 106.00113 1.077 -4.767 3.464 CX01Q215
3411.008 106.00113 1.077 -5.254 3.464 CX01Q205
3411.017 64.0 0.124 -0.28 "" ""
3411.027 106.00113 0.708 -4.895 3.464 AX52Q055
3411.036 607.01314 1.922 -2.152 7.724 1008Ra0115
3411.044 106.00112 0.681 -8.157 3.464 CX12R035
3411.064 106.00113 0.708 -6.286 3.464 AX52P055
3411.072 607.01314 1.922 -2.193 7.724 1008Rb0105
3411.08 607.01314 1.922 -4.644 7.724 1008Qd0115
3411.126 26.0 2.69 -1.47 "" ""
3411.137 106.00113 0.708 -4.895 3.464 AX52Q055
3411.158 26.0 3.045 -6.46 "" ""
3411.19 42.0 2.678 -1.13 "" ""
3411.192 27.1 5.065 -3.25 "" ""
3411.199 25.1 7.047 -4.8 "" ""
3411.233 106.00112 0.898 -7.342 3.464 AX41R175
3411.237 106.00112 0.898 -4.731 3.464 AX41Q185
3411.247 106.00112 0.844 -8.095 3.464 AX30Q215
3411.249 107.00114 1.335 -2.422 3.400 ""
3411.27 62.1 0.248 -1.75 LAWLER ""
3411.277 106.00112 0.898 -4.787 3.464 AX41Q175
3411.281 106.00112 0.898 -7.108 3.464 AX41P185
3411.299 106.00112 0.844 -5.748 3.464 AX30P225
3411.299 607.01314 1.918 -2.193 7.724 1008Ra0105
3411.309 106.00112 0.844 -5.836 3.464 AX30P215
3411.329 23.0 2.073 -3.38 "" ""
3411.334 607.01314 1.918 -2.238 7.724 1008Rb0095
3411.34 607.01314 1.918 -4.61 7.724 1008Qd0105
3411.343 107.00114 1.336 -2.448 3.400 ""
3411.353 26.0 2.725 -1.06 "" ""
3411.376 23.0 2.357 -6.12 "" ""
3411.394 24.0 2.542 -3.75 "" ""
3411.399 107.00114 1.336 -0.754 3.400 ""
3411.443 106.00113 1.077 -7.217 3.464 CX01R205
3411.475 607.01214 1.933 -3.359 7.724 1008Qc0005
3411.476 607.01214 1.933 -3.06 7.724 1008Pa0015
3411.531 23.0 2.636 -3.8 "" ""
3411.573 607.01314 1.913 -2.238 7.724 1008Ra0095
3411.574 69.1 1.11 -0.99 "" ""
3411.595 106.00113 0.75 -5.219 3.464 CX12R065
3411.603 607.01314 1.913 -2.286 7.724 1008Rb0085
3411.61 607.01314 1.913 -4.572 7.724 1008Qd0095
3411.626 106.00113 0.75 -11.254 3.464 CX12Q075
3411.635 44.0 0.997 -0.96 "" ""
3411.638 26.0 3.684 -1.84 "" ""
3411.661 106.00112 1.083 -7.217 3.464 CX01R205
3411.674 22.0 2.406 -1.2 "" ""
3411.683 26.0 3.639 -5.18 "" ""
3411.689 22.1 1.23 -1.98 "" ""
3411.71 106.00112 1.222 -5.539 3.464 AX51P235
3411.713 106.00112 1.083 -4.767 3.464 CX01Q215
3411.73 23.0 2.614 -0.78 "" ""
3411.738 106.00112 1.222 -7.912 3.464 AX51Q225
3411.745 106.00112 1.083 -5.254 3.464 CX01Q205
3411.754 106.00113 0.75 -4.962 3.464 CX12R075
3411.758 107.00114 1.436 -3.271 3.400 ""
3411.784 40.0 2.209 0.5 "" ""
3411.784 90.1 0.97 -0.76 "" ""
3411.787 106.00112 0.694 -5.126 3.464 AX52Q035
3411.797 106.00112 1.083 -7.466 3.464 CX01P215
3411.797 106.00112 1.222 -5.669 3.464 AX51P225
3411.799 24.0 2.542 -4.39 "" ""
3411.805 23.1 5.835 -2.15 "" ""
3411.809 107.00114 1.335 -0.707 3.400 ""
3411.811 22.0 2.159 -2.18 "" ""
3411.824 106.00113 1.145 -5.043 3.464 AX41R225
3411.843 25.0 4.27 -1.7 "" ""
3411.845 107.00114 1.436 -3.106 3.400 ""
3411.847 106.00113 1.145 -5.057 3.464 AX41R215
3411.854 26.0 2.947 -3.33 "" ""
3411.857 607.01314 1.91 -2.286 7.724 1008Ra0085
3411.868 106.00112 0.694 -6.191 3.464 AX52R035
3411.875 106.00112 0.694 -5.125 3.464 AX52Q035
3411.877 607.01214 1.934 -2.805 7.724 1008Pa0025
3411.88 607.01214 1.934 -3.757 7.724 1008Qc0015
3411.883 26.0 2.69 -3.99 "" ""
3411.885 107.00114 1.483 -3.785 3.400 ""
3411.887 607.01314 1.91 -2.338 7.724 1008Rb0075
3411.889 106.00113 1.145 -7.106 3.464 AX41Q225
3411.892 607.01314 1.91 -4.529 7.724 1008Qd0085
3411.898 24.0 3.142 -5.07 "" ""
3411.915 107.00114 1.484 -1.396 3.400 ""
3411.923 607.01214 1.934 -3.06 7.724 1008Pb0015
3411.945 23.0 1.802 -5.28 "" ""
3411.951 107.00114 1.125 -2.048 3.400 ""
3411.955 106.00112 0.694 -6.197 3.464 AX52R035
3411.958 107.00114 1.336 -2.417 3.400 ""
3411.958 28.0 3.703 -1.24 "" ""
3411.998 106.00113 0.835 -4.886 3.464 AX52R095
3412.0 107.00114 1.484 -2.212 3.400 ""
3412.016 42.0 2.289 -1.55 "" ""
3412.021 64.1 1.156 -0.37 "" ""
3412.059 106.00113 0.679 -6.17 3.464 AX52P025
3412.079 22.0 2.316 -3.72 "" ""
3412.111 106.00113 0.679 -6.168 3.464 AX52P025
3412.118 24.0 3.077 -4.3 "" ""
3412.128 106.00112 0.694 -6.233 3.464 AX52P045
3412.13 106.00113 0.835 -6.494 3.464 AX52Q105
3412.138 27.0 2.04 -3.6 "" ""
3412.141 106.00113 0.835 -4.847 3.464 AX52R105
3412.152 607.01314 1.906 -2.338 7.724 1008Ra0075
3412.18 607.01314 1.906 -2.397 7.724 1008Rb0065
3412.184 607.01314 1.906 -4.48 7.724 1008Qd0075
3412.2 106.00112 0.694 -6.229 3.464 AX52P045
3412.209 106.00112 0.694 -5.002 3.464 AX52Q045
3412.216 107.00114 1.377 -0.743 3.400 ""
3412.227 25.0 4.243 -2.84 "" ""
3412.247 22.0 2.173 -6.96 "" ""
3412.25 106.00113 0.679 -6.43 3.464 AX52Q025
3412.267 107.00114 1.377 -2.48 3.400 ""
3412.27 45.0 1.984 0.84 "" ""
3412.271 24.0 3.844 -0.62 "" ""
3412.28 106.00112 0.694 -5.003 3.464 AX52Q045
3412.284 22.0 1.995 -4.44 "" ""
3412.29 42.0 2.062 -2.31 "" ""
3412.294 607.01214 1.935 -2.65 7.724 1008Pa0035
3412.299 607.01214 1.935 -3.948 7.724 1008Qc0025
3412.302 106.00113 0.679 -6.436 3.464 AX52Q025
3412.328 27.0059 0.513 -1.279 Lawle15HFS ""
3412.328 27.0059 0.513 -1.483 Lawle15HFS ""
3412.328 27.0059 0.513 -1.746 Lawle15HFS ""
3412.329 27.0059 0.513 -1.109 Lawle15HFS ""
3412.331 27.0059 0.513 -0.963 Lawle15HFS ""
3412.331 27.0059 0.513 -1.679 Lawle15HFS ""
3412.333 27.0059 0.513 -0.834 Lawle15HFS ""
3412.333 27.0059 0.513 -1.483 Lawle15HFS ""
3412.336 27.0059 0.513 -1.378 Lawle15HFS ""
3412.336 27.0059 0.513 -2.378 Lawle15HFS ""
3412.337 27.0059 0.513 -0.718 Lawle15HFS ""
3412.339 27.0059 0.513 -1.331 Lawle15HFS ""
3412.341 23.0 1.802 -4.9 "" ""
3412.341 27.0059 0.513 -0.613 Lawle15HFS ""
3412.341 27.0059 0.513 -2.223 Lawle15HFS ""
3412.344 27.0059 0.513 -1.337 Lawle15HFS ""
3412.346 27.0059 0.513 -2.223 Lawle15HFS ""
3412.348 23.0 0.3 -4.49 "" ""
3412.349 27.0059 0.513 -1.41 Lawle15HFS ""
3412.352 27.0059 0.513 -2.32 Lawle15HFS ""
3412.355 27.0059 0.513 -1.621 Lawle15HFS ""
3412.359 27.0059 0.513 -2.525 Lawle15HFS ""
3412.367 27.0059 0.513 -2.923 Lawle15HFS ""
3412.377 60.1 0.559 -0.75 "" ""
3412.378 72.0 1.802 -0.36 "" ""
3412.379 607.01214 1.935 -2.805 7.724 1008Pb0025
3412.412 23.0 0.0 -5.57 "" ""
3412.445 27.0 1.881 -1.51 "" ""
3412.449 106.00113 0.836 -4.886 3.464 AX52R095
3412.457 28.0 3.396 -2.27 "" ""
3412.459 607.01314 1.903 -2.397 7.724 1008Ra0065
3412.464 39.0 1.947 0.38 "" ""
3412.468 25.0 4.791 -2.75 "" ""
3412.482 106.00112 0.752 -5.219 3.464 CX12R065
3412.485 607.01314 1.903 -2.463 7.724 1008Rb0055
3412.488 607.01314 1.903 -4.424 7.724 1008Qd0065
3412.51 106.00113 0.596 -8.126 3.464 AX41P115
3412.516 23.1 5.836 -1.73 "" ""
3412.544 106.00113 0.836 -6.477 3.464 AX52Q105
3412.55 26.0 3.366 -3.93 "" ""
3412.556 106.00113 0.836 -4.848 3.464 AX52R105
3412.572 24.0 2.542 -4.43 "" ""
3412.591 69.0 1.892 1.01 "" ""
3412.598 27.0059 0.0 -3.693 Lawle15HFS ""
3412.607 25.0 4.35 -2.81 "" ""
3412.608 27.0059 0.0 -3.295 Lawle15HFS ""
3412.611 27.0059 0.0 -2.391 Lawle15HFS ""
3412.617 27.0059 0.0 -3.09 Lawle15HFS ""
3412.618 106.00112 0.752 -4.962 3.464 CX12R075
3412.619 27.0059 0.0 -2.18 Lawle15HFS ""
3412.625 27.0059 0.0 -1.383 Lawle15HFS ""
3412.625 27.0059 0.0 -2.993 Lawle15HFS ""
3412.626 27.0059 0.0 -2.107 Lawle15HFS ""
3412.629 23.1 5.826 -1.98 "" ""
3412.631 27.0059 0.0 -1.488 Lawle15HFS ""
3412.632 27.0059 0.0 -2.101 Lawle15HFS ""
3412.632 27.0059 0.0 -2.993 Lawle15HFS ""
3412.637 27.0059 0.0 -1.604 Lawle15HFS ""
3412.637 27.0059 0.0 -2.148 Lawle15HFS ""
3412.637 27.0059 0.0 -3.148 Lawle15HFS ""
3412.64 27.0059 0.0 -2.253 Lawle15HFS ""
3412.641 27.0059 0.0 -1.733 Lawle15HFS ""
3412.643 27.0059 0.0 -2.449 Lawle15HFS ""
3412.644 27.0059 0.0 -1.879 Lawle15HFS ""
3412.645 27.0059 0.0 -2.049 Lawle15HFS ""
3412.646 27.0059 0.0 -2.253 Lawle15HFS ""
3412.646 27.0059 0.0 -2.516 Lawle15HFS ""
3412.651 106.00112 0.752 -11.254 3.464 CX12Q075
3412.651 107.00114 1.483 -2.136 3.400 ""
3412.656 106.00112 0.598 -8.126 3.464 AX41P115
3412.667 107.00114 1.377 -2.455 3.400 ""
3412.67 107.00114 0.888 -1.31 3.400 ""
3412.678 23.1 5.009 -2.51 "" ""
3412.696 106.00113 0.679 -5.931 3.464 AX52P035
3412.7 24.0 3.108 -3.36 "" ""
3412.704 106.00112 0.806 -4.921 3.464 AX52R085
3412.722 23.0 2.038 -3.56 "" ""
3412.725 106.00113 1.012 -7.371 3.464 CX01P205
3412.728 607.01214 1.937 -2.537 7.724 1008Pa0045
3412.732 607.01214 1.937 -4.078 7.724 1008Qc0035
3412.736 106.00113 0.679 -5.931 3.464 AX52P035
3412.744 76.0 1.656 -0.94 "" ""
3412.75 64.1 0.354 -1.51 LAWLER ""
3412.752 25.1 5.105 -5.43 "" ""
3412.756 26.0 3.651 -5.26 "" ""
3412.766 107.00114 1.484 -1.329 3.400 ""
3412.77 107.00114 1.377 -2.479 3.400 ""
3412.777 607.01314 1.901 -2.463 7.724 1008Ra0055
3412.799 607.01314 1.901 -2.54 7.724 1008Rb0045
3412.803 607.01314 1.901 -4.358 7.724 1008Qd0055
3412.821 107.00114 1.377 -0.715 3.400 ""
3412.833 607.01214 1.937 -2.65 7.724 1008Pb0035
3412.835 23.0 1.847 -7.83 "" ""
3412.84 60.1 0.32 -1.86 LAWLER ""
3412.854 106.00112 0.806 -6.46 3.464 AX52Q095
3412.858 106.00112 0.806 -4.877 3.464 AX52R095
3412.865 27.0 3.131 -0.47 "" ""
3412.875 27.0 2.872 -3.04 "" ""
3412.877 22.1 4.891 -3.43 "" ""
3412.879 107.00114 0.686 -1.085 3.400 ""
3412.891 73.0 1.146 -1.0 "" ""
3412.893 27.0 3.168 -2.32 "" ""
3412.93 41.1 0.9 -0.5 Nilsson10 ""
3412.96 74.0 0.598 -1.51 "" ""
3412.978 24.0 2.542 -3.61 "" ""
3412.979 21.0 2.134 -2.62 "" ""
3413.013 90.0 0.355 -0.33 "" ""
3413.075 26.0 3.692 -4.67 "" ""
3413.08 106.00112 0.807 -4.921 3.464 AX52R085
3413.091 26.0 3.651 -5.06 "" ""
3413.107 607.01314 1.899 -2.54 7.724 1008Ra0045
3413.127 607.01314 1.899 -2.632 7.724 1008Rb0035
3413.128 607.01314 1.899 -4.28 7.724 1008Qd0045
3413.129 106.00112 0.846 -5.748 3.464 AX30P225
3413.13 106.00113 1.012 -5.255 3.464 CX01Q205
3413.133 106.00113 1.013 -6.187 3.464 CX01Q195
3413.133 26.0 2.196 -0.4 OBR91 ""
3413.153 106.00112 0.846 -8.13 3.464 AX30Q215
3413.153 107.00114 0.474 -0.97 3.400 ""
3413.157 106.00113 0.596 -8.162 3.464 AX41P115
3413.174 107.00114 1.377 -0.672 3.400 ""
3413.178 607.01214 1.939 -2.448 7.724 1008Pa0055
3413.179 607.01214 1.939 -4.176 7.724 1008Qc0045
3413.183 107.00114 1.436 -2.69 3.400 ""
3413.197 106.00112 0.807 -6.445 3.464 AX52Q095
3413.201 106.00112 0.807 -4.877 3.464 AX52R095
3413.214 107.00114 0.686 -2.55 3.400 ""
3413.216 106.00112 0.846 -5.836 3.464 AX30P215
3413.242 25.1 6.663 -6.06 "" ""
3413.261 107.00114 0.686 -1.058 3.400 ""
3413.263 107.00114 0.888 -2.394 3.400 ""
3413.275 64.1 1.338 0.12 "" ""
3413.295 24.0 2.543 -5.58 "" ""
3413.297 607.01214 1.939 -2.537 7.724 1008Pb0045
3413.312 106.00112 0.599 -8.161 3.464 AX41P115
3413.316 25.0 4.191 -3.14 "" ""
3413.32 27.0 3.25 -1.65 "" ""
3413.328 107.00114 1.377 -2.45 3.400 ""
3413.333 107.00114 0.888 -1.276 3.400 ""
3413.335 29.0 5.677 -0.92 "" ""
3413.367 42.0 2.644 -0.62 "" ""
3413.389 107.00114 0.474 -2.648 3.400 ""
3413.397 40.1 0.999 -1.14 Ljung06 ""
3413.402 107.00114 0.474 -0.947 3.400 ""
3413.416 23.0 1.954 -2.6 "" ""
3413.418 106.00113 0.408 -5.533 3.464 CX01R055
3413.447 106.00113 0.839 -8.095 3.464 AX30Q215
3413.447 607.01314 1.897 -2.632 7.724 1008Ra0035
3413.464 607.01314 1.897 -2.747 7.724 1008Rb0025
3413.464 607.01314 1.897 -4.182 7.724 1008Qd0035
3413.471 106.00113 0.839 -5.835 3.464 AX30P215
3413.471 28.0 3.536 -0.25 "" ""
3413.476 28.0 0.165 -1.4 LAWLER ""
3413.494 106.00113 0.839 -5.748 3.464 AX30P225
3413.507 106.00113 0.408 -8.537 3.464 CX01Q065
3413.515 27.0 0.101 -3.63 LAWNHFS ""
3413.518 26.0 3.692 -3.12 "" ""
3413.537 74.0 0.366 -1.74 "" ""
3413.538 106.00113 1.013 -7.298 3.464 CX01R195
3413.554 107.00114 1.125 -2.185 3.400 ""
3413.584 25.1 6.489 -2.56 "" ""
3413.597 106.00113 1.147 -5.043 3.464 AX41R225
3413.601 24.0 3.099 -3.79 "" ""
3413.625 106.00113 0.408 -5.655 3.464 CX01R065
3413.638 26.0 3.428 -3.6 "" ""
3413.641 607.01214 1.942 -4.255 7.724 1008Qc0055
3413.644 607.01214 1.942 -2.374 7.724 1008Pa0065
3413.652 26.0 2.947 -3.74 "" ""
3413.655 107.00114 0.474 -0.916 3.400 ""
3413.656 106.00113 1.147 -7.072 3.464 AX41Q225
3413.66 107.00114 1.125 -2.026 3.400 ""
3413.673 106.00113 1.147 -5.057 3.464 AX41R215
3413.674 107.00114 0.685 -1.019 3.400 ""
3413.674 27.0 3.213 -3.9 "" ""
3413.706 107.00114 1.114 -2.839 3.400 ""
3413.709 28.0 3.696 -2.87 "" ""
3413.715 26.0 3.366 -4.41 "" ""
3413.73 107.00114 1.114 -2.184 3.400 ""
3413.738 72.1 1.671 -0.51 "" ""
3413.742 75.0 2.059 -0.68 "" ""
3413.771 607.01214 1.942 -2.448 7.724 1008Pb0055
3413.78 66.1 0.1 -0.52 LAWLER ""
3413.784 23.0 1.944 -5.05 "" ""
3413.798 607.01314 1.896 -2.747 7.724 1008Ra0025
3413.803 107.00114 0.474 -4.938 3.400 ""
3413.81 607.01314 1.896 -2.904 7.724 1008Rb0015
3413.811 106.00112 1.018 -7.298 3.464 CX01R195
3413.811 607.01314 1.896 -4.053 7.724 1008Qd0025
3413.816 107.00114 0.474 -2.616 3.400 ""
3413.817 107.00114 0.686 -4.649 3.400 ""
3413.829 25.0 2.951 -2.98 "" ""
3413.83 107.00114 1.114 -2.127 3.400 ""
3413.833 107.00114 1.483 -1.214 3.400 ""
3413.835 107.00114 1.422 -0.705 3.400 ""
3413.855 23.0 1.892 -3.66 "" ""
3413.863 107.00114 0.686 -2.51 3.400 ""
3413.867 106.00112 1.018 -5.255 3.464 CX01Q205
3413.881 107.00114 1.422 -2.509 3.400 ""
3413.893 106.00112 1.018 -6.187 3.464 CX01Q195
3413.9 62.1 0.277 -1.67 LAWLER ""
3413.923 107.00114 1.467 -3.568 3.400 ""
3413.936 28.0 0.109 -1.75 LAWLER ""
3413.94 107.00114 1.467 -1.502 3.400 ""
3413.945 26.0 3.414 -4.69 "" ""
3413.949 106.00112 1.018 -7.37 3.464 CX01P205
3414.01 29.0063 3.814 -2.494 KURHFS ""
3414.01 29.0065 3.814 -2.494 KURHFS ""
3414.011 29.0063 3.814 -2.172 KURHFS ""
3414.011 29.0063 3.814 -2.54 KURHFS ""
3414.011 29.0065 3.814 -2.172 KURHFS ""
3414.011 29.0065 3.814 -2.54 KURHFS ""
3414.012 29.0063 3.814 -1.922 KURHFS ""
3414.012 29.0063 3.814 -2.427 KURHFS ""
3414.012 29.0063 3.814 -3.494 KURHFS ""
3414.012 29.0065 3.814 -1.922 KURHFS ""
3414.012 29.0065 3.814 -2.427 KURHFS ""
3414.012 29.0065 3.814 -3.494 KURHFS ""
3414.015 29.0063 3.814 -1.716 KURHFS ""
3414.015 29.0063 3.814 -2.524 KURHFS ""
3414.015 29.0063 3.814 -3.67 KURHFS ""
3414.015 29.0065 3.814 -1.716 KURHFS ""
3414.015 29.0065 3.814 -2.524 KURHFS ""
3414.015 29.0065 3.814 -3.67 KURHFS ""
3414.033 107.00114 1.467 -2.158 3.400 ""
3414.035 25.0 2.951 -3.1 "" ""
3414.045 24.1 4.473 -6.38 "" ""
3414.062 41.0 0.348 -1.34 "" ""
3414.087 24.0 3.432 -3.27 "" ""
3414.098 42.0 2.644 -1.74 "" ""
3414.105 29.0063 3.814 -3.454 KURHFS ""
3414.105 29.0065 3.814 -3.454 KURHFS ""
3414.106 29.0063 3.814 -3.25 KURHFS ""
3414.106 29.0063 3.814 -3.454 KURHFS ""
3414.106 29.0063 3.814 -3.852 KURHFS ""
3414.106 29.0065 3.814 -3.25 KURHFS ""
3414.106 29.0065 3.814 -3.454 KURHFS ""
3414.106 29.0065 3.814 -3.852 KURHFS ""
3414.108 29.0063 3.814 -3.153 KURHFS ""
3414.108 29.0063 3.814 -3.25 KURHFS ""
3414.108 29.0063 3.814 -3.308 KURHFS ""
3414.108 29.0065 3.814 -3.153 KURHFS ""
3414.108 29.0065 3.814 -3.25 KURHFS ""
3414.108 29.0065 3.814 -3.308 KURHFS ""
3414.11 29.0063 3.814 -2.706 KURHFS ""
3414.11 29.0063 3.814 -3.308 KURHFS ""
3414.11 29.0065 3.814 -2.706 KURHFS ""
3414.11 29.0065 3.814 -3.308 KURHFS ""
3414.118 607.01214 1.945 -4.32 7.724 1008Qc0065
3414.12 26.0 4.1 -3.65 "" ""
3414.125 607.01214 1.945 -2.31 7.724 1008Pa0075
3414.128 73.1 0.846 -0.21 "" ""
3414.136 26.1 3.941 -4.22 "" ""
3414.156 107.00114 0.888 -1.215 3.400 ""
3414.162 607.01314 1.895 -2.904 7.724 1008Ra0015
3414.168 106.00113 1.013 -6.555 3.464 CX23R055
3414.168 607.01314 1.895 -3.161 7.724 1008Rb0005
3414.169 607.01314 1.895 -3.862 7.724 1008Qd0015
3414.181 22.0 1.872 -4.81 "" ""
3414.186 23.1 2.554 -2.06 "" ""
3414.196 23.0 1.05 -1.26 LAWNOHFS ""
3414.225 106.00112 0.409 -5.533 3.464 CX01R055
3414.23 107.00114 0.888 -4.154 3.400 ""
3414.241 23.0 0.017 -5.17 "" ""
3414.243 107.00114 1.422 -2.485 3.400 ""
3414.255 607.01214 1.945 -2.374 7.724 1008Pb0065
3414.301 107.00114 0.888 -2.336 3.400 ""
3414.307 25.1 6.489 -3.69 "" ""
3414.315 92.0 0.552 -0.27 "" ""
3414.355 20.0 4.621 -2.02 "" ""
3414.356 107.00114 1.422 -2.508 3.400 ""
3414.372 26.0 3.299 -3.71 "" ""
3414.383 106.00113 1.038 -7.595 3.464 AX52R155
3414.402 107.00114 1.422 -0.679 3.400 ""
3414.405 106.00112 0.41 -5.655 3.464 CX01R065
3414.438 24.0 3.553 -3.04 "" ""
3414.44 106.00112 0.41 -8.537 3.464 CX01Q065
3414.502 26.0 3.394 -3.54 "" ""
3414.503 90.1 1.188 -0.66 "" ""
3414.517 24.0 3.102 -3.5 "" ""
3414.521 25.1 5.373 -9.43 "" ""
3414.528 23.0 1.375 -3.98 "" ""
3414.532 607.01314 1.895 -3.161 7.724 1008Ra0005
3414.538 607.01314 1.895 -3.464 7.724 1008Qd0005
3414.545 106.00113 0.727 -4.889 3.464 AX52Q055
3414.563 26.0 3.299 -2.61 "" ""
3414.602 106.00113 0.727 -6.358 3.464 AX52R055
3414.61 28.0 3.417 -0.27 "" ""
3414.61 607.01214 1.948 -4.377 7.724 1008Qc0075
3414.618 26.0 3.045 -2.23 "" ""
3414.62 607.01214 1.948 -2.254 7.724 1008Pa0085
3414.621 107.00114 0.445 -4.869 3.400 ""
3414.622 24.0 3.884 -4.16 "" ""
3414.624 106.00113 0.731 -7.263 3.464 AX41Q145
3414.643 106.00113 0.731 -5.302 3.464 AX41P145
3414.647 23.0 2.027 -3.1 "" ""
3414.659 40.1 1.011 -0.34 Ljung06 ""
3414.662 40.0 0.071 -0.62 "" ""
3414.671 106.00112 0.995 -7.551 3.464 AX52R145
3414.706 107.00114 1.422 -0.64 3.400 ""
3414.707 106.00113 0.731 -5.238 3.464 AX41P155
3414.721 27.0 0.629 -1.34 LAWNHFS ""
3414.724 106.00113 0.727 -4.889 3.464 AX52Q055
3414.725 22.0 2.304 -4.84 "" ""
3414.749 607.01214 1.948 -2.31 7.724 1008Pb0075
3414.75 23.0 1.05 -3.37 "" ""
3414.764 28.0 0.025 0.0 LAWLER ""
3414.773 106.00113 0.727 -6.34 3.464 AX52P065
3414.781 106.00113 0.727 -6.366 3.464 AX52R055
3414.813 25.1 6.49 -2.42 "" ""
3414.82 107.00114 0.145 -3.308 3.400 ""
3414.821 107.00114 1.467 -2.069 3.400 ""
3414.822 66.1 0.538 -0.42 "" ""
3414.83 106.00113 0.727 -4.808 3.464 AX52Q065
3414.857 106.00112 1.148 -8.031 3.464 AX30R255
3414.865 107.00114 1.422 -2.481 3.400 ""
3414.874 106.00113 0.951 -7.289 3.464 CX01P195
3414.876 23.1 2.555 -2.42 "" ""
3414.886 42.0 2.274 -1.73 "" ""
3414.9 106.00112 1.148 -5.036 3.464 AX30Q265
3414.904 67.1 0.0 -0.43 "" ""
3414.929 106.00113 0.728 -6.334 3.464 AX52P065
3414.931 107.00114 1.467 -1.42 3.400 ""
3414.943 106.00112 1.148 -5.126 3.464 AX30Q255
3414.96 62.1 0.104 -1.84 LAWLER ""
3414.986 106.00112 1.148 -7.757 3.464 AX30P265
3414.986 106.00113 0.728 -4.808 3.464 AX52Q065
3414.991 26.1 7.123 -2.18 "" ""
3415.094 106.00112 1.382 -3.372 3.464 CX23R165
3415.105 106.00113 0.727 -5.527 3.464 CX12R055
3415.117 607.01214 1.952 -4.426 7.724 1008Qc0085
3415.129 607.01214 1.952 -2.204 7.724 1008Pa0095
3415.143 106.00112 0.71 -4.991 3.464 AX52Q045
3415.154 106.00112 1.382 -3.44 3.464 CX23R155
3415.155 106.00112 0.734 -7.263 3.464 AX41Q145
3415.172 106.00112 1.382 -7.839 3.464 CX23Q165
3415.178 106.00112 0.734 -5.302 3.464 AX41P145
3415.192 106.00113 0.727 -10.292 3.464 CX12Q065
3415.194 106.00112 1.016 -6.555 3.464 CX23R055
3415.202 106.00112 0.71 -6.282 3.464 AX52R045
3415.222 26.0 2.829 -3.59 "" ""
3415.24 106.00112 0.734 -5.238 3.464 AX41P155
3415.247 106.00113 1.039 -7.549 3.464 AX52R155
3415.248 106.00113 0.951 -6.531 3.464 CX01Q185
3415.25 106.00113 0.951 -6.187 3.464 CX01Q195
3415.255 607.01214 1.952 -2.254 7.724 1008Pb0085
3415.264 106.00113 0.841 -5.748 3.464 AX30P225
3415.272 42.0 3.3 -0.54 "" ""
3415.273 106.00112 0.71 -4.99 3.464 AX52Q045
3415.293 106.00113 0.841 -8.13 3.464 AX30Q215
3415.296 26.0 3.015 -5.07 "" ""
3415.305 106.00113 0.727 -5.219 3.464 CX12R065
3415.306 607.01314 1.895 -3.464 7.724 1008Qc0005
3415.307 607.01314 1.895 -3.165 7.724 1008Pa0015
3415.325 24.0 3.446 -1.65 "" ""
3415.331 106.00112 1.432 -3.309 3.464 CX23R175
3415.333 106.00112 0.71 -6.289 3.464 AX52R045
3415.363 25.0 4.675 -2.33 "" ""
3415.372 27.0 3.277 -3.83 "" ""
3415.402 106.00113 0.841 -5.836 3.464 AX30P215
3415.403 106.00112 1.432 -3.372 3.464 CX23R165
3415.413 106.00112 1.432 -7.794 3.464 CX23Q175
3415.418 106.00112 0.71 -6.29 3.464 AX52P055
3415.42 106.00112 1.335 -3.44 3.464 CX23R155
3415.429 26.0 3.069 -4.12 "" ""
3415.442 24.1 4.494 -3.02 "" ""
3415.451 106.00112 0.996 -7.508 3.464 AX52R145
3415.456 23.1 2.219 -6.49 "" ""
3415.461 24.0 3.123 -3.04 "" ""
3415.466 106.00112 1.335 -3.514 3.464 CX23R145
3415.466 107.00114 0.811 -3.133 3.400 ""
3415.477 106.00112 0.71 -4.894 3.464 AX52Q055
3415.494 106.00112 1.335 -7.883 3.464 CX23Q155
3415.494 24.1 4.984 -3.28 "" ""
3415.501 25.0 4.602 -2.81 "" ""
3415.509 26.0 2.988 -1.96 "" ""
3415.526 27.0 0.0 -3.29 LAWNHFS ""
3415.529 106.00112 0.71 -6.284 3.464 AX52P055
3415.531 26.0 2.221 -1.49 BEL17 ""
3415.555 60.1 0.204 -1.25 "" ""
3415.587 106.00113 0.732 -7.288 3.464 AX41Q145
3415.588 106.00112 0.71 -4.894 3.464 AX52Q055
3415.605 106.00113 0.732 -5.302 3.464 AX41P145
3415.613 42.0 3.3 -0.69 "" ""
3415.618 27.0 2.875 -2.32 "" ""
3415.619 106.00113 0.732 -5.239 3.464 AX41P155
3415.621 107.00114 1.469 -0.671 3.400 ""
3415.624 106.00113 0.951 -7.387 3.464 CX01R185
3415.638 607.01214 1.957 -4.469 7.724 1008Qc0095
3415.649 607.01214 1.957 -2.158 7.724 1008Pa0105
3415.65 42.0 1.334 -2.56 "" ""
3415.652 23.0 1.847 -5.81 "" ""
3415.662 107.00114 1.469 -2.536 3.400 ""
3415.677 28.0 3.536 -1.18 "" ""
3415.707 607.01314 1.896 -3.862 7.724 1008Qc0015
3415.707 66.1 1.787 0.17 "" ""
3415.71 607.01314 1.896 -2.91 7.724 1008Pa0025
3415.71 607.01314 1.896 -3.165 7.724 1008Pb0015
3415.746 20.0 3.907 -4.51 "" ""
3415.768 27.1 2.203 -1.51 Law18NOHFS ""
3415.771 607.01214 1.957 -2.204 7.724 1008Pb0095
3415.782 107.00114 0.145 -4.479 3.400 ""
3415.793 28.0 3.633 -1.72 "" ""
3415.849 107.00114 0.145 -3.196 3.400 ""
3415.885 90.0 0.457 -0.78 "" ""
3415.903 106.00113 0.348 -7.043 3.464 CX01R025
3415.916 23.1 2.898 -2.89 "" ""
3415.95 106.00112 0.956 -7.387 3.464 CX01R185
3415.976 41.0 1.177 -0.22 "" ""
3415.986 22.0 2.425 -0.99 "" ""
3415.991 107.00114 1.469 -2.513 3.400 ""
3416.011 106.00112 0.956 -6.187 3.464 CX01Q195
3416.017 106.00112 0.73 -5.526 3.464 CX12R055
3416.019 24.0 3.886 -3.11 "" ""
3416.021 26.1 2.275 -2.95 "" ""
3416.03 106.00112 0.956 -6.531 3.464 CX01Q185
3416.039 22.0 2.394 -4.07 "" ""
3416.048 26.0 3.366 -5.38 "" ""
3416.064 107.00114 1.453 -3.314 3.400 ""
3416.065 107.00114 1.453 -1.648 3.400 ""
3416.065 26.0 3.6 -3.85 "" ""
3416.086 26.1 2.889 -3.5 "" ""
3416.09 106.00112 0.956 -7.288 3.464 CX01P195
3416.114 107.00114 1.469 -2.534 3.400 ""
3416.118 607.01314 1.897 -4.053 7.724 1008Qc0025
3416.12 607.01314 1.897 -2.755 7.724 1008Pa0035
3416.125 27.0 2.716 -4.36 "" ""
3416.125 607.01314 1.897 -2.91 7.724 1008Pb0025
3416.126 68.1 0.636 -1.33 LAWLER ""
3416.128 106.00112 0.735 -7.288 3.464 AX41Q145
3416.138 23.0 1.798 -5.35 "" ""
3416.142 42.0 3.44 -0.33 "" ""
3416.151 106.00112 0.735 -5.302 3.464 AX41P145
3416.156 107.00114 1.469 -0.646 3.400 ""
3416.159 106.00112 0.735 -5.239 3.464 AX41P155
3416.167 107.00114 1.453 -2.101 3.400 ""
3416.173 607.01214 1.961 -4.508 7.724 1008Qc0105
3416.183 607.01214 1.961 -2.116 7.724 1008Pa0115
3416.188 20.0 5.295 -3.59 "" ""
3416.194 106.00112 0.73 -5.219 3.464 CX12R065
3416.223 106.00112 0.73 -10.291 3.464 CX12Q065
3416.225 106.00112 1.29 -3.513 3.464 CX23R145
3416.227 106.00112 1.484 -3.251 3.464 CX23R185
3416.235 107.00114 1.467 -1.273 3.400 ""
3416.239 106.00112 0.681 -6.169 3.464 AX52P025
3416.248 23.0 2.636 -0.55 "" ""
3416.25 65.1 0.771 -0.16 LAWNOHFS ""
3416.256 106.00112 1.29 -3.593 3.464 CX23R135
3416.257 107.00114 0.495 -3.236 3.400 ""
3416.279 21.0 1.849 -4.87 "" ""
3416.282 26.0 3.045 -1.29 "" ""
3416.285 21.0 2.144 -2.43 "" ""
3416.287 107.00114 1.139 -1.786 3.400 ""
3416.292 106.00112 0.681 -6.167 3.464 AX52P025
3416.294 106.00112 1.29 -7.926 3.464 CX23Q145
3416.298 22.0 1.459 -1.47 "" ""
3416.301 607.01214 1.961 -2.158 7.724 1008Pb0105
3416.311 106.00112 1.484 -3.309 3.464 CX23R175
3416.313 106.00112 1.484 -7.75 3.464 CX23Q185
3416.314 106.00113 1.243 -7.966 3.464 CX23Q135
3416.365 21.0 2.138 -2.31 "" ""
3416.375 67.1165 0.079 -0.495 LAWLER ""
3416.376 67.1165 0.079 -1.857 LAWLER ""
3416.388 20.0 5.296 -3.97 "" ""
3416.403 67.1165 0.079 -1.857 LAWLER ""
3416.404 67.1165 0.079 -0.575 LAWLER ""
3416.404 67.1165 0.079 -1.632 LAWLER ""
3416.406 106.00112 0.681 -6.429 3.464 AX52Q025
3416.416 107.00114 1.469 -0.61 3.400 ""
3416.43 67.1165 0.079 -0.656 LAWLER ""
3416.43 67.1165 0.079 -1.543 LAWLER ""
3416.43 67.1165 0.079 -1.632 LAWLER ""
3416.452 67.1165 0.079 -1.52 LAWLER ""
3416.454 67.1165 0.079 -0.736 LAWLER ""
3416.454 67.1165 0.079 -1.543 LAWLER ""
3416.459 106.00112 0.681 -6.435 3.464 AX52Q025
3416.472 67.1165 0.079 -1.551 LAWLER ""
3416.474 67.1165 0.079 -0.812 LAWLER ""
3416.475 67.1165 0.079 -1.52 LAWLER ""
3416.489 67.1165 0.079 -1.646 LAWLER ""
3416.491 67.1165 0.079 -0.882 LAWLER ""
3416.492 67.1165 0.079 -1.551 LAWLER ""
3416.503 67.1165 0.079 -1.87 LAWLER ""
3416.504 22.0 1.872 -4.16 "" ""
3416.505 67.1165 0.079 -0.937 LAWLER ""
3416.507 106.00113 1.243 -3.593 3.464 CX23R135
3416.507 24.0 3.886 -3.46 "" ""
3416.507 67.1165 0.079 -1.646 LAWLER ""
3416.513 106.00113 1.244 -3.679 3.464 CX23R125
3416.517 67.1165 0.079 -0.967 LAWLER ""
3416.518 67.1165 0.079 -1.87 LAWLER ""
3416.524 107.00114 1.125 -1.814 3.400 ""
3416.525 107.00114 1.125 -3.112 3.400 ""
3416.538 23.0 1.349 -4.91 "" ""
3416.54 607.01314 1.899 -4.182 7.724 1008Qc0035
3416.541 607.01314 1.899 -2.643 7.724 1008Pa0045
3416.553 607.01314 1.899 -2.755 7.724 1008Pb0035
3416.566 58.1 0.739 -0.51 "" ""
3416.577 42.0 2.494 -1.65 "" ""
3416.58 107.00114 1.469 -2.509 3.400 ""
3416.586 69.0 0.0 -1.1 "" ""
3416.594 24.0 3.885 -3.19 "" ""
3416.61 107.00114 0.085 -5.103 3.400 ""
3416.62 107.00114 0.921 -1.243 3.400 ""
3416.629 106.00113 0.669 -8.755 3.464 CX12R025
3416.631 107.00114 1.125 -2.079 3.400 ""
3416.634 107.00114 0.734 -1.044 3.400 ""
3416.643 107.00114 0.536 -0.938 3.400 ""
3416.648 23.1 6.453 -2.19 "" ""
3416.671 21.0 1.952 -0.28 "" ""
3416.676 26.0 2.482 -2.76 "" ""
3416.69 26.1 5.48 -3.31 "" ""
3416.703 25.1 5.516 -2.68 "" ""
3416.706 42.0 2.834 -1.23 "" ""
3416.722 21.0 2.134 -2.43 "" ""
3416.722 607.01214 1.967 -4.542 7.724 1008Qc0115
3416.729 607.01214 1.967 -2.077 7.724 1008Pa0125
3416.785 106.00112 0.349 -7.043 3.464 CX01R025
3416.785 22.0 2.316 -4.05 "" ""
3416.829 25.0 2.939 -4.73 "" ""
3416.841 107.00114 0.536 -2.67 3.400 ""
3416.841 25.0 2.939 -4.61 "" ""
3416.841 607.01214 1.967 -2.116 7.724 1008Pb0115
3416.85 24.0 3.844 -3.67 "" ""
3416.853 107.00114 0.536 -0.916 3.400 ""
3416.854 23.1 6.537 -3.38 "" ""
3416.857 106.00112 0.681 -5.93 3.464 AX52P035
3416.857 58.1 0.122 -1.06 BIEMONT ""
3416.897 106.00112 0.681 -5.93 3.464 AX52P035
3416.947 24.0 3.09 -4.4 "" ""
3416.95 107.00114 0.734 -2.578 3.400 ""
3416.95 64.1 0.425 -0.06 LAWLER ""
3416.957 22.1 1.236 -1.54 LAWLER ""
3416.959 22.0 0.835 -7.75 "" ""
3416.97 25.1 5.468 -2.58 "" ""
3416.972 607.01314 1.901 -4.28 7.724 1008Qc0045
3416.977 607.01314 1.901 -2.553 7.724 1008Pa0055
3416.984 107.00114 0.734 -1.018 3.400 ""
3416.99 607.01314 1.901 -2.643 7.724 1008Pb0045
3416.994 107.00114 1.433 -2.899 3.400 ""
3416.996 106.00113 0.892 -7.217 3.464 CX01P185
3417.021 22.0 1.886 -2.53 "" ""
3417.021 73.1 0.0 -1.52 "" ""
3417.054 107.00114 0.535 -0.887 3.400 ""
3417.058 106.00113 0.692 -5.752 3.464 AX52P035
3417.061 23.0 1.063 -1.19 LAWNOHFS ""
3417.129 66.1 1.357 0.1 "" ""
3417.135 107.00114 1.453 -1.994 3.400 ""
3417.142 27.0059 0.581 -1.845 Lawle15HFS ""
3417.145 106.00113 0.692 -5.751 3.464 AX52P035
3417.145 27.0059 0.581 -1.664 Lawle15HFS ""
3417.147 25.0 4.191 -1.68 "" ""
3417.148 27.0059 0.581 -1.633 Lawle15HFS ""
3417.151 107.00114 0.921 -2.432 3.400 ""
3417.151 27.0059 0.581 -1.697 Lawle15HFS ""
3417.153 27.0059 0.581 -1.896 Lawle15HFS ""
3417.155 27.0059 0.581 -1.146 Lawle15HFS ""
3417.156 27.0059 0.581 -1.438 Lawle15HFS ""
3417.157 27.0059 0.581 -1.844 Lawle15HFS ""
3417.157 27.0059 0.581 -2.561 Lawle15HFS ""
3417.158 27.0059 0.581 -2.151 Lawle15HFS ""
3417.158 27.0059 0.581 -3.801 Lawle15HFS ""
3417.162 27.0059 0.581 -1.896 Lawle15HFS ""
3417.164 27.0059 0.581 -1.697 Lawle15HFS ""
3417.166 27.0059 0.581 -1.633 Lawle15HFS ""
3417.168 27.0059 0.581 -1.664 Lawle15HFS ""
3417.169 27.0059 0.581 -1.845 Lawle15HFS ""
3417.188 106.00113 0.692 -6.397 3.464 AX52Q035
3417.198 107.00114 0.921 -1.211 3.400 ""
3417.239 107.00114 1.453 -1.542 3.400 ""
3417.241 25.0 2.939 -5.67 "" ""
3417.241 25.0 2.939 -7.99 "" ""
3417.241 25.0 2.939 -8.19 "" ""
3417.258 26.0 1.01 -3.39 "" ""
3417.26 107.00114 0.536 -5.008 3.400 ""
3417.267 24.0 3.009 -2.02 "" ""
3417.268 106.00112 1.151 -5.036 3.464 AX30Q265
3417.272 107.00114 0.536 -2.64 3.400 ""
3417.275 106.00113 0.692 -6.405 3.464 AX52Q035
3417.284 607.01214 1.972 -4.574 7.724 1008Qc0125
3417.287 607.01214 1.972 -2.041 7.724 1008Pa0135
3417.31 106.00112 1.151 -8.06 3.464 AX30R255
3417.321 25.0 4.604 -3.25 "" ""
3417.327 44.0 0.259 -0.38 "" ""
3417.332 24.1 5.666 -5.0 "" ""
3417.336 64.1 1.351 -0.1 "" ""
3417.337 106.00113 0.892 -5.537 3.464 CX01Q175
3417.342 72.0 0.292 -0.99 "" ""
3417.344 107.00114 0.734 -0.982 3.400 ""
3417.346 106.00113 0.892 -6.532 3.464 CX01Q185
3417.353 23.0 2.636 -3.24 "" ""
3417.353 27.0 2.54 -2.07 "" ""
3417.354 106.00112 1.151 -7.73 3.464 AX30P265
3417.383 106.00113 0.388 -5.474 3.464 CX01R045
3417.396 607.01214 1.972 -2.077 7.724 1008Pb0125
3417.397 106.00112 1.151 -5.126 3.464 AX30Q255
3417.416 607.01314 1.903 -4.359 7.724 1008Qc0055
3417.419 607.01314 1.903 -2.479 7.724 1008Pa0065
3417.432 23.0 1.852 -6.65 "" ""
3417.434 106.00112 1.248 -3.593 3.464 CX23R135
3417.438 607.01314 1.903 -2.553 7.724 1008Pb0055
3417.448 58.1 0.703 -0.48 BIEMONT ""
3417.45 106.00112 1.248 -3.679 3.464 CX23R125
3417.47 107.00114 0.495 -4.273 3.400 ""
3417.47 107.00114 0.734 -4.739 3.400 ""
3417.498 106.00112 1.248 -7.966 3.464 CX23Q135
3417.5 106.00112 1.15 -8.849 3.464 AX51P215
3417.505 107.00114 0.734 -2.54 3.400 ""
3417.508 23.1 5.875 -0.7 "" ""
3417.51 42.0 2.644 -1.11 "" ""
3417.516 27.0 2.925 -4.09 "" ""
3417.518 107.00114 1.139 -2.209 3.400 ""
3417.523 107.00114 0.811 -3.862 3.400 ""
3417.528 106.00113 0.692 -5.601 3.464 AX52P045
3417.54 107.00114 0.496 -3.109 3.400 ""
3417.545 106.00113 0.388 -8.396 3.464 CX01Q055
3417.591 106.00113 0.87 -4.854 3.464 AX52R105
3417.599 106.00113 0.692 -5.601 3.464 AX52P045
3417.603 106.00112 0.672 -8.754 3.464 CX12R025
3417.611 107.00114 0.811 -2.977 3.400 ""
3417.615 107.00114 1.139 -1.755 3.400 ""
3417.646 106.00113 0.388 -5.533 3.464 CX01R055
3417.658 24.0 3.886 -3.62 "" ""
3417.668 27.0 2.326 -0.63 "" ""
3417.687 106.00113 0.892 -7.487 3.464 CX01R175
3417.691 25.0 4.657 -3.5 "" ""
3417.698 24.1 5.658 -5.42 "" ""
3417.709 106.00113 0.87 -6.52 3.464 AX52Q115
3417.709 22.0 2.406 -3.4 "" ""
3417.714 106.00113 0.87 -4.82 3.464 AX52R115
3417.735 106.00112 0.838 -4.884 3.464 AX52R095
3417.743 23.0 2.364 -5.97 "" ""
3417.76 75.0 1.866 -0.28 "" ""
3417.785 23.0 2.038 -3.56 "" ""
3417.796 27.0 0.431 -2.38 LAWNHFS ""
3417.822 23.0 1.71 -4.95 "" ""
3417.841 26.0 2.221 -0.57 "" ""
3417.856 607.01214 1.978 -2.007 7.724 1008Pa0145
3417.858 607.01214 1.978 -4.602 7.724 1008Qc0135
3417.859 27.0 3.189 -0.26 "" ""
3417.862 41.0 1.079 -0.62 "" ""
3417.866 106.00112 0.838 -4.846 3.464 AX52R105
3417.869 106.00112 0.838 -6.492 3.464 AX52Q105
3417.869 106.00113 1.204 -8.003 3.464 CX23Q125
3417.87 607.01314 1.906 -4.425 7.724 1008Qc0065
3417.875 607.01314 1.906 -2.415 7.724 1008Pa0075
3417.886 22.0 1.066 -1.79 "" ""
3417.891 58.1 1.041 -0.29 "" ""
3417.894 106.00112 1.539 -3.199 3.464 CX23R195
3417.895 607.01314 1.906 -2.479 7.724 1008Pb0065
3417.902 107.00114 0.921 -1.157 3.400 ""
3417.925 22.1 4.861 -0.91 "" ""
3417.962 607.01214 1.978 -2.041 7.724 1008Pb0135
3417.985 106.00112 1.539 -7.707 3.464 CX23Q195
3417.985 26.0 3.412 -7.43 "" ""
3417.99 106.00112 1.539 -3.252 3.464 CX23R185
3418.005 107.00114 0.921 -4.289 3.400 ""
3418.033 26.1 4.077 -5.9 "" ""
3418.034 106.00113 1.205 -3.771 3.464 CX23R115
3418.047 106.00113 1.204 -3.679 3.464 CX23R125
3418.052 107.00114 0.921 -2.379 3.400 ""
3418.063 106.00112 0.896 -7.487 3.464 CX01R175
3418.065 24.0 3.119 -3.09 "" ""
3418.083 24.0 3.887 -3.13 "" ""
3418.102 66.1 1.528 0.26 "" ""
3418.116 28.0 3.536 -1.93 "" ""
3418.128 106.00113 0.871 -4.854 3.464 AX52R105
3418.129 106.00112 0.896 -6.531 3.464 CX01Q185
3418.14 106.00112 0.896 -5.537 3.464 CX01Q175
3418.15 62.1 0.378 -0.82 LAWLER ""
3418.157 26.0 3.281 -3.97 "" ""
3418.164 26.0 3.684 -2.57 "" ""
3418.191 106.00112 0.839 -4.884 3.464 AX52R095
3418.206 106.00112 0.896 -7.217 3.464 CX01P185
3418.206 106.00113 0.871 -6.502 3.464 AX52Q115
3418.21 26.0 3.412 -5.73 "" ""
3418.212 106.00113 0.871 -4.82 3.464 AX52R115
3418.212 107.00114 1.443 -1.884 3.400 ""
3418.218 106.00112 0.389 -5.474 3.464 CX01R045
3418.227 28.0 1.675 -3.9 "" ""
3418.232 25.1 5.468 -2.02 "" ""
3418.235 107.00114 1.443 -3.011 3.400 ""
3418.243 22.0 2.304 -4.97 "" ""
3418.274 25.0 3.761 -1.6 "" ""
3418.285 106.00112 0.839 -4.846 3.464 AX52R105
3418.288 106.00112 0.839 -6.475 3.464 AX52Q105
3418.331 107.00114 1.443 -2.051 3.400 ""
3418.335 607.01314 1.91 -4.481 7.724 1008Qc0075
3418.34 607.01314 1.91 -2.359 7.724 1008Pa0085
3418.358 27.0 3.131 -0.75 "" ""
3418.362 607.01314 1.91 -2.415 7.724 1008Pb0075
3418.381 92.0 0.077 -0.74 "" ""
3418.388 70.0 3.492 0.32 "" ""
3418.44 607.01214 1.985 -1.974 7.724 1008Pa0155
3418.443 607.01214 1.985 -4.628 7.724 1008Qc0145
3418.445 22.0 2.235 -1.16 "" ""
3418.452 23.0 0.267 -5.22 "" ""
3418.455 106.00112 0.389 -5.533 3.464 CX01R055
3418.47 107.00114 0.792 -4.725 3.400 ""
3418.471 20.0 4.128 -1.94 "" ""
3418.486 106.00112 0.389 -8.396 3.464 CX01Q055
3418.503 67.0 1.038 0.27 "" ""
3418.507 26.0 2.221 -0.64 "" ""
3418.516 62.1 0.484 -0.61 "" ""
3418.522 42.0 1.419 -1.13 "" ""
3418.527 21.0 1.968 -0.34 "" ""
3418.528 23.0 1.892 -4.83 "" ""
3418.531 23.0 1.08 -1.09 "" ""
3418.538 24.0 3.842 -4.08 "" ""
3418.542 607.01214 1.985 -2.007 7.724 1008Pb0145
3418.551 22.1 4.906 -2.51 "" ""
3418.571 26.0 3.637 -3.9 "" ""
3418.581 106.00113 0.708 -5.912 3.464 CX12R045
3418.626 69.0 1.087 -0.92 "" ""
3418.683 21.0 2.108 -3.06 "" ""
3418.73 64.1 0.0 -0.36 LAWLER ""
3418.736 106.00113 0.708 -9.812 3.464 CX12Q055
3418.776 90.1 2.463 0.79 "" ""
