wavelength species excitation loggf disassociation_energy comment
4799.007 23.0 2.573 -1.62 "" ""
4799.058 26.0 4.28 -2.77 "" ""
4799.112 607.01314 2.622 -1.977 7.724 0710Ra0375
4799.157 106.00112 0.681 -5.019 3.464 AX12R035
4799.208 112.00124 0.078 -4.086 1.340 10R210b24
4799.236 106.00112 0.681 -5.007 3.464 AX12R035
4799.237 106.00113 1.341 -3.434 3.464 AX34R065
4799.239 106.00113 0.976 -4.821 3.464 AX23R025
4799.256 24.0 3.008 -2.72 "" ""
4799.27 112.00124 0.078 -1.082 1.340 10Q110b24
4799.271 106.00113 0.976 -4.811 3.464 AX23R025
4799.276 112.00124 0.179 -2.031 1.340 21Q201b24
4799.285 112.00124 0.179 -2.332 1.340 21P101b24
4799.3 39.0 1.373 -0.36 "" ""
4799.304 23.1 6.529 -3.83 "" ""
4799.307 23.0 2.86 -2.23 "" ""
4799.314 23.0 1.802 -3.14 "" ""
4799.341 106.00112 0.807 -6.585 3.464 BX02R095
4799.373 112.00124 0.36 -2.263 1.340 32Q204b24
4799.398 112.00124 0.36 -1.499 1.340 32P104b24
4799.406 26.0 3.637 -2.23 "" ""
4799.414 106.00112 1.595 -5.637 3.464 AX23R195
4799.415 28.0 3.895 -2.08 "" ""
4799.42 60.1 0.0 -1.45 LAWLER ""
4799.485 24.0 3.548 -4.14 "" ""
4799.514 106.00112 1.595 -2.8 3.464 AX23Q195
4799.521 20.0 5.957 -4.39 "" ""
4799.521 24.0 3.435 -4.3 "" ""
4799.522 106.00112 1.595 -2.832 3.464 AX23Q205
4799.557 112.00124 0.064 -1.171 1.340 10Q209b24
4799.557 26.0 3.692 -6.85 "" ""
4799.576 106.00113 1.341 -4.727 3.464 AX34Q075
4799.611 23.0 1.349 -4.42 "" ""
4799.613 112.00124 0.064 -4.048 1.340 10P109b24
4799.616 27.0 3.968 -1.39 "" ""
4799.622 106.00112 1.595 -5.064 3.464 AX23P205
4799.622 106.00113 1.341 -3.411 3.464 AX34R075
4799.671 106.00113 1.341 -3.434 3.464 AX34R065
4799.685 26.0 4.28 -3.29 "" ""
4799.745 22.0 2.576 -3.65 "" ""
4799.753 19.0 1.616 -2.79 "" ""
4799.766 106.00112 1.656 -2.875 3.464 AX23Q215
4799.768 26.0 3.544 -3.06 "" ""
4799.777 23.0 0.0 -2.58 LAWNOHFS ""
4799.785 20.0 4.427 -3.66 "" ""
4799.79 28.0 3.703 -1.93 "" ""
4799.795 22.0 2.266 -0.02 LAWLER ""
4799.798 106.00112 1.656 -5.795 3.464 AX23R205
4799.809 26.0 4.383 -2.6 "" ""
4799.842 106.00112 1.085 -2.724 3.464 AX01Q215
4799.871 106.00112 1.656 -5.091 3.464 AX23P215
4799.875 106.00112 1.085 -5.482 3.464 AX01R205
4799.903 106.00112 1.656 -2.832 3.464 AX23Q205
4799.914 48.0 3.798 -0.4 "" ""
4799.915 74.0 2.434 -0.66 "" ""
4799.938 607.01314 2.607 -1.998 7.724 0710Rb0355
4799.943 23.1 1.816 -5.57 "" ""
4799.943 59.1 0.216 -1.98 "" ""
4799.963 106.00113 1.341 -4.714 3.464 AX34Q075
4799.979 112.00124 0.064 -4.044 1.340 10R209b24
4799.982 607.01314 2.607 -5.399 7.724 0710Qd0365
4799.989 106.00112 1.085 -5.109 3.464 AX01P215
4800.0 106.00113 1.341 -3.412 3.464 AX34R075
4800.017 57.0 1.234 -0.64 "" ""
4800.022 106.00112 1.085 -2.729 3.464 AX01Q205
4800.036 112.00124 0.064 -1.123 1.340 10Q109b24
4800.128 26.0 3.036 -2.74 "" ""
4800.172 90.1 0.83 -2.6 "" ""
4800.18 106.00113 1.193 -5.232 3.464 AX12R175
4800.215 112.00124 0.051 -1.223 1.340 10Q208b24
4800.245 57.0 0.951 -1.02 "" ""
4800.266 112.00124 0.051 -4.004 1.340 10P108b24
4800.28 106.00113 1.193 -2.646 3.464 AX12Q175
4800.299 106.00113 1.193 -2.643 3.464 AX12Q185
4800.337 112.00124 0.367 -1.587 1.340 32P205b24
4800.399 106.00113 1.193 -4.916 3.464 AX12P185
4800.505 72.0 0.699 -1.21 "" ""
4800.507 26.0 4.217 -2.6 "" ""
4800.554 26.0 3.299 -1.61 "" ""
4800.56 22.0 2.736 -4.12 "" ""
4800.607 42.0 2.985 -1.66 "" ""
4800.625 27.1 3.116 -5.51 "" ""
4800.641 66.0 1.929 -0.06 "" ""
4800.649 26.0 4.14 -1.26 "" ""
4800.684 112.00124 0.051 -3.999 1.340 10R208b24
4800.727 106.00112 0.979 -4.82 3.464 AX23R025
4800.734 112.00124 0.051 -1.17 1.340 10Q108b24
4800.759 106.00112 0.979 -4.811 3.464 AX23R025
4800.786 20.0 5.045 -3.84 "" ""
4800.788 106.00112 1.344 -3.434 3.464 AX34R065
4800.792 112.00124 0.04 -1.283 1.340 10Q207b24
4800.816 23.1 6.832 -3.42 "" ""
4800.819 25.0 4.675 -0.71 "" ""
4800.819 25.0 4.675 -2.14 "" ""
4800.838 112.00124 0.04 -3.957 1.340 10P107b24
4800.839 27.1 5.462 -7.17 "" ""
4800.86 607.01314 2.607 -1.987 7.724 0710Ra0365
4800.906 58.1 0.904 -1.07 "" ""
4801.003 42.0 3.396 -1.52 "" ""
4801.025 24.0 3.119 -0.13 "" ""
4801.073 15.0 6.93 -4.09 "" ""
4801.08 64.1 1.133 -0.67 LAWLER ""
4801.133 106.00112 1.345 -4.726 3.464 AX34Q075
4801.137 59.1 0.482 -0.88 "" ""
4801.152 42.0 3.779 -1.31 "" ""
4801.177 106.00112 1.345 -3.411 3.464 AX34R075
4801.222 106.00112 1.345 -3.433 3.464 AX34R065
4801.222 106.00113 2.269 -11.018 3.464 CX05P235
4801.273 112.00124 0.182 -2.203 1.340 21Q202b24
4801.285 112.00124 0.03 -1.354 1.340 10Q206b24
4801.288 112.00124 0.182 -1.959 1.340 21P102b24
4801.32 112.00124 0.04 -3.95 1.340 10R207b24
4801.324 112.00124 0.03 -3.905 1.340 10P106b24
4801.365 112.00124 0.04 -1.222 1.340 10Q107b24
4801.37 112.00124 0.0 -2.217 1.340 10R100b24
4801.47 112.00124 0.367 -2.342 1.340 32Q205b24
4801.481 106.00112 1.197 -5.232 3.464 AX12R175
4801.499 23.0 2.357 -1.67 "" ""
4801.5 112.00124 0.367 -1.394 1.340 32P105b24
4801.519 106.00112 1.345 -4.714 3.464 AX34Q075
4801.563 106.00112 1.345 -3.411 3.464 AX34R075
4801.571 106.00113 1.013 -3.303 3.464 AX23R045
4801.584 106.00112 1.197 -2.646 3.464 AX12Q175
4801.609 106.00112 1.197 -2.642 3.464 AX12Q185
4801.619 26.0 4.281 -2.65 "" ""
4801.646 23.0 3.096 -2.33 "" ""
4801.688 112.00124 0.021 -1.44 1.340 10Q205b24
4801.697 23.0 1.05 -4.64 "" ""
4801.699 106.00113 1.533 -2.801 3.464 AX23Q195
4801.706 27.0 3.407 -2.06 "" ""
4801.713 106.00112 1.197 -4.915 3.464 AX12P185
4801.716 106.00113 1.533 -5.547 3.464 AX23R185
4801.718 21.0 1.942 -3.59 "" ""
4801.721 112.00124 0.021 -3.851 1.340 10P105b24
4801.723 607.01314 2.821 -1.979 7.724 0811Rb0355
4801.741 27.0 2.784 -5.48 "" ""
4801.755 27.0 4.146 -2.82 "" ""
4801.773 26.0 4.831 -1.34 "" ""
4801.81 106.00113 1.013 -3.303 3.464 AX23R045
4801.827 106.00113 1.533 -4.998 3.464 AX23P195
4801.843 106.00113 1.533 -2.777 3.464 AX23Q185
4801.844 112.00124 0.186 -2.174 1.340 21P203b24
4801.859 23.1 2.048 -4.25 "" ""
4801.888 112.00124 0.03 -3.894 1.340 10R206b24
4801.902 22.0 0.818 -3.06 LAWLER ""
4801.927 112.00124 0.03 -1.282 1.340 10Q106b24
4801.949 22.0 0.825 -3.16 LAWLER ""
4801.987 112.00124 0.014 -1.549 1.340 10Q204b24
4802.008 607.01314 2.593 -2.008 7.724 0710Rb0345
4802.014 112.00124 0.014 -3.796 1.340 10P104b24
4802.048 106.00113 2.269 -7.201 3.464 CX05Q225
4802.051 607.01314 2.593 -5.387 7.724 0710Qd0355
4802.082 106.00113 1.013 -4.405 3.464 AX23Q055
4802.105 27.0 4.069 -4.55 "" ""
4802.137 22.0 2.248 -3.45 "" ""
4802.138 23.1 3.75 -3.8 "" ""
4802.158 112.00124 0.004 -1.956 1.340 10Q202b24
4802.16 112.00124 0.009 -1.7 1.340 10Q203b24
4802.173 112.00124 0.004 -3.794 1.340 10P102b24
4802.178 106.00113 1.013 -3.243 3.464 AX23R055
4802.179 23.0 1.71 -3.44 "" ""
4802.181 112.00124 0.009 -3.756 1.340 10P103b24
4802.207 22.0 3.457 -3.67 "" ""
4802.213 106.00113 2.269 -7.389 3.464 CX05Q235
4802.265 24.0 3.977 -3.61 "" ""
4802.269 106.00112 1.597 -2.833 3.464 AX23Q205
4802.289 106.00113 1.013 -4.396 3.464 AX23Q055
4802.29 106.00112 1.597 -5.662 3.464 AX23R195
4802.335 106.00112 1.538 -5.523 3.464 AX23R185
4802.369 106.00112 1.597 -5.042 3.464 AX23P205
4802.384 106.00113 1.013 -3.243 3.464 AX23R055
4802.39 106.00112 1.597 -2.8 3.464 AX23Q195
4802.393 112.00124 0.021 -3.832 1.340 10R205b24
4802.408 106.00113 1.477 -5.423 3.464 AX23R175
4802.426 112.00124 0.021 -1.352 1.340 10Q105b24
4802.429 106.00112 1.538 -2.777 3.464 AX23Q185
4802.44 41.0 0.086 -1.91 "" ""
4802.446 24.0 3.548 -0.59 "" ""
4802.45 106.00112 1.538 -2.8 3.464 AX23Q195
4802.463 23.1 3.755 -4.86 "" ""
4802.507 106.00113 1.477 -2.761 3.464 AX23Q175
4802.514 106.00113 1.477 -2.777 3.464 AX23Q185
4802.523 26.0 4.603 -1.82 "" ""
4802.53 25.0 4.27 -3.36 "" ""
4802.544 106.00112 1.538 -5.019 3.464 AX23P195
4802.57 64.1 0.601 -1.84 LAWLER ""
4802.578 112.00124 0.375 -1.394 1.340 32P206b24
4802.605 26.1 3.9 -8.4 "" ""
4802.608 21.0 1.952 -3.06 "" ""
4802.614 106.00113 1.477 -4.977 3.464 AX23P185
4802.63 607.01314 2.593 -1.998 7.724 0710Ra0355
4802.647 106.00113 1.194 -2.643 3.464 AX12Q185
4802.657 106.00113 1.194 -5.254 3.464 AX12R175
4802.666 20.0 6.049 -2.97 "" ""
4802.673 106.00112 2.283 -4.163 3.464 AX23Q305
4802.687 27.0 4.146 -4.42 "" ""
4802.748 106.00113 1.194 -4.896 3.464 AX12P185
4802.755 106.00113 0.487 -3.284 3.464 AX01R085
4802.757 106.00113 1.194 -2.646 3.464 AX12Q175
4802.767 106.00112 2.283 -5.909 3.464 AX23R295
4802.785 106.00112 2.283 -6.183 3.464 AX23P305
4802.793 22.0 3.196 -2.58 "" ""
4802.825 24.1 5.326 -4.97 "" ""
4802.839 112.00124 0.014 -3.763 1.340 10R204b24
4802.866 112.00124 0.014 -1.436 1.340 10Q104b24
4802.875 26.0 3.692 -2.27 "" ""
4802.879 106.00112 2.283 -8.104 3.464 AX23Q295
4802.88 26.0 3.639 -1.51 "" ""
4802.981 106.00113 1.594 -6.086 3.464 AX45R065
4803.019 21.1 4.846 -1.02 "" ""
4803.038 23.0 1.948 -2.07 LAWNOHFS ""
4803.039 106.00113 2.269 -11.662 3.464 CX05R225
4803.065 106.00113 0.488 -3.252 3.464 AX01R095
4803.066 24.0 4.102 -1.1 "" ""
4803.068 106.00113 0.488 -4.856 3.464 AX01Q095
4803.075 106.00112 1.016 -3.302 3.464 AX23R045
4803.075 106.00113 1.013 -5.412 3.464 AX01R195
4803.118 20.0 6.0 -6.37 "" ""
4803.132 26.0 3.639 -7.91 "" ""
4803.178 106.00113 1.013 -2.73 3.464 AX01Q205
4803.203 106.00113 1.013 -2.737 3.464 AX01Q195
4803.222 20.0 6.0 -5.91 "" ""
4803.237 112.00124 0.009 -3.687 1.340 10R203b24
4803.25 106.00113 1.594 -6.066 3.464 AX45R065
4803.251 112.00124 0.355 -2.177 1.340 32P203b24
4803.258 112.00124 0.009 -1.542 1.340 10Q103b24
4803.275 27.0 4.229 -4.52 "" ""
4803.29 24.0 3.011 -2.92 "" ""
4803.298 27.0 4.256 -3.02 "" ""
4803.306 106.00113 1.013 -5.109 3.464 AX01P205
4803.317 20.0 6.05 -3.92 "" ""
4803.322 106.00112 1.016 -3.302 3.464 AX23R045
4803.335 20.0 6.05 -3.8 "" ""
4803.363 23.0 1.941 -3.05 "" ""
4803.405 607.01314 2.806 -1.979 7.724 0811Ra0355
4803.431 607.01314 2.806 -1.989 7.724 0811Rb0345
4803.436 112.00124 0.186 -2.322 1.340 21Q203b24
4803.457 112.00124 0.186 -1.746 1.340 21P103b24
4803.472 607.01314 2.806 -5.367 7.724 0811Qd0355
4803.481 25.0 5.935 -3.3 "" ""
4803.487 90.1 2.467 -0.78 "" ""
4803.524 106.00113 0.488 -3.284 3.464 AX01R085
4803.53 64.1 1.424 -1.14 LAWLER ""
4803.534 112.00124 0.375 -2.411 1.340 32Q206b24
4803.569 112.00124 0.375 -1.27 1.340 32P106b24
4803.585 106.00112 1.016 -4.404 3.464 AX23Q055
4803.608 112.00124 0.004 -3.61 1.340 10R202b24
4803.623 112.00124 0.004 -1.684 1.340 10Q102b24
4803.672 106.00112 1.016 -3.242 3.464 AX23R055
4803.672 22.1 1.242 -5.18 "" ""
4803.69 59.1 0.55 -1.93 LINOHFS ""
4803.74 60.1 0.822 -1.54 LAWLER ""
4803.762 25.0 4.791 -2.05 "" ""
4803.765 106.00113 0.488 -4.841 3.464 AX01Q095
4803.766 106.00113 0.488 -3.252 3.464 AX01R095
4803.795 106.00112 1.016 -4.396 3.464 AX23Q055
4803.813 23.0 1.217 -7.45 "" ""
4803.895 106.00112 1.016 -3.243 3.464 AX23R055
4803.896 23.0 2.377 -3.58 "" ""
4803.947 25.0 4.682 -3.41 "" ""
4803.956 90.1 1.669 -1.81 "" ""
4804.0 106.00112 1.256 -5.988 3.464 BX12P195
4804.004 112.00124 0.001 -3.572 1.340 10R201b24
4804.007 57.1139 0.235 -2.084 Lawle01HFS ""
4804.009 106.00112 1.199 -5.254 3.464 AX12R175
4804.009 57.1139 0.235 -2.28 Lawle01HFS ""
4804.01 106.00112 1.256 -2.303 3.464 BX12Q185
4804.013 112.00124 0.001 -1.9 1.340 10Q101b24
4804.015 106.00112 1.199 -2.643 3.464 AX12Q185
4804.021 607.01314 2.579 -2.02 7.724 0710Rb0335
4804.045 57.1139 0.235 -2.28 Lawle01HFS ""
4804.048 57.1139 0.235 -3.466 Lawle01HFS ""
4804.05 57.1139 0.235 -2.284 Lawle01HFS ""
4804.063 607.01314 2.579 -5.374 7.724 0710Qd0345
4804.068 106.00113 0.776 -6.604 3.464 BX02R085
4804.079 57.1139 0.235 -2.284 Lawle01HFS ""
4804.081 57.1139 0.235 -2.539 Lawle01HFS ""
4804.097 106.00112 1.256 -2.371 3.464 BX12Q195
4804.107 106.00112 1.256 -5.992 3.464 BX12R185
4804.112 106.00112 1.199 -2.646 3.464 AX12Q175
4804.115 106.00112 0.489 -3.284 3.464 AX01R085
4804.118 106.00112 1.199 -4.896 3.464 AX12P185
4804.132 24.0 5.107 -3.15 "" ""
4804.145 23.1 2.024 -6.03 "" ""
4804.227 24.0 3.011 -2.77 "" ""
4804.275 20.0 5.96 -4.23 "" ""
4804.296 106.00112 1.018 -5.412 3.464 AX01R195
4804.31 39.0 1.899 -0.44 "" ""
4804.316 25.0 4.682 -2.88 "" ""
4804.336 19.0 1.616 -3.45 "" ""
4804.345 19.0 1.616 -2.49 "" ""
4804.39 112.00124 0.182 -2.324 1.340 21P202b24
4804.39 23.0 3.076 -1.99 "" ""
4804.411 106.00112 1.018 -2.729 3.464 AX01Q205
4804.413 607.01314 2.579 -2.009 7.724 0710Ra0345
4804.425 106.00112 0.489 -3.252 3.464 AX01R095
4804.425 106.00112 0.489 -4.856 3.464 AX01Q095
4804.433 106.00112 1.018 -2.737 3.464 AX01Q195
4804.437 112.00124 0.191 -1.84 1.340 21P204b24
4804.45 106.00112 1.197 -2.456 3.464 BX12P175
4804.517 26.0 3.571 -2.59 "" ""
4804.537 106.00112 1.197 -6.869 3.464 BX12Q175
4804.548 106.00112 1.018 -5.108 3.464 AX01P205
4804.558 112.00124 0.0 -2.294 1.340 10Q100b24
4804.593 26.0 3.412 -2.71 "" ""
4804.628 24.0 2.706 -4.18 "" ""
4804.633 58.1 0.976 -1.8 LAWLER ""
4804.663 106.00112 1.197 -2.501 3.464 BX12P185
4804.726 112.00124 0.384 -1.293 1.340 32P207b24
4804.752 24.0 5.085 -1.57 "" ""
4804.782 106.00113 0.727 -3.23 3.464 AX12R055
4804.801 39.0 1.899 -0.27 "" ""
4804.882 44.0 1.002 -1.8 "" ""
4804.887 106.00112 0.49 -3.284 3.464 AX01R085
4804.894 62.1 1.745 -1.41 "" ""
4804.908 42.0 2.497 -1.9 "" ""
4804.922 26.0 2.452 -6.18 "" ""
4804.976 106.00112 1.539 -2.801 3.464 AX23Q195
4804.985 106.00112 1.539 -5.547 3.464 AX23R185
4805.07 106.00112 1.539 -4.998 3.464 AX23P195
4805.079 106.00112 1.539 -2.777 3.464 AX23Q185
4805.08 106.00113 1.478 -2.778 3.464 AX23Q185
4805.08 106.00113 1.478 -5.445 3.464 AX23R175
4805.085 22.1 2.06 -1.1 "" ""
4805.09 607.01314 2.792 -1.99 7.724 0811Ra0345
4805.098 26.0 4.253 -2.84 "" ""
4805.122 607.01314 2.792 -2.0 7.724 0811Rb0335
4805.132 106.00112 0.49 -4.841 3.464 AX01Q095
4805.139 106.00112 0.49 -3.252 3.464 AX01R095
4805.14 106.00113 0.727 -3.23 3.464 AX12R055
4805.163 607.01314 2.792 -5.354 7.724 0811Qd0345
4805.189 24.1 3.824 -4.58 "" ""
4805.195 106.00113 1.478 -2.761 3.464 AX23Q175
4805.195 106.00113 1.478 -4.957 3.464 AX23P185
4805.232 106.00113 0.727 -4.489 3.464 AX12Q065
4805.264 24.0 4.172 -0.52 "" ""
4805.298 106.00113 0.727 -3.177 3.464 AX12R065
4805.317 26.0 4.73 -1.12 "" ""
4805.394 106.00112 1.483 -5.422 3.464 AX23R175
4805.414 22.0 2.343 0.07 LAWLER ""
4805.435 106.00113 1.32 -3.458 3.464 AX34R055
4805.439 14.0 4.92 -2.21 NIST/D ""
4805.443 22.0 3.059 -3.41 "" ""
4805.482 106.00112 1.483 -2.761 3.464 AX23Q175
4805.485 25.0 5.108 -3.3 "" ""
4805.496 42.0 2.678 -1.73 "" ""
4805.517 106.00112 1.483 -2.777 3.464 AX23Q185
4805.525 26.0 4.635 -2.66 "" ""
4805.541 106.00113 0.728 -4.478 3.464 AX12Q065
4805.548 112.00124 0.384 -2.471 1.340 32Q207b24
4805.553 106.00113 1.138 -5.175 3.464 AX12R165
4805.578 42.0 2.274 -1.73 "" ""
4805.584 27.1 3.418 -4.38 "" ""
4805.589 112.00124 0.384 -1.194 1.340 32P107b24
4805.605 106.00112 1.483 -4.976 3.464 AX23P185
4805.609 106.00113 0.728 -3.178 3.464 AX12R065
4805.632 112.00124 0.191 -2.422 1.340 21Q204b24
4805.643 106.00113 1.138 -2.654 3.464 AX12Q165
4805.658 112.00124 0.191 -1.598 1.340 21P104b24
4805.684 106.00113 1.138 -2.647 3.464 AX12Q175
4805.69 25.0 3.132 -3.93 "" ""
4805.707 25.1 6.828 -4.62 "" ""
4805.727 27.0 4.172 -3.62 "" ""
4805.764 106.00113 1.32 -3.458 3.464 AX34R055
4805.774 106.00113 1.138 -4.887 3.464 AX12P175
4805.82 64.1 1.059 -1.42 LAWLER ""
4805.834 106.00113 1.32 -4.648 3.464 AX34Q065
4805.889 40.0 0.686 -0.42 "" ""
4805.902 106.00113 1.32 -3.423 3.464 AX34R065
4805.929 58.0 0.172 -0.66 "" ""
4805.96 24.0 4.204 -0.79 "" ""
4805.982 607.01314 2.565 -2.031 7.724 0710Rb0325
4805.985 106.00113 1.425 -5.332 3.464 AX23R165
4806.012 23.0 3.085 -2.06 "" ""
4806.023 607.01314 2.565 -5.361 7.724 0710Qd0335
4806.074 106.00113 1.425 -2.752 3.464 AX23Q165
4806.103 106.00113 1.425 -2.761 3.464 AX23Q175
4806.122 106.00113 1.321 -4.637 3.464 AX34Q065
4806.134 26.0 2.431 -9.51 "" ""
4806.142 106.00113 1.015 -2.73 3.464 AX01Q205
4806.156 106.00113 1.015 -5.436 3.464 AX01R195
4806.16 64.1 1.657 -1.11 LAWLER ""
4806.162 25.0 4.422 -2.76 "" ""
4806.183 106.00113 1.321 -3.423 3.464 AX34R065
4806.193 106.00113 1.425 -4.936 3.464 AX23P175
4806.201 607.01314 2.565 -2.02 7.724 0710Ra0335
4806.221 106.00112 0.729 -3.229 3.464 AX12R055
4806.224 25.0 4.791 -4.12 "" ""
4806.251 24.0 2.707 -1.87 "" ""
4806.259 106.00113 1.825 -10.991 3.464 CX05R145
4806.27 106.00113 1.015 -5.088 3.464 AX01P205
4806.284 106.00113 1.015 -2.738 3.464 AX01Q195
4806.321 22.1 1.083 -3.76 "" ""
4806.331 106.00113 1.372 -5.343 3.464 BX12R215
4806.352 42.0 4.2 -0.92 "" ""
4806.503 106.00112 1.598 -6.086 3.464 AX45R065
4806.565 112.00124 0.36 -3.649 1.340 32P204b24
4806.579 106.00112 0.73 -3.229 3.464 AX12R055
4806.615 60.0 0.14 -0.5 "" ""
4806.654 40.0 1.581 -1.02 "" ""
4806.675 106.00112 0.73 -4.488 3.464 AX12Q065
4806.742 106.00112 0.73 -3.177 3.464 AX12R065
4806.758 22.0 0.812 -2.99 LAWLER ""
4806.758 607.01314 2.779 -2.0 7.724 0811Ra0335
4806.765 106.00113 2.028 -8.558 3.464 AX50R365
4806.779 106.00112 1.598 -6.065 3.464 AX45R065
4806.786 112.00124 0.395 -1.211 1.340 32P208b24
4806.796 607.01314 2.779 -2.011 7.724 0811Rb0325
4806.823 25.1 5.414 -1.56 "" ""
4806.835 607.01314 2.779 -5.34 7.724 0811Qd0335
4806.849 112.00124 0.198 -1.65 1.340 21P205b24
4806.91 106.00112 1.143 -5.175 3.464 AX12R165
4806.912 24.0 3.553 -2.88 "" ""
4806.984 28.0 3.676 -0.64 "" ""
4806.988 106.00112 0.73 -4.478 3.464 AX12Q065
4807.004 106.00112 1.143 -2.654 3.464 AX12Q165
4807.019 23.0 2.027 -6.53 "" ""
4807.02 106.00112 1.324 -3.458 3.464 AX34R055
4807.049 106.00112 1.143 -2.646 3.464 AX12Q175
4807.052 41.0 1.499 -1.36 "" ""
4807.054 106.00112 0.73 -3.177 3.464 AX12R065
4807.116 25.0 4.662 -1.01 "" ""
4807.13 72.1 2.154 -1.66 LAWLER ""
4807.141 106.00112 0.778 -6.603 3.464 BX02R085
4807.143 106.00112 1.143 -4.886 3.464 AX12P175
4807.146 77.0 2.427 -2.0 "" ""
4807.202 24.0 4.236 -0.62 "" ""
4807.21 112.00124 0.001 -2.29 1.340 10Q201b24
4807.22 112.00124 0.001 -2.591 1.340 10P101b24
4807.231 26.0 4.253 -1.99 "" ""
4807.285 26.0 3.298 -3.96 "" ""
4807.292 27.0 4.146 -1.99 "" ""
4807.303 26.0 3.637 -7.03 "" ""
4807.349 106.00112 1.324 -3.457 3.464 AX34R055
4807.361 74.0 1.507 -1.78 "" ""
4807.384 24.0 5.128 -3.54 "" ""
4807.394 106.00113 2.288 -4.88 3.464 AX44P265
4807.403 106.00112 1.02 -2.73 3.464 AX01Q205
4807.423 106.00112 1.02 -5.435 3.464 AX01R195
4807.425 106.00112 1.324 -4.648 3.464 AX34Q065
4807.442 20.0 6.003 -2.69 "" ""
4807.442 23.0051 2.123 -3.259 LAWLER ""
4807.457 23.0051 2.123 -2.884 LAWLER ""
4807.462 64.0 1.053 0.04 "" ""
4807.471 23.0051 2.123 -2.699 LAWLER ""
4807.475 23.0051 2.123 -1.684 LAWLER ""
4807.478 69.0 2.039 -0.54 "" ""
4807.484 23.0051 2.123 -2.633 LAWLER ""
4807.486 23.0051 2.123 -1.461 LAWLER ""
4807.492 106.00112 1.324 -3.423 3.464 AX34R065
4807.495 23.0051 2.123 -2.677 LAWLER ""
4807.496 23.0051 2.123 -1.374 LAWLER ""
4807.505 23.0051 2.123 -1.354 LAWLER ""
4807.505 23.0051 2.123 -2.912 LAWLER ""
4807.509 112.00124 0.395 -2.525 1.340 32Q208b24
4807.511 23.0051 2.123 -0.417 LAWLER ""
4807.513 23.0051 2.123 -1.386 LAWLER ""
4807.518 23.0051 2.123 -0.487 LAWLER ""
4807.52 23.0051 2.123 -1.48 LAWLER ""
4807.525 23.0051 2.123 -0.561 LAWLER ""
4807.525 23.0051 2.123 -1.698 LAWLER ""
4807.53 23.0051 2.123 -0.639 LAWLER ""
4807.535 23.0051 2.123 -0.72 LAWLER ""
4807.537 23.0051 2.123 -0.804 LAWLER ""
4807.539 106.00112 1.02 -5.087 3.464 AX01P205
4807.539 23.0051 2.123 -0.89 LAWLER ""
4807.539 23.0051 2.123 -0.973 LAWLER ""
4807.555 112.00124 0.395 -1.129 1.340 32P108b24
4807.555 24.0 3.553 -2.68 "" ""
4807.56 106.00112 1.02 -2.737 3.464 AX01Q195
4807.601 106.00113 1.371 -5.984 3.464 BX02R215
4807.666 58.0 0.028 -1.0 "" ""
4807.669 58.0 0.802 -0.24 "" ""
4807.685 21.0 3.17 -1.0 "" ""
4807.709 26.0 3.368 -2.15 RUF14 ""
4807.712 106.00112 1.324 -4.637 3.464 AX34Q065
4807.779 106.00112 1.324 -3.423 3.464 AX34R065
4807.805 112.00124 0.198 -2.506 1.340 21Q205b24
4807.811 24.0 3.09 -2.52 "" ""
4807.812 106.00113 1.14 -5.196 3.464 AX12R165
4807.821 106.00112 1.484 -5.444 3.464 AX23R175
4807.822 106.00113 1.14 -2.647 3.464 AX12Q175
4807.825 106.00112 1.484 -2.777 3.464 AX23Q185
4807.837 112.00124 0.198 -1.487 1.340 21P105b24
4807.893 23.1 6.857 -3.69 "" ""
4807.896 607.01314 2.551 -2.043 7.724 0710Rb0315
4807.903 106.00113 1.14 -2.654 3.464 AX12Q165
4807.908 106.00112 1.484 -2.761 3.464 AX23Q175
4807.912 106.00113 1.14 -4.868 3.464 AX12P175
4807.913 106.00112 1.484 -4.956 3.464 AX23P185
4807.936 607.01314 2.551 -5.348 7.724 0710Qd0325
4807.944 66.0 0.937 -0.81 "" ""
4807.983 106.00113 1.267 -4.952 3.464 AX34R025
4807.986 21.0 3.081 -3.63 "" ""
4807.988 607.01314 2.551 -2.032 7.724 0710Ra0325
4808.009 64.0 1.725 0.02 "" ""
4808.012 106.00113 1.267 -4.943 3.464 AX34R025
4808.055 26.0 3.299 -4.23 "" ""
4808.081 42.0 2.932 -1.04 "" ""
4808.131 25.1 5.832 -4.8 "" ""
4808.134 90.0 0.615 -1.41 "" ""
4808.148 26.0 3.249 -2.79 "" ""
4808.168 59.0 0.0 -0.73 "" ""
4808.226 27.0 4.146 -1.47 "" ""
4808.243 106.00113 2.002 -11.062 3.464 CX05Q185
4808.382 106.00113 1.426 -5.353 3.464 AX23R165
4808.399 106.00113 1.426 -2.762 3.464 AX23Q175
4808.408 607.01314 2.766 -2.011 7.724 0811Ra0325
4808.442 106.00112 2.279 -11.661 3.464 CX05R225
4808.45 62.1 1.303 -1.96 LAWLER ""
4808.452 607.01314 2.766 -2.023 7.724 0811Rb0315
4808.453 42.0 2.553 -1.8 "" ""
4808.462 22.0 3.397 -3.99 "" ""
4808.485 106.00113 1.426 -2.752 3.464 AX23Q165
4808.49 607.01314 2.766 -5.327 7.724 0811Qd0325
4808.502 106.00113 1.426 -4.917 3.464 AX23P175
4808.506 58.0 0.547 -0.4 "" ""
4808.508 106.00112 2.279 -7.388 3.464 CX05Q235
4808.526 22.0 2.693 0.1 "" ""
4808.535 26.0 3.271 -4.25 "" ""
4808.536 106.00112 1.431 -5.331 3.464 AX23R165
4808.538 28.0 3.536 -1.81 "" ""
4808.588 22.0 3.11 -4.06 "" ""
4808.616 106.00112 2.279 -7.199 3.464 CX05Q225
4808.617 106.00112 1.431 -2.751 3.464 AX23Q165
4808.669 106.00112 1.431 -2.761 3.464 AX23Q175
4808.679 69.0 1.931 -0.54 "" ""
4808.68 26.0 4.73 -1.93 "" ""
4808.682 106.00112 2.279 -11.017 3.464 CX05P235
4808.714 106.00113 0.997 -3.363 3.464 AX23R035
4808.719 23.0 1.042 -5.08 "" ""
4808.749 106.00112 1.431 -4.936 3.464 AX23P175
4808.768 112.00124 0.406 -1.142 1.340 32P209b24
4808.841 25.0 5.935 -3.6 "" ""
4808.87 28.0 3.703 -1.41 "" ""
4808.874 106.00113 0.997 -3.362 3.464 AX23R035
4808.883 106.00113 2.002 -7.722 3.464 CX05R175
4808.9 607.01314 2.376 -2.061 7.724 0609Rb0345
4808.946 607.01314 2.376 -5.44 7.724 0609Qd0355
4808.957 112.00124 0.186 -2.318 1.340 21P203b24
4808.989 106.00113 2.002 -7.635 3.464 CX05R185
4809.0 57.1 0.235 -1.4 LAWNOHFS ""
