wavelength species excitation loggf disassociation_energy comment
5109.511 607.01314 2.204 -2.532 7.724 1809Pa0205
5109.546 112.00124 0.51 -2.342 1.340 33R201b24
5109.554 112.00124 0.51 -0.802 1.340 33Q101b24
5109.556 23.0 1.194 -4.71 "" ""
5109.572 607.01214 0.896 -3.08 7.724 0902Pa0415
5109.576 106.00113 1.612 -8.343 3.464 CX05Q065
5109.6 106.00113 1.285 -7.111 3.464 BX13Q145
5109.618 112.00124 0.268 -0.022 1.340 11R111h24
5109.625 15.0 6.98 -1.09 "" ""
5109.64 106.00113 1.971 -5.977 3.464 AX13Q265
5109.652 26.0 4.298 -0.98 "" ""
5109.687 106.00113 1.612 -11.6 3.464 CX05P075
5109.69 106.00113 1.285 -3.036 3.464 BX13R145
5109.696 106.00112 2.058 -3.754 3.464 AX13R275
5109.708 42.0 2.521 -1.01 "" ""
5109.709 607.01314 2.842 -3.244 7.724 2212Rd0195
5109.722 112.00125 0.267 -0.022 1.340 11R111h25
5109.725 26.0 3.94 -4.3 "" ""
5109.733 607.01214 1.107 -2.89 7.724 0902Ra0515
5109.76 607.01314 0.743 -3.807 7.724 1003Rc0055
5109.76 607.01314 0.768 -3.011 7.724 1003Qb0115
5109.772 607.01314 0.743 -3.31 7.724 1003Qa0065
5109.773 106.00113 1.971 -3.797 3.464 AX13R255
5109.774 22.0 2.266 -2.54 LAWLER ""
5109.775 28.1 6.468 -2.92 "" ""
5109.782 607.01314 0.768 -3.803 7.724 1003Pd0125
5109.783 73.0 0.696 -2.59 "" ""
5109.817 112.00126 0.267 -0.022 1.340 11R111h26
5109.84 106.00113 1.612 -11.179 3.464 CX05R065
5109.885 24.0 5.316 -3.52 "" ""
5109.9 106.00112 2.058 -5.983 3.464 AX13Q275
5109.934 607.01214 0.825 -4.448 7.724 0902Pc0365
5109.945 607.01314 2.766 -3.353 7.724 2212Ra0005
5109.947 607.01214 1.103 -4.074 7.724 1003Rd0395
5109.95 106.00113 1.612 -8.518 3.464 CX05Q075
5109.968 26.0 4.604 -4.3 "" ""
5109.992 106.00112 2.058 -3.776 3.464 AX13R265
5110.004 26.0 5.006 -1.59 "" ""
5110.029 607.01314 0.735 -4.127 7.724 1003Qc0015
5110.034 607.01314 0.735 -4.613 7.724 1003Pa0025
5110.052 607.01214 1.624 -3.599 7.724 1406Pc0255
5110.073 112.00124 0.064 -1.788 1.340 00R109b24
5110.073 607.01314 2.251 -2.089 7.724 1809Qb0245
5110.087 112.00124 0.508 -1.185 1.340 33Q100b24
5110.11 607.01314 2.251 -3.276 7.724 1809Pd0255
5110.179 607.01314 2.784 -2.72 7.724 2212Ra0095
5110.223 112.00124 0.351 -1.439 1.340 22R102b24
5110.229 607.01214 2.908 -2.146 7.724 2212Qb0195
5110.233 607.01314 0.809 -3.056 7.724 1003Rb0175
5110.266 607.01314 0.809 -3.54 7.724 1003Qd0185
5110.269 26.0 4.952 -0.95 "" ""
5110.271 607.01214 2.884 -2.571 7.724 2212Pb0165
5110.298 59.1141 0.508 -3.566 LI/LAW ""
5110.3 59.1141 0.508 -3.238 LI/LAW ""
5110.304 59.1141 0.508 -3.151 LI/LAW ""
5110.308 26.0 4.603 -3.31 "" ""
5110.308 59.1141 0.508 -3.297 LI/LAW ""
5110.324 66.0 2.423 0.8 "" ""
5110.335 59.1141 0.508 -2.079 LI/LAW ""
5110.338 59.1141 0.508 -1.889 LI/LAW ""
5110.342 59.1141 0.508 -1.835 LI/LAW ""
5110.347 59.1141 0.508 -1.877 LI/LAW ""
5110.353 59.1141 0.508 -2.067 LI/LAW ""
5110.353 74.0 1.867 -1.65 "" ""
5110.354 59.1141 0.508 -1.41 LI/LAW ""
5110.358 26.0 3.571 -1.41 BEL17 ""
5110.364 59.1141 0.508 -1.301 LI/LAW ""
5110.365 42.0 2.756 -1.67 "" ""
5110.376 59.1141 0.508 -1.192 LI/LAW ""
5110.389 59.1141 0.508 -1.087 LI/LAW ""
5110.402 59.1141 0.508 -0.988 LI/LAW ""
5110.413 26.0 0.0 -3.76 OBR91 ""
5110.416 59.1141 0.508 -0.895 LI/LAW ""
5110.43 607.01214 2.908 -3.193 7.724 2212Pd0205
5110.441 106.00113 1.55 -8.756 3.464 CX05R025
5110.443 26.0 4.257 -2.46 "" ""
5110.474 607.01314 2.788 -2.515 7.724 2212Qb0095
5110.493 607.01214 0.875 -3.019 7.724 1003Pb0225
5110.497 607.01314 2.788 -3.185 7.724 2212Pd0105
5110.497 607.01314 2.808 -2.595 7.724 2212Rb0135
5110.512 24.1 6.681 -2.47 "" ""
5110.512 607.01314 0.697 -4.734 7.724 0902Pc0295
5110.528 607.01314 2.808 -2.885 7.724 2212Qd0145
5110.533 607.01314 2.241 -3.237 7.724 1809Rc0235
5110.562 607.01314 2.241 -2.09 7.724 1809Qa0245
5110.563 106.00113 2.159 -6.316 3.464 AX35R215
5110.586 607.01314 0.746 -3.789 7.724 1003Rc0065
5110.599 607.01314 0.746 -3.237 7.724 1003Qa0075
5110.633 607.01214 2.858 -3.313 7.724 2212Pc0125
5110.749 24.0 2.707 -1.32 SOBECK ""
5110.76 59.1 1.147 0.32 "" ""
5110.775 607.01314 1.547 -2.66 7.724 1406Pb0215
5110.785 607.01314 2.767 -3.396 7.724 2212Rc0005
5110.79 607.01314 2.767 -3.43 7.724 2212Qa0015
5110.794 27.0 4.229 -2.9 "" ""
5110.798 607.01214 0.989 -2.759 7.724 1003Ra0325
5110.803 607.01314 0.754 -3.53 7.724 1003Pb0085
5110.818 607.01314 0.786 -3.093 7.724 1003Ra0155
5110.823 76.0 1.368 -2.61 Quinet06 ""
5110.841 46.0 4.392 0.13 "" ""
5110.861 607.01314 2.768 -3.34 7.724 2212Rc0015
5110.864 90.1 2.052 -0.88 "" ""
5110.866 607.01314 2.768 -3.177 7.724 2212Qa0025
5110.922 607.01314 0.737 -3.919 7.724 1003Qc0025
5110.928 607.01314 0.737 -4.263 7.724 1003Pa0035
5110.939 607.01314 1.588 -2.237 7.724 1406Qb0255
5110.959 607.01314 0.887 -3.943 7.724 1003Rd0265
5110.976 112.00124 0.504 0.235 1.340 22Q215b24
5110.983 607.01314 1.589 -3.473 7.724 1406Pd0265
5110.998 23.0 1.941 -4.05 "" ""
5111.041 22.0 3.164 -1.14 "" ""
5111.048 106.00113 1.536 -9.945 3.464 CX05R015
5111.067 112.00124 0.504 -2.982 1.340 22P115b24
5111.069 607.01314 2.806 -2.244 7.724 2111Pb0345
5111.078 106.00112 2.4 -5.519 3.464 AX45Q245
5111.119 607.01214 0.864 -3.609 7.724 1003Qc0215
5111.135 607.01314 2.769 -3.289 7.724 2212Rc0025
5111.139 106.00112 2.4 -3.649 3.464 AX45P255
5111.141 607.01314 2.769 -3.017 7.724 2212Qa0035
5111.144 106.00113 1.55 -10.853 3.464 CX05Q035
5111.15 62.1 0.333 -2.33 LAWLER ""
5111.16 607.01214 0.864 -3.032 7.724 1003Pa0225
5111.186 607.01314 2.788 -2.677 7.724 2212Ra0105
5111.189 23.0 3.113 -0.37 "" ""
5111.19 20.0 5.177 -2.17 "" ""
5111.209 24.0 4.189 -3.42 "" ""
5111.242 106.00112 2.4 -3.924 3.464 AX45P245
5111.257 112.00124 0.549 0.641 1.340 00Q228h24
5111.257 20.0 5.317 -5.52 "" ""
5111.284 112.00124 0.367 -0.409 1.340 22R205b24
5111.298 106.00113 1.55 -8.621 3.464 CX05R035
5111.31 112.00124 0.504 -2.982 1.340 22R215b24
5111.318 112.00124 0.367 -1.735 1.340 22Q105b24
5111.324 607.01314 1.578 -3.43 7.724 1406Rc0245
5111.329 607.01214 2.945 -2.945 7.724 2212Qd0245
5111.351 607.01214 2.945 -2.326 7.724 2212Rb0235
5111.355 26.0 3.544 -3.7 "" ""
5111.366 607.01314 1.578 -2.239 7.724 1406Qa0255
5111.381 112.00125 0.548 0.641 1.340 00Q228h25
5111.382 23.0 3.88 -4.16 "" ""
5111.402 112.00124 0.504 0.263 1.340 22Q115b24
5111.421 112.00124 0.549 -3.284 1.340 00P128b24
5111.444 26.0 3.271 -4.17 "" ""
5111.448 112.00124 0.549 -3.284 1.340 00R228b24
5111.451 607.01214 2.333 -3.066 7.724 1809Qc0275
5111.458 23.1 6.659 -4.06 "" ""
5111.491 112.00126 0.547 0.641 1.340 00Q228h26
5111.493 607.01214 2.333 -2.362 7.724 1809Pa0285
5111.495 607.01214 0.996 -4.364 7.724 0902Rc0455
5111.496 106.00112 0.988 -5.203 3.464 BX13P025
5111.544 23.0 2.573 -3.43 "" ""
5111.58 607.01314 0.75 -3.775 7.724 1003Rc0075
5111.581 607.01214 0.996 -2.683 7.724 0902Qa0465
5111.595 607.01314 0.75 -3.172 7.724 1003Qa0085
5111.607 607.01314 2.77 -3.246 7.724 2212Rc0035
5111.61 58.0 0.59 -0.32 "" ""
5111.613 112.00124 0.549 0.656 1.340 00Q128h24
5111.615 607.01314 2.77 -2.896 7.724 2212Qa0045
5111.625 20.0 5.685 -2.06 "" ""
5111.635 607.01214 1.004 -2.766 7.724 1003Rb0325
5111.654 607.01314 2.781 -2.999 7.724 2212Pb0075
5111.696 607.01214 1.004 -3.68 7.724 1003Qd0335
5111.721 607.01214 2.899 -3.156 7.724 2212Rc0185
5111.736 112.00125 0.548 0.656 1.340 00Q128h25
5111.847 112.00126 0.547 0.656 1.340 00Q128h26
5111.855 26.0 4.909 -0.66 "" ""
5111.868 25.1 5.563 -5.38 "" ""
5111.873 23.0 2.113 -4.42 "" ""
5111.906 607.01314 0.774 -2.968 7.724 1003Qb0125
5111.915 29.0 5.565 -1.08 "" ""
5111.92 64.1 1.574 -1.48 LAWLER ""
5111.93 607.01314 0.774 -3.8 7.724 1003Pd0135
5111.952 28.0 5.359 -4.11 "" ""
5111.962 607.01214 2.899 -2.148 7.724 2212Qa0195
5111.973 607.01214 2.935 -2.312 7.724 2212Ra0235
5111.976 607.01314 1.538 -3.176 7.724 1406Qc0205
5111.982 106.00113 1.105 -3.124 3.464 BX13Q085
5111.987 607.01314 0.738 -3.804 7.724 1003Qc0035
5111.995 607.01314 0.738 -4.053 7.724 1003Pa0045
5112.012 607.01314 1.538 -2.676 7.724 1406Pa0215
5112.037 106.00113 1.105 -6.08 3.464 BX13R085
5112.046 106.00113 2.436 -3.261 3.464 AX24R295
5112.079 607.01214 2.299 -3.396 7.724 1809Pc0245
5112.08 24.1 6.798 -2.75 "" ""
5112.093 112.00124 0.367 -0.365 1.340 22R105b24
5112.111 22.0 3.164 -1.67 "" ""
5112.13 72.0 0.699 -2.36 "" ""
5112.14 27.0 3.527 -4.89 "" ""
5112.157 607.01314 2.85 -3.249 7.724 2212Rd0205
5112.212 19.0 1.616 -3.04 "" ""
5112.214 106.00113 1.309 -7.326 3.464 AX02R205
5112.233 106.00113 1.105 -6.11 3.464 BX13P095
5112.246 19.0 1.616 -2.08 "" ""
5112.27 40.1 1.665 -0.85 Ljung06 ""
5112.278 607.01314 2.772 -3.213 7.724 2212Rc0045
5112.286 607.01314 2.772 -2.797 7.724 2212Qa0055
5112.288 106.00113 1.105 -3.052 3.464 BX13Q095
5112.294 62.1 0.884 -1.25 "" ""
5112.296 106.00113 2.436 -3.334 3.464 AX24R285
5112.349 106.00113 2.436 -5.709 3.464 AX24Q295
5112.375 607.01314 0.793 -3.064 7.724 1003Ra0165
5112.389 607.01314 2.793 -2.637 7.724 2212Ra0115
5112.446 27.1 3.405 -4.61 "" ""
5112.467 607.01314 0.817 -3.028 7.724 1003Rb0185
5112.47 607.01314 2.768 -3.516 7.724 2212Qc0015
5112.47 607.01314 2.768 -4.012 7.724 2212Pa0025
5112.475 23.1 6.096 -4.73 "" ""
5112.485 24.0 1.003 -3.7 "" ""
5112.501 607.01314 0.817 -3.544 7.724 1003Qd0195
5112.543 58.1 1.026 -1.83 LAWLER ""
5112.599 112.00124 0.515 0.47 1.340 11Q222h24
5112.633 607.01214 2.877 -2.919 7.724 2212Qc0155
5112.634 106.00113 1.748 -6.539 3.464 AX24R185
5112.656 607.01314 2.221 -2.49 7.724 1809Pb0215
5112.658 607.01314 2.793 -2.464 7.724 2212Qb0105
5112.675 112.00124 0.168 0.135 1.340 00R215h24
5112.687 607.01314 2.793 -3.173 7.724 2212Pd0115
5112.698 112.00125 0.514 0.47 1.340 11Q222h25
5112.704 58.0 0.552 0.11 "" ""
5112.719 607.01314 2.814 -2.559 7.724 2212Rb0145
5112.731 112.00124 0.515 -3.159 1.340 11P122b24
5112.742 607.01314 0.754 -3.766 7.724 1003Rc0085
5112.747 607.01314 2.814 -2.884 7.724 2212Qd0155
5112.75 607.01314 2.296 -2.261 7.724 1809Ra0295
5112.759 607.01314 0.754 -3.114 7.724 1003Qa0095
5112.774 26.0 3.692 -8.51 "" ""
5112.776 112.00124 0.168 -2.061 1.340 00Q115b24
5112.787 112.00126 0.513 0.47 1.340 11Q222h26
5112.793 607.01314 0.737 -4.755 7.724 1003Pc0025
5112.794 112.00125 0.168 0.135 1.340 00R215h25
5112.816 112.00124 0.51 -1.187 1.340 33Q201b24
5112.825 112.00124 0.51 -1.488 1.340 33P101b24
5112.837 112.00124 0.515 -3.159 1.340 11R222b24
5112.849 21.0 2.144 -0.41 "" ""
5112.904 112.00126 0.168 0.135 1.340 00R215h26
5112.912 24.0 3.102 -4.14 "" ""
5112.917 26.0 4.952 -2.61 "" ""
5112.922 607.01314 1.512 -3.531 7.724 1406Pc0175
5112.94 607.01214 2.877 -2.596 7.724 2212Pa0165
5112.969 112.00124 0.515 0.49 1.340 11Q122h24
5112.982 24.1 6.8 -4.33 "" ""
5113.068 112.00125 0.514 0.49 1.340 11Q122h25
5113.074 607.01214 0.921 -3.872 7.724 1003Rc0265
5113.087 607.01214 2.346 -2.354 7.724 1809Pb0285
5113.11 607.01314 2.308 -2.27 7.724 1809Rb0295
5113.12 27.0 4.107 -1.56 "" ""
5113.124 607.01214 0.921 -2.581 7.724 1003Qa0275
5113.126 24.0 2.708 -1.48 SOBECK ""
5113.145 607.01314 2.775 -3.186 7.724 2212Rc0055
5113.148 112.00124 0.168 0.158 1.340 00R115h24
5113.154 607.01314 2.308 -3.036 7.724 1809Qd0305
5113.158 112.00126 0.513 0.49 1.340 11Q122h26
5113.158 607.01314 2.775 -2.714 7.724 2212Qa0065
5113.22 27.0 2.079 -2.24 "" ""
5113.225 607.01314 0.741 -3.728 7.724 1003Qc0045
5113.234 26.0 4.214 -1.95 "" ""
5113.235 607.01314 0.741 -3.902 7.724 1003Pa0055
5113.242 106.00113 2.161 -6.865 3.464 AX34P245
5113.258 106.00112 1.314 -7.326 3.464 AX02R205
5113.269 112.00125 0.168 0.158 1.340 00R115h25
5113.311 607.01214 1.674 -3.276 7.724 1406Qc0295
5113.313 607.01314 0.758 -3.469 7.724 1003Pb0095
5113.363 607.01214 1.674 -2.502 7.724 1406Pa0305
5113.371 607.01214 0.836 -3.959 7.724 1003Pc0185
5113.379 112.00126 0.168 0.158 1.340 00R115h26
5113.389 607.01314 2.769 -3.306 7.724 2212Qc0025
5113.392 607.01314 2.769 -3.663 7.724 2212Pa0035
5113.413 23.0 1.798 -2.86 "" ""
5113.427 607.01214 0.934 -2.58 7.724 1003Qb0275
5113.429 106.00113 1.013 -3.651 3.464 BX13P045
5113.44 22.0 1.442 -0.7 LAWLER ""
5113.455 106.00113 1.013 -8.02 3.464 BX13Q045
5113.478 106.00113 2.161 -6.257 3.464 AX35R215
5113.479 607.01214 0.934 -3.919 7.724 1003Pd0285
5113.509 607.01314 2.188 -3.342 7.724 1809Pc0175
5113.547 26.0 4.952 -1.8 "" ""
5113.559 112.00124 0.485 0.205 1.340 22Q214b24
5113.603 22.0 1.748 -5.1 "" ""
5113.616 607.01314 0.899 -3.95 7.724 1003Rd0275
5113.645 112.00124 0.485 -2.904 1.340 22P114b24
5113.686 607.01314 2.212 -2.988 7.724 1809Qc0205
5113.717 607.01314 2.212 -2.506 7.724 1809Pa0215
5113.781 607.01314 2.797 -2.6 7.724 2212Ra0125
5113.785 24.1 3.736 -7.49 "" ""
5113.791 106.00112 1.754 -6.539 3.464 AX24R185
5113.8 15.0 6.93 -2.0 "" ""
5113.822 24.0 0.96 -5.03 "" ""
5113.888 26.0 4.984 -2.4 "" ""
5113.91 22.0 2.248 -2.0 LAWLER ""
5113.914 607.01214 0.916 -3.077 7.724 0902Pb0415
5113.936 112.00124 0.485 -2.958 1.340 22R214b24
5113.97 69.0 0.0 -2.14 "" ""
5114.012 112.00124 0.253 -0.087 1.340 11R210h24
5114.022 112.00124 0.485 0.235 1.340 22Q114b24
5114.034 106.00113 1.013 -3.586 3.464 BX13P055
5114.057 24.0 3.842 -4.41 "" ""
5114.06 21.0 3.337 -3.53 "" ""
5114.071 607.01314 0.758 -3.759 7.724 1003Rc0095
5114.08 112.00124 0.253 -1.931 1.340 11Q110b24
5114.089 607.01314 0.758 -3.062 7.724 1003Qa0105
5114.093 607.01314 0.801 -3.037 7.724 1003Ra0175
5114.105 112.00125 0.252 -0.087 1.340 11R210h25
5114.121 112.00124 0.512 -1.348 1.340 33Q202b24
5114.136 112.00124 0.512 -1.126 1.340 33P102b24
5114.141 24.1 6.8 -4.35 "" ""
5114.17 22.0 0.899 -4.3 "" ""
5114.171 607.01314 2.784 -2.931 7.724 2212Pb0085
5114.188 25.1 5.986 -3.85 "" ""
5114.192 112.00126 0.252 -0.087 1.340 11R210h26
5114.195 607.01314 0.78 -2.927 7.724 1003Qb0135
5114.21 112.00124 0.516 -1.387 1.340 33P203b24
5114.21 607.01314 2.777 -3.166 7.724 2212Rc0065
5114.22 607.01314 0.78 -3.799 7.724 1003Pd0145
5114.225 607.01314 2.778 -2.641 7.724 2212Qa0075
5114.331 26.0 2.586 -7.44 "" ""
5114.37 63.0 1.617 -0.04 "" ""
5114.376 23.0 2.573 -6.16 "" ""
5114.426 607.01214 2.916 -2.121 7.724 2212Qb0205
5114.467 24.0 3.553 -2.33 "" ""
5114.507 607.01314 2.77 -3.188 7.724 2212Qc0035
5114.51 26.0 4.59 -2.71 "" ""
5114.511 57.1139 0.235 -1.624 Lawle01HFS ""
5114.512 607.01314 2.77 -3.455 7.724 2212Pa0045
5114.528 57.1139 0.235 -1.82 Lawle01HFS ""
5114.537 607.01214 2.864 -3.303 7.724 2212Pc0135
5114.545 112.00124 0.253 -0.057 1.340 11R110h24
5114.55 69.1 2.852 -0.53 LAWLER ""
5114.555 57.1139 0.235 -1.82 Lawle01HFS ""
5114.564 607.01214 2.891 -2.54 7.724 2212Pb0175
5114.572 57.1139 0.235 -3.006 Lawle01HFS ""
5114.583 607.01214 2.916 -3.198 7.724 2212Pd0215
5114.586 57.1139 0.235 -1.824 Lawle01HFS ""
5114.607 57.1139 0.235 -1.824 Lawle01HFS ""
5114.609 607.01314 0.738 -4.452 7.724 1003Pc0035
5114.612 607.01314 2.262 -2.069 7.724 1809Qb0255
5114.62 57.1139 0.235 -2.079 Lawle01HFS ""
5114.635 607.01314 0.743 -3.674 7.724 1003Qc0055
5114.641 106.00112 2.111 -6.32 3.464 AX35R205
5114.641 112.00125 0.252 -0.057 1.340 11R110h25
5114.647 607.01314 0.743 -3.783 7.724 1003Pa0065
5114.65 607.01314 2.262 -3.283 7.724 1809Pd0265
5114.73 112.00126 0.252 -0.057 1.340 11R110h26
5114.737 607.01214 1.131 -2.893 7.724 0902Rb0515
5114.755 607.01314 2.251 -3.244 7.724 1809Rc0245
5114.783 112.00124 0.198 -1.628 1.340 11R105b24
5114.788 607.01314 2.858 -3.255 7.724 2212Rd0215
5114.792 607.01314 2.251 -2.07 7.724 1809Qa0255
5114.826 607.01314 2.806 -3.06 7.724 2111Qc0345
5114.833 607.01214 1.131 -4.161 7.724 0902Qd0525
5114.847 607.01214 1.121 -4.08 7.724 1003Rd0405
5114.849 607.01314 0.826 -3.002 7.724 1003Rb0195
5114.863 26.0 3.94 -4.47 "" ""
5114.874 607.01314 2.806 -2.235 7.724 2111Pa0355
5114.876 607.01314 2.766 -3.382 7.724 2111Pc0315
5114.885 607.01314 0.826 -3.55 7.724 1003Qd0205
5114.966 42.0 2.274 -1.47 "" ""
5114.968 20.0 5.295 -6.06 "" ""
5114.993 24.0 4.436 -1.68 "" ""
5114.999 607.01314 2.769 -4.141 7.724 2212Pc0025
5115.001 23.0 3.085 -4.45 "" ""
5115.017 607.01314 2.797 -2.416 7.724 2212Qb0115
5115.045 90.0 0.479 -1.79 "" ""
5115.046 112.00124 0.36 -0.483 1.340 22R204b24
5115.051 607.01314 2.797 -3.165 7.724 2212Pd0125
5115.074 112.00124 0.36 -1.677 1.340 22Q104b24
5115.113 607.01314 2.821 -2.526 7.724 2212Rb0155
5115.115 106.00113 2.156 -10.093 3.464 CX05P205
5115.124 106.00113 1.749 -6.485 3.464 AX24R185
5115.143 607.01314 2.821 -2.885 7.724 2212Qd0165
5115.152 106.00112 2.402 -3.649 3.464 AX45P255
5115.161 26.0 4.952 -1.29 "" ""
5115.218 607.01214 0.886 -2.996 7.724 1003Pb0235
5115.234 23.1 6.329 -1.95 "" ""
5115.236 58.0 0.888 0.3 "" ""
5115.238 106.00112 2.402 -5.559 3.464 AX45Q245
5115.239 106.00113 1.039 -6.609 3.464 BX02P145
5115.241 607.01214 1.688 -2.495 7.724 1406Pb0305
5115.243 58.0 0.588 0.01 "" ""
5115.268 40.0 2.022 -0.1 "" ""
5115.272 607.01214 1.004 -2.744 7.724 1003Ra0335
5115.314 607.01314 1.557 -2.637 7.724 1406Pb0225
5115.317 106.00112 1.832 -12.163 3.464 CX05Q135
5115.372 607.01314 1.6 -2.218 7.724 1406Qb0265
5115.372 607.01314 2.803 -2.565 7.724 2212Ra0135
5115.375 106.00113 1.31 -7.267 3.464 AX02R205
5115.387 106.00112 1.832 -7.768 3.464 CX05P145
5115.388 22.0 1.878 -3.75 "" ""
5115.389 28.0 3.831 -0.11 "" ""
5115.402 106.00112 2.402 -3.924 3.464 AX45P245
5115.407 27.0 4.11 -2.88 "" ""
5115.417 20.0 5.296 -5.17 "" ""
5115.418 607.01314 1.6 -3.481 7.724 1406Pd0275
5115.429 106.00112 2.441 -7.494 3.464 AX23P315
5115.452 106.00112 1.832 -7.988 3.464 CX05P135
5115.457 607.01314 1.588 -3.437 7.724 1406Rc0255
5115.471 607.01314 2.781 -3.15 7.724 2212Rc0075
5115.487 607.01314 2.781 -2.577 7.724 2212Qa0085
5115.502 607.01314 1.589 -2.219 7.724 1406Qa0265
5115.517 607.01214 0.875 -3.616 7.724 1003Qc0225
5115.525 607.01214 2.908 -3.162 7.724 2212Rc0195
5115.559 607.01214 0.875 -3.009 7.724 1003Pa0235
5115.566 607.01314 0.763 -3.755 7.724 1003Rc0105
5115.586 26.0 4.635 -3.45 "" ""
5115.586 607.01314 0.763 -3.014 7.724 1003Qa0115
5115.617 607.01214 2.955 -2.952 7.724 2212Qd0255
5115.636 42.0 3.393 -1.5 "" ""
5115.638 20.0 4.76 -2.28 "" ""
5115.643 58.0 0.719 -0.03 "" ""
5115.675 106.00113 2.105 -7.478 3.464 AX45P195
5115.716 607.01214 2.955 -2.306 7.724 2212Rb0245
5115.726 607.01214 2.908 -2.123 7.724 2212Qa0205
5115.777 26.0 3.571 -2.74 "" ""
5115.817 20.0 5.827 -4.57 "" ""
5115.824 607.01314 2.772 -3.109 7.724 2212Qc0045
5115.828 607.01314 2.772 -3.304 7.724 2212Pa0055
5115.912 607.01214 2.945 -2.293 7.724 2212Ra0245
5115.961 112.00124 0.467 0.174 1.340 22Q213b24
5115.963 607.01314 0.763 -3.414 7.724 1003Pb0105
5115.973 607.01314 0.809 -3.011 7.724 1003Ra0185
5115.977 112.00124 0.36 -0.435 1.340 22R104b24
5116.015 106.00112 2.441 -3.26 3.464 AX24R295
5116.042 112.00124 0.467 -2.922 1.340 22P113b24
5116.043 26.0 4.14 -1.75 "" ""
5116.049 24.1 3.711 -3.63 "" ""
5116.063 106.00112 2.441 -3.333 3.464 AX24R285
5116.078 607.01214 1.636 -3.605 7.724 1406Pc0265
5116.097 24.0 5.284 -3.9 "" ""
5116.122 28.0 4.232 -2.61 "" ""
5116.137 112.00124 0.513 0.627 1.340 00Q227h24
5116.142 106.00112 2.441 -5.708 3.464 AX24Q295
5116.175 607.01314 1.547 -3.182 7.724 1406Qc0215
5116.185 22.0 3.567 -0.83 "" ""
5116.212 607.01314 1.547 -2.651 7.724 1406Pa0225
5116.214 22.0 3.102 -3.59 "" ""
5116.217 607.01314 0.746 -3.634 7.724 1003Qc0065
5116.23 607.01314 0.746 -3.685 7.724 1003Pa0075
5116.234 607.01214 1.28 -4.527 7.724 0902Rd0585
5116.248 24.1 6.8 -3.11 "" ""
5116.249 112.00124 0.516 -1.46 1.340 33Q203b24
5116.254 112.00125 0.512 0.627 1.340 00Q227h25
5116.27 112.00124 0.516 -0.91 1.340 33P103b24
5116.295 106.00112 1.755 -6.485 3.464 AX24R185
5116.298 112.00124 0.513 -3.267 1.340 00P127b24
5116.304 22.0 2.343 -3.2 "" ""
5116.316 24.1 3.754 -6.2 "" ""
5116.334 112.00124 0.513 -3.267 1.340 00R227b24
5116.354 112.00124 0.348 -1.328 1.340 22R101b24
5116.355 607.01214 1.019 -2.751 7.724 1003Rb0335
5116.358 112.00126 0.511 0.627 1.340 00Q227h26
5116.374 112.00124 0.467 -2.921 1.340 22R213b24
5116.406 607.01214 1.018 -2.682 7.724 0902Qb0465
5116.413 24.0 3.077 -5.01 "" ""
5116.418 112.00124 0.486 0.452 1.340 11Q221h24
5116.418 607.01214 1.019 -3.687 7.724 1003Qd0345
5116.42 607.01214 1.715 -3.423 7.724 1507Rd0075
5116.427 607.01314 0.911 -3.957 7.724 1003Rd0285
5116.455 112.00124 0.467 0.207 1.340 22Q113b24
5116.488 607.01214 1.718 -3.405 7.724 1507Rd0085
5116.491 26.0 3.881 -4.54 "" ""
5116.492 607.01214 2.884 -2.921 7.724 2212Qc0165
5116.493 607.01214 1.018 -4.429 7.724 0902Pd0475
5116.494 112.00124 0.513 0.643 1.340 00Q127h24
5116.509 607.01214 1.712 -3.447 7.724 1507Rd0065
5116.512 112.00125 0.485 0.452 1.340 11Q221h25
5116.513 106.00112 1.316 -7.266 3.464 AX02R205
5116.528 27.0 4.392 -2.86 "" ""
5116.546 112.00124 0.486 -3.138 1.340 11P121b24
5116.57 60.1 0.742 -2.01 LAWLER ""
5116.588 24.0 4.437 -1.94 "" ""
5116.591 26.0 4.962 -2.85 "" ""
5116.595 112.00126 0.485 0.452 1.340 11Q221h26
5116.599 607.01314 0.741 -4.289 7.724 1003Pc0045
5116.61 112.00125 0.512 0.643 1.340 00Q127h25
5116.619 26.0 3.881 -4.12 "" ""
5116.627 607.01314 0.786 -2.89 7.724 1003Qb0145
5116.63 23.0 0.3 -6.28 "" ""
5116.65 112.00124 0.521 -1.048 1.340 33P204b24
5116.653 21.0 2.138 -0.17 "" ""
5116.654 607.01314 0.786 -3.799 7.724 1003Pd0155
5116.665 112.00124 0.486 -3.138 1.340 11R221b24
5116.69 62.1 0.932 -0.72 LAWLER ""
5116.696 24.0 3.553 -3.04 "" ""
5116.713 607.01214 1.722 -3.392 7.724 1507Rd0095
5116.714 112.00126 0.511 0.643 1.340 00Q127h26
5116.754 607.01214 1.709 -3.48 7.724 1507Rd0055
5116.763 21.0 2.134 -0.28 "" ""
5116.763 607.01314 2.77 -3.835 7.724 2212Pc0035
5116.782 607.01214 2.884 -2.562 7.724 2212Pa0175
5116.792 112.00124 0.486 0.472 1.340 11Q121h24
5116.807 20.0 5.828 -3.55 "" ""
5116.81 607.01314 0.71 -4.784 7.724 0902Pc0305
5116.862 607.01314 2.788 -2.87 7.724 2212Pb0095
5116.873 22.1 5.688 -4.7 "" ""
5116.885 112.00125 0.486 0.472 1.340 11Q121h25
5116.889 24.0 3.884 -3.29 "" ""
5116.929 607.01314 2.784 -3.138 7.724 2212Rc0085
5116.943 26.0 2.947 -5.44 "" ""
5116.947 607.01314 2.784 -2.519 7.724 2212Qa0095
5116.955 42.0 2.596 -1.75 "" ""
5116.968 607.01214 0.916 -4.126 7.724 0902Qc0415
5116.97 112.00126 0.485 0.472 1.340 11Q121h26
5117.01 106.00113 1.426 -5.886 3.464 BX13R175
5117.034 106.00112 1.108 -3.123 3.464 BX13Q085
5117.046 607.01214 0.916 -3.069 7.724 0902Pa0425
5117.057 46.0 4.808 0.38 "" ""
5117.088 106.00112 1.108 -6.079 3.464 BX13R085
5117.096 607.01214 1.727 -3.383 7.724 1507Rd0105
5117.144 42.0 3.441 -2.01 "" ""
5117.148 106.00113 2.195 -4.092 3.464 AX56P175
5117.15 607.01314 2.808 -2.532 7.724 2212Ra0145
5117.153 607.01214 1.707 -3.524 7.724 1507Rd0045
5117.159 62.0 0.282 0.12 "" ""
5117.164 23.0 2.576 -4.06 "" ""
5117.169 58.1 1.401 -0.27 "" ""
5117.18 73.0 3.442 0.0 "" ""
5117.214 106.00113 2.195 -4.293 3.464 AX56P165
5117.227 607.01314 0.768 -3.754 7.724 1003Rc0115
5117.234 106.00113 2.438 -3.261 3.464 AX24R295
5117.238 92.1 0.284 -2.12 "" ""
5117.249 607.01314 0.768 -2.971 7.724 1003Qa0125
5117.281 607.01214 1.131 -2.88 7.724 0902Ra0525
5117.282 106.00112 1.109 -6.109 3.464 BX13P095
5117.292 23.0 1.944 -2.86 "" ""
5117.335 607.01314 1.52 -3.532 7.724 1406Pc0185
5117.336 106.00112 1.109 -3.051 3.464 BX13Q095
5117.34 607.01314 2.775 -3.052 7.724 2212Qc0055
5117.344 607.01314 2.775 -3.186 7.724 2212Pa0065
5117.369 607.01214 2.346 -3.073 7.724 1809Qc0285
5117.381 607.01314 0.835 -2.977 7.724 1003Rb0205
5117.396 607.01314 2.231 -2.467 7.724 1809Pb0225
5117.408 24.1 6.8 -2.48 "" ""
5117.412 607.01214 2.346 -2.345 7.724 1809Pa0295
5117.419 607.01314 0.835 -3.556 7.724 1003Qd0215
5117.425 24.0 3.553 -1.76 "" ""
5117.437 26.0 4.984 -2.44 "" ""
5117.457 106.00113 2.438 -5.664 3.464 AX24Q295
5117.473 106.00113 1.788 -8.276 3.464 CX05P125
5117.484 21.0 5.024 -3.22 "" ""
5117.494 106.00112 2.112 -6.263 3.464 AX35R205
5117.502 607.01214 0.934 -3.88 7.724 1003Rc0275
5117.542 607.01214 0.842 -4.455 7.724 0902Pc0375
5117.547 106.00113 1.787 -7.992 3.464 CX05P135
5117.547 607.01314 2.803 -2.373 7.724 2212Qb0125
5117.554 607.01214 0.934 -2.564 7.724 1003Qa0285
5117.569 26.0 4.792 -3.52 "" ""
5117.58 106.00113 2.438 -3.334 3.464 AX24R285
5117.59 607.01314 2.803 -3.159 7.724 2212Pd0135
5117.603 607.01314 2.867 -3.261 7.724 2212Rd0225
5117.64 607.01214 1.732 -3.376 7.724 1507Rd0115
5117.641 24.0 3.885 -3.82 "" ""
5117.651 21.0 2.008 -3.34 "" ""
5117.665 106.00113 2.195 -5.634 3.464 AX56Q165
5117.687 607.01314 2.827 -2.495 7.724 2212Rb0165
5117.706 607.01214 1.705 -3.584 7.724 1507Rd0035
5117.711 106.00112 2.231 -7.092 3.464 AX34P255
5117.719 607.01314 2.827 -2.887 7.724 2212Qd0175
5117.725 106.00112 1.289 -3.084 3.464 BX13R135
5117.734 26.0 4.648 -3.89 "" ""
5117.869 112.00124 0.051 -1.746 1.340 00R108b24
5117.898 25.0055 3.132 -3.363 LAWHFS ""
5117.905 25.0 3.761 -4.15 "" ""
5117.906 25.0055 3.132 -2.982 LAWHFS ""
5117.913 25.0055 3.132 -2.806 LAWHFS ""
5117.915 106.00112 1.289 -7.109 3.464 BX13Q145
5117.918 25.0055 3.132 -2.408 LAWHFS ""
5117.919 25.0055 3.132 -2.76 LAWHFS ""
5117.921 25.0055 3.132 -2.262 LAWHFS ""
5117.923 25.0055 3.132 -2.283 LAWHFS ""
5117.924 25.0055 3.132 -2.438 LAWHFS ""
5117.935 25.0055 3.132 -2.614 LAWHFS ""
5117.939 25.0055 3.132 -2.204 LAWHFS ""
5117.942 25.0055 3.132 -1.931 LAWHFS ""
5117.944 106.00113 1.788 -12.489 3.464 CX05Q125
5117.945 25.0055 3.132 -1.719 LAWHFS ""
5117.946 58.1 1.246 -0.81 LAWLER ""
5117.969 607.01314 0.75 -3.605 7.724 1003Qc0075
5117.984 607.01314 0.75 -3.602 7.724 1003Pa0085
5118.002 106.00112 1.289 -3.035 3.464 BX13R145
5118.013 607.01314 0.817 -2.986 7.724 1003Ra0195
5118.031 59.1 0.55 -1.5 "" ""
5118.045 607.01314 2.196 -3.342 7.724 1809Pc0185
5118.047 27.0 3.968 -1.96 "" ""
5118.057 607.01214 0.845 -3.963 7.724 1003Pc0195
5118.075 607.01314 2.221 -2.993 7.724 1809Qc0215
5118.108 607.01314 2.221 -2.481 7.724 1809Pa0225
5118.137 607.01214 0.947 -2.563 7.724 1003Qb0285
5118.144 607.01214 2.31 -3.402 7.724 1809Pc0255
5118.17 23.0 2.364 -4.58 "" ""
5118.17 25.1 5.988 -5.63 "" ""
5118.19 112.00124 0.512 -1.492 1.340 33P202b24
5118.191 607.01214 0.947 -3.927 7.724 1003Pd0295
5118.237 112.00124 0.521 -1.546 1.340 33Q204b24
5118.241 112.00124 0.45 0.14 1.340 22Q212b24
5118.263 112.00124 0.521 -0.777 1.340 33P104b24
5118.317 112.00124 0.45 -2.889 1.340 22P112b24
5118.337 607.01314 2.821 -2.23 7.724 2111Pb0355
5118.344 607.01214 1.737 -3.373 7.724 1507Rd0125
5118.349 58.1 1.273 -1.52 LAWLER ""
5118.352 112.00124 0.147 0.108 1.340 00R214h24
5118.413 607.01214 1.704 -3.668 7.724 1507Rd0025
5118.43 106.00112 1.016 -3.65 3.464 BX13P045
5118.448 112.00124 0.147 -2.034 1.340 00Q114b24
5118.455 106.00112 1.016 -8.019 3.464 BX13Q045
5118.462 112.00125 0.147 0.108 1.340 00R214h25
5118.464 24.0 4.385 -4.29 "" ""
5118.565 112.00126 0.147 0.108 1.340 00R214h26
5118.582 607.01314 2.788 -3.129 7.724 2212Rc0095
5118.602 607.01314 2.788 -2.467 7.724 2212Qa0105
5118.603 106.00113 2.106 -7.532 3.464 AX45P195
5118.616 112.00124 0.355 -0.57 1.340 22R203b24
5118.638 112.00124 0.355 -1.615 1.340 22Q103b24
5118.653 607.01214 2.87 -3.296 7.724 2212Pc0145
5118.654 112.00124 0.45 -2.887 1.340 22R212b24
5118.727 607.01314 2.772 -3.669 7.724 2212Pc0045
5118.729 112.00124 0.45 0.176 1.340 22Q112b24
5118.744 24.0 3.553 -2.02 "" ""
5118.754 607.01314 0.768 -3.364 7.724 1003Pb0115
5118.762 607.01314 0.743 -4.183 7.724 1003Pc0055
5118.774 112.00124 0.239 -0.127 1.340 11R209h24
5118.783 22.0 3.438 -3.61 "" ""
5118.814 112.00124 0.527 -0.854 1.340 33P205b24
5118.829 112.00124 0.147 0.132 1.340 00R114h24
5118.832 607.01214 2.925 -2.097 7.724 2212Qb0215
5118.835 112.00124 0.239 -1.893 1.340 11Q109b24
5118.86 112.00125 0.239 -0.127 1.340 11R209h25
5118.885 58.0 0.398 -0.51 "" ""
5118.886 23.0 0.286 -6.62 "" ""
5118.907 21.0 2.0 -3.51 "" ""
5118.928 24.0 5.613 -2.24 "" ""
5118.937 607.01214 2.925 -3.205 7.724 2212Pd0225
5118.94 112.00126 0.239 -0.127 1.340 11R209h26
5118.941 112.00125 0.147 0.132 1.340 00R114h25
5118.992 607.01214 1.018 -4.369 7.724 0902Rc0465
5119.041 106.00112 1.016 -3.585 3.464 BX13P055
5119.044 112.00126 0.147 0.132 1.340 00R114h26
5119.053 607.01314 0.774 -3.754 7.724 1003Rc0125
5119.055 607.01314 2.777 -3.009 7.724 2212Qc0065
5119.058 607.01214 2.899 -2.51 7.724 2212Pb0185
5119.073 607.01314 2.778 -3.089 7.724 2212Pa0075
5119.077 607.01314 0.774 -2.93 7.724 1003Qa0135
5119.08 607.01214 1.018 -2.672 7.724 0902Qa0475
5119.098 106.00113 2.037 -8.148 3.464 AX56P125
5119.11 39.1 0.992 -1.33 Biemont11 ""
5119.124 607.01314 2.814 -2.502 7.724 2212Ra0155
5119.159 607.01314 2.262 -3.251 7.724 1809Rc0255
5119.19 23.0 1.858 -5.58 "" ""
5119.197 607.01314 2.262 -2.051 7.724 1809Qa0265
5119.204 607.01314 0.793 -2.856 7.724 1003Qb0155
5119.21 607.01214 1.743 -3.372 7.724 1507Rd0135
5119.217 42.0 2.932 -2.4 "" ""
5119.223 106.00113 2.196 -4.092 3.464 AX56P175
5119.233 607.01314 0.793 -3.802 7.724 1003Pd0165
5119.26 106.00113 1.593 -8.249 3.464 CX05Q055
5119.271 607.01214 1.703 -3.796 7.724 1507Rd0015
5119.284 106.00113 2.105 -6.319 3.464 AX35R205
5119.292 23.0 3.087 -1.05 "" ""
5119.298 607.01214 1.688 -3.284 7.724 1406Qc0305
5119.306 607.01214 2.358 -2.337 7.724 1809Pb0295
5119.317 607.01214 0.863 -4.645 7.724 0801Pc0505
5119.321 24.0 3.419 -1.41 "" ""
5119.327 607.01314 2.273 -2.05 7.724 1809Qb0265
5119.332 112.00124 0.239 -0.094 1.340 11R109h24
5119.336 21.0 5.025 -3.42 "" ""
5119.336 25.1 5.986 -3.26 "" ""
5119.352 607.01214 1.688 -2.485 7.724 1406Pa0315
5119.367 607.01314 2.273 -3.291 7.724 1809Pd0275
5119.392 607.01314 0.924 -3.965 7.724 1003Rd0295
5119.393 106.00113 2.196 -4.293 3.464 AX56P165
5119.421 112.00125 0.239 -0.094 1.340 11R109h25
5119.457 58.0 0.849 -0.35 "" ""
5119.457 58.0 0.889 -0.31 "" ""
5119.469 106.00113 1.593 -11.209 3.464 CX05P065
5119.473 24.0 3.553 -2.16 "" ""
5119.486 106.00113 1.593 -10.985 3.464 CX05R055
5119.503 112.00126 0.239 -0.094 1.340 11R109h26
