wavelength species excitation loggf disassociation_energy comment
6385.465 106.00112 1.291 -5.633 3.464 AX14P045
6385.559 106.00112 1.424 -4.976 3.464 AX14P105
6385.589 607.01314 1.273 -2.289 7.724 1005Pb0165
6385.608 106.00112 1.208 -5.2 3.464 AX03Q125
6385.625 607.01214 2.321 -2.087 7.724 1509Ra0275
6385.632 23.0 2.136 -1.85 "" ""
6385.641 607.01314 0.26 -3.012 7.724 0501Rb0065
6385.642 607.01214 1.497 -3.228 7.724 0904Rc0465
6385.655 607.01314 0.248 -3.63 7.724 0501Qd0005
6385.662 607.01314 0.26 -3.074 7.724 0501Qd0075
6385.669 106.00112 1.208 -7.145 3.464 AX03P125
6385.703 106.00112 1.265 -9.245 3.464 BX04R015
6385.718 26.0 4.73 -1.91 "" ""
6385.718 607.01314 1.381 -1.975 7.724 1005Rb0275
6385.739 106.00113 1.031 -5.771 3.464 AX03R055
6385.773 607.01214 1.498 -1.518 7.724 0904Qa0475
6385.79 607.01214 0.766 -4.196 7.724 0400Rd0575
6385.794 607.01314 1.381 -2.738 7.724 1005Qd0285
6385.899 106.00113 1.031 -6.979 3.464 AX03Q065
6385.929 21.0 3.081 -4.23 "" ""
6385.962 607.01214 1.946 -2.192 7.724 0601Ra0865
6385.97 26.0 5.381 -3.99 "" ""
6385.993 607.01214 1.414 -4.833 7.724 0500Pc0775
6386.009 607.01314 0.146 -3.949 7.724 0400Pc0245
6386.017 106.00113 1.031 -5.722 3.464 AX03R065
6386.023 106.00113 0.985 -7.517 3.464 AX03R035
6386.099 58.0 1.545 -0.61 "" ""
6386.156 106.00113 0.985 -7.504 3.464 AX03R035
6386.192 26.0 5.472 -3.42 "" ""
6386.203 607.01314 2.145 -2.652 7.724 1509Pb0105
6386.207 24.1 4.068 -4.07 "" ""
6386.229 607.01214 1.808 -3.416 7.724 0904Rd0605
6386.231 72.0 0.292 -2.29 "" ""
6386.257 106.00113 2.551 -7.447 3.464 AX26Q245
6386.261 58.0 0.69 -1.36 "" ""
6386.281 607.01214 1.632 -1.74 7.724 0904Ra0535
6386.308 607.01314 0.264 -2.945 7.724 0501Rb0075
6386.318 607.01214 0.295 -3.062 7.724 0501Qc0125
6386.332 607.01314 0.264 -3.055 7.724 0501Qd0085
6386.351 607.01214 2.225 -2.778 7.724 1509Qc0165
6386.357 607.01214 0.295 -2.79 7.724 0501Pa0135
6386.361 28.0 5.385 -3.27 "" ""
6386.391 607.01214 2.225 -2.387 7.724 1509Pa0175
6386.425 106.00113 1.032 -6.968 3.464 AX03Q065
6386.436 607.01314 0.37 -3.425 7.724 0501Rd0235
6386.442 607.01314 1.298 -2.919 7.724 1005Rc0195
6386.442 607.01314 2.145 -2.986 7.724 1509Rc0105
6386.454 38.0 2.27 -0.5 "" ""
6386.468 607.01314 2.145 -2.259 7.724 1509Qa0115
6386.496 607.01314 1.298 -1.843 7.724 1005Qa0205
6386.543 106.00113 1.032 -5.722 3.464 AX03R065
6386.545 25.0 4.357 -3.58 "" ""
6386.618 607.01314 1.259 -2.668 7.724 1005Qc0145
6386.656 27.0 3.949 -1.58 "" ""
6386.664 607.01314 1.259 -2.349 7.724 1005Pa0155
6386.713 26.1 6.798 -2.46 "" ""
6386.762 62.0 1.76 -0.31 "" ""
6386.79 66.0 0.937 -1.16 "" ""
6386.838 607.01214 0.578 -3.577 7.724 0501Rd0375
6386.844 58.0 1.501 0.19 "" ""
6386.85 607.01214 2.278 -1.908 7.724 1509Qb0225
6386.859 607.01214 0.311 -3.725 7.724 0400Qc0355
6386.892 106.00112 2.82 -5.632 3.464 AX04Q345
6386.903 607.01214 2.278 -3.068 7.724 1509Pd0235
6386.967 607.01214 0.311 -2.75 7.724 0400Pa0365
6386.983 24.0 4.798 -3.32 "" ""
6387.023 607.01314 2.858 -2.487 7.724 1912Pb0205
6387.062 24.0 4.851 -1.84 "" ""
6387.073 106.00112 2.82 -8.99 3.464 AX04R335
6387.12 607.01314 0.248 -3.63 7.724 0501Qb0005
6387.121 607.01314 2.188 -2.269 7.724 1509Ra0185
6387.125 607.01314 0.248 -3.931 7.724 0501Pd0015
6387.148 607.01314 0.268 -2.885 7.724 0501Rb0085
6387.175 607.01314 0.268 -3.041 7.724 0501Qd0095
6387.235 607.01214 1.652 -3.248 7.724 1005Rd0435
6387.26 607.01314 2.167 -2.136 7.724 1509Qb0145
6387.277 607.01214 1.513 -1.855 7.724 1005Ra0355
6387.295 607.01314 2.167 -3.014 7.724 1509Pd0155
6387.32 24.0 4.613 -2.48 "" ""
6387.339 106.00112 2.82 -8.053 3.464 AX04P345
6387.366 23.0 2.721 -3.6 "" ""
6387.37 106.00112 1.209 -7.447 3.464 AX03R115
6387.375 607.01314 1.316 -1.817 7.724 1005Qb0215
6387.387 15.0 8.244 -4.0 "" ""
6387.388 607.01314 2.129 -2.862 7.724 1509Qc0065
6387.402 607.01214 0.441 -2.326 7.724 0501Rb0275
6387.405 607.01314 2.129 -2.924 7.724 1509Pa0075
6387.432 106.00112 1.209 -5.233 3.464 AX03Q115
6387.435 607.01314 1.316 -2.957 7.724 1005Pd0225
6387.438 607.01214 0.421 -3.995 7.724 0400Rc0415
6387.488 607.01214 0.441 -3.149 7.724 0501Qd0285
6387.52 106.00112 2.82 -5.653 3.464 AX04Q335
6387.546 607.01214 2.205 -3.152 7.724 1509Pc0135
6387.564 607.01214 0.421 -2.342 7.724 0400Qa0425
6387.57 607.01314 2.284 -3.195 7.724 1509Rd0285
6387.583 106.00112 1.209 -5.2 3.464 AX03Q125
6387.645 106.00112 1.209 -7.132 3.464 AX03P125
6387.648 106.00112 1.395 -5.1 3.464 AX14P085
6387.648 607.01314 1.369 -1.965 7.724 1005Ra0275
6387.672 106.00112 1.306 -5.556 3.464 AX14P045
6387.722 106.00112 1.395 -6.609 3.464 AX14Q085
6387.756 106.00113 2.552 -5.507 3.464 AX26R235
6387.786 62.0 0.0 -2.97 "" ""
6387.798 106.00113 2.184 -8.097 3.464 AX03P285
6387.822 607.01314 2.896 -2.08 7.724 1912Qb0245
6387.859 22.0 3.291 -3.65 "" ""
6387.895 607.01314 2.896 -3.24 7.724 1912Pd0255
6387.912 23.0 2.636 -2.38 "" ""
6387.951 607.01314 2.124 -3.517 7.724 1509Pc0045
6387.965 24.0 3.844 -3.83 "" ""
6387.97 607.01214 2.945 -2.397 7.724 1912Pa0245
6387.972 607.01214 2.241 -2.336 7.724 1509Pb0185
6387.999 106.00112 1.306 -6.436 3.464 AX14Q045
6388.005 607.01214 2.945 -3.002 7.724 1912Qc0235
6388.018 607.01214 0.279 -3.498 7.724 0501Pc0095
6388.056 607.01214 2.955 -2.386 7.724 1912Pb0245
6388.09 106.00112 1.306 -5.555 3.464 AX14P045
6388.096 607.01314 0.249 -3.391 7.724 0501Qb0015
6388.103 607.01314 0.249 -3.702 7.724 0501Pd0025
6388.137 607.01214 0.341 -3.311 7.724 0501Rc0185
6388.151 607.01214 1.325 -3.144 7.724 0803Pc0495
6388.152 106.00113 2.551 -5.523 3.464 AX26R245
6388.162 607.01314 0.272 -2.832 7.724 0501Rb0095
6388.186 68.0 1.991 0.07 "" ""
6388.189 106.00112 1.395 -5.041 3.464 AX14P095
6388.191 607.01314 0.272 -3.031 7.724 0501Qd0105
6388.193 607.01214 1.55 -2.35 7.724 0601Pb0745
6388.194 607.01214 0.341 -2.224 7.724 0501Qa0195
6388.199 38.0 2.257 -0.69 "" ""
6388.288 25.0 4.265 -2.68 "" ""
6388.335 22.0 3.407 -4.14 "" ""
6388.367 607.01314 1.241 -3.07 7.724 1005Pc0115
6388.397 607.01214 0.36 -2.198 7.724 0501Qb0205
6388.405 26.0 3.366 -4.54 "" ""
6388.417 106.00112 1.306 -6.446 3.464 AX14Q045
6388.435 607.01214 0.569 -2.538 7.724 0400Ra0495
6388.457 24.0 3.844 -3.62 "" ""
6388.46 607.01214 0.36 -3.354 7.724 0501Pd0215
6388.5 106.00112 2.298 -8.242 3.464 AX26R195
6388.553 106.00112 2.463 -5.912 3.464 AX15R265
6388.57 15.0 8.125 -1.49 "" ""
6388.572 26.1 2.826 -8.35 "" ""
6388.624 22.0 3.152 -1.88 "" ""
6388.639 607.01314 2.94 -2.277 7.724 1912Ra0295
6388.668 607.01314 0.422 -2.583 7.724 0400Ra0435
6388.678 607.01214 1.529 -1.861 7.724 1005Rb0355
6388.679 607.01314 2.212 -2.239 7.724 1509Rb0205
6388.699 607.01314 0.208 -3.629 7.724 0400Qc0295
6388.727 607.01314 2.212 -2.777 7.724 1509Qd0215
6388.769 607.01314 0.381 -3.433 7.724 0501Rd0245
6388.77 106.00112 2.463 -5.903 3.464 AX15R255
6388.779 607.01214 1.529 -2.829 7.724 1005Qd0365
6388.786 607.01314 0.208 -2.823 7.724 0400Pa0305
6388.793 607.01214 0.316 -2.682 7.724 0501Pb0155
6388.8 14.0 5.959 -2.87 "" ""
6388.808 607.01214 1.426 -3.017 7.724 1005Rc0285
6388.834 607.01314 2.951 -2.283 7.724 1912Rb0295
6388.846 106.00113 1.588 -7.499 3.464 AX03Q195
6388.856 106.00112 1.306 -5.442 3.464 AX14P055
6388.857 106.00112 2.463 -7.86 3.464 AX15Q265
6388.861 106.00112 1.395 -5.099 3.464 AX14P085
6388.871 607.01214 1.377 -2.086 7.724 1005Pb0245
6388.888 607.01214 1.426 -1.668 7.724 1005Qa0295
6388.889 607.01314 2.149 -2.984 7.724 1509Rc0115
6388.917 607.01314 2.149 -2.215 7.724 1509Qa0125
6388.921 607.01314 2.951 -3.07 7.724 1912Qd0305
6388.934 106.00112 1.395 -6.626 3.464 AX14Q085
6388.958 607.01214 1.397 -2.966 7.724 0904Qc0415
6388.986 607.01214 1.326 -3.072 7.724 1005Pc0195
6388.998 106.00113 1.588 -5.098 3.464 AX03P205
6389.056 106.00113 1.588 -5.131 3.464 AX03P195
6389.072 23.0 2.581 -3.08 "" ""
6389.087 607.01214 1.397 -1.897 7.724 0904Pa0425
6389.089 607.01214 2.268 -3.045 7.724 1509Rc0215
6389.09 42.0 3.3 -1.38 "" ""
6389.141 607.01214 2.268 -1.91 7.724 1509Qa0225
6389.212 106.00112 1.306 -5.442 3.464 AX14P055
6389.233 607.01314 0.25 -3.206 7.724 0501Qb0025
6389.243 607.01314 0.25 -3.574 7.724 0501Pd0035
6389.272 607.01214 0.428 -2.317 7.724 0501Ra0275
6389.293 607.01314 2.886 -3.253 7.724 1912Rc0235
6389.294 106.00112 1.395 -5.041 3.464 AX14P095
6389.308 607.01314 0.298 -3.908 7.724 0400Rc0355
6389.352 607.01314 0.277 -2.783 7.724 0501Rb0105
6389.359 607.01214 1.44 -1.667 7.724 1005Qb0295
6389.363 607.01314 2.886 -2.078 7.724 1912Qa0245
6389.384 607.01314 0.277 -3.025 7.724 0501Qd0115
6389.412 607.01314 0.298 -2.398 7.724 0400Qa0365
6389.415 25.0 3.761 -5.22 "" ""
6389.419 73.0 2.621 -0.63 "" ""
6389.423 21.0 2.108 -4.32 "" ""
6389.445 607.01214 1.44 -3.048 7.724 1005Pd0305
6389.496 607.01214 2.916 -3.326 7.724 1912Pc0205
6389.505 24.1 4.069 -5.88 "" ""
6389.552 607.01314 2.1 -3.147 7.724 1408Pc0305
6389.56 607.01214 1.366 -2.741 7.724 1005Qc0235
6389.628 607.01214 1.366 -2.097 7.724 1005Pa0245
6389.683 607.01314 2.85 -2.956 7.724 1912Qc0195
6389.742 607.01314 2.85 -2.506 7.724 1912Pa0205
6389.789 92.0 0.742 -1.44 "" ""
6389.795 607.01314 0.222 -2.815 7.724 0400Pb0305
6389.831 62.1 1.166 -1.96 "" ""
6389.877 6.0 8.764 -3.51 "" ""
6389.88 21.1 7.466 -3.7 "" ""
6389.908 112.00124 0.821 -2.707 1.340 03Q222b24
6389.965 607.01314 2.132 -2.832 7.724 1509Qc0075
6389.98 60.1 1.521 -0.77 LAWLER ""
6389.984 607.01314 2.132 -2.841 7.724 1509Pa0085
6389.997 106.00112 1.368 -5.181 3.464 AX14P075
6390.023 106.00112 1.324 -5.398 3.464 AX14P055
6390.049 607.01314 0.249 -3.931 7.724 0501Pb0015
6390.085 22.0 3.572 -1.55 "" ""
6390.09 112.00124 0.821 -6.426 1.340 03P122b24
6390.103 20.0 3.907 -6.3 "" ""
6390.114 106.00112 1.368 -6.568 3.464 AX14Q075
6390.116 106.00113 2.158 -7.528 3.464 AX14P245
6390.14 607.01314 2.196 -2.245 7.724 1509Ra0195
6390.224 44.0 2.898 -1.14 "" ""
6390.248 112.00124 0.821 -6.426 1.340 03R222b24
6390.26 106.00112 1.324 -6.48 3.464 AX14Q055
6390.281 607.01214 0.302 -3.062 7.724 0501Qc0135
6390.323 58.0 0.52 -1.38 "" ""
6390.323 607.01214 0.302 -2.747 7.724 0501Pa0145
6390.328 607.01214 2.346 -2.081 7.724 1509Rb0285
6390.331 607.01314 2.149 -2.601 7.724 1509Pb0115
6390.394 607.01314 0.613 -4.124 7.724 0400Rd0525
6390.395 607.01214 2.346 -2.853 7.724 1509Qd0295
6390.4 106.00112 2.875 -5.183 3.464 AX15Q325
6390.428 607.01214 1.826 -2.51 7.724 0500Qb0885
6390.43 112.00124 0.821 -2.688 1.340 03Q122b24
6390.455 57.1139 0.321 -2.012 Lawle01HFS ""
6390.468 57.1139 0.321 -2.183 Lawle01HFS ""
6390.468 57.1139 0.321 -2.752 Lawle01HFS ""
6390.479 57.1139 0.321 -3.752 Lawle01HFS ""
6390.48 57.1139 0.321 -2.39 Lawle01HFS ""
6390.48 57.1139 0.321 -2.57 Lawle01HFS ""
6390.489 57.1139 0.321 -2.536 Lawle01HFS ""
6390.489 57.1139 0.321 -3.334 Lawle01HFS ""
6390.49 57.1139 0.321 -2.661 Lawle01HFS ""
6390.496 57.1139 0.321 -3.1 Lawle01HFS ""
6390.497 57.1139 0.321 -2.595 Lawle01HFS ""
6390.498 57.1139 0.321 -3.079 Lawle01HFS ""
6390.502 57.1139 0.321 -2.954 Lawle01HFS ""
6390.503 57.1139 0.321 -2.778 Lawle01HFS ""
6390.506 57.1139 0.321 -2.857 Lawle01HFS ""
6390.534 607.01314 0.252 -3.065 7.724 0501Qb0035
6390.536 26.1 7.113 -3.86 "" ""
6390.547 607.01314 0.252 -3.49 7.724 0501Pd0045
6390.572 20.0 5.792 -4.87 "" ""
6390.588 607.01214 0.328 -2.745 7.724 0400Pb0365
6390.602 106.00112 2.875 -8.401 3.464 AX15R315
6390.605 106.00112 1.324 -5.398 3.464 AX14P055
6390.646 106.00112 1.368 -5.114 3.464 AX14P085
6390.69 607.01214 1.826 -4.772 7.724 0500Pd0895
6390.719 607.01314 1.307 -2.926 7.724 1005Rc0205
6390.72 607.01314 0.282 -2.738 7.724 0501Rb0115
6390.742 106.00112 2.875 -7.574 3.464 AX15P325
6390.743 607.01314 2.827 -3.314 7.724 1912Pc0165
6390.745 607.01314 1.394 -1.958 7.724 1005Rb0285
6390.755 607.01314 0.282 -3.022 7.724 0501Qd0125
6390.772 607.01314 1.281 -2.257 7.724 1005Pb0175
6390.776 607.01314 1.307 -1.819 7.724 1005Qa0215
6390.785 20.0 5.802 -5.14 "" ""
6390.793 106.00112 1.344 -5.278 3.464 AX14P065
6390.823 607.01314 1.394 -2.746 7.724 1005Qd0295
6390.824 62.1 1.063 -2.13 "" ""
6390.842 106.00112 1.324 -6.491 3.464 AX14Q055
6390.855 22.0 2.235 -3.59 "" ""
6390.944 106.00112 2.875 -5.192 3.464 AX15Q315
6390.963 106.00112 1.344 -6.525 3.464 AX14Q065
6390.975 106.00112 1.324 -5.306 3.464 AX14P065
6390.977 106.00112 1.368 -5.181 3.464 AX14P075
6390.984 607.01314 1.266 -2.669 7.724 1005Qc0155
6390.989 112.00124 0.607 -5.418 1.340 03R112b24
6391.023 607.01314 1.266 -2.313 7.724 1005Pa0165
6391.039 607.01214 2.333 -2.072 7.724 1509Ra0285
6391.057 607.01214 1.55 -3.873 7.724 0601Qc0745
6391.078 607.01314 2.173 -2.102 7.724 1509Qb0155
6391.094 106.00112 1.368 -6.583 3.464 AX14Q075
6391.116 607.01314 2.173 -3.016 7.724 1509Pd0165
6391.131 607.01314 2.126 -3.41 7.724 1509Pc0055
6391.135 20.0 5.574 -4.78 "" ""
6391.196 21.0 4.123 -2.98 "" ""
6391.2 25.0 4.265 -1.55 "" ""
6391.241 23.0 3.618 -3.75 "" ""
6391.243 607.01214 1.387 -4.209 7.724 0601Pc0695
6391.277 607.01214 1.551 -2.344 7.724 0601Pa0755
6391.297 607.01314 0.392 -3.441 7.724 0501Rd0255
6391.384 14.0 5.858 -2.38 "" ""
6391.441 607.01314 0.314 -2.398 7.724 0400Qb0365
6391.483 106.00112 1.324 -5.307 3.464 AX14P065
6391.529 106.00112 1.369 -5.115 3.464 AX14P085
6391.532 607.01314 0.442 -2.587 7.724 0400Rb0435
6391.547 607.01314 0.314 -3.949 7.724 0400Pd0375
6391.562 106.00112 1.345 -5.278 3.464 AX14P065
6391.574 106.00112 1.345 -5.201 3.464 AX14P075
6391.58 607.01314 2.155 -2.984 7.724 1509Rc0125
6391.606 20.0 5.581 -3.72 "" ""
6391.611 607.01314 2.155 -2.175 7.724 1509Qa0135
6391.613 607.01214 2.233 -2.783 7.724 1509Qc0175
6391.627 24.0 4.614 -1.47 "" ""
6391.655 607.01214 2.233 -2.355 7.724 1509Pa0185
6391.659 607.01314 0.442 -3.725 7.724 0400Qd0445
6391.732 106.00112 1.345 -6.538 3.464 AX14Q065
6391.783 106.00112 1.279 -7.853 3.464 BX04R025
6391.803 26.0 4.309 -3.96 "" ""
6391.849 106.00113 2.553 -7.407 3.464 AX26Q245
6391.864 24.0 4.851 -3.3 "" ""
6391.874 106.00113 1.267 -8.286 3.464 BX04R015
6391.961 607.01214 0.44 -2.342 7.724 0400Qb0425
6391.984 607.01314 2.296 -3.204 7.724 1509Rd0295
6391.99 14.0 5.615 -3.15 "" ""
6391.999 607.01314 0.254 -2.951 7.724 0501Qb0045
6392.015 607.01314 0.254 -3.43 7.724 0501Pd0055
6392.09 607.01214 0.44 -4.041 7.724 0400Pd0435
6392.116 607.01214 0.35 -3.319 7.724 0501Rc0195
6392.156 20.0 5.581 -3.46 "" ""
6392.173 73.0 1.357 -2.12 "" ""
6392.177 22.0 4.099 -2.8 "" ""
6392.177 607.01214 0.35 -2.199 7.724 0501Qa0205
6392.179 607.01214 0.595 -3.585 7.724 0501Rd0385
6392.191 607.01214 0.454 -2.309 7.724 0501Rb0285
6392.247 607.01214 1.519 -1.518 7.724 0904Qb0475
6392.258 106.00112 1.345 -5.201 3.464 AX14P075
6392.268 607.01314 0.288 -2.697 7.724 0501Rb0125
6392.277 607.01214 0.454 -3.158 7.724 0501Qd0295
6392.285 607.01314 1.381 -1.949 7.724 1005Ra0285
6392.306 607.01314 0.288 -3.021 7.724 0501Qd0135
6392.322 22.0 2.091 -5.68 "" ""
6392.354 607.01314 1.326 -1.795 7.724 1005Qb0225
6392.377 106.00112 2.165 -8.84 3.464 AX15R215
6392.381 607.01214 1.519 -3.269 7.724 0904Pd0485
6392.417 607.01314 1.326 -2.965 7.724 1005Pd0235
6392.43 25.0 5.849 -3.38 "" ""
6392.471 106.00112 2.165 -7.527 3.464 AX14P245
6392.491 607.01314 0.25 -3.653 7.724 0501Pb0025
6392.534 20.0 4.427 -2.16 "" ""
6392.538 26.0 2.277 -4.03 "" ""
6392.593 607.01214 0.284 -3.478 7.724 0501Pc0105
6392.647 23.0 2.682 -2.22 "" ""
6392.664 607.01314 2.221 -2.216 7.724 1509Rb0215
6392.666 607.01214 2.288 -1.887 7.724 1509Qb0235
6392.675 23.0 3.645 -4.15 "" ""
6392.695 106.00113 2.159 -8.84 3.464 AX15R215
6392.715 607.01314 2.221 -2.784 7.724 1509Qd0225
6392.722 607.01214 2.288 -3.076 7.724 1509Pd0245
6392.762 92.0 0.0 -2.09 "" ""
6392.786 607.01214 1.826 -4.686 7.724 0500Rc0885
6392.793 607.01314 2.136 -2.809 7.724 1509Qc0085
6392.814 607.01314 2.136 -2.769 7.724 1509Pa0095
6393.023 23.0 1.375 -4.38 "" ""
6393.033 58.1 1.455 -1.24 "" ""
6393.049 607.01214 1.826 -2.503 7.724 0500Qa0895
6393.087 607.01214 0.37 -2.174 7.724 0501Qb0215
6393.153 607.01214 0.37 -3.362 7.724 0501Pd0225
6393.174 607.01214 1.656 -1.743 7.724 0904Rb0535
6393.189 106.00112 1.279 -10.019 3.464 BX04Q035
6393.194 106.00112 1.034 -5.77 3.464 AX03R055
6393.195 26.0 5.06 -3.49 "" ""
6393.207 607.01214 2.211 -3.147 7.724 1509Pc0145
6393.223 607.01314 1.247 -3.058 7.724 1005Pc0125
6393.243 106.00112 1.279 -7.544 3.464 BX04R035
6393.28 23.0 2.113 -1.16 "" ""
6393.284 23.0 2.741 -3.42 "" ""
6393.307 26.0 5.474 -3.22 "" ""
6393.324 607.01214 1.656 -3.026 7.724 0904Qd0545
6393.398 607.01314 2.204 -2.223 7.724 1509Ra0205
6393.475 607.01214 0.592 -2.542 7.724 0400Rb0495
6393.527 607.01314 2.867 -2.462 7.724 1912Pb0215
6393.537 607.01314 0.157 -3.956 7.724 0400Pc0255
6393.572 106.00113 2.554 -5.508 3.464 AX26R235
6393.6 26.0 2.431 -1.62 "" ""
6393.607 23.0 3.27 -2.8 "" ""
6393.624 607.01214 0.592 -3.808 7.724 0400Qd0505
6393.63 607.01314 0.257 -2.856 7.724 0501Qb0055
6393.649 607.01314 0.257 -3.386 7.724 0501Pd0065
6393.669 24.1 4.07 -4.69 "" ""
6393.678 607.01214 0.441 -2.301 7.724 0501Ra0285
6393.747 106.00113 2.553 -5.524 3.464 AX26R245
6393.765 24.0 5.83 -2.82 "" ""
6393.802 106.00112 1.034 -5.77 3.464 AX03R055
6393.827 106.00113 1.652 -5.397 3.464 BX04Q155
6393.828 22.1 6.547 -4.38 "" ""
6393.843 607.01214 0.324 -2.648 7.724 0501Pb0165
6393.872 106.00113 1.652 -9.143 3.464 BX04P165
6393.881 25.0 5.85 -4.04 "" ""
6393.934 106.00113 1.267 -9.885 3.464 BX04Q025
6393.943 24.0 5.83 -2.0 "" ""
6393.956 106.00112 1.034 -6.978 3.464 AX03Q065
6393.974 106.00113 1.267 -7.845 3.464 BX04R025
6393.98 106.00113 1.652 -8.745 3.464 BX04R155
6393.991 607.01214 1.529 -1.843 7.724 1005Ra0365
6393.998 607.01314 0.294 -2.659 7.724 0501Rb0135
6394.02 607.01314 0.404 -3.449 7.724 0501Rd0265
6394.025 106.00113 1.652 -5.25 3.464 BX04Q165
6394.039 607.01314 0.294 -3.021 7.724 0501Qd0145
6394.06 607.01214 2.25 -2.308 7.724 1509Pb0195
6394.075 106.00112 1.034 -5.721 3.464 AX03R065
6394.143 106.00112 0.988 -7.516 3.464 AX03R035
6394.156 26.0 5.481 -3.46 "" ""
6394.187 607.01314 2.906 -2.061 7.724 1912Qb0255
6394.189 112.00124 1.243 -5.559 1.340 03P235b24
6394.235 14.0 5.866 -2.2 "" ""
6394.237 57.0 0.433 -0.57 "" ""
6394.263 607.01314 2.906 -3.247 7.724 1912Pd0265
6394.273 106.00113 1.607 -5.539 3.464 BX04Q145
6394.277 106.00112 0.988 -7.503 3.464 AX03R035
6394.35 106.00113 1.607 -9.209 3.464 BX04P155
6394.352 106.00112 2.563 -5.522 3.464 AX26R245
6394.362 22.0 4.1 -3.38 "" ""
6394.382 14.0 5.866 -2.8 "" ""
6394.421 106.00113 1.607 -8.834 3.464 BX04R145
6394.421 607.01214 2.278 -3.053 7.724 1509Rc0225
6394.473 607.01214 0.309 -3.064 7.724 0501Qc0145
6394.474 607.01214 2.278 -1.889 7.724 1509Qa0235
6394.476 106.00112 2.563 -5.506 3.464 AX26R235
6394.483 607.01214 0.247 -4.049 7.724 0400Pc0315
6394.486 106.00112 1.035 -6.967 3.464 AX03Q065
6394.497 106.00113 1.607 -5.397 3.464 BX04Q155
6394.504 26.0 5.389 -1.64 "" ""
6394.513 26.0 3.015 -4.83 "" ""
6394.515 607.01314 2.161 -2.986 7.724 1509Rc0135
6394.516 607.01214 1.325 -3.28 7.724 0904Pc0375
6394.518 607.01214 0.309 -2.708 7.724 0501Pa0155
6394.528 23.0 3.281 -3.11 "" ""
6394.548 607.01314 2.161 -2.138 7.724 1509Qa0145
6394.559 106.00112 2.563 -7.446 3.464 AX26Q245
6394.564 106.00113 1.699 -5.25 3.464 BX04Q165
6394.567 607.01314 2.129 -3.334 7.724 1509Pc0065
6394.575 28.0 5.322 -3.4 "" ""
6394.58 106.00113 1.699 -9.068 3.464 BX04P175
6394.605 106.00112 1.035 -5.721 3.464 AX03R065
6394.605 27.0 4.912 -1.09 "" ""
6394.606 106.00113 1.589 -5.098 3.464 AX03P205
6394.628 22.0 4.1 -1.93 "" ""
6394.634 607.01214 1.672 -3.255 7.724 1005Rd0445
6394.664 106.00113 1.589 -7.532 3.464 AX03Q195
6394.671 607.01314 2.155 -2.556 7.724 1509Pb0125
6394.721 106.00113 1.699 -8.643 3.464 BX04R165
6394.738 106.00113 1.699 -5.089 3.464 BX04Q175
6394.874 106.00113 1.589 -5.131 3.464 AX03P195
6394.972 607.01214 1.417 -1.894 7.724 0904Pb0425
6395.034 22.0 1.738 -5.27 "" ""
6395.043 23.1 2.368 -7.12 "" ""
6395.096 607.01314 0.252 -3.477 7.724 0501Pb0035
6395.113 23.0 2.925 -2.74 "" ""
6395.113 607.01314 2.18 -2.07 7.724 1509Qb0165
6395.139 607.01214 2.071 -2.726 7.724 0500Rb0945
6395.147 106.00112 2.465 -5.912 3.464 AX15R265
6395.153 27.0 3.809 -0.93 "" ""
6395.153 607.01314 2.18 -3.018 7.724 1509Pd0175
6395.162 26.0 3.069 -6.08 "" ""
6395.163 16.0 8.039 -2.04 "" ""
6395.191 607.01314 2.896 -3.265 7.724 1912Rc0245
6395.198 23.0 3.275 -2.13 "" ""
6395.222 607.01314 1.316 -2.934 7.724 1005Rc0215
6395.264 607.01314 2.896 -2.059 7.724 1912Qa0255
6395.282 607.01314 1.316 -1.796 7.724 1005Qa0225
6395.287 607.01214 0.792 -4.201 7.724 0400Rd0585
6395.367 607.01214 1.44 -3.026 7.724 1005Rc0295
6395.378 607.01214 2.955 -2.376 7.724 1912Pa0255
6395.42 607.01214 2.071 -4.46 7.724 0500Qd0955
6395.426 92.0 0.0 -1.59 "" ""
6395.429 607.01314 0.26 -2.775 7.724 0501Qb0065
6395.449 607.01214 1.44 -1.653 7.724 1005Qa0305
6395.45 607.01314 0.26 -3.354 7.724 0501Pd0075
