wavelength species excitation loggf disassociation_energy comment
4735.293 42.0 4.05 -1.18 "" ""
4735.315 106.00113 2.126 -7.681 3.464 AX50R365
4735.336 41.0 1.368 -1.35 "" ""
4735.342 58.1 0.932 -1.5 "" ""
4735.542 25.0 3.769 -4.38 "" ""
4735.66 72.1 1.495 -2.3 LAWLER ""
4735.692 6.0 8.531 -4.92 "" ""
4735.757 64.0 0.812 -0.11 "" ""
4735.762 106.00112 1.056 -5.43 3.464 AX23R075
4735.768 106.00112 2.113 -8.976 3.464 AX12R305
4735.815 26.0 2.725 -4.61 "" ""
4735.836 28.0 4.161 -4.12 "" ""
4735.84 106.00112 2.113 -3.394 3.464 AX12Q315
4735.843 26.0 4.073 -1.22 "" ""
4735.863 23.1 2.034 -4.53 "" ""
4735.956 106.00112 2.113 -3.188 3.464 AX12Q305
4736.002 106.00113 2.125 -9.064 3.464 AX50P375
4736.029 106.00112 2.113 -5.55 3.464 AX12P315
4736.04 26.0 4.412 -2.85 "" ""
4736.088 22.0 0.812 -5.54 "" ""
4736.092 24.0 2.985 -4.67 "" ""
4736.132 15.0 7.376 -3.0 "" ""
4736.149 24.0 3.373 -2.42 "" ""
4736.154 106.00112 1.056 -5.405 3.464 AX23R075
4736.172 22.0 3.405 -3.58 "" ""
4736.2 27.0 4.107 -1.44 "" ""
4736.2 60.1 0.182 -1.66 LAWLER ""
4736.353 106.00112 1.976 -4.207 3.464 AX34R225
4736.406 106.00112 1.976 -4.871 3.464 AX34R215
4736.433 23.0 3.564 -4.52 "" ""
4736.448 106.00112 1.917 -4.869 3.464 AX34R215
4736.48 41.0 2.165 -0.46 "" ""
4736.485 20.0 5.923 -3.67 "" ""
4736.486 106.00112 1.917 -8.444 3.464 AX34R205
4736.492 106.00112 1.976 -6.601 3.464 AX34Q225
4736.506 28.0 3.477 -2.25 LAWLER ""
4736.512 106.00113 1.911 -7.037 3.464 AX45R165
4736.577 106.00112 1.917 -6.232 3.464 AX34Q215
4736.629 42.0 2.274 -2.16 "" ""
4736.632 24.0 2.998 -3.7 "" ""
4736.691 59.0 0.0 0.15 "" ""
4736.718 106.00113 2.106 -8.976 3.464 AX12R305
4736.738 106.00113 2.106 -3.394 3.464 AX12Q315
4736.773 26.0 3.209 -0.67 DEN14 ""
4736.804 20.0 6.013 -2.53 "" ""
4736.895 106.00113 2.106 -3.187 3.464 AX12Q305
4736.915 106.00113 2.106 -5.55 3.464 AX12P315
4736.92 21.0 4.187 -3.74 "" ""
4736.956 68.1 2.048 -0.5 "" ""
4736.963 112.00124 0.546 -0.862 1.340 32R217b24
4736.999 24.1 4.153 -2.78 "" ""
4737.051 112.00124 0.546 -3.024 1.340 32Q117b24
4737.064 27.0 3.71 -1.92 "" ""
4737.152 24.0 4.183 -2.06 "" ""
4737.237 112.00124 0.408 -0.965 1.340 21R218b24
4737.271 58.1 1.089 -0.11 LAWLER ""
4737.334 112.00124 0.408 -3.218 1.340 21Q118b24
4737.347 24.0 3.085 -0.1 "" ""
4737.351 22.0 3.389 -3.9 "" ""
4737.376 26.0 4.635 -1.79 "" ""
4737.396 24.0 5.09 -1.66 "" ""
4737.404 106.00113 0.731 -3.178 3.464 AX01R145
4737.447 106.00113 2.161 -4.815 3.464 AX44P245
4737.462 26.0 4.792 -3.74 "" ""
4737.48 106.00113 0.731 -3.169 3.464 AX01R155
4737.481 23.0 2.357 -5.13 "" ""
4737.481 27.0 1.048 -4.61 "" ""
4737.538 106.00112 2.037 -3.8 3.464 AX34R235
4737.562 112.00124 0.408 -0.946 1.340 21R118b24
4737.564 106.00113 0.731 -5.097 3.464 AX01Q155
4737.579 112.00124 0.546 -0.842 1.340 32R117b24
4737.593 26.0 2.988 -3.56 "" ""
4737.6 23.1 1.671 -3.42 "" ""
4737.604 106.00112 2.037 -4.208 3.464 AX34R225
4737.629 106.00112 1.861 -8.442 3.464 AX34R205
4737.635 26.0 3.265 -2.54 "" ""
4737.643 21.0045 1.433 -1.13 LAWHFS ""
4737.643 21.0045 1.433 -1.31 LAWHFS ""
4737.643 21.0045 1.433 -1.56 LAWHFS ""
4737.643 21.0045 1.433 -1.99 LAWHFS ""
4737.645 21.0045 1.433 -1.13 LAWHFS ""
4737.646 21.0045 1.433 -0.97 LAWHFS ""
4737.647 21.0045 1.433 -0.96 LAWHFS ""
4737.649 21.0045 1.433 -1.12 LAWHFS ""
4737.649 21.0045 1.433 -1.44 LAWHFS ""
4737.651 21.0045 1.433 -1.0 LAWHFS ""
4737.652 106.00112 1.86 -4.946 3.464 AX34R195
4737.653 21.0045 1.433 -0.71 LAWHFS ""
4737.655 21.0045 1.433 -0.5 LAWHFS ""
4737.686 106.00112 2.037 -7.32 3.464 AX34Q235
4737.72 27.0059 1.954 -3.297 Lawle15HFS ""
4737.733 23.0 1.941 -1.81 LAWNOHFS ""
4737.735 106.00113 2.161 -6.087 3.464 AX45R215
4737.737 27.0059 1.954 -2.886 Lawle15HFS ""
4737.75 106.00112 1.861 -5.986 3.464 AX34Q205
4737.753 27.0059 1.954 -3.183 Lawle15HFS ""
4737.767 27.0059 1.954 -3.502 Lawle15HFS ""
4737.78 27.0059 1.954 -3.308 Lawle15HFS ""
4737.784 27.0059 1.954 -3.297 Lawle15HFS ""
4737.791 27.0059 1.954 -9.28 Lawle15HFS ""
4737.805 27.0059 1.954 -3.183 Lawle15HFS ""
4737.809 27.0059 1.954 -3.484 Lawle15HFS ""
4737.819 27.0059 1.954 -3.308 Lawle15HFS ""
4737.874 20.0 5.923 -2.4 "" ""
4737.925 42.0 3.196 -1.98 "" ""
4737.93 106.00113 1.593 -5.881 3.464 AX01R275
4737.944 25.1 6.124 -2.94 "" ""
4737.969 106.00113 1.593 -2.788 3.464 AX01Q285
4738.028 106.00112 2.009 -6.586 3.464 AX45R185
4738.049 112.00124 0.264 -1.2 1.340 10R219b24
4738.049 76.0 3.106 -0.88 "" ""
4738.112 106.00113 1.593 -2.763 3.464 AX01Q275
4738.112 23.0 2.357 -3.86 "" ""
4738.119 64.0 1.448 -0.08 "" ""
4738.13 27.0 3.949 -2.52 "" ""
4738.131 22.0 3.437 -2.88 "" ""
4738.137 25.0 3.37 -7.46 "" ""
4738.151 106.00113 1.593 -5.315 3.464 AX01P285
4738.155 112.00124 0.264 -3.54 1.340 10Q119b24
4738.161 26.1 3.9 -8.26 "" ""
4738.178 112.00124 0.078 -3.237 1.340 10R110b24
4738.193 106.00112 1.961 -6.801 3.464 AX45R175
4738.206 106.00112 1.601 -5.881 3.464 AX01R275
4738.214 6.0 7.94 -2.87 "" ""
4738.222 23.1 2.034 -4.36 "" ""
4738.282 106.00112 1.601 -2.787 3.464 AX01Q285
4738.29 25.1 5.376 -2.24 "" ""
4738.308 106.00112 0.734 -3.178 3.464 AX01R145
4738.31 23.0 1.941 -0.84 "" ""
4738.328 23.0 1.948 -1.54 "" ""
4738.358 106.00113 2.126 -5.765 3.464 AX50Q365
4738.381 106.00113 1.867 -7.502 3.464 AX45R155
4738.385 106.00112 0.734 -3.169 3.464 AX01R155
4738.391 106.00112 2.009 -4.702 3.464 AX55P175
4738.412 106.00112 1.601 -2.763 3.464 AX01Q275
4738.417 112.00124 0.239 -2.904 1.340 21R109b24
4738.429 23.0 2.581 -2.02 "" ""
4738.448 112.00124 0.264 -1.182 1.340 10R119b24
4738.461 6.0 7.94 -2.36 "" ""
4738.473 106.00112 0.734 -5.097 3.464 AX01Q155
4738.488 106.00112 1.601 -5.315 3.464 AX01P285
4738.527 26.1 5.565 -4.19 "" ""
4738.541 27.0 3.729 -2.77 "" ""
4738.561 27.0 4.256 -3.8 "" ""
4738.577 72.0 1.737 -1.37 "" ""
4738.764 23.0 2.267 -3.84 "" ""
4738.77 27.0 3.729 -3.34 "" ""
4738.832 14.0 4.93 -2.0 NIST/D ""
4738.853 106.00112 2.031 -7.112 3.464 AX12R295
4738.905 25.0 3.769 -4.77 "" ""
4738.926 106.00112 2.031 -3.188 3.464 AX12Q305
4738.953 26.0 4.442 -2.7 "" ""
4738.966 24.0 5.151 -2.97 "" ""
4739.017 23.1 6.779 -4.09 "" ""
4739.038 106.00112 2.031 -3.045 3.464 AX12Q295
4739.038 106.00113 1.364 -5.71 3.464 AX34R085
4739.068 25.0055 2.939 -1.632 LAWHFS ""
4739.069 25.0055 2.939 -1.155 LAWHFS ""
4739.08 106.00112 2.2 -3.722 3.464 AX12Q325
4739.087 25.0055 2.939 -1.53 LAWHFS ""
4739.088 25.0055 2.939 -1.704 LAWHFS ""
4739.089 25.0055 2.939 -1.632 LAWHFS ""
4739.101 25.0055 2.939 -1.662 LAWHFS ""
4739.102 25.0055 2.939 -3.24 LAWHFS ""
4739.103 25.0055 2.939 -1.53 LAWHFS ""
4739.111 106.00112 2.031 -5.454 3.464 AX12P305
4739.111 25.0055 2.939 -2.03 LAWHFS ""
4739.112 25.0055 2.939 -1.662 LAWHFS ""
4739.114 23.0 0.3 -3.78 "" ""
4739.146 27.0 4.392 -2.77 "" ""
4739.147 58.1 0.892 -1.08 LAWLER ""
4739.163 27.0 4.146 -3.58 "" ""
4739.182 106.00112 2.2 -7.297 3.464 AX12R315
4739.221 106.00112 1.919 -4.87 3.464 AX34R215
4739.228 106.00113 0.732 -3.169 3.464 AX01R155
4739.251 106.00113 0.732 -3.178 3.464 AX01R145
4739.268 106.00112 2.2 -5.636 3.464 AX12P325
4739.313 106.00113 0.732 -5.073 3.464 AX01Q155
4739.338 106.00112 1.978 -4.207 3.464 AX34R225
4739.35 106.00112 1.919 -6.198 3.464 AX34Q215
4739.357 25.0 4.317 -2.97 "" ""
4739.37 106.00112 2.2 -3.394 3.464 AX12Q315
4739.375 106.00113 1.911 -8.443 3.464 AX34R205
4739.383 106.00112 1.919 -8.444 3.464 AX34R205
4739.409 106.00113 1.911 -4.869 3.464 AX34R215
4739.43 22.0 3.348 -2.77 "" ""
4739.453 106.00113 1.911 -6.232 3.464 AX34Q215
4739.462 106.00113 2.024 -7.112 3.464 AX12R295
4739.471 27.0 3.71 -2.65 "" ""
4739.477 106.00112 1.978 -6.565 3.464 AX34Q225
4739.48 40.0 0.65 0.23 "" ""
4739.487 106.00113 2.024 -3.188 3.464 AX12Q305
4739.51 106.00113 1.365 -5.683 3.464 AX34R085
4739.514 58.1 1.246 -0.53 "" ""
4739.519 58.1 0.529 -1.02 BIEMONT ""
4739.52 106.00112 1.978 -4.871 3.464 AX34R215
4739.525 26.1 2.64 -6.82 "" ""
4739.573 106.00113 2.192 -3.722 3.464 AX12Q325
4739.575 23.0 2.573 -1.19 LAWNOHFS ""
4739.578 106.00113 1.243 -3.153 3.464 AX23R125
4739.592 112.00124 0.525 -0.914 1.340 32R216b24
4739.608 23.0 2.357 -1.79 "" ""
4739.622 106.00113 1.855 -4.945 3.464 AX34R195
4739.633 26.0 2.482 -4.36 "" ""
4739.635 106.00113 2.024 -3.044 3.464 AX12Q295
4739.636 106.00113 2.215 -6.043 3.464 AX45R225
4739.653 106.00112 2.059 -6.412 3.464 AX45R195
4739.66 106.00113 1.855 -8.442 3.464 AX34R205
4739.661 106.00113 2.024 -5.454 3.464 AX12P305
4739.675 112.00124 0.525 -2.907 1.340 32Q116b24
4739.69 106.00113 1.243 -3.162 3.464 AX23R135
4739.706 106.00113 1.855 -5.986 3.464 AX34Q205
4739.73 106.00113 2.215 -4.36 3.464 AX55Q215
4739.734 106.00112 1.806 -4.944 3.464 AX34R195
4739.741 106.00112 1.806 -4.402 3.464 AX34R185
4739.751 106.00113 1.243 -4.899 3.464 AX23Q135
4739.753 106.00113 2.192 -5.636 3.464 AX12P325
4739.778 106.00113 2.192 -7.296 3.464 AX12R315
4739.779 106.00113 2.215 -2.124 3.464 AX55P225
4739.8 106.00113 2.215 -2.054 3.464 AX55P215
4739.829 22.0 3.397 -3.76 "" ""
4739.844 106.00113 1.868 -7.457 3.464 AX45R155
4739.845 106.00112 1.806 -5.802 3.464 AX34Q195
4739.878 106.00112 1.916 -7.084 3.464 AX45R165
4739.957 106.00113 2.192 -3.394 3.464 AX12Q315
4740.057 106.00112 1.962 -6.752 3.464 AX45R175
4740.071 20.0 5.045 -2.74 "" ""
4740.08 22.0 2.316 -6.41 "" ""
4740.083 106.00112 2.01 -6.534 3.464 AX45R185
4740.093 106.00113 2.129 -5.216 3.464 AX50Q375
4740.094 25.1 6.124 -3.17 "" ""
4740.125 112.00124 0.395 -2.698 1.340 32R108b24
4740.139 73.0 1.236 -1.28 "" ""
4740.153 106.00112 0.735 -3.169 3.464 AX01R155
4740.153 42.0 3.031 -2.01 "" ""
4740.165 28.0 3.477 -1.72 LAWLER ""
4740.181 106.00112 0.735 -3.178 3.464 AX01R145
4740.193 106.00112 1.862 -8.442 3.464 AX34R205
4740.231 106.00112 2.1 -3.5 3.464 AX34R245
4740.234 106.00112 1.368 -5.71 3.464 AX34R085
4740.241 106.00112 0.735 -5.072 3.464 AX01Q155
4740.265 13.0 3.14 -2.93 "" ""
4740.268 57.1139 0.126 -3.452 Lawle01HFS ""
4740.27 57.1139 0.126 -3.034 Lawle01HFS ""
4740.272 57.1139 0.126 -2.452 Lawle01HFS ""
4740.272 57.1139 0.126 -2.8 Lawle01HFS ""
4740.273 57.1139 0.126 -2.27 Lawle01HFS ""
4740.273 57.1139 0.126 -2.654 Lawle01HFS ""
4740.274 57.1139 0.126 -2.236 Lawle01HFS ""
4740.275 57.1139 0.126 -2.295 Lawle01HFS ""
4740.275 57.1139 0.126 -2.557 Lawle01HFS ""
4740.276 25.0 3.769 -5.14 "" ""
4740.276 57.1139 0.126 -2.478 Lawle01HFS ""
4740.277 57.1139 0.126 -1.712 Lawle01HFS ""
4740.277 57.1139 0.126 -2.779 Lawle01HFS ""
4740.278 57.1139 0.126 -1.883 Lawle01HFS ""
4740.278 57.1139 0.126 -2.09 Lawle01HFS ""
4740.278 57.1139 0.126 -2.361 Lawle01HFS ""
4740.31 106.00112 2.1 -3.802 3.464 AX34R235
4740.31 26.0 4.831 -4.36 "" ""
4740.313 106.00112 1.862 -5.953 3.464 AX34Q205
4740.335 106.00112 1.862 -4.946 3.464 AX34R195
4740.34 26.0 3.015 -2.68 "" ""
4740.359 106.00113 1.97 -4.87 3.464 AX34R215
4740.359 112.00124 0.525 -0.872 1.340 32R116b24
4740.359 27.0 4.229 -2.65 "" ""
4740.362 42.0 3.387 -1.49 "" ""
4740.388 106.00112 2.1 -8.165 3.464 AX34Q245
4740.39 106.00113 1.97 -4.206 3.464 AX34R225
4740.412 13.0 3.14 -3.23 "" ""
4740.43 106.00113 1.97 -6.6 3.464 AX34Q225
4740.468 112.00124 0.384 -0.981 1.340 21R217b24
4740.501 22.1 1.242 -7.17 "" ""
4740.506 112.00124 0.504 -1.354 1.340 32R215b24
4740.516 63.0 1.667 -0.69 "" ""
4740.529 90.1 0.764 -1.49 "" ""
4740.544 106.00112 2.01 -4.752 3.464 AX55P175
4740.561 112.00124 0.384 -3.188 1.340 21Q117b24
4740.585 112.00124 0.504 -3.05 1.340 32Q115b24
4740.608 41.0 0.656 -1.68 "" ""
4740.618 106.00113 0.948 -3.069 3.464 AX12R125
4740.721 106.00112 1.369 -5.683 3.464 AX34R085
4740.732 15.0 7.376 -3.0 "" ""
4740.737 106.00112 2.039 -3.801 3.464 AX34R235
4740.749 106.00113 0.948 -3.062 3.464 AX12R135
4740.804 106.00113 0.948 -4.861 3.464 AX12Q135
4740.826 112.00124 0.384 -0.961 1.340 21R117b24
4740.884 106.00112 1.247 -3.153 3.464 AX23R125
4740.885 106.00112 2.039 -7.283 3.464 AX34Q235
4740.921 19.0 1.609 -3.27 "" ""
4740.925 27.1 3.403 -3.66 "" ""
4740.933 106.00113 1.8 -4.402 3.464 AX34R185
4740.937 106.00112 2.039 -4.208 3.464 AX34R225
4740.943 24.0 5.151 -3.62 "" ""
4740.97 106.00113 1.244 -3.153 3.464 AX23R125
4740.975 27.0 4.237 -4.07 "" ""
4740.978 106.00113 1.8 -4.944 3.464 AX34R195
4741.002 24.0 4.609 -3.1 "" ""
4741.007 21.0045 1.439 -1.55 LAWHFS ""
4741.008 21.0045 1.439 -1.52 LAWHFS ""
4741.009 21.0045 1.439 -1.26 LAWHFS ""
4741.01 21.0045 1.439 -1.57 LAWHFS ""
4741.012 21.0045 1.439 -1.07 LAWHFS ""
4741.013 21.0045 1.439 -1.52 LAWHFS ""
4741.014 106.00112 1.248 -3.162 3.464 AX23R135
4741.014 106.00113 1.244 -3.162 3.464 AX23R135
4741.014 21.0045 1.439 -1.69 LAWHFS ""
4741.016 21.0045 1.439 -0.98 LAWHFS ""
4741.018 21.0045 1.439 -1.13 LAWHFS ""
4741.019 21.0045 1.439 -1.91 LAWHFS ""
4741.021 21.0045 1.439 -0.96 LAWHFS ""
4741.024 21.0045 1.439 -0.87 LAWHFS ""
4741.025 106.00113 1.8 -5.802 3.464 AX34Q195
4741.025 21.0045 1.439 -2.33 LAWHFS ""
4741.028 21.0045 1.439 -1.01 LAWHFS ""
4741.031 21.0045 1.439 -0.68 LAWHFS ""
4741.034 106.00113 0.75 -5.431 3.464 AX12R075
4741.036 21.0045 1.439 -1.21 LAWHFS ""
4741.039 21.0045 1.439 -0.51 LAWHFS ""
4741.049 21.0045 1.439 -0.37 LAWHFS ""
4741.064 106.00112 1.248 -4.899 3.464 AX23Q135
4741.067 106.00113 1.244 -4.877 3.464 AX23Q135
4741.07 26.0 3.332 -2.4 RUF14 ""
4741.149 24.0 4.201 -0.43 "" ""
4741.176 106.00112 2.116 -3.394 3.464 AX12Q315
4741.247 27.1 3.083 -4.11 "" ""
4741.276 106.00112 2.116 -9.011 3.464 AX12R305
4741.294 27.0 4.11 -1.25 "" ""
4741.304 90.0 0.788 -1.76 "" ""
4741.308 106.00113 2.053 -4.756 3.464 AX55P185
4741.333 28.0 3.676 -6.02 "" ""
4741.361 106.00112 2.116 -5.517 3.464 AX12P315
4741.401 39.0 2.002 -0.1 "" ""
4741.413 106.00113 2.109 -3.394 3.464 AX12Q315
4741.439 106.00113 0.75 -5.407 3.464 AX12R075
4741.461 106.00112 2.116 -3.188 3.464 AX12Q305
4741.503 74.0 2.965 -0.73 "" ""
4741.529 26.0 2.829 -2.0 "" ""
4741.556 106.00112 1.916 -7.036 3.464 AX45R165
4741.59 106.00113 2.109 -5.517 3.464 AX12P315
4741.605 106.00113 2.109 -9.011 3.464 AX12R305
4741.618 27.1 5.462 -3.57 "" ""
4741.641 106.00112 0.952 -3.069 3.464 AX12R125
4741.646 112.00124 0.238 -1.137 1.340 10R218b24
4741.653 58.1 1.026 -1.1 "" ""
4741.684 22.0 3.334 -3.59 "" ""
4741.685 20.0 4.529 -2.92 "" ""
4741.692 23.0 2.294 -3.48 "" ""
4741.73 62.1 0.434 -1.59 LAWLER ""
4741.735 112.00124 0.504 -1.298 1.340 32R115b24
4741.747 112.00124 0.238 -3.384 1.340 10Q118b24
4741.774 106.00112 0.952 -3.061 3.464 AX12R135
4741.783 106.00113 2.109 -3.188 3.464 AX12Q305
4741.83 106.00112 0.952 -4.861 3.464 AX12Q135
4741.904 106.00112 2.06 -6.358 3.464 AX45R195
4741.918 38.0 1.774 -0.32 "" ""
4741.919 22.0 0.048 -4.64 "" ""
4741.919 24.0 3.432 -4.67 "" ""
4741.924 23.1 2.368 -5.67 "" ""
4741.998 22.0 2.229 -2.35 "" ""
4742.005 106.00113 0.949 -3.069 3.464 AX12R125
4742.045 106.00113 0.949 -3.062 3.464 AX12R135
4742.046 112.00124 0.238 -1.118 1.340 10R118b24
4742.067 106.00113 1.913 -4.869 3.464 AX34R215
4742.075 106.00112 0.752 -5.431 3.464 AX12R075
4742.09 23.0 2.136 -4.29 "" ""
4742.091 106.00112 1.807 -4.944 3.464 AX34R195
4742.095 23.0 2.606 -5.8 "" ""
4742.1 106.00113 0.949 -4.84 3.464 AX12Q135
4742.106 22.0 2.152 -0.94 LAWLER ""
4742.118 24.0 4.416 -3.97 "" ""
4742.121 106.00113 1.856 -8.442 3.464 AX34R205
4742.162 24.1 4.14 -3.12 "" ""
4742.2 22.0 2.479 -2.15 "" ""
4742.201 106.00112 1.807 -5.771 3.464 AX34Q195
4742.212 106.00112 1.807 -4.402 3.464 AX34R185
4742.227 58.1 0.721 -1.74 LAWLER ""
4742.228 25.1 6.128 -2.8 "" ""
4742.228 27.0 4.018 -1.51 "" ""
4742.232 106.00112 1.248 -3.153 3.464 AX23R125
4742.241 21.0 3.081 -3.23 "" ""
4742.265 90.1 1.322 -1.8 "" ""
4742.275 106.00112 1.248 -3.162 3.464 AX23R135
4742.288 23.1 1.674 -8.75 "" ""
4742.298 106.00113 1.913 -6.197 3.464 AX34Q215
4742.302 22.0 1.459 -2.72 LAWLER ""
4742.325 106.00112 1.248 -4.877 3.464 AX23Q135
4742.33 106.00113 1.856 -5.953 3.464 AX34Q205
4742.341 106.00113 1.913 -8.443 3.464 AX34R205
4742.361 106.00113 1.856 -4.945 3.464 AX34R195
4742.416 106.00113 2.217 -5.982 3.464 AX45R225
4742.485 106.00112 0.752 -5.407 3.464 AX12R075
4742.541 27.0 2.784 -2.62 LAWNHFS ""
4742.552 26.0 4.368 -2.72 "" ""
4742.561 6.0 7.94 -2.72 "" ""
4742.59 106.00112 1.951 -6.594 3.464 AX12R285
4742.611 106.00112 1.754 -4.102 3.464 AX34R175
4742.622 106.00112 1.754 -4.4 3.464 AX34R185
4742.624 20.0 6.017 -2.6 "" ""
4742.624 23.0 2.33 -7.41 "" ""
4742.627 106.00113 2.217 -2.125 3.464 AX55P225
4742.63 21.0 5.007 -3.75 "" ""
4742.638 106.00113 2.13 -7.722 3.464 AX50R365
4742.643 24.0 5.128 -3.54 "" ""
4742.664 106.00112 1.951 -3.045 3.464 AX12Q295
4742.678 22.0 0.825 -4.97 "" ""
4742.703 106.00113 2.217 -4.396 3.464 AX55Q215
4742.723 106.00112 1.754 -5.654 3.464 AX34Q185
4742.75 21.0 3.081 -4.18 "" ""
4742.752 23.0 2.682 -7.39 "" ""
4742.76 106.00113 2.031 -4.207 3.464 AX34R225
4742.768 106.00113 2.217 -2.055 3.464 AX55P215
4742.77 106.00112 1.951 -2.94 3.464 AX12Q285
4742.789 22.0 2.235 0.21 LAWLER ""
4742.791 106.00113 2.031 -3.799 3.464 AX34R235
4742.826 106.00113 2.031 -7.32 3.464 AX34Q235
4742.832 106.00113 1.827 -8.335 3.464 AX45R145
4742.844 106.00112 1.951 -5.375 3.464 AX12P295
4742.864 106.00112 1.872 -7.501 3.464 AX45R155
4742.87 106.00113 1.596 -2.788 3.464 AX01Q285
4742.895 106.00113 1.944 -6.594 3.464 AX12R285
4742.927 106.00113 1.944 -3.045 3.464 AX12Q295
4742.932 26.0 4.188 -2.37 "" ""
4742.934 40.0 1.529 -1.06 "" ""
4742.936 106.00113 1.596 -5.912 3.464 AX01R275
4742.954 25.1 5.376 -2.98 "" ""
4743.009 28.0 4.161 -2.93 "" ""
4743.02 66.1 0.59 -2.32 LAWLER ""
4743.024 44.0 2.79 -0.57 "" ""
4743.044 106.00112 0.952 -3.069 3.464 AX12R125
4743.052 106.00113 1.596 -5.286 3.464 AX01P285
4743.066 106.00113 1.944 -2.94 3.464 AX12Q285
4743.071 57.1 1.781 -0.17 "" ""
4743.087 106.00112 0.952 -3.062 3.464 AX12R135
4743.097 106.00113 1.944 -5.375 3.464 AX12P295
4743.118 106.00113 1.596 -2.763 3.464 AX01Q275
4743.13 24.0 4.2 -0.87 "" ""
4743.141 23.0 1.944 -3.89 "" ""
4743.143 106.00113 2.129 -9.027 3.464 AX50P375
4743.144 106.00112 0.952 -4.84 3.464 AX12Q135
4743.146 106.00112 1.604 -2.788 3.464 AX01Q285
4743.161 106.00113 1.748 -4.102 3.464 AX34R175
4743.215 106.00113 1.748 -4.4 3.464 AX34R185
4743.237 106.00112 1.604 -5.912 3.464 AX01R275
4743.243 106.00113 1.801 -4.944 3.464 AX34R195
4743.248 106.00113 1.972 -4.206 3.464 AX34R225
4743.261 106.00113 1.748 -5.654 3.464 AX34Q185
4743.275 26.1 2.674 -5.86 "" ""
4743.287 26.0 2.756 -4.75 "" ""
4743.344 26.0 3.637 -6.45 "" ""
4743.351 106.00112 1.604 -5.286 3.464 AX01P285
4743.354 24.0 3.008 -3.32 "" ""
4743.387 26.1 7.113 -4.72 "" ""
4743.391 21.0 1.983 -4.05 "" ""
4743.398 106.00112 2.111 -6.266 3.464 AX45R205
4743.398 26.0 4.73 -2.8 "" ""
4743.432 106.00113 1.801 -5.77 3.464 AX34Q195
4743.442 106.00112 1.604 -2.763 3.464 AX01Q275
4743.451 106.00113 1.801 -4.402 3.464 AX34R185
4743.456 27.0 3.927 -3.68 "" ""
4743.471 22.0 3.164 -3.01 "" ""
4743.502 106.00113 1.972 -6.564 3.464 AX34Q225
4743.508 25.0 4.426 -4.37 "" ""
4743.52 92.0 0.774 -0.95 "" ""
4743.524 23.1 4.241 -2.39 "" ""
4743.542 23.0 2.364 -1.09 "" ""
4743.555 106.00113 1.972 -4.87 3.464 AX34R215
4743.607 24.1 5.326 -4.76 "" ""
4743.625 106.00113 2.054 -4.807 3.464 AX55P185
4743.625 42.0 3.3 -1.77 "" ""
4743.643 27.0 4.143 -3.68 "" ""
4743.646 106.00112 2.102 -3.5 3.464 AX34R245
4743.652 64.0 0.841 0.12 "" ""
4743.685 90.1 0.51 -2.02 Nils02/11 ""
4743.72 23.0 1.944 -1.51 "" ""
4743.726 112.00124 0.361 -0.999 1.340 21R216b24
4743.78 20.0 6.017 -3.64 "" ""
4743.793 21.0045 1.448 -1.32 LAWHFS ""
4743.793 21.0045 1.448 -2.02 LAWHFS ""
4743.794 21.0045 1.448 -1.39 LAWHFS ""
4743.796 21.0045 1.448 -1.86 LAWHFS ""
4743.797 21.0045 1.448 -1.12 LAWHFS ""
4743.798 21.0045 1.448 -1.12 LAWHFS ""
4743.801 21.0045 1.448 -1.86 LAWHFS ""
4743.802 21.0045 1.448 -1.02 LAWHFS ""
4743.803 21.0045 1.448 -0.92 LAWHFS ""
4743.804 106.00112 2.102 -8.127 3.464 AX34Q245
4743.808 21.0045 1.448 -1.96 LAWHFS ""
4743.81 21.0045 1.448 -0.97 LAWHFS ""
4743.811 21.0045 1.448 -0.75 LAWHFS ""
4743.814 112.00124 0.361 -3.158 1.340 21Q116b24
4743.817 21.0045 1.448 -2.17 LAWHFS ""
4743.819 21.0045 1.448 -0.98 LAWHFS ""
4743.821 21.0045 1.448 -0.6 LAWHFS ""
4743.828 21.0045 1.448 -2.56 LAWHFS ""
4743.83 21.0045 1.448 -1.05 LAWHFS ""
4743.83 41.0 1.079 -1.54 "" ""
4743.832 21.0045 1.448 -0.47 LAWHFS ""
4743.843 21.0045 1.448 -1.26 LAWHFS ""
4743.845 21.0045 1.448 -0.36 LAWHFS ""
4743.846 20.0 6.017 -3.38 "" ""
4743.86 21.0045 1.448 -0.25 LAWHFS ""
4743.864 106.00112 2.102 -3.802 3.464 AX34R235
4743.891 76.0 2.189 -1.5 "" ""
4743.921 112.00124 0.227 -2.852 1.340 21R108b24
4743.947 25.0 4.723 -2.92 "" ""
4743.964 112.00124 0.064 -3.189 1.340 10R109b24
4744.05 106.00112 2.034 -3.188 3.464 AX12Q305
4744.054 106.00113 2.027 -3.188 3.464 AX12Q305
4744.105 112.00124 0.361 -0.977 1.340 21R116b24
4744.127 106.00113 1.827 -8.292 3.464 AX45R145
4744.14 23.0 2.33 -2.84 "" ""
4744.147 106.00112 2.034 -7.146 3.464 AX12R295
4744.163 59.0 0.0 -0.36 "" ""
4744.228 106.00113 2.027 -5.422 3.464 AX12P305
4744.232 106.00112 2.034 -5.422 3.464 AX12P305
4744.235 106.00113 2.027 -7.146 3.464 AX12R295
4744.296 24.0 4.096 -4.16 "" ""
4744.329 106.00112 2.034 -3.045 3.464 AX12Q295
4744.345 19.0 1.609 -2.88 "" ""
4744.352 24.0 3.008 -4.21 "" ""
4744.364 106.00112 1.873 -7.456 3.464 AX45R155
4744.365 28.0 4.415 -4.24 "" ""
4744.409 106.00113 2.027 -3.045 3.464 AX12Q295
4744.434 24.0 5.151 -4.08 "" ""
4744.636 26.0 0.989 -5.3 "" ""
4744.644 23.0 2.614 -4.57 "" ""
4744.645 41.0 1.531 -1.01 "" ""
4744.649 25.1 6.124 -5.06 "" ""
4744.701 106.00112 2.165 -3.261 3.464 AX34R255
4744.71 20.0 4.528 -2.61 "" ""
4744.73 25.0 3.376 -7.75 "" ""
4744.776 106.00112 1.755 -4.4 3.464 AX34R185
4744.793 106.00112 2.165 -3.501 3.464 AX34R245
4744.801 58.0 0.964 0.14 "" ""
4744.823 20.0 5.014 -3.4 "" ""
4744.848 28.0 4.161 -1.39 "" ""
4744.868 106.00112 2.165 -6.789 3.464 AX34Q255
4744.869 26.0 3.298 -5.14 "" ""
4744.875 106.00112 1.755 -4.102 3.464 AX34R175
4744.877 106.00112 1.755 -5.624 3.464 AX34Q185
4744.899 25.0 3.37 -5.87 "" ""
4744.906 59.1 0.204 -1.14 "" ""
4744.929 20.0 5.927 -3.51 "" ""
4744.941 26.0 3.265 -2.39 "" ""
4744.944 58.1 0.445 -1.19 LAWLER ""
4745.069 26.0 2.69 -4.86 "" ""
4745.116 45.0 0.965 -1.98 "" ""
4745.129 26.0 2.221 -4.17 "" ""
4745.137 22.0 2.493 -6.07 "" ""
4745.183 25.0 4.682 -2.34 "" ""
4745.185 24.0 3.11 -2.11 "" ""
4745.201 27.0 2.716 -6.44 "" ""
4745.218 112.00124 0.213 -1.233 1.340 10R217b24
