wavelength species excitation loggf disassociation_energy comment
3966.895 106.00112 0.778 -4.512 3.464 AX32P085
3966.903 607.01214 2.908 -3.398 7.724 1212Qc0195
3966.946 26.0 3.6 -4.64 "" ""
3966.947 106.00113 1.513 -2.718 3.464 AX21Q265
3966.97 106.00112 1.793 -7.295 3.464 CX25R135
3966.978 24.0 3.842 -2.83 "" ""
3966.979 106.00113 1.513 -5.944 3.464 AX21P275
3967.0 106.00113 0.775 -4.574 3.464 AX32P075
3967.024 607.01214 2.908 -0.49 7.724 1212Pa0205
3967.04 24.0 2.707 -4.69 "" ""
3967.042 106.00113 0.775 -5.609 3.464 AX32Q075
3967.042 58.1 0.326 -0.35 LAWLER ""
3967.045 27.0 2.135 -5.85 "" ""
3967.05 27.1 5.204 -5.49 "" ""
3967.055 60.1 0.182 -1.19 "" ""
3967.128 26.0 3.263 -4.25 "" ""
3967.142 24.0 3.008 -3.38 "" ""
3967.169 63.0 1.743 -0.12 "" ""
3967.173 58.1 0.674 -0.58 LAWLER ""
3967.186 24.0 2.707 -4.0 "" ""
3967.193 24.0 3.963 -3.54 "" ""
3967.22 65.1 0.373 -1.0 LAWNOHFS ""
3967.23 106.00113 0.776 -4.512 3.464 AX32P085
3967.248 23.1 6.334 -3.64 "" ""
3967.366 23.0 2.136 -3.71 "" ""
3967.388 28.0 0.275 -6.36 "" ""
3967.392 90.0 0.615 -0.18 "" ""
3967.396 75.0 2.745 -0.37 "" ""
3967.421 26.0 3.299 -0.41 "" ""
3967.431 58.1 0.904 -1.62 LAWLER ""
3967.463 92.0 0.077 -0.83 "" ""
3967.506 26.0 3.571 -2.46 "" ""
3967.508 66.0 0.937 0.29 "" ""
3967.533 58.1 1.205 -0.26 "" ""
3967.546 24.1 4.771 -3.4 "" ""
3967.636 106.00113 1.643 -2.195 3.464 AX32R255
3967.653 26.0 4.183 -3.52 "" ""
3967.67 62.1 0.659 -0.72 LAWLER ""
3967.672 39.1 4.13 0.2 "" ""
3967.685 607.01214 2.916 -0.49 7.724 1212Pb0205
3967.714 60.1 0.32 -0.96 "" ""
3967.759 106.00113 1.707 -5.117 3.464 AX43R225
3967.767 26.0 4.217 -2.27 "" ""
3967.812 106.00113 1.707 -5.843 3.464 AX53Q215
3967.817 607.01214 2.916 -3.419 7.724 1212Qc0205
3967.828 21.0 4.602 -2.8 "" ""
3967.859 106.00113 1.707 -4.249 3.464 AX53P225
3967.861 106.00113 1.707 -4.744 3.464 AX53P215
3967.866 106.00113 1.643 -4.805 3.464 AX32Q255
3967.912 607.01214 2.916 -0.469 7.724 1212Pa0215
3967.943 22.0 1.872 -4.27 "" ""
3967.948 106.00113 1.643 -2.272 3.464 AX32R245
3967.961 26.0 3.239 -0.87 "" ""
3967.966 23.0 2.33 -3.71 "" ""
3968.001 25.1 5.433 -2.85 "" ""
3968.001 72.0 0.0 -1.55 "" ""
3968.083 26.0 4.253 -3.51 "" ""
3968.088 23.1 1.399 -1.29 LAWNOHFS ""
3968.109 26.0 3.571 -3.83 "" ""
3968.112 106.00112 1.538 -8.346 3.464 AX53P185
3968.139 26.0 3.881 -1.53 "" ""
3968.154 23.0 2.294 -6.13 "" ""
3968.21 607.01314 2.939 -3.564 7.724 1212Qc0285
3968.242 607.01314 2.94 -0.338 7.724 1212Pa0295
3968.253 40.0 0.154 -0.67 "" ""
3968.26 64.1 0.144 -1.64 LAWLER ""
3968.369 25.0 5.392 -4.17 "" ""
3968.374 26.0 2.557 -4.0 "" ""
3968.39 66.1 0.0 0.24 LAWLER ""
3968.461 71.0 0.0 -1.27 "" ""
3968.462 26.0 4.253 -4.11 "" ""
3968.47 20.1 0.0 -0.19 Saf11-DH21 ""
3968.513 24.1 4.984 -3.62 "" ""
3968.521 21.1 7.483 -2.81 "" ""
3968.552 106.00112 0.844 -7.471 3.464 AX10Q215
3968.569 26.0 3.239 -5.55 "" ""
3968.58 27.0 0.174 -4.71 "" ""
3968.584 74.0 2.386 -0.18 "" ""
3968.591 27.0 2.079 -2.5 "" ""
3968.602 106.00112 0.314 -7.311 3.464 AX10P125
3968.616 607.01214 2.925 -0.469 7.724 1212Pb0215
3968.619 24.0 2.708 -3.56 "" ""
3968.623 106.00112 0.844 -4.681 3.464 AX10P225
3968.623 23.1 6.291 -3.94 "" ""
3968.629 23.0 2.113 -4.25 "" ""
3968.636 24.0 3.009 -3.4 "" ""
3968.641 106.00112 0.844 -4.603 3.464 AX10P215
3968.645 106.00112 1.52 -5.064 3.464 AX21R265
3968.664 42.1 3.111 -1.18 "" ""
3968.7 106.00112 1.521 -2.608 3.464 AX21Q275
3968.725 106.00112 1.52 -2.717 3.464 AX21Q265
3968.747 42.0 2.678 -0.98 "" ""
3968.765 607.01214 2.925 -3.439 7.724 1212Qc0215
3968.771 106.00112 1.807 -4.743 3.464 CX14R195
3968.778 24.0 4.443 -2.69 "" ""
3968.78 106.00112 1.521 -5.944 3.464 AX21P275
3968.782 106.00112 0.785 -6.419 3.464 AX21Q155
3968.825 106.00112 0.785 -6.869 3.464 AX21P155
3968.829 607.01214 2.925 -0.449 7.724 1212Pa0225
3968.87 60.1 0.559 -0.54 LAWLER ""
3968.876 106.00113 0.839 -7.471 3.464 AX10Q215
3968.878 106.00112 1.807 -8.449 3.464 CX14Q195
3968.887 106.00112 1.807 -4.835 3.464 CX14R185
3968.888 106.00112 0.786 -8.195 3.464 AX21P165
3968.923 20.0 4.128 -3.46 "" ""
3968.939 106.00113 0.839 -4.681 3.464 AX10P225
3968.963 106.00113 0.839 -4.603 3.464 AX10P215
3968.999 64.0 0.027 -0.45 "" ""
3969.003 90.1 0.0 -1.83 Nils02/11 ""
3969.021 92.1 1.041 -0.77 "" ""
3969.057 106.00113 0.312 -7.311 3.464 AX10P125
3969.057 24.0 2.542 -0.67 SOBECK ""
3969.077 23.0 1.891 -3.37 "" ""
3969.081 26.0 4.14 -1.7 "" ""
3969.102 106.00113 0.782 -6.419 3.464 AX21Q155
3969.116 27.0 2.54 -0.54 LAWNHFS ""
3969.126 24.0 4.204 -0.69 "" ""
3969.15 106.00113 1.077 -3.089 3.464 AX43R075
3969.153 106.00113 0.782 -6.869 3.464 AX21P155
3969.155 106.00112 1.143 -4.983 3.464 AX32R165
3969.194 28.0 3.652 -1.18 "" ""
3969.201 74.0 2.456 -0.3 "" ""
3969.204 106.00113 0.782 -8.195 3.464 AX21P165
3969.212 106.00112 1.143 -2.958 3.464 AX32Q165
3969.222 24.0 4.204 -1.72 "" ""
3969.24 58.1 0.74 -1.14 LAWLER ""
3969.25 106.00112 1.143 -2.868 3.464 AX32Q175
3969.257 26.0 1.484 -0.43 OBR91 ""
3969.258 38.0 1.797 -0.59 "" ""
3969.29 64.1 0.6 -0.86 LAWLER ""
3969.307 106.00112 1.143 -5.703 3.464 AX32P175
3969.364 21.1 7.466 -2.83 "" ""
3969.365 106.00113 1.077 -4.71 3.464 AX43Q085
3969.373 26.1 1.694 -4.71 "" ""
3969.387 106.00113 1.077 -3.002 3.464 AX43R085
3969.395 26.1 1.669 -3.73 "" ""
3969.398 106.00113 1.105 -3.01 3.464 AX43R085
3969.413 106.00113 1.053 -3.17 3.464 AX43R065
3969.416 106.00112 0.522 -8.345 3.464 AX21P095
3969.435 26.0 4.253 -2.26 "" ""
3969.437 68.1 0.636 -1.16 LAWLER ""
3969.446 25.1 5.366 -3.45 "" ""
3969.522 28.0 3.539 -3.05 "" ""
3969.541 106.00113 1.078 -3.089 3.464 AX43R075
3969.582 607.01214 2.935 -0.449 7.724 1212Pb0225
3969.587 106.00113 1.105 -4.729 3.464 AX43Q095
3969.598 106.00113 1.105 -2.926 3.464 AX43R095
3969.628 26.0 3.249 -1.25 "" ""
3969.66 60.1 0.32 -1.11 LAWLER ""
3969.661 106.00113 1.053 -4.679 3.464 AX43Q075
3969.662 76.0 1.84 -1.06 "" ""
3969.665 106.00112 0.314 -7.35 3.464 AX10P125
3969.695 106.00113 1.053 -3.079 3.464 AX43R075
3969.718 106.00113 1.053 -3.17 3.464 AX43R065
3969.723 106.00113 1.078 -4.696 3.464 AX43Q085
3969.743 24.0 2.543 0.51 SOBECK ""
3969.745 106.00113 1.078 -3.003 3.464 AX43R085
3969.75 607.01214 2.935 -3.458 7.724 1212Qc0225
3969.777 607.01214 2.935 -0.43 7.724 1212Pa0235
3969.796 44.0 1.316 -1.67 "" ""
3969.831 106.00113 0.52 -8.345 3.464 AX21P095
3969.834 106.00113 1.138 -4.982 3.464 AX32R165
3969.881 27.0 3.629 -4.06 "" ""
3969.886 106.00113 1.105 -3.01 3.464 AX43R085
3969.9 24.1 4.924 -7.2 "" ""
3969.906 23.1 6.182 -4.22 "" ""
3969.921 106.00112 1.539 -8.399 3.464 AX53P185
3969.923 106.00113 1.138 -2.868 3.464 AX32Q175
3969.925 106.00113 1.138 -2.958 3.464 AX32Q165
3969.936 106.00113 1.053 -4.667 3.464 AX43Q075
3969.947 25.0 4.657 -3.01 "" ""
3969.963 24.0 4.444 -3.75 "" ""
3969.971 106.00113 1.053 -3.08 3.464 AX43R075
3969.973 26.0 4.28 -3.07 "" ""
3969.978 106.00112 1.654 -6.054 3.464 AX53Q205
3969.999 27.0 2.868 -3.27 "" ""
3970.014 106.00113 1.138 -5.703 3.464 AX32P175
3970.014 24.0 3.844 -1.67 "" ""
3970.022 23.0 2.113 -6.06 "" ""
3970.038 106.00113 1.105 -4.714 3.464 AX43Q095
3970.038 38.0 1.797 -0.9 "" ""
3970.039 58.1 1.455 0.12 "" ""
3970.047 106.00112 1.654 -5.551 3.464 AX53P205
3970.048 106.00112 1.654 -4.736 3.464 AX53P215
3970.049 106.00113 1.105 -2.926 3.464 AX43R095
3970.055 106.00112 0.523 -8.376 3.464 AX21P095
3970.06 24.0 3.432 -1.01 "" ""
3970.072 1.0 10.191 -0.99 "" ""
3970.089 27.0 4.229 -2.75 "" ""
3970.096 106.00113 1.516 -2.608 3.464 AX21Q275
3970.106 73.0 0.0 -1.78 "" ""
3970.107 106.00113 0.313 -7.35 3.464 AX10P125
3970.139 22.0 2.66 -3.03 "" ""
3970.14 106.00113 1.516 -5.094 3.464 AX21R265
3970.143 26.0 3.6 -7.91 "" ""
3970.157 106.00113 1.031 -3.257 3.464 AX43R055
3970.158 23.1 3.756 -1.48 "" ""
3970.19 106.00113 1.135 -2.933 3.464 AX43R095
3970.191 64.0 0.864 -0.39 "" ""
3970.235 25.1 5.468 -2.54 "" ""
3970.251 106.00112 0.787 -6.446 3.464 AX21Q155
3970.251 106.00113 1.516 -5.917 3.464 AX21P275
3970.256 24.0 3.009 -2.75 "" ""
3970.26 26.1 6.698 -2.38 "" ""
3970.261 26.0 3.544 -1.81 "" ""
3970.273 27.0 3.729 -1.32 "" ""
3970.28 106.00112 0.787 -8.196 3.464 AX21P165
3970.287 20.0 4.621 -3.58 "" ""
3970.294 106.00112 0.787 -6.869 3.464 AX21P155
3970.296 106.00113 1.516 -2.718 3.464 AX21Q265
3970.343 106.00113 1.709 -5.054 3.464 AX43R225
3970.358 106.00113 1.135 -2.85 3.464 AX43R105
3970.358 106.00113 1.135 -4.739 3.464 AX43Q105
3970.365 106.00113 0.97 -4.77 3.464 AX43R015
3970.367 106.00113 0.97 -4.763 3.464 AX43R015
3970.386 106.00113 1.031 -3.257 3.464 AX43R055
3970.389 26.0 3.069 -1.08 "" ""
3970.402 24.0 4.102 -2.65 "" ""
3970.409 23.0 2.357 -4.63 "" ""
3970.438 58.1 1.194 -0.57 "" ""
3970.448 106.00113 1.031 -4.637 3.464 AX43Q065
3970.451 21.1 7.49 -1.8 "" ""
3970.463 106.00113 0.521 -8.376 3.464 AX21P095
3970.482 28.0 3.652 0.27 "" ""
3970.483 106.00112 1.08 -3.089 3.464 AX43R075
3970.491 106.00113 1.709 -4.249 3.464 AX53P225
3970.497 106.00113 1.031 -3.158 3.464 AX43R065
3970.53 62.1 0.0 -1.0 LAWLER ""
3970.533 106.00113 1.709 -5.879 3.464 AX53Q215
3970.554 106.00113 0.783 -6.446 3.464 AX21Q155
3970.559 26.0 4.188 -1.71 "" ""
3970.568 21.1 7.466 -1.3 "" ""
3970.579 106.00113 1.709 -4.744 3.464 AX53P215
3970.579 21.0 1.849 -2.58 "" ""
3970.584 106.00113 0.783 -8.196 3.464 AX21P165
3970.585 607.01214 2.945 -0.43 7.724 1212Pb0235
3970.599 106.00113 0.783 -6.868 3.464 AX21P155
3970.64 58.1 0.326 -0.97 LAWLER ""
3970.647 41.0 0.267 -1.53 "" ""
3970.648 26.0 4.217 -3.41 "" ""
3970.651 106.00113 1.032 -4.627 3.464 AX43Q065
3970.654 20.0 2.93 -4.56 "" ""
3970.654 22.0 2.091 -2.38 "" ""
3970.667 20.0 2.93 -6.98 "" ""
3970.684 106.00112 1.056 -3.17 3.464 AX43R065
3970.701 106.00113 1.032 -3.159 3.464 AX43R065
3970.702 106.00112 1.081 -4.709 3.464 AX43Q085
3970.718 106.00112 1.081 -3.002 3.464 AX43R085
3970.722 106.00112 1.144 -5.003 3.464 AX32R165
3970.733 24.0 3.011 -4.0 "" ""
3970.738 106.00112 1.144 -2.868 3.464 AX32Q175
3970.743 25.0 4.265 -3.21 "" ""
3970.753 607.01314 2.951 -3.579 7.724 1212Qc0295
3970.76 607.01214 2.945 -0.412 7.724 1212Pa0245
3970.774 607.01214 2.945 -3.476 7.724 1212Qc0235
3970.778 74.0 3.568 0.33 "" ""
3970.779 106.00112 1.144 -2.958 3.464 AX32Q165
3970.783 58.1 0.326 -1.94 LAWLER ""
3970.786 106.00113 1.136 -2.933 3.464 AX43R095
3970.787 607.01314 2.951 -0.324 7.724 1212Pa0305
3970.794 106.00112 1.144 -5.684 3.464 AX32P175
3970.81 106.00112 1.108 -3.01 3.464 AX43R085
3970.833 23.0 1.852 -3.25 "" ""
3970.878 106.00112 1.081 -3.088 3.464 AX43R075
3970.912 106.00113 1.136 -4.722 3.464 AX43Q105
3970.914 106.00113 1.136 -2.851 3.464 AX43R105
3970.915 28.0 3.541 -6.93 "" ""
3970.936 106.00112 1.056 -4.679 3.464 AX43Q075
3970.952 42.0 3.154 -0.97 "" ""
3970.965 106.00112 1.056 -3.079 3.464 AX43R075
3970.989 26.0 4.1 -1.43 "" ""
3970.994 106.00112 1.056 -3.17 3.464 AX43R065
3971.003 106.00112 1.108 -4.729 3.464 AX43Q095
3971.008 106.00112 1.108 -2.926 3.464 AX43R095
3971.04 26.0 4.151 -2.46 "" ""
3971.057 106.00112 1.081 -4.696 3.464 AX43Q085
3971.06 64.1 0.601 -1.19 LAWLER ""
3971.074 106.00112 1.081 -3.002 3.464 AX43R085
3971.095 106.00112 0.846 -4.681 3.464 AX10P225
3971.111 20.0 2.93 -0.97 "" ""
3971.119 25.0 4.657 -3.98 "" ""
3971.124 106.00113 1.589 -9.557 3.464 CX03Q205
3971.127 20.0 4.128 -8.54 "" ""
3971.128 106.00112 0.846 -7.506 3.464 AX10Q215
3971.134 21.0 2.336 -1.67 "" ""
3971.16 59.1 0.371 -1.17 LINOHFS ""
3971.16 59.1 0.422 -0.17 LINOHFS ""
3971.205 25.1 5.832 -6.57 "" ""
3971.21 66.0 1.524 0.57 "" ""
3971.211 106.00112 1.056 -4.667 3.464 AX43Q075
3971.218 106.00112 0.846 -4.604 3.464 AX10P215
3971.24 106.00112 1.056 -3.079 3.464 AX43R075
3971.244 26.0 3.637 -2.64 "" ""
3971.248 24.0 2.707 -0.75 "" ""
3971.296 26.0 4.281 -3.81 "" ""
3971.299 106.00112 1.108 -3.01 3.464 AX43R085
3971.322 26.0 2.69 -0.95 BEL17 ""
3971.351 106.00113 1.013 -3.353 3.464 AX43R045
3971.38 106.00112 1.034 -3.257 3.464 AX43R055
3971.388 106.00113 0.841 -4.681 3.464 AX10P225
3971.39 62.1 0.434 -0.34 LAWLER ""
3971.405 106.00113 1.14 -5.003 3.464 AX32R165
3971.412 106.00113 1.14 -2.868 3.464 AX32Q175
3971.427 106.00113 0.841 -7.506 3.464 AX10Q215
3971.435 106.00113 1.14 -2.958 3.464 AX32Q165
3971.441 106.00113 1.14 -5.684 3.464 AX32P175
3971.448 106.00112 1.109 -4.713 3.464 AX43Q095
3971.453 106.00112 1.109 -2.926 3.464 AX43R095
3971.468 106.00112 0.973 -4.77 3.464 AX43R015
3971.47 106.00112 0.973 -4.763 3.464 AX43R015
3971.477 21.0 1.432 -5.86 "" ""
3971.514 106.00113 0.841 -4.603 3.464 AX10P215
3971.515 106.00113 1.013 -3.352 3.464 AX43R045
3971.535 24.0 2.897 -5.93 "" ""
3971.535 24.0 3.102 -3.29 "" ""
3971.553 20.0 5.802 -2.32 "" ""
3971.561 106.00113 1.168 -2.856 3.464 AX43R105
3971.563 106.00113 0.268 -1.394 3.464 BX00P115
3971.609 106.00113 0.268 -9.138 3.464 BX00Q115
3971.615 106.00112 1.034 -3.256 3.464 AX43R055
3971.618 22.0 0.835 -4.94 "" ""
3971.62 24.0 3.008 -2.31 "" ""
3971.63 607.01214 2.955 -0.412 7.724 1212Pb0245
3971.674 106.00112 1.034 -4.637 3.464 AX43Q065
3971.681 58.1 0.495 -0.41 LAWLER ""
3971.7 106.00113 1.013 -4.582 3.464 AX43Q055
3971.702 106.00112 1.139 -2.932 3.464 AX43R095
3971.702 106.00113 1.168 -2.775 3.464 AX43R115
3971.704 106.00113 1.59 -5.869 3.464 CX03R195
3971.707 25.1 7.047 -5.57 "" ""
3971.711 106.00113 1.168 -4.74 3.464 AX43Q115
3971.713 106.00113 1.589 -5.793 3.464 CX03R205
3971.718 106.00112 1.034 -3.158 3.464 AX43R065
3971.75 64.1 0.499 -0.73 LAWLER ""
3971.767 106.00113 0.268 -1.375 3.464 BX00P125
3971.767 106.00113 1.013 -3.241 3.464 AX43R055
3971.769 22.0 0.848 -4.41 "" ""
3971.781 607.01214 2.955 -0.395 7.724 1212Pa0255
3971.82 26.0 2.756 -3.61 "" ""
3971.839 42.0 3.3 -1.82 "" ""
3971.841 607.01214 2.955 -3.494 7.724 1212Qc0245
3971.843 106.00113 1.013 -4.573 3.464 AX43Q055
3971.855 41.0 1.489 -0.22 "" ""
3971.869 106.00112 1.139 -2.85 3.464 AX43R105
3971.87 58.1 0.327 -1.09 LAWLER ""
3971.874 106.00112 1.139 -4.738 3.464 AX43Q105
3971.879 106.00112 1.035 -4.627 3.464 AX43Q065
3971.887 63.1151 0.207 -0.316 LAWLER ""
3971.89 27.0 3.684 -1.5 "" ""
3971.89 63.1151 0.207 -1.328 LAWLER ""
3971.892 63.1151 0.207 -2.654 LAWLER ""
3971.91 106.00113 1.013 -3.242 3.464 AX43R055
3971.923 106.00112 1.035 -3.158 3.464 AX43R065
3971.938 63.1151 0.207 -0.436 LAWLER ""
3971.939 106.00112 1.523 -2.608 3.464 AX21Q275
3971.94 63.1151 0.207 -1.145 LAWLER ""
3971.941 63.1151 0.207 -2.309 LAWLER ""
3971.948 23.0 2.573 -0.69 "" ""
3971.948 63.1153 0.207 -0.316 LAWLER ""
3971.95 63.1153 0.207 -1.328 LAWLER ""
3971.951 63.1153 0.207 -2.648 LAWLER ""
3971.971 63.1153 0.207 -0.436 LAWLER ""
3971.972 63.1153 0.207 -1.145 LAWLER ""
3971.972 63.1153 0.207 -2.308 LAWLER ""
3971.98 63.1151 0.207 -0.567 LAWLER ""
3971.981 63.1151 0.207 -1.111 LAWLER ""
3971.981 63.1151 0.207 -2.197 LAWLER ""
3971.99 63.1153 0.207 -0.567 LAWLER ""
3971.99 63.1153 0.207 -1.111 LAWLER ""
3971.99 63.1153 0.207 -2.197 LAWLER ""
3971.998 106.00112 1.523 -5.094 3.464 AX21R265
3972.003 63.1153 0.207 -1.17 LAWLER ""
3972.003 63.1153 0.207 -2.308 LAWLER ""
3972.004 63.1153 0.207 -0.713 LAWLER ""
3972.012 63.1151 0.207 -0.713 LAWLER ""
3972.012 63.1151 0.207 -1.17 LAWLER ""
3972.013 63.1151 0.207 -2.309 LAWLER ""
3972.013 63.1153 0.207 -0.876 LAWLER ""
3972.013 63.1153 0.207 -1.353 LAWLER ""
3972.019 106.00112 1.523 -5.916 3.464 AX21P275
3972.019 63.1153 0.207 -1.052 LAWLER ""
3972.021 26.0 3.544 -1.67 "" ""
3972.024 21.0 1.864 -3.93 "" ""
3972.024 22.0 0.825 -5.7 "" ""
3972.034 63.1151 0.207 -0.876 LAWLER ""
3972.035 63.1151 0.207 -1.353 LAWLER ""
3972.048 63.1151 0.207 -1.052 LAWLER ""
3972.054 22.0 0.812 -3.98 "" ""
3972.068 58.1 0.792 -0.29 BIEMONT ""
3972.079 106.00112 1.523 -2.718 3.464 AX21Q265
3972.081 25.0 4.723 -3.42 "" ""
3972.081 25.0 4.723 -3.92 "" ""
3972.082 106.00112 1.656 -4.736 3.464 AX53P215
3972.105 106.00112 1.656 -6.089 3.464 AX53Q205
3972.118 22.0 2.343 -3.74 "" ""
3972.124 24.0 4.446 -3.3 "" ""
3972.139 22.0 1.052 -2.73 LAWLER ""
3972.14 59.1 0.055 -0.37 LINOHFS ""
3972.157 28.0 0.422 -3.62 "" ""
3972.157 90.0 0.966 -0.13 "" ""
3972.17 64.1 1.232 -0.86 LAWLER ""
3972.173 106.00112 1.656 -5.551 3.464 AX53P205
3972.173 24.0 2.87 -2.83 "" ""
3972.208 106.00112 0.806 -4.497 3.464 AX32P085
3972.218 24.0 3.548 -2.43 "" ""
3972.238 106.00112 0.806 -5.593 3.464 AX32Q085
3972.243 106.00112 0.27 -1.394 3.464 BX00P115
3972.269 21.0 4.501 -2.64 "" ""
3972.269 21.0 4.501 -3.65 "" ""
3972.274 62.0 0.101 -1.82 "" ""
3972.275 106.00113 1.169 -2.856 3.464 AX43R105
3972.289 106.00112 0.27 -9.138 3.464 BX00Q115
3972.294 106.00112 1.139 -2.932 3.464 AX43R095
3972.294 40.0 1.948 -0.31 "" ""
3972.353 28.0 3.603 -2.82 "" ""
3972.354 24.0 3.011 -3.09 "" ""
3972.368 23.0 1.892 -3.26 "" ""
3972.372 106.00113 1.169 -2.775 3.464 AX43R115
3972.38 106.00113 1.169 -4.721 3.464 AX43Q115
3972.396 106.00112 1.654 -5.142 3.464 AX43R215
3972.413 106.00112 1.139 -2.85 3.464 AX43R105
3972.418 106.00112 1.139 -4.721 3.464 AX43Q105
3972.428 26.0 4.206 -3.49 "" ""
3972.441 106.00112 0.806 -4.434 3.464 AX32P095
3972.445 106.00112 0.27 -1.375 3.464 BX00P125
3972.496 27.0 3.512 -0.01 "" ""
3972.504 106.00113 0.804 -4.497 3.464 AX32P085
3972.518 41.0 1.531 -0.27 "" ""
3972.525 27.0 3.729 -0.17 "" ""
3972.536 106.00113 0.804 -5.593 3.464 AX32Q085
3972.539 106.00112 1.016 -3.352 3.464 AX43R045
3972.569 20.0 2.707 -1.03 "" ""
3972.639 90.0 1.021 -0.53 "" ""
3972.666 24.0 3.09 -5.35 "" ""
3972.667 25.0 5.108 -1.1 "" ""
3972.683 24.0 2.708 -1.37 "" ""
3972.694 26.0 4.217 -2.43 "" ""
3972.697 106.00112 1.721 -2.124 3.464 AX32R265
3972.706 64.0 0.0 -0.72 "" ""
3972.708 106.00112 1.016 -3.352 3.464 AX43R045
3972.718 106.00112 0.807 -4.497 3.464 AX32P085
3972.72 607.01214 2.966 -0.395 7.724 1212Pb0255
3972.738 106.00113 0.804 -4.434 3.464 AX32P095
3972.748 106.00112 0.807 -5.609 3.464 AX32Q085
3972.764 106.00112 1.721 -2.198 3.464 AX32R255
3972.779 26.0 4.188 -1.92 "" ""
3972.82 106.00112 1.721 -4.784 3.464 AX32Q265
3972.864 106.00113 1.751 -7.309 3.464 CX25R125
3972.89 106.00113 1.284 -8.991 3.464 CX03R145
3972.892 106.00112 1.016 -4.582 3.464 AX43Q055
3972.894 22.0 1.052 -1.79 "" ""
3972.906 106.00112 0.807 -4.434 3.464 AX32P095
3972.912 26.0 3.571 -2.14 "" ""
3972.954 106.00112 1.016 -3.241 3.464 AX43R055
3972.955 607.01214 2.966 -3.511 7.724 1212Qc0255
3972.964 106.00113 0.997 -3.463 3.464 AX43R035
3972.995 24.0 3.011 -4.34 "" ""
3973.012 106.00113 0.804 -4.497 3.464 AX32P085
3973.013 24.0 2.911 -6.42 "" ""
3973.036 106.00112 1.016 -4.573 3.464 AX43Q055
3973.036 68.0 0.0 0.1 "" ""
3973.037 106.00113 0.804 -5.609 3.464 AX32Q085
3973.042 58.1 0.559 -1.1 "" ""
3973.072 24.0 4.093 -1.27 "" ""
3973.073 106.00113 0.997 -3.463 3.464 AX43R035
3973.091 27.0059 1.881 -2.456 Lawle15HFS ""
3973.094 27.0059 1.881 -2.711 Lawle15HFS ""
3973.097 106.00112 1.016 -3.242 3.464 AX43R055
3973.097 27.0059 1.881 -2.257 Lawle15HFS ""
3973.1 62.1 0.248 -2.13 LAWLER ""
3973.102 27.0059 1.881 -4.361 Lawle15HFS ""
3973.106 27.0059 1.881 -2.456 Lawle15HFS ""
3973.107 27.0059 1.881 -2.193 Lawle15HFS ""
3973.114 27.0059 1.881 -3.121 Lawle15HFS ""
3973.115 24.0 3.695 -2.4 "" ""
3973.12 27.0059 1.881 -2.257 Lawle15HFS ""
3973.121 27.0059 1.881 -2.224 Lawle15HFS ""
3973.13 27.0059 1.881 -2.404 Lawle15HFS ""
3973.138 27.0059 1.881 -2.193 Lawle15HFS ""
3973.139 27.0059 1.881 -2.405 Lawle15HFS ""
3973.151 27.0059 1.881 -1.998 Lawle15HFS ""
3973.16 27.0059 1.881 -2.224 Lawle15HFS ""
3973.174 24.0 3.09 -3.99 "" ""
3973.175 27.0059 1.881 -1.706 Lawle15HFS ""
3973.187 27.0059 1.881 -2.405 Lawle15HFS ""
3973.194 106.00113 0.804 -4.434 3.464 AX32P095
3973.196 90.0 0.788 -0.43 "" ""
3973.201 106.00112 1.172 -2.856 3.464 AX43R105
3973.219 27.0 3.684 -1.12 "" ""
3973.26 60.1 0.63 0.36 LAWLER ""
3973.341 106.00112 1.172 -2.774 3.464 AX43R115
3973.342 23.0 2.357 -1.94 "" ""
3973.355 106.00112 1.172 -4.74 3.464 AX43Q115
3973.391 40.0 1.581 -0.21 "" ""
3973.399 106.00113 0.998 -4.511 3.464 AX43Q045
3973.41 22.0 1.748 -6.64 "" ""
3973.459 26.0 4.073 -3.74 "" ""
3973.483 72.0 0.292 -1.27 "" ""
3973.489 106.00113 0.998 -3.332 3.464 AX43R045
3973.491 106.00113 0.998 -4.503 3.464 AX43Q045
3973.51 40.0 0.071 -0.93 "" ""
3973.523 22.0 2.47 -2.64 "" ""
3973.529 23.0 0.286 -6.32 "" ""
3973.532 27.0 3.565 -0.67 "" ""
3973.536 106.00113 0.519 -1.097 3.464 BX00Q165
3973.539 24.0 4.413 -3.04 "" ""
3973.546 106.00113 1.204 -2.78 3.464 AX43R115
3973.55 106.00113 0.519 -4.529 3.464 BX00P175
3973.555 28.0 0.422 -2.61 LAWLER ""
3973.574 68.0 0.0 0.11 "" ""
3973.581 106.00113 0.998 -3.333 3.464 AX43R045
3973.597 106.00113 0.519 -4.547 3.464 BX00R165
3973.611 106.00113 0.519 -1.098 3.464 BX00Q175
3973.622 26.0 3.639 -3.59 "" ""
3973.624 41.0 2.085 0.07 "" ""
3973.628 23.1 1.427 -1.06 LAWNOHFS ""
3973.64 60.1 0.32 -0.13 LAWLER ""
3973.65 26.0 3.544 -0.96 "" ""
3973.663 106.00113 1.204 -2.7 3.464 AX43R125
3973.676 24.0 3.102 -6.56 "" ""
3973.681 106.00113 1.204 -4.735 3.464 AX43Q125
3973.708 20.0 1.899 -0.94 LAWLER ""
3973.729 24.0 3.11 -3.28 "" ""
3973.756 42.0 3.714 0.13 "" ""
3973.782 21.1 7.483 -1.94 "" ""
3973.791 42.0 2.756 -1.28 "" ""
3973.792 607.01314 2.964 -3.593 7.724 1212Qc0305
3973.815 22.0 2.331 -2.41 "" ""
3973.87 66.0 0.937 -0.01 "" ""
3973.883 25.1 5.369 -3.09 "" ""
3973.904 106.00112 1.173 -2.856 3.464 AX43R105
3973.918 106.00112 1.597 -5.792 3.464 CX03R205
3973.922 42.0 2.068 -1.32 "" ""
3973.931 106.00113 1.588 -9.871 3.464 AX53P195
3973.937 26.0 3.881 -4.39 "" ""
3973.969 20.0 2.707 -4.64 "" ""
3973.98 64.1 0.601 -0.57 LAWLER ""
3973.982 20.0 2.707 -6.22 "" ""
3973.991 106.00112 1.173 -2.775 3.464 AX43R115
3973.994 26.0 3.249 -3.48 "" ""
3973.998 58.0 0.172 -0.09 "" ""
3974.006 106.00112 1.173 -4.721 3.464 AX43Q115
3974.032 106.00112 1.597 -9.557 3.464 CX03Q205
3974.048 106.00112 1.597 -5.869 3.464 CX03R195
3974.077 21.1 7.477 -1.25 "" ""
3974.128 106.00112 1.0 -3.463 3.464 AX43R035
3974.131 24.1 4.984 -3.46 "" ""
3974.167 26.1 2.702 -3.51 "" ""
3974.169 22.0 2.47 -2.21 "" ""
3974.199 58.1 0.621 -1.16 LAWLER ""
3974.211 27.0 3.772 -1.41 "" ""
3974.222 23.0 2.357 -3.1 "" ""
3974.225 90.1 1.802 -0.73 "" ""
3974.242 106.00112 1.0 -3.463 3.464 AX43R035
3974.252 26.0 4.151 -3.52 "" ""
3974.279 24.0 3.963 -3.24 "" ""
3974.291 106.00113 1.485 -8.047 3.464 CX14R125
3974.344 58.1 0.899 -0.35 BIEMONT ""
3974.381 26.0 3.241 -1.88 RUF14 ""
3974.39 106.00113 1.205 -2.78 3.464 AX43R115
3974.394 106.00112 0.522 -1.097 3.464 BX00Q165
3974.416 106.00112 0.522 -4.528 3.464 BX00P175
3974.433 106.00112 1.656 -5.082 3.464 AX43R215
3974.46 106.00113 1.205 -2.7 3.464 AX43R125
3974.466 106.00112 0.522 -4.547 3.464 BX00R165
3974.476 106.00113 1.205 -4.714 3.464 AX43Q125
3974.478 106.00112 0.522 -1.097 3.464 BX00Q175
3974.488 106.00112 0.729 -6.809 3.464 AX32P055
3974.488 58.1 0.703 -1.69 LAWLER ""
3974.507 44.0 1.062 -1.64 "" ""
3974.51 25.1 5.344 -5.87 "" ""
3974.567 106.00112 1.0 -4.51 3.464 AX43Q045
3974.592 22.0 2.133 -2.81 "" ""
3974.599 28.0 3.603 -1.87 "" ""
3974.629 28.0 3.844 0.22 "" ""
3974.638 62.0 0.282 -0.01 "" ""
3974.65 26.0 3.045 -1.74 "" ""
3974.651 106.00112 1.0 -3.332 3.464 AX43R045
3974.66 106.00112 1.0 -4.503 3.464 AX43Q045
3974.717 68.1 0.055 -0.85 LAWLER ""
3974.726 27.0 0.513 -2.25 LAWNHFS ""
3974.733 106.00112 0.73 -6.827 3.464 AX32P055
3974.744 106.00112 1.0 -3.332 3.464 AX43R045
3974.76 26.0 2.221 -2.6 "" ""
3974.795 26.0 4.298 -3.17 "" ""
3974.812 64.0 0.213 -0.54 "" ""
3974.814 106.00113 0.727 -6.809 3.464 AX32P055
3974.82 26.0 4.257 -2.98 "" ""
3974.832 106.00113 0.156 -3.992 3.464 BX00P085
3974.846 27.0 3.629 -1.61 "" ""
3974.859 106.00112 0.917 -7.22 3.464 AX10Q225
3974.896 92.0 0.947 0.02 "" ""
3974.926 106.00112 0.917 -4.79 3.464 AX10P235
3974.954 106.00112 0.917 -4.68 3.464 AX10P225
3974.955 106.00113 0.985 -3.599 3.464 AX43R025
3975.016 26.1 5.952 -2.0 "" ""
3975.02 106.00113 0.985 -3.599 3.464 AX43R025
3975.022 27.1 3.083 -3.94 "" ""
3975.024 24.0 3.011 -2.87 "" ""
3975.029 22.0 2.332 -2.56 "" ""
3975.052 24.0 3.695 -2.44 "" ""
3975.057 106.00113 0.727 -6.827 3.464 AX32P055
3975.069 58.1 0.956 -0.29 BIEMONT ""
3975.105 64.1 1.446 -0.35 "" ""
3975.116 106.00113 0.911 -7.22 3.464 AX10Q225
3975.143 106.00112 1.197 -4.946 3.464 AX32R175
3975.173 106.00113 0.911 -4.79 3.464 AX10P235
3975.182 23.0 1.954 -4.05 "" ""
3975.197 21.1 7.49 -2.9 "" ""
3975.197 60.1 1.336 0.04 "" ""
3975.203 26.0 2.467 -2.76 "" ""
3975.207 106.00112 1.197 -2.869 3.464 AX32Q175
3975.208 106.00113 0.911 -4.68 3.464 AX10P225
3975.22 62.1 0.277 -1.58 LAWLER ""
3975.231 106.00112 1.197 -2.78 3.464 AX32Q185
3975.238 22.0 2.316 -9.4 "" ""
3975.241 23.0 2.129 -6.47 "" ""
3975.295 106.00112 1.197 -5.648 3.464 AX32P185
3975.306 40.0 1.582 0.04 "" ""
3975.313 45.0 1.675 -0.12 "" ""
3975.317 27.0 2.278 -1.71 LAWNHFS ""
3975.326 106.00113 1.747 -8.516 3.464 CX14Q185
3975.341 23.0 2.576 -1.17 "" ""
3975.353 106.00112 1.208 -2.779 3.464 AX43R115
3975.419 106.00112 0.84 -6.319 3.464 AX21Q165
3975.427 21.0 1.849 -4.18 "" ""
3975.441 76.0 1.583 -1.43 "" ""
3975.461 74.0 1.507 -1.24 "" ""
3975.466 25.0 5.345 -3.77 "" ""
3975.468 106.00112 0.84 -8.193 3.464 AX21P165
3975.469 106.00112 1.208 -2.7 3.464 AX43R125
3975.485 23.0 1.868 -3.64 "" ""
3975.492 106.00112 1.208 -4.734 3.464 AX43Q125
3975.502 26.0 3.684 -4.4 "" ""
3975.512 26.0 4.253 -1.62 "" ""
3975.515 106.00112 0.157 -3.992 3.464 BX00P085
3975.517 106.00112 0.84 -6.38 3.464 AX21P175
3975.526 24.0 4.437 -3.01 "" ""
3975.529 106.00113 0.985 -4.418 3.464 AX43Q035
3975.557 24.0 3.446 -3.43 "" ""
3975.581 106.00113 0.985 -4.412 3.464 AX43Q035
3975.583 21.0 1.427 -3.7 "" ""
3975.626 22.0 1.878 -3.05 "" ""
3975.629 24.0 3.842 -4.12 "" ""
3975.633 29.0 4.97 -1.94 "" ""
3975.645 106.00112 1.723 -2.124 3.464 AX32R265
3975.646 75.0 2.02 -2.27 "" ""
3975.65 106.00113 0.985 -3.434 3.464 AX43R035
3975.683 106.00113 0.836 -6.319 3.464 AX21Q165
3975.684 24.0 3.548 -3.79 "" ""
3975.7 25.0 3.761 -4.85 "" ""
3975.702 106.00113 0.985 -3.435 3.464 AX43R035
3975.712 22.0 2.101 -2.17 "" ""
3975.744 106.00113 0.836 -8.193 3.464 AX21P165
3975.748 106.00113 1.593 -5.003 3.464 AX21R275
3975.753 20.0 4.621 -3.29 "" ""
3975.763 25.0 3.761 -6.22 "" ""
3975.768 106.00112 1.723 -4.744 3.464 AX32Q265
3975.776 106.00113 1.593 -2.5 3.464 AX21Q285
3975.777 106.00113 0.836 -6.38 3.464 AX21P175
3975.789 106.00113 1.748 -4.929 3.464 CX14R175
3975.808 106.00113 1.747 -4.836 3.464 CX14R185
3975.821 26.0 4.073 -1.62 "" ""
3975.822 106.00112 1.723 -2.198 3.464 AX32R255
3975.828 106.00112 1.289 -8.99 3.464 CX03R145
3975.828 25.0 3.761 -5.63 "" ""
3975.83 24.0 4.443 -0.78 "" ""
3975.842 26.0 3.544 -1.27 "" ""
3975.845 26.0 3.879 -3.79 "" ""
3975.849 22.0 0.825 -3.56 "" ""
3975.874 106.00113 1.593 -2.609 3.464 AX21Q275
3975.887 25.0 4.317 -0.76 "" ""
3975.888 74.0 2.119 -0.89 "" ""
3975.901 106.00113 1.593 -5.814 3.464 AX21P285
3975.942 42.0 2.513 -1.51 "" ""
3976.01 106.00113 1.193 -4.945 3.464 AX32R175
3976.029 24.0 2.542 -2.22 "" ""
3976.045 22.0 2.66 -2.8 "" ""
3976.08 24.1 4.778 -4.3 "" ""
3976.092 106.00113 1.193 -2.78 3.464 AX32Q185
3976.093 26.0 4.217 -2.69 "" ""
3976.104 106.00112 0.988 -3.599 3.464 AX43R025
3976.11 60.1 0.204 -1.51 LAWLER ""
3976.115 106.00113 1.193 -2.868 3.464 AX32Q175
3976.151 21.0 2.294 -2.62 "" ""
3976.157 24.1 6.277 -1.88 "" ""
3976.17 106.00113 1.589 -9.927 3.464 AX53P195
3976.173 106.00112 0.988 -3.598 3.464 AX43R025
3976.175 106.00112 1.209 -2.779 3.464 AX43R115
3976.175 26.0 3.651 -5.96 "" ""
3976.187 106.00113 1.243 -2.705 3.464 AX43R125
3976.195 6.0 7.94 -3.39 "" ""
3976.197 106.00113 1.193 -5.648 3.464 AX32P185
3976.235 106.00112 1.209 -2.7 3.464 AX43R125
3976.256 106.00113 1.714 -7.872 3.464 AX42P255
3976.258 106.00112 1.209 -4.714 3.464 AX43Q125
3976.263 23.0 2.614 -4.31 "" ""
3976.27 62.1 0.104 -0.9 LAWLER ""
3976.282 106.00113 1.243 -2.627 3.464 AX43R135
3976.308 106.00113 1.243 -4.724 3.464 AX43Q135
3976.314 77.0 1.621 -0.57 "" ""
3976.322 24.0 4.096 -0.67 "" ""
3976.337 28.0 3.844 -1.18 "" ""
3976.369 6.0 7.94 -3.76 "" ""
3976.385 26.0 3.015 -2.18 "" ""
3976.391 22.0 2.083 -1.89 "" ""
3976.415 90.1 1.188 -0.76 "" ""
3976.43 62.1 0.333 -0.58 LAWLER ""
3976.469 106.00112 1.758 -7.308 3.464 CX25R125
3976.472 26.0 4.183 -2.6 "" ""
3976.518 26.0 3.957 -4.26 "" ""
3976.546 26.0 3.249 -1.78 "" ""
3976.56 27.0 2.079 -4.03 "" ""
3976.613 26.0 3.412 -0.67 "" ""
3976.658 24.0 2.543 0.39 SOBECK ""
3976.666 41.0 1.893 -0.05 "" ""
3976.677 22.0 2.115 -0.99 "" ""
3976.679 69.0 2.074 0.32 "" ""
3976.684 106.00112 0.988 -4.417 3.464 AX43Q035
3976.701 24.0 2.543 -0.48 SOBECK ""
3976.71 62.1 0.378 -2.27 LAWLER ""
3976.711 25.0 3.761 -6.6 "" ""
3976.731 68.0 1.332 0.76 "" ""
3976.735 106.00112 0.988 -4.412 3.464 AX43Q035
3976.772 58.1 0.875 -0.79 "" ""
3976.782 59.1 1.05 -0.33 "" ""
3976.798 106.00112 0.988 -3.434 3.464 AX43R035
3976.83 60.1 0.0 -0.4 LAWLER ""
3976.84 65.1 0.0 -0.08 LAWNOHFS ""
3976.85 106.00112 0.988 -3.434 3.464 AX43R035
3976.859 26.0 3.015 -2.73 "" ""
3976.861 27.1 5.065 -2.95 "" ""
3976.862 26.0 3.298 -2.93 "" ""
3976.867 25.0 3.761 -7.93 "" ""
3976.873 106.00112 1.199 -4.967 3.464 AX32R175
3976.877 106.00112 1.199 -2.781 3.464 AX32Q185
3976.88 21.1 7.466 -2.36 "" ""
3976.885 25.0 3.761 -4.15 "" ""
