wavelength species excitation loggf disassociation_energy comment
7072.029 20.0 5.827 -4.25 "" ""
7072.102 26.0 2.174 -6.69 "" ""
7072.217 607.01214 3.061 -3.546 7.724 1913Pb0105
7072.329 607.01314 2.241 -3.262 7.724 1409Rc0235
7072.332 607.01214 3.061 -3.913 7.724 1913Rc0105
7072.394 90.0 1.76 -1.47 "" ""
7072.397 607.01314 2.241 -2.08 7.724 1409Qa0245
7072.405 20.0 5.916 -6.84 "" ""
7072.435 607.01214 3.061 -3.168 7.724 1913Qa0115
7072.507 23.0 2.129 -2.99 "" ""
7072.509 607.01214 1.477 -1.397 7.724 0804Qb0455
7072.556 607.01214 0.289 -3.052 7.724 0401Rd0125
7072.56 106.00112 2.463 -10.785 3.464 AX05R265
7072.573 607.01314 0.169 -2.064 7.724 0300Qb0265
7072.632 607.01214 1.401 -2.962 7.724 0905Rc0265
7072.644 607.01214 0.295 -3.053 7.724 0401Rd0135
7072.667 607.01214 1.477 -3.214 7.724 0804Pd0465
7072.67 607.01314 0.169 -3.381 7.724 0300Pd0275
7072.677 607.01214 0.284 -3.052 7.724 0401Rd0115
7072.683 607.01214 3.045 -3.769 7.724 1913Qc0065
7072.724 607.01214 1.401 -1.653 7.724 0905Qa0275
7072.75 607.01214 3.045 -3.82 7.724 1913Pa0075
7072.767 106.00113 2.804 -8.358 3.464 AX15P305
7072.797 26.0 5.896 -3.43 "" ""
7072.818 26.0 4.073 -2.84 "" ""
7072.869 28.0 5.408 -2.83 "" ""
7072.908 106.00113 1.821 -5.655 3.464 AX26R035
7072.912 607.01214 1.477 -2.824 7.724 0804Rc0455
7072.954 607.01214 0.302 -3.056 7.724 0401Rd0145
7072.974 106.00112 1.491 -9.159 3.464 AX04R125
7072.98 607.01214 2.288 -3.016 7.724 1409Qc0235
7073.0 106.00113 1.652 -6.579 3.464 AX04R165
7073.018 607.01214 0.279 -3.055 7.724 0401Rd0105
7073.049 607.01214 2.288 -2.384 7.724 1409Pa0245
7073.07 607.01214 1.477 -1.405 7.724 0804Qa0465
7073.094 607.01214 3.04 -4.416 7.724 1913Pc0045
7073.157 106.00113 1.652 -6.571 3.464 AX04R155
7073.166 26.0 5.498 -3.43 "" ""
7073.212 106.00113 1.652 -8.311 3.464 AX04Q165
7073.215 106.00113 1.822 -5.655 3.464 AX26R035
7073.299 106.00113 1.91 -7.839 3.464 AX15R155
7073.333 20.0 5.979 -5.62 "" ""
7073.362 106.00113 2.671 -7.985 3.464 AX26P255
7073.39 607.01314 1.369 -1.901 7.724 0905Ra0275
7073.407 24.0 5.46 -3.62 "" ""
7073.412 26.0 5.326 -2.47 "" ""
7073.472 106.00113 1.91 -5.361 3.464 AX15Q155
7073.482 607.01214 0.309 -3.06 7.724 0401Rd0155
7073.508 15.0 8.125 -3.04 "" ""
7073.514 106.00113 1.91 -5.346 3.464 AX15Q165
7073.524 607.01314 0.282 -2.213 7.724 0300Rb0345
7073.53 607.01214 1.497 -1.827 7.724 0905Ra0345
7073.542 42.0 3.697 -1.71 "" ""
7073.568 607.01214 0.274 -3.062 7.724 0401Rd0095
7073.571 607.01214 1.356 -2.075 7.724 0905Pb0225
7073.595 92.1 0.578 -3.21 "" ""
7073.603 20.0 5.979 -5.08 "" ""
7073.609 64.0 0.213 -2.19 "" ""
7073.638 20.0 5.96 -5.2 "" ""
7073.64 607.01214 3.12 -3.214 7.724 1913Rb0195
7073.646 607.01314 0.282 -3.182 7.724 0300Qd0355
7073.688 106.00113 1.91 -7.431 3.464 AX15P165
7073.75 106.00113 1.822 -6.526 3.464 AX26Q045
7073.753 26.0 5.33 -2.92 "" ""
7073.816 22.0 4.253 -2.92 "" ""
7073.822 607.01214 3.12 -3.701 7.724 1913Qd0205
7073.843 25.0 3.073 -8.37 "" ""
7073.848 24.1 4.165 -7.51 "" ""
7073.861 607.01214 2.346 -3.309 7.724 1409Rc0285
7073.872 607.01314 0.266 -2.207 7.724 0300Ra0345
7073.878 25.0 5.968 -1.67 "" ""
7073.922 20.0 5.828 -4.22 "" ""
7073.944 607.01214 2.346 -1.974 7.724 1409Qa0295
7073.953 607.01314 2.212 -2.485 7.724 1409Pb0205
7073.954 26.0 5.519 -3.93 "" ""
7073.966 607.01314 1.236 -3.076 7.724 0905Pc0105
7074.004 106.00113 1.822 -6.519 3.464 AX26Q045
7074.136 607.01314 1.298 -1.789 7.724 0905Qb0195
7074.14 607.01214 1.379 -1.777 7.724 0804Pb0405
7074.203 607.01314 1.298 -3.243 7.724 0905Pd0205
7074.21 607.01214 1.513 -1.834 7.724 0905Rb0345
7074.223 607.01214 1.652 -3.219 7.724 0905Rd0435
7074.23 607.01214 0.316 -3.065 7.724 0401Rd0165
7074.299 23.0 2.357 -5.77 "" ""
7074.325 607.01214 0.27 -3.072 7.724 0401Rd0085
7074.329 607.01214 1.513 -2.783 7.724 0905Qd0355
7074.376 22.0 3.437 -3.64 "" ""
7074.432 607.01214 2.358 -1.972 7.724 1409Qb0295
7074.446 607.01214 0.262 -3.447 7.724 0300Rc0325
7074.453 26.0 4.604 -4.29 "" ""
7074.46 106.00113 1.822 -5.578 3.464 AX26R045
7074.46 24.0 6.011 -4.09 "" ""
7074.517 607.01214 2.358 -3.315 7.724 1409Pd0305
7074.517 607.01314 1.298 -3.018 7.724 0905Rc0195
7074.524 63.0 1.992 -0.65 "" ""
7074.525 22.0 3.548 -2.8 "" ""
7074.527 607.01214 0.118 -3.483 7.724 0300Pc0215
7074.568 607.01214 0.262 -1.964 7.724 0300Qa0335
7074.583 607.01314 1.298 -1.784 7.724 0905Qa0205
7074.623 607.01214 3.083 -3.05 7.724 1913Qb0145
7074.629 27.0 4.998 -2.28 "" ""
7074.654 62.0 1.78 -0.21 "" ""
7074.696 26.0 5.519 -2.93 "" ""
7074.714 106.00113 1.822 -5.578 3.464 AX26R045
7074.722 20.0 5.917 -4.75 "" ""
7074.733 607.01314 0.157 -3.348 7.724 0300Rc0255
7074.744 24.1 4.424 -6.36 "" ""
7074.761 607.01214 3.083 -3.914 7.724 1913Pd0155
7074.782 92.0 0.53 -1.71 "" ""
7074.791 607.01214 1.946 -1.803 7.724 0501Ra0865
7074.826 607.01314 0.157 -2.065 7.724 0300Qa0265
7074.852 20.0 5.881 -3.51 "" ""
7074.864 6.0 8.634 -3.11 "" ""
7074.982 607.01314 1.273 -2.231 7.724 0905Pb0165
7075.0 90.1 0.868 -2.85 Nils02/54 ""
7075.047 22.0 4.222 -2.2 "" ""
7075.131 39.0 1.947 -1.62 "" ""
7075.136 106.00112 2.731 -8.285 3.464 AX15P295
7075.14 66.1 2.16 -0.83 LAWLER ""
7075.2 41.0 0.656 -2.38 "" ""
7075.202 607.01214 0.324 -3.071 7.724 0401Rd0175
7075.289 607.01214 0.266 -3.087 7.724 0401Rd0075
7075.298 106.00112 1.491 -9.121 3.464 AX04R125
7075.322 607.01314 2.173 -3.331 7.724 1409Pc0155
7075.334 90.1 1.377 -2.11 "" ""
7075.485 607.01214 3.104 -3.217 7.724 1913Ra0185
7075.486 607.01314 2.939 -3.709 7.724 1812Pc0285
7075.534 607.01214 3.189 -4.179 7.724 1913Rd0275
7075.539 607.01214 3.066 -3.913 7.724 1913Rc0115
7075.546 58.1 1.875 -1.62 LAWLER ""
7075.561 24.0 4.096 -2.39 "" ""
7075.602 106.00112 2.205 -7.269 3.464 AX26Q165
7075.617 106.00112 2.205 -5.094 3.464 AX26P175
7075.65 607.01214 3.066 -3.126 7.724 1913Qa0125
7075.744 26.1 6.214 -4.22 "" ""
7075.758 106.00112 2.205 -5.117 3.464 AX26P165
7075.766 25.1 6.663 -5.86 "" ""
7075.836 20.0 6.0 -5.47 "" ""
7075.846 23.1 2.554 -8.11 "" ""
7075.911 607.01314 0.094 -3.067 7.724 0300Qc0195
7075.925 607.01214 0.278 -1.964 7.724 0300Qb0335
7075.934 607.01214 1.345 -2.682 7.724 0905Qc0215
7075.962 607.01214 2.222 -3.822 7.724 0501Rd0935
7075.962 607.01214 3.049 -3.739 7.724 1913Qc0075
7075.979 607.01314 0.094 -2.541 7.724 0300Pa0205
7076.01 607.01214 1.345 -2.088 7.724 0905Pa0225
7076.02 607.01214 1.517 -1.945 7.724 0501Pb0735
7076.037 607.01214 3.049 -3.736 7.724 1913Pa0085
7076.041 607.01214 0.278 -3.482 7.724 0300Pd0345
7076.061 20.0 6.0 -4.53 "" ""
7076.19 607.01214 1.309 -3.018 7.724 0905Pc0175
7076.271 607.01214 0.401 -2.136 7.724 0300Ra0415
7076.283 607.01314 0.462 -3.61 7.724 0300Rd0455
7076.286 22.0 3.706 -0.97 "" ""
7076.346 26.0 3.639 -7.11 "" ""
7076.372 6.0 9.323 -4.64 "" ""
7076.397 607.01214 0.332 -3.077 7.724 0401Rd0185
7076.42 22.0 3.437 -3.47 "" ""
7076.458 607.01214 0.263 -3.108 7.724 0401Rd0065
7076.482 6.0 8.636 -3.39 "" ""
7076.517 25.0 5.968 -0.92 "" ""
7076.518 607.01314 1.259 -2.815 7.724 0905Qc0145
7076.569 607.01314 1.259 -2.269 7.724 0905Pa0155
7076.618 607.01314 2.262 -2.06 7.724 1409Qb0255
7076.691 607.01314 2.262 -3.278 7.724 1409Pd0265
7076.717 607.01214 0.177 -3.162 7.724 0300Qc0265
7076.803 22.0 4.21 -3.14 "" ""
7076.817 607.01214 0.177 -2.397 7.724 0300Pa0275
7076.868 25.0 5.968 -2.56 "" ""
7076.868 607.01214 0.19 -2.388 7.724 0300Pb0275
7076.894 106.00112 1.724 -5.842 3.464 AX15R105
7076.962 607.01314 1.394 -1.901 7.724 0905Rb0285
7077.003 25.0 5.935 -1.34 "" ""
7077.027 63.1151 1.249 -1.306 LAWLER ""
7077.039 63.1153 1.249 -1.306 LAWLER ""
7077.042 63.1153 1.249 -2.318 LAWLER ""
7077.047 63.1151 1.249 -2.318 LAWLER ""
7077.05 63.1153 1.249 -3.638 LAWLER ""
7077.057 63.1153 1.249 -1.426 LAWLER ""
7077.058 607.01214 3.043 -4.308 7.724 1913Pc0055
7077.058 607.01314 1.394 -3.104 7.724 0905Qd0295
7077.065 63.1153 1.249 -2.135 LAWLER ""
7077.066 63.1151 1.249 -3.644 LAWLER ""
7077.07 63.1151 1.249 -1.426 LAWLER ""
7077.072 63.1153 1.249 -1.557 LAWLER ""
7077.074 63.1153 1.249 -3.298 LAWLER ""
7077.082 63.1153 1.249 -2.101 LAWLER ""
7077.085 63.1153 1.249 -1.703 LAWLER ""
7077.089 63.1151 1.249 -2.135 LAWLER ""
7077.092 63.1153 1.249 -3.187 LAWLER ""
7077.095 63.1153 1.249 -1.866 LAWLER ""
7077.095 63.1153 1.249 -2.16 LAWLER ""
7077.103 63.1153 1.249 -2.042 LAWLER ""
7077.103 63.1153 1.249 -2.343 LAWLER ""
7077.103 63.1153 1.249 -3.298 LAWLER ""
7077.106 63.1151 1.249 -1.557 LAWLER ""
7077.106 63.1151 1.249 -3.299 LAWLER ""
7077.123 63.1151 1.249 -2.101 LAWLER ""
7077.135 63.1151 1.249 -1.703 LAWLER ""
7077.137 63.1151 1.249 -3.187 LAWLER ""
7077.149 63.1151 1.249 -2.16 LAWLER ""
7077.157 63.1151 1.249 -1.866 LAWLER ""
7077.159 63.1151 1.249 -3.299 LAWLER ""
7077.167 63.1151 1.249 -2.343 LAWLER ""
7077.172 63.1151 1.249 -2.042 LAWLER ""
7077.178 25.0 4.636 -2.61 "" ""
7077.187 106.00113 1.911 -7.86 3.464 AX15R155
7077.188 24.0 3.365 -4.51 "" ""
7077.193 106.00113 1.911 -5.346 3.464 AX15Q165
7077.247 106.00112 1.724 -5.83 3.464 AX15R115
7077.315 106.00112 1.724 -7.417 3.464 AX15Q115
7077.361 106.00113 1.911 -5.361 3.464 AX15Q155
7077.366 106.00113 1.911 -7.413 3.464 AX15P165
7077.384 20.0 5.983 -7.06 "" ""
7077.385 607.01214 1.724 -1.576 7.724 0501Qb0795
7077.449 607.01214 3.066 -3.496 7.724 1913Pb0115
7077.461 607.01214 1.724 -3.751 7.724 0501Pd0805
7077.488 20.0 5.246 -5.01 "" ""
7077.681 106.00112 2.681 -7.915 3.464 AX26P255
7077.691 22.0 3.887 -1.1 "" ""
7077.789 607.01214 1.292 -3.068 7.724 0804Pc0355
7077.819 607.01214 0.341 -3.085 7.724 0401Rd0195
7077.827 607.01214 0.26 -3.138 7.724 0401Rd0055
7077.855 607.01314 0.061 -3.423 7.724 0300Pc0155
7077.894 106.00112 1.656 -6.57 3.464 AX04R155
7077.962 106.00112 1.656 -6.577 3.464 AX04R165
7077.975 20.0 6.0 -2.81 "" ""
7077.991 607.01314 2.204 -2.985 7.724 1409Qc0195
7078.015 23.0 1.868 -4.23 "" ""
7078.02 607.01214 1.855 -1.619 7.724 0602Rb0765
7078.048 607.01314 2.204 -2.502 7.724 1409Pa0205
7078.095 27.0 5.085 -3.83 "" ""
7078.185 106.00112 1.656 -8.337 3.464 AX04Q165
7078.196 24.0 6.16 -3.38 "" ""
7078.201 20.0 6.0 -2.39 "" ""
7078.291 607.01214 1.855 -3.194 7.724 0602Qd0775
7078.314 22.0 4.238 -2.08 "" ""
7078.33 26.0 3.692 -7.36 "" ""
7078.408 20.0 5.667 -3.65 "" ""
7078.411 607.01314 0.113 -2.5 7.724 0300Pb0215
7078.496 23.0 2.614 -5.59 "" ""
7078.625 607.01214 3.129 -3.194 7.724 1913Rb0205
7078.642 607.01214 0.616 -3.692 7.724 0300Rd0515
7078.654 106.00112 1.809 -6.975 3.464 AX26R025
7078.667 607.01314 2.251 -3.271 7.724 1409Rc0245
7078.677 20.0 5.951 -5.91 "" ""
7078.686 106.00113 2.161 -7.726 3.464 BX15P215
7078.711 106.00112 1.809 -6.966 3.464 AX26R025
7078.738 607.01314 2.251 -2.061 7.724 1409Qa0255
7078.812 23.1 2.555 -7.05 "" ""
7078.812 24.0 5.09 -2.19 "" ""
7078.817 607.01214 3.129 -3.709 7.724 1913Qd0215
7078.831 106.00113 2.161 -3.62 3.464 BX15Q205
7078.849 607.01314 1.381 -1.887 7.724 0905Ra0285
7078.925 106.00113 2.161 -3.556 3.464 BX15Q215
7078.933 106.00112 1.725 -5.842 3.464 AX15R105
7078.947 20.0 5.987 -6.16 "" ""
7078.957 106.00113 2.152 -5.149 3.464 AX26P155
7078.972 607.01214 0.421 -2.14 7.724 0300Rb0415
7078.988 24.1 6.6 -3.76 "" ""
7078.993 607.01314 0.182 -2.046 7.724 0300Qb0275
7079.028 21.0 5.869 -3.05 "" ""
7079.062 607.01214 3.071 -3.916 7.724 1913Rc0125
7079.07 106.00113 2.161 -7.478 3.464 BX15R205
7079.093 607.01314 0.182 -3.39 7.724 0300Pd0285
7079.098 27.0 5.058 -1.83 "" ""
7079.126 607.01214 0.421 -3.276 7.724 0300Qd0425
7079.142 106.00112 1.725 -5.831 3.464 AX15R115
7079.182 607.01214 3.071 -3.087 7.724 1913Qa0135
7079.21 106.00112 1.725 -7.398 3.464 AX15Q115
7079.28 106.00113 2.152 -5.123 3.464 AX26P165
7079.351 26.0 4.909 -2.07 "" ""
7079.356 607.01214 1.426 -1.636 7.724 0905Qb0285
7079.397 607.01214 0.258 -3.178 7.724 0401Rd0045
7079.424 607.01314 1.307 -3.043 7.724 0905Rc0205
7079.455 607.01214 1.426 -2.995 7.724 0905Pd0295
7079.468 607.01214 0.35 -3.092 7.724 0401Rd0205
7079.471 607.01314 1.241 -3.065 7.724 0905Pc0115
7079.484 607.01214 2.259 -3.337 7.724 1409Pc0205
7079.494 607.01314 1.307 -1.76 7.724 0905Qa0215
7079.504 20.0 5.951 -5.04 "" ""
7079.543 607.01214 3.112 -3.197 7.724 1913Ra0195
7079.545 607.01214 1.517 -3.461 7.724 0501Qc0735
7079.565 607.01214 3.052 -3.717 7.724 1913Qc0085
7079.568 607.01214 3.09 -3.017 7.724 1913Qb0155
7079.584 106.00113 1.911 -8.838 3.464 AX04R205
7079.616 607.01214 1.413 -2.971 7.724 0905Rc0275
7079.649 607.01214 3.052 -3.663 7.724 1913Pa0095
7079.701 20.0 5.792 -3.37 "" ""
7079.707 607.01314 1.307 -1.764 7.724 0905Qb0205
7079.712 607.01214 1.413 -1.637 7.724 0905Qa0285
7079.715 607.01214 3.09 -3.915 7.724 1913Pd0165
7079.757 106.00113 1.911 -5.968 3.464 AX04Q215
7079.777 607.01314 1.307 -3.294 7.724 0905Pd0215
7079.78 69.1 2.184 -1.8 "" ""
7079.847 607.01214 1.517 -1.94 7.724 0501Pa0745
7079.882 106.00113 1.911 -5.983 3.464 AX04Q205
7079.927 26.0 5.695 -3.82 "" ""
7079.983 106.00112 2.731 -7.689 3.464 AX05R305
7080.04 59.0 0.854 -0.65 "" ""
7080.055 106.00113 1.911 -8.178 3.464 AX04P215
7080.142 607.01314 0.282 -2.194 7.724 0300Ra0355
7080.156 607.01314 0.298 -2.2 7.724 0300Rb0355
7080.16 106.00113 2.152 -7.205 3.464 AX26Q155
7080.221 20.0 6.0 -3.22 "" ""
7080.256 15.0 8.315 -1.94 "" ""
7080.283 607.01314 0.298 -3.19 7.724 0300Qd0365
7080.293 607.01214 1.724 -3.692 7.724 0501Rc0795
7080.371 20.0 5.96 -5.99 "" ""
7080.41 106.00112 2.731 -7.707 3.464 AX05R295
7080.447 20.0 6.0 -3.45 "" ""
7080.489 106.00112 2.731 -9.417 3.464 AX05Q305
7080.499 106.00112 1.915 -7.839 3.464 AX15R155
7080.516 24.0 4.398 -2.28 "" ""
7080.573 607.01214 1.724 -1.57 7.724 0501Qa0805
7080.597 15.0 7.959 -2.05 "" ""
7080.599 607.01214 2.31 -2.353 7.724 1409Pb0255
7080.637 27.0 5.058 -2.03 "" ""
7080.639 607.01214 2.104 -3.576 7.724 0602Rd0845
7080.678 106.00112 1.915 -5.36 3.464 AX15Q155
7080.685 607.01314 0.169 -3.357 7.724 0300Rc0265
7080.697 106.00112 2.465 -10.716 3.464 AX05R265
7080.754 106.00112 1.916 -5.345 3.464 AX15Q165
7080.781 607.01314 0.169 -2.047 7.724 0300Qa0275
7080.842 607.01214 1.513 -1.816 7.724 0905Ra0355
7080.846 26.0 5.898 -3.0 "" ""
7080.847 106.00112 1.922 -5.153 3.464 AX26Q085
7080.89 106.00112 1.922 -6.985 3.464 AX26R085
7080.934 106.00112 1.916 -7.43 3.464 AX15P165
7080.995 24.0 5.09 -0.93 "" ""
7081.028 607.01314 1.281 -2.199 7.724 0905Pb0175
7081.104 607.01214 2.299 -3.025 7.724 1409Qc0245
7081.164 607.01214 0.256 -3.235 7.724 0401Rd0035
7081.176 607.01214 2.299 -2.363 7.724 1409Pa0255
7081.181 42.0 2.494 -2.02 "" ""
7081.196 607.01214 3.2 -4.193 7.724 1913Rd0285
7081.245 607.01314 2.221 -2.461 7.724 1409Pb0215
7081.334 106.00112 1.922 -6.826 3.464 AX26P095
7081.346 607.01214 0.36 -3.1 7.724 0401Rd0215
7081.352 607.01214 3.045 -4.232 7.724 1913Pc0065
7081.363 607.01214 1.366 -2.053 7.724 0905Pb0235
7081.377 106.00112 1.922 -5.111 3.464 AX26Q095
7081.435 607.01214 1.475 -1.746 7.724 0602Pb0645
7081.465 21.0 3.788 -1.65 "" ""
7081.524 607.01214 1.379 -4.331 7.724 0400Pc0765
7081.62 607.01314 1.266 -2.847 7.724 0905Qc0155
7081.672 607.01214 1.855 -1.611 7.724 0602Ra0775
7081.674 607.01314 1.266 -2.231 7.724 0905Pa0165
7081.793 24.0 5.457 -2.96 "" ""
7081.873 106.00112 1.657 -6.578 3.464 AX04R165
7081.926 607.01214 1.529 -1.822 7.724 0905Rb0355
7081.928 607.01214 2.358 -3.319 7.724 1409Rc0295
7081.944 20.0 5.177 -2.54 "" ""
7081.987 15.0 8.471 -2.0 "" ""
7081.992 607.01314 1.214 -3.081 7.724 0804Pc0325
7082.014 607.01214 2.358 -1.959 7.724 1409Qa0305
